#! FIELDS time phi psi metad.bias
#! SET min_phi -pi
#! SET max_phi pi
#! SET min_psi -pi
#! SET max_psi pi
 0.000000 3.141580 -3.141577 30.058682
 0.020000 -2.735419 2.423575 24.902112
 0.040000 -2.733417 2.437083 25.113813
 0.060000 -2.724387 2.422709 24.979503
 0.080000 -2.698753 2.441329 25.468271
 0.100000 -2.734217 2.407539 24.680235
 0.120000 -2.671874 2.396849 25.063769
 0.140000 -2.697015 2.396427 24.832081
 0.160000 -2.670779 2.403164 25.165395
 0.180000 -2.602447 2.384151 25.562985
 0.200000 -2.623792 2.376860 25.238800
 0.220000 -2.601639 2.378292 25.487101
 0.240000 -2.636545 2.352228 24.759101
 0.260000 -2.714006 2.341307 23.899515
 0.280000 -2.734083 2.433608 25.058003
 0.300000 -2.787425 2.318695 23.035939
 0.320000 -2.773954 2.424512 24.620439
 0.340000 -2.801697 2.458205 24.912951
 0.360000 -2.771845 2.482814 25.480109
 0.380000 -2.794834 2.536188 26.083504
 0.400000 -2.754095 2.569366 26.852762
 0.420000 -2.675095 2.601686 27.957083
 0.440000 -2.700070 2.675090 28.693980
 0.460000 -2.702234 2.582497 27.457782
 0.480000 -2.800885 2.519492 25.802551
 0.500000 -2.872447 2.609140 26.610813
 0.520000 -2.903122 2.578712 26.026465
 0.540000 -2.891219 2.623059 26.696797
 0.560000 -2.882679 2.600172 26.431024
 0.580000 -2.762756 2.604085 27.267769
 0.600000 -2.692333 2.553427 27.138488
 0.620000 -2.660031 2.587849 27.905546
 0.640000 -2.632190 2.572139 27.952010
 0.660000 -2.574721 2.562152 28.391218
 0.680000 -2.585275 2.566150 28.336521
 0.700000 -2.632793 2.469715 26.494662
 0.720000 -2.666292 2.350704 24.452359
 0.740000 -2.766886 2.460939 25.199846
 0.760000 -2.776875 2.375920 23.904718
 0.780000 -2.699499 2.350207 24.147494
 0.800000 -2.675080 2.260276 23.126794
 0.820000 -2.664470 2.264230 23.274766
 0.840000 -2.639372 2.115814 21.706500
 0.860000 -2.825945 2.017870 19.599871
 0.880000 -2.763436 2.014279 19.870402
 0.900000 -2.743568 1.942469 19.521003
 0.920000 -2.624391 2.047954 21.169979
 0.940000 -2.660767 1.942849 20.070047
 0.960000 -2.649577 1.907069 19.959454
 0.980000 -2.553609 1.902575 20.756596
 1.000000 -2.456352 2.039639 22.856103
 1.020000 -2.454634 1.942094 22.039444
 1.040000 -2.327801 2.022761 24.280739
 1.060000 -2.446432 2.029906 22.878784
 1.080000 -2.426364 2.157531 24.537300
 1.100000 -2.445260 2.126860 23.932352
 1.120000 -2.614701 2.063418 21.403166
 1.140000 -2.517421 2.199673 23.963514
 1.160000 -2.643698 2.259527 23.405757
 1.180000 -2.702095 2.285495 23.229914
 1.200000 -2.759310 2.237537 22.161513
 1.220000 -2.802991 2.227448 21.752191
 1.240000 -2.845540 2.291715 22.332161
 1.260000 -2.807426 2.335407 23.134264
 1.280000 -2.897612 2.357854 22.964318
 1.300000 -2.883240 2.487848 24.849566
 1.320000 -2.805962 2.557814 26.313564
 1.340000 -2.831055 2.768822 28.856379
 1.360000 -2.679225 2.788369 30.126947
 1.380000 -2.627140 2.860149 31.146111
 1.400000 -2.545061 3.016071 32.392825
 1.420000 -2.484374 3.020949 32.827756
 1.440000 -2.422925 3.010094 33.303742
 1.460000 -2.565436 2.910226 31.939269
 1.480000 -2.502507 3.064010 32.660346
 1.500000 -2.799361 2.954266 30.613635
 1.520000 -2.867771 2.949268 30.234397
 1.540000 -3.014235 2.787739 28.158022
 1.560000 -2.979286 2.950000 29.752656
 1.580000 -3.003894 2.785418 28.173614
 1.600000 -2.922407 2.757341 28.224829
 1.620000 -2.880916 2.642548 27.014647
 1.640000 -2.805686 2.614496 27.101671
 1.660000 -2.731791 2.651673 28.142080
 1.680000 -2.761769 2.512027 25.977349
 1.700000 -2.595358 2.616023 28.897446
 1.720000 -2.627459 2.510888 27.138838
 1.740000 -2.611406 2.496420 27.092241
 1.760000 -2.746063 2.362590 23.944313
 1.780000 -2.751981 2.261198 22.515976
 1.800000 -2.777632 2.157609 21.101585
 1.820000 -2.614423 2.183278 22.713864
 1.840000 -2.618247 2.105705 21.794762
 1.860000 -2.677309 1.933198 19.892330
 1.880000 -2.798425 2.018373 19.721257
 1.900000 -2.754603 1.893544 19.238479
 1.920000 -2.649440 2.019516 20.705354
 1.940000 -2.733085 1.869860 19.267190
 1.960000 -2.529199 2.126994 22.948096
 1.980000 -2.634822 2.162068 22.264423
 2.000000 -2.536195 2.137569 22.992101
 2.020000 -2.672554 2.081878 21.073629
 2.040000 -2.543276 2.158590 23.161965
 2.060000 -2.746071 2.201450 21.812068
 2.080000 -2.629267 2.278983 23.807993
 2.100000 -2.808198 2.160357 20.954252
 2.120000 -2.763630 2.162477 21.243966
 2.140000 -2.788145 2.232889 21.910325
 2.160000 -2.778709 2.107894 20.585283
 2.180000 -2.756913 2.172776 21.403549
 2.200000 -2.759822 2.153446 21.169984
 2.220000 -2.633271 2.279981 23.782348
 2.240000 -2.763483 2.266337 22.500229
 2.260000 -2.639529 2.282889 23.761210
 2.280000 -2.796010 2.355680 23.488384
 2.300000 -2.639281 2.520602 27.162140
 2.320000 -2.646090 2.523137 27.132964
 2.340000 -2.525901 2.450336 27.356881
 2.360000 -2.493034 2.387902 26.851120
 2.380000 -2.509789 2.506149 28.333002
 2.400000 -2.556194 2.540266 28.286936
 2.420000 -2.682741 2.279447 23.315084
 2.440000 -2.656337 2.301347 23.854240
 2.460000 -2.854373 2.130849 20.440074
 2.480000 -2.766362 2.222188 21.922049
 2.500000 -3.047698 2.193517 20.753695
 2.520000 -2.915233 2.147349 20.411642
 2.540000 -2.792094 2.315041 22.955289
 2.560000 -2.673523 2.391104 24.965444
 2.580000 -2.507397 2.365002 26.351480
 2.600000 -2.450528 2.425263 27.906125
 2.620000 -2.363533 2.424081 29.012603
 2.640000 -2.151761 2.524167 33.191601
 2.660000 -2.124691 2.338416 31.115496
 2.680000 -2.270363 2.213281 27.337016
 2.700000 -2.338241 2.315222 27.816134
 2.720000 -2.500081 2.224641 24.491034
 2.740000 -2.555755 2.202562 23.567546
 2.760000 -2.588428 2.043959 21.470217
 2.780000 -2.615212 2.071686 21.478188
 2.800000 -2.614553 2.154381 22.368837
 2.820000 -2.704164 2.118657 21.194747
 2.840000 -2.608959 1.984943 20.783496
 2.860000 -2.641581 2.026891 20.833372
 2.880000 -2.583070 2.167642 22.843410
 2.900000 -2.730734 2.232041 22.301841
 2.920000 -2.750243 2.282926 22.814125
 2.940000 -2.825505 2.379858 23.640436
 2.960000 -2.812832 2.409780 24.142971
 2.980000 -2.835619 2.328460 22.873010
 3.000000 -2.931277 2.436039 23.897153
 3.020000 -2.817159 2.300476 22.603223
 3.040000 -2.839309 2.541668 25.868103
 3.060000 -2.715451 2.516079 26.408339
 3.080000 -2.716230 2.483829 25.935946
 3.100000 -2.708266 2.557149 27.053274
 3.120000 -2.817411 2.769313 28.946385
 3.140000 -2.676850 2.814287 30.387606
 3.160000 -2.720409 2.693198 28.753285
 3.180000 -2.727331 2.703703 28.826719
 3.200000 -2.466145 2.657995 30.777540
 3.220000 -2.617080 2.689345 29.594497
 3.240000 -2.638178 2.611185 28.421294
 3.260000 -2.607591 2.620138 28.830526
 3.280000 -2.660457 2.641651 28.613641
 3.300000 -2.781599 2.559537 26.509078
 3.320000 -2.640067 2.549384 27.560785
 3.340000 -2.906934 2.589635 26.157814
 3.360000 -2.815839 2.503352 25.470215
 3.380000 -2.854238 2.368138 23.313739
 3.400000 -3.024404 2.234941 21.166270
 3.420000 -2.778772 2.248520 22.166811
 3.440000 -2.917078 2.349648 22.775052
 3.460000 -2.772966 2.315708 23.094136
 3.480000 -2.663276 2.335849 24.270246
 3.500000 -2.661283 2.304751 23.854927
 3.520000 -2.603157 2.341751 24.948349
 3.540000 -2.512078 2.502817 28.260196
 3.560000 -2.658854 2.323575 24.139441
 3.580000 -2.530498 2.330875 25.594141
 3.600000 -2.419230 2.342575 27.128881
 3.620000 -2.683504 2.319467 23.855944
 3.640000 -2.573666 2.151274 22.747511
 3.660000 -2.636695 2.289223 23.875364
 3.680000 -2.625608 2.377355 25.227658
 3.700000 -2.374605 2.452041 29.255489
 3.720000 -2.415988 2.377192 27.662270
 3.740000 -2.568222 2.239366 23.909037
 3.760000 -2.494643 2.424386 27.353095
 3.780000 -2.459447 2.365404 26.942375
 3.800000 -2.641765 2.249727 23.293852
 3.820000 -2.414834 2.267082 26.126933
 3.840000 -2.726345 2.274760 22.888559
 3.860000 -2.877765 2.393637 23.546988
 3.880000 -2.801882 2.251115 22.053933
 3.900000 -2.984482 2.229244 21.134961
 3.920000 -2.748428 2.338926 23.593501
 3.940000 -2.597483 2.491624 27.166080
 3.960000 -2.626025 2.360190 24.977391
 3.980000 -2.613892 2.351862 24.981526
 4.000000 -2.532398 2.403649 26.612167
 4.020000 -2.725488 2.391412 24.518732
 4.040000 -2.552286 2.514626 27.973582
 4.060000 -2.684631 2.412661 25.177090
 4.080000 -2.782961 2.623405 27.381320
 4.100000 -2.734027 2.587453 27.261896
 4.120000 -2.925366 2.486495 24.627947
 4.140000 -2.827559 2.407673 24.021232
 4.160000 -2.651082 2.483252 26.513041
 4.180000 -2.651688 2.461665 26.194869
 4.200000 -2.637621 2.589983 28.143250
 4.220000 -2.568919 2.468543 27.138761
 4.240000 -2.582580 2.567597 28.383913
 4.260000 -2.627252 2.651453 29.040729
 4.280000 -2.578993 2.544327 28.101655
 4.300000 -2.646713 2.669081 29.080377
 4.320000 -2.662267 2.609220 28.173302
 4.340000 -2.693945 2.557611 27.183116
 4.360000 -2.682610 2.607693 27.971533
 4.380000 -2.758108 2.446264 25.053392
 4.400000 -2.641661 2.387825 25.219844
 4.420000 -2.828027 2.525292 25.705937
 4.440000 -2.917750 2.447164 24.108660
 4.460000 -2.941838 2.455189 24.121847
 4.480000 -2.980455 2.584114 25.756577
 4.500000 -2.827043 2.548662 26.044808
 4.520000 -2.546585 2.798783 31.355521
 4.540000 -2.582187 2.627550 29.176601
 4.560000 -2.533277 2.599575 29.327195
 4.580000 -2.386006 2.715969 32.279802
 4.600000 -2.502491 2.762166 31.458502
 4.620000 -2.470519 2.767881 31.830741
 4.640000 -2.492198 2.592282 29.688039
 4.660000 -2.683362 2.616842 28.087246
 4.680000 -2.740322 2.504218 26.032575
 4.700000 -2.954089 2.506700 24.791622
 4.720000 -2.928094 2.402371 23.444891
 4.740000 -2.937322 2.459747 24.203148
 4.760000 -2.754376 2.379003 24.113893
 4.780000 -2.891192 2.339153 22.741705
 4.800000 -2.942981 2.297567 22.017943
 4.820000 -2.918069 2.286807 21.961529
 4.840000 -2.814306 2.386300 23.800019
 4.860000 -2.742148 2.278034 22.809530
 4.880000 -2.505358 2.269821 25.037339
 4.900000 -2.609654 2.228078 23.325082
 4.920000 -2.623324 2.310409 24.300610
 4.940000 -2.527805 2.088123 22.536349
 4.960000 -2.520616 2.148720 23.298042
 4.980000 -2.420604 2.049905 23.388561
 5.000000 -2.399678 2.178028 25.135365
 5.020000 -2.472699 2.143280 23.793421
 5.040000 -2.608788 2.093558 21.758042
 5.060000 -2.499020 2.017027 22.155097
 5.080000 -2.491932 2.109829 23.178520
 5.100000 -2.523631 2.134625 23.098230
 5.120000 -2.649691 2.167100 22.185843
 5.140000 -2.532458 2.224591 24.113008
 5.160000 -2.667017 2.401434 25.175114
 5.180000 -2.662023 2.321013 24.073911
 5.200000 -2.675582 2.272831 23.289557
 5.220000 -2.900664 2.402627 23.563957
 5.240000 -2.856651 2.476600 24.834976
 5.260000 -2.894617 2.393312 23.462447
 5.280000 -2.941123 2.339450 22.555822
 5.300000 -2.857757 2.414187 23.939291
 5.320000 -2.890186 2.398149 23.549975
 5.340000 -2.941829 2.505383 24.822720
 5.360000 -2.806269 2.610793 27.047329
 5.380000 -2.745030 2.634366 27.811906
 5.400000 -2.560646 2.748689 30.765825
 5.420000 -2.570292 2.801790 31.165639
 5.440000 -2.591456 2.714663 30.120113
 5.460000 -2.591877 2.882323 31.574344
 5.480000 -2.497797 2.949804 32.633713
 5.500000 -2.591092 2.774812 30.737527
 5.520000 -2.426404 2.862966 32.920657
 5.540000 -2.591418 2.949415 31.912412
 5.560000 -2.652700 2.977540 31.592345
 5.580000 -2.504972 2.841481 32.058232
 5.600000 -2.689941 2.631785 28.227513
 5.620000 -2.646614 2.654091 28.895756
 5.640000 -2.658160 2.551575 27.420726
 5.660000 -2.876620 2.483043 24.816350
 5.680000 -2.994707 2.159145 20.416370
 5.700000 -2.902604 2.065781 19.726642
 5.720000 -3.131044 2.029812 19.795073
 5.740000 -2.886589 1.834068 18.711470
 5.760000 -2.738895 1.964461 19.673133
 5.780000 -2.675276 1.936255 19.924175
 5.800000 -2.373535 1.987502 23.367847
 5.820000 -2.372285 1.830855 22.311086
 5.840000 -2.354940 1.879194 22.770361
 5.860000 -2.305809 1.818786 23.013952
 5.880000 -2.200192 1.817558 24.240607
 5.900000 -2.213107 1.718389 23.693332
 5.920000 -2.091390 1.794680 25.366494
 5.940000 -2.168837 1.728710 24.204496
 5.960000 -2.210300 1.847500 24.300024
 5.980000 -2.112941 1.760018 24.943269
 6.000000 -2.285753 1.688530 22.869209
 6.020000 -1.984143 1.876422 27.187529
 6.040000 -2.126801 1.777805 24.875055
 6.060000 -2.004131 1.769779 26.172451
 6.080000 -2.095575 1.730314 25.003623
 6.100000 -2.082219 1.881795 26.094992
 6.120000 -2.151689 1.812890 24.781517
 6.140000 -2.148547 1.869964 25.200983
 6.160000 -2.144142 1.780763 24.693488
 6.180000 -2.313424 1.927377 23.607137
 6.200000 -2.189384 1.899375 24.926632
 6.220000 -2.536668 1.724906 20.435439
 6.240000 -2.584252 1.765576 20.058758
 6.260000 -2.770087 1.743841 18.967901
 6.280000 -2.866854 1.928611 18.983717
 6.300000 -2.849282 1.922687 18.999546
 6.320000 -2.751424 2.103590 20.709673
 6.340000 -2.763280 2.212085 21.819764
 6.360000 -2.818933 2.218865 21.557198
 6.380000 -2.729021 2.376566 24.277359
 6.400000 -2.966284 2.254566 21.448244
 6.420000 -2.665778 2.490671 26.482231
 6.440000 -2.785751 2.690259 28.232204
 6.460000 -2.691350 2.839719 30.499601
 6.480000 -2.691261 2.900859 30.956749
 6.500000 -2.766481 2.979423 30.918663
 6.520000 -2.866779 3.061555 30.717866
 6.540000 -2.751689 -3.017782 30.712981
 6.560000 -2.873022 3.119448 30.770539
 6.580000 -2.693475 3.103460 31.516936
 6.600000 -2.452555 3.123507 32.808785
 6.620000 -2.604579 -3.107216 31.730163
 6.640000 -2.439233 -3.097996 32.537579
 6.660000 -2.466315 3.104392 32.797400
 6.680000 -2.542872 3.042978 32.412875
 6.700000 -2.507539 3.013927 32.657745
 6.720000 -2.669421 2.937578 31.314460
 6.740000 -2.956281 2.664631 26.927695
 6.760000 -2.890745 2.663670 27.238996
 6.780000 -2.912861 2.539499 25.430824
 6.800000 -2.880910 2.478558 24.729668
 6.820000 -2.713945 2.243808 22.583174
 6.840000 -2.821671 2.137046 20.643419
 6.860000 -2.785068 2.147934 20.953129
 6.880000 -2.754007 1.977507 19.669141
 6.900000 -2.672886 1.995448 20.329818
 6.920000 -2.585662 1.939352 20.676819
 6.940000 -2.357802 2.112841 24.880310
 6.960000 -2.558118 1.962724 21.096157
 6.980000 -2.471929 1.927744 21.746827
 7.000000 -2.389216 1.813036 22.047074
 7.020000 -2.241953 1.908734 24.347753
 7.040000 -2.116789 2.024730 27.074901
 7.060000 -2.118561 1.917017 25.955819
 7.080000 -2.117599 2.022122 27.034849
 7.100000 -2.165347 2.015329 26.329916
 7.120000 -2.255046 1.940632 24.444039
 7.140000 -2.501769 1.860629 21.055276
 7.160000 -2.558723 1.978753 21.209556
 7.180000 -2.648955 2.059074 21.055686
 7.200000 -2.614176 2.053131 21.311070
 7.220000 -2.705711 2.024866 20.314496
 7.240000 -2.706164 2.013304 20.220708
 7.260000 -2.734856 2.197123 21.841914
 7.280000 -2.810076 2.217079 21.585144
 7.300000 -2.774603 2.238841 22.072809
 7.320000 -2.812415 2.330490 23.036026
 7.340000 -2.889770 2.617010 26.622459
 7.360000 -2.884749 2.721153 27.995995
 7.380000 -2.958234 2.793940 28.460564
 7.400000 -2.965306 2.851235 29.008303
 7.420000 -2.711357 2.967700 31.185559
 7.440000 -2.706838 2.950188 31.133241
 7.460000 -2.576031 2.965411 32.078489
 7.480000 -2.517257 2.956257 32.496366
 7.500000 -2.574801 3.028174 32.201523
 7.520000 -2.484130 3.045545 32.813682
 7.540000 -2.535193 2.918898 32.222250
 7.560000 -2.617308 2.963466 31.780684
 7.580000 -2.698661 3.071073 31.500748
 7.600000 -2.657148 2.999340 31.629360
 7.620000 -2.808533 2.786672 29.187871
 7.640000 -2.777476 2.740103 28.886452
 7.660000 -2.732980 2.779454 29.631188
 7.680000 -2.882622 2.598320 26.405916
 7.700000 -2.718227 2.570664 27.158566
 7.720000 -2.894120 2.350981 22.887031
 7.740000 -2.903158 2.337977 22.675629
 7.760000 -2.876877 2.271165 21.923222
 7.780000 -2.908535 2.220540 21.202067
 7.800000 -2.822593 2.291451 22.452669
 7.820000 -2.625889 2.234812 23.250718
 7.840000 -2.645738 2.258377 23.371032
 7.860000 -2.459523 2.207737 24.761375
 7.880000 -2.282420 2.278737 28.071639
 7.900000 -2.287693 2.244375 27.522859
 7.920000 -2.038798 2.331024 32.183983
 7.940000 -1.979429 2.288340 32.366845
 7.960000 -2.057150 2.330042 31.923219
 7.980000 -2.118595 2.320723 30.952996
 8.000000 -2.122057 2.305289 30.688660
 8.020000 -2.292763 2.313877 28.421766
 8.040000 -2.126166 2.338096 31.090570
 8.060000 -2.161335 2.289621 29.919304
 8.080000 -2.235808 2.208765 27.752148
 8.100000 -2.229923 2.196674 27.670049
 8.120000 -2.397089 2.065989 23.848263
 8.140000 -2.451858 2.010950 22.637030
 8.160000 -2.595970 2.004996 21.059681
 8.180000 -2.767330 1.993979 19.705583
 8.200000 -2.828412 2.048830 19.820989
 8.220000 -2.909364 2.145956 20.412177
 8.240000 -2.944287 2.190939 20.789294
 8.260000 -2.878882 2.182059 20.873005
 8.280000 -2.852977 2.258687 21.874328
 8.300000 -2.889177 2.275547 21.927405
 8.320000 -2.597187 2.437655 26.392350
 8.340000 -2.750904 2.508200 26.005994
 8.360000 -2.679195 2.594779 27.827099
 8.380000 -2.689310 2.602988 27.849592
 8.400000 -2.902337 2.702134 27.667875
 8.420000 -2.833712 2.686081 27.860885
 8.440000 -2.825324 2.764009 28.838874
 8.460000 -2.800497 2.746392 28.801654
 8.480000 -2.638201 2.751473 30.093013
 8.500000 -2.537212 2.793816 31.400759
 8.520000 -2.502304 2.674497 30.569776
 8.540000 -2.368056 2.787890 33.061337
 8.560000 -2.374194 2.870757 33.465678
 8.580000 -2.425363 2.902817 33.106231
 8.600000 -2.412622 2.830495 32.874258
 8.620000 -2.567524 2.627348 29.322665
 8.640000 -2.581667 2.829069 31.287410
 8.660000 -2.751706 2.689460 28.468334
 8.680000 -2.853061 2.512499 25.369361
 8.700000 -2.891360 2.508090 25.094617
 8.720000 -2.922309 2.443130 24.032749
 8.740000 -3.050813 2.337270 22.322040
 8.760000 -3.008192 2.385483 22.982296
 8.780000 -2.972283 2.233248 21.196502
 8.800000 -2.899831 2.172135 20.700954
 8.820000 -2.692558 2.305926 23.589209
 8.840000 -2.631682 2.204003 22.800627
 8.860000 -2.560356 2.216756 23.698715
 8.880000 -2.558807 2.284763 24.627108
 8.900000 -2.388499 2.304010 26.985930
 8.920000 -2.382079 2.312313 27.187532
 8.940000 -2.281256 2.307673 28.493991
 8.960000 -2.280589 2.356107 29.185400
 8.980000 -2.331107 2.410295 29.253872
 9.000000 -2.288064 2.245130 27.528146
 9.020000 -2.396814 2.222891 25.759537
 9.040000 -2.456396 2.073495 23.200824
 9.060000 -2.686222 2.062626 20.782639
 9.080000 -2.756514 2.248064 22.314516
 9.100000 -2.942331 2.064307 19.652893
 9.120000 -2.856610 2.198133 21.135324
 9.140000 -2.954657 2.127642 20.159330
 9.160000 -2.819422 2.313225 22.760305
 9.180000 -2.750668 2.356290 23.820142
 9.200000 -2.624645 2.404050 25.623310
 9.220000 -2.474396 2.505961 28.744165
 9.240000 -2.287268 2.658820 32.906530
 9.260000 -2.363183 2.666013 32.054491
 9.280000 -2.421241 2.684866 31.575470
 9.300000 -2.432176 2.706039 31.667147
 9.320000 -2.498737 2.603980 29.763076
 9.340000 -2.382785 2.556848 30.547492
 9.360000 -2.626041 2.388479 25.383943
 9.380000 -2.710904 2.436530 25.293433
 9.400000 -2.811109 2.315477 22.840279
 9.420000 -2.890882 2.287709 22.073748
 9.440000 -2.928406 2.168150 20.587750
 9.460000 -2.899113 2.124553 20.234533
 9.480000 -2.777915 2.360475 23.679595
 9.500000 -2.782616 2.348850 23.484177
 9.520000 -2.583655 2.343645 25.181254
 9.540000 -2.583062 2.212439 23.398916
 9.560000 -2.433938 2.368657 27.310648
 9.580000 -2.345870 2.313876 27.694037
 9.600000 -2.322561 2.361732 28.686646
 9.620000 -2.313593 2.116806 25.511933
 9.640000 -2.311615 2.113624 25.499972
 9.660000 -2.514091 2.035001 22.155270
 9.680000 -2.504193 1.829315 20.904258
 9.700000 -2.620981 1.839172 19.909993
 9.720000 -2.682110 1.832624 19.462004
 9.740000 -2.558619 1.839063 20.429195
 9.760000 -2.586983 1.834702 20.170142
 9.780000 -2.593771 1.872438 20.248837
 9.800000 -2.493044 1.921087 21.475781
 9.820000 -2.269470 2.043850 25.262541
 9.840000 -2.348283 2.189695 25.963693
 9.860000 -2.207812 2.158766 27.475284
 9.880000 -2.303898 2.315356 28.288553
 9.900000 -2.421878 2.394953 27.838700
 9.920000 -2.395069 2.476661 29.328467
 9.940000 -2.626224 2.350698 24.839947
 9.960000 -2.637026 2.489928 26.744678
 9.980000 -2.749846 2.558366 26.730826
 10.000000 -2.745735 2.592833 27.243748
 10.020000 -2.841383 2.559952 26.113687
 10.040000 -2.825036 2.569300 26.348727
 10.060000 -2.886541 2.629744 26.812320
 10.080000 -2.792855 2.761400 29.020135
 10.100000 -2.868786 2.750305 28.428404
 10.120000 -2.775277 2.667225 28.014403
 10.140000 -2.709848 2.777971 29.787972
 10.160000 -2.772653 2.679519 28.190291
 10.180000 -2.685302 2.751228 29.699041
 10.200000 -2.764961 2.605214 27.266644
 10.220000 -2.757240 2.663459 28.098581
 10.240000 -2.611475 2.655986 29.246172
 10.260000 -2.578577 2.520118 27.767618
 10.280000 -2.632206 2.586098 28.142196
 10.300000 -2.491752 2.479297 28.166376
 10.320000 -2.602026 2.434384 26.294495
 10.340000 -2.590748 2.403762 25.969146
 10.360000 -2.646117 2.259994 23.389020
 10.380000 -2.783795 2.238503 22.007909
 10.400000 -2.820848 2.124234 20.520435
 10.420000 -2.893073 2.164057 20.637745
 10.440000 -2.822149 2.055454 19.899855
 10.460000 -2.773352 2.108376 20.621270
 10.480000 -2.696271 2.062122 20.700790
 10.500000 -2.576258 2.067246 21.812097
 10.520000 -2.450622 2.153726 24.188342
 10.540000 -2.494977 2.109310 23.137416
 10.560000 -2.444450 2.048108 23.081637
 10.580000 -2.475094 2.092114 23.179612
 10.600000 -2.571812 2.101389 22.207849
 10.620000 -2.452099 2.143917 24.051164
 10.640000 -2.615764 2.154762 22.361436
 10.660000 -2.582369 2.124177 22.347726
 10.680000 -2.565668 2.157901 22.910526
 10.700000 -2.477446 2.103761 23.280276
 10.720000 -2.569382 2.236901 23.863797
 10.740000 -2.429769 2.333407 26.863314
 10.760000 -2.451919 2.350609 26.826085
 10.780000 -2.513398 2.515981 28.428168
 10.800000 -2.561116 2.441099 26.829295
 10.820000 -2.800779 2.555494 26.316409
 10.840000 -2.733858 2.604529 27.497952
 10.860000 -2.874116 2.690831 27.680240
 10.880000 -2.782006 2.684728 28.189232
 10.900000 -2.787095 2.761001 29.054418
 10.920000 -2.771955 2.786958 29.432679
 10.940000 -2.738486 2.756854 29.351499
 10.960000 -2.719810 2.883956 30.647323
 10.980000 -2.718790 2.857929 30.454459
 11.000000 -2.709451 2.836927 30.344501
 11.020000 -2.662931 2.884730 31.049441
 11.040000 -2.873758 2.728841 28.149326
 11.060000 -2.705964 2.674921 28.643606
 11.080000 -2.927751 2.536036 25.312724
 11.100000 -2.657862 2.459229 26.100874
 11.120000 -2.768896 2.397086 24.263596
 11.140000 -2.624857 2.363106 25.030841
 11.160000 -2.753497 2.286770 22.841748
 11.180000 -2.498622 2.340717 26.110428
 11.200000 -2.597626 2.205222 23.155509
 11.220000 -2.585371 2.131249 22.396194
 11.240000 -2.433433 2.024742 22.983991
 11.260000 -2.547623 2.016032 21.627000
 11.280000 -2.407695 2.030448 23.351202
 11.300000 -2.496022 1.864871 21.132882
 11.320000 -2.403357 1.830332 21.962351
 11.340000 -2.484841 1.964663 21.871956
 11.360000 -2.517536 1.912223 21.167194
 11.380000 -2.584584 1.818326 20.144737
 11.400000 -2.560536 1.984489 21.236115
 11.420000 -2.491567 1.869295 21.199475
 11.440000 -2.498281 2.022475 22.212966
 11.460000 -2.560090 1.994831 21.322846
 11.480000 -2.670389 1.883408 19.702739
 11.500000 -2.534711 2.143443 23.077202
 11.520000 -2.649921 2.183936 22.383750
 11.540000 -2.640495 2.319715 24.261135
 11.560000 -2.588128 2.346186 25.169691
 11.580000 -2.757501 2.509125 25.967942
 11.600000 -2.644386 2.492782 26.714667
 11.620000 -2.671724 2.611136 28.113913
 11.640000 -2.802369 2.543393 26.133814
 11.660000 -2.652875 2.825208 30.669029
 11.680000 -2.789332 2.818105 29.625536
 11.700000 -2.963630 2.785360 28.343792
 11.720000 -2.866483 2.897876 29.880481
 11.740000 -3.015372 2.899058 29.230337
 11.760000 -2.895518 3.006763 30.414393
 11.780000 -2.685914 2.967881 31.343648
 11.800000 -2.579083 2.898780 31.771778
 11.820000 -2.446607 2.837890 32.585247
 11.840000 -2.374778 2.986740 33.707517
 11.860000 -2.436007 2.732912 31.881450
 11.880000 -2.386726 2.897529 33.449035
 11.900000 -2.408035 2.808403 32.779726
 11.920000 -2.476790 2.711720 31.240057
 11.940000 -2.461919 2.721940 31.499819
 11.960000 -2.634071 2.600813 28.322298
 11.980000 -2.593768 2.628165 29.068890
 12.000000 -2.550001 2.511923 27.960860
 12.020000 -2.729539 2.428938 25.027314
 12.040000 -2.607044 2.242619 23.541978
 12.060000 -2.653861 2.418568 25.547734
 12.080000 -2.940988 2.254169 21.500078
 12.100000 -2.773737 2.224633 21.902480
 12.120000 -2.885118 2.306470 22.338312
 12.140000 -2.881338 2.347727 22.900707
 12.160000 -2.717444 2.351647 24.017166
 12.180000 -2.797916 2.303118 22.756826
 12.200000 -2.866120 2.337850 22.840207
 12.220000 -2.595862 2.324101 24.774549
 12.240000 -2.669066 2.352792 24.456385
 12.260000 -2.686864 2.341623 24.136592
 12.280000 -2.467394 2.388163 27.168254
 12.300000 -2.665064 2.449659 25.894234
 12.320000 -2.530407 2.463162 27.489096
 12.340000 -2.564088 2.451429 26.945586
 12.360000 -2.526547 2.393368 26.532213
 12.380000 -2.530040 2.533914 28.487161
 12.400000 -2.572503 2.446383 26.781373
 12.420000 -2.645566 2.404752 25.426562
 12.440000 -2.691736 2.477071 26.049778
 12.460000 -2.708538 2.538581 26.788578
 12.480000 -2.946019 2.395976 23.291857
 12.500000 -2.802890 2.659707 27.723093
 12.520000 -3.075179 2.660505 26.450778
 12.540000 -2.807860 2.673141 27.863480
 12.560000 -2.906412 2.747482 28.192085
 12.580000 -2.790114 2.637061 27.513238
 12.600000 -2.695427 2.694564 28.969213
 12.620000 -2.583533 2.834679 31.314438
 12.640000 -2.675251 2.745387 29.717138
 12.660000 -2.531966 2.829969 31.732668
 12.680000 -2.570861 2.873746 31.691969
 12.700000 -2.701758 2.856764 30.564577
 12.720000 -2.505414 2.863439 32.192346
 12.740000 -2.674699 2.791824 30.195680
 12.760000 -2.624271 2.928138 31.582087
 12.780000 -2.648767 2.864658 31.012873
 12.800000 -2.683431 2.742259 29.616798
 12.820000 -2.858303 2.792406 28.949472
 12.840000 -2.707342 2.752147 29.535573
 12.860000 -2.886234 2.773749 28.595550
 12.880000 -2.983297 2.666931 26.842261
 12.900000 -2.849083 2.627847 27.002021
 12.920000 -2.991070 2.696370 27.182326
 12.940000 -2.842601 2.782054 28.930292
 12.960000 -2.733895 2.619338 27.698401
 12.980000 -2.812083 2.465390 24.947539
 13.000000 -2.666262 2.539031 27.169502
 13.020000 -2.701270 2.484661 26.076229
 13.040000 -2.780458 2.406430 24.313505
 13.060000 -2.708802 2.337350 23.887044
 13.080000 -2.636355 2.336547 24.538480
 13.100000 -2.734708 2.340911 23.727136
 13.120000 -2.593419 2.287689 24.291773
 13.140000 -2.740540 2.270435 22.721621
 13.160000 -2.473796 2.372443 26.864808
 13.180000 -2.425175 2.283155 26.216131
 13.200000 -2.406641 2.289993 26.551551
 13.220000 -2.384020 2.117749 24.597809
 13.240000 -2.557774 2.301133 24.865528
 13.260000 -2.581666 2.225924 23.587703
 13.280000 -2.663410 2.221297 22.724575
 13.300000 -2.712827 2.071747 20.668156
 13.320000 -2.844866 2.274927 22.119026
 13.340000 -2.803763 2.160623 20.981302
 13.360000 -2.962587 2.145342 20.311682
 13.380000 -2.918288 2.148891 20.419615
 13.400000 -2.804577 2.182920 21.220693
 13.420000 -2.767867 2.312126 23.081169
 13.440000 -2.746255 2.374657 24.114137
 13.460000 -2.747261 2.362323 23.931338
 13.480000 -2.831071 2.469199 24.881360
 13.500000 -2.741052 2.660387 28.182235
 13.520000 -2.662290 2.559096 27.487826
 13.540000 -2.681070 2.608014 27.989369
 13.560000 -2.428370 2.711161 31.759563
 13.580000 -2.457539 2.696056 31.286327
 13.600000 -2.359353 2.673346 32.175040
 13.620000 -2.517139 2.543290 28.759692
 13.640000 -2.403425 2.639506 31.290082
 13.660000 -2.524519 2.701284 30.632964
 13.680000 -2.575369 2.684355 29.933968
 13.700000 -2.733103 2.526789 26.415530
 13.720000 -2.917118 2.680250 27.314906
 13.740000 -2.930783 2.622115 26.483837
 13.760000 -2.934409 2.612628 26.338679
 13.780000 -2.963312 2.489987 24.524404
 13.800000 -2.753117 2.597750 27.254262
 13.820000 -2.597026 2.703464 29.943650
 13.840000 -2.552607 2.579503 28.857318
 13.860000 -2.480686 2.707134 31.151854
 13.880000 -2.707277 2.597322 27.618525
 13.900000 -2.731754 2.729624 29.097216
 13.920000 -2.876449 2.727283 28.115669
 13.940000 -2.960098 2.614387 26.248248
 13.960000 -2.884484 2.638111 26.935809
 13.980000 -2.895799 2.585542 26.159001
 14.000000 -2.870381 2.566394 26.031805
 14.020000 -2.763427 2.379726 24.056394
 14.040000 -2.723796 2.552324 26.855068
 14.060000 -2.690777 2.562415 27.278011
 14.080000 -2.469869 2.831356 32.320158
 14.100000 -2.729175 2.670955 28.408911
 14.120000 -2.590999 2.754470 30.541092
 14.140000 -2.711760 2.672012 28.560486
 14.160000 -2.687498 2.802040 30.193346
 14.180000 -2.713355 2.730450 29.247499
 14.200000 -2.645936 2.674177 29.149700
 14.220000 -2.733471 2.701493 28.753079
 14.240000 -2.762630 2.676548 28.225615
 14.260000 -2.782250 2.645512 27.681439
 14.280000 -2.968068 2.650400 26.691798
 14.300000 -2.909868 2.713432 27.768055
 14.320000 -2.890811 2.743057 28.223181
 14.340000 -2.980434 2.761734 28.007215
 14.360000 -3.057306 2.655924 26.443217
 14.380000 -2.877322 2.733890 28.189387
 14.400000 -2.883404 2.758974 28.446120
 14.420000 -2.592663 2.707153 30.025976
 14.440000 -2.485710 2.639167 30.340470
 14.460000 -2.572802 2.580728 28.661888
 14.480000 -2.483380 2.777664 31.784467
 14.500000 -2.675571 2.524804 26.882582
 14.520000 -2.571286 2.602478 28.964542
 14.540000 -2.688167 2.451348 25.707583
 14.560000 -2.483392 2.477941 28.246225
 14.580000 -2.683606 2.379979 24.713414
 14.600000 -2.437875 2.423674 28.042701
 14.620000 -2.682245 2.275846 23.271065
 14.640000 -2.436968 2.354331 27.068284
 14.660000 -2.544093 2.203714 23.711505
 14.680000 -2.683814 2.225818 22.603189
 14.700000 -2.682313 2.235410 22.738800
 14.720000 -2.882152 2.332737 22.696412
 14.740000 -2.802559 2.347138 23.326865
 14.760000 -2.876614 2.172669 20.781025
 14.780000 -2.701977 2.282945 23.196618
 14.800000 -2.823958 2.273669 22.213480
 14.820000 -2.629448 2.209150 22.886682
 14.840000 -2.702804 2.194584 22.058887
 14.860000 -2.432570 2.245033 25.597127
 14.880000 -2.426644 2.341556 27.018934
 14.900000 -2.446966 2.395308 27.524943
 14.920000 -2.447836 2.422941 27.906881
 14.940000 -2.561053 2.434448 26.733991
 14.960000 -2.403233 2.478548 29.249581
 14.980000 -2.597225 2.481124 27.018375
 15.000000 -2.389502 2.457720 29.139758
 15.020000 -2.577279 2.438794 26.620266
 15.040000 -2.487432 2.558354 29.300314
 15.060000 -2.646600 2.524893 27.153053
 15.080000 -2.628745 2.454147 26.309186
 15.100000 -2.731176 2.439097 25.161323
 15.120000 -2.846520 2.532256 25.690075
 15.140000 -2.820585 2.676404 27.821526
 15.160000 -3.086120 2.473126 24.000358
 15.180000 -2.909400 2.468199 24.441823
 15.200000 -3.061060 2.398160 23.066053
 15.220000 -2.904358 2.428399 23.906049
 15.240000 -2.872619 2.438975 24.210657
 15.260000 -2.698891 2.434063 25.361465
 15.280000 -2.643459 2.393259 25.280809
 15.300000 -2.562072 2.390580 26.089842
 15.320000 -2.580884 2.279863 24.318054
 15.340000 -2.490746 2.256673 25.032855
 15.360000 -2.389408 2.271529 26.520768
 15.380000 -2.358625 2.136703 25.156401
 15.400000 -2.176235 2.105907 27.240237
 15.420000 -2.348281 1.996488 23.765195
 15.440000 -2.264915 1.972644 24.603773
 15.460000 -2.220936 1.982646 25.265479
 15.480000 -2.202689 2.095362 26.750171
 15.500000 -2.079999 1.968230 26.933837
 15.520000 -2.119968 2.003623 26.799024
 15.540000 -2.209480 1.890785 24.611810
 15.560000 -2.411876 1.932450 22.459290
 15.580000 -2.416737 1.654416 21.571949
 15.600000 -2.491668 1.858460 21.147370
 15.620000 -2.555205 1.834295 20.443881
 15.640000 -2.548488 1.850261 20.560711
 15.660000 -2.734660 1.902002 19.377332
 15.680000 -2.643443 1.847633 19.766724
 15.700000 -2.730349 1.908269 19.428489
 15.720000 -2.715302 1.875785 19.386759
 15.740000 -2.790662 2.032297 19.862650
 15.760000 -2.953504 2.082171 19.778444
 15.780000 -2.938026 2.266981 21.659525
 15.800000 -2.882774 2.358869 23.044583
 15.820000 -2.752210 2.609958 27.428278
 15.840000 -2.743839 2.630223 27.766073
 15.860000 -2.586479 2.734507 30.378436
 15.880000 -2.571502 2.892553 31.798070
 15.900000 -2.425477 2.990332 33.284497
 15.920000 -2.394489 2.893441 33.360476
 15.940000 -2.486772 2.893484 32.516832
 15.960000 -2.431239 3.046565 33.199303
 15.980000 -2.702171 -3.124134 31.369648
 16.000000 -2.590072 3.090229 32.075625
 16.020000 -2.709894 3.139611 31.386573
 16.040000 -2.725227 -2.949383 30.263697
 16.060000 -2.795441 -3.040561 30.721527
 16.080000 -2.788604 -3.059125 30.827327
 16.100000 -2.850633 -3.110512 30.802210
 16.120000 -2.759575 -3.129568 31.154096
 16.140000 -2.764380 3.134697 31.168217
 16.160000 -2.847812 2.920509 30.143827
 16.180000 -2.713709 2.842859 30.364811
 16.200000 -2.883611 2.823724 29.131034
 16.220000 -2.850906 2.698151 27.906775
 16.240000 -2.877898 2.572527 26.074994
 16.260000 -2.818593 2.464037 24.885811
 16.280000 -2.819089 2.548402 26.092777
 16.300000 -2.549210 2.437653 26.911357
 16.320000 -2.590755 2.319475 24.763146
 16.340000 -2.521403 2.207453 24.017218
 16.360000 -2.347320 2.235118 26.582479
 16.380000 -2.592972 2.202666 23.171348
 16.400000 -2.365617 2.111608 24.763855
 16.420000 -2.497924 2.120210 23.226210
 16.440000 -2.486115 2.062959 22.743452
 16.460000 -2.544781 2.101050 22.489569
 16.480000 -2.619193 2.048059 21.218148
 16.500000 -2.818549 1.947841 19.207302
 16.520000 -2.685208 2.117611 21.332228
 16.540000 -2.603656 2.091058 21.781666
 16.560000 -2.604910 2.142527 22.327444
 16.580000 -2.465229 2.049693 22.851203
 16.600000 -2.624037 2.131604 22.020018
 16.620000 -2.705607 2.308438 23.512027
 16.640000 -2.588795 2.160810 22.702685
 16.660000 -2.754827 2.238664 22.207466
 16.680000 -2.753658 2.338694 23.550915
 16.700000 -2.768518 2.483775 25.518568
 16.720000 -2.961477 2.555231 25.434930
 16.740000 -2.966863 2.520485 24.933924
 16.760000 -2.823281 2.597240 26.748582
 16.780000 -2.843145 2.853751 29.632254
 16.800000 -2.683311 2.865870 30.767361
 16.820000 -2.649541 2.912912 31.321037
 16.840000 -2.706049 3.027191 31.407931
 16.860000 -2.510638 3.104608 32.513892
 16.880000 -2.609831 3.140757 31.844693
 16.900000 -2.705497 3.031688 31.419973
 16.920000 -2.690997 3.113980 31.516596
 16.940000 -2.859793 -3.075766 30.691063
 16.960000 -2.878268 3.113511 30.749643
 16.980000 -2.897503 2.883598 29.610277
 17.000000 -3.037093 2.952822 29.559195
 17.020000 -2.892200 3.061263 30.617288
 17.040000 -2.888774 2.874657 29.577384
 17.060000 -3.002230 2.768452 27.992947
 17.080000 -2.835776 2.659422 27.504453
 17.100000 -2.870974 2.755490 28.475283
 17.120000 -2.730636 2.789539 29.750510
 17.140000 -2.510829 2.599506 29.571101
 17.160000 -2.567962 2.467606 27.135706
 17.180000 -2.476370 2.422831 27.552081
 17.200000 -2.451678 2.271188 25.713341
 17.220000 -2.700440 2.144692 21.502840
 17.240000 -2.479893 2.069007 22.877534
 17.260000 -2.483269 2.053447 22.679904
 17.280000 -2.472528 2.016991 22.453087
 17.300000 -2.545607 1.816408 20.476065
 17.320000 -2.609260 1.628742 20.079424
 17.340000 -2.598898 1.724207 19.942415
 17.360000 -2.502803 1.655857 20.800702
 17.380000 -2.476288 1.654405 21.031288
 17.400000 -2.575201 1.631907 20.301771
 17.420000 -2.641753 1.769526 19.636218
 17.440000 -2.634671 1.821825 19.761566
 17.460000 -2.692505 1.819778 19.370893
 17.480000 -2.672636 1.832972 19.524070
 17.500000 -2.663703 2.028386 20.661730
 17.520000 -2.567984 2.039133 21.627468
 17.540000 -2.567293 2.122241 22.482389
 17.560000 -2.464289 2.213296 24.775173
 17.580000 -2.602833 2.105883 21.944317
 17.600000 -2.556881 2.430052 26.716477
 17.620000 -2.738844 2.330428 23.548446
 17.640000 -2.683828 2.487915 26.277576
 17.660000 -2.795675 2.527303 25.950635
 17.680000 -2.788584 2.651823 27.719111
 17.700000 -2.722678 2.642799 28.099046
 17.720000 -2.845367 2.612775 26.821042
 17.740000 -2.719258 2.709767 28.961416
 17.760000 -2.629116 2.818912 30.805926
 17.780000 -2.582206 2.796145 31.010837
 17.800000 -2.669453 2.746556 29.777504
 17.820000 -2.592074 2.842334 31.299639
 17.840000 -2.840903 2.859024 29.691871
 17.860000 -2.831307 2.800695 29.190531
 17.880000 -2.877108 2.573875 26.098187
 17.900000 -2.880553 2.548244 25.720108
 17.920000 -2.772269 2.505275 25.801809
 17.940000 -2.840250 2.364319 23.337758
 17.960000 -2.927360 2.265616 21.673346
 17.980000 -2.876053 2.153616 20.585669
 18.000000 -2.860671 2.128527 20.393924
 18.020000 -2.795325 2.252606 22.113047
 18.040000 -2.515145 2.106943 22.880733
 18.060000 -2.637667 2.159329 22.206109
 18.080000 -2.381375 2.298951 27.009239
 18.100000 -2.394394 2.107728 24.347535
 18.120000 -2.275888 2.155114 26.496493
 18.140000 -2.229428 2.076336 26.162764
 18.160000 -2.035206 2.178733 30.109126
 18.180000 -2.134115 2.183839 28.833981
 18.200000 -2.279468 2.101911 25.790588
 18.220000 -2.291630 2.074466 25.308714
 18.240000 -2.470746 1.940908 21.851249
 18.260000 -2.495101 2.014175 22.172769
 18.280000 -2.655427 1.952431 20.169777
 18.300000 -2.678440 2.024877 20.516136
 18.320000 -2.624691 2.018874 20.912937
 18.340000 -2.695575 2.075074 20.826113
 18.360000 -2.757719 1.854114 19.098896
 18.380000 -2.827913 2.004769 19.502968
 18.400000 -2.950196 2.050040 19.544686
 18.420000 -2.767678 1.992068 19.690824
 18.440000 -2.800462 2.201300 21.454467
 18.460000 -2.894324 2.002229 19.304163
 18.480000 -2.904693 2.221640 21.226598
 18.500000 -3.000687 2.174437 20.558925
 18.520000 -2.944118 2.305252 22.110160
 18.540000 -2.747449 2.337297 23.578196
 18.560000 -2.549915 2.514315 27.995290
 18.580000 -2.535735 2.557557 28.745019
 18.600000 -2.297658 2.689787 33.074593
 18.620000 -2.416581 2.699535 31.776990
 18.640000 -2.287583 2.797327 34.004394
 18.660000 -2.257364 2.817099 34.440418
 18.680000 -2.321068 2.623743 32.117854
 18.700000 -2.455973 2.779158 32.072989
 18.720000 -2.604409 2.666412 29.441053
 18.740000 -2.758561 2.757788 29.216467
 18.760000 -2.891989 2.638302 26.897665
 18.780000 -2.887239 2.557866 25.818959
 18.800000 -2.852655 2.700450 27.925034
 18.820000 -2.871006 2.622333 26.798387
 18.840000 -2.877683 2.572859 26.080819
 18.860000 -2.811782 2.455461 24.806239
 18.880000 -2.810555 2.520389 25.749811
 18.900000 -2.863193 2.368447 23.271112
 18.920000 -2.831460 2.406247 23.977428
 18.940000 -2.978646 2.419746 23.510071
 18.960000 -2.853465 2.506495 25.281217
 18.980000 -2.839016 2.412344 24.019227
 19.000000 -2.734678 2.467463 25.545434
 19.020000 -2.684798 2.474173 26.069561
 19.040000 -2.487327 2.508848 28.631419
 19.060000 -2.453494 2.498510 28.893272
 19.080000 -2.331732 2.377038 28.778112
 19.100000 -2.344047 2.252711 26.867242
 19.120000 -2.623247 2.333241 24.622131
 19.140000 -2.713234 2.218638 22.269872
 19.160000 -2.841745 2.147436 20.656232
 19.180000 -2.897898 2.151787 20.499772
 19.200000 -2.856463 2.215737 21.338342
 19.220000 -2.819270 2.122144 20.507630
 19.240000 -2.852973 2.088929 20.059064
 19.260000 -2.589346 2.184293 22.980387
 19.280000 -2.500866 2.185810 23.980915
 19.300000 -2.269561 2.237307 27.675799
 19.320000 -2.228770 2.379760 30.235002
 19.340000 -2.413228 2.321416 26.907176
 19.360000 -2.400979 2.347594 27.437259
 19.380000 -2.707543 2.256776 22.803365
 19.400000 -2.723201 2.113041 20.995868
 19.420000 -2.789402 2.189644 21.386360
 19.440000 -2.836502 2.148430 20.689207
 19.460000 -2.877846 2.056693 19.715881
 19.480000 -2.724865 2.092187 20.776632
 19.500000 -2.732749 2.157370 21.399742
 19.520000 -2.664559 2.272451 23.384100
 19.540000 -2.672943 2.353129 24.425489
 19.560000 -2.856871 2.373588 23.375015
 19.580000 -2.708787 2.599822 27.639866
 19.600000 -2.807523 2.465293 24.976193
 19.620000 -2.770968 2.727518 28.786795
 19.640000 -2.928914 2.616791 26.420842
 19.660000 -2.867336 2.590703 26.387263
 19.680000 -2.848256 2.652044 27.329965
 19.700000 -2.693633 2.515619 26.589806
 19.720000 -2.669574 2.576311 27.660324
 19.740000 -2.601065 2.633797 29.068784
 19.760000 -2.835226 2.552142 26.041998
 19.780000 -2.724191 2.476490 25.762740
 19.800000 -2.870977 2.569418 26.070685
 19.820000 -2.850736 2.551612 25.938970
 19.840000 -2.759455 2.506648 25.917302
 19.860000 -2.808531 2.523418 25.806737
 19.880000 -2.731233 2.539389 26.610618
 19.900000 -2.658184 2.499931 26.686600
 19.920000 -2.610768 2.410440 25.857056
 19.940000 -2.513825 2.544280 28.810495
 19.960000 -2.443768 2.430211 28.061043
 19.980000 -2.489793 2.351836 26.375294
 20.000000 -2.494479 2.221605 24.517696
