#! FIELDS time phi psi metad.bias
#! SET min_phi -pi
#! SET max_phi pi
#! SET min_psi -pi
#! SET max_psi pi
 0.000000 3.141580 -3.141577 26.743053
 0.020000 -2.682990 2.622678 24.581613
 0.040000 -2.697353 2.609339 24.378056
 0.060000 -2.732377 2.588067 23.968924
 0.080000 -2.742797 2.618990 24.160516
 0.100000 -2.750595 2.634023 24.236542
 0.120000 -2.696995 2.647295 24.671890
 0.140000 -2.734066 2.626790 24.277116
 0.160000 -2.739087 2.658317 24.495216
 0.180000 -2.677501 2.750592 25.478432
 0.200000 -2.745757 2.699494 24.766379
 0.220000 -2.675910 2.725378 25.337724
 0.240000 -2.664263 2.689307 25.182240
 0.260000 -2.642846 2.721633 25.524432
 0.280000 -2.637691 2.773149 25.832858
 0.300000 -2.662782 2.711127 25.331328
 0.320000 -2.705812 2.673132 24.804404
 0.340000 -2.692066 2.684363 24.969051
 0.360000 -2.670043 2.728302 25.391478
 0.380000 -2.761336 2.676257 24.509950
 0.400000 -2.644658 2.742614 25.632059
 0.420000 -2.689288 2.695289 25.060529
 0.440000 -2.559112 2.775474 26.348675
 0.460000 -2.576437 2.739584 26.073992
 0.480000 -2.594060 2.691814 25.695465
 0.500000 -2.603499 2.751858 25.946664
 0.520000 -2.658356 2.729172 25.469252
 0.540000 -2.737263 2.760069 25.217555
 0.560000 -2.764410 2.667385 24.424527
 0.580000 -2.760275 2.688634 24.609963
 0.600000 -2.811818 2.676207 24.263292
 0.620000 -2.701976 2.687464 24.929080
 0.640000 -2.817136 2.672751 24.211617
 0.660000 -2.787895 2.750089 24.922267
 0.680000 -2.789463 2.695720 24.519883
 0.700000 -2.837812 2.643244 23.873013
 0.720000 -2.821343 2.603680 23.600925
 0.740000 -2.835667 2.553023 23.070246
 0.760000 -2.858074 2.625322 23.631397
 0.780000 -2.858159 2.471639 22.188691
 0.800000 -2.762881 2.562581 23.556095
 0.820000 -2.734791 2.462034 22.837092
 0.840000 -2.550226 2.581208 25.357137
 0.860000 -2.705289 2.509705 23.484067
 0.880000 -2.588279 2.538306 24.697708
 0.900000 -2.614134 2.611113 25.016321
 0.920000 -2.584899 2.567542 24.948147
 0.940000 -2.564452 2.575387 25.187572
 0.960000 -2.503378 2.584838 25.819346
 0.980000 -2.649861 2.556139 24.309499
 1.000000 -2.529939 2.636738 25.895876
 1.020000 -2.631343 2.699214 25.469258
 1.040000 -2.777410 2.716282 24.730315
 1.060000 -2.634047 2.844115 26.146061
 1.080000 -2.791799 2.881268 25.667172
 1.100000 -2.798565 2.934150 25.870907
 1.120000 -2.708248 2.921603 26.076035
 1.140000 -2.771022 2.902784 25.819458
 1.160000 -2.636877 2.977705 26.406468
 1.180000 -2.678760 2.794032 25.703694
 1.200000 -2.781735 2.833817 25.457493
 1.220000 -2.826783 2.691661 24.324200
 1.240000 -2.822608 2.793389 25.077923
 1.260000 -2.956575 2.589224 22.988894
 1.280000 -2.717510 2.685192 24.820421
 1.300000 -2.798954 2.656315 24.159896
 1.320000 -2.563313 2.732253 26.134609
 1.340000 -2.501678 2.674390 26.347187
 1.360000 -2.583634 2.603849 25.218483
 1.380000 -2.501898 2.585614 25.838462
 1.400000 -2.536414 2.638275 25.848470
 1.420000 -2.592550 2.694807 25.723871
 1.440000 -2.631345 2.586619 24.697172
 1.460000 -2.635093 2.490071 23.889633
 1.480000 -2.804424 2.467075 22.427455
 1.500000 -2.701868 2.496807 23.396470
 1.520000 -2.742137 2.428850 22.479434
 1.540000 -2.853761 2.401637 21.537494
 1.560000 -2.624189 2.494733 24.025327
 1.580000 -2.777336 2.484923 22.759088
 1.600000 -2.737605 2.502318 23.183024
 1.620000 -2.774108 2.351402 21.542247
 1.640000 -2.693851 2.575492 24.129759
 1.660000 -2.681216 2.581187 24.268661
 1.680000 -2.474085 2.668286 26.558213
 1.700000 -2.688484 2.543731 23.904666
 1.720000 -2.520656 2.667970 26.151889
 1.740000 -2.658276 2.758466 25.634802
 1.760000 -2.634534 2.754108 25.757057
 1.780000 -2.614192 2.797664 26.083192
 1.800000 -2.708416 2.868774 25.898559
 1.820000 -2.715795 2.936388 26.091214
 1.840000 -2.812128 2.985631 26.009997
 1.860000 -2.935433 2.808685 24.919416
 1.880000 -2.870591 2.825907 25.155766
 1.900000 -2.778208 2.907956 25.820297
 1.920000 -2.745218 2.943793 26.028427
 1.940000 -2.666725 2.851582 26.012756
 1.960000 -2.659489 2.890475 26.173115
 1.980000 -2.657314 2.961841 26.324529
 2.000000 -2.501047 2.910563 26.979131
 2.020000 -2.600411 2.785696 26.118539
 2.040000 -2.600212 2.806539 26.201724
 2.060000 -2.649070 2.644313 24.982748
 2.080000 -2.641490 2.653432 25.101162
 2.100000 -2.695867 2.404827 22.623029
 2.120000 -2.617871 2.474868 23.917411
 2.140000 -2.635397 2.328423 22.505245
 2.160000 -2.683766 2.456039 23.179832
 2.180000 -2.710218 2.284629 21.449224
 2.200000 -2.809482 2.236898 20.311488
 2.220000 -2.739897 2.360844 21.876259
 2.240000 -2.700048 2.385965 22.419409
 2.260000 -2.656448 2.382340 22.768003
 2.280000 -2.700198 2.252462 21.271663
 2.300000 -2.626154 2.335436 22.655263
 2.320000 -2.706071 2.362097 22.156224
 2.340000 -2.670920 2.429231 23.051443
 2.360000 -2.738741 2.398614 22.227838
 2.380000 -2.760017 2.524857 23.235928
 2.400000 -2.747534 2.469854 22.817707
 2.420000 -2.798832 2.507822 22.843142
 2.440000 -2.710513 2.561071 23.889864
 2.460000 -2.680027 2.585983 24.315977
 2.480000 -2.532050 2.723270 26.329704
 2.500000 -2.658602 2.584863 24.468636
 2.520000 -2.540923 2.549642 25.222611
 2.540000 -2.698974 2.710157 25.101627
 2.560000 -2.605299 2.822686 26.229934
 2.580000 -2.600841 2.797727 26.164354
 2.600000 -2.455875 2.856905 27.227519
 2.620000 -2.649903 2.789883 25.840765
 2.640000 -2.569551 2.922565 26.635316
 2.660000 -2.840075 2.812420 25.145348
 2.680000 -2.869257 2.746363 24.603422
 2.700000 -2.842324 2.784231 24.955395
 2.720000 -2.994233 2.832881 25.036707
 2.740000 -2.898063 2.823981 25.087844
 2.760000 -2.967747 2.783284 24.686709
 2.780000 -2.877204 2.845964 25.269402
 2.800000 -2.786762 2.945995 25.936945
 2.820000 -2.503312 3.018732 26.851900
 2.840000 -2.630626 2.857722 26.208187
 2.860000 -2.381497 2.979844 27.521186
 2.880000 -2.529417 2.945833 26.833345
 2.900000 -2.405354 2.870340 27.561998
 2.920000 -2.459492 2.673556 26.712285
 2.940000 -2.477744 2.623761 26.294841
 2.960000 -2.589480 2.721225 25.889909
 2.980000 -2.672342 2.631272 24.721256
 3.000000 -2.864808 2.412380 21.586980
 3.020000 -2.922480 2.322247 20.506229
 3.040000 -2.846825 2.492994 22.447892
 3.060000 -2.852173 2.405333 21.580581
 3.080000 -2.717738 2.394212 22.349682
 3.100000 -2.665920 2.444857 23.231989
 3.120000 -2.536257 2.326935 23.544835
 3.140000 -2.490738 2.556462 25.758511
 3.160000 -2.553867 2.438615 24.244714
 3.180000 -2.514641 2.518884 25.260409
 3.200000 -2.400420 2.640315 27.110632
 3.220000 -2.529035 2.663295 26.055430
 3.240000 -2.608400 2.540271 24.533286
 3.260000 -2.685258 2.510632 23.646472
 3.280000 -2.903155 2.547674 22.739326
 3.300000 -2.657481 2.836105 25.998531
 3.320000 -2.843040 2.526795 22.788323
 3.340000 -2.798875 2.673472 24.300367
 3.360000 -2.783318 2.706059 24.627135
 3.380000 -2.747561 2.880751 25.802728
 3.400000 -2.841824 2.817383 25.171551
 3.420000 -2.721018 2.750754 25.241365
 3.440000 -2.693219 2.853981 25.902634
 3.460000 -2.655118 3.019939 26.363168
 3.480000 -2.597701 3.027678 26.514593
 3.500000 -2.736190 2.972368 26.118925
 3.520000 -2.642317 2.947883 26.358887
 3.540000 -2.548078 2.960483 26.744152
 3.560000 -2.683470 2.827313 25.835300
 3.580000 -2.647800 2.699631 25.358750
 3.600000 -2.862012 2.739999 24.576671
 3.620000 -2.800592 2.744450 24.830252
 3.640000 -2.828164 2.655276 24.017704
 3.660000 -2.715138 2.546934 23.736148
 3.680000 -2.839655 2.532412 22.857735
 3.700000 -2.716976 2.638666 24.477220
 3.720000 -2.896139 2.664313 23.846748
 3.740000 -2.748289 2.473946 22.849985
 3.760000 -2.672071 2.410766 22.878403
 3.780000 -2.636169 2.464006 23.659602
 3.800000 -2.470285 2.434404 25.118602
 3.820000 -2.371220 2.591373 27.173962
 3.840000 -2.428288 2.278920 24.491661
 3.860000 -2.243751 2.414002 27.658230
 3.880000 -2.219041 2.406749 27.910452
 3.900000 -2.395923 2.322029 25.201981
 3.920000 -2.185813 2.454935 28.540410
 3.940000 -2.444451 2.297273 24.418447
 3.960000 -2.517982 2.260581 23.251759
 3.980000 -2.537775 2.239918 22.865798
 4.000000 -2.820400 2.086716 19.201051
 4.020000 -2.761416 2.277065 20.977442
 4.040000 -2.713304 2.253870 21.169214
 4.060000 -2.736079 2.252901 20.972201
 4.080000 -2.767440 2.232939 20.568321
 4.100000 -2.612330 2.402850 23.361570
 4.120000 -2.769809 2.523887 23.165369
 4.140000 -2.582848 2.752344 26.088769
 4.160000 -2.779504 2.627599 24.021238
 4.180000 -2.687364 2.743280 25.379036
 4.200000 -2.722181 2.902316 25.970143
 4.220000 -2.740167 2.908167 25.931280
 4.240000 -2.766761 2.959167 26.019167
 4.260000 -2.645424 2.982794 26.381910
 4.280000 -2.583339 2.957312 26.594844
 4.300000 -2.497300 3.050413 26.787839
 4.320000 -2.639239 3.044599 26.388615
 4.340000 -2.710800 2.941985 26.119922
 4.360000 -2.787978 -3.113302 26.121786
 4.380000 -2.800835 3.077534 26.171455
 4.400000 -2.740182 3.039340 26.201864
 4.420000 -2.797660 3.098299 26.179107
 4.440000 -2.779925 3.072135 26.178641
 4.460000 -2.759466 3.121424 26.173848
 4.480000 -2.643949 2.840950 26.084516
 4.500000 -2.705963 2.914775 26.064476
 4.520000 -2.607331 2.968890 26.505535
 4.540000 -2.647504 2.881860 26.200879
 4.560000 -2.630806 2.807928 26.028072
 4.580000 -2.679712 2.715339 25.251503
 4.600000 -2.678010 2.704691 25.193359
 4.620000 -2.828300 2.676218 24.192308
 4.640000 -2.825237 2.620985 23.735113
 4.660000 -2.744554 2.396328 22.163744
 4.680000 -2.674242 2.512786 23.752591
 4.700000 -2.717734 2.318707 21.677561
 4.720000 -2.629125 2.214656 21.661186
 4.740000 -2.652317 2.310649 22.192166
 4.760000 -2.632429 2.355897 22.766331
 4.780000 -2.386121 2.357936 25.573318
 4.800000 -2.535897 2.331868 23.587612
 4.820000 -2.548072 2.445617 24.360505
 4.840000 -2.652585 2.416242 23.099189
 4.860000 -2.705081 2.471461 23.146280
 4.880000 -2.681625 2.324377 22.036432
 4.900000 -2.540889 2.409780 24.150569
 4.920000 -2.752787 2.469887 22.781619
 4.940000 -2.743863 2.562715 23.677092
 4.960000 -2.908742 2.431209 21.585570
 4.980000 -2.924814 2.655801 23.690408
 5.000000 -2.763950 2.812448 25.407375
 5.020000 -2.796410 2.856640 25.531254
 5.040000 -2.772906 3.055842 26.174788
 5.060000 -2.746898 -3.099902 26.066913
 5.080000 -2.688952 -2.995082 25.603267
 5.100000 -2.658851 3.118921 26.237101
 5.120000 -2.615924 -3.052954 25.841052
 5.140000 -2.866658 -3.071101 26.164227
 5.160000 -2.718325 -2.917977 25.239706
 5.180000 -2.734706 -3.022380 25.800957
 5.200000 -2.712384 -3.127657 26.123523
 5.220000 -2.588919 -3.000924 25.535007
 5.240000 -2.636142 -3.001755 25.574310
 5.260000 -2.684212 3.130332 26.190192
 5.280000 -2.740157 2.844597 25.667416
 5.300000 -2.979449 2.792750 24.746927
 5.320000 -3.099801 2.553952 22.517248
 5.340000 -2.859570 2.553341 22.963601
 5.360000 -2.884114 2.408056 21.459470
 5.380000 -2.689988 2.268224 21.490504
 5.400000 -2.569116 2.201921 22.229236
 5.420000 -2.743430 2.242093 20.825827
 5.440000 -2.545208 2.218421 22.623757
 5.460000 -2.336257 2.075061 24.533258
 5.480000 -2.389930 2.157517 24.211521
 5.500000 -2.309813 1.937357 24.492082
 5.520000 -2.576889 2.062203 21.302884
 5.540000 -2.814094 1.881147 18.522350
 5.560000 -2.738038 1.870570 19.090141
 5.580000 -2.785428 1.843468 18.694815
 5.600000 -2.769043 1.979601 19.065331
 5.620000 -2.761791 1.980133 19.123172
 5.640000 -2.736146 2.025307 19.506392
 5.660000 -2.658295 2.111976 20.675760
 5.680000 -2.514706 2.199961 22.862780
 5.700000 -2.555527 2.186888 22.283817
 5.720000 -2.621106 2.353575 22.857880
 5.740000 -2.648988 2.496594 23.824115
 5.760000 -2.752464 2.439736 22.505806
 5.780000 -2.716877 2.603530 24.199009
 5.800000 -2.983548 2.542100 22.473642
 5.820000 -2.953023 2.663818 23.697975
 5.840000 -2.857026 2.858585 25.385454
 5.860000 -2.812857 2.791495 25.099146
 5.880000 -2.607301 2.793738 26.108897
 5.900000 -2.545898 2.982880 26.740047
 5.920000 -2.658136 3.013150 26.355659
 5.940000 -2.665579 3.111906 26.245089
 5.960000 -2.801715 3.046100 26.141538
 5.980000 -2.890525 2.961380 25.849820
 6.000000 -2.823106 3.081670 26.170494
 6.020000 -2.931770 2.971310 25.872827
 6.040000 -2.861704 3.037554 26.100145
 6.060000 -2.755830 3.018098 26.157982
 6.080000 -2.595359 2.970391 26.550649
 6.100000 -2.448873 3.040639 27.003974
 6.120000 -2.426527 2.961369 27.332235
 6.140000 -2.455406 2.922148 27.228937
 6.160000 -2.637481 2.838814 26.109952
 6.180000 -2.753626 2.631576 24.199080
 6.200000 -2.930773 2.503748 22.222775
 6.220000 -3.005034 2.604170 23.048953
 6.240000 -3.020203 2.316473 20.245885
 6.260000 -2.910128 2.362995 20.927440
 6.280000 -2.937748 2.296355 20.224948
 6.300000 -2.767739 2.173061 20.112731
 6.320000 -2.645237 2.256859 21.821822
 6.340000 -2.610224 2.249142 22.119910
 6.360000 -2.421482 2.394050 25.395940
 6.380000 -2.481424 2.355580 24.401060
 6.400000 -2.625760 2.472918 23.829045
 6.420000 -2.660470 2.344554 22.402861
 6.440000 -2.731914 2.330506 21.667179
 6.460000 -2.798706 2.453697 22.334867
 6.480000 -2.566305 2.467812 24.353130
 6.500000 -2.692750 2.453647 23.085088
 6.520000 -2.664147 2.418379 23.014906
 6.540000 -2.641933 2.657621 25.126389
 6.560000 -2.749028 2.650274 24.375353
 6.580000 -2.631756 2.790939 25.950344
 6.600000 -2.721820 2.848724 25.759811
 6.620000 -2.840142 2.769787 24.862769
 6.640000 -2.872315 2.937316 25.764470
 6.660000 -2.974873 2.898105 25.481682
 6.680000 -3.124786 2.733282 24.239349
 6.700000 -2.836002 2.948799 25.858217
 6.720000 -2.872402 2.924197 25.704779
 6.740000 -2.649786 3.033174 26.372087
 6.760000 -2.462962 -3.126403 26.409167
 6.780000 -2.628707 -3.027496 25.711784
 6.800000 -2.574219 -2.909219 24.870308
 6.820000 -2.547026 -3.034875 25.744716
 6.840000 -2.715793 -3.060424 25.924392
 6.860000 -2.573684 -3.067914 25.928073
 6.880000 -2.762709 -3.084533 26.041326
 6.900000 -2.818905 3.047630 26.133282
 6.920000 -2.782145 2.875497 25.668265
 6.940000 -2.813090 2.911385 25.748505
 6.960000 -2.844790 2.730765 24.561938
 6.980000 -2.712635 2.744531 25.246839
 7.000000 -2.927996 2.624870 23.397565
 7.020000 -2.724324 2.683759 24.770451
 7.040000 -2.695261 2.651004 24.710757
 7.060000 -2.710510 2.565190 23.924723
 7.080000 -2.583695 2.485038 24.321390
 7.100000 -2.695529 2.375035 22.359771
 7.120000 -2.739841 2.197644 20.509219
 7.140000 -2.666528 2.194094 21.136164
 7.160000 -2.868557 1.973493 18.420081
 7.180000 -2.784269 2.040286 19.199226
 7.200000 -2.614396 2.036377 20.754821
 7.220000 -2.787188 2.033082 19.144580
 7.240000 -2.658475 1.955556 19.994976
 7.260000 -2.488739 2.094998 22.558429
 7.280000 -2.615953 2.156133 21.394014
 7.300000 -2.383989 2.102920 24.002087
 7.320000 -2.446215 2.113462 23.212208
 7.340000 -2.692353 2.043448 19.978308
 7.360000 -2.602720 2.257379 22.263701
 7.380000 -2.752546 2.199563 20.422407
 7.400000 -2.856039 2.315407 20.724940
 7.420000 -2.644161 2.534658 24.182019
 7.440000 -2.704725 2.563040 23.947763
 7.460000 -2.693824 2.620214 24.487495
 7.480000 -2.613308 2.587586 24.852167
 7.500000 -2.730323 2.601292 24.092505
 7.520000 -2.563912 2.889337 26.624272
 7.540000 -2.555610 2.737492 26.215119
 7.560000 -2.750790 2.798026 25.381116
 7.580000 -2.675671 2.857218 25.992772
 7.600000 -2.908444 2.901581 25.547309
 7.620000 -2.951538 3.069597 26.210721
 7.640000 -2.897760 2.935271 25.729194
 7.660000 -2.908819 2.977377 25.904251
 7.680000 -2.667612 3.097487 26.269489
 7.700000 -2.624629 2.984162 26.449648
 7.720000 -2.577655 2.921452 26.596073
 7.740000 -2.540230 2.800613 26.562943
 7.760000 -2.498732 2.772367 26.767413
 7.780000 -2.703352 2.726137 25.181296
 7.800000 -2.642823 2.685035 25.300884
 7.820000 -2.870612 2.611581 23.458198
 7.840000 -2.882951 2.732537 24.457095
 7.860000 -2.930018 2.554064 22.716456
 7.880000 -2.898857 2.499012 22.282527
 7.900000 -2.784712 2.470960 22.582675
 7.920000 -2.628245 2.463321 23.725446
 7.940000 -2.562248 2.504606 24.682312
 7.960000 -2.581285 2.351219 23.245716
 7.980000 -2.681275 2.306965 21.891335
 8.000000 -2.764963 2.219961 20.483883
 8.020000 -2.695234 2.315006 21.835716
 8.040000 -2.721528 2.182581 20.551363
 8.060000 -2.630858 2.164244 21.288391
 8.080000 -2.541510 2.210037 22.608598
 8.100000 -2.539910 2.191934 22.503195
 8.120000 -2.316891 2.160193 25.220745
 8.140000 -2.359730 2.108016 24.361383
 8.160000 -2.339780 2.277009 25.619944
 8.180000 -2.365703 2.188939 24.723264
 8.200000 -2.518227 2.321125 23.706855
 8.220000 -2.663732 2.057739 20.327076
 8.240000 -2.673156 2.271175 21.668486
 8.260000 -2.842785 2.229966 20.059353
 8.280000 -2.911733 2.330526 20.620016
 8.300000 -2.815364 2.429876 22.011583
 8.320000 -2.926039 2.489249 22.094767
 8.340000 -2.717944 2.688109 24.838737
 8.360000 -2.815292 2.763698 24.906586
 8.380000 -2.815411 2.886630 25.629791
 8.400000 -2.828142 3.008064 26.049810
 8.420000 -2.778490 3.077366 26.181367
 8.440000 -2.840187 3.000000 26.019260
 8.460000 -2.777422 -3.122753 26.129695
 8.480000 -2.776776 -3.072423 26.025504
 8.500000 -2.772632 -3.026979 25.880985
 8.520000 -2.480590 -2.994211 25.483836
 8.540000 -2.491349 -2.993045 25.470646
 8.560000 -2.242405 -2.838286 24.137979
 8.580000 -2.377972 -2.902730 24.709906
 8.600000 -2.247690 -2.845127 24.208258
 8.620000 -2.516623 -3.043869 25.817869
 8.640000 -2.517211 -2.972961 25.314770
 8.660000 -2.765929 -3.121767 26.122248
 8.680000 -2.881442 3.069719 26.165111
 8.700000 -2.898733 3.037213 26.099781
 8.720000 -2.983046 2.834146 25.052567
 8.740000 -2.920634 2.821080 25.029593
 8.760000 -2.987420 2.752812 24.419977
 8.780000 -2.810448 2.763706 24.924833
 8.800000 -2.857925 2.751682 24.677145
 8.820000 -2.613712 2.633086 25.172933
 8.840000 -2.709520 2.528168 23.614132
 8.860000 -2.691364 2.545898 23.901242
 8.880000 -2.705373 2.538731 23.736049
 8.900000 -2.641847 2.526265 24.132590
 8.920000 -2.572176 2.495967 24.518999
 8.940000 -2.495978 2.342235 24.128651
 8.960000 -2.482350 2.414030 24.831023
 8.980000 -2.598695 2.214812 21.988397
 9.000000 -2.586300 2.203333 22.043899
 9.020000 -2.693752 1.991334 19.753904
 9.040000 -2.721522 2.057798 19.782151
 9.060000 -2.852380 1.829679 18.255016
 9.080000 -2.747167 1.991809 19.281543
 9.100000 -2.864655 1.965194 18.412616
 9.120000 -2.719796 1.951983 19.390301
 9.140000 -2.667095 2.102675 20.533081
 9.160000 -2.618525 2.107855 21.069716
 9.180000 -2.478923 2.295881 23.983843
 9.200000 -2.387996 2.288945 25.075161
 9.220000 -2.309332 2.516259 27.458990
 9.240000 -2.310526 2.425602 26.932164
 9.260000 -2.358241 2.425620 26.364690
 9.280000 -2.507885 2.446746 24.793606
 9.300000 -2.621862 2.532426 24.353561
 9.320000 -2.679498 2.470946 23.346487
 9.340000 -2.804151 2.469708 22.453929
 9.360000 -2.758464 2.534119 23.329583
 9.380000 -2.979268 2.460499 21.675523
 9.400000 -2.764276 2.695409 24.640325
 9.420000 -2.828234 2.600364 23.538572
 9.440000 -2.689427 2.713943 25.183351
 9.460000 -2.696509 2.598828 24.300282
 9.480000 -2.753745 2.853590 25.659465
 9.500000 -2.841648 2.872234 25.495217
 9.520000 -2.820544 2.911236 25.731801
 9.540000 -2.885946 2.930372 25.717787
 9.560000 -2.749425 3.034443 26.185189
 9.580000 -2.696986 2.997308 26.250370
 9.600000 -2.806694 2.913996 25.774087
 9.620000 -2.561595 3.043706 26.596421
 9.640000 -2.756195 2.947634 26.011611
 9.660000 -2.699226 2.923828 26.112136
 9.680000 -2.817848 2.845543 25.406585
 9.700000 -2.813452 2.803253 25.170637
 9.720000 -2.821302 2.942004 25.855833
 9.740000 -2.758261 2.802709 25.376044
 9.760000 -2.784747 2.676631 24.393617
 9.780000 -2.646703 2.657687 25.092415
 9.800000 -2.588519 2.813934 26.298817
 9.820000 -2.578018 2.691603 25.815930
 9.840000 -2.370752 2.599849 27.219107
 9.860000 -2.534086 2.445506 24.504974
 9.880000 -2.391644 2.541630 26.695434
 9.900000 -2.530371 2.518618 25.101078
 9.920000 -2.652105 2.284884 21.980718
 9.940000 -2.756507 2.273065 20.980022
 9.960000 -2.673340 2.250447 21.499838
 9.980000 -2.838169 2.298537 20.668058
 10.000000 -2.766496 2.174064 20.129180
 10.020000 -2.698333 2.189996 20.808904
 10.040000 -2.689994 2.168821 20.734901
 10.060000 -2.372190 2.241791 24.966815
 10.080000 -2.442456 2.148859 23.459350
 10.100000 -2.418985 2.281951 24.630999
 10.120000 -2.406778 2.342217 25.207993
 10.140000 -2.409246 2.471679 26.070045
 10.160000 -2.422751 2.489098 26.031924
 10.180000 -2.379490 2.401564 25.951905
 10.200000 -2.508927 2.502896 25.202764
 10.220000 -2.647352 2.510645 23.956403
 10.240000 -2.616205 2.540911 24.470146
 10.260000 -2.814129 2.409450 21.825250
 10.280000 -2.700628 2.554251 23.903252
 10.300000 -2.798295 2.556635 23.296639
 10.320000 -2.784833 2.562161 23.422237
 10.340000 -2.824836 2.653143 24.014120
 10.360000 -2.809376 2.770777 24.976598
 10.380000 -2.855366 2.659633 23.944037
 10.400000 -2.863834 2.770514 24.797351
 10.420000 -2.897026 2.810643 24.999472
 10.440000 -2.864518 2.841401 25.266828
 10.460000 -2.761596 2.960257 26.033392
 10.480000 -2.820957 2.879632 25.581380
 10.500000 -2.650095 2.986016 26.369311
 10.520000 -2.749415 3.012684 26.161188
 10.540000 -2.655186 3.139098 26.189459
 10.560000 -2.664652 3.021488 26.339804
 10.580000 -2.598047 3.021659 26.519978
 10.600000 -2.644672 2.918110 26.300804
 10.620000 -2.616069 2.956328 26.465634
 10.640000 -2.502760 2.935675 26.967690
 10.660000 -2.481430 2.806083 26.981297
 10.680000 -2.382595 2.817553 27.713460
 10.700000 -2.546633 2.719705 26.201074
 10.720000 -2.564814 2.796076 26.386053
 10.740000 -2.793710 2.610635 23.801045
 10.760000 -2.714191 2.540909 23.690864
 10.780000 -2.822597 2.433452 22.004763
 10.800000 -2.732739 2.407860 22.357340
 10.820000 -2.836182 2.414859 21.753751
 10.840000 -2.871447 2.281372 20.348441
 10.860000 -2.910760 2.159125 19.219319
 10.880000 -2.981111 2.112330 18.725287
 10.900000 -2.834763 2.205189 19.905983
 10.920000 -2.810147 2.215537 20.135236
 10.940000 -2.687750 2.379195 22.462994
 10.960000 -2.718435 2.325047 21.727212
 10.980000 -2.516625 2.463022 24.824393
 11.000000 -2.560240 2.395027 23.826131
 11.020000 -2.419285 2.556546 26.488687
 11.040000 -2.391171 2.507725 26.500527
 11.060000 -2.291005 2.534466 27.750570
 11.080000 -2.365657 2.589386 27.221559
 11.100000 -2.376222 2.533768 26.817618
 11.120000 -2.546946 2.586126 25.420534
 11.140000 -2.686466 2.610530 24.463493
 11.160000 -2.660231 2.669225 25.075615
 11.180000 -2.733755 2.768241 25.284657
 11.200000 -2.802188 2.836811 25.405166
 11.220000 -2.811122 2.820824 25.283815
 11.240000 -2.799240 3.033420 26.125651
 11.260000 -2.815404 3.040828 26.124776
 11.280000 -2.679305 2.994945 26.292600
 11.300000 -2.737331 3.071693 26.213197
 11.320000 -2.820784 -3.126904 26.165283
 11.340000 -2.863657 -3.061369 26.142782
 11.360000 -2.972601 -3.065317 26.399083
 11.380000 -2.930166 -3.125775 26.308309
 11.400000 -2.766159 -3.065583 25.994089
 11.420000 -2.706617 -3.002743 25.669330
 11.440000 -2.628614 3.050379 26.407068
 11.460000 -2.454896 3.064689 26.889566
 11.480000 -2.480678 2.904067 27.092292
 11.500000 -2.469951 2.966990 27.100151
 11.520000 -2.505728 2.768210 26.702404
 11.540000 -2.560269 2.593489 25.350737
 11.560000 -2.456814 2.688716 26.801662
 11.580000 -2.460173 2.472688 25.505738
 11.600000 -2.459263 2.382332 24.862477
 11.620000 -2.546450 2.204847 22.513964
 11.640000 -2.486376 2.194763 23.180158
 11.660000 -2.508499 1.991257 21.866060
 11.680000 -2.583043 1.967882 20.869464
 11.700000 -2.741871 1.680873 19.330163
 11.720000 -2.885343 1.748153 18.143407
 11.740000 -2.982943 1.755594 17.795183
 11.760000 -2.930897 1.653025 18.178811
 11.780000 -2.831994 1.650463 18.722285
 11.800000 -2.877059 1.557812 18.862444
 11.820000 -2.814372 1.679704 18.741266
 11.840000 -2.759242 1.638806 19.343135
 11.860000 -2.676324 1.683815 19.965250
 11.880000 -2.548846 1.785607 21.178864
 11.900000 -2.466063 1.960133 22.342530
 11.920000 -2.448327 1.961137 22.586956
 11.940000 -2.484026 1.917331 22.017083
 11.960000 -2.390066 1.972300 23.424644
 11.980000 -2.444995 2.136041 23.352377
 12.000000 -2.371131 2.350112 25.705728
 12.020000 -2.446452 2.295428 24.380264
 12.040000 -2.299525 2.493865 27.450498
 12.060000 -2.411504 2.730505 27.337282
 12.080000 -2.416063 2.832519 27.481093
 12.100000 -2.579074 2.861721 26.490341
 12.120000 -2.592725 2.887393 26.473436
 12.140000 -2.630310 3.139160 26.211417
 12.160000 -2.615829 3.068052 26.409375
 12.180000 -2.765785 3.041513 26.170537
 12.200000 -2.834306 3.132230 26.188918
 12.220000 -2.832676 -3.053920 26.067427
 12.240000 -2.831488 -2.942004 25.701531
 12.260000 -2.855783 -3.049713 26.104630
 12.280000 -2.817623 -2.980255 25.812249
 12.300000 -2.885368 -2.779222 25.104646
 12.320000 -2.940864 -2.784076 25.424373
 12.340000 -2.941390 -2.969511 26.164419
 12.360000 -2.879036 -2.869333 25.551465
 12.380000 -2.738902 -2.862370 24.962998
 12.400000 -2.560219 -2.971799 25.321853
 12.420000 -2.491958 3.078182 26.709886
 12.440000 -2.410780 -3.101635 26.376678
 12.460000 -2.392821 3.101685 26.933396
 12.480000 -2.357306 2.992558 27.603090
 12.500000 -2.375552 2.811435 27.762579
 12.520000 -2.378840 2.750549 27.658791
 12.540000 -2.503597 2.676378 26.340641
 12.560000 -2.458031 2.533454 25.940376
 12.580000 -2.522485 2.300260 23.496910
 12.600000 -2.383387 2.140587 24.206151
 12.620000 -2.457110 2.123850 23.124476
 12.640000 -2.415987 1.999190 23.138040
 12.660000 -2.578032 1.897986 20.786737
 12.680000 -2.728339 1.839814 19.162796
 12.700000 -2.800330 1.764894 18.633869
 12.720000 -2.826920 1.760974 18.456287
 12.740000 -2.938761 1.707294 17.996732
 12.760000 -2.848062 1.797999 18.287095
 12.780000 -2.810359 1.897869 18.570140
 12.800000 -2.708172 1.879409 19.367159
 12.820000 -2.673940 1.933279 19.782422
 12.840000 -2.684619 1.930289 19.669869
 12.860000 -2.625309 2.116583 21.047254
 12.880000 -2.638176 2.245244 21.800911
 12.900000 -2.626045 2.180248 21.448185
 12.920000 -2.656568 2.266895 21.791255
 12.940000 -2.725968 2.244509 20.986933
 12.960000 -2.779841 2.328122 21.292814
 12.980000 -2.764259 2.522962 23.191748
 13.000000 -2.728129 2.489981 23.139339
 13.020000 -2.573400 2.707981 25.939491
 13.040000 -2.513010 3.012863 26.827100
 13.060000 -2.638158 3.058858 26.375706
 13.080000 -2.431979 -3.137089 26.550178
 13.100000 -2.618603 3.121871 26.277530
 13.120000 -2.450952 -2.941049 25.049624
 13.140000 -2.472117 -3.109699 26.291473
 13.160000 -2.544278 -3.078335 26.005509
 13.180000 -2.589139 -2.975109 25.366627
 13.200000 -2.641982 -3.060346 25.881553
 13.220000 -2.806996 3.076952 26.169046
 13.240000 -2.748494 3.086308 26.200395
 13.260000 -2.865097 -3.063767 26.149701
 13.280000 -2.945267 3.120721 26.300173
 13.300000 -2.804949 3.040289 26.131066
 13.320000 -2.922064 2.844982 25.189164
 13.340000 -2.687778 2.898887 26.083610
 13.360000 -2.773374 2.811477 25.365006
 13.380000 -2.721512 2.513388 23.396765
 13.400000 -2.727009 2.506973 23.300021
 13.420000 -2.688539 2.533328 23.815943
 13.440000 -2.715331 2.459628 22.960729
 13.460000 -2.699494 2.298266 21.656306
 13.480000 -2.601907 2.352644 23.043438
 13.500000 -2.561728 2.334596 23.320749
 13.520000 -2.333954 2.367357 26.282085
 13.540000 -2.509185 2.125911 22.464455
 13.560000 -2.481210 2.120439 22.790988
 13.580000 -2.574079 2.076908 21.407965
 13.600000 -2.692236 2.108437 20.324768
 13.620000 -2.747018 1.965048 19.193386
 13.640000 -2.831006 2.046571 18.924589
 13.660000 -2.973157 2.202580 19.361923
 13.680000 -2.895928 2.307110 20.468988
 13.700000 -2.870071 2.315683 20.659343
 13.720000 -2.822926 2.219861 20.090581
 13.740000 -2.501639 2.497359 25.237712
 13.760000 -2.560129 2.520652 24.825585
 13.780000 -2.394222 2.659763 27.250725
 13.800000 -2.344709 2.682644 27.789209
 13.820000 -2.399919 2.762950 27.510525
 13.840000 -2.437015 2.786673 27.266306
 13.860000 -2.455238 2.938880 27.214110
 13.880000 -2.772938 2.889863 25.760362
 13.900000 -2.714588 2.978308 26.181991
 13.920000 -2.699779 2.980959 26.223713
 13.940000 -2.751446 2.802849 25.405418
 13.960000 -2.515392 2.869890 26.869221
 13.980000 -2.708393 2.911098 26.045328
 14.000000 -2.731808 2.905832 25.949979
 14.020000 -2.587995 2.913635 26.538799
 14.040000 -2.783062 2.867534 25.627504
 14.060000 -2.853753 2.987226 25.970971
 14.080000 -2.757994 3.136382 26.157345
 14.100000 -3.048542 2.922428 25.641865
 14.120000 -2.896098 2.846407 25.238073
 14.140000 -2.842620 2.803808 25.083677
 14.160000 -2.894287 2.743559 24.513222
 14.180000 -2.618523 2.579117 24.745521
 14.200000 -2.602476 2.438298 23.756545
 14.220000 -2.580610 2.520818 24.633131
 14.240000 -2.581216 2.455274 24.104360
 14.260000 -2.709489 2.414625 22.599929
 14.280000 -2.704286 2.450619 22.965541
 14.300000 -2.609256 2.611778 25.060565
 14.320000 -2.666082 2.502988 23.735118
 14.340000 -2.568808 2.420317 23.942619
 14.360000 -2.472156 2.321891 24.258885
 14.380000 -2.482929 2.402636 24.738879
 14.400000 -2.312274 2.500412 27.342260
 14.420000 -2.361544 2.376414 26.001626
 14.440000 -2.416848 2.470526 25.976233
 14.460000 -2.395724 2.389477 25.673608
 14.480000 -2.617046 2.515306 24.257776
 14.500000 -2.734948 2.385489 22.137006
 14.520000 -2.758095 2.507745 23.092775
 14.540000 -2.850838 2.559711 23.061925
 14.560000 -2.764699 2.577738 23.678388
 14.580000 -2.808234 2.580416 23.458488
 14.600000 -2.949722 2.546579 22.590709
 14.620000 -2.720493 2.694881 24.872313
 14.640000 -2.746109 2.862612 25.729190
 14.660000 -2.739345 2.917220 25.964355
 14.680000 -2.599602 2.820373 26.255025
 14.700000 -2.766925 2.921512 25.901219
 14.720000 -2.738591 2.959813 26.086000
 14.740000 -2.705952 3.027119 26.252387
 14.760000 -2.766702 2.945372 25.979910
 14.780000 -2.612693 2.903160 26.408532
 14.800000 -2.395068 3.056038 27.159871
 14.820000 -2.637066 3.095456 26.316804
 14.840000 -2.537206 3.112057 26.457640
 14.860000 -2.663591 3.070739 26.313438
 14.880000 -2.726605 3.076597 26.222905
 14.900000 -2.598661 3.007426 26.529856
 14.920000 -2.734730 2.967633 26.112644
 14.940000 -2.866950 2.704099 24.277139
 14.960000 -2.791685 2.806822 25.269010
 14.980000 -2.968295 2.605015 23.116610
 15.000000 -2.844270 2.562473 23.117584
 15.020000 -2.697184 2.569950 24.059836
 15.040000 -2.800360 2.597218 23.649085
 15.060000 -2.657921 2.663449 25.052294
 15.080000 -2.715629 2.643716 24.524639
 15.100000 -2.829716 2.515241 22.745059
 15.120000 -2.626001 2.525757 24.263933
 15.140000 -2.609938 2.444584 23.737723
 15.160000 -2.552324 2.479613 24.585877
 15.180000 -2.466092 2.436351 25.180231
 15.200000 -2.727071 2.325650 21.662781
 15.220000 -2.603350 2.371243 23.184067
 15.240000 -2.516226 2.383144 24.211648
 15.260000 -2.642858 2.326241 22.414221
 15.280000 -2.525516 2.363319 23.952043
 15.300000 -2.557445 2.405792 23.942865
 15.320000 -2.658612 2.415367 23.037502
 15.340000 -2.586654 2.334792 23.054396
 15.360000 -2.659429 2.234177 21.504560
 15.380000 -2.871425 2.234754 19.954256
 15.400000 -2.781050 2.398107 21.924394
 15.420000 -3.049144 2.368231 20.703356
 15.440000 -2.976167 2.448258 21.561265
 15.460000 -2.851294 2.545329 22.924848
 15.480000 -2.863711 2.657992 23.898825
 15.500000 -2.574312 2.751547 26.144269
 15.520000 -2.415465 2.806576 27.460033
 15.540000 -2.452284 2.935650 27.233697
 15.560000 -2.212813 2.920776 28.714013
 15.580000 -2.314213 3.056214 27.511772
 15.600000 -2.450827 -3.118871 26.392777
 15.620000 -2.442985 3.083421 26.850843
 15.640000 -2.475272 -3.115539 26.319295
 15.660000 -2.611890 -3.100014 26.062561
 15.680000 -2.567151 -3.094466 26.070537
 15.700000 -2.750456 3.133174 26.161567
 15.720000 -2.772008 3.073011 26.184062
 15.740000 -2.708222 2.949627 26.144678
 15.760000 -2.825298 2.964817 25.930135
 15.780000 -2.898800 2.852711 25.273543
 15.800000 -2.929051 2.821249 25.018076
 15.820000 -2.977639 2.737130 24.300559
 15.840000 -2.955260 2.746619 24.411769
 15.860000 -2.888004 2.714405 24.297046
 15.880000 -2.889784 2.718960 24.329148
 15.900000 -2.750044 2.791005 25.344164
 15.920000 -2.795166 2.674887 24.329315
 15.940000 -2.582862 2.630027 25.401775
 15.960000 -2.528374 2.613457 25.767856
 15.980000 -2.523168 2.570002 25.532813
 16.000000 -2.546569 2.609858 25.581775
 16.020000 -2.627356 2.563715 24.554067
 16.040000 -2.669373 2.453916 23.281811
 16.060000 -2.620537 2.545966 24.472666
 16.080000 -2.574172 2.516377 24.659160
 16.100000 -2.577206 2.612151 25.329862
 16.120000 -2.424973 2.613456 26.745115
 16.140000 -2.457630 2.587643 26.281984
 16.160000 -2.349620 2.639314 27.596991
 16.180000 -2.445811 2.667104 26.806301
 16.200000 -2.522482 2.630191 25.922928
 16.220000 -2.574161 2.712611 25.957819
 16.240000 -2.624138 2.582866 24.727431
 16.260000 -2.766486 2.610959 23.953716
 16.280000 -2.827174 2.592339 23.471542
 16.300000 -2.981410 2.560552 22.658777
 16.320000 -2.882153 2.564713 22.978202
 16.340000 -2.865820 2.580123 23.187927
 16.360000 -2.783848 2.496629 22.827679
 16.380000 -2.764928 2.609168 23.947545
 16.400000 -2.805437 2.684072 24.355162
 16.420000 -2.746893 2.660400 24.466560
 16.440000 -2.678396 2.811605 25.789439
 16.460000 -2.701890 2.718367 25.139028
 16.480000 -2.668849 2.856111 26.019634
 16.500000 -2.669478 2.888824 26.126417
 16.520000 -2.734264 2.994208 26.162792
 16.540000 -2.580506 2.990220 26.602098
 16.560000 -2.514029 2.988002 26.866734
 16.580000 -2.585552 3.029815 26.547986
 16.600000 -2.529543 3.090159 26.556686
 16.620000 -2.713425 3.027394 26.238505
 16.640000 -2.769274 3.028695 26.152396
 16.660000 -2.759468 2.974802 26.073328
 16.680000 -2.838141 2.955626 25.880537
 16.700000 -2.832640 2.999609 26.024747
 16.720000 -2.751204 2.848013 25.641836
 16.740000 -2.841645 2.717126 24.468026
 16.760000 -2.758224 2.735922 24.959370
 16.780000 -2.819539 2.637943 23.908165
 16.800000 -2.782349 2.563411 23.447706
 16.820000 -2.771926 2.414801 22.140448
 16.840000 -2.726862 2.532939 23.531414
 16.860000 -2.704959 2.326527 21.852017
 16.880000 -2.716347 2.411859 22.520390
 16.900000 -2.787118 2.283992 20.854715
 16.920000 -2.657350 2.433238 23.205114
 16.940000 -2.525930 2.577694 25.558235
 16.960000 -2.528622 2.433545 24.469303
 16.980000 -2.539522 2.523336 25.045505
 17.000000 -2.601275 2.463745 23.979924
 17.020000 -2.746828 2.631752 24.240266
 17.040000 -2.642597 2.559690 24.396812
 17.060000 -2.817021 2.514082 22.800633
 17.080000 -2.839431 2.675339 24.139446
 17.100000 -2.772832 2.744803 24.951937
 17.120000 -2.794799 2.820258 25.335931
 17.140000 -2.824501 2.564712 23.233118
 17.160000 -2.612083 2.766125 25.958437
 17.180000 -2.709277 2.870274 25.901023
 17.200000 -2.627355 2.860082 26.231758
 17.220000 -2.609986 2.750238 25.895706
 17.240000 -2.804928 2.802520 25.195424
 17.260000 -2.689468 2.894741 26.064434
 17.280000 -2.679845 2.963909 26.255414
 17.300000 -2.904808 2.662819 23.807935
 17.320000 -2.685879 2.763655 25.505456
 17.340000 -2.750220 2.835810 25.584840
 17.360000 -2.748524 2.711408 24.837356
 17.380000 -2.541293 2.750337 26.374844
 17.400000 -2.672316 2.638874 24.777438
 17.420000 -2.632105 2.704198 25.493909
 17.440000 -2.488309 2.753166 26.784189
 17.460000 -2.785981 2.551173 23.316526
 17.480000 -2.713961 2.458800 22.963772
 17.500000 -2.646241 2.523466 24.072538
 17.520000 -2.797355 2.458739 22.390565
 17.540000 -2.591036 2.267788 22.470767
 17.560000 -2.656823 2.359249 22.563582
 17.580000 -2.738383 2.269017 21.086502
 17.600000 -2.548265 2.521425 24.945994
 17.620000 -2.717118 2.279009 21.343846
 17.640000 -2.680266 2.310531 21.930670
 17.660000 -2.657493 2.500950 23.789093
 17.680000 -2.752381 2.385949 22.011499
 17.700000 -2.754840 2.403580 22.155544
 17.720000 -2.633048 2.315342 22.419011
 17.740000 -2.795928 2.277668 20.741312
 17.760000 -2.617094 2.331733 22.714979
 17.780000 -2.614316 2.295599 22.445832
 17.800000 -2.733038 2.122350 20.048815
 17.820000 -2.549980 2.263873 22.900723
 17.840000 -2.603944 2.276688 22.401957
 17.860000 -2.558978 2.284408 22.955351
 17.880000 -2.546372 2.087652 21.795484
 17.900000 -2.650111 2.092052 20.645014
 17.920000 -2.577425 2.272769 22.658864
 17.940000 -2.581333 2.191399 22.016508
 17.960000 -2.579533 2.243597 22.412856
 17.980000 -2.562483 2.321861 23.210737
 18.000000 -2.551575 2.431610 24.212045
 18.020000 -2.789699 2.491140 22.741053
 18.040000 -2.736525 2.576506 23.843855
 18.060000 -2.828328 2.664161 24.091965
 18.080000 -2.750968 2.746333 25.063449
 18.100000 -2.645981 2.881765 26.207442
 18.120000 -2.789862 2.745125 24.879758
 18.140000 -2.747447 2.926709 25.971546
 18.160000 -2.804233 3.078198 26.170713
 18.180000 -2.845683 2.969232 25.919508
 18.200000 -2.823882 3.095509 26.179222
 18.220000 -2.755384 3.138943 26.153819
 18.240000 -2.780362 3.114428 26.177108
 18.260000 -2.670700 3.027836 26.325612
 18.280000 -2.728746 3.030685 26.213803
 18.300000 -2.670447 2.878677 26.090788
 18.320000 -2.622958 2.929393 26.407904
 18.340000 -2.670521 2.905495 26.169022
 18.360000 -2.618993 2.734508 25.754734
 18.380000 -2.638307 2.845603 26.129459
 18.400000 -2.710430 2.778377 25.458664
 18.420000 -2.623642 2.706074 25.563808
 18.440000 -2.500623 2.801094 26.834936
 18.460000 -2.626198 2.712866 25.585456
 18.480000 -2.405866 2.685371 27.241353
 18.500000 -2.675726 2.664255 24.935848
 18.520000 -2.733634 2.559145 23.713716
 18.540000 -2.806408 2.521178 22.924909
 18.560000 -2.891384 2.435914 21.698060
 18.580000 -2.983164 2.464372 21.706150
 18.600000 -2.857293 2.634606 23.717453
 18.620000 -2.910510 2.421144 21.481608
 18.640000 -2.846829 2.488887 22.408518
 18.660000 -2.704243 2.437758 22.850359
 18.680000 -2.703833 2.383963 22.370115
 18.700000 -2.617879 2.536614 24.421575
 18.720000 -2.693057 2.534022 23.787474
 18.740000 -2.631226 2.436582 23.470165
 18.760000 -2.619874 2.653164 25.260482
 18.780000 -2.683091 2.605831 24.450802
 18.800000 -2.685149 2.600528 24.394387
 18.820000 -2.642334 2.751521 25.694751
 18.840000 -2.619583 2.697984 25.544836
 18.860000 -2.434952 2.714563 27.088689
 18.880000 -2.366712 2.740724 27.740680
 18.900000 -2.504768 2.726890 26.558948
 18.920000 -2.503089 2.791744 26.792938
 18.940000 -2.705528 2.681929 24.868797
 18.960000 -2.752754 2.625992 24.158548
 18.980000 -2.782917 2.716505 24.706359
 19.000000 -2.891002 2.692110 24.102642
 19.020000 -2.887737 2.701354 24.190008
 19.040000 -2.846677 2.712112 24.410439
 19.060000 -2.832643 2.588902 23.414585
 19.080000 -2.656392 2.697613 25.288328
 19.100000 -2.688376 2.600439 24.370610
 19.120000 -2.687297 2.608790 24.444030
 19.140000 -2.725112 2.730177 25.087923
 19.160000 -2.842884 2.626893 23.708179
 19.180000 -2.885434 2.565808 22.976253
 19.200000 -2.820451 2.621576 23.762646
 19.220000 -2.818244 2.625031 23.803085
 19.240000 -2.591496 2.700992 25.766497
 19.260000 -2.516226 2.441053 24.660215
 19.280000 -2.499388 2.442947 24.857414
 19.300000 -2.370481 2.519512 26.799442
 19.320000 -2.415401 2.631979 26.929002
 19.340000 -2.529350 2.540468 25.268963
 19.360000 -2.408819 2.517456 26.365334
 19.380000 -2.613972 2.615611 25.049526
 19.400000 -2.672789 2.732214 25.398295
 19.420000 -2.745723 2.553447 23.583837
 19.440000 -2.862581 2.601163 23.395097
 19.460000 -2.807371 2.596165 23.603489
 19.480000 -2.588688 2.647787 25.469556
 19.500000 -2.748962 2.592917 23.905065
 19.520000 -2.713882 2.650382 24.586403
 19.540000 -2.668209 2.738836 25.465251
 19.560000 -2.872207 2.727942 24.452106
 19.580000 -2.797537 2.767903 25.002849
 19.600000 -2.861806 2.579403 23.197886
 19.620000 -2.907115 2.803619 24.931311
 19.640000 -2.837646 2.894516 25.618849
 19.660000 -2.868422 2.745623 24.600247
 19.680000 -2.888338 2.674691 23.961368
 19.700000 -2.665776 2.931789 26.247249
 19.720000 -2.657121 3.109819 26.258991
 19.740000 -2.665351 3.077411 26.302483
 19.760000 -2.606029 3.057118 26.450961
 19.780000 -2.706170 3.037032 26.255227
 19.800000 -2.632106 3.025300 26.420743
 19.820000 -2.769417 3.014957 26.132917
 19.840000 -2.779260 2.807621 25.320324
 19.860000 -2.790327 2.732806 24.791067
 19.880000 -2.730661 2.787510 25.411916
 19.900000 -2.889023 2.558889 22.897161
 19.920000 -2.670536 2.709362 25.270703
 19.940000 -2.715376 2.536624 23.645182
 19.960000 -2.560464 2.701706 26.005603
 19.980000 -2.469312 2.533505 25.823876
 20.000000 -2.594189 2.466797 24.072721
