#! FIELDS time phi psi metad.bias
#! SET min_phi -pi
#! SET max_phi pi
#! SET min_psi -pi
#! SET max_psi pi
 0.000000 3.141580 -3.141577 55.063275
 0.020000 -2.384722 2.463587 6.300695
 0.040000 -2.364649 2.441636 5.968387
 0.060000 -2.358079 2.419472 5.773250
 0.080000 -2.366002 2.470863 6.217669
 0.100000 -2.375061 2.430381 5.967590
 0.120000 -2.404573 2.425984 6.191727
 0.140000 -2.358435 2.464178 6.104374
 0.160000 -2.385000 2.508876 6.756847
 0.180000 -2.400124 2.556726 7.516714
 0.200000 -2.412187 2.570948 7.855810
 0.220000 -2.490117 2.523044 8.239342
 0.240000 -2.406653 2.566450 7.727571
 0.260000 -2.462200 2.541820 8.062076
 0.280000 -2.457063 2.531383 7.842493
 0.300000 -2.421064 2.510145 7.123703
 0.320000 -2.467203 2.506092 7.664088
 0.340000 -2.494984 2.445341 7.448409
 0.360000 -2.371970 2.373482 5.645613
 0.380000 -2.539247 2.396570 7.792134
 0.400000 -2.408051 2.405562 6.100221
 0.420000 -2.409780 2.399954 6.086062
 0.440000 -2.461263 2.368726 6.490086
 0.460000 -2.330347 2.303194 5.194036
 0.480000 -2.341248 2.312965 5.273944
 0.500000 -2.275198 2.353707 5.026214
 0.520000 -2.174302 2.356902 4.754764
 0.540000 -2.076982 2.377036 4.817402
 0.560000 -2.165645 2.367891 4.793169
 0.580000 -2.126506 2.396198 4.937546
 0.600000 -2.297027 2.284332 4.994550
 0.620000 -2.254257 2.361284 4.972289
 0.640000 -2.241460 2.320438 4.808240
 0.660000 -2.196836 2.346375 4.752983
 0.680000 -2.175389 2.341912 4.700406
 0.700000 -2.171978 2.406956 5.032971
 0.720000 -2.090489 2.388155 4.888786
 0.740000 -1.909670 2.452307 5.907971
 0.760000 -2.021106 2.549160 7.140679
 0.780000 -1.998203 2.426828 5.354188
 0.800000 -2.100416 2.516027 6.290230
 0.820000 -2.151810 2.520131 6.256121
 0.840000 -2.135324 2.494991 5.925394
 0.860000 -1.983549 2.379651 4.923706
 0.880000 -2.261478 2.443567 5.474399
 0.900000 -2.136245 2.362269 4.740805
 0.920000 -2.322650 2.351214 5.248764
 0.940000 -2.455190 2.230900 6.160089
 0.960000 -2.468960 2.190526 6.308171
 0.980000 -2.514511 2.258116 6.879573
 1.000000 -2.652179 2.260747 9.258387
 1.020000 -2.628175 2.263296 8.778706
 1.040000 -2.485910 2.197316 6.491941
 1.060000 -2.438478 2.317682 6.074439
 1.080000 -2.081181 2.397958 4.966326
 1.100000 -2.055373 2.475661 5.822401
 1.120000 -1.945630 2.381568 5.005995
 1.140000 -1.841342 2.450119 6.098266
 1.160000 -1.798695 2.333432 4.952513
 1.180000 -1.763074 2.396301 5.640026
 1.200000 -1.641835 2.293188 5.152531
 1.220000 -1.744563 2.301848 4.890794
 1.240000 -1.837122 2.390112 5.355095
 1.260000 -1.608086 2.228720 4.999870
 1.280000 -1.840995 2.211858 4.354299
 1.300000 -1.533468 2.175340 5.146905
 1.320000 -1.610953 2.306036 5.322633
 1.340000 -1.443877 2.235247 5.488344
 1.360000 -1.397587 2.268598 5.668229
 1.380000 -1.174782 2.196091 5.572464
 1.400000 -1.113277 2.198714 5.462506
 1.420000 -1.003784 2.172103 5.204869
 1.440000 -0.986604 2.207619 5.168291
 1.460000 -1.075058 2.235637 5.401007
 1.480000 -0.995303 2.250315 5.253152
 1.500000 -1.028265 2.224412 5.279795
 1.520000 -1.127816 2.160483 5.513288
 1.540000 -1.041478 2.097767 5.420134
 1.560000 -1.185945 2.120781 5.659898
 1.580000 -1.233321 2.125417 5.684438
 1.600000 -1.188507 2.121743 5.660888
 1.620000 -1.313305 2.086056 5.714763
 1.640000 -1.479205 2.200153 5.334730
 1.660000 -1.397860 2.173033 5.505829
 1.680000 -1.696881 2.330282 5.220860
 1.700000 -1.646559 2.429280 6.395242
 1.720000 -1.706128 2.522424 7.822129
 1.740000 -1.828273 2.471320 6.471669
 1.760000 -1.820583 2.504078 7.077417
 1.780000 -1.815594 2.471056 6.510580
 1.800000 -1.948200 2.534021 7.152238
 1.820000 -1.942626 2.553613 7.577325
 1.840000 -2.036669 2.501142 6.243407
 1.860000 -2.324823 2.438804 5.697022
 1.880000 -2.345639 2.522236 6.626373
 1.900000 -2.563028 2.414649 8.375536
 1.920000 -2.625588 2.435995 9.990455
 1.940000 -2.578120 2.382215 8.413094
 1.960000 -2.674630 2.481066 12.019243
 1.980000 -2.645314 2.432873 10.456426
 2.000000 -2.605409 2.494801 10.293712
 2.020000 -2.690597 2.426915 11.624104
 2.040000 -2.487763 2.465605 7.527242
 2.060000 -2.449038 2.650908 9.794105
 2.080000 -2.466834 2.567223 8.518234
 2.100000 -2.371571 2.598530 7.925390
 2.120000 -2.497923 2.642543 10.497267
 2.140000 -2.416106 2.666109 9.659814
 2.160000 -2.318687 2.605114 7.729876
 2.180000 -2.407150 2.567960 7.755842
 2.200000 -2.197479 2.615497 7.842262
 2.220000 -2.085878 2.612128 8.172632
 2.240000 -2.194281 2.531385 6.379695
 2.260000 -2.093554 2.448258 5.417513
 2.280000 -2.129480 2.419835 5.115537
 2.300000 -2.319450 2.468086 5.907038
 2.320000 -2.153815 2.374503 4.815775
 2.340000 -2.305944 2.347847 5.149734
 2.360000 -2.455612 2.365267 6.408361
 2.380000 -2.295600 2.404018 5.332712
 2.400000 -2.369936 2.341885 5.528455
 2.420000 -2.322622 2.406746 5.481367
 2.440000 -2.205977 2.412020 5.114060
 2.460000 -2.342616 2.484324 6.188020
 2.480000 -2.401431 2.448350 6.323588
 2.500000 -2.390847 2.527116 7.027418
 2.520000 -2.582881 2.451350 9.162938
 2.540000 -2.479875 2.492655 7.695046
 2.560000 -2.602357 2.505581 10.385674
 2.580000 -2.569617 2.493274 9.401960
 2.600000 -2.579347 2.494661 9.647319
 2.620000 -2.447354 2.498329 7.302180
 2.640000 -2.427467 2.389244 6.206509
 2.660000 -2.228152 2.502380 5.999822
 2.680000 -2.311115 2.509698 6.297293
 2.700000 -2.232507 2.566897 6.921207
 2.720000 -2.123072 2.506399 6.101241
 2.740000 -2.187269 2.512542 6.117263
 2.760000 -2.081653 2.528908 6.547714
 2.780000 -2.054793 2.441827 5.410789
 2.800000 -2.192428 2.406883 5.057517
 2.820000 -2.009361 2.350467 4.682988
 2.840000 -2.017194 2.311640 4.479964
 2.860000 -2.058807 2.146744 4.390381
 2.880000 -2.019970 2.165373 4.309212
 2.900000 -2.117823 2.153241 4.494374
 2.920000 -2.229087 2.087581 4.955489
 2.940000 -2.104239 2.058649 4.696384
 2.960000 -2.245740 1.979912 5.250562
 2.980000 -2.154118 2.006621 4.956122
 3.000000 -2.098132 2.044581 4.727467
 3.020000 -2.076961 2.058042 4.646828
 3.040000 -1.943533 2.035655 4.579445
 3.060000 -1.893103 2.137458 4.304907
 3.080000 -1.977908 2.073406 4.469077
 3.100000 -1.859079 2.187819 4.308387
 3.120000 -1.839495 2.203396 4.346245
 3.140000 -1.768920 2.405752 5.732493
 3.160000 -1.659029 2.377864 5.752931
 3.180000 -1.633657 2.453263 6.773837
 3.200000 -1.698538 2.469914 6.862342
 3.220000 -1.493196 2.454627 7.059289
 3.240000 -1.558130 2.504786 7.798434
 3.260000 -1.442088 2.534893 8.457498
 3.280000 -1.368109 2.514026 8.040047
 3.300000 -1.305332 2.385696 6.358279
 3.320000 -1.325497 2.364562 6.200288
 3.340000 -1.259006 2.316568 5.897198
 3.360000 -1.130068 2.307976 5.699333
 3.380000 -1.185184 2.192398 5.587128
 3.400000 -1.134544 2.228765 5.517111
 3.420000 -1.352024 2.127982 5.602415
 3.440000 -1.280989 2.119626 5.686574
 3.460000 -1.164651 2.049224 5.813192
 3.480000 -1.125524 2.005837 5.915046
 3.500000 -1.130772 2.109354 5.602296
 3.520000 -1.297417 1.908500 6.350462
 3.540000 -1.218837 1.976649 6.106990
 3.560000 -1.249697 1.758945 7.282706
 3.580000 -1.008067 1.839101 6.536285
 3.600000 -1.191903 1.758469 7.325896
 3.620000 -1.312275 1.741619 7.301089
 3.640000 -1.366858 1.649614 7.813779
 3.660000 -1.539922 1.610779 7.699117
 3.680000 -1.410122 1.690608 7.433918
 3.700000 -1.496479 1.410754 8.977858
 3.720000 -1.428157 1.495516 8.688161
 3.740000 -1.422701 1.267952 9.716363
 3.760000 -1.428948 1.402975 9.186880
 3.780000 -1.259495 1.179905 10.297108
 3.800000 -1.167690 1.259163 10.156715
 3.820000 -1.126936 1.102252 10.445890
 3.840000 -1.509330 1.201725 9.572512
 3.860000 -1.338141 1.051993 10.225601
 3.880000 -1.341615 1.156886 10.166122
 3.900000 -1.209019 1.015452 10.467748
 3.920000 -1.323354 1.053073 10.266026
 3.940000 -1.418267 0.866732 9.621012
 3.960000 -1.530644 1.059437 9.516620
 3.980000 -1.443723 0.907696 9.633892
 4.000000 -1.483925 0.957195 9.574892
 4.020000 -1.723949 0.930074 8.273108
 4.040000 -1.637217 0.916336 8.717603
 4.060000 -1.609750 0.895940 8.806929
 4.080000 -1.283096 0.689540 9.342472
 4.100000 -1.183477 0.786351 10.050928
 4.120000 -1.202143 0.641442 9.318130
 4.140000 -1.194940 0.607330 9.134046
 4.160000 -1.098694 0.455757 8.380530
 4.180000 -1.215591 0.565928 8.801911
 4.200000 -1.372203 0.472645 7.670167
 4.220000 -1.335365 0.491574 7.901535
 4.240000 -1.397335 0.386039 7.062044
 4.260000 -1.355450 0.474217 7.725245
 4.280000 -1.435789 0.463927 7.468415
 4.300000 -1.464295 0.384393 6.980051
 4.320000 -1.398814 0.283103 6.497699
 4.340000 -1.446481 0.299976 6.580288
 4.360000 -1.508811 0.354754 6.836304
 4.380000 -1.372403 0.305226 6.623838
 4.400000 -1.250682 0.134773 5.855101
 4.420000 -1.410479 0.140659 6.005713
 4.440000 -1.283216 0.130976 5.835539
 4.460000 -1.197105 0.063164 5.594503
 4.480000 -1.085562 0.003219 5.439320
 4.500000 -1.005060 0.004118 5.529988
 4.520000 -1.140000 0.024729 5.481733
 4.540000 -1.062396 0.080382 5.810583
 4.560000 -1.049795 -0.009852 5.422835
 4.580000 -1.075983 0.051776 5.647604
 4.600000 -1.324090 0.091258 5.743584
 4.620000 -1.381080 0.253813 6.360463
 4.640000 -1.355814 0.155790 5.961170
 4.660000 -1.372232 0.358350 6.931456
 4.680000 -1.289285 0.291997 6.654395
 4.700000 -1.496707 0.468876 7.387083
 4.720000 -1.489117 0.503569 7.588016
 4.740000 -1.412908 0.487256 7.664000
 4.760000 -1.435532 0.683931 8.766916
 4.780000 -1.345010 0.631415 8.794695
 4.800000 -1.491838 0.874970 9.328183
 4.820000 -1.282726 0.692502 9.359721
 4.840000 -1.267726 0.895092 10.196093
 4.860000 -1.182716 0.889482 10.342199
 4.880000 -1.393779 0.955469 9.938196
 4.900000 -1.357983 0.987874 10.113211
 4.920000 -1.393592 1.014612 10.024444
 4.940000 -1.412833 0.935739 9.825812
 4.960000 -1.391573 1.156704 10.025229
 4.980000 -1.393766 0.952092 9.931775
 5.000000 -1.322178 1.020064 10.253000
 5.020000 -1.344567 0.990746 10.159020
 5.040000 -1.324928 1.004658 10.232154
 5.060000 -1.242151 0.975950 10.391387
 5.080000 -1.270870 0.995967 10.356133
 5.100000 -1.367247 0.980531 10.072899
 5.120000 -1.315918 0.989838 10.240980
 5.140000 -1.283599 0.970613 10.299112
 5.160000 -1.502911 0.977615 9.530019
 5.180000 -1.220144 0.767207 9.897149
 5.200000 -1.421381 0.856089 9.574026
 5.220000 -1.256104 0.777329 9.844848
 5.240000 -1.250369 0.820515 10.022586
 5.260000 -1.116951 0.675152 9.703396
 5.280000 -1.399880 0.777304 9.359555
 5.300000 -1.347677 0.696407 9.159942
 5.320000 -1.342045 0.630662 8.800358
 5.340000 -1.265756 0.629365 9.049768
 5.360000 -1.123035 0.557081 9.015744
 5.380000 -1.206111 0.624301 9.205064
 5.400000 -1.113435 0.520210 8.795059
 5.420000 -1.144272 0.396200 7.795028
 5.440000 -1.352405 0.537342 8.163246
 5.460000 -1.384759 0.429155 7.354200
 5.480000 -1.277244 0.361395 7.142513
 5.500000 -1.314447 0.396373 7.293721
 5.520000 -1.232569 0.338598 7.097111
 5.540000 -1.192227 0.288349 6.847945
 5.560000 -1.421841 0.332162 6.734949
 5.580000 -1.174673 0.222450 6.442555
 5.600000 -1.404736 0.198333 6.152430
 5.620000 -1.260265 0.264069 6.532553
 5.640000 -1.266347 0.265399 6.529895
 5.660000 -1.169023 0.225940 6.478352
 5.680000 -1.278267 0.320779 6.862037
 5.700000 -1.202377 0.296047 6.875029
 5.720000 -1.309333 0.317947 6.782272
 5.740000 -1.375910 0.454826 7.542223
 5.760000 -1.250153 0.452062 7.877323
 5.780000 -1.496394 0.509602 7.605119
 5.800000 -1.324891 0.660742 9.039280
 5.820000 -1.300819 0.531306 8.285853
 5.840000 -1.307478 0.718601 9.414821
 5.860000 -1.284456 0.690888 9.345348
 5.880000 -1.324119 0.655990 9.014105
 5.900000 -1.323165 0.779504 9.647797
 5.920000 -1.226809 0.891458 10.276618
 5.940000 -1.181554 0.788055 10.060637
 5.960000 -1.381506 1.031757 10.081083
 5.980000 -1.381566 1.140042 10.072692
 6.000000 -1.493186 1.100789 9.693647
 6.020000 -1.427596 1.159760 9.906277
 6.040000 -1.379957 1.193048 10.007445
 6.060000 -1.337140 1.159102 10.174622
 6.080000 -1.176019 1.268256 10.131228
 6.100000 -1.104685 1.142282 10.363784
 6.120000 -1.248526 1.297905 9.998105
 6.140000 -1.288429 1.383995 9.588268
 6.160000 -1.388590 1.310095 9.677667
 6.180000 -1.393158 1.251566 9.843442
 6.200000 -1.260199 1.481423 9.109729
 6.220000 -1.309237 1.320082 9.822294
 6.240000 -1.214063 1.277193 10.096743
 6.260000 -1.261160 1.210168 10.234218
 6.280000 -1.398016 1.179830 9.975405
 6.300000 -1.358159 1.173269 10.100057
 6.320000 -1.284980 1.087566 10.352834
 6.340000 -1.385379 1.150084 10.051259
 6.360000 -1.343229 1.163721 10.153003
 6.380000 -1.403830 1.108279 10.022092
 6.400000 -1.435781 0.975711 9.812644
 6.420000 -1.441640 1.035562 9.866776
 6.440000 -1.377486 0.926025 9.936642
 6.460000 -1.351797 0.867937 9.874151
 6.480000 -1.230774 0.736583 9.736623
 6.500000 -1.313094 0.771876 9.648281
 6.520000 -1.285488 0.578648 8.659244
 6.540000 -1.375537 0.598575 8.487054
 6.560000 -1.421296 0.444520 7.378082
 6.580000 -1.346395 0.482443 7.806553
 6.600000 -1.115939 0.305707 7.192554
 6.620000 -1.165549 0.435622 8.025263
 6.640000 -1.054105 0.094748 5.904005
 6.660000 -1.213581 0.163404 6.022808
 6.680000 -1.244548 -0.084951 5.428045
 6.700000 -1.155819 -0.129800 5.270492
 6.720000 -1.283121 -0.181738 5.737927
 6.740000 -1.327412 -0.178244 5.917211
 6.760000 -1.279931 -0.257381 6.030572
 6.780000 -1.349030 -0.204653 6.124279
 6.800000 -1.251836 -0.260073 5.920014
 6.820000 -1.254350 -0.242407 5.850956
 6.840000 -1.210125 -0.292411 5.906344
 6.860000 -1.237025 -0.183075 5.571736
 6.880000 -1.145489 -0.175119 5.304159
 6.900000 -1.315711 -0.057975 5.608829
 6.920000 -1.353492 0.020688 5.708461
 6.940000 -1.365244 0.062847 5.772588
 6.960000 -1.384535 0.144887 5.966349
 6.980000 -1.320773 0.254990 6.394768
 7.000000 -1.244509 0.325033 6.969855
 7.020000 -1.213545 0.487506 8.256151
 7.040000 -1.165171 0.516396 8.618022
 7.060000 -1.242562 0.851632 10.140238
 7.080000 -1.124438 0.794160 10.163440
 7.100000 -1.331752 0.923909 10.084680
 7.120000 -1.396893 0.909047 9.824623
 7.140000 -1.343160 0.975562 10.143079
 7.160000 -1.245222 1.084874 10.422664
 7.180000 -1.199212 1.011154 10.475458
 7.200000 -1.298379 1.232736 10.118572
 7.220000 -1.470337 1.316203 9.431263
 7.240000 -1.472938 1.404562 9.067129
 7.260000 -1.366603 1.483179 8.903486
 7.280000 -1.458761 1.687627 7.342197
 7.300000 -1.232193 1.677797 7.848101
 7.320000 -1.252382 1.724904 7.504848
 7.340000 -1.161891 1.678209 7.870859
 7.360000 -1.109289 1.854835 6.669345
 7.380000 -1.046639 1.812919 6.809901
 7.400000 -1.094709 1.869195 6.559999
 7.420000 -1.161529 1.826690 6.888968
 7.440000 -1.371007 2.051742 5.696045
 7.460000 -1.438027 2.085030 5.470599
 7.480000 -1.473393 2.078065 5.381078
 7.500000 -1.526882 2.027482 5.328856
 7.520000 -1.495945 2.177104 5.262851
 7.540000 -1.526464 2.220465 5.235498
 7.560000 -1.546360 2.248123 5.252154
 7.580000 -1.384854 2.225208 5.579804
 7.600000 -1.470780 2.297862 5.655811
 7.620000 -1.481502 2.434493 6.801702
 7.640000 -1.541400 2.392040 6.210330
 7.660000 -1.505319 2.381067 6.174423
 7.680000 -1.532844 2.468816 7.219512
 7.700000 -1.508296 2.409777 6.466511
 7.720000 -1.579717 2.365716 5.860254
 7.740000 -1.604949 2.279359 5.197382
 7.760000 -1.663624 2.162490 4.724971
 7.780000 -1.674184 2.328021 5.273719
 7.800000 -1.571255 2.143174 5.013479
 7.820000 -1.672759 2.124313 4.705748
 7.840000 -1.659385 2.097767 4.773763
 7.860000 -1.782218 2.224591 4.489204
 7.880000 -1.683101 2.131414 4.671845
 7.900000 -1.652104 2.194544 4.788988
 7.920000 -1.578851 2.203756 5.038503
 7.940000 -1.530191 2.331895 5.718116
 7.960000 -1.387217 2.236662 5.597871
 7.980000 -1.338816 2.358357 6.157033
 8.000000 -1.380478 2.277976 5.722267
 8.020000 -1.116189 2.451854 6.892559
 8.040000 -1.107371 2.373204 6.049594
 8.060000 -1.062044 2.349993 5.816057
 8.080000 -1.021277 2.308447 5.510233
 8.100000 -1.135109 2.341770 5.874901
 8.120000 -1.036340 2.225580 5.299836
 8.140000 -0.989146 2.238249 5.215012
 8.160000 -1.216575 2.138650 5.658239
 8.180000 -1.329185 2.097186 5.675105
 8.200000 -1.353303 2.074704 5.678921
 8.220000 -1.531523 1.854034 6.089166
 8.240000 -1.443598 1.924640 5.950702
 8.260000 -1.585323 1.738693 6.720071
 8.280000 -1.699782 1.802879 6.080124
 8.300000 -1.678906 1.619274 7.395855
 8.320000 -1.656066 1.605552 7.525211
 8.340000 -1.528056 1.655571 7.413615
 8.360000 -1.553292 1.587233 7.831195
 8.380000 -1.464019 1.570140 8.133544
 8.400000 -1.505812 1.605669 7.803876
 8.420000 -1.228111 1.479642 9.154183
 8.440000 -1.169483 1.479141 9.176303
 8.460000 -0.889547 1.351156 8.800678
 8.480000 -0.988767 1.437768 8.979080
 8.500000 -1.147119 1.428718 9.444193
 8.520000 -1.258057 1.429096 9.406520
 8.540000 -1.397814 1.508087 8.682599
 8.560000 -1.392640 1.451647 9.023881
 8.580000 -1.460519 1.393094 9.152515
 8.600000 -1.512426 1.357899 9.162113
 8.620000 -1.511384 1.114650 9.620993
 8.640000 -1.525769 1.220839 9.487686
 8.660000 -1.467652 1.057292 9.780397
 8.680000 -1.492213 0.942689 9.506826
 8.700000 -1.454848 0.978965 9.740476
 8.720000 -1.476372 0.951742 9.596776
 8.740000 -1.394820 0.963835 9.949663
 8.760000 -1.353834 0.827835 9.733319
 8.780000 -1.204789 0.835472 10.171594
 8.800000 -1.173751 0.821548 10.183450
 8.820000 -1.051707 0.649857 9.678565
 8.840000 -1.120554 0.710983 9.861305
 8.860000 -1.176142 0.643552 9.401820
 8.880000 -1.333981 0.719901 9.331474
 8.900000 -1.330900 0.665642 9.046880
 8.920000 -1.318077 0.668345 9.106688
 8.940000 -1.478270 0.757721 8.949308
 8.960000 -1.287525 0.661280 9.169031
 8.980000 -1.373428 0.636610 8.727054
 9.000000 -1.276380 0.682643 9.326512
 9.020000 -1.415612 0.586009 8.276776
 9.040000 -1.454422 0.585954 8.151484
 9.060000 -1.503543 0.608266 8.114491
 9.080000 -1.476025 0.632492 8.339451
 9.100000 -1.291917 0.414656 7.481071
 9.120000 -1.364607 0.553566 8.232976
 9.140000 -1.009904 0.386855 8.097217
 9.160000 -1.195194 0.411422 7.747718
 9.180000 -0.974533 0.345382 7.861576
 9.200000 -0.992110 0.302003 7.496816
 9.220000 -0.945026 0.326900 7.775847
 9.240000 -1.244817 0.245497 6.445476
 9.260000 -1.174053 0.352563 7.371387
 9.280000 -1.275939 0.131465 5.836777
 9.300000 -1.465913 0.173375 6.206894
 9.320000 -1.339058 0.125684 5.852096
 9.340000 -1.499013 0.112701 6.256740
 9.360000 -1.402950 0.166742 6.054342
 9.380000 -1.428532 0.046558 5.963022
 9.400000 -1.356553 0.139735 5.912779
 9.420000 -1.459573 0.050954 6.088804
 9.440000 -1.372082 0.128930 5.905978
 9.460000 -1.395337 0.001858 5.848179
 9.480000 -1.421572 0.231062 6.285689
 9.500000 -1.131311 -0.024480 5.342931
 9.520000 -1.448787 0.138097 6.098525
 9.540000 -1.151496 0.165727 6.135032
 9.560000 -1.394283 0.228005 6.252486
 9.580000 -1.127404 0.225826 6.578805
 9.600000 -1.180674 0.379270 7.552021
 9.620000 -0.918576 0.141743 6.474651
 9.640000 -1.216777 0.443682 7.920742
 9.660000 -1.047896 0.457936 8.529296
 9.680000 -1.221367 0.455299 7.992814
 9.700000 -1.302156 0.513302 8.155399
 9.720000 -1.317557 0.633622 8.902494
 9.740000 -1.523978 0.629749 8.153554
 9.760000 -1.428314 0.729131 9.024351
 9.780000 -1.426543 0.790865 9.310155
 9.800000 -1.349930 0.832009 9.762094
 9.820000 -1.440290 0.871272 9.544181
 9.840000 -1.335228 1.027514 10.222003
 9.860000 -1.115731 0.977957 10.479945
 9.880000 -1.304448 1.230163 10.113116
 9.900000 -1.132854 1.062182 10.483354
 9.920000 -1.397569 1.277530 9.759393
 9.940000 -1.228045 1.165348 10.358550
 9.960000 -1.451548 1.515350 8.513045
 9.980000 -1.216494 1.164521 10.369205
 10.000000 -1.484489 1.550942 8.213382
 10.020000 -1.442506 1.347280 9.395624
 10.040000 -1.633146 1.510280 8.150843
 10.060000 -1.478093 1.374428 9.188641
 10.080000 -1.436125 1.514425 8.554672
 10.100000 -1.469115 1.521104 8.436837
 10.120000 -1.377428 1.564622 8.367822
 10.140000 -1.338027 1.480899 8.978627
 10.160000 -1.271081 1.450222 9.274196
 10.180000 -1.053864 1.548549 8.588446
 10.200000 -1.152191 1.486183 9.128268
 10.220000 -0.997298 1.428637 9.062757
 10.240000 -1.247180 1.513928 8.927725
 10.260000 -1.088067 1.383723 9.578257
 10.280000 -1.183042 1.458038 9.298131
 10.300000 -1.174002 1.386037 9.669249
 10.320000 -1.386881 1.482410 8.861961
 10.340000 -1.268421 1.244328 10.139237
 10.360000 -1.445413 1.441771 8.949947
 10.380000 -1.346783 1.295533 9.830243
 10.400000 -1.322943 1.400735 9.444436
 10.420000 -1.360151 1.238359 9.965195
 10.440000 -1.444659 1.351914 9.371401
 10.460000 -1.382082 1.240050 9.902827
 10.480000 -1.340697 1.420522 9.307880
 10.500000 -1.167650 1.247585 10.190641
 10.520000 -1.257739 1.417695 9.466654
 10.540000 -1.105444 1.368966 9.679297
 10.560000 -1.288319 1.328897 9.826273
 10.580000 -1.015401 1.260429 9.827532
 10.600000 -1.269736 1.340069 9.810754
 10.620000 -1.096625 1.388031 9.576306
 10.640000 -1.356983 1.442591 9.155292
 10.660000 -1.529102 1.308458 9.281725
 10.680000 -1.525184 1.385346 9.017008
 10.700000 -1.488472 1.499918 8.520735
 10.720000 -1.527329 1.372464 9.064114
 10.740000 -1.456425 1.438883 8.938023
 10.760000 -1.542777 1.329775 9.175067
 10.780000 -1.602398 1.361534 8.897931
 10.800000 -1.352955 1.352207 9.601405
 10.820000 -1.257218 1.201973 10.257421
 10.840000 -1.411259 1.268807 9.746637
 10.860000 -1.233994 1.120562 10.411158
 10.880000 -1.415962 1.126947 9.972481
 10.900000 -1.120547 1.121646 10.415766
 10.920000 -1.218027 1.103558 10.442476
 10.940000 -1.164695 0.947057 10.450876
 10.960000 -1.493672 1.065453 9.679232
 10.980000 -1.296391 0.907034 10.149893
 11.000000 -1.396958 0.978166 9.965614
 11.020000 -1.327165 0.940406 10.132380
 11.040000 -1.387318 0.936022 9.922812
 11.060000 -1.451855 0.974137 9.744453
 11.080000 -1.395996 0.927632 9.872347
 11.100000 -1.323337 0.898470 10.051330
 11.120000 -1.288185 0.950978 10.258496
 11.140000 -1.515237 1.016998 9.538040
 11.160000 -1.442084 1.002987 9.829032
 11.180000 -1.406621 0.892338 9.743132
 11.200000 -1.363443 1.120218 10.141885
 11.220000 -1.308709 0.925302 10.155886
 11.240000 -1.241947 0.834587 10.089645
 11.260000 -1.167166 0.801508 10.131242
 11.280000 -1.311375 0.853688 9.961705
 11.300000 -1.164697 0.760016 9.987488
 11.320000 -1.315252 0.795309 9.739788
 11.340000 -1.264678 0.629874 9.056418
 11.360000 -1.432251 0.673009 8.721103
 11.380000 -1.248627 0.369685 7.277175
 11.400000 -1.265274 0.413323 7.546759
 11.420000 -1.184701 0.172376 6.114620
 11.440000 -1.487480 0.192815 6.303532
 11.460000 -1.261386 -0.029466 5.463756
 11.480000 -1.285346 -0.112570 5.576983
 11.500000 -1.313939 -0.182474 5.871082
 11.520000 -1.215788 -0.264217 5.793421
 11.540000 -1.301923 -0.328628 6.532997
 11.560000 -1.189724 -0.414581 6.574798
 11.580000 -1.169203 -0.397900 6.372292
 11.600000 -1.060354 -0.536143 6.966625
 11.620000 -1.238178 -0.354621 6.386303
 11.640000 -1.073504 -0.359150 5.810158
 11.660000 -1.111739 -0.414274 6.264960
 11.680000 -1.236295 -0.188180 5.584160
 11.700000 -1.232474 -0.179455 5.546448
 11.720000 -1.253851 -0.213905 5.734560
 11.740000 -1.201495 -0.002876 5.416721
 11.760000 -1.265645 0.071517 5.635358
 11.780000 -1.152692 0.011122 5.435767
 11.800000 -1.162792 0.208092 6.375515
 11.820000 -1.149725 0.218977 6.477195
 11.840000 -1.197479 0.395625 7.621754
 11.860000 -1.207907 0.638371 9.283576
 11.880000 -1.362148 0.653737 8.868032
 11.900000 -1.351757 0.863736 9.861417
 11.920000 -1.316119 0.899188 10.074943
 11.940000 -1.430331 1.177067 9.876565
 11.960000 -1.275462 1.132237 10.338828
 11.980000 -1.482956 1.219234 9.637371
 12.000000 -1.418765 1.210960 9.859328
 12.020000 -1.401611 1.323884 9.594176
 12.040000 -1.146310 1.321818 9.928432
 12.060000 -1.294685 1.415256 9.424158
 12.080000 -1.138020 1.289226 10.038994
 12.100000 -1.305147 1.460109 9.163231
 12.120000 -1.347096 1.299718 9.815329
 12.140000 -1.162943 1.469368 9.230735
 12.160000 -1.185434 1.367389 9.756587
 12.180000 -1.183370 1.295316 10.043077
 12.200000 -1.338051 1.441668 9.201292
 12.220000 -1.397040 1.353522 9.489646
 12.240000 -1.241664 1.268503 10.102513
 12.260000 -1.284633 1.313464 9.891382
 12.280000 -1.480041 1.311280 9.419265
 12.300000 -1.461359 1.283205 9.559878
 12.320000 -1.415149 1.165246 9.941054
 12.340000 -1.579338 1.178193 9.331055
 12.360000 -1.338885 1.139718 10.192796
 12.380000 -1.396704 1.068904 10.048425
 12.400000 -1.406024 0.967609 9.914626
 12.420000 -1.255927 0.834568 10.055430
 12.440000 -1.137783 0.803609 10.177838
 12.460000 -1.216582 0.640423 9.270192
 12.480000 -1.290940 0.640750 9.036034
 12.500000 -1.366795 0.361637 6.959880
 12.520000 -1.441746 0.339401 6.763241
 12.540000 -1.081222 0.298206 7.235783
 12.560000 -1.388188 0.271494 6.443325
 12.580000 -1.280657 0.109025 5.756506
 12.600000 -1.253057 0.149787 5.919982
 12.620000 -1.365700 0.048466 5.759599
 12.640000 -1.100659 0.029365 5.524140
 12.660000 -0.964437 0.025837 5.695259
 12.680000 -1.065750 0.043027 5.620972
 12.700000 -0.865414 -0.088966 5.440415
 12.720000 -0.987656 0.081809 5.955026
 12.740000 -1.172637 -0.146259 5.317724
 12.760000 -1.224885 0.212032 6.278435
 12.780000 -1.277514 0.055791 5.606705
 12.800000 -1.535082 0.370613 6.909010
 12.820000 -1.259160 0.391531 7.405813
 12.840000 -1.269787 0.364268 7.181627
 12.860000 -1.330271 0.499630 7.972826
 12.880000 -1.310312 0.549423 8.379864
 12.900000 -1.541837 0.630449 8.093006
 12.920000 -1.395208 0.547882 8.101229
 12.940000 -1.234469 0.710126 9.599038
 12.960000 -1.427580 0.749540 9.124356
 12.980000 -1.313729 0.780338 9.682708
 13.000000 -1.207018 0.736300 9.796580
 13.020000 -1.364317 0.773792 9.478955
 13.040000 -1.394631 0.727949 9.150393
 13.060000 -1.311077 0.878469 10.035737
 13.080000 -1.625031 0.840941 8.557435
 13.100000 -1.436659 0.982727 9.820715
 13.120000 -1.406023 0.992781 9.953582
 13.140000 -1.581028 0.953695 9.105809
 13.160000 -1.179465 0.795031 10.088831
 13.180000 -1.227575 0.865590 10.211613
 13.200000 -1.256669 0.928148 10.291815
 13.220000 -1.059291 0.921593 10.404156
 13.240000 -1.039305 0.963628 10.390374
 13.260000 -1.378175 1.017734 10.080379
 13.280000 -1.367598 1.221956 9.984290
 13.300000 -1.511250 1.009438 9.545136
 13.320000 -1.615348 1.235801 9.143123
 13.340000 -1.183974 0.999483 10.481875
 13.360000 -1.433020 1.147695 9.899329
 13.380000 -1.334566 1.056477 10.236701
 13.400000 -1.266026 1.154194 10.327803
 13.420000 -1.506236 1.065533 9.626543
 13.440000 -1.496711 1.153634 9.665606
 13.460000 -1.525367 1.321425 9.253196
 13.480000 -1.537798 1.165151 9.501324
 13.500000 -1.411456 1.219195 9.865465
 13.520000 -1.165660 1.114843 10.451718
 13.540000 -1.368709 1.213517 9.999431
 13.560000 -1.078380 0.966152 10.447385
 13.580000 -0.944525 0.884314 10.149637
 13.600000 -1.332873 0.912627 10.055943
 13.620000 -1.299427 0.954786 10.236070
 13.640000 -1.417311 0.858794 9.599434
 13.660000 -1.501566 0.825623 9.117273
 13.680000 -1.448925 0.946055 9.702195
 13.700000 -1.711774 0.972474 8.451455
 13.720000 -1.883716 0.834749 7.100154
 13.740000 -1.669211 0.954393 8.642493
 13.760000 -1.590155 0.694532 8.186907
 13.780000 -1.639145 0.925237 8.731194
 13.800000 -1.265808 0.710482 9.507864
 13.820000 -1.362725 0.583691 8.435275
 13.840000 -1.306673 0.697725 9.308516
 13.860000 -1.154789 0.582823 9.095120
 13.880000 -1.196867 0.738362 9.830101
 13.900000 -1.117369 0.623916 9.434885
 13.920000 -1.078327 0.599842 9.378664
 13.940000 -1.336177 0.531288 8.173179
 13.960000 -1.361010 0.557828 8.272435
 13.980000 -1.204966 0.439488 7.927293
 14.000000 -1.536236 0.433714 7.169971
 14.020000 -1.297386 0.352494 7.033553
 14.040000 -1.398073 0.417086 7.251357
 14.060000 -1.268295 0.287491 6.665245
 14.080000 -1.193612 0.228495 6.440134
 14.100000 -1.080251 0.233742 6.757175
 14.120000 -1.276669 0.178567 6.039850
 14.140000 -1.205771 0.288334 6.812297
 14.160000 -1.002329 0.248750 7.068162
 14.180000 -1.218032 0.224681 6.366673
 14.200000 -1.184979 0.414303 7.802076
 14.220000 -1.396785 0.319053 6.680716
 14.240000 -1.337832 0.440082 7.537678
 14.260000 -1.250055 0.462719 7.956269
 14.280000 -1.272234 0.416443 7.549290
 14.300000 -1.421402 0.685666 8.829984
 14.320000 -1.323754 0.673383 9.115937
 14.340000 -1.171281 0.578564 9.020898
 14.360000 -1.281970 0.744606 9.624414
 14.380000 -1.181240 0.752960 9.926968
 14.400000 -1.386176 0.736935 9.226730
 14.420000 -1.007693 0.614186 9.545557
 14.440000 -1.222530 0.943349 10.381715
 14.460000 -1.270747 0.717997 9.530592
 14.480000 -1.437025 1.048555 9.894253
 14.500000 -1.505971 0.877788 9.271149
 14.520000 -1.491624 0.941384 9.506552
 14.540000 -1.535715 1.067419 9.500650
 14.560000 -1.390462 0.904200 9.836588
 14.580000 -1.496190 0.953147 9.511723
 14.600000 -1.328736 0.791074 9.677651
 14.620000 -1.370468 0.862759 9.791947
 14.640000 -1.260309 0.887847 10.196436
 14.660000 -1.219286 0.770584 9.912948
 14.680000 -1.257236 0.837837 10.062635
 14.700000 -1.310759 0.663934 9.106272
 14.720000 -1.362742 0.940727 10.019280
 14.740000 -1.221310 0.728028 9.722118
 14.760000 -1.360861 0.684300 9.046654
 14.780000 -1.329296 0.706292 9.277108
 14.800000 -1.519057 0.596622 8.002933
 14.820000 -1.450040 0.711104 8.849112
 14.840000 -1.499433 0.578475 7.969038
 14.860000 -1.343251 0.547506 8.260355
 14.880000 -1.362770 0.545996 8.188689
 14.900000 -1.350965 0.640677 8.829854
 14.920000 -1.132049 0.496977 8.580087
 14.940000 -1.010409 0.566086 9.289750
 14.960000 -1.068254 0.473489 8.590062
 14.980000 -1.270180 0.466175 7.918200
 15.000000 -1.176687 0.522365 8.624238
 15.020000 -1.335098 0.404905 7.303082
 15.040000 -1.314352 0.507132 8.073877
 15.060000 -1.466464 0.507806 7.662345
 15.080000 -1.494951 0.589431 8.042094
 15.100000 -1.403975 0.395515 7.109085
 15.120000 -1.544661 0.584545 7.862786
 15.140000 -1.460317 0.530091 7.807474
 15.160000 -1.593635 0.636222 7.930786
 15.180000 -1.280795 0.499223 8.123261
 15.200000 -1.373017 0.545663 8.154719
 15.220000 -1.206028 0.592748 9.008496
 15.240000 -1.424448 0.493081 7.672771
 15.260000 -1.160881 0.492911 8.463848
 15.280000 -1.155890 0.534540 8.772426
 15.300000 -1.178545 0.540773 8.746433
 15.320000 -1.176887 0.688895 9.643525
 15.340000 -1.228329 0.636739 9.213032
 15.360000 -1.300484 0.780544 9.726242
 15.380000 -1.582765 0.767357 8.511157
 15.400000 -1.496720 0.676856 8.492145
 15.420000 -1.577352 0.780173 8.586186
 15.440000 -1.299733 0.529455 8.276461
 15.460000 -1.347212 0.545113 8.231689
 15.480000 -1.095915 0.526374 8.883356
 15.500000 -1.178048 0.405409 7.757391
 15.520000 -1.392636 0.497100 7.778958
 15.540000 -1.245309 0.392462 7.452287
 15.560000 -1.408191 0.513495 7.843152
 15.580000 -1.232876 0.305158 6.860959
 15.600000 -1.469028 0.445434 7.302907
 15.620000 -1.315437 0.285182 6.571794
 15.640000 -1.531154 0.328101 6.755400
 15.660000 -1.540088 0.304193 6.694160
 15.680000 -1.640934 0.263744 6.901295
 15.700000 -1.748758 0.363572 7.196473
 15.720000 -1.505542 0.205750 6.379454
 15.740000 -1.597205 0.352722 6.911137
 15.760000 -1.368565 0.264192 6.412172
 15.780000 -1.440269 0.235942 6.324021
 15.800000 -1.213934 0.171528 6.065814
 15.820000 -1.306169 0.247537 6.368962
 15.840000 -1.115516 0.205388 6.467458
 15.860000 -1.193400 0.328877 7.136913
 15.880000 -1.078309 0.135532 6.097905
 15.900000 -1.127740 0.258952 6.812785
 15.920000 -1.187819 0.044316 5.533164
 15.940000 -1.253068 0.183223 6.081597
 15.960000 -1.295808 0.225956 6.263162
 15.980000 -1.244146 0.195053 6.154105
 16.000000 -1.282469 0.309921 6.781698
 16.020000 -1.208918 0.322898 7.048857
 16.040000 -1.277820 0.236339 6.340282
 16.060000 -1.231539 0.279175 6.688266
 16.080000 -1.301035 0.327499 6.859289
 16.100000 -1.350330 0.223502 6.222462
 16.120000 -1.246045 0.373121 7.309269
 16.140000 -1.386561 0.283903 6.504345
 16.160000 -1.385211 0.409193 7.225653
 16.180000 -1.330655 0.454913 7.659773
 16.200000 -1.271083 0.297675 6.725255
 16.220000 -1.335155 0.512247 8.045648
 16.240000 -1.291461 0.413542 7.474346
 16.260000 -1.270652 0.495543 8.129437
 16.280000 -1.227223 0.552441 8.672746
 16.300000 -1.094801 0.487481 8.618968
 16.320000 -1.316468 0.625110 8.853894
 16.340000 -1.129848 0.449021 8.238140
 16.360000 -1.230157 0.564244 8.743698
 16.380000 -1.238470 0.457371 7.953548
 16.400000 -1.402410 0.651438 8.711008
 16.420000 -1.367661 0.528726 8.058924
 16.440000 -1.323344 0.537274 8.254738
 16.460000 -1.419559 0.733359 9.079771
 16.480000 -1.446860 0.569766 8.080050
 16.500000 -1.444865 0.605746 8.297851
 16.520000 -1.226195 0.582502 8.878654
 16.540000 -1.268147 0.507037 8.219832
 16.560000 -1.229702 0.691675 9.517948
 16.580000 -1.040625 0.397564 8.105461
 16.600000 -1.299128 0.621755 8.891877
 16.620000 -1.329607 0.466943 7.746623
 16.640000 -1.431685 0.744092 9.082298
 16.660000 -1.286154 0.468191 7.883531
 16.680000 -1.394829 0.496627 7.770094
 16.700000 -1.408288 0.642575 8.638880
 16.720000 -1.373363 0.366874 6.981766
 16.740000 -1.208065 0.455129 8.034362
 16.760000 -1.324043 0.369853 7.092099
 16.780000 -1.382383 0.283099 6.501756
 16.800000 -1.332337 0.410189 7.345480
 16.820000 -1.313126 0.232088 6.280406
 16.840000 -1.162706 0.198398 6.313584
 16.860000 -1.239853 0.340042 7.087887
 16.880000 -1.225371 0.229101 6.380088
 16.900000 -1.198196 0.195393 6.226092
 16.920000 -1.094985 0.213760 6.576346
 16.940000 -1.258733 0.126271 5.817712
 16.960000 -1.264275 0.242640 6.395948
 16.980000 -1.179132 0.282941 6.844887
 17.000000 -1.283885 0.173001 6.010149
 17.020000 -1.193463 0.351858 7.307037
 17.040000 -1.302515 0.400210 7.350384
 17.060000 -1.163818 0.298194 6.997153
 17.080000 -1.199192 0.489347 8.316029
 17.100000 -1.141735 0.340667 7.380833
 17.120000 -1.210765 0.499014 8.348894
 17.140000 -1.066164 0.498540 8.769015
 17.160000 -1.216993 0.609035 9.078247
 17.180000 -1.314319 0.531133 8.241324
 17.200000 -1.362821 0.756237 9.405368
 17.220000 -1.548390 0.674397 8.273920
 17.240000 -1.470173 0.751092 8.954577
 17.260000 -1.513364 0.814046 9.019640
 17.280000 -1.478902 0.837634 9.263908
 17.300000 -1.591730 0.920925 8.969944
 17.320000 -1.401366 0.748195 9.222184
 17.340000 -1.380398 0.791734 9.495697
 17.360000 -1.290147 0.771423 9.719600
 17.380000 -1.208543 0.658017 9.395004
 17.400000 -1.082460 0.643931 9.608209
 17.420000 -0.933225 0.472513 8.794884
 17.440000 -1.192639 0.679427 9.555177
 17.460000 -1.354466 0.655380 8.904679
 17.480000 -1.497204 0.641997 8.313065
 17.500000 -1.549500 0.790109 8.758382
 17.520000 -1.620832 0.610878 7.734973
 17.540000 -1.546125 0.870682 9.055804
 17.560000 -1.544377 0.715426 8.474582
 17.580000 -1.381906 0.546052 8.129937
 17.600000 -1.411771 0.603556 8.396241
 17.620000 -1.441496 0.610745 8.338233
 17.640000 -1.147240 0.502845 8.576728
 17.660000 -1.149314 0.468505 8.321808
 17.680000 -1.113531 0.560055 9.059479
 17.700000 -1.168501 0.437893 8.032905
 17.720000 -1.218462 0.387663 7.496953
 17.740000 -1.401687 0.376016 6.996018
 17.760000 -1.295846 0.277419 6.554130
 17.780000 -1.486199 0.353450 6.824847
 17.800000 -1.451605 0.251594 6.392620
 17.820000 -1.320447 0.184997 6.054424
 17.840000 -1.476585 0.164111 6.221767
 17.860000 -1.316929 0.199310 6.118582
 17.880000 -1.167558 -0.013861 5.375314
 17.900000 -1.026654 0.023477 5.584746
 17.920000 -0.893163 -0.130818 5.296011
 17.940000 -0.936107 -0.043408 5.447771
 17.960000 -0.981034 -0.079080 5.278020
 17.980000 -1.030055 -0.038009 5.346498
 18.000000 -1.167136 -0.164582 5.332392
 18.020000 -1.480862 0.016421 6.217434
 18.040000 -1.403422 -0.072633 5.980848
 18.060000 -1.545601 -0.030933 6.688711
 18.080000 -1.361779 0.016143 5.731437
 18.100000 -1.572405 0.163434 6.591440
 18.120000 -1.626758 0.146715 6.875344
 18.140000 -1.574671 0.251086 6.664778
 18.160000 -1.460700 0.165049 6.177014
 18.180000 -1.431899 0.219329 6.256981
 18.200000 -1.431079 0.366215 6.908250
 18.220000 -1.326617 0.247756 6.351322
 18.240000 -1.280923 0.282936 6.612805
 18.260000 -1.078450 0.328675 7.477670
 18.280000 -1.202430 0.418103 7.774810
 18.300000 -1.335885 0.493850 7.915864
 18.320000 -1.204430 0.520846 8.525613
 18.340000 -1.264348 0.563926 8.630113
 18.360000 -1.169396 0.571004 8.977221
 18.380000 -1.341493 0.759168 9.495189
 18.400000 -1.353365 0.751789 9.418933
 18.420000 -1.524953 0.823771 9.000664
 18.440000 -1.476947 0.925544 9.535118
 18.460000 -1.576007 0.996725 9.220147
 18.480000 -1.396179 0.983709 9.976811
 18.500000 -1.478987 1.144459 9.737295
 18.520000 -1.252815 0.897077 10.235647
 18.540000 -1.130494 1.119600 10.428360
 18.560000 -1.079052 1.088939 10.395017
 18.580000 -1.176893 1.073937 10.484796
 18.600000 -1.297194 1.204469 10.185923
 18.620000 -1.410680 1.304350 9.638866
 18.640000 -1.262746 1.271607 10.067662
 18.660000 -1.231188 1.498060 9.041224
 18.680000 -1.331086 1.287628 9.891848
 18.700000 -1.401905 1.403573 9.251441
 18.720000 -1.423187 1.421700 9.108805
 18.740000 -1.521587 1.459614 8.670562
 18.760000 -1.290070 1.400806 9.504583
 18.780000 -1.514274 1.655295 7.443924
 18.800000 -1.374590 1.533240 8.578105
 18.820000 -1.389272 1.613233 8.013471
 18.840000 -1.356629 1.562878 8.424999
 18.860000 -1.341725 1.568219 8.421108
 18.880000 -1.135248 1.647917 8.066643
 18.900000 -1.326812 1.694920 7.587004
 18.920000 -1.149053 1.604802 8.370371
 18.940000 -1.224438 1.703776 7.676296
 18.960000 -1.239965 1.685231 7.789171
 18.980000 -1.296006 1.762359 7.194996
 19.000000 -1.275495 1.740111 7.372359
 19.020000 -1.429568 1.902961 6.092307
 19.040000 -1.252772 1.881999 6.543233
 19.060000 -1.406719 1.972188 5.853370
 19.080000 -1.385888 1.933643 6.059376
 19.100000 -1.349178 1.845612 6.590292
 19.120000 -1.350459 2.039711 5.765250
 19.140000 -1.447021 1.965421 5.771228
 19.160000 -1.385603 1.952168 5.982113
 19.180000 -1.596623 2.105280 4.955087
 19.200000 -1.640357 2.175264 4.803474
 19.220000 -1.657282 2.268550 4.983187
 19.240000 -1.527184 2.142501 5.156116
 19.260000 -1.581734 2.213245 5.047612
 19.280000 -1.491224 2.397435 6.361386
 19.300000 -1.590146 2.332127 5.557603
 19.320000 -1.513034 2.349440 5.887316
 19.340000 -1.493187 2.420822 6.618255
 19.360000 -1.563633 2.452236 6.915981
 19.380000 -1.653624 2.580947 9.305427
 19.400000 -1.677098 2.495743 7.377505
 19.420000 -1.792821 2.345575 5.061796
 19.440000 -1.849643 2.410568 5.548286
 19.460000 -1.917722 2.443582 5.763155
 19.480000 -1.995722 2.342074 4.643204
 19.500000 -1.981178 2.236392 4.282993
 19.520000 -2.090501 2.188121 4.388788
 19.540000 -2.124990 2.210242 4.441445
 19.560000 -2.227052 2.148898 4.820850
 19.580000 -2.244763 2.072013 5.045687
 19.600000 -2.235967 2.145137 4.860497
 19.620000 -2.183028 2.195880 4.603489
 19.640000 -2.185007 2.161920 4.657970
 19.660000 -2.219579 2.333938 4.771567
 19.680000 -2.104123 2.394673 4.930464
 19.700000 -2.070509 2.405110 5.032798
 19.720000 -2.047782 2.436260 5.362292
 19.740000 -2.024439 2.424599 5.279291
 19.760000 -2.061255 2.550710 7.003130
 19.780000 -2.174401 2.460029 5.494061
 19.800000 -2.092646 2.485813 5.867978
 19.820000 -2.284557 2.456687 5.658031
 19.840000 -2.273924 2.390489 5.172030
 19.860000 -2.435132 2.439928 6.605817
 19.880000 -2.537487 2.438369 8.104150
 19.900000 -2.555706 2.402892 8.137750
 19.920000 -2.516502 2.421453 7.591937
 19.940000 -2.477741 2.355291 6.638687
 19.960000 -2.528486 2.385961 7.537980
 19.980000 -2.375219 2.496126 6.535974
 20.000000 -2.461765 2.460890 7.109590
