#! FIELDS time phi psi metad.bias
#! SET min_phi -pi
#! SET max_phi pi
#! SET min_psi -pi
#! SET max_psi pi
 0.000000 3.141580 -3.141577 63.209631
 0.020000 -2.321477 2.485252 6.613232
 0.040000 -2.327724 2.504417 6.834669
 0.060000 -2.342464 2.503821 6.965577
 0.080000 -2.315314 2.527095 6.942979
 0.100000 -2.368596 2.539632 7.620402
 0.120000 -2.393207 2.536838 7.889935
 0.140000 -2.393703 2.584200 8.536229
 0.160000 -2.389304 2.546017 7.953693
 0.180000 -2.386879 2.584936 8.449245
 0.200000 -2.374048 2.607749 8.606700
 0.220000 -2.354393 2.655951 9.095014
 0.240000 -2.306503 2.611759 7.860225
 0.260000 -2.218099 2.657082 7.843179
 0.280000 -2.260637 2.603201 7.371601
 0.300000 -2.201113 2.681142 8.119054
 0.320000 -2.219420 2.652682 7.787587
 0.340000 -2.268870 2.600214 7.391957
 0.360000 -2.245328 2.499333 6.204089
 0.380000 -2.279905 2.536510 6.755419
 0.400000 -2.330481 2.446376 6.394578
 0.420000 -2.372340 2.418381 6.582002
 0.440000 -2.437329 2.262214 6.631408
 0.460000 -2.449848 2.270591 6.767666
 0.480000 -2.382270 2.289095 6.170731
 0.500000 -2.413811 2.152887 6.416571
 0.520000 -2.290506 2.233396 5.434216
 0.540000 -2.324409 2.214934 5.655773
 0.560000 -2.184233 2.262263 4.910061
 0.580000 -2.116219 2.286060 4.715723
 0.600000 -2.147832 2.336581 4.944954
 0.620000 -2.087915 2.426974 5.286008
 0.640000 -2.105145 2.519234 6.020831
 0.660000 -2.035265 2.537426 6.328395
 0.680000 -2.137504 2.567549 6.528432
 0.700000 -1.967947 2.647520 8.150681
 0.720000 -2.143779 2.640284 7.428267
 0.740000 -2.066855 2.647842 7.641487
 0.760000 -2.158560 2.580358 6.693939
 0.780000 -2.244832 2.678797 8.310525
 0.800000 -2.255732 2.624969 7.619335
 0.820000 -2.324210 2.678504 9.063198
 0.840000 -2.309493 2.622655 8.040337
 0.860000 -2.353876 2.628611 8.649157
 0.880000 -2.408045 2.633295 9.562590
 0.900000 -2.473827 2.512693 8.757782
 0.920000 -2.455870 2.575883 9.423753
 0.940000 -2.514988 2.483995 9.048522
 0.960000 -2.481226 2.399877 7.666996
 0.980000 -2.445377 2.358176 6.991656
 1.000000 -2.568782 2.422956 9.180824
 1.020000 -2.518113 2.445963 8.621315
 1.040000 -2.562670 2.334735 8.337149
 1.060000 -2.554268 2.474514 9.610338
 1.080000 -2.469613 2.439858 7.850610
 1.100000 -2.429058 2.480613 7.716611
 1.120000 -2.481096 2.432766 7.940684
 1.140000 -2.370767 2.526570 7.496045
 1.160000 -2.358968 2.430342 6.534829
 1.180000 -2.222727 2.565936 6.726075
 1.200000 -2.117523 2.563536 6.479565
 1.220000 -2.060377 2.603269 7.047029
 1.240000 -2.052872 2.604698 7.088360
 1.260000 -2.002850 2.629530 7.654988
 1.280000 -1.996414 2.527163 6.354866
 1.300000 -1.954664 2.516645 6.414829
 1.320000 -2.000152 2.513726 6.190015
 1.340000 -1.857357 2.432236 5.896053
 1.360000 -1.871059 2.426769 5.775539
 1.380000 -1.764208 2.207702 4.437206
 1.400000 -1.738970 2.251030 4.761211
 1.420000 -1.704642 2.130426 4.326468
 1.440000 -1.725904 2.147656 4.308282
 1.460000 -1.585421 2.016684 4.676572
 1.480000 -1.589209 2.029585 4.665175
 1.500000 -1.473522 1.961784 5.344164
 1.520000 -1.480133 1.856237 5.350130
 1.540000 -1.443724 1.879905 5.570281
 1.560000 -1.506191 1.826261 5.194599
 1.580000 -1.197207 1.744264 6.913502
 1.600000 -1.264772 1.599939 6.555337
 1.620000 -1.163304 1.510913 7.078798
 1.640000 -1.096937 1.347685 7.628810
 1.660000 -1.167057 1.409984 7.066270
 1.680000 -1.230851 1.220375 6.596922
 1.700000 -1.246095 1.255525 6.484375
 1.720000 -1.498702 1.270141 4.980074
 1.740000 -1.575536 1.200839 4.689479
 1.760000 -1.564425 1.110389 4.770774
 1.780000 -1.562131 1.022684 4.809712
 1.800000 -1.540988 1.061345 4.865385
 1.820000 -1.281511 0.692770 5.896500
 1.840000 -1.367830 0.804376 5.532839
 1.860000 -1.244267 0.659769 6.101658
 1.880000 -1.424991 0.727242 5.094123
 1.900000 -1.361484 0.535102 5.027318
 1.920000 -1.381068 0.648707 5.160586
 1.940000 -1.306567 0.519034 5.335895
 1.960000 -1.540986 0.726217 4.605275
 1.980000 -1.324193 0.423583 5.086656
 2.000000 -1.424163 0.558665 4.739151
 2.020000 -1.343861 0.437293 4.981891
 2.040000 -1.366403 0.532813 4.994688
 2.060000 -1.189599 0.376104 5.998840
 2.080000 -1.296744 0.604531 5.586743
 2.100000 -1.164449 0.499648 6.384771
 2.120000 -1.267735 0.539854 5.647443
 2.140000 -1.182941 0.767750 6.832115
 2.160000 -1.316462 0.692924 5.654261
 2.180000 -1.346777 0.631070 5.322410
 2.200000 -1.491630 0.876439 5.009123
 2.220000 -1.408850 0.637289 4.985493
 2.240000 -1.527356 0.693342 4.585344
 2.260000 -1.443854 0.680552 4.906555
 2.280000 -1.452889 0.679752 4.862778
 2.300000 -1.327997 0.696866 5.586796
 2.320000 -1.323131 0.759444 5.740105
 2.340000 -1.177105 0.656205 6.647673
 2.360000 -1.432809 0.892438 5.279285
 2.380000 -1.397119 0.826266 5.396943
 2.400000 -1.507451 0.958459 4.993187
 2.420000 -1.346906 0.852315 5.714815
 2.440000 -1.367455 1.011681 5.663861
 2.460000 -1.336901 0.772519 5.673156
 2.480000 -1.263191 1.000927 6.360102
 2.500000 -1.246088 0.972024 6.487800
 2.520000 -1.283611 0.952904 6.199977
 2.540000 -1.398936 1.233346 5.484582
 2.560000 -1.476404 1.241740 5.082417
 2.580000 -1.545637 1.379597 4.785360
 2.600000 -1.406733 1.340382 5.490265
 2.620000 -1.412429 1.316513 5.443147
 2.640000 -1.201072 1.281558 6.825074
 2.660000 -1.173898 1.143227 7.077508
 2.680000 -1.181395 1.090959 7.024444
 2.700000 -1.271834 1.084146 6.294726
 2.720000 -1.353849 1.153963 5.740693
 2.740000 -1.508191 1.176519 4.945880
 2.760000 -1.618570 1.014136 4.669041
 2.780000 -1.824675 1.266779 4.321888
 2.800000 -1.862283 1.046906 4.696664
 2.820000 -1.806549 1.087269 4.559844
 2.840000 -1.734061 0.853494 4.452756
 2.860000 -1.646793 0.811023 4.480709
 2.880000 -1.558677 0.807776 4.693487
 2.900000 -1.477471 0.584588 4.548176
 2.920000 -1.525823 0.758536 4.721247
 2.940000 -1.481464 0.586367 4.535078
 2.960000 -1.447392 0.647931 4.818691
 2.980000 -1.350379 0.746217 5.543510
 3.000000 -0.997480 0.704311 8.448685
 3.020000 -1.027296 0.625121 7.958133
 3.040000 -1.055579 0.598147 7.617141
 3.060000 -1.182870 0.611023 6.487749
 3.080000 -1.351883 0.525872 5.065800
 3.100000 -1.453044 0.643822 4.783502
 3.120000 -1.454964 0.642942 4.772774
 3.140000 -1.556916 0.626337 4.339091
 3.160000 -1.538805 0.608468 4.361845
 3.180000 -1.557116 0.685250 4.465777
 3.200000 -1.539881 0.503594 4.166840
 3.220000 -1.424147 0.627454 4.885849
 3.240000 -1.332062 0.513180 5.161926
 3.260000 -1.370604 0.586292 5.081215
 3.280000 -1.195007 0.495939 6.120304
 3.300000 -1.334016 0.463483 5.070139
 3.320000 -1.290816 0.314519 5.279591
 3.340000 -1.399111 0.352261 4.662569
 3.360000 -1.280899 0.197191 5.504367
 3.380000 -1.494782 0.266084 4.367928
 3.400000 -1.395942 0.225905 4.844255
 3.420000 -1.531400 0.360202 4.126518
 3.440000 -1.408717 0.135394 5.022288
 3.460000 -1.468384 0.354867 4.359130
 3.480000 -1.487224 0.080736 4.882209
 3.500000 -1.458774 0.058649 5.055389
 3.520000 -1.353214 -0.045066 5.837405
 3.540000 -1.284740 -0.154009 6.542130
 3.560000 -1.285473 -0.254910 6.840569
 3.580000 -1.298761 -0.226259 6.674108
 3.600000 -1.389919 -0.311954 6.299611
 3.620000 -1.393388 -0.179703 6.006432
 3.640000 -1.176587 -0.190809 7.335367
 3.660000 -1.180010 -0.158090 7.204735
 3.680000 -1.003553 -0.210285 8.518556
 3.700000 -1.124749 -0.065848 7.275662
 3.720000 -1.160268 -0.052302 6.988627
 3.740000 -1.412775 0.166994 4.916334
 3.760000 -1.452525 0.111017 4.919200
 3.780000 -1.711533 0.281351 3.768827
 3.800000 -1.452538 0.265152 4.527670
 3.820000 -1.361430 0.438386 4.883058
 3.840000 -1.245340 0.455110 5.655410
 3.860000 -1.431757 0.706548 5.019401
 3.880000 -1.537187 0.784068 4.726124
 3.900000 -1.506431 0.991991 5.000935
 3.920000 -1.365880 1.113621 5.668802
 3.940000 -1.396204 1.278911 5.516128
 3.960000 -1.331375 1.224132 5.889388
 3.980000 -1.192030 1.105337 6.929097
 4.000000 -1.110162 1.252624 7.592276
 4.020000 -1.054924 1.277151 8.072195
 4.040000 -1.021421 1.283669 8.375658
 4.060000 -1.351348 1.478111 5.948467
 4.080000 -1.435436 1.601094 5.574530
 4.100000 -1.483246 1.670142 5.326587
 4.120000 -1.569047 1.814357 4.799207
 4.140000 -1.672999 1.880420 4.207581
 4.160000 -1.560961 1.857530 4.836202
 4.180000 -1.578105 1.964154 4.701404
 4.200000 -1.387505 2.005024 5.881641
 4.220000 -1.316470 2.144801 6.523779
 4.240000 -1.263022 2.224921 7.230181
 4.260000 -1.377133 2.165880 6.214756
 4.280000 -1.333858 2.294487 7.276143
 4.300000 -1.459473 2.322922 6.755317
 4.320000 -1.302731 2.521508 10.893508
 4.340000 -1.422727 2.467787 8.972541
 4.360000 -1.421875 2.507143 9.705489
 4.380000 -1.612602 2.450604 7.503883
 4.400000 -1.560664 2.473430 8.189708
 4.420000 -1.658875 2.416341 6.740523
 4.440000 -1.607707 2.315425 5.854727
 4.460000 -1.702198 2.370890 5.952385
 4.480000 -1.739053 2.261268 4.827528
 4.500000 -1.834277 2.255229 4.512677
 4.520000 -1.887267 2.095180 3.902111
 4.540000 -1.931768 2.178155 4.108307
 4.560000 -1.874596 2.177296 4.112628
 4.580000 -1.968374 2.302075 4.587591
 4.600000 -1.942892 2.113542 3.975163
 4.620000 -1.946039 2.170511 4.097848
 4.640000 -1.851106 2.145902 4.033684
 4.660000 -1.797618 2.233352 4.478541
 4.680000 -1.655858 2.242201 5.042152
 4.700000 -1.716064 2.181328 4.471240
 4.720000 -1.599866 2.321867 5.957904
 4.740000 -1.574512 2.229234 5.358967
 4.760000 -1.565994 2.273613 5.711175
 4.780000 -1.553043 2.195932 5.292239
 4.800000 -1.566209 2.272868 5.704177
 4.820000 -1.579283 2.248198 5.455853
 4.840000 -1.520788 2.189551 5.441537
 4.860000 -1.482713 2.109757 5.402482
 4.880000 -1.440203 2.064705 5.591296
 4.900000 -1.379087 2.065345 5.971711
 4.920000 -1.360233 2.054558 6.075859
 4.940000 -1.270525 2.046681 6.595978
 4.960000 -1.236445 1.993593 6.733068
 4.980000 -1.182943 2.030942 7.035653
 5.000000 -1.136569 1.942711 7.147113
 5.020000 -1.161870 2.026351 7.128130
 5.040000 -1.289132 2.036602 6.479933
 5.060000 -1.300667 2.087643 6.480381
 5.080000 -1.298016 2.084686 6.490945
 5.100000 -1.427724 2.058021 5.662176
 5.120000 -1.326366 2.075921 6.306427
 5.140000 -1.340951 1.934882 6.166037
 5.160000 -1.371164 1.969277 5.980328
 5.180000 -1.414798 1.864972 5.759278
 5.200000 -1.425686 1.918305 5.662056
 5.220000 -1.495701 1.959417 5.204195
 5.240000 -1.473084 1.885508 5.380303
 5.260000 -1.554160 1.902094 4.859000
 5.280000 -1.617130 1.919440 4.485215
 5.300000 -1.575474 1.898390 4.731144
 5.320000 -1.504790 1.766866 5.214847
 5.340000 -1.464523 1.756987 5.473659
 5.360000 -1.280323 1.679684 6.520122
 5.380000 -1.431615 1.742648 5.680918
 5.400000 -1.386442 1.582628 5.853334
 5.420000 -1.531616 1.596507 4.983078
 5.440000 -1.530953 1.435928 4.882680
 5.460000 -1.500692 1.627281 5.191890
 5.480000 -1.337788 1.419630 5.968626
 5.500000 -1.358956 1.370664 5.794936
 5.520000 -1.328070 1.168813 5.904072
 5.540000 -1.400150 1.162205 5.469811
 5.560000 -1.208388 0.985155 6.798207
 5.580000 -1.275142 0.876777 6.221324
 5.600000 -1.235214 0.744809 6.353777
 5.620000 -1.463901 0.799277 5.034608
 5.640000 -1.286195 0.465427 5.380225
 5.660000 -1.474019 0.652276 4.708583
 5.680000 -1.210931 0.437929 5.893401
 5.700000 -1.381350 0.515261 4.879244
 5.720000 -1.310919 0.482845 5.242908
 5.740000 -1.241172 0.450619 5.679851
 5.760000 -1.178391 0.474520 6.217085
 5.780000 -1.322144 0.464957 5.144937
 5.800000 -1.404143 0.450381 4.669289
 5.820000 -1.457600 0.532558 4.533773
 5.840000 -1.399661 0.539078 4.825029
 5.860000 -1.328537 0.638370 5.453421
 5.880000 -1.495575 0.620408 4.549262
 5.900000 -1.523711 0.771767 4.752496
 5.920000 -1.373989 0.594772 5.080534
 5.940000 -1.387997 0.796026 5.406207
 5.960000 -1.278923 0.761698 6.049971
 5.980000 -1.425628 0.842903 5.269291
 6.000000 -1.379566 0.740243 5.360523
 6.020000 -1.472254 0.889105 5.098525
 6.040000 -1.228217 0.732989 6.387533
 6.060000 -1.525338 0.841826 4.848876
 6.080000 -1.199167 0.723616 6.609553
 6.100000 -1.550627 0.894350 4.815475
 6.120000 -1.260603 0.752891 6.170536
 6.140000 -1.303555 0.928891 6.050326
 6.160000 -1.239194 0.739601 6.312316
 6.180000 -1.626396 0.913724 4.634730
 6.200000 -1.443882 0.774693 5.087556
 6.220000 -1.449435 0.765882 5.047060
 6.240000 -1.309894 0.767351 5.841944
 6.260000 -1.182358 0.752591 6.810256
 6.280000 -1.407651 0.609829 4.930804
 6.300000 -1.328240 0.756561 5.701699
 6.320000 -1.299012 0.759947 5.904132
 6.340000 -1.330369 0.749047 5.674555
 6.360000 -1.195519 0.767237 6.722502
 6.380000 -1.469248 0.801198 5.014198
 6.400000 -1.354456 0.750009 5.525516
 6.420000 -1.395904 0.944368 5.493644
 6.440000 -1.156685 0.604179 6.699531
 6.460000 -1.631782 0.951657 4.641736
 6.480000 -1.263133 0.742411 6.132355
 6.500000 -1.500467 1.018099 5.022168
 6.520000 -1.233545 0.938606 6.577902
 6.540000 -1.370354 1.152245 5.640941
 6.560000 -1.322184 1.032690 5.945352
 6.580000 -1.486173 1.181940 5.039260
 6.600000 -1.219601 1.069310 6.702400
 6.620000 -1.268275 1.317485 6.342888
 6.640000 -1.196943 1.201075 6.868322
 6.660000 -1.305513 1.363797 6.122062
 6.680000 -1.445022 1.246060 5.239212
 6.700000 -1.462591 1.545059 5.355450
 6.720000 -1.413733 1.448855 5.545345
 6.740000 -1.571602 1.475170 4.695010
 6.760000 -1.574916 1.432596 4.663936
 6.780000 -1.635132 1.354643 4.424866
 6.800000 -1.453772 1.248815 5.194997
 6.820000 -1.201936 1.195325 6.828671
 6.840000 -1.177938 1.030845 7.064272
 6.860000 -1.328026 1.068745 5.906673
 6.880000 -1.287324 0.906494 6.152771
 6.900000 -1.459990 0.880837 5.145155
 6.920000 -1.249151 0.883941 6.423492
 6.940000 -1.348842 0.865780 5.715287
 6.960000 -1.409996 0.700945 5.117588
 6.980000 -1.368597 0.735742 5.415066
 7.000000 -1.285730 0.595921 5.643616
 7.020000 -1.353458 0.619597 5.255785
 7.040000 -1.264445 0.540913 5.673630
 7.060000 -1.441864 0.449955 4.489533
 7.080000 -1.529999 0.539078 4.257471
 7.100000 -1.345135 0.569011 5.193871
 7.120000 -1.340640 0.416039 4.982788
 7.140000 -1.362702 0.518031 4.988220
 7.160000 -1.379145 0.280556 4.823794
 7.180000 -1.407370 0.328198 4.637987
 7.200000 -1.233202 0.405004 5.686101
 7.220000 -1.162708 0.313681 6.198761
 7.240000 -1.321583 0.401765 5.087490
 7.260000 -1.346139 0.403920 4.943800
 7.280000 -1.280978 0.498853 5.471084
 7.300000 -1.360293 0.446819 4.897739
 7.320000 -1.262645 0.656262 5.953003
 7.340000 -1.285920 0.559047 5.559293
 7.360000 -1.367883 0.768726 5.478106
 7.380000 -1.274217 0.866434 6.219703
 7.400000 -1.288841 0.944340 6.159601
 7.420000 -1.376168 1.023400 5.614067
 7.440000 -1.463260 1.114038 5.156387
 7.460000 -1.478287 1.178584 5.075282
 7.480000 -1.400802 1.211939 5.469561
 7.500000 -1.272956 1.287493 6.299978
 7.520000 -1.418280 1.292672 5.398162
 7.540000 -1.387415 1.228931 5.549067
 7.560000 -1.362781 1.332591 5.743393
 7.580000 -1.325706 1.138969 5.919061
 7.600000 -1.271528 1.179579 6.293270
 7.620000 -1.365345 1.192915 5.672622
 7.640000 -1.433863 0.944551 5.301155
 7.660000 -1.205957 1.034419 6.819717
 7.680000 -1.227092 0.859761 6.579502
 7.700000 -1.282239 0.901491 6.186366
 7.720000 -1.357239 0.889126 5.683367
 7.740000 -1.408686 0.648412 5.010928
 7.760000 -1.485388 0.774687 4.905259
 7.780000 -1.349978 0.620976 5.279955
 7.800000 -1.410771 0.616606 4.929597
 7.820000 -1.262456 0.530586 5.666235
 7.840000 -1.182838 0.559757 6.363177
 7.860000 -1.182458 0.508175 6.249677
 7.880000 -1.203096 0.498439 6.059049
 7.900000 -1.375597 0.650960 5.196594
 7.920000 -1.479370 0.441991 4.322830
 7.940000 -1.459058 0.592811 4.645475
 7.960000 -1.336679 0.612593 5.342955
 7.980000 -1.330837 0.548256 5.238303
 8.000000 -1.434410 0.687392 4.966253
 8.020000 -1.540960 0.648046 4.439366
 8.040000 -1.534404 0.685882 4.544008
 8.060000 -1.501849 0.763999 4.821048
 8.080000 -1.503083 0.751957 4.794490
 8.100000 -1.518914 0.829222 4.856512
 8.120000 -1.380673 0.922402 5.568284
 8.140000 -1.267020 0.790360 6.183698
 8.160000 -1.198782 0.794089 6.737490
 8.180000 -1.176261 0.875183 7.027830
 8.200000 -1.268599 0.839845 6.235670
 8.220000 -1.353076 0.846864 5.671675
 8.240000 -1.391346 1.050574 5.528174
 8.260000 -1.406849 0.966082 5.441277
 8.280000 -1.469668 1.018928 5.147985
 8.300000 -1.587680 1.061793 4.726215
 8.320000 -1.597604 0.949490 4.714076
 8.340000 -1.372093 0.947701 5.626818
 8.360000 -1.336035 0.936652 5.839671
 8.380000 -1.228073 0.794916 6.494639
 8.400000 -1.321860 0.988506 5.944768
 8.420000 -1.279866 0.786136 6.082692
 8.440000 -1.385896 0.904750 5.529595
 8.460000 -1.291861 0.866681 6.092211
 8.480000 -1.473817 0.886061 5.089616
 8.500000 -1.455811 0.837492 5.121231
 8.520000 -1.425397 0.677804 4.990103
 8.540000 -1.437891 0.851855 5.219530
 8.560000 -1.347086 0.691159 5.453982
 8.580000 -1.493126 0.744613 4.820308
 8.600000 -1.320229 0.668858 5.576363
 8.620000 -1.245989 0.724428 6.229261
 8.640000 -1.250747 0.747820 6.236930
 8.660000 -1.241930 0.722880 6.258044
 8.680000 -1.248104 0.812238 6.358929
 8.700000 -1.369367 0.772097 5.475021
 8.720000 -1.450011 0.845558 5.156538
 8.740000 -1.422137 0.908154 5.341683
 8.760000 -1.571402 0.990162 4.787039
 8.780000 -1.533503 0.976977 4.903899
 8.800000 -1.603303 1.029538 4.698568
 8.820000 -1.420075 1.061733 5.375075
 8.840000 -1.397093 1.090493 5.492758
 8.860000 -1.438531 0.985663 5.287747
 8.880000 -1.607538 1.147278 4.628926
 8.900000 -1.520121 0.938498 4.941073
 8.920000 -1.412795 1.178093 5.400725
 8.940000 -1.312332 1.000621 6.009664
 8.960000 -1.162743 1.002991 7.202333
 8.980000 -1.394260 1.149044 5.503031
 9.000000 -1.326034 0.875838 5.867480
 9.020000 -1.293414 1.157540 6.137466
 9.040000 -1.204327 1.113132 6.823788
 9.060000 -1.460560 1.230094 5.158471
 9.080000 -1.423616 1.190794 5.343438
 9.100000 -1.410187 1.169781 5.414675
 9.120000 -1.343971 1.171141 5.802600
 9.140000 -1.245750 1.222413 6.483947
 9.160000 -1.314943 1.158737 5.990319
 9.180000 -1.253554 1.301905 6.439864
 9.200000 -1.383823 1.143476 5.562407
 9.220000 -1.228765 1.314865 6.620113
 9.240000 -1.399403 1.234566 5.482272
 9.260000 -1.350150 1.063790 5.767517
 9.280000 -1.444625 1.084226 5.250502
 9.300000 -1.250614 0.976918 6.453321
 9.320000 -1.326532 1.050507 5.917027
 9.340000 -1.377253 1.089206 5.604323
 9.360000 -1.408025 0.952771 5.432143
 9.380000 -1.596083 1.017553 4.718661
 9.400000 -1.548742 1.139990 4.807506
 9.420000 -1.472813 1.089571 5.120529
 9.440000 -1.374592 1.137495 5.616224
 9.460000 -1.375136 0.984760 5.617161
 9.480000 -1.451429 1.162538 5.203186
 9.500000 -1.163719 0.937503 7.179562
 9.520000 -1.246775 1.075143 6.484512
 9.540000 -1.304563 1.004882 6.062900
 9.560000 -1.549484 1.135443 4.807078
 9.580000 -1.362575 1.034356 5.693414
 9.600000 -1.637504 1.108579 4.589764
 9.620000 -1.426930 0.962678 5.339480
 9.640000 -1.468111 1.046692 5.151121
 9.660000 -1.434817 0.835266 5.215807
 9.680000 -1.446819 0.784711 5.089718
 9.700000 -1.260308 0.693822 6.055399
 9.720000 -1.255906 0.551595 5.759996
 9.740000 -1.350105 0.580962 5.189570
 9.760000 -1.393037 0.606733 5.001378
 9.780000 -1.252419 0.440529 5.583887
 9.800000 -1.171805 0.532594 6.394000
 9.820000 -1.368325 0.551251 5.020289
 9.840000 -1.510192 0.510087 4.282272
 9.860000 -1.400593 0.445618 4.682488
 9.880000 -1.389396 0.470237 4.767516
 9.900000 -1.315544 0.391539 5.119576
 9.920000 -1.449004 0.612823 4.734154
 9.940000 -1.214030 0.355720 5.800787
 9.960000 -1.235536 0.542379 5.894696
 9.980000 -1.136296 0.602431 6.877839
 10.000000 -1.266789 0.785438 6.177957
 10.020000 -1.137135 0.712608 7.135628
 10.040000 -1.298465 0.855345 6.035484
 10.060000 -1.404545 0.884320 5.415263
 10.080000 -1.472768 1.122704 5.111051
 10.100000 -1.384713 0.994302 5.564211
 10.120000 -1.460432 1.056468 5.183285
 10.140000 -1.460762 1.120072 5.166318
 10.160000 -1.362142 1.183100 5.691134
 10.180000 -1.219728 1.102178 6.697976
 10.200000 -1.171578 1.234533 7.070165
 10.220000 -1.250370 1.115835 6.454219
 10.240000 -1.256306 1.021240 6.413378
 10.260000 -1.390636 1.100160 5.527197
 10.280000 -1.479994 1.141093 5.074535
 10.300000 -1.325386 0.920053 5.900196
 10.320000 -1.448748 1.069775 5.234127
 10.340000 -1.562140 0.959331 4.811378
 10.360000 -1.552818 0.895271 4.809379
 10.380000 -1.328287 0.829752 5.808334
 10.400000 -1.454552 0.787354 5.058217
 10.420000 -1.415819 0.743072 5.170397
 10.440000 -1.445009 0.826948 5.157699
 10.460000 -1.424972 0.747025 5.131508
 10.480000 -1.160407 0.636251 6.746389
 10.500000 -1.309086 0.772870 5.856508
 10.520000 -1.338691 0.669612 5.459347
 10.540000 -1.284441 0.645362 5.768320
 10.560000 -1.229212 0.664435 6.231405
 10.580000 -1.351672 0.710953 5.467154
 10.600000 -1.256550 0.801088 6.278489
 10.620000 -1.471096 0.714223 4.853427
 10.640000 -1.449796 0.739126 4.997811
 10.660000 -1.386281 0.759889 5.358129
 10.680000 -1.471246 0.765978 4.949885
 10.700000 -1.370629 0.856184 5.577078
 10.720000 -1.272983 0.764157 6.097609
 10.740000 -1.422215 0.839993 5.282959
 10.760000 -1.305107 0.823238 5.955099
 10.780000 -1.373558 0.862797 5.566535
 10.800000 -1.453166 0.837251 5.132846
 10.820000 -1.344064 0.821817 5.698798
 10.840000 -1.305566 0.907935 6.026013
 10.860000 -1.394858 1.057093 5.508421
 10.880000 -1.238408 0.895231 6.516208
 10.900000 -1.376273 0.958011 5.605838
 10.920000 -1.459849 1.065949 5.183972
 10.940000 -1.339677 1.055510 5.832944
 10.960000 -1.371482 1.037080 5.641144
 10.980000 -1.392138 1.132431 5.515724
 11.000000 -1.267527 1.044713 6.328418
 11.020000 -1.493979 1.180257 5.005082
 11.040000 -1.407150 1.074976 5.440527
 11.060000 -1.333682 1.062268 5.870652
 11.080000 -1.467349 1.028401 5.157120
 11.100000 -1.343952 1.029949 5.806401
 11.120000 -1.262468 1.096376 6.363695
 11.140000 -1.246337 0.990928 6.488692
 11.160000 -1.297176 1.135056 6.111572
 11.180000 -1.351001 1.057665 5.762609
 11.200000 -1.605324 1.093518 4.667311
 11.220000 -1.396056 1.188778 5.493371
 11.240000 -1.385293 1.014938 5.562312
 11.260000 -1.352818 1.106682 5.748190
 11.280000 -1.286009 1.126864 6.190349
 11.300000 -1.412019 1.103112 5.410973
 11.320000 -1.301493 0.971174 6.078879
 11.340000 -1.318533 1.008177 5.968778
 11.360000 -1.372279 1.106716 5.631508
 11.380000 -1.349763 1.023692 5.770363
 11.400000 -1.229777 0.893701 6.584711
 11.420000 -1.406714 1.038056 5.446347
 11.440000 -1.346229 1.008797 5.791394
 11.460000 -1.535847 0.943777 4.889365
 11.480000 -1.585436 0.828943 4.645974
 11.500000 -1.473818 0.929699 5.116147
 11.520000 -1.463079 0.979556 5.175907
 11.540000 -1.367918 0.817665 5.549934
 11.560000 -1.291542 0.984434 6.151092
 11.580000 -1.318140 0.816981 5.859362
 11.600000 -1.420512 0.798622 5.238357
 11.620000 -1.259858 0.825400 6.285029
 11.640000 -1.375711 0.816850 5.503850
 11.660000 -1.096825 0.724299 7.539123
 11.680000 -1.310943 0.817495 5.908241
 11.700000 -1.468842 0.814035 5.034157
 11.720000 -1.403259 0.772927 5.287883
 11.740000 -1.555527 0.665684 4.428650
 11.760000 -1.595216 0.745220 4.477997
 11.780000 -1.515843 0.649790 4.533524
 11.800000 -1.360137 0.715275 5.424827
 11.820000 -1.358468 0.695635 5.394419
 11.840000 -1.227033 0.674489 6.272235
 11.860000 -1.469130 0.764849 4.957109
 11.880000 -1.486147 0.603587 4.551780
 11.900000 -1.350583 0.632485 5.302362
 11.920000 -1.363618 0.636706 5.234137
 11.940000 -1.244112 0.688759 6.168827
 11.960000 -1.245160 0.771701 6.322062
 11.980000 -1.158243 0.586561 6.641511
 12.000000 -1.370410 0.865359 5.586928
 12.020000 -1.409632 0.821203 5.324440
 12.040000 -1.555844 0.960403 4.830372
 12.060000 -1.358831 0.953583 5.705893
 12.080000 -1.341177 0.981598 5.819773
 12.100000 -1.410377 1.072435 5.423809
 12.120000 -1.232966 0.960398 6.589813
 12.140000 -1.418777 1.093396 5.377167
 12.160000 -1.335930 1.044313 5.856849
 12.180000 -1.455311 1.082559 5.200896
 12.200000 -1.392461 1.137778 5.513621
 12.220000 -1.484871 1.189640 5.044059
 12.240000 -1.379886 1.159198 5.584889
 12.260000 -1.429093 1.073111 5.328097
 12.280000 -1.384338 1.065174 5.566201
 12.300000 -1.224513 0.982244 6.663136
 12.320000 -1.178374 0.794036 6.914445
 12.340000 -1.070903 0.845468 7.999525
 12.360000 -1.184805 0.771962 6.823019
 12.380000 -1.267020 0.813631 6.216270
 12.400000 -1.372016 0.862624 5.575182
 12.420000 -1.451001 0.761236 5.031954
 12.440000 -1.638356 0.867797 4.572818
 12.460000 -1.623045 0.844436 4.575699
 12.480000 -1.535511 0.803734 4.763015
 12.500000 -1.521143 0.816831 4.832193
 12.520000 -1.416080 0.901308 5.367792
 12.540000 -1.499303 0.807831 4.901142
 12.560000 -1.356506 0.775290 5.556428
 12.580000 -1.515644 0.793150 4.817360
 12.600000 -1.291354 0.709392 5.861403
 12.620000 -1.257628 0.738791 6.167257
 12.640000 -1.097549 0.663505 7.390050
 12.660000 -1.202196 0.690116 6.512194
 12.680000 -1.251470 0.707281 6.151607
 12.700000 -1.409127 0.758919 5.233352
 12.720000 -1.393446 0.644818 5.083852
 12.740000 -1.553524 0.797775 4.694327
 12.760000 -1.549094 0.767767 4.657893
 12.780000 -1.347289 0.816935 5.672753
 12.800000 -1.358548 0.818071 5.605843
 12.820000 -1.304328 0.954421 6.054687
 12.840000 -1.241496 0.790390 6.380295
 12.860000 -1.373842 1.077459 5.625166
 12.880000 -1.425449 1.043066 5.350483
 12.900000 -1.334323 1.074450 5.865907
 12.920000 -1.323965 1.165472 5.930704
 12.940000 -1.426369 1.094378 5.338196
 12.960000 -1.308736 1.111076 6.032792
 12.980000 -1.410022 1.077484 5.425047
 13.000000 -1.189992 1.019951 6.958310
 13.020000 -1.302254 1.082383 6.078220
 13.040000 -1.290103 1.054872 6.163972
 13.060000 -1.368260 1.183953 5.654325
 13.080000 -1.313571 1.056736 6.002312
 13.100000 -1.401166 1.133578 5.465608
 13.120000 -1.377014 1.138967 5.602005
 13.140000 -1.336153 0.988988 5.852595
 13.160000 -1.497601 1.169109 4.991843
 13.180000 -1.358926 0.931749 5.697803
 13.200000 -1.381968 1.095523 5.576630
 13.220000 -1.360846 0.954990 5.694341
 13.240000 -1.386711 0.942321 5.542948
 13.260000 -1.413478 0.994029 5.411376
 13.280000 -1.294587 0.909664 6.103175
 13.300000 -1.238947 0.977544 6.545467
 13.320000 -1.249405 0.865042 6.406468
 13.340000 -1.406696 0.972741 5.443205
 13.360000 -1.268503 0.835331 6.231429
 13.380000 -1.469453 0.835845 5.059480
 13.400000 -1.278727 0.918316 6.221482
 13.420000 -1.413874 0.925149 5.392101
 13.440000 -1.408263 0.787894 5.285274
 13.460000 -1.457649 1.045263 5.197768
 13.480000 -1.312560 0.848969 5.932834
 13.500000 -1.476770 1.040497 5.114984
 13.520000 -1.425792 0.904205 5.321263
 13.540000 -1.443319 1.099434 5.253510
 13.560000 -1.348039 1.018383 5.780651
 13.580000 -1.167196 1.093707 7.150216
 13.600000 -1.295898 1.075565 6.122582
 13.620000 -1.251048 1.138526 6.447272
 13.640000 -1.307573 1.160967 6.040029
 13.660000 -1.404685 1.087272 5.452112
 13.680000 -1.421996 1.222167 5.355614
 13.700000 -1.424117 1.372968 5.415129
 13.720000 -1.496276 1.154763 5.001161
 13.740000 -1.547414 1.271862 4.768100
 13.760000 -1.474812 1.229512 5.089299
 13.780000 -1.407975 1.190611 5.427488
 13.800000 -1.189094 1.118396 6.951843
 13.820000 -1.271862 1.094850 6.294096
 13.840000 -1.248764 1.161613 6.462972
 13.860000 -1.363145 1.101262 5.685996
 13.880000 -1.470822 1.165254 5.111189
 13.900000 -1.457263 1.055196 5.197807
 13.920000 -1.403860 1.016724 5.462091
 13.940000 -1.436038 0.938871 5.288843
 13.960000 -1.579035 0.887998 4.728023
 13.980000 -1.220449 0.813256 6.582410
 14.000000 -1.406217 0.808068 5.325034
 14.020000 -1.431033 0.630135 4.857785
 14.040000 -1.504699 0.865876 4.949270
 14.060000 -1.323393 0.620549 5.445840
 14.080000 -1.279055 0.571714 5.636020
 14.100000 -1.283244 0.634909 5.752549
 14.120000 -1.176937 0.514057 6.308873
 14.140000 -1.391662 0.616853 5.031244
 14.160000 -1.191210 0.453626 6.074851
 14.180000 -1.467258 0.572223 4.566849
 14.200000 -1.398886 0.542773 4.836161
 14.220000 -1.530668 0.527363 4.235168
 14.240000 -1.354128 0.377991 4.890625
 14.260000 -1.338130 0.461256 5.042586
 14.280000 -1.266955 0.374966 5.427993
 14.300000 -1.193657 0.435389 6.027676
 14.320000 -1.308472 0.335051 5.160784
 14.340000 -1.288223 0.554476 5.533252
 14.360000 -1.417370 0.413345 4.577822
 14.380000 -1.256080 0.602944 5.876699
 14.400000 -1.379246 0.586282 5.032437
 14.420000 -1.355437 0.541103 5.074368
 14.440000 -1.288059 0.633707 5.715495
 14.460000 -1.404670 0.702977 5.149788
 14.480000 -1.390796 0.799788 5.396256
 14.500000 -1.551876 0.917789 4.826946
 14.520000 -1.390702 0.992617 5.531145
 14.540000 -1.550394 1.165387 4.790140
 14.560000 -1.290745 1.082277 6.158498
 14.580000 -1.431725 1.244797 5.308425
 14.600000 -1.007728 1.109221 8.717090
 14.620000 -1.080378 1.215534 7.896291
 14.640000 -1.183244 1.243168 6.971762
 14.660000 -1.213308 1.250914 6.731698
 14.680000 -1.391576 1.484518 5.715544
 14.700000 -1.474243 1.376584 5.142460
 14.720000 -1.503339 1.503936 5.079777
 14.740000 -1.393687 1.432375 5.645976
 14.760000 -1.673775 1.423630 4.272821
 14.780000 -1.340376 1.425335 5.958524
 14.800000 -1.425034 1.346345 5.390730
 14.820000 -1.407702 1.409935 5.541251
 14.840000 -1.242306 1.370856 6.541912
 14.860000 -1.458143 1.310027 5.191189
 14.880000 -1.309196 1.372366 6.104715
 14.900000 -1.415019 1.286601 5.413491
 14.920000 -1.262693 1.201034 6.358017
 14.940000 -1.522608 1.293891 4.873588
 14.960000 -1.293622 1.086224 6.138062
 14.980000 -1.470833 1.175247 5.109938
 15.000000 -1.332017 0.935343 5.864637
 15.020000 -1.311681 0.952258 6.003969
 15.040000 -1.402191 0.838249 5.383919
 15.060000 -1.269469 0.835293 6.224183
 15.080000 -1.299034 0.750704 5.887710
 15.100000 -1.259017 0.745549 6.169276
 15.120000 -1.356685 0.861947 5.664436
 15.140000 -1.280191 0.709610 5.941742
 15.160000 -1.406821 0.760632 5.248381
 15.180000 -1.385033 0.777903 5.394963
 15.200000 -1.395298 0.691987 5.176920
 15.220000 -1.443017 0.746236 5.042586
 15.240000 -1.237129 0.596186 6.006062
 15.260000 -1.415153 0.703467 5.096113
 15.280000 -1.407716 0.631052 4.977544
 15.300000 -1.402763 0.598538 4.931575
 15.320000 -1.426928 0.644339 4.909367
 15.340000 -1.331940 0.450587 5.066534
 15.360000 -1.350597 0.649711 5.341026
 15.380000 -1.368434 0.499306 4.923416
 15.400000 -1.199787 0.503178 6.095541
 15.420000 -1.233838 0.534408 5.890330
 15.440000 -1.338281 0.437259 5.014494
 15.460000 -1.075954 0.500291 7.180180
 15.480000 -1.355930 0.495035 4.987430
 15.500000 -1.420445 0.506635 4.662853
 15.520000 -1.391537 0.650598 5.106972
 15.540000 -1.418455 0.468610 4.618878
 15.560000 -1.519528 0.674152 4.572873
 15.580000 -1.414565 0.527908 4.728020
 15.600000 -1.467508 0.625099 4.677495
 15.620000 -1.386391 0.678012 5.195678
 15.640000 -1.223750 0.614931 6.156895
 15.660000 -1.371058 0.761501 5.447339
 15.680000 -1.293849 0.687402 5.796902
 15.700000 -1.278472 0.771316 6.069392
 15.720000 -1.351606 0.848979 5.682744
 15.740000 -1.157183 0.771962 7.068176
 15.760000 -1.457914 0.910745 5.175236
 15.780000 -1.454511 0.768611 5.028359
 15.800000 -1.544330 1.016512 4.866323
 15.820000 -1.368045 0.958434 5.653102
 15.840000 -1.611155 1.157025 4.613204
 15.860000 -1.456706 1.119998 5.185217
 15.880000 -1.489107 1.163880 5.029500
 15.900000 -1.469334 1.189046 5.115650
 15.920000 -1.111851 1.038312 7.683719
 15.940000 -1.239212 1.256523 6.535337
 15.960000 -1.182057 1.150849 7.005020
 15.980000 -1.188184 1.246110 6.931075
 16.000000 -1.241559 1.324086 6.530596
 16.020000 -1.395373 1.410277 5.613693
 16.040000 -1.253348 1.420086 6.494579
 16.060000 -1.540897 1.251284 4.797701
 16.080000 -1.587673 1.473946 4.615716
 16.100000 -1.343542 1.441875 5.956185
 16.120000 -1.505534 1.455869 5.030574
 16.140000 -1.348334 1.436391 5.921542
 16.160000 -1.503800 1.560097 5.122753
 16.180000 -1.454178 1.579098 5.438789
 16.200000 -1.553403 1.525566 4.814042
 16.220000 -1.336788 1.461859 6.017918
 16.240000 -1.297884 1.576482 6.358092
 16.260000 -1.308495 1.587504 6.308675
 16.280000 -1.065562 1.395081 7.827566
 16.300000 -1.290237 1.417597 6.260003
 16.320000 -1.058275 1.373540 7.915825
 16.340000 -1.296968 1.411249 6.212734
 16.360000 -1.240478 1.330294 6.539814
 16.380000 -1.279693 1.347483 6.279884
 16.400000 -1.471865 1.355325 5.141655
 16.420000 -1.684059 1.373959 4.272233
 16.440000 -1.667803 1.259546 4.404122
 16.460000 -1.461890 1.157144 5.153761
 16.480000 -1.629492 1.190315 4.545367
 16.500000 -1.369350 1.162455 5.646956
 16.520000 -1.693038 0.985453 4.568156
 16.540000 -1.586897 1.153390 4.680743
 16.560000 -1.543759 1.117193 4.834584
 16.580000 -1.609343 0.902265 4.663488
 16.600000 -1.496541 1.076835 5.024607
 16.620000 -1.371126 0.904726 5.612686
 16.640000 -1.080426 0.797792 7.837016
 16.660000 -1.195870 0.776910 6.735639
 16.680000 -1.144235 0.726322 7.099423
 16.700000 -1.392619 0.719358 5.247778
 16.720000 -1.338012 0.642012 5.401541
 16.740000 -1.543021 0.695024 4.533415
 16.760000 -1.588159 0.741329 4.489430
 16.780000 -1.419264 0.771414 5.202551
 16.800000 -1.545582 0.722451 4.581915
 16.820000 -1.399034 0.619202 4.996858
 16.840000 -1.434217 0.796840 5.168033
 16.860000 -1.176990 0.583381 6.470245
 16.880000 -1.335353 0.671242 5.484044
 16.900000 -1.154196 0.912236 7.255062
 16.920000 -1.218219 0.738398 6.479557
 16.940000 -1.330174 0.959734 5.884521
 16.960000 -1.501827 0.970235 5.016636
 16.980000 -1.691148 0.932028 4.554104
 17.000000 -1.563889 1.012924 4.806471
 17.020000 -1.688462 1.101508 4.522151
 17.040000 -1.585659 1.170884 4.673983
 17.060000 -1.592146 1.248382 4.611881
 17.080000 -1.591227 1.188770 4.647347
 17.100000 -1.680382 1.268067 4.371599
 17.120000 -1.490386 1.274167 5.019660
 17.140000 -1.382689 1.210257 5.572431
 17.160000 -1.237981 1.138223 6.548216
 17.180000 -1.186717 1.367043 6.929717
 17.200000 -1.155706 1.308034 7.176611
 17.220000 -1.052534 1.285619 8.083564
 17.240000 -1.266087 1.277397 6.345050
 17.260000 -1.372956 1.299261 5.662295
 17.280000 -1.499669 1.286646 4.977921
 17.300000 -1.401339 1.241531 5.473286
 17.320000 -1.407501 1.220115 5.433902
 17.340000 -1.428512 1.118088 5.323300
 17.360000 -1.404110 1.029692 5.460488
 17.380000 -1.536192 0.946950 4.889209
 17.400000 -1.265383 0.837276 6.256958
 17.420000 -1.287515 0.896849 6.145446
 17.440000 -1.270440 0.854709 6.237068
 17.460000 -1.392084 0.839040 5.439040
 17.480000 -1.263696 0.696471 6.035640
 17.500000 -1.362715 0.647359 5.263306
 17.520000 -1.336333 0.674626 5.485304
 17.540000 -1.437240 0.521383 4.606664
 17.560000 -1.361973 0.586533 5.131480
 17.580000 -1.187543 0.511640 6.214414
 17.600000 -1.400904 0.558937 4.857678
 17.620000 -1.304922 0.631546 5.593451
 17.640000 -1.501651 0.696516 4.689583
 17.660000 -1.411529 0.544693 4.774682
 17.680000 -1.444076 0.731701 5.010431
 17.700000 -1.222080 0.626344 6.197891
 17.720000 -1.291502 0.647462 5.723129
 17.740000 -1.180788 0.634069 6.562376
 17.760000 -1.361510 0.641262 5.256779
 17.780000 -1.444667 0.726199 4.997010
 17.800000 -1.402764 0.662764 5.073590
 17.820000 -1.341620 0.727301 5.562058
 17.840000 -1.307233 0.761700 5.850504
 17.860000 -1.495855 0.883789 4.998508
 17.880000 -1.148808 0.694450 6.988826
 17.900000 -1.327463 0.897539 5.873615
 17.920000 -1.354757 0.801973 5.607213
 17.940000 -1.471952 0.855939 5.070906
 17.960000 -1.383044 0.795200 5.432599
 17.980000 -1.394426 0.869108 5.456547
 18.000000 -1.187619 0.697468 6.652493
 18.020000 -1.263359 0.711408 6.069710
 18.040000 -1.410026 0.731672 5.178871
 18.060000 -1.381998 0.639739 5.135502
 18.080000 -1.515018 0.619701 4.472055
 18.100000 -1.459149 0.771574 5.012329
 18.120000 -1.382063 0.629499 5.112358
 18.140000 -1.400690 0.582732 4.908380
 18.160000 -1.272229 0.599998 5.750017
 18.180000 -1.063866 0.391851 7.093517
 18.200000 -1.030733 0.437870 7.464843
 18.220000 -1.210742 0.446740 5.907481
 18.240000 -1.231493 0.392480 5.688751
 18.260000 -1.456644 0.587502 4.645143
 18.280000 -1.341407 0.606409 5.299377
 18.300000 -1.473567 0.746289 4.904959
 18.320000 -1.440147 0.692959 4.950532
 18.340000 -1.576120 0.716478 4.473137
 18.360000 -1.312517 0.650325 5.585489
 18.380000 -1.479995 0.767767 4.915890
 18.400000 -1.340515 0.657665 5.421141
 18.420000 -1.597016 0.887936 4.681535
 18.440000 -1.503998 0.913976 4.988047
 18.460000 -1.398406 1.042867 5.490101
 18.480000 -1.237119 0.828221 6.465627
 18.500000 -1.303306 1.044128 6.072202
 18.520000 -1.100771 0.862200 7.724043
 18.540000 -1.077925 0.855176 7.941293
 18.560000 -1.037501 0.883847 8.378123
 18.580000 -1.199024 0.972262 6.876157
 18.600000 -1.342938 0.757605 5.609959
 18.620000 -1.505576 1.016095 5.002792
 18.640000 -1.477230 0.819975 5.006617
 18.660000 -1.607041 0.929281 4.684521
 18.680000 -1.349296 0.890638 5.732223
 18.700000 -1.636836 0.940815 4.629206
 18.720000 -1.372279 0.837526 5.548315
 18.740000 -1.347593 0.958649 5.774924
 18.760000 -1.313312 0.814084 5.887921
 18.780000 -1.427181 0.909653 5.317761
 18.800000 -1.412739 0.859737 5.351655
 18.820000 -1.459065 0.774118 5.016877
 18.840000 -1.325843 0.926795 5.900555
 18.860000 -1.200641 0.855654 6.796887
 18.880000 -1.543421 0.855210 4.802466
 18.900000 -1.284775 0.858042 6.135208
 18.920000 -1.496332 0.905191 5.011949
 18.940000 -1.515937 0.946912 4.958879
 18.960000 -1.402368 1.008161 5.469765
 18.980000 -1.337071 0.906255 5.818085
 19.000000 -1.406498 1.025317 5.448155
 19.020000 -1.301645 0.967078 6.076824
 19.040000 -1.152132 0.998909 7.300206
 19.060000 -1.338798 0.989576 5.835959
 19.080000 -1.276272 1.089212 6.262059
 19.100000 -1.676393 1.110431 4.528006
 19.120000 -1.409973 1.081950 5.424725
 19.140000 -1.408953 1.150513 5.422094
 19.160000 -1.453456 1.031498 5.218577
 19.180000 -1.391125 0.992327 5.528811
 19.200000 -1.398178 0.964308 5.486672
 19.220000 -1.373256 0.925160 5.611507
 19.240000 -1.233481 0.895213 6.555755
 19.260000 -1.062755 0.737465 7.895537
 19.280000 -1.527059 0.823975 4.820802
 19.300000 -1.338727 0.773141 5.662615
 19.320000 -1.556963 0.694743 4.486518
 19.340000 -1.549200 0.667819 4.454091
 19.360000 -1.421018 0.729553 5.118504
 19.380000 -1.458287 0.558553 4.579368
 19.400000 -1.299998 0.651434 5.673018
 19.420000 -1.301315 0.667633 5.700907
 19.440000 -1.336423 0.495966 5.104597
 19.460000 -1.515207 0.578548 4.385813
 19.480000 -1.191930 0.523842 6.204268
 19.500000 -1.460704 0.450529 4.407339
 19.520000 -1.273407 0.710009 5.992123
 19.540000 -1.148952 0.514730 6.551732
 19.560000 -1.388801 0.639312 5.096917
 19.580000 -1.266315 0.572072 5.729025
 19.600000 -1.548259 0.689964 4.504883
 19.620000 -1.498702 0.657250 4.616660
 19.640000 -1.523370 0.833246 4.845595
 19.660000 -1.345934 0.755336 5.587321
 19.680000 -1.403255 0.866200 5.406938
 19.700000 -1.145452 0.926458 7.344021
 19.720000 -1.274789 0.863909 6.213297
 19.740000 -1.364650 0.976497 5.676583
 19.760000 -1.231420 1.180546 6.595363
 19.780000 -1.360170 1.152077 5.702060
 19.800000 -1.250739 1.303998 6.460352
 19.820000 -1.273954 1.450960 6.387397
 19.840000 -1.394814 1.302579 5.535806
 19.860000 -1.523106 1.441544 4.926866
 19.880000 -1.402696 1.426371 5.586621
 19.900000 -1.387234 1.432364 5.684131
 19.920000 -1.392942 1.546834 5.776819
 19.940000 -1.400093 1.551924 5.739299
 19.960000 -1.637152 1.406893 4.401858
 19.980000 -1.522940 1.422670 4.916573
 20.000000 -1.690573 1.410610 4.230832
