#! FIELDS time phi psi metad.bias
#! SET min_phi -pi
#! SET max_phi pi
#! SET min_psi -pi
#! SET max_psi pi
 0.000000 3.141580 -3.141577 43.003220
 0.020000 -2.432902 2.553894 6.623544
 0.040000 -2.429229 2.530123 6.434686
 0.060000 -2.448422 2.533441 6.615819
 0.080000 -2.428830 2.523949 6.395460
 0.100000 -2.385389 2.507405 6.039365
 0.120000 -2.415281 2.440879 6.029313
 0.140000 -2.376420 2.504354 5.983456
 0.160000 -2.333577 2.517330 5.885814
 0.180000 -2.381956 2.506117 6.016827
 0.200000 -2.338173 2.495576 5.810975
 0.220000 -2.305873 2.536174 5.925409
 0.240000 -2.305700 2.579430 6.197492
 0.260000 -2.316218 2.572494 6.165355
 0.280000 -2.295191 2.671566 7.004831
 0.300000 -2.391045 2.718247 8.019550
 0.320000 -2.410368 2.720695 8.244064
 0.340000 -2.481945 2.672395 8.494933
 0.360000 -2.555265 2.650221 9.462096
 0.380000 -2.546914 2.649986 9.290435
 0.400000 -2.589351 2.621834 9.706224
 0.420000 -2.586330 2.528020 8.397663
 0.440000 -2.590518 2.517729 8.373138
 0.460000 -2.502820 2.501904 6.983470
 0.480000 -2.531504 2.556600 7.789647
 0.500000 -2.374701 2.502403 5.967874
 0.520000 -2.446885 2.506866 6.449332
 0.540000 -2.324453 2.550404 6.038381
 0.560000 -2.436655 2.520432 6.436968
 0.580000 -2.344767 2.484551 5.794576
 0.600000 -2.414284 2.393733 6.035546
 0.620000 -2.288758 2.493400 5.720881
 0.640000 -2.343954 2.347224 5.825707
 0.660000 -2.247479 2.343771 5.636762
 0.680000 -2.280793 2.383366 5.597485
 0.700000 -2.217495 2.378560 5.576091
 0.720000 -2.272122 2.404816 5.572285
 0.740000 -2.289880 2.366284 5.638809
 0.760000 -2.307338 2.375195 5.653991
 0.780000 -2.270374 2.500908 5.743051
 0.800000 -2.186567 2.472758 5.752135
 0.820000 -2.245282 2.387782 5.568204
 0.840000 -2.177727 2.503693 5.905563
 0.860000 -2.120261 2.541110 6.356361
 0.880000 -2.076268 2.631672 7.423423
 0.900000 -2.093325 2.537689 6.470701
 0.920000 -2.164764 2.601438 6.614779
 0.940000 -2.261240 2.751058 7.865375
 0.960000 -2.325751 2.679425 7.158253
 0.980000 -2.379082 2.689990 7.563438
 1.000000 -2.403925 2.667415 7.492346
 1.020000 -2.433352 2.731765 8.676522
 1.040000 -2.483852 2.660271 8.349490
 1.060000 -2.555033 2.598592 8.672482
 1.080000 -2.544799 2.546260 7.889674
 1.100000 -2.518731 2.682023 9.272919
 1.120000 -2.505239 2.608377 7.979019
 1.140000 -2.516015 2.625936 8.374506
 1.160000 -2.597627 2.602389 9.568549
 1.180000 -2.513955 2.644742 8.606060
 1.200000 -2.473347 2.652179 8.086366
 1.220000 -2.414649 2.644188 7.317073
 1.240000 -2.344265 2.518357 5.920457
 1.260000 -2.347487 2.517531 5.926768
 1.280000 -2.420047 2.550821 6.499280
 1.300000 -2.342376 2.410283 5.699471
 1.320000 -2.361597 2.502405 5.913326
 1.340000 -2.361457 2.439071 5.766053
 1.360000 -2.263812 2.591765 6.274637
 1.380000 -2.284697 2.502134 5.750634
 1.400000 -2.311672 2.544935 5.982252
 1.420000 -2.263687 2.538465 5.922310
 1.440000 -2.184893 2.609738 6.601607
 1.460000 -2.318344 2.592580 6.317947
 1.480000 -2.265352 2.574605 6.148039
 1.500000 -2.455473 2.524200 6.621428
 1.520000 -2.550847 2.544313 7.965343
 1.540000 -2.514624 2.571977 7.700914
 1.560000 -2.616752 2.532051 9.002838
 1.580000 -2.556668 2.677117 9.960792
 1.600000 -2.518860 2.638848 8.603583
 1.620000 -2.565270 2.749067 11.600306
 1.640000 -2.584617 2.586026 9.058383
 1.660000 -2.610375 2.617610 10.102935
 1.680000 -2.624039 2.630867 10.668832
 1.700000 -2.534231 2.736496 10.576238
 1.720000 -2.574050 2.685732 10.519407
 1.740000 -2.507780 2.677955 9.006423
 1.760000 -2.454881 2.697556 8.466603
 1.780000 -2.458313 2.820564 10.482407
 1.800000 -2.303020 2.807980 8.605611
 1.820000 -2.286888 2.689240 7.182316
 1.840000 -2.164561 2.737516 8.001346
 1.860000 -2.170873 2.561780 6.278615
 1.880000 -2.223514 2.596000 6.367675
 1.900000 -2.367840 2.416416 5.785572
 1.920000 -2.266882 2.512069 5.789915
 1.940000 -2.218588 2.395389 5.570152
 1.960000 -2.291907 2.422197 5.591124
 1.980000 -2.292830 2.345990 5.693222
 2.000000 -2.430472 2.369052 6.188305
 2.020000 -2.317160 2.417647 5.632589
 2.040000 -2.303621 2.325469 5.782943
 2.060000 -2.193493 2.432911 5.631425
 2.080000 -2.339099 2.218651 6.490499
 2.100000 -2.284717 2.491473 5.711915
 2.120000 -2.471012 2.295909 6.813767
 2.140000 -2.271360 2.411523 5.570933
 2.160000 -2.365870 2.370017 5.842563
 2.180000 -2.296655 2.484730 5.699215
 2.200000 -2.521947 2.538739 7.487142
 2.220000 -2.578134 2.454721 7.758513
 2.240000 -2.668149 2.476033 9.475369
 2.260000 -2.626805 2.557911 9.529272
 2.280000 -2.685761 2.647446 12.686614
 2.300000 -2.651385 2.566302 10.193035
 2.320000 -2.665295 2.727840 14.114799
 2.340000 -2.606754 2.759312 13.029586
 2.360000 -2.473609 2.824230 10.851840
 2.380000 -2.393206 2.836600 9.689199
 2.400000 -2.333833 2.879674 9.639873
 2.420000 -2.228603 2.876782 9.309529
 2.440000 -2.160335 2.684771 7.443142
 2.460000 -2.230449 2.676062 7.084593
 2.480000 -2.261700 2.442441 5.589182
 2.500000 -2.276742 2.578585 6.172786
 2.520000 -2.404748 2.429277 5.960383
 2.540000 -2.302735 2.521479 5.847654
 2.560000 -2.345235 2.243623 6.350605
 2.580000 -2.454624 2.387293 6.320905
 2.600000 -2.502778 2.328435 6.929589
 2.620000 -2.366905 2.362770 5.865677
 2.640000 -2.395268 2.315755 6.180242
 2.660000 -2.281816 2.334670 5.706082
 2.680000 -2.377900 2.385734 5.860447
 2.700000 -2.549781 2.420688 7.277318
 2.720000 -2.501496 2.453119 6.768117
 2.740000 -2.453567 2.540603 6.711600
 2.760000 -2.366362 2.613007 6.660832
 2.780000 -2.339815 2.680461 7.223449
 2.800000 -2.369142 2.668978 7.249334
 2.820000 -2.483737 2.646755 8.160471
 2.840000 -2.330405 2.715959 7.591720
 2.860000 -2.454846 2.593290 7.172132
 2.880000 -2.392957 2.644832 7.145108
 2.900000 -2.447256 2.628396 7.465804
 2.920000 -2.541856 2.669936 9.522198
 2.940000 -2.461699 2.657094 7.994952
 2.960000 -2.560668 2.611192 8.955311
 2.980000 -2.425470 2.542858 6.486371
 3.000000 -2.371234 2.615248 6.707272
 3.020000 -2.321378 2.490680 5.754813
 3.040000 -2.390993 2.465943 5.933436
 3.060000 -2.296276 2.285639 5.933457
 3.080000 -2.428863 2.379594 6.152277
 3.100000 -2.301839 2.378275 5.637729
 3.120000 -2.266034 2.402243 5.569020
 3.140000 -2.296186 2.433993 5.602430
 3.160000 -2.207052 2.490749 5.774136
 3.180000 -2.285561 2.427783 5.586718
 3.200000 -2.336889 2.407443 5.685082
 3.220000 -2.352115 2.552695 6.133106
 3.240000 -2.198217 2.485577 5.772731
 3.260000 -2.365214 2.606339 6.595251
 3.280000 -2.211864 2.513649 5.865750
 3.300000 -2.399454 2.602986 6.771668
 3.320000 -2.276161 2.737155 7.708535
 3.340000 -2.383560 2.777050 8.745998
 3.360000 -2.315098 2.778082 8.284741
 3.380000 -2.343300 2.752705 8.107343
 3.400000 -2.346398 2.746455 8.046723
 3.420000 -2.482658 2.726477 9.352667
 3.440000 -2.545087 2.681303 9.787323
 3.460000 -2.568243 2.656964 9.852021
 3.480000 -2.503640 2.760010 10.341838
 3.500000 -2.416673 2.578950 6.689304
 3.520000 -2.562095 2.598167 8.796418
 3.540000 -2.550734 2.504177 7.626579
 3.560000 -2.481320 2.668230 8.425054
 3.580000 -2.479234 2.561268 7.142901
 3.600000 -2.417097 2.429939 6.032770
 3.620000 -2.426349 2.322263 6.335892
 3.640000 -2.443794 2.376909 6.260993
 3.660000 -2.468198 2.364303 6.482438
 3.680000 -2.345064 2.248106 6.320851
 3.700000 -2.264528 2.332092 5.686657
 3.720000 -2.159753 2.466693 5.801863
 3.740000 -2.162982 2.403484 5.642552
 3.760000 -2.234701 2.367470 5.586062
 3.780000 -2.176490 2.422016 5.643123
 3.800000 -2.052805 2.493538 6.396100
 3.820000 -1.862015 2.456417 7.246920
 3.840000 -1.881716 2.530762 7.877145
 3.860000 -1.955432 2.431283 6.531100
 3.880000 -1.982893 2.507430 6.925195
 3.900000 -2.115289 2.358967 5.718313
 3.920000 -1.968783 2.341725 6.066538
 3.940000 -2.085829 2.366865 5.791770
 3.960000 -2.076916 2.352421 5.799344
 3.980000 -2.286198 2.405579 5.585595
 4.000000 -2.281851 2.228502 6.207286
 4.020000 -2.427386 2.293432 6.495615
 4.040000 -2.246148 2.312336 5.725161
 4.060000 -2.266304 2.407328 5.568136
 4.080000 -2.302528 2.363479 5.668039
 4.100000 -2.251981 2.519402 5.832070
 4.120000 -2.325391 2.401916 5.658618
 4.140000 -2.302747 2.482172 5.698534
 4.160000 -2.371027 2.422289 5.797359
 4.180000 -2.469384 2.477797 6.523290
 4.200000 -2.541671 2.656212 9.288923
 4.220000 -2.566050 2.616260 9.135377
 4.240000 -2.658757 2.516421 9.680052
 4.260000 -2.512408 2.577886 7.731882
 4.280000 -2.488834 2.718368 9.327859
 4.300000 -2.462275 2.655322 7.979093
 4.320000 -2.382949 2.649982 7.129322
 4.340000 -2.484440 2.533919 6.981912
 4.360000 -2.366157 2.635101 6.870939
 4.380000 -2.423378 2.612451 7.055283
 4.400000 -2.418766 2.582038 6.731974
 4.420000 -2.400824 2.474294 6.005781
 4.440000 -2.373696 2.466289 5.853630
 4.460000 -2.356852 2.505443 5.907483
 4.480000 -2.353084 2.439534 5.736832
 4.500000 -2.213767 2.336265 5.635847
 4.520000 -2.324477 2.441122 5.657936
 4.540000 -2.110287 2.417376 5.807075
 4.560000 -2.267456 2.448734 5.599368
 4.580000 -2.384328 2.234888 6.613168
 4.600000 -2.385816 2.266917 6.403596
 4.620000 -2.405806 2.443746 5.976616
 4.640000 -2.459470 2.421399 6.332434
 4.660000 -2.407067 2.508780 6.167609
 4.680000 -2.508230 2.272703 7.313246
 4.700000 -2.572148 2.471647 7.746602
 4.720000 -2.449793 2.504698 6.463285
 4.740000 -2.555623 2.554243 8.144054
 4.760000 -2.394111 2.582342 6.556256
 4.780000 -2.299552 2.631094 6.614597
 4.800000 -2.375087 2.678853 7.401948
 4.820000 -2.371694 2.761534 8.425426
 4.840000 -2.378913 2.674239 7.374628
 4.860000 -2.373303 2.663245 7.211254
 4.880000 -2.147235 2.763298 8.396734
 4.900000 -2.267786 2.631698 6.606374
 4.920000 -2.211976 2.522679 5.911175
 4.940000 -2.278762 2.473450 5.654978
 4.960000 -2.301676 2.460904 5.645698
 4.980000 -2.218425 2.379911 5.574935
 5.000000 -2.275368 2.361569 5.626992
 5.020000 -2.417213 2.260091 6.639851
 5.040000 -2.476668 2.383829 6.508522
 5.060000 -2.515800 2.268263 7.423644
 5.080000 -2.653799 2.303507 9.051273
 5.100000 -2.431627 2.369757 6.194125
 5.120000 -2.536203 2.391188 7.108170
 5.140000 -2.359601 2.465771 5.796849
 5.160000 -2.394839 2.510804 6.104760
 5.180000 -2.310854 2.560270 6.074321
 5.200000 -2.430343 2.666866 7.745514
 5.220000 -2.354570 2.756592 8.228967
 5.240000 -2.616161 2.693244 11.758839
 5.260000 -2.580482 2.708501 11.138133
 5.280000 -2.672598 2.723237 14.233404
 5.300000 -2.648089 2.802197 15.559492
 5.320000 -2.416188 2.686644 7.849446
 5.340000 -2.347359 2.672074 7.164792
 5.360000 -2.235501 2.599809 6.372778
 5.380000 -2.144689 2.728949 8.019925
 5.400000 -2.142377 2.530023 6.180822
 5.420000 -2.180271 2.517577 5.968720
 5.440000 -2.001591 2.600853 7.680382
 5.460000 -2.151398 2.591547 6.593297
 5.480000 -2.145167 2.418199 5.704100
 5.500000 -2.200307 2.346636 5.616723
 5.520000 -2.251567 2.276447 5.875203
 5.540000 -2.045617 2.420461 6.059229
 5.560000 -1.977241 2.233350 5.913785
 5.580000 -2.037873 2.273581 5.858954
 5.600000 -2.018557 2.304892 5.885968
 5.620000 -2.103588 2.302148 5.766473
 5.640000 -2.084473 2.171623 6.087868
 5.660000 -2.027865 2.335013 5.896335
 5.680000 -2.091966 2.229858 5.917521
 5.700000 -2.155938 2.418822 5.680124
 5.720000 -2.217056 2.394160 5.571019
 5.740000 -2.241318 2.348767 5.621052
 5.760000 -2.177630 2.358197 5.616734
 5.780000 -2.158463 2.361278 5.640200
 5.800000 -2.244869 2.544414 5.973021
 5.820000 -2.208285 2.538038 6.005071
 5.840000 -2.326180 2.690075 7.277116
 5.860000 -2.271398 2.658161 6.856123
 5.880000 -2.411111 2.743053 8.564985
 5.900000 -2.488502 2.702863 9.069064
 5.920000 -2.651757 2.800662 15.654673
 5.940000 -2.523446 2.809269 11.745386
 5.960000 -2.623580 2.793703 14.445510
 5.980000 -2.414516 2.654477 7.434508
 6.000000 -2.442661 2.683028 8.101195
 6.020000 -2.409475 2.672039 7.598900
 6.040000 -2.415947 2.629443 7.166340
 6.060000 -2.307816 2.468399 5.670047
 6.080000 -2.345305 2.488119 5.807080
 6.100000 -2.320347 2.552473 6.042277
 6.120000 -2.310296 2.493358 5.744117
 6.140000 -2.440563 2.510607 6.415921
 6.160000 -2.338824 2.302276 5.988804
 6.180000 -2.332256 2.349004 5.782099
 6.200000 -2.238445 2.323770 5.681221
 6.220000 -2.252563 2.395825 5.565526
 6.240000 -2.220139 2.316095 5.689027
 6.260000 -2.258821 2.504209 5.759677
 6.280000 -2.344678 2.466893 5.749638
 6.300000 -2.410577 2.423900 5.992379
 6.320000 -2.554797 2.567531 8.277649
 6.340000 -2.567593 2.754734 11.784626
 6.360000 -2.447444 2.872433 11.101409
 6.380000 -2.307712 2.765428 8.103046
 6.400000 -2.247865 2.741673 7.766814
 6.420000 -2.164419 2.959654 10.274142
 6.440000 -2.219574 3.026922 10.486985
 6.460000 -2.255441 2.896336 9.498665
 6.480000 -2.276773 2.824312 8.732639
 6.500000 -2.425668 2.757376 8.954388
 6.520000 -2.635197 2.815997 15.451733
 6.540000 -2.796433 2.630071 15.607666
 6.560000 -2.880684 2.552550 15.828606
 6.580000 -2.724202 2.460015 10.517415
 6.600000 -2.565238 2.448500 7.547675
 6.620000 -2.516428 2.315889 7.129318
 6.640000 -2.388299 2.214404 6.790049
 6.660000 -2.290271 2.261367 6.040119
 6.680000 -2.252376 2.281288 5.853892
 6.700000 -1.966552 2.106346 6.048162
 6.720000 -2.031093 2.265676 5.869646
 6.740000 -1.937022 2.415695 6.524735
 6.760000 -1.883981 2.500102 7.532073
 6.780000 -1.787144 2.243389 6.090887
 6.800000 -1.582546 2.247722 6.403137
 6.820000 -1.391667 2.312138 7.547147
 6.840000 -1.395411 2.381112 8.299580
 6.860000 -1.273169 2.221495 7.368770
 6.880000 -1.230476 2.164540 7.316629
 6.900000 -1.321944 2.194894 6.916905
 6.920000 -1.145115 2.144369 7.845325
 6.940000 -1.124775 2.183965 8.169108
 6.960000 -1.222338 1.960894 6.790356
 6.980000 -1.145116 2.065527 7.569152
 7.000000 -1.197958 1.835619 6.906361
 7.020000 -1.190026 1.668117 7.207639
 7.040000 -0.967683 1.477969 7.701933
 7.060000 -1.038345 1.442935 7.967277
 7.080000 -1.223706 1.474011 8.116586
 7.100000 -1.206984 1.362090 8.817222
 7.120000 -1.449880 1.170276 10.396211
 7.140000 -1.762502 1.386307 7.881077
 7.160000 -1.772060 1.260383 8.381777
 7.180000 -2.006223 1.138794 7.412444
 7.200000 -1.938749 1.066435 8.063550
 7.220000 -1.856821 0.955450 9.025996
 7.240000 -1.848772 0.815202 9.528698
 7.260000 -1.837090 0.698453 9.789933
 7.280000 -1.652683 0.667619 10.601827
 7.300000 -1.917488 0.642504 9.465746
 7.320000 -1.736908 0.459076 9.889681
 7.340000 -1.799034 0.500829 9.801568
 7.360000 -1.717434 0.341784 9.578647
 7.380000 -1.451607 0.325031 10.081179
 7.400000 -1.285821 0.137789 10.691513
 7.420000 -1.342810 0.285723 10.244387
 7.440000 -1.187206 0.155987 10.912806
 7.460000 -1.196142 0.159977 10.872615
 7.480000 -1.163343 0.121892 11.122189
 7.500000 -1.037883 -0.017692 12.012395
 7.520000 -1.171408 -0.011704 11.727918
 7.540000 -1.334987 0.080888 10.732714
 7.560000 -1.112035 0.067160 11.508970
 7.580000 -1.343366 0.125627 10.538296
 7.600000 -1.282693 0.241816 10.413776
 7.620000 -1.365430 0.330897 10.220206
 7.640000 -1.305546 0.292824 10.305882
 7.660000 -1.221578 0.330619 10.396163
 7.680000 -1.113538 0.361191 10.451558
 7.700000 -1.179043 0.300103 10.494244
 7.720000 -1.226629 0.475366 10.442356
 7.740000 -1.101072 0.466748 10.319419
 7.760000 -1.288928 0.604042 10.814731
 7.780000 -1.337472 0.768552 11.271771
 7.800000 -1.441256 0.816656 11.332824
 7.820000 -1.475574 0.905841 11.234364
 7.840000 -1.383210 1.080210 10.870815
 7.860000 -1.326040 1.071924 10.849447
 7.880000 -1.327152 1.193028 10.232227
 7.900000 -1.321555 1.138215 10.530359
 7.920000 -1.319765 1.210312 10.113555
 7.940000 -1.250609 1.381811 8.784848
 7.960000 -1.194596 1.401331 8.530788
 7.980000 -1.347546 1.534709 7.799705
 8.000000 -1.336955 1.531231 7.821009
 8.020000 -1.321949 1.650882 7.061237
 8.040000 -1.375456 1.655880 6.977391
 8.060000 -1.289044 1.734173 6.743313
 8.080000 -1.212035 1.664920 7.172352
 8.100000 -1.343398 1.730779 6.623558
 8.120000 -1.292689 1.797824 6.531284
 8.140000 -1.383414 1.808892 6.206054
 8.160000 -1.389078 1.835932 6.099085
 8.180000 -1.315862 1.949484 6.216719
 8.200000 -1.459961 1.921014 5.712336
 8.220000 -1.595484 2.060321 5.561816
 8.240000 -1.518039 2.023498 5.573681
 8.260000 -1.582684 2.112017 5.686580
 8.280000 -1.472323 2.190193 6.256287
 8.300000 -1.518905 2.176616 6.060162
 8.320000 -1.480409 2.166756 6.096928
 8.340000 -1.396994 2.245323 6.919655
 8.360000 -1.338708 2.176017 6.713346
 8.380000 -1.390752 2.320071 7.631582
 8.400000 -1.397298 2.295765 7.364089
 8.420000 -1.363123 2.400673 8.653701
 8.440000 -1.513368 2.489807 9.406771
 8.460000 -1.519678 2.447157 8.763128
 8.480000 -1.368661 2.358972 8.137156
 8.500000 -1.552849 2.390529 7.903732
 8.520000 -1.378638 2.216585 6.779515
 8.540000 -1.405174 2.207141 6.599949
 8.560000 -1.452250 2.106076 5.902575
 8.580000 -1.356592 1.982488 6.024399
 8.600000 -1.387819 2.000988 5.900778
 8.620000 -1.505328 1.829304 5.925673
 8.640000 -1.528156 1.839440 5.870820
 8.660000 -1.476548 1.726154 6.463843
 8.680000 -1.562883 1.771201 6.177324
 8.700000 -1.283604 1.501916 7.994557
 8.720000 -1.330463 1.381953 8.928890
 8.740000 -1.265724 1.356007 9.000513
 8.760000 -1.220811 1.200242 9.904707
 8.780000 -1.206502 1.080399 10.455416
 8.800000 -1.230346 1.056308 10.645177
 8.820000 -1.226687 0.923610 10.973739
 8.840000 -1.270047 0.963049 11.057283
 8.860000 -1.467552 0.787265 11.278464
 8.880000 -1.535023 0.937875 11.001477
 8.900000 -1.717710 0.838350 10.236421
 8.920000 -1.649981 0.835504 10.616214
 8.940000 -1.609676 0.666696 10.750640
 8.960000 -1.809186 0.782268 9.816794
 8.980000 -1.746056 0.618258 10.184511
 9.000000 -1.669542 0.607960 10.450711
 9.020000 -1.590305 0.514338 10.413373
 9.040000 -1.599092 0.477884 10.277846
 9.060000 -1.669554 0.493497 10.169696
 9.080000 -1.685311 0.309708 9.560476
 9.100000 -1.501478 0.379246 10.124258
 9.120000 -1.295918 0.173418 10.544689
 9.140000 -1.368720 0.082872 10.588333
 9.160000 -1.333728 0.102003 10.656206
 9.180000 -1.198257 -0.084988 12.003739
 9.200000 -1.273523 -0.052350 11.609242
 9.220000 -1.007367 -0.238181 12.385207
 9.240000 -1.097348 -0.232335 12.552108
 9.260000 -1.102768 -0.267977 12.607077
 9.280000 -1.045904 -0.180426 12.415233
 9.300000 -0.835242 -0.358064 11.497766
 9.320000 -0.814395 -0.324564 11.574999
 9.340000 -0.940732 -0.178813 12.279652
 9.360000 -0.967898 -0.289874 12.220069
 9.380000 -1.231529 -0.092676 11.950441
 9.400000 -1.330952 0.027798 10.979219
 9.420000 -1.403480 0.036237 10.607997
 9.440000 -1.627805 0.197037 9.464802
 9.460000 -1.607575 0.154717 9.494547
 9.480000 -1.683252 0.321649 9.601166
 9.500000 -1.559666 0.215695 9.698649
 9.520000 -1.694187 0.480519 10.068135
 9.540000 -1.631983 0.380977 9.899028
 9.560000 -1.726534 0.667400 10.304317
 9.580000 -1.577162 0.693072 10.894835
 9.600000 -1.647648 0.865473 10.588140
 9.620000 -1.275136 0.852878 11.191829
 9.640000 -1.312366 0.947798 11.195399
 9.660000 -1.021852 0.863034 9.929973
 9.680000 -1.049023 1.251362 8.921269
 9.700000 -0.866359 1.235982 8.125189
 9.720000 -1.099308 1.448365 8.066598
 9.740000 -1.255318 1.703291 6.943160
 9.760000 -1.541403 1.953793 5.561716
 9.780000 -1.491516 2.144445 5.955741
 9.800000 -1.565635 2.252044 6.470160
 9.820000 -1.665747 2.286805 6.542394
 9.840000 -1.556504 2.491858 9.278184
 9.860000 -1.749407 2.652965 10.649811
 9.880000 -1.815832 2.600792 9.299392
 9.900000 -1.558620 2.668846 12.189381
 9.920000 -1.833281 2.777353 11.749934
 9.940000 -1.917642 2.972680 12.912970
 9.960000 -2.123060 2.971201 10.628178
 9.980000 -2.269843 2.916399 9.718357
 10.000000 -2.516294 2.975228 14.471134
 10.020000 -2.428028 3.098812 12.940219
 10.040000 -2.864760 2.906502 29.035299
 10.060000 -2.697131 2.828343 18.300673
 10.080000 -2.795917 2.683111 17.273838
 10.100000 -2.665100 2.695157 13.245658
 10.120000 -2.536863 2.506184 7.443149
 10.140000 -2.471162 2.452279 6.466808
 10.160000 -2.509977 2.401439 6.807668
 10.180000 -2.335530 2.417667 5.676996
 10.200000 -2.450906 2.331807 6.465330
 10.220000 -2.367440 2.279478 6.231885
 10.240000 -2.275955 2.255645 6.030803
 10.260000 -2.214063 2.360615 5.594343
 10.280000 -1.863842 2.240141 6.002507
 10.300000 -1.701578 2.209856 6.013881
 10.320000 -1.504218 2.259318 6.675985
 10.340000 -1.378179 2.313987 7.618928
 10.360000 -1.288654 2.314905 8.027216
 10.380000 -1.317003 2.192518 6.929524
 10.400000 -1.189515 2.265804 8.191108
 10.420000 -1.101930 2.315254 9.084042
 10.440000 -1.229315 2.362227 8.774912
 10.460000 -0.956513 2.184705 9.258052
 10.480000 -1.016473 2.159188 8.817181
 10.500000 -1.023342 2.157590 8.767326
 10.520000 -1.049170 2.158368 8.598956
 10.540000 -1.186721 2.081502 7.301366
 10.560000 -1.172230 1.951591 7.121935
 10.580000 -1.161273 2.011540 7.306935
 10.600000 -1.274986 2.024917 6.533196
 10.620000 -1.455813 2.009477 5.682802
 10.640000 -1.391795 1.962634 5.871637
 10.660000 -1.691916 2.142192 5.758440
 10.680000 -1.595292 2.134395 5.754460
 10.700000 -1.562134 2.089164 5.637595
 10.720000 -1.474220 2.059939 5.710568
 10.740000 -1.448550 2.041051 5.742022
 10.760000 -1.471723 2.281088 6.964389
 10.780000 -1.667207 2.202005 6.001278
 10.800000 -1.596270 2.282168 6.649981
 10.820000 -1.471855 2.186965 6.237699
 10.840000 -1.639594 2.391942 7.624388
 10.860000 -1.478809 2.349556 7.648997
 10.880000 -1.633359 2.429827 8.105749
 10.900000 -1.624902 2.314351 6.868521
 10.920000 -1.478375 2.398143 8.239283
 10.940000 -1.507424 2.385610 7.988849
 10.960000 -1.459205 2.317963 7.367445
 10.980000 -1.385818 2.375180 8.262257
 11.000000 -1.334277 2.258452 7.308498
 11.020000 -1.542733 2.429252 8.437370
 11.040000 -1.360345 2.117797 6.313983
 11.060000 -1.495908 2.216812 6.368268
 11.080000 -1.384901 2.070651 6.038266
 11.100000 -1.361497 2.220750 6.888022
 11.120000 -1.279127 2.039595 6.536785
 11.140000 -1.325929 2.134692 6.570266
 11.160000 -1.323958 2.046362 6.283222
 11.180000 -1.351112 1.916066 6.062234
 11.200000 -1.226107 1.960575 6.764791
 11.220000 -1.185030 1.913955 6.995383
 11.240000 -1.189602 1.976530 7.036183
 11.260000 -1.303617 1.789025 6.516286
 11.280000 -1.498052 1.860750 5.813805
 11.300000 -1.676686 1.820382 6.005742
 11.320000 -1.401250 1.719445 6.579423
 11.340000 -1.352151 1.733977 6.590506
 11.360000 -1.328305 1.558291 7.630643
 11.380000 -1.231922 1.632959 7.260817
 11.400000 -1.256822 1.440122 8.389189
 11.420000 -1.366834 1.507339 8.009189
 11.440000 -1.152531 1.387407 8.516690
 11.460000 -1.324804 1.605194 7.326977
 11.480000 -1.284628 1.587468 7.450371
 11.500000 -1.191263 1.529352 7.769952
 11.520000 -1.335723 1.363229 9.076509
 11.540000 -1.296489 1.430619 8.516907
 11.560000 -1.168970 1.287800 9.185881
 11.580000 -1.064414 1.327683 8.587513
 11.600000 -1.218304 1.285544 9.361358
 11.620000 -1.252222 1.441009 8.375802
 11.640000 -1.567588 1.340202 9.083918
 11.660000 -1.500049 1.238555 9.913737
 11.680000 -1.453994 1.358118 9.171860
 11.700000 -1.711242 1.325774 8.480378
 11.720000 -1.706743 1.316009 8.556851
 11.740000 -1.604947 1.273693 9.339909
 11.760000 -1.683369 1.249839 9.030184
 11.780000 -1.463233 1.244702 9.942695
 11.800000 -1.447313 1.181148 10.339923
 11.820000 -1.551101 1.129705 10.312670
 11.840000 -1.303880 1.192876 10.187493
 11.860000 -1.183965 1.069002 10.405473
 11.880000 -1.238328 1.354022 8.950447
 11.900000 -1.029754 1.164183 9.234004
 11.920000 -1.183177 1.309309 9.096331
 11.940000 -1.243129 1.284257 9.442755
 11.960000 -1.217040 1.378625 8.731579
 11.980000 -1.100078 1.408230 8.269256
 12.000000 -1.294009 1.467238 8.248015
 12.020000 -1.252911 1.400476 8.658754
 12.040000 -1.495531 1.523619 7.876217
 12.060000 -1.480518 1.496062 8.099327
 12.080000 -1.353926 1.585974 7.441350
 12.100000 -1.396157 1.573399 7.524231
 12.120000 -1.553401 1.670752 6.774088
 12.140000 -1.529366 1.753297 6.280655
 12.160000 -1.580369 1.701340 6.570353
 12.180000 -1.424669 1.752780 6.370966
 12.200000 -1.212939 1.596888 7.438594
 12.220000 -1.410098 1.688299 6.747447
 12.240000 -1.344538 1.720587 6.668547
 12.260000 -1.228446 1.607610 7.377183
 12.280000 -1.290429 1.623611 7.242713
 12.300000 -1.205805 1.655768 7.214938
 12.320000 -1.268245 1.597670 7.399845
 12.340000 -1.325545 1.511679 7.955508
 12.360000 -1.348713 1.692001 6.803679
 12.380000 -1.332695 1.605561 7.320886
 12.400000 -1.138857 1.678088 7.299771
 12.420000 -1.174484 1.484785 7.993918
 12.440000 -1.267432 1.582788 7.482735
 12.460000 -1.356938 1.558030 7.634947
 12.480000 -1.228793 1.445917 8.305450
 12.500000 -1.232863 1.554519 7.645394
 12.520000 -1.212093 1.438272 8.327569
 12.540000 -1.375261 1.415590 8.720653
 12.560000 -1.457198 1.240134 9.978974
 12.580000 -1.553056 1.272003 9.559992
 12.600000 -1.496734 1.116687 10.563700
 12.620000 -1.506311 1.160871 10.325081
 12.640000 -1.479072 0.923001 11.202165
 12.660000 -1.312661 0.852977 11.284481
 12.680000 -1.133722 0.647935 10.476394
 12.700000 -1.176910 0.694775 10.699769
 12.720000 -1.087585 0.449382 10.324442
 12.740000 -1.053993 0.619933 10.169725
 12.760000 -1.010413 0.414743 10.382330
 12.780000 -1.141169 0.512615 10.369498
 12.800000 -1.048453 0.377605 10.463214
 12.820000 -1.386773 0.512908 10.617359
 12.840000 -1.217004 0.192712 10.699581
 12.860000 -1.542100 0.433207 10.227015
 12.880000 -1.429248 0.218057 10.076967
 12.900000 -1.698478 0.430397 9.906573
 12.920000 -1.546172 0.321333 9.902784
 12.940000 -1.736609 0.468788 9.917714
 12.960000 -1.654188 0.408485 9.939908
 12.980000 -1.794945 0.519788 9.854800
 13.000000 -1.763893 0.363909 9.526886
 13.020000 -1.699957 0.463903 10.004593
 13.040000 -1.725629 0.347086 9.574508
 13.060000 -1.755496 0.381424 9.605227
 13.080000 -1.594219 0.343485 9.862831
 13.100000 -1.655400 0.360833 9.785881
 13.120000 -1.584322 0.296421 9.763781
 13.140000 -1.552557 0.386874 10.066158
 13.160000 -1.460499 0.302551 10.032680
 13.180000 -1.389260 0.387868 10.276588
 13.200000 -1.096329 0.366468 10.453966
 13.220000 -1.098314 0.422498 10.359818
 13.240000 -0.915627 0.436787 10.346590
 13.260000 -1.008452 0.426970 10.348780
 13.280000 -1.122926 0.485766 10.336320
 13.300000 -1.188376 0.547881 10.495447
 13.320000 -1.296867 0.594650 10.801573
 13.340000 -1.427036 0.826710 11.350128
 13.360000 -1.356273 0.781436 11.310820
 13.380000 -1.567369 1.085867 10.422460
 13.400000 -1.472977 0.993507 11.068743
 13.420000 -1.414141 1.223712 10.112089
 13.440000 -1.339223 1.163699 10.421250
 13.460000 -1.281714 1.297501 9.451686
 13.480000 -1.135868 1.449935 8.125776
 13.500000 -1.219859 1.529342 7.782424
 13.520000 -1.235013 1.519617 7.846645
 13.540000 -1.281062 1.647539 7.129432
 13.560000 -1.395472 1.636777 7.084376
 13.580000 -1.207453 1.796170 6.890909
 13.600000 -1.273060 1.869860 6.485280
 13.620000 -1.296464 1.861276 6.382590
 13.640000 -1.374954 2.082669 6.117661
 13.660000 -1.378688 1.964064 5.922815
 13.680000 -1.441200 2.162661 6.192150
 13.700000 -1.302096 2.137163 6.720213
 13.720000 -1.482083 2.304374 7.156542
 13.740000 -1.536692 2.252370 6.536317
 13.760000 -1.527908 2.427359 8.462596
 13.780000 -1.521610 2.339876 7.409270
 13.800000 -1.388255 2.417504 8.783221
 13.820000 -1.396097 2.484328 9.690753
 13.840000 -1.562259 2.576208 10.589945
 13.860000 -1.664384 2.586483 10.213973
 13.880000 -1.595584 2.497716 9.203502
 13.900000 -1.770575 2.491069 8.176607
 13.920000 -1.692180 2.434253 7.908533
 13.940000 -1.817299 2.553219 8.639551
 13.960000 -2.065516 2.415252 5.961630
 13.980000 -1.974912 2.383130 6.192800
 14.000000 -2.098132 2.321422 5.755260
 14.020000 -2.209659 2.305294 5.720639
 14.040000 -2.300243 2.252133 6.122138
 14.060000 -2.455290 2.241439 7.060379
 14.080000 -2.614828 2.171149 9.591517
 14.100000 -2.455391 2.233626 7.123088
 14.120000 -2.628855 2.253722 8.998169
 14.140000 -2.648798 2.252447 9.320185
 14.160000 -2.558209 2.391398 7.379715
 14.180000 -2.784476 2.534747 12.962411
 14.200000 -2.504715 2.664833 8.749352
 14.220000 -2.499476 2.730002 9.722878
 14.240000 -2.482851 2.857173 11.626374
 14.260000 -2.418606 2.913135 11.132278
 14.280000 -2.289376 2.967410 10.240926
 14.300000 -2.375849 2.846882 9.622892
 14.320000 -2.064817 3.008847 11.368722
 14.340000 -2.191226 2.967136 10.206450
 14.360000 -2.138287 2.897312 9.910290
 14.380000 -2.025685 2.824247 10.161645
 14.400000 -2.226285 2.805825 8.535810
 14.420000 -2.090416 2.858070 9.899812
 14.440000 -2.305714 2.763395 8.072079
 14.460000 -2.287891 2.606136 6.387229
 14.480000 -2.412428 2.585063 6.708173
 14.500000 -2.367981 2.540997 6.126521
 14.520000 -2.576406 2.417159 7.633258
 14.540000 -2.510166 2.287068 7.234873
 14.560000 -2.471241 2.274542 6.952692
 14.580000 -2.525423 2.384717 6.991981
 14.600000 -2.394262 2.367048 5.980909
 14.620000 -2.526173 2.239502 7.761610
 14.640000 -2.486115 2.388376 6.585941
 14.660000 -2.469200 2.488310 6.562835
 14.680000 -2.524711 2.570637 7.833739
 14.700000 -2.393779 2.502753 6.063938
 14.720000 -2.361081 2.704685 7.617825
 14.740000 -2.389752 2.702762 7.807622
 14.760000 -2.328755 2.699175 7.389548
 14.780000 -2.368239 2.638185 6.913528
 14.800000 -2.445069 2.592195 7.060480
 14.820000 -2.290396 2.750310 7.878753
 14.840000 -2.455340 2.854678 10.981478
 14.860000 -2.451442 2.769814 9.528985
 14.880000 -2.375251 2.690527 7.542030
 14.900000 -2.384573 2.787447 8.900461
 14.920000 -2.369238 2.678721 7.361505
 14.940000 -2.307316 2.629620 6.612596
 14.960000 -2.248288 2.637994 6.681378
 14.980000 -2.176822 2.637042 6.881559
 15.000000 -2.002373 2.621812 7.903593
 15.020000 -2.301730 2.439654 5.614885
 15.040000 -2.277361 2.433985 5.584971
 15.060000 -2.325640 2.366975 5.714831
 15.080000 -2.278512 2.417664 5.576731
 15.100000 -2.260563 2.343435 5.650515
 15.120000 -2.359463 2.289283 6.139569
 15.140000 -2.505488 2.179260 8.086985
 15.160000 -2.439863 2.218095 7.123637
 15.180000 -2.427347 2.084609 8.234015
 15.200000 -2.432345 2.111140 8.026686
 15.220000 -2.398049 2.228472 6.743986
 15.240000 -2.480821 2.270752 7.063593
 15.260000 -2.430650 2.502945 6.301909
 15.280000 -2.369167 2.289929 6.180976
 15.300000 -2.292498 2.580309 6.190347
 15.320000 -2.249793 2.583293 6.224108
 15.340000 -2.249738 2.781280 8.220576
 15.360000 -2.252411 2.793335 8.358507
 15.380000 -2.196764 2.766411 8.177102
 15.400000 -2.286660 2.861360 9.181741
 15.420000 -2.359436 2.693678 7.475792
 15.440000 -2.506759 2.871846 12.492507
 15.460000 -2.577638 2.711789 11.134085
 15.480000 -2.482996 2.800986 10.643650
 15.500000 -2.611396 2.665856 11.045635
 15.520000 -2.546033 2.662145 9.474570
 15.540000 -2.614884 2.566453 9.397646
 15.560000 -2.610258 2.593658 9.702786
 15.580000 -2.517677 2.437431 6.913004
 15.600000 -2.493560 2.434887 6.651323
 15.620000 -2.500272 2.328280 6.905881
 15.640000 -2.481453 2.413185 6.522744
 15.660000 -2.515925 2.443175 6.904250
 15.680000 -2.498101 2.255456 7.339365
 15.700000 -2.458676 2.352615 6.442799
 15.720000 -2.509996 2.191481 8.017542
 15.740000 -2.406915 2.452799 5.994925
 15.760000 -2.385825 2.414870 5.864150
 15.780000 -2.311329 2.520605 5.855103
 15.800000 -2.311663 2.584192 6.241421
 15.820000 -2.281283 2.509787 5.780313
 15.840000 -2.392591 2.667766 7.401483
 15.860000 -2.333880 2.658781 6.966772
 15.880000 -2.423001 2.835110 10.093046
 15.900000 -2.321856 2.781230 8.353027
 15.920000 -2.272964 2.843162 8.944222
 15.940000 -2.362369 2.741478 8.088530
 15.960000 -2.322756 2.838018 9.063517
 15.980000 -2.482515 2.810860 10.807814
 16.000000 -2.374271 2.951473 10.875814
 16.020000 -2.432285 2.741209 8.802134
 16.040000 -2.444102 2.662946 7.851918
 16.060000 -2.580611 2.536705 8.384753
 16.080000 -2.566216 2.536278 8.135589
 16.100000 -2.660691 2.417710 9.007305
 16.120000 -2.467491 2.320674 6.648435
 16.140000 -2.559567 2.255441 8.023873
 16.160000 -2.510189 2.193354 8.001749
 16.180000 -2.499142 2.264581 7.281045
 16.200000 -2.512555 2.213668 7.838431
 16.220000 -2.291272 2.285001 5.923054
 16.240000 -2.210302 2.253442 5.925302
 16.260000 -2.060778 2.307015 5.816779
 16.280000 -2.162655 2.450111 5.738865
 16.300000 -1.996514 2.348821 6.005739
 16.320000 -2.024230 2.535623 6.882729
 16.340000 -1.875765 2.426880 6.915283
 16.360000 -1.884522 2.460456 7.149058
 16.380000 -1.922170 2.509091 7.355267
 16.400000 -1.872420 2.603044 8.839337
 16.420000 -1.985234 2.518291 7.001524
 16.440000 -1.789937 2.509464 8.279046
 16.460000 -2.049913 2.534507 6.702750
 16.480000 -1.919911 2.508749 7.367801
 16.500000 -2.146409 2.473348 5.869153
 16.520000 -2.125825 2.372758 5.700819
 16.540000 -2.072290 2.487943 6.256192
 16.560000 -2.089722 2.384841 5.806190
 16.580000 -2.263974 2.537494 5.916806
 16.600000 -2.400971 2.378658 5.987833
 16.620000 -2.420649 2.578682 6.718653
 16.640000 -2.597926 2.503315 8.376406
 16.660000 -2.438433 2.508639 6.388863
 16.680000 -2.583890 2.563239 8.744081
 16.700000 -2.540989 2.660000 9.337832
 16.720000 -2.512539 2.628834 8.357819
 16.740000 -2.487162 2.654646 8.319957
 16.760000 -2.456710 2.588835 7.148230
 16.780000 -2.466171 2.669067 8.217492
 16.800000 -2.517267 2.682769 9.257687
 16.820000 -2.585538 2.661273 10.321627
 16.840000 -2.485200 2.588605 7.478881
 16.860000 -2.573257 2.479845 7.808299
 16.880000 -2.463344 2.628460 7.654340
 16.900000 -2.442048 2.484340 6.313100
 16.920000 -2.288521 2.551103 5.994667
 16.940000 -2.165256 2.504245 5.947561
 16.960000 -2.064176 2.506399 6.414026
 16.980000 -2.093455 2.361090 5.767504
 17.000000 -2.246751 2.383261 5.572049
 17.020000 -2.106060 2.369455 5.744306
 17.040000 -2.109085 2.278979 5.800361
 17.060000 -1.999621 2.394847 6.144471
 17.080000 -2.165106 2.326038 5.675774
 17.100000 -2.153095 2.418087 5.685198
 17.120000 -2.340946 2.483321 5.779699
 17.140000 -2.204253 2.380362 5.581807
 17.160000 -2.167105 2.414579 5.649496
 17.180000 -2.236996 2.559171 6.075571
 17.200000 -2.317112 2.629306 6.628938
 17.220000 -2.418582 2.647392 7.390106
 17.240000 -2.426001 2.595576 6.913882
 17.260000 -2.582587 2.661532 10.257733
 17.280000 -2.490098 2.739633 9.709983
 17.300000 -2.629393 2.696235 12.200172
 17.320000 -2.591500 2.861601 14.979034
 17.340000 -2.532421 2.584341 8.106822
 17.360000 -2.418869 2.659972 7.541560
 17.380000 -2.489729 2.516735 6.923580
 17.400000 -2.345755 2.491230 5.818438
 17.420000 -2.435936 2.506715 6.359795
 17.440000 -2.412850 2.454480 6.032665
 17.460000 -2.419625 2.314073 6.332305
 17.480000 -2.508000 2.238577 7.574027
 17.500000 -2.493046 2.307198 6.945077
 17.520000 -2.446243 2.326142 6.456317
 17.540000 -2.270831 2.313141 5.759351
 17.560000 -2.249295 2.404223 5.562865
 17.580000 -2.143161 2.415269 5.703162
 17.600000 -2.174699 2.428034 5.657302
 17.620000 -2.161504 2.566084 6.347605
 17.640000 -2.123434 2.598584 6.799223
 17.660000 -2.016521 2.614683 7.703226
 17.680000 -2.052977 2.778821 9.339010
 17.700000 -2.251017 2.718539 7.503833
 17.720000 -2.254929 2.715946 7.471517
 17.740000 -2.329995 2.727593 7.728922
 17.760000 -2.370473 2.724250 7.926568
 17.780000 -2.387991 2.614791 6.803722
 17.800000 -2.499157 2.753465 10.130468
 17.820000 -2.712028 2.578332 11.902527
 17.840000 -2.604646 2.553699 9.022914
 17.860000 -2.761461 2.469020 11.435253
 17.880000 -2.694994 2.455247 9.862356
 17.900000 -2.654136 2.530841 9.755182
 17.920000 -2.782172 2.408315 11.409174
 17.940000 -2.605750 2.558640 9.107395
 17.960000 -2.511441 2.448711 6.866204
 17.980000 -2.288100 2.586293 6.231617
 18.000000 -2.158856 2.522279 6.067774
 18.020000 -2.034362 2.577388 7.182504
 18.040000 -2.063373 2.579654 7.000163
 18.060000 -1.833771 2.669535 10.136117
 18.080000 -1.798653 2.576328 9.096468
 18.100000 -1.832603 2.588770 8.991109
 18.120000 -1.664083 2.633719 10.986731
 18.140000 -1.846245 2.566585 8.585197
 18.160000 -1.494843 2.590163 11.086372
 18.180000 -1.433057 2.367830 8.010718
 18.200000 -1.250868 2.346599 8.515628
 18.220000 -1.314523 2.338135 8.133817
 18.240000 -1.383194 2.266831 7.156899
 18.260000 -1.428028 2.159955 6.223284
 18.280000 -1.370925 2.069620 6.098695
 18.300000 -1.349256 2.090213 6.268214
 18.320000 -1.476494 2.112970 5.859972
 18.340000 -1.295685 2.010826 6.381002
 18.360000 -1.447634 1.842737 5.945296
 18.380000 -1.350957 1.876091 6.122954
 18.400000 -1.178168 1.710396 7.136093
 18.420000 -1.180903 1.611626 7.406602
 18.440000 -1.060167 1.480794 7.861223
 18.460000 -1.209799 1.379532 8.708386
 18.480000 -1.277119 1.396481 8.733581
 18.500000 -1.409258 1.411744 8.767785
 18.520000 -1.216932 1.246184 9.610994
 18.540000 -1.385551 1.132320 10.629013
 18.560000 -1.408923 1.065214 10.928148
 18.580000 -1.266470 0.785009 11.133099
 18.600000 -1.239164 0.758610 11.015986
 18.620000 -0.913179 0.549780 9.917863
 18.640000 -1.143401 0.558937 10.409007
 18.660000 -1.092762 0.374003 10.441013
 18.680000 -1.360936 0.594747 10.873068
 18.700000 -1.230184 0.342663 10.378369
 18.720000 -1.414661 0.473305 10.485960
 18.740000 -1.307646 0.411842 10.368060
 18.760000 -1.330937 0.252666 10.291404
 18.780000 -1.263059 0.312935 10.358748
 18.800000 -1.184012 0.206417 10.735800
 18.820000 -1.389628 0.176509 10.248667
 18.840000 -1.379028 0.193097 10.251859
 18.860000 -1.623861 0.243669 9.553219
 18.880000 -1.362044 0.170154 10.350399
 18.900000 -1.363741 0.303042 10.207392
 18.920000 -1.280881 0.284207 10.355591
 18.940000 -1.307148 0.227531 10.384035
 18.960000 -1.415299 0.429545 10.356298
 18.980000 -1.254298 0.453069 10.427745
 19.000000 -1.354441 0.501348 10.577632
 19.020000 -1.347752 0.585498 10.834191
 19.040000 -1.506589 0.558182 10.699876
 19.060000 -1.208152 0.604347 10.641035
 19.080000 -1.061947 0.610464 10.198096
 19.100000 -0.959353 0.652428 9.794787
 19.120000 -1.067632 0.720743 10.234824
 19.140000 -1.295866 0.775991 11.201733
 19.160000 -1.339976 0.968331 11.199864
 19.180000 -1.344046 0.941336 11.257884
 19.200000 -1.387986 1.212993 10.176403
 19.220000 -1.501559 1.100875 10.618700
 19.240000 -1.351786 1.053729 10.956931
 19.260000 -1.387074 1.220280 10.130766
 19.280000 -1.265946 1.143376 10.368805
 19.300000 -1.215667 1.218287 9.779102
 19.320000 -1.297041 1.257450 9.761587
 19.340000 -1.346460 1.345906 9.219841
 19.360000 -1.328608 1.539770 7.757929
 19.380000 -1.268146 1.420465 8.545675
 19.400000 -1.347234 1.527919 7.848698
 19.420000 -1.296101 1.500964 8.011111
 19.440000 -1.288309 1.399545 8.731412
 19.460000 -1.122192 1.402778 8.352569
 19.480000 -1.144021 1.362433 8.644217
 19.500000 -1.186696 1.452827 8.194587
 19.520000 -1.257192 1.338086 9.107393
 19.540000 -1.541926 1.320194 9.291929
 19.560000 -1.493701 1.288188 9.614711
 19.580000 -1.511777 1.338049 9.243760
 19.600000 -1.483967 1.354804 9.169467
 19.620000 -1.448219 1.247675 9.941148
 19.640000 -1.204942 1.018787 10.672267
 19.660000 -1.311986 1.122148 10.593799
 19.680000 -1.131188 0.808992 10.584377
 19.700000 -1.086495 0.869004 10.318705
 19.720000 -1.083997 0.818561 10.326129
 19.740000 -1.140452 0.814345 10.633174
 19.760000 -1.283128 0.805466 11.198142
 19.780000 -1.435680 0.886558 11.323304
 19.800000 -1.652451 0.786364 10.644314
 19.820000 -1.743762 0.626730 10.202010
 19.840000 -1.871286 0.752966 9.547569
 19.860000 -1.695812 0.613421 10.368290
 19.880000 -1.561984 0.583811 10.685911
 19.900000 -1.597334 0.644462 10.748459
 19.920000 -1.591031 0.536355 10.481680
 19.940000 -1.725754 0.569112 10.187989
 19.960000 -1.692769 0.438053 9.944593
 19.980000 -1.645495 0.470347 10.157030
 20.000000 -1.299154 0.497515 10.542027
