#! FIELDS time phi psi metad.bias
#! SET min_phi -pi
#! SET max_phi pi
#! SET min_psi -pi
#! SET max_psi pi
 0.000000 3.141580 -3.141577 45.427989
 0.020000 -2.398578 2.467171 6.847700
 0.040000 -2.366646 2.488168 6.834120
 0.060000 -2.375691 2.487091 6.881054
 0.080000 -2.336779 2.482076 6.609586
 0.100000 -2.388404 2.477541 6.871421
 0.120000 -2.477049 2.490347 7.913836
 0.140000 -2.522301 2.497980 8.657368
 0.160000 -2.495065 2.505018 8.329929
 0.180000 -2.502287 2.488818 8.246256
 0.200000 -2.399589 2.569078 8.139230
 0.220000 -2.402517 2.646632 9.562546
 0.240000 -2.370564 2.678419 9.966302
 0.260000 -2.339900 2.656097 9.307025
 0.280000 -2.402525 2.583450 8.396210
 0.300000 -2.385550 2.603601 8.602446
 0.320000 -2.411551 2.559169 8.091739
 0.340000 -2.382309 2.509809 7.185369
 0.360000 -2.323038 2.407379 5.919947
 0.380000 -2.221899 2.345756 5.442397
 0.400000 -2.226757 2.303666 5.271447
 0.420000 -2.150891 2.164071 5.097214
 0.440000 -2.254481 2.139860 4.973470
 0.460000 -2.124972 2.095438 5.030622
 0.480000 -2.126574 2.051604 4.928698
 0.500000 -2.094965 1.995650 4.885347
 0.520000 -2.131914 2.002745 4.803913
 0.540000 -2.105437 2.102847 5.114332
 0.560000 -2.164799 2.154826 5.043856
 0.580000 -2.067556 2.077466 5.207697
 0.600000 -1.981577 2.053406 5.587973
 0.620000 -1.995488 2.082063 5.599180
 0.640000 -2.019264 2.103221 5.526552
 0.660000 -2.079067 2.087579 5.183371
 0.680000 -2.099148 2.012574 4.915788
 0.700000 -2.059411 2.167155 5.481641
 0.720000 -2.159423 2.224957 5.201597
 0.740000 -2.366482 2.240669 5.526078
 0.760000 -2.408643 2.260500 5.895959
 0.780000 -2.488836 2.278725 6.867086
 0.800000 -2.497315 2.455364 7.837828
 0.820000 -2.557302 2.458466 8.835223
 0.840000 -2.657274 2.398123 10.445208
 0.860000 -2.590481 2.626436 12.054465
 0.880000 -2.527216 2.770293 14.290128
 0.900000 -2.453388 2.802511 13.850323
 0.920000 -2.368570 2.870157 14.530751
 0.940000 -2.383864 2.887171 15.079313
 0.960000 -2.402221 3.059978 18.335425
 0.980000 -2.457171 2.926900 16.981686
 1.000000 -2.594658 2.823167 17.387163
 1.020000 -2.437733 2.782634 13.122831
 1.040000 -2.445660 2.701550 11.229867
 1.060000 -2.425740 2.628168 9.423846
 1.080000 -2.340164 2.376759 5.808311
 1.100000 -2.391415 2.366483 6.076387
 1.120000 -2.320945 2.270061 5.332713
 1.140000 -2.163671 2.167538 5.070757
 1.160000 -2.298908 2.206751 5.146892
 1.180000 -2.200503 2.170099 5.010335
 1.200000 -2.205885 2.131727 4.944372
 1.220000 -2.286101 2.063468 4.966051
 1.240000 -2.275239 1.973530 4.822850
 1.260000 -2.205047 1.928357 4.600088
 1.280000 -2.097179 2.023030 4.948835
 1.300000 -2.006092 1.947672 5.104940
 1.320000 -1.846178 1.933440 5.975263
 1.340000 -1.955202 1.940023 5.343458
 1.360000 -1.932019 1.846519 5.148012
 1.380000 -1.996993 1.846395 4.837687
 1.400000 -1.965120 1.820374 4.904115
 1.420000 -2.006714 1.879758 4.893349
 1.440000 -1.907171 1.909442 5.506550
 1.460000 -2.037177 1.952997 4.980420
 1.480000 -1.965049 1.899759 5.154298
 1.500000 -1.969259 1.931620 5.238277
 1.520000 -1.944695 1.784489 4.896945
 1.540000 -1.849913 1.929621 5.936261
 1.560000 -1.751832 1.850582 6.165787
 1.580000 -1.599535 1.991973 7.524645
 1.600000 -1.723171 1.930128 6.679407
 1.620000 -1.683159 1.970070 7.072193
 1.640000 -1.779586 2.080020 7.024372
 1.660000 -1.686837 1.997439 7.185711
 1.680000 -1.599437 2.200774 8.505393
 1.700000 -1.632039 2.195758 8.350426
 1.720000 -1.402472 2.258719 9.104821
 1.740000 -1.394845 2.188530 8.769641
 1.760000 -1.311753 2.201706 8.746858
 1.780000 -1.255651 2.207926 8.678587
 1.800000 -1.280808 2.334784 9.394978
 1.820000 -1.215596 2.354550 9.410014
 1.840000 -1.334879 2.473679 10.518640
 1.860000 -1.256687 2.429197 10.040529
 1.880000 -1.425513 2.526511 11.062500
 1.900000 -1.412789 2.533715 11.153923
 1.920000 -1.464995 2.447318 10.252108
 1.940000 -1.453731 2.584052 11.743495
 1.960000 -1.260833 2.471998 10.444962
 1.980000 -1.243458 2.448149 10.193508
 2.000000 -1.240990 2.445918 10.169691
 2.020000 -1.415758 2.312875 9.381447
 2.040000 -1.493087 2.458003 10.305505
 2.060000 -1.712144 2.334410 8.604350
 2.080000 -1.491603 2.303309 9.274486
 2.100000 -1.777392 2.282298 7.907673
 2.120000 -1.897162 2.108644 6.333221
 2.140000 -2.114763 2.024344 4.897968
 2.160000 -2.128853 1.922337 4.623631
 2.180000 -2.318301 1.862261 4.889852
 2.200000 -2.326491 1.665622 4.876650
 2.220000 -2.556799 1.654683 7.604221
 2.240000 -2.578953 1.583563 8.004971
 2.260000 -2.564299 1.687245 7.761423
 2.280000 -2.408403 1.517787 5.853040
 2.300000 -2.457115 1.784599 6.148596
 2.320000 -2.339695 1.646278 4.986440
 2.340000 -2.254012 1.852028 4.584448
 2.360000 -2.218208 1.954164 4.659274
 2.380000 -2.180330 2.018076 4.765692
 2.400000 -2.142379 2.155997 5.105487
 2.420000 -2.087028 2.238506 5.532902
 2.440000 -1.958915 2.403462 7.181595
 2.460000 -1.718899 2.311662 8.440224
 2.480000 -1.758754 2.466861 9.249415
 2.500000 -1.813847 2.420736 8.466748
 2.520000 -1.655868 2.515161 10.328419
 2.540000 -1.786918 2.526813 9.664476
 2.560000 -1.737618 2.461970 9.346061
 2.580000 -1.730270 2.615947 11.186098
 2.600000 -1.996004 2.701297 10.818603
 2.620000 -1.949702 2.724834 11.569108
 2.640000 -2.012336 2.639118 9.573394
 2.660000 -1.955821 2.570118 8.918680
 2.680000 -2.262254 2.689643 9.751768
 2.700000 -2.015673 2.574018 8.525312
 2.720000 -2.282552 2.467730 6.300745
 2.740000 -2.131132 2.476253 6.638492
 2.760000 -2.238952 2.362479 5.513689
 2.780000 -2.331064 2.323451 5.528926
 2.800000 -2.528668 2.280174 7.486184
 2.820000 -2.511721 2.291995 7.231629
 2.840000 -2.613966 2.232492 9.117560
 2.860000 -2.591595 2.209673 8.641919
 2.880000 -2.564986 2.216013 8.102944
 2.900000 -2.585860 2.189410 8.529028
 2.920000 -2.598435 2.200143 8.790389
 2.940000 -2.636524 2.183561 9.657835
 2.960000 -2.456885 2.160621 6.348477
 2.980000 -2.459899 2.170156 6.389253
 3.000000 -2.390259 2.213882 5.672160
 3.020000 -2.315984 2.441107 6.146551
 3.040000 -2.143712 2.355055 5.700227
 3.060000 -2.098708 2.459903 6.645973
 3.080000 -1.980948 2.468595 7.542015
 3.100000 -1.820783 2.595603 10.299387
 3.120000 -1.993550 2.709157 10.985735
 3.140000 -1.669633 2.570816 10.907194
 3.160000 -1.614120 2.672011 12.603754
 3.180000 -1.529949 2.561888 11.317609
 3.200000 -1.595849 2.672121 12.675112
 3.220000 -1.421372 2.597501 11.968035
 3.240000 -1.386572 2.429870 10.146454
 3.260000 -1.276412 2.466226 10.402924
 3.280000 -1.108323 2.330380 9.031931
 3.300000 -1.299538 2.228832 8.859761
 3.320000 -1.074608 2.020982 7.261918
 3.340000 -0.983510 1.950283 6.706140
 3.360000 -1.028277 1.870051 6.467385
 3.380000 -0.915028 1.855072 6.281211
 3.400000 -1.032540 1.550404 6.418765
 3.420000 -1.134593 1.523302 6.327127
 3.440000 -1.274427 1.393859 6.442687
 3.460000 -1.283357 1.310086 6.806424
 3.480000 -1.524940 1.256804 6.801634
 3.500000 -1.345329 1.115022 8.106319
 3.520000 -1.603560 1.086610 8.547116
 3.540000 -1.626851 0.936020 10.420799
 3.560000 -1.561103 0.934144 10.228484
 3.580000 -1.632205 0.834590 11.526506
 3.600000 -1.491613 0.906101 10.310415
 3.620000 -1.471882 0.905013 10.266769
 3.640000 -1.326519 0.751248 11.096925
 3.660000 -1.181886 0.861718 10.615379
 3.680000 -1.043495 0.714753 11.429872
 3.700000 -1.198443 0.705560 11.197410
 3.720000 -1.329232 0.849110 10.517433
 3.740000 -1.487584 0.769345 11.449863
 3.760000 -1.545566 0.925777 10.270379
 3.780000 -1.458835 0.911902 10.166225
 3.800000 -1.694308 1.028218 9.453665
 3.820000 -1.612345 0.948065 10.233417
 3.840000 -1.681719 0.904074 10.960187
 3.860000 -1.526179 1.089504 8.376938
 3.880000 -1.397313 1.008395 9.108405
 3.900000 -1.270918 1.242812 7.267804
 3.920000 -1.154495 1.129588 8.649269
 3.940000 -1.164121 1.343902 7.025525
 3.960000 -1.245399 1.467284 6.277189
 3.980000 -1.360161 1.566558 6.084810
 4.000000 -1.200315 1.625545 6.155575
 4.020000 -1.310495 1.734816 6.456562
 4.040000 -1.176776 1.677970 6.190947
 4.060000 -1.275702 2.000020 7.656095
 4.080000 -1.361553 1.868359 7.098752
 4.100000 -1.434833 1.997727 7.827015
 4.120000 -1.489664 2.069671 8.165041
 4.140000 -1.528894 2.124262 8.363160
 4.160000 -1.489711 2.282089 9.169229
 4.180000 -1.431449 2.132658 8.509448
 4.200000 -1.585846 2.163754 8.387310
 4.220000 -1.463824 2.288860 9.233377
 4.240000 -1.604738 2.323381 9.081247
 4.260000 -1.461666 2.384537 9.784495
 4.280000 -1.355659 2.384882 9.800424
 4.300000 -1.419507 2.352213 9.605247
 4.320000 -1.343824 2.506821 10.864069
 4.340000 -1.408948 2.474086 10.528482
 4.360000 -1.264846 2.394897 9.776217
 4.380000 -1.191846 2.514778 10.862763
 4.400000 -1.286650 2.500224 10.765929
 4.420000 -1.224308 2.558367 11.464840
 4.440000 -1.220889 2.435268 10.045746
 4.460000 -1.329145 2.428858 10.113219
 4.480000 -1.330458 2.437619 10.187401
 4.500000 -1.214915 2.448810 10.163555
 4.520000 -1.213857 2.341118 9.319043
 4.540000 -1.082958 2.251486 8.498863
 4.560000 -1.160061 2.163358 8.233638
 4.580000 -1.283295 2.121210 8.306280
 4.600000 -1.139519 2.101407 7.859101
 4.620000 -1.294327 2.050699 7.965232
 4.640000 -1.219995 1.938905 7.205865
 4.660000 -1.406885 2.053770 8.116111
 4.680000 -1.505859 1.974828 7.656697
 4.700000 -1.452564 1.810759 6.848218
 4.720000 -1.427494 1.816233 6.878591
 4.740000 -1.463642 1.800645 6.794721
 4.760000 -1.357133 1.773724 6.652079
 4.780000 -1.284778 1.695947 6.311362
 4.800000 -1.319518 1.526877 6.099492
 4.820000 -1.187659 1.556274 6.190904
 4.840000 -1.248626 1.457652 6.295741
 4.860000 -1.281727 1.442894 6.271787
 4.880000 -1.161227 1.182315 8.180899
 4.900000 -1.408933 1.297266 6.618319
 4.920000 -1.348248 1.232444 7.133394
 4.940000 -1.366964 1.002635 9.165472
 4.960000 -1.309864 0.879892 10.285514
 4.980000 -1.348709 0.628410 11.498729
 5.000000 -1.142292 0.627471 11.251497
 5.020000 -1.310805 0.458956 11.246319
 5.040000 -1.092904 0.343331 10.238573
 5.060000 -0.989638 0.379570 10.249528
 5.080000 -1.233349 0.274712 10.430766
 5.100000 -1.082504 0.273983 9.917364
 5.120000 -1.168182 0.181450 9.904635
 5.140000 -1.055282 0.059101 9.181371
 5.160000 -1.253070 0.111815 10.098944
 5.180000 -1.191596 0.013728 9.659056
 5.200000 -1.569537 0.099283 11.402329
 5.220000 -1.488603 -0.005908 10.658027
 5.240000 -1.354608 -0.062696 10.067257
 5.260000 -1.536710 -0.075491 10.433387
 5.280000 -1.239216 -0.077196 9.697291
 5.300000 -1.433224 -0.177245 9.823083
 5.320000 -1.254442 -0.173170 9.611093
 5.340000 -1.356905 -0.169210 9.771962
 5.360000 -1.138474 -0.283229 9.506203
 5.380000 -1.251970 -0.210633 9.573558
 5.400000 -1.114675 -0.266387 9.445855
 5.420000 -0.982694 -0.286890 9.301733
 5.440000 -1.316429 -0.205637 9.646632
 5.460000 -1.059322 -0.129058 9.103375
 5.480000 -1.208801 -0.201260 9.516838
 5.500000 -1.007655 -0.134243 8.937818
 5.520000 -0.898343 -0.068507 8.502540
 5.540000 -0.998701 0.028688 8.913882
 5.560000 -0.881148 0.050217 8.549492
 5.580000 -0.997136 0.104677 9.060843
 5.600000 -1.139666 0.216129 9.895846
 5.620000 -1.368826 0.339840 11.213734
 5.640000 -1.079717 0.297683 10.008645
 5.660000 -1.131860 0.268962 10.046096
 5.680000 -1.015996 0.293630 9.842153
 5.700000 -1.356075 0.366824 11.220709
 5.720000 -1.420546 0.428834 11.683561
 5.740000 -1.319756 0.399180 11.140158
 5.760000 -1.546747 0.543168 12.492506
 5.780000 -1.586523 0.679488 12.405798
 5.800000 -1.513544 0.641105 12.169516
 5.820000 -1.298729 0.883747 10.261337
 5.840000 -1.394942 0.818426 10.822035
 5.860000 -1.257932 0.927236 9.972949
 5.880000 -1.332536 1.000936 9.205581
 5.900000 -1.422476 1.009292 9.113254
 5.920000 -1.249918 1.203106 7.632416
 5.940000 -1.207255 1.316767 7.020962
 5.960000 -1.152343 1.287541 7.432896
 5.980000 -1.479846 1.574026 6.006625
 6.000000 -1.474401 1.470398 5.974296
 6.020000 -1.366207 1.663457 6.262835
 6.040000 -1.230551 1.599797 6.144688
 6.060000 -1.488355 1.684477 6.285344
 6.080000 -1.152922 1.777253 6.376208
 6.100000 -1.252617 1.789322 6.581620
 6.120000 -1.272035 1.706982 6.330570
 6.140000 -1.037441 1.770413 6.211625
 6.160000 -1.150316 1.800518 6.446172
 6.180000 -1.255076 1.929498 7.235893
 6.200000 -1.125772 2.066407 7.636437
 6.220000 -1.223933 1.891472 6.977633
 6.240000 -1.274457 2.063668 7.993737
 6.260000 -1.158390 1.989325 7.316137
 6.280000 -1.271969 2.024247 7.778974
 6.300000 -1.095129 1.786847 6.315811
 6.320000 -1.161823 1.940347 7.071889
 6.340000 -1.248150 1.819142 6.695689
 6.360000 -1.206572 1.773555 6.449749
 6.380000 -1.267402 1.649563 6.197870
 6.400000 -1.392360 1.574714 6.076671
 6.420000 -1.413239 1.565716 6.052703
 6.440000 -1.261670 1.372967 6.558769
 6.460000 -1.383434 1.367122 6.328150
 6.480000 -1.150873 1.057557 9.274015
 6.500000 -1.352666 1.190081 7.445941
 6.520000 -1.438153 0.850308 10.676774
 6.540000 -1.394211 1.024689 8.943437
 6.560000 -1.301059 0.856440 10.463343
 6.580000 -1.439813 0.777976 11.218912
 6.600000 -1.342573 0.833650 10.636130
 6.620000 -1.384338 0.654383 11.568101
 6.640000 -1.336364 0.552074 11.478985
 6.660000 -1.176595 0.648130 11.252790
 6.680000 -1.317092 0.467497 11.287857
 6.700000 -1.188003 0.491587 10.992778
 6.720000 -1.231672 0.512165 11.129646
 6.740000 -1.145843 0.408763 10.624492
 6.760000 -1.220358 0.521481 11.127938
 6.780000 -1.165873 0.430968 10.749708
 6.800000 -1.343665 0.424385 11.303887
 6.820000 -1.278835 0.468876 11.157114
 6.840000 -1.118302 0.473768 10.837235
 6.860000 -1.270390 0.488422 11.174886
 6.880000 -1.195049 0.438710 10.840478
 6.900000 -1.398376 0.546323 11.721543
 6.920000 -1.271152 0.316691 10.706944
 6.940000 -1.280810 0.500587 11.230790
 6.960000 -1.004282 0.439509 10.588543
 6.980000 -1.201515 0.514159 11.077451
 7.000000 -1.156397 0.509364 11.001067
 7.020000 -1.281064 0.576258 11.334383
 7.040000 -1.423312 0.508355 11.815537
 7.060000 -1.387956 0.650335 11.589731
 7.080000 -1.580058 0.599757 12.617719
 7.100000 -1.495379 0.591464 12.175091
 7.120000 -1.439281 0.657450 11.772481
 7.140000 -1.380278 0.646115 11.571820
 7.160000 -1.404654 0.554446 11.751437
 7.180000 -1.411837 0.676796 11.605548
 7.200000 -1.416707 0.720274 11.456827
 7.220000 -1.200642 0.633457 11.252790
 7.240000 -0.999395 0.912316 11.020665
 7.260000 -1.186595 0.721791 11.174955
 7.280000 -1.173018 0.858238 10.660033
 7.300000 -1.299292 0.834509 10.614182
 7.320000 -1.327064 0.881368 10.270851
 7.340000 -1.462160 1.078840 8.416428
 7.360000 -1.428354 0.975134 9.471101
 7.380000 -1.491117 1.068819 8.553296
 7.400000 -1.464326 1.265024 6.762349
 7.420000 -1.433618 1.152936 7.676106
 7.440000 -1.234594 1.271577 7.200604
 7.460000 -1.172152 1.370385 6.848746
 7.480000 -1.267819 1.514679 6.158105
 7.500000 -1.169093 1.642057 6.159455
 7.520000 -1.201546 1.600886 6.151658
 7.540000 -1.272050 1.740868 6.434536
 7.560000 -1.166930 1.576373 6.184091
 7.580000 -1.233775 1.697826 6.270960
 7.600000 -1.170558 1.627420 6.156314
 7.620000 -1.207486 1.673330 6.204316
 7.640000 -1.117297 1.554057 6.274327
 7.660000 -1.421728 1.506930 6.013029
 7.680000 -1.390428 1.524870 6.042000
 7.700000 -1.506727 1.521505 5.922378
 7.720000 -1.565236 1.448015 5.893378
 7.740000 -1.549904 1.503851 5.859879
 7.760000 -1.516050 1.450195 5.951265
 7.780000 -1.416727 1.306103 6.559761
 7.800000 -1.174184 1.302894 7.236797
 7.820000 -1.221104 1.100997 8.589299
 7.840000 -1.218640 1.129265 8.356718
 7.860000 -1.084423 1.172610 8.660944
 7.880000 -1.322198 1.079343 8.478188
 7.900000 -1.342573 1.181015 7.538921
 7.920000 -1.422318 1.133917 7.856363
 7.940000 -1.620947 1.180138 7.531439
 7.960000 -1.389793 1.098514 8.210790
 7.980000 -1.533382 1.262753 6.757763
 8.000000 -1.528776 1.174747 7.500668
 8.020000 -1.542117 1.351210 6.227131
 8.040000 -1.466576 1.288343 6.611876
 8.060000 -1.654177 1.424611 5.828777
 8.080000 -1.311669 1.431708 6.246823
 8.100000 -1.417821 1.549047 6.032694
 8.120000 -1.293694 1.438764 6.260478
 8.140000 -1.115570 1.660772 6.155626
 8.160000 -1.086586 1.584711 6.242339
 8.180000 -1.105052 1.670890 6.155255
 8.200000 -0.921863 1.662720 6.243151
 8.220000 -1.104449 1.734616 6.213065
 8.240000 -1.146429 1.926091 6.962920
 8.260000 -1.150596 1.906386 6.878135
 8.280000 -1.124043 1.903911 6.804011
 8.300000 -1.195498 1.969550 7.306313
 8.320000 -1.273715 2.046068 7.899409
 8.340000 -1.444292 1.981051 7.736593
 8.360000 -1.405206 2.035132 8.019115
 8.380000 -1.482440 2.103319 8.337049
 8.400000 -1.563481 2.185112 8.554681
 8.420000 -1.557886 2.071735 8.044921
 8.440000 -1.730665 2.192761 7.813814
 8.460000 -1.910552 2.119949 6.279227
 8.480000 -1.864543 2.273058 7.214938
 8.500000 -1.935661 2.261333 6.612172
 8.520000 -1.963609 2.218136 6.244943
 8.540000 -1.935710 2.289884 6.731777
 8.560000 -2.040450 2.224066 5.752114
 8.580000 -2.194876 2.382657 5.680200
 8.600000 -2.014045 2.344940 6.407449
 8.620000 -2.153732 2.397804 5.897518
 8.640000 -2.172403 2.537819 7.194787
 8.660000 -2.167340 2.551369 7.394490
 8.680000 -2.547386 2.508547 9.207477
 8.700000 -2.460323 2.632153 9.906748
 8.720000 -2.448736 2.575632 8.736775
 8.740000 -2.475108 2.633758 10.137722
 8.760000 -2.308694 2.551626 7.362985
 8.780000 -2.403426 2.606242 8.798097
 8.800000 -2.536603 2.496312 8.872581
 8.820000 -2.475005 2.529380 8.368511
 8.840000 -2.509172 2.297598 7.202943
 8.860000 -2.512909 2.295772 7.257302
 8.880000 -2.440345 2.356346 6.485014
 8.900000 -2.504218 2.296207 7.124608
 8.920000 -2.327206 2.266132 5.351087
 8.940000 -2.225046 2.126604 4.932745
 8.960000 -2.071077 2.402554 6.364079
 8.980000 -2.002548 2.328612 6.407861
 9.000000 -1.785863 2.417847 8.652364
 9.020000 -1.873823 2.425784 8.035471
 9.040000 -1.590979 2.396963 9.583733
 9.060000 -1.516340 2.462887 10.305828
 9.080000 -1.505685 2.492967 10.607508
 9.100000 -1.348869 2.396888 9.880808
 9.120000 -1.267804 2.402008 9.834271
 9.140000 -1.280507 2.452349 10.274678
 9.160000 -1.094632 2.222561 8.370550
 9.180000 -1.132804 2.347010 9.195115
 9.200000 -1.309376 2.093764 8.215467
 9.220000 -1.286344 2.228912 8.838467
 9.240000 -1.379996 2.081611 8.242508
 9.260000 -1.451375 2.019562 7.939586
 9.280000 -1.326484 1.926730 7.353461
 9.300000 -1.332435 1.784833 6.675271
 9.320000 -1.252690 1.672940 6.233024
 9.340000 -1.178215 1.465457 6.419445
 9.360000 -1.221766 1.466173 6.324675
 9.380000 -1.122360 1.397455 6.879797
 9.400000 -1.198408 1.272847 7.333946
 9.420000 -1.327767 1.179765 7.581254
 9.440000 -1.445983 1.225680 7.056724
 9.460000 -1.494614 1.122202 7.993152
 9.480000 -1.526845 1.030705 9.037860
 9.500000 -1.337644 0.818166 10.736972
 9.520000 -1.417539 0.834283 10.754456
 9.540000 -1.432461 0.597569 11.857384
 9.560000 -1.434652 0.527432 11.885733
 9.580000 -1.309537 0.438745 11.196123
 9.600000 -1.278768 0.424211 11.045357
 9.620000 -1.250845 0.494578 11.134925
 9.640000 -1.297712 0.394638 11.037700
 9.660000 -1.234947 0.467347 11.025526
 9.680000 -1.047465 0.368506 10.269749
 9.700000 -1.286210 0.476626 11.198308
 9.720000 -1.114422 0.401257 10.533518
 9.740000 -1.181451 0.339281 10.454902
 9.760000 -1.166526 0.401323 10.641292
 9.780000 -1.257694 0.435704 11.004998
 9.800000 -1.215890 0.392817 10.744080
 9.820000 -1.423977 0.495247 11.805295
 9.840000 -1.173651 0.384939 10.597809
 9.860000 -1.126935 0.414004 10.609304
 9.880000 -1.010023 0.440859 10.599260
 9.900000 -0.984060 0.435008 10.552390
 9.920000 -1.100247 0.486084 10.869230
 9.940000 -1.274357 0.519188 11.246753
 9.960000 -1.397074 0.623992 11.672326
 9.980000 -1.388275 0.627392 11.633688
 10.000000 -1.491398 0.750007 11.587513
 10.020000 -1.379638 0.700735 11.418089
 10.040000 -1.394735 0.768598 11.143172
 10.060000 -1.160314 0.928750 10.247181
 10.080000 -1.107002 0.854890 10.887849
 10.100000 -1.258609 1.136854 8.139353
 10.120000 -1.280527 1.259801 7.121467
 10.140000 -1.336664 1.305879 6.695976
 10.160000 -1.328283 1.434830 6.211570
 10.180000 -1.410812 1.581443 6.075112
 10.200000 -1.241855 1.485985 6.240337
 10.220000 -1.300794 1.616349 6.155430
 10.240000 -1.162491 1.607435 6.161813
 10.260000 -1.209843 1.743890 6.362138
 10.280000 -1.117053 1.668978 6.157624
 10.300000 -1.314679 1.878741 7.088895
 10.320000 -1.369136 1.860018 7.064742
 10.340000 -1.262677 1.963291 7.430755
 10.360000 -1.301553 1.964057 7.511938
 10.380000 -1.179616 2.038227 7.631062
 10.400000 -1.159078 2.026469 7.514164
 10.420000 -1.280015 2.160497 8.493527
 10.440000 -1.345014 2.011433 7.837935
 10.460000 -1.293067 2.131694 8.376872
 10.480000 -1.286363 2.075102 8.077335
 10.500000 -1.330957 2.147651 8.516144
 10.520000 -1.162380 2.066111 7.733794
 10.540000 -1.287414 1.958844 7.457310
 10.560000 -1.127350 2.035938 7.479638
 10.580000 -1.030998 1.865258 6.455299
 10.600000 -1.154457 1.946740 7.085616
 10.620000 -1.059288 1.808772 6.323708
 10.640000 -1.201605 2.002274 7.495709
 10.660000 -1.258190 1.843152 6.820180
 10.680000 -1.293006 1.895835 7.137864
 10.700000 -1.216348 1.865232 6.838493
 10.720000 -1.358486 1.807390 6.802101
 10.740000 -1.109928 1.757580 6.263340
 10.760000 -1.155800 1.559830 6.216948
 10.780000 -1.317542 1.506869 6.112324
 10.800000 -1.104820 1.552235 6.295960
 10.820000 -1.389686 1.412247 6.175051
 10.840000 -1.346072 1.362033 6.410961
 10.860000 -1.370113 1.388994 6.271774
 10.880000 -1.427924 1.154677 7.662157
 10.900000 -1.400597 1.215280 7.175943
 10.920000 -1.357397 0.980885 9.379681
 10.940000 -1.438833 0.979377 9.441032
 10.960000 -1.443070 0.948382 9.767147
 10.980000 -1.286735 0.869571 10.376131
 11.000000 -1.330844 0.894004 10.168599
 11.020000 -1.207685 0.880542 10.430181
 11.040000 -1.258835 1.059595 8.819049
 11.060000 -1.366625 0.867103 10.405506
 11.080000 -1.293057 1.020026 9.090282
 11.100000 -1.385534 1.158698 7.658736
 11.120000 -1.467610 1.021155 9.038494
 11.140000 -1.406096 1.244803 6.952740
 11.160000 -1.361173 1.085898 8.357364
 11.180000 -1.326941 1.152993 7.806039
 11.200000 -1.173025 1.340047 7.013929
 11.220000 -1.254993 1.090761 8.552893
 11.240000 -1.287401 1.309575 6.797848
 11.260000 -1.195984 1.339092 6.934034
 11.280000 -1.464761 1.370907 6.212418
 11.300000 -1.234615 1.509271 6.206473
 11.320000 -1.297939 1.485048 6.160490
 11.340000 -1.434977 1.471936 6.016648
 11.360000 -1.336665 1.510190 6.090913
 11.380000 -1.300954 1.319884 6.706196
 11.400000 -1.175961 1.436858 6.530058
 11.420000 -1.141290 1.397428 6.814860
 11.440000 -1.269646 1.408465 6.401123
 11.460000 -1.427008 1.349482 6.338606
 11.480000 -1.443875 1.510093 5.991322
 11.500000 -1.457749 1.365505 6.239844
 11.520000 -1.389483 1.311098 6.571421
 11.540000 -1.266951 1.226931 7.394125
 11.560000 -1.447682 1.261132 6.799830
 11.580000 -1.079015 0.961716 10.364863
 11.600000 -1.194589 1.114975 8.582162
 11.620000 -1.233943 0.877755 10.390706
 11.640000 -1.321501 0.980664 9.408196
 11.660000 -1.352643 0.817104 10.759980
 11.680000 -1.498459 0.937926 10.000301
 11.700000 -1.300168 0.829410 10.647344
 11.720000 -1.413904 0.865394 10.493042
 11.740000 -1.442688 0.660252 11.779098
 11.760000 -1.371810 0.656114 11.522571
 11.780000 -1.431667 0.615518 11.830115
 11.800000 -1.413675 0.609134 11.760581
 11.820000 -1.221459 0.513687 11.112355
 11.840000 -1.381157 0.621452 11.616038
 11.860000 -1.041022 0.445006 10.641965
 11.880000 -1.129508 0.567454 11.145991
 11.900000 -1.248570 0.447747 11.009903
 11.920000 -1.207976 0.410763 10.780784
 11.940000 -1.210776 0.378484 10.680551
 11.960000 -1.325350 0.433326 11.246486
 11.980000 -1.189416 0.333020 10.458293
 12.000000 -1.275950 0.367680 10.875616
 12.020000 -1.379897 0.332655 11.250591
 12.040000 -1.170427 0.342147 10.431844
 12.060000 -1.369576 0.344251 11.228779
 12.080000 -1.304761 0.499260 11.304505
 12.100000 -1.133231 0.556551 11.119112
 12.120000 -1.298103 0.656769 11.337978
 12.140000 -1.237494 0.773148 10.971077
 12.160000 -1.296593 0.839798 10.579543
 12.180000 -1.330169 0.904840 10.078328
 12.200000 -1.409924 1.113232 8.058204
 12.220000 -1.328687 1.188334 7.510265
 12.240000 -1.471894 1.335086 6.355705
 12.260000 -1.297689 1.332501 6.650218
 12.280000 -1.368141 1.495866 6.068107
 12.300000 -1.352237 1.573557 6.095122
 12.320000 -1.230240 1.562147 6.151006
 12.340000 -1.318891 1.756843 6.546590
 12.360000 -1.381972 1.743190 6.541098
 12.380000 -1.259223 1.867723 6.936932
 12.400000 -1.260670 1.775177 6.540171
 12.420000 -1.202417 1.850633 6.743898
 12.440000 -1.018514 1.786246 6.223358
 12.460000 -1.256957 1.922638 7.204441
 12.480000 -1.140469 1.762392 6.315705
 12.500000 -1.007265 1.787768 6.216120
 12.520000 -1.134853 1.752910 6.284280
 12.540000 -1.088027 1.821898 6.408897
 12.560000 -1.175083 1.728684 6.278175
 12.580000 -1.353385 1.667522 6.271465
 12.600000 -1.383881 1.807977 6.824808
 12.620000 -1.216154 1.537279 6.186813
 12.640000 -1.375919 1.583751 6.096532
 12.660000 -1.202203 1.404992 6.587962
 12.680000 -1.487003 1.349160 6.278447
 12.700000 -1.540230 1.377055 6.119492
 12.720000 -1.346918 1.214325 7.269049
 12.740000 -1.384302 1.235474 7.047959
 12.760000 -1.359951 1.217269 7.221302
 12.780000 -1.441300 0.991266 9.320460
 12.800000 -1.389887 1.099598 8.200248
 12.820000 -1.337677 0.946648 9.708238
 12.840000 -0.981414 0.932610 10.985749
 12.860000 -1.224620 0.930485 10.026351
 12.880000 -1.388373 0.905437 10.100639
 12.900000 -1.339587 0.782615 10.955108
 12.920000 -1.498310 0.923696 10.149579
 12.940000 -1.449129 0.817922 10.967253
 12.960000 -1.512085 0.841925 10.985236
 12.980000 -1.413424 0.857396 10.559211
 13.000000 -1.495939 0.978362 9.557077
 13.020000 -1.188265 0.828248 10.784563
 13.040000 -1.358215 1.081673 8.401187
 13.060000 -1.217348 1.077462 8.809055
 13.080000 -1.397364 1.112974 8.066860
 13.100000 -1.205503 1.236626 7.558788
 13.120000 -1.265507 1.271179 7.094884
 13.140000 -1.259123 1.388212 6.502206
 13.160000 -1.303942 1.436438 6.248225
 13.180000 -1.381880 1.414933 6.178776
 13.200000 -1.358765 1.608339 6.139389
 13.220000 -1.544349 1.688328 6.220669
 13.240000 -1.499626 1.707746 6.359216
 13.260000 -1.563281 1.712416 6.274129
 13.280000 -1.654573 1.809127 6.423105
 13.300000 -1.549558 1.755079 6.478929
 13.320000 -1.562125 1.849705 6.903010
 13.340000 -1.464683 1.767526 6.640212
 13.360000 -1.429326 1.762982 6.632411
 13.380000 -1.129448 1.728116 6.226656
 13.400000 -1.306501 1.893042 7.147276
 13.420000 -0.903548 1.601265 6.457340
 13.440000 -1.134156 1.870794 6.683585
 13.460000 -1.042847 1.740892 6.173759
 13.480000 -1.166330 1.947544 7.119596
 13.500000 -1.141527 1.811213 6.467579
 13.520000 -1.188577 2.048496 7.709117
 13.540000 -1.305384 1.926557 7.318137
 13.560000 -1.331583 2.009952 7.810612
 13.580000 -1.401452 1.999977 7.830457
 13.600000 -1.382478 1.904460 7.303873
 13.620000 -1.398105 2.085911 8.275196
 13.640000 -1.455164 1.899489 7.296523
 13.660000 -1.613148 2.012665 7.580091
 13.680000 -1.689746 1.889340 6.651624
 13.700000 -1.828199 1.932443 6.082221
 13.720000 -1.853256 1.934633 5.936159
 13.740000 -1.931497 2.011242 5.743153
 13.760000 -2.015929 1.948613 5.061382
 13.780000 -1.895180 1.970955 5.818442
 13.800000 -2.073618 1.883526 4.659238
 13.820000 -2.004684 1.834066 4.771406
 13.840000 -2.154316 1.905655 4.556018
 13.860000 -2.053531 1.901411 4.769766
 13.880000 -2.174946 2.163706 5.038810
 13.900000 -2.164383 1.989391 4.722552
 13.920000 -2.127962 2.225512 5.311892
 13.940000 -2.176195 2.282491 5.302951
 13.960000 -2.113386 2.310627 5.643076
 13.980000 -2.117188 2.447656 6.436294
 14.000000 -1.998233 2.496529 7.689466
 14.020000 -2.070025 2.615493 8.820955
 14.040000 -1.968882 2.656184 10.172509
 14.060000 -2.151545 2.687925 9.815979
 14.080000 -2.240490 2.585414 7.780097
 14.100000 -2.229165 2.669706 9.319271
 14.120000 -2.490272 2.498874 8.189292
 14.140000 -2.436115 2.551127 8.214929
 14.160000 -2.677686 2.310625 10.628596
 14.180000 -2.704862 2.383293 11.502425
 14.200000 -2.809867 2.304011 13.989433
 14.220000 -2.630519 2.399537 9.852335
 14.240000 -2.647903 2.444820 10.566470
 14.260000 -2.418404 2.508341 7.464939
 14.280000 -2.236584 2.541393 7.128422
 14.300000 -2.213237 2.539901 7.130866
 14.320000 -2.086997 2.552655 7.768653
 14.340000 -2.091836 2.503523 7.127388
 14.360000 -1.974629 2.604409 9.278414
 14.380000 -1.872410 2.508556 8.816029
 14.400000 -1.795854 2.548361 9.854782
 14.420000 -1.863988 2.488203 8.669514
 14.440000 -1.770111 2.392412 8.582620
 14.460000 -1.871702 2.321360 7.388312
 14.480000 -1.777434 2.281756 7.904782
 14.500000 -1.700026 2.169901 7.894340
 14.520000 -1.945575 2.169550 6.205920
 14.540000 -1.845319 2.146781 6.848814
 14.560000 -1.970133 2.183498 6.082155
 14.580000 -1.928862 2.049903 5.903023
 14.600000 -1.876079 2.210220 6.867733
 14.620000 -1.834251 2.164201 6.996469
 14.640000 -1.873914 2.166208 6.715341
 14.660000 -1.704414 2.158841 7.821149
 14.680000 -1.673290 2.135046 7.884541
 14.700000 -1.685812 2.180318 8.018326
 14.720000 -1.507147 2.118354 8.375473
 14.740000 -1.626289 2.046640 7.695182
 14.760000 -1.567434 2.071606 8.017971
 14.780000 -1.513797 1.933275 7.424237
 14.800000 -1.548312 1.856483 6.966623
 14.820000 -1.525526 1.824406 6.846749
 14.840000 -1.461535 1.592424 6.056406
 14.860000 -1.479430 1.561816 5.989855
 14.880000 -1.260344 1.368990 6.579598
 14.900000 -1.223416 1.256392 7.345663
 14.920000 -1.232043 1.059926 8.906702
 14.940000 -1.117438 0.899463 10.603609
 14.960000 -1.204584 0.914956 10.198787
 14.980000 -1.282963 0.812195 10.755012
 15.000000 -1.311310 0.664604 11.349461
 15.020000 -1.381942 0.717213 11.361628
 15.040000 -1.347809 0.447250 11.371374
 15.060000 -1.446091 0.543836 11.948241
 15.080000 -1.238555 0.310213 10.558487
 15.100000 -1.253602 0.429386 10.974197
 15.120000 -1.091951 0.330987 10.182412
 15.140000 -1.180608 0.295292 10.299883
 15.160000 -1.167489 0.430662 10.751927
 15.180000 -1.230736 0.322056 10.565692
 15.200000 -1.172629 0.373213 10.551836
 15.220000 -1.438952 0.577421 11.904930
 15.240000 -1.168136 0.371188 10.532298
 15.260000 -1.235052 0.527629 11.169378
 15.280000 -1.271292 0.481164 11.161535
 15.300000 -1.385059 0.668310 11.536043
 15.320000 -1.457759 0.558703 12.006036
 15.340000 -1.486511 0.725746 11.703218
 15.360000 -1.390839 0.753490 11.216220
 15.380000 -1.399347 0.844543 10.634618
 15.400000 -1.284236 0.757175 11.032806
 15.420000 -1.227647 0.831948 10.690419
 15.440000 -1.105379 0.799521 11.121833
 15.460000 -1.266196 0.971952 9.581375
 15.480000 -1.196338 0.976674 9.750935
 15.500000 -1.403270 1.180345 7.454142
 15.520000 -1.368662 1.224576 7.151615
 15.540000 -1.400354 1.383379 6.245982
 15.560000 -1.326464 1.440508 6.201317
 15.580000 -1.353214 1.481447 6.096587
 15.600000 -1.173465 1.427213 6.576195
 15.620000 -1.225364 1.506156 6.225028
 15.640000 -1.159852 1.547961 6.233555
 15.660000 -1.180928 1.560122 6.192149
 15.680000 -1.202476 1.581295 6.157603
 15.700000 -1.306601 1.537596 6.106864
 15.720000 -1.523963 1.693841 6.274205
 15.740000 -1.523376 1.630176 6.071119
 15.760000 -1.513007 1.639002 6.110295
 15.780000 -1.352687 1.446164 6.150762
 15.800000 -1.399922 1.543692 6.042293
 15.820000 -1.294608 1.380301 6.446782
 15.840000 -1.182312 1.174506 8.143156
 15.860000 -1.228546 1.253799 7.343712
 15.880000 -1.220346 1.161355 8.081586
 15.900000 -1.376689 1.217627 7.190265
 15.920000 -1.372840 1.212977 7.231533
 15.940000 -1.486575 1.242265 6.914769
 15.960000 -1.297316 1.270568 7.001611
 15.980000 -1.511965 1.229864 7.008964
 16.000000 -1.382461 1.131521 7.905132
 16.020000 -1.491749 1.062343 8.624537
 16.040000 -1.427220 1.025885 8.944847
 16.060000 -1.351387 1.077719 8.447283
 16.080000 -1.389483 1.060150 8.588254
 16.100000 -1.255145 1.121411 8.284023
 16.120000 -1.425007 1.122321 7.966289
 16.140000 -1.460175 1.256160 6.825218
 16.160000 -1.540808 1.310848 6.440079
 16.180000 -1.329212 1.300573 6.741636
 16.200000 -1.414713 1.404902 6.162344
 16.220000 -1.346634 1.334046 6.532660
 16.240000 -1.310521 1.433592 6.243996
 16.260000 -1.404013 1.424310 6.127394
 16.280000 -0.993305 1.331180 7.848217
 16.300000 -1.334269 1.435524 6.200494
 16.320000 -1.125238 1.407928 6.814851
 16.340000 -1.404837 1.559925 6.052132
 16.360000 -1.328794 1.446696 6.184283
 16.380000 -1.354902 1.419552 6.206932
 16.400000 -1.277820 1.372301 6.519549
 16.420000 -1.246573 1.313873 6.898546
 16.440000 -1.196843 1.129796 8.446554
 16.460000 -1.102948 1.158877 8.674218
 16.480000 -1.505154 1.183890 7.401860
 16.500000 -1.345247 1.259360 6.955551
 16.520000 -1.466935 1.205248 7.211712
 16.540000 -1.554910 1.297598 6.516626
 16.560000 -1.656530 1.251442 6.867974
 16.580000 -1.654994 1.303433 6.452632
 16.600000 -1.609320 1.218471 7.146479
 16.620000 -1.340934 1.253111 7.006086
 16.640000 -1.117237 1.280419 7.645431
 16.660000 -1.374749 1.212504 7.232115
 16.680000 -1.144461 1.323021 7.231784
 16.700000 -1.315917 1.194062 7.496140
 16.720000 -1.207586 1.216428 7.700359
 16.740000 -1.260525 1.298193 6.943918
 16.760000 -1.390403 1.239437 7.010995
 16.780000 -1.334283 1.194801 7.446370
 16.800000 -1.368865 1.176943 7.525452
 16.820000 -1.330383 1.176364 7.602975
 16.840000 -1.493396 1.246133 6.884422
 16.860000 -1.404528 1.139614 7.811977
 16.880000 -1.602057 1.252819 6.842884
 16.900000 -1.565278 1.256944 6.802659
 16.920000 -1.324814 1.269300 6.937777
 16.940000 -1.433104 1.395092 6.167914
 16.960000 -1.199571 1.205792 7.816507
 16.980000 -1.129781 1.290055 7.517732
 17.000000 -1.110431 1.213377 8.190595
 17.020000 -1.239684 1.306532 6.964225
 17.040000 -1.116721 1.223704 8.076529
 17.060000 -1.395578 1.223969 7.116397
 17.080000 -1.323978 1.328331 6.607762
 17.100000 -1.509100 1.410182 6.042947
 17.120000 -1.437112 1.393362 6.168376
 17.140000 -1.382092 1.393595 6.239079
 17.160000 -1.604199 1.247184 6.890411
 17.180000 -1.604573 1.478044 5.790321
 17.200000 -1.472857 1.245407 6.895702
 17.220000 -1.237768 1.328691 6.845734
 17.240000 -1.227389 1.357932 6.728196
 17.260000 -1.287096 1.325117 6.715446
 17.280000 -1.362720 1.297876 6.687891
 17.300000 -1.437293 1.296523 6.589192
 17.320000 -1.281009 1.226320 7.352652
 17.340000 -1.215783 1.283225 7.195764
 17.360000 -1.292177 1.279711 6.958858
 17.380000 -1.490195 1.230706 7.002709
 17.400000 -1.306170 1.186726 7.579538
 17.420000 -1.421515 1.212799 7.174068
 17.440000 -1.438088 1.244423 6.923538
 17.460000 -1.471768 1.239575 6.939233
 17.480000 -1.476771 1.161045 7.602721
 17.500000 -1.345173 1.177369 7.563526
 17.520000 -1.228728 1.167863 7.993980
 17.540000 -1.159022 1.078712 9.056167
 17.560000 -1.212872 1.064557 8.939256
 17.580000 -1.292311 1.011660 9.168932
 17.600000 -1.388813 1.047010 8.719604
 17.620000 -1.235904 1.149365 8.117808
 17.640000 -1.386305 1.048294 8.707422
 17.660000 -1.458899 1.192437 7.321096
 17.680000 -1.524932 1.211786 7.162047
 17.700000 -1.627581 1.211223 7.226560
 17.720000 -1.515327 1.314620 6.430465
 17.740000 -1.498050 1.334891 6.335588
 17.760000 -1.283680 1.299443 6.865598
 17.780000 -1.544498 1.470605 5.888561
 17.800000 -1.275228 1.450202 6.265263
 17.820000 -1.213167 1.478897 6.306883
 17.840000 -1.131460 1.394667 6.862976
 17.860000 -1.233699 1.538635 6.167052
 17.880000 -1.286866 1.499928 6.154008
 17.900000 -1.236507 1.529797 6.174134
 17.920000 -1.283045 1.602367 6.139812
 17.940000 -1.194886 1.488807 6.314688
 17.960000 -1.330644 1.427846 6.224783
 17.980000 -1.377049 1.413794 6.188515
 18.000000 -1.401659 1.334998 6.435895
 18.020000 -1.183287 1.299409 7.221653
 18.040000 -1.331678 1.343270 6.520083
 18.060000 -1.534218 1.261327 6.768102
 18.080000 -1.500662 1.173859 7.492155
 18.100000 -1.696375 1.290959 6.534019
 18.120000 -1.469563 1.141970 7.781746
 18.140000 -1.351192 1.073662 8.486305
 18.160000 -1.261628 1.060899 8.798610
 18.180000 -1.215713 0.863034 10.525271
 18.200000 -1.189896 0.935217 10.096193
 18.220000 -1.208885 0.764731 11.029610
 18.240000 -1.274066 0.869446 10.388438
 18.260000 -1.460735 0.865485 10.607617
 18.280000 -1.584223 0.950677 10.114250
 18.300000 -1.279665 0.956686 9.685801
 18.320000 -1.401840 1.004871 9.145717
 18.340000 -1.495122 1.093781 8.289780
 18.360000 -1.284588 0.760084 11.020399
 18.380000 -1.360991 0.932730 9.832804
 18.400000 -1.260723 0.962247 9.677463
 18.420000 -1.131120 0.936607 10.307053
 18.440000 -1.182635 1.008252 9.544197
 18.460000 -1.335251 0.991372 9.293572
 18.480000 -1.478540 1.102149 8.185980
 18.500000 -1.460398 1.196264 7.288279
 18.520000 -1.407774 1.183390 7.424300
 18.540000 -1.341501 1.293543 6.754159
 18.560000 -1.647542 1.205605 7.295105
 18.580000 -1.375447 1.317950 6.558827
 18.600000 -1.323500 1.325365 6.623592
 18.620000 -1.417391 1.401897 6.167319
 18.640000 -1.235520 1.448175 6.348436
 18.660000 -1.299193 1.405690 6.346359
 18.680000 -1.355301 1.513283 6.072690
 18.700000 -1.212468 1.412371 6.528733
 18.720000 -0.859506 1.302958 8.626142
 18.740000 -1.210665 1.472972 6.327701
 18.760000 -1.106147 1.424239 6.793561
 18.780000 -1.330544 1.418919 6.248265
 18.800000 -1.398116 1.465225 6.064341
 18.820000 -1.300803 1.580712 6.119840
 18.840000 -1.433578 1.431518 6.077033
 18.860000 -1.370840 1.481981 6.076306
 18.880000 -1.510234 1.430242 5.994211
 18.900000 -1.609673 1.525306 5.755925
 18.920000 -1.451514 1.469170 6.001052
 18.940000 -1.447582 1.459999 6.015242
 18.960000 -1.334458 1.507024 6.094858
 18.980000 -1.385402 1.458083 6.088555
 19.000000 -1.193523 1.371159 6.772180
 19.020000 -1.394602 1.446462 6.095750
 19.040000 -1.088845 1.412571 6.913617
 19.060000 -1.185109 1.415786 6.591172
 19.080000 -1.127129 1.356004 7.098171
 19.100000 -1.259160 1.285632 7.024462
 19.120000 -1.308704 1.314858 6.713047
 19.140000 -1.317741 1.291099 6.822554
 19.160000 -1.390830 1.145723 7.767957
 19.180000 -1.507433 1.251255 6.844205
 19.200000 -1.482362 1.175635 7.469538
 19.220000 -1.369173 1.147020 7.781727
 19.240000 -1.496188 1.116597 8.051938
 19.260000 -1.288911 1.107747 8.297200
 19.280000 -1.328932 1.261448 6.978421
 19.300000 -1.294948 1.160749 7.822230
 19.320000 -1.094482 1.335030 7.367418
 19.340000 -1.207450 1.314930 7.031085
 19.360000 -1.180098 1.411373 6.624917
 19.380000 -1.214291 1.361556 6.752198
 19.400000 -1.202710 1.270977 7.328827
 19.420000 -1.158034 1.611584 6.161327
 19.440000 -1.235703 1.565300 6.145880
 19.460000 -1.399070 1.685013 6.331017
 19.480000 -1.437519 1.612734 6.116948
 19.500000 -1.522199 1.664375 6.174224
 19.520000 -1.593587 1.790656 6.537548
 19.540000 -1.407085 1.697854 6.374594
 19.560000 -1.505357 1.696001 6.307796
 19.580000 -1.544771 1.721712 6.347399
 19.600000 -1.417292 1.733391 6.508537
 19.620000 -1.332749 1.410118 6.269161
 19.640000 -1.320196 1.539867 6.096858
 19.660000 -1.217946 1.361932 6.738550
 19.680000 -1.215963 1.419230 6.492688
 19.700000 -1.257321 1.260768 7.191021
 19.720000 -1.206170 1.380440 6.686361
 19.740000 -1.202190 1.323028 7.003123
 19.760000 -1.289014 1.231395 7.291513
 19.780000 -1.344293 1.089586 8.344598
 19.800000 -1.534296 1.079675 8.498459
 19.820000 -1.311023 1.092269 8.381411
 19.840000 -1.350119 1.066726 8.554087
 19.860000 -1.382973 0.886990 10.257482
 19.880000 -1.402596 1.038751 8.802119
 19.900000 -1.467214 0.943395 9.866438
 19.920000 -1.465371 0.964744 9.638928
 19.940000 -1.266127 1.007996 9.263078
 19.960000 -1.223214 0.938480 9.968178
 19.980000 -1.393478 1.041793 8.771200
 20.000000 -1.398608 0.997343 9.220214
