#! FIELDS time phi psi sigma_phi sigma_psi height biasf
                        #! SET multivariate false
                        #! SET kerneltype stretched-gaussian
                        #! SET min_phi -pi
                        #! SET max_phi pi
                        #! SET min_psi -pi
                        #! SET max_psi pi
0 -3.141592653589793 -3.141592653589793 0.503 0.503 1.955715807005745 1
0 -3.141592653589793 -2.8902652413026098 0.503 0.503 0.0 1
0 -3.141592653589793 -2.6389378290154264 0.503 0.503 0.469305874529935 1
0 -3.141592653589793 -2.387610416728243 0.503 0.503 1.0948578120800203 1
0 -3.141592653589793 -2.1362830044410597 0.503 0.503 5.512338642238634 1
0 -3.141592653589793 -1.8849555921538763 0.503 0.503 0.14677860315126723 1
0 -3.141592653589793 -1.633628179866693 0.503 0.503 2.62792327684192 1
0 -3.141592653589793 -1.3823007675795096 0.503 0.503 4.394826121745362 1
0 -3.141592653589793 -1.1309733552923262 0.503 0.503 2.5404784739123594 1
0 -3.141592653589793 -0.8796459430051429 0.503 0.503 3.442305907467473 1
0 -3.141592653589793 -0.6283185307179595 0.503 0.503 4.076725475687333 1
0 -3.141592653589793 -0.37699111843077615 0.503 0.503 1.9386713026030442 1
0 -3.141592653589793 -0.1256637061435928 0.503 0.503 0.0 1
0 -3.141592653589793 0.12566370614359057 0.503 0.503 1.902136218699699 1
0 -3.141592653589793 0.37699111843077393 0.503 0.503 1.9621106490734257 1
0 -3.141592653589793 0.6283185307179573 0.503 0.503 1.4398050957589852 1
0 -3.141592653589793 0.8796459430051407 0.503 0.503 4.430936173387095 1
0 -3.141592653589793 1.1309733552923245 0.503 0.503 3.767579099602541 1
0 -3.141592653589793 1.3823007675795074 0.503 0.503 2.3662662266120797 1
0 -3.141592653589793 1.6336281798666903 0.503 0.503 1.9348800989529074 1
0 -3.141592653589793 1.884955592153874 0.503 0.503 1.9054643592820597 1
0 -3.141592653589793 2.136283004441058 0.503 0.503 2.082310067638269 1
0 -3.141592653589793 2.387610416728241 0.503 0.503 0.0 1
0 -3.141592653589793 2.6389378290154237 0.503 0.503 2.8515731877794614 1
0 -3.141592653589793 2.8902652413026075 0.503 0.503 2.096813635079842 1
0 -2.8902652413026098 -3.141592653589793 0.503 0.503 1.6548308518557486 1
0 -2.8902652413026098 -2.8902652413026098 0.503 0.503 3.6447370328964555 1
0 -2.8902652413026098 -2.6389378290154264 0.503 0.503 4.9958219446671865 1
0 -2.8902652413026098 -2.387610416728243 0.503 0.503 4.289131578467746 1
0 -2.8902652413026098 -2.1362830044410597 0.503 0.503 3.1613463416856824 1
0 -2.8902652413026098 -1.8849555921538763 0.503 0.503 1.3602951350061134 1
0 -2.8902652413026098 -1.633628179866693 0.503 0.503 0.5628090664960055 1
0 -2.8902652413026098 -1.3823007675795096 0.503 0.503 3.6659896943756705 1
0 -2.8902652413026098 -1.1309733552923262 0.503 0.503 0.0 1
0 -2.8902652413026098 -0.8796459430051429 0.503 0.503 7.0105938816698625 1
0 -2.8902652413026098 -0.6283185307179595 0.503 0.503 2.395742041904306 1
0 -2.8902652413026098 -0.37699111843077615 0.503 0.503 4.731392980132923 1
0 -2.8902652413026098 -0.1256637061435928 0.503 0.503 6.267645783065934 1
0 -2.8902652413026098 0.12566370614359057 0.503 0.503 4.438638704888072 1
0 -2.8902652413026098 0.37699111843077393 0.503 0.503 5.052422853168536 1
0 -2.8902652413026098 0.6283185307179573 0.503 0.503 3.234836761789462 1
0 -2.8902652413026098 0.8796459430051407 0.503 0.503 1.30075038591859 1
0 -2.8902652413026098 1.1309733552923245 0.503 0.503 0.0 1
0 -2.8902652413026098 1.3823007675795074 0.503 0.503 3.7413005922046607 1
0 -2.8902652413026098 1.6336281798666903 0.503 0.503 2.7835446391671383 1
0 -2.8902652413026098 1.884955592153874 0.503 0.503 2.90134859737745 1
0 -2.8902652413026098 2.136283004441058 0.503 0.503 1.1769488913557402 1
0 -2.8902652413026098 2.387610416728241 0.503 0.503 0.6538493006341817 1
0 -2.8902652413026098 2.6389378290154237 0.503 0.503 5.525009792288353 1
0 -2.8902652413026098 2.8902652413026075 0.503 0.503 2.552451694531724 1
0 -2.6389378290154264 -3.141592653589793 0.503 0.503 3.3103613284234346 1
0 -2.6389378290154264 -2.8902652413026098 0.503 0.503 1.6316764503695103 1
0 -2.6389378290154264 -2.6389378290154264 0.503 0.503 1.2114507515826718 1
0 -2.6389378290154264 -2.387610416728243 0.503 0.503 2.262929317472599 1
0 -2.6389378290154264 -2.1362830044410597 0.503 0.503 4.389173226001697 1
0 -2.6389378290154264 -1.8849555921538763 0.503 0.503 0.49096850849901696 1
0 -2.6389378290154264 -1.633628179866693 0.503 0.503 0.0 1
0 -2.6389378290154264 -1.3823007675795096 0.503 0.503 0.4607807291076248 1
0 -2.6389378290154264 -1.1309733552923262 0.503 0.503 0.0 1
0 -2.6389378290154264 -0.8796459430051429 0.503 0.503 0.0 1
0 -2.6389378290154264 -0.6283185307179595 0.503 0.503 1.4493760191160157 1
0 -2.6389378290154264 -0.37699111843077615 0.503 0.503 2.781089075808832 1
0 -2.6389378290154264 -0.1256637061435928 0.503 0.503 2.2549579049180943 1
0 -2.6389378290154264 0.12566370614359057 0.503 0.503 1.9439332645581053 1
0 -2.6389378290154264 0.37699111843077393 0.503 0.503 2.370181484130989 1
0 -2.6389378290154264 0.6283185307179573 0.503 0.503 1.2684793334317195 1
0 -2.6389378290154264 0.8796459430051407 0.503 0.503 1.5053058989253656 1
0 -2.6389378290154264 1.1309733552923245 0.503 0.503 0.0 1
0 -2.6389378290154264 1.3823007675795074 0.503 0.503 1.503664325709533 1
0 -2.6389378290154264 1.6336281798666903 0.503 0.503 0.55750715731623 1
0 -2.6389378290154264 1.884955592153874 0.503 0.503 4.669475053197319 1
0 -2.6389378290154264 2.136283004441058 0.503 0.503 3.430247841779291 1
0 -2.6389378290154264 2.387610416728241 0.503 0.503 5.85410217071068 1
0 -2.6389378290154264 2.6389378290154237 0.503 0.503 4.20932280481987 1
0 -2.6389378290154264 2.8902652413026075 0.503 0.503 3.839765907757567 1
0 -2.387610416728243 -3.141592653589793 0.503 0.503 3.5379560050809458 1
0 -2.387610416728243 -2.8902652413026098 0.503 0.503 1.8371998193159729 1
0 -2.387610416728243 -2.6389378290154264 0.503 0.503 0.5644772905202404 1
0 -2.387610416728243 -2.387610416728243 0.503 0.503 0.16443389592168156 1
0 -2.387610416728243 -2.1362830044410597 0.503 0.503 0.31751691916374236 1
0 -2.387610416728243 -1.8849555921538763 0.503 0.503 3.9061009146728405 1
0 -2.387610416728243 -1.633628179866693 0.503 0.503 3.2030252925586638 1
0 -2.387610416728243 -1.3823007675795096 0.503 0.503 1.808410208934275 1
0 -2.387610416728243 -1.1309733552923262 0.503 0.503 0.0 1
0 -2.387610416728243 -0.8796459430051429 0.503 0.503 0.3619095880798868 1
0 -2.387610416728243 -0.6283185307179595 0.503 0.503 2.284055591716969 1
0 -2.387610416728243 -0.37699111843077615 0.503 0.503 2.5554540479721894 1
0 -2.387610416728243 -0.1256637061435928 0.503 0.503 0.9674964594962674 1
0 -2.387610416728243 0.12566370614359057 0.503 0.503 0.0 1
0 -2.387610416728243 0.37699111843077393 0.503 0.503 0.2503811437257335 1
0 -2.387610416728243 0.6283185307179573 0.503 0.503 0.7469830385114257 1
0 -2.387610416728243 0.8796459430051407 0.503 0.503 1.8014188288294786 1
0 -2.387610416728243 1.1309733552923245 0.503 0.503 4.443159668047519 1
0 -2.387610416728243 1.3823007675795074 0.503 0.503 2.73041619599435 1
0 -2.387610416728243 1.6336281798666903 0.503 0.503 0.07897489786092082 1
0 -2.387610416728243 1.884955592153874 0.503 0.503 0.32744486757302016 1
0 -2.387610416728243 2.136283004441058 0.503 0.503 2.813354081061911 1
0 -2.387610416728243 2.387610416728241 0.503 0.503 2.7872600643671905 1
0 -2.387610416728243 2.6389378290154237 0.503 0.503 3.8034304552275504 1
0 -2.387610416728243 2.8902652413026075 0.503 0.503 3.601273236455941 1
0 -2.1362830044410597 -3.141592653589793 0.503 0.503 7.500044190164896 1
0 -2.1362830044410597 -2.8902652413026098 0.503 0.503 1.797759312052197 1
0 -2.1362830044410597 -2.6389378290154264 0.503 0.503 4.529377236968994 1
0 -2.1362830044410597 -2.387610416728243 0.503 0.503 1.8516096588516977 1
0 -2.1362830044410597 -2.1362830044410597 0.503 0.503 3.943141677474946 1
0 -2.1362830044410597 -1.8849555921538763 0.503 0.503 0.0 1
0 -2.1362830044410597 -1.633628179866693 0.503 0.503 0.6493757299237788 1
0 -2.1362830044410597 -1.3823007675795096 0.503 0.503 1.4354172907621066 1
0 -2.1362830044410597 -1.1309733552923262 0.503 0.503 4.723483767145062 1
0 -2.1362830044410597 -0.8796459430051429 0.503 0.503 3.474236175420879 1
0 -2.1362830044410597 -0.6283185307179595 0.503 0.503 0.0 1
0 -2.1362830044410597 -0.37699111843077615 0.503 0.503 4.49789926567425 1
0 -2.1362830044410597 -0.1256637061435928 0.503 0.503 6.700377960198763 1
0 -2.1362830044410597 0.12566370614359057 0.503 0.503 2.88677488656046 1
0 -2.1362830044410597 0.37699111843077393 0.503 0.503 0.4284385503003778 1
0 -2.1362830044410597 0.6283185307179573 0.503 0.503 0.0 1
0 -2.1362830044410597 0.8796459430051407 0.503 0.503 4.214347712299076 1
0 -2.1362830044410597 1.1309733552923245 0.503 0.503 4.878459967096106 1
0 -2.1362830044410597 1.3823007675795074 0.503 0.503 1.2440275056615477 1
0 -2.1362830044410597 1.6336281798666903 0.503 0.503 0.6736767481601906 1
0 -2.1362830044410597 1.884955592153874 0.503 0.503 2.805378103884083 1
0 -2.1362830044410597 2.136283004441058 0.503 0.503 1.7324863403797996 1
0 -2.1362830044410597 2.387610416728241 0.503 0.503 0.0 1
0 -2.1362830044410597 2.6389378290154237 0.503 0.503 2.3310612270440627 1
0 -2.1362830044410597 2.8902652413026075 0.503 0.503 0.5878627581672937 1
0 -1.8849555921538763 -3.141592653589793 0.503 0.503 1.972725620586168 1
0 -1.8849555921538763 -2.8902652413026098 0.503 0.503 2.801770437032359 1
0 -1.8849555921538763 -2.6389378290154264 0.503 0.503 4.64640852839598 1
0 -1.8849555921538763 -2.387610416728243 0.503 0.503 0.0 1
0 -1.8849555921538763 -2.1362830044410597 0.503 0.503 3.332881067969269 1
0 -1.8849555921538763 -1.8849555921538763 0.503 0.503 2.80805680383057 1
0 -1.8849555921538763 -1.633628179866693 0.503 0.503 4.010018507055111 1
0 -1.8849555921538763 -1.3823007675795096 0.503 0.503 1.6367853517897384 1
0 -1.8849555921538763 -1.1309733552923262 0.503 0.503 0.0 1
0 -1.8849555921538763 -0.8796459430051429 0.503 0.503 1.138526670759873 1
0 -1.8849555921538763 -0.6283185307179595 0.503 0.503 0.0 1
0 -1.8849555921538763 -0.37699111843077615 0.503 0.503 3.355464493283307 1
0 -1.8849555921538763 -0.1256637061435928 0.503 0.503 1.415624868267344 1
0 -1.8849555921538763 0.12566370614359057 0.503 0.503 1.592200977448651 1
0 -1.8849555921538763 0.37699111843077393 0.503 0.503 4.40462892331039 1
0 -1.8849555921538763 0.6283185307179573 0.503 0.503 1.280952646083874 1
0 -1.8849555921538763 0.8796459430051407 0.503 0.503 3.7082928614522 1
0 -1.8849555921538763 1.1309733552923245 0.503 0.503 2.8298183819752794 1
0 -1.8849555921538763 1.3823007675795074 0.503 0.503 1.7416703246079246 1
0 -1.8849555921538763 1.6336281798666903 0.503 0.503 4.798131882349976 1
0 -1.8849555921538763 1.884955592153874 0.503 0.503 5.226527081017969 1
0 -1.8849555921538763 2.136283004441058 0.503 0.503 1.1527149360539855 1
0 -1.8849555921538763 2.387610416728241 0.503 0.503 4.1091809354917475 1
0 -1.8849555921538763 2.6389378290154237 0.503 0.503 0.0 1
0 -1.8849555921538763 2.8902652413026075 0.503 0.503 0.0 1
0 -1.633628179866693 -3.141592653589793 0.503 0.503 4.222302655214929 1
0 -1.633628179866693 -2.8902652413026098 0.503 0.503 1.9672478721530444 1
0 -1.633628179866693 -2.6389378290154264 0.503 0.503 2.9755917778701235 1
0 -1.633628179866693 -2.387610416728243 0.503 0.503 2.989193421501593 1
0 -1.633628179866693 -2.1362830044410597 0.503 0.503 0.0 1
0 -1.633628179866693 -1.8849555921538763 0.503 0.503 4.307544162923913 1
0 -1.633628179866693 -1.633628179866693 0.503 0.503 2.5537407236827625 1
0 -1.633628179866693 -1.3823007675795096 0.503 0.503 1.4072003990733197 1
0 -1.633628179866693 -1.1309733552923262 0.503 0.503 0.6489276080951529 1
0 -1.633628179866693 -0.8796459430051429 0.503 0.503 0.0 1
0 -1.633628179866693 -0.6283185307179595 0.503 0.503 6.570026759091203 1
0 -1.633628179866693 -0.37699111843077615 0.503 0.503 1.911492231061414 1
0 -1.633628179866693 -0.1256637061435928 0.503 0.503 2.115231113403618 1
0 -1.633628179866693 0.12566370614359057 0.503 0.503 2.4829014870883515 1
0 -1.633628179866693 0.37699111843077393 0.503 0.503 1.210857018792613 1
0 -1.633628179866693 0.6283185307179573 0.503 0.503 2.494205719328649 1
0 -1.633628179866693 0.8796459430051407 0.503 0.503 3.790119255358364 1
0 -1.633628179866693 1.1309733552923245 0.503 0.503 7.14978833442417 1
0 -1.633628179866693 1.3823007675795074 0.503 0.503 0.0 1
0 -1.633628179866693 1.6336281798666903 0.503 0.503 4.792667523176235 1
0 -1.633628179866693 1.884955592153874 0.503 0.503 4.799554689957619 1
0 -1.633628179866693 2.136283004441058 0.503 0.503 1.857018171084195 1
0 -1.633628179866693 2.387610416728241 0.503 0.503 1.9573762317358883 1
0 -1.633628179866693 2.6389378290154237 0.503 0.503 4.791929789532751 1
0 -1.633628179866693 2.8902652413026075 0.503 0.503 2.452391383582143 1
0 -1.3823007675795096 -3.141592653589793 0.503 0.503 0.0 1
0 -1.3823007675795096 -2.8902652413026098 0.503 0.503 0.0 1
0 -1.3823007675795096 -2.6389378290154264 0.503 0.503 1.1612957942238897 1
0 -1.3823007675795096 -2.387610416728243 0.503 0.503 0.7444027872827634 1
0 -1.3823007675795096 -2.1362830044410597 0.503 0.503 2.8909581290383293 1
0 -1.3823007675795096 -1.8849555921538763 0.503 0.503 1.2542631745114734 1
0 -1.3823007675795096 -1.633628179866693 0.503 0.503 1.912087370783517 1
0 -1.3823007675795096 -1.3823007675795096 0.503 0.503 0.18807497889714186 1
0 -1.3823007675795096 -1.1309733552923262 0.503 0.503 2.023112967429295 1
0 -1.3823007675795096 -0.8796459430051429 0.503 0.503 0.23305498255215196 1
0 -1.3823007675795096 -0.6283185307179595 0.503 0.503 3.38683980887118 1
0 -1.3823007675795096 -0.37699111843077615 0.503 0.503 2.5372016930008225 1
0 -1.3823007675795096 -0.1256637061435928 0.503 0.503 1.6497043689587865 1
0 -1.3823007675795096 0.12566370614359057 0.503 0.503 3.9998840480505304 1
0 -1.3823007675795096 0.37699111843077393 0.503 0.503 0.0 1
0 -1.3823007675795096 0.6283185307179573 0.503 0.503 1.4293101895909017 1
0 -1.3823007675795096 0.8796459430051407 0.503 0.503 4.872321868986063 1
0 -1.3823007675795096 1.1309733552923245 0.503 0.503 6.065599820842166 1
0 -1.3823007675795096 1.3823007675795074 0.503 0.503 0.0 1
0 -1.3823007675795096 1.6336281798666903 0.503 0.503 3.4337836638603654 1
0 -1.3823007675795096 1.884955592153874 0.503 0.503 2.429727838790891 1
0 -1.3823007675795096 2.136283004441058 0.503 0.503 1.9431174902796586 1
0 -1.3823007675795096 2.387610416728241 0.503 0.503 6.2127084931129914 1
0 -1.3823007675795096 2.6389378290154237 0.503 0.503 0.0 1
0 -1.3823007675795096 2.8902652413026075 0.503 0.503 3.408570157408127 1
0 -1.1309733552923262 -3.141592653589793 0.503 0.503 7.140395685331708 1
0 -1.1309733552923262 -2.8902652413026098 0.503 0.503 4.55471147918218 1
0 -1.1309733552923262 -2.6389378290154264 0.503 0.503 3.7485293607707426 1
0 -1.1309733552923262 -2.387610416728243 0.503 0.503 2.2567041474655456 1
0 -1.1309733552923262 -2.1362830044410597 0.503 0.503 4.7429824960150935 1
0 -1.1309733552923262 -1.8849555921538763 0.503 0.503 3.3868131788617264 1
0 -1.1309733552923262 -1.633628179866693 0.503 0.503 5.241393446022956 1
0 -1.1309733552923262 -1.3823007675795096 0.503 0.503 0.0 1
0 -1.1309733552923262 -1.1309733552923262 0.503 0.503 4.346477003848106 1
0 -1.1309733552923262 -0.8796459430051429 0.503 0.503 1.4551599786678344 1
0 -1.1309733552923262 -0.6283185307179595 0.503 0.503 0.0 1
0 -1.1309733552923262 -0.37699111843077615 0.503 0.503 4.071837212890798 1
0 -1.1309733552923262 -0.1256637061435928 0.503 0.503 0.11820571864205942 1
0 -1.1309733552923262 0.12566370614359057 0.503 0.503 1.934933653028614 1
0 -1.1309733552923262 0.37699111843077393 0.503 0.503 7.262987910477271 1
0 -1.1309733552923262 0.6283185307179573 0.503 0.503 1.7818232392358535 1
0 -1.1309733552923262 0.8796459430051407 0.503 0.503 2.3374522590920206 1
0 -1.1309733552923262 1.1309733552923245 0.503 0.503 1.8529912087230067 1
0 -1.1309733552923262 1.3823007675795074 0.503 0.503 4.4355945853423435 1
0 -1.1309733552923262 1.6336281798666903 0.503 0.503 2.623077595957975 1
0 -1.1309733552923262 1.884955592153874 0.503 0.503 1.2672408908718522 1
0 -1.1309733552923262 2.136283004441058 0.503 0.503 0.0 1
0 -1.1309733552923262 2.387610416728241 0.503 0.503 5.036566841140537 1
0 -1.1309733552923262 2.6389378290154237 0.503 0.503 1.5001430299230931 1
0 -1.1309733552923262 2.8902652413026075 0.503 0.503 2.610650617077794 1
0 -0.8796459430051429 -3.141592653589793 0.503 0.503 5.145335974898014 1
0 -0.8796459430051429 -2.8902652413026098 0.503 0.503 3.9247328597042994 1
0 -0.8796459430051429 -2.6389378290154264 0.503 0.503 6.511390260979182 1
0 -0.8796459430051429 -2.387610416728243 0.503 0.503 2.5131910332834737 1
0 -0.8796459430051429 -2.1362830044410597 0.503 0.503 1.4711051331306912 1
0 -0.8796459430051429 -1.8849555921538763 0.503 0.503 1.5686737918445275 1
0 -0.8796459430051429 -1.633628179866693 0.503 0.503 0.0 1
0 -0.8796459430051429 -1.3823007675795096 0.503 0.503 0.0 1
0 -0.8796459430051429 -1.1309733552923262 0.503 0.503 4.5406807190314975 1
0 -0.8796459430051429 -0.8796459430051429 0.503 0.503 1.9400252330862622 1
0 -0.8796459430051429 -0.6283185307179595 0.503 0.503 0.2770965777167216 1
0 -0.8796459430051429 -0.37699111843077615 0.503 0.503 1.8845473527318974 1
0 -0.8796459430051429 -0.1256637061435928 0.503 0.503 5.440944025764358 1
0 -0.8796459430051429 0.12566370614359057 0.503 0.503 1.6441061677487576 1
0 -0.8796459430051429 0.37699111843077393 0.503 0.503 1.547311478897945 1
0 -0.8796459430051429 0.6283185307179573 0.503 0.503 1.4794398611185653 1
0 -0.8796459430051429 0.8796459430051407 0.503 0.503 1.9303693746502448 1
0 -0.8796459430051429 1.1309733552923245 0.503 0.503 0.9467138920123521 1
0 -0.8796459430051429 1.3823007675795074 0.503 0.503 8.681428448811868 1
0 -0.8796459430051429 1.6336281798666903 0.503 0.503 4.022098948082109 1
0 -0.8796459430051429 1.884955592153874 0.503 0.503 0.0 1
0 -0.8796459430051429 2.136283004441058 0.503 0.503 6.832057853219604 1
0 -0.8796459430051429 2.387610416728241 0.503 0.503 1.4097972115830395 1
0 -0.8796459430051429 2.6389378290154237 0.503 0.503 4.274513230184979 1
0 -0.8796459430051429 2.8902652413026075 0.503 0.503 5.454228852365053 1
0 -0.6283185307179595 -3.141592653589793 0.503 0.503 0.7150097422868351 1
0 -0.6283185307179595 -2.8902652413026098 0.503 0.503 3.1508274164423153 1
0 -0.6283185307179595 -2.6389378290154264 0.503 0.503 5.266523714383439 1
0 -0.6283185307179595 -2.387610416728243 0.503 0.503 0.0 1
0 -0.6283185307179595 -2.1362830044410597 0.503 0.503 0.8207272865849053 1
0 -0.6283185307179595 -1.8849555921538763 0.503 0.503 0.0 1
0 -0.6283185307179595 -1.633628179866693 0.503 0.503 4.669785638164919 1
0 -0.6283185307179595 -1.3823007675795096 0.503 0.503 3.1641738724967308 1
0 -0.6283185307179595 -1.1309733552923262 0.503 0.503 5.46855954606617 1
0 -0.6283185307179595 -0.8796459430051429 0.503 0.503 0.9747215008610307 1
0 -0.6283185307179595 -0.6283185307179595 0.503 0.503 1.0984857033266273 1
0 -0.6283185307179595 -0.37699111843077615 0.503 0.503 3.9872782892036844 1
0 -0.6283185307179595 -0.1256637061435928 0.503 0.503 1.42918271964368 1
0 -0.6283185307179595 0.12566370614359057 0.503 0.503 4.303790342576362 1
0 -0.6283185307179595 0.37699111843077393 0.503 0.503 4.175034646111724 1
0 -0.6283185307179595 0.6283185307179573 0.503 0.503 7.388006029979037 1
0 -0.6283185307179595 0.8796459430051407 0.503 0.503 2.659579058643507 1
0 -0.6283185307179595 1.1309733552923245 0.503 0.503 0.0 1
0 -0.6283185307179595 1.3823007675795074 0.503 0.503 1.52500445185559 1
0 -0.6283185307179595 1.6336281798666903 0.503 0.503 2.8345561370375063 1
0 -0.6283185307179595 1.884955592153874 0.503 0.503 1.1720193372073053 1
0 -0.6283185307179595 2.136283004441058 0.503 0.503 2.8909896695867423 1
0 -0.6283185307179595 2.387610416728241 0.503 0.503 0.0 1
0 -0.6283185307179595 2.6389378290154237 0.503 0.503 2.2643154991682377 1
0 -0.6283185307179595 2.8902652413026075 0.503 0.503 3.055910801346993 1
0 -0.37699111843077615 -3.141592653589793 0.503 0.503 0.15638346867414343 1
0 -0.37699111843077615 -2.8902652413026098 0.503 0.503 0.0 1
0 -0.37699111843077615 -2.6389378290154264 0.503 0.503 2.898357151307172 1
0 -0.37699111843077615 -2.387610416728243 0.503 0.503 3.876903938407132 1
0 -0.37699111843077615 -2.1362830044410597 0.503 0.503 4.608966083619171 1
0 -0.37699111843077615 -1.8849555921538763 0.503 0.503 2.2262056698913106 1
0 -0.37699111843077615 -1.633628179866693 0.503 0.503 1.524774193981393 1
0 -0.37699111843077615 -1.3823007675795096 0.503 0.503 1.5355745963187464 1
0 -0.37699111843077615 -1.1309733552923262 0.503 0.503 1.3832664223732813 1
0 -0.37699111843077615 -0.8796459430051429 0.503 0.503 3.8107215744225957 1
0 -0.37699111843077615 -0.6283185307179595 0.503 0.503 3.9688185495178647 1
0 -0.37699111843077615 -0.37699111843077615 0.503 0.503 2.2352652582879617 1
0 -0.37699111843077615 -0.1256637061435928 0.503 0.503 1.6308207683254274 1
0 -0.37699111843077615 0.12566370614359057 0.503 0.503 2.362312673660438 1
0 -0.37699111843077615 0.37699111843077393 0.503 0.503 3.48307138122823 1
0 -0.37699111843077615 0.6283185307179573 0.503 0.503 0.9671795806978629 1
0 -0.37699111843077615 0.8796459430051407 0.503 0.503 2.1365060720388374 1
0 -0.37699111843077615 1.1309733552923245 0.503 0.503 1.03659904581477 1
0 -0.37699111843077615 1.3823007675795074 0.503 0.503 2.0943135564847073 1
0 -0.37699111843077615 1.6336281798666903 0.503 0.503 3.3573073978904198 1
0 -0.37699111843077615 1.884955592153874 0.503 0.503 1.182353013108743 1
0 -0.37699111843077615 2.136283004441058 0.503 0.503 0.39928458399705424 1
0 -0.37699111843077615 2.387610416728241 0.503 0.503 3.375065757589973 1
0 -0.37699111843077615 2.6389378290154237 0.503 0.503 4.692051994609317 1
0 -0.37699111843077615 2.8902652413026075 0.503 0.503 5.901683844864073 1
0 -0.1256637061435928 -3.141592653589793 0.503 0.503 2.4378754098165922 1
0 -0.1256637061435928 -2.8902652413026098 0.503 0.503 1.9568429828937202 1
0 -0.1256637061435928 -2.6389378290154264 0.503 0.503 3.2679788950020705 1
0 -0.1256637061435928 -2.387610416728243 0.503 0.503 0.3762541711022489 1
0 -0.1256637061435928 -2.1362830044410597 0.503 0.503 3.811994594065356 1
0 -0.1256637061435928 -1.8849555921538763 0.503 0.503 0.0 1
0 -0.1256637061435928 -1.633628179866693 0.503 0.503 2.3826323421755866 1
0 -0.1256637061435928 -1.3823007675795096 0.503 0.503 0.4766827507665423 1
0 -0.1256637061435928 -1.1309733552923262 0.503 0.503 6.35003887699725 1
0 -0.1256637061435928 -0.8796459430051429 0.503 0.503 3.253571995831008 1
0 -0.1256637061435928 -0.6283185307179595 0.503 0.503 0.0 1
0 -0.1256637061435928 -0.37699111843077615 0.503 0.503 0.0 1
0 -0.1256637061435928 -0.1256637061435928 0.503 0.503 0.4807888621312324 1
0 -0.1256637061435928 0.12566370614359057 0.503 0.503 4.326229215581987 1
0 -0.1256637061435928 0.37699111843077393 0.503 0.503 3.2002718678139557 1
0 -0.1256637061435928 0.6283185307179573 0.503 0.503 4.216461886866865 1
0 -0.1256637061435928 0.8796459430051407 0.503 0.503 0.0 1
0 -0.1256637061435928 1.1309733552923245 0.503 0.503 4.766397948836769 1
0 -0.1256637061435928 1.3823007675795074 0.503 0.503 6.685690564410852 1
0 -0.1256637061435928 1.6336281798666903 0.503 0.503 4.686089530968282 1
0 -0.1256637061435928 1.884955592153874 0.503 0.503 3.5385726409388676 1
0 -0.1256637061435928 2.136283004441058 0.503 0.503 2.098891304717003 1
0 -0.1256637061435928 2.387610416728241 0.503 0.503 3.5495585062516213 1
0 -0.1256637061435928 2.6389378290154237 0.503 0.503 0.0 1
0 -0.1256637061435928 2.8902652413026075 0.503 0.503 6.613904819826601 1
0 0.12566370614359057 -3.141592653589793 0.503 0.503 4.693281932301087 1
0 0.12566370614359057 -2.8902652413026098 0.503 0.503 2.3889789979554052 1
0 0.12566370614359057 -2.6389378290154264 0.503 0.503 3.7125802539461 1
0 0.12566370614359057 -2.387610416728243 0.503 0.503 2.5763783003754135 1
0 0.12566370614359057 -2.1362830044410597 0.503 0.503 0.0 1
0 0.12566370614359057 -1.8849555921538763 0.503 0.503 0.0 1
0 0.12566370614359057 -1.633628179866693 0.503 0.503 3.448790514184626 1
0 0.12566370614359057 -1.3823007675795096 0.503 0.503 0.0 1
0 0.12566370614359057 -1.1309733552923262 0.503 0.503 0.7275870993018889 1
0 0.12566370614359057 -0.8796459430051429 0.503 0.503 0.9435430000401834 1
0 0.12566370614359057 -0.6283185307179595 0.503 0.503 1.1003976941924403 1
0 0.12566370614359057 -0.37699111843077615 0.503 0.503 8.136357001070715 1
0 0.12566370614359057 -0.1256637061435928 0.503 0.503 0.0 1
0 0.12566370614359057 0.12566370614359057 0.503 0.503 3.306525589466961 1
0 0.12566370614359057 0.37699111843077393 0.503 0.503 1.1578558668709227 1
0 0.12566370614359057 0.6283185307179573 0.503 0.503 3.2887691541769 1
0 0.12566370614359057 0.8796459430051407 0.503 0.503 6.284179748656356 1
0 0.12566370614359057 1.1309733552923245 0.503 0.503 0.0 1
0 0.12566370614359057 1.3823007675795074 0.503 0.503 0.2051254107770737 1
0 0.12566370614359057 1.6336281798666903 0.503 0.503 2.2260379446857947 1
0 0.12566370614359057 1.884955592153874 0.503 0.503 4.4199872686800274 1
0 0.12566370614359057 2.136283004441058 0.503 0.503 0.2765379870825585 1
0 0.12566370614359057 2.387610416728241 0.503 0.503 2.0071024897246343 1
0 0.12566370614359057 2.6389378290154237 0.503 0.503 2.0976772739951315 1
0 0.12566370614359057 2.8902652413026075 0.503 0.503 1.760115126490168 1
0 0.37699111843077393 -3.141592653589793 0.503 0.503 0.0 1
0 0.37699111843077393 -2.8902652413026098 0.503 0.503 3.6461557301728904 1
0 0.37699111843077393 -2.6389378290154264 0.503 0.503 2.337105516618661 1
0 0.37699111843077393 -2.387610416728243 0.503 0.503 6.813990322400225 1
0 0.37699111843077393 -2.1362830044410597 0.503 0.503 5.94131980666133 1
0 0.37699111843077393 -1.8849555921538763 0.503 0.503 2.5201129803052558 1
0 0.37699111843077393 -1.633628179866693 0.503 0.503 0.5560569065921173 1
0 0.37699111843077393 -1.3823007675795096 0.503 0.503 2.7559272570749203 1
0 0.37699111843077393 -1.1309733552923262 0.503 0.503 1.1674987261329846 1
0 0.37699111843077393 -0.8796459430051429 0.503 0.503 4.1061912104977285 1
0 0.37699111843077393 -0.6283185307179595 0.503 0.503 0.0 1
0 0.37699111843077393 -0.37699111843077615 0.503 0.503 0.0 1
0 0.37699111843077393 -0.1256637061435928 0.503 0.503 2.5837832490356294 1
0 0.37699111843077393 0.12566370614359057 0.503 0.503 3.2627735646891773 1
0 0.37699111843077393 0.37699111843077393 0.503 0.503 0.0 1
0 0.37699111843077393 0.6283185307179573 0.503 0.503 2.4680380048779833 1
0 0.37699111843077393 0.8796459430051407 0.503 0.503 0.6261626492076856 1
0 0.37699111843077393 1.1309733552923245 0.503 0.503 0.0 1
0 0.37699111843077393 1.3823007675795074 0.503 0.503 4.177474473765031 1
0 0.37699111843077393 1.6336281798666903 0.503 0.503 0.0 1
0 0.37699111843077393 1.884955592153874 0.503 0.503 5.265594663652406 1
0 0.37699111843077393 2.136283004441058 0.503 0.503 8.842071983380563 1
0 0.37699111843077393 2.387610416728241 0.503 0.503 6.909377310878888 1
0 0.37699111843077393 2.6389378290154237 0.503 0.503 0.5006983025787287 1
0 0.37699111843077393 2.8902652413026075 0.503 0.503 1.3196003683095556 1
0 0.6283185307179573 -3.141592653589793 0.503 0.503 0.4658362608175577 1
0 0.6283185307179573 -2.8902652413026098 0.503 0.503 1.4035961747714403 1
0 0.6283185307179573 -2.6389378290154264 0.503 0.503 3.9328493326273897 1
0 0.6283185307179573 -2.387610416728243 0.503 0.503 1.841327256193443 1
0 0.6283185307179573 -2.1362830044410597 0.503 0.503 0.0 1
0 0.6283185307179573 -1.8849555921538763 0.503 0.503 2.6893821785463463 1
0 0.6283185307179573 -1.633628179866693 0.503 0.503 3.2442453846399966 1
0 0.6283185307179573 -1.3823007675795096 0.503 0.503 2.754751651677743 1
0 0.6283185307179573 -1.1309733552923262 0.503 0.503 2.8742132657709787 1
0 0.6283185307179573 -0.8796459430051429 0.503 0.503 1.86375914291738 1
0 0.6283185307179573 -0.6283185307179595 0.503 0.503 0.6185188997764396 1
0 0.6283185307179573 -0.37699111843077615 0.503 0.503 1.4017507829604678 1
0 0.6283185307179573 -0.1256637061435928 0.503 0.503 1.2751160178613152 1
0 0.6283185307179573 0.12566370614359057 0.503 0.503 2.1804405150985815 1
0 0.6283185307179573 0.37699111843077393 0.503 0.503 1.4514425080259568 1
0 0.6283185307179573 0.6283185307179573 0.503 0.503 3.0514034627246645 1
0 0.6283185307179573 0.8796459430051407 0.503 0.503 4.564667794494834 1
0 0.6283185307179573 1.1309733552923245 0.503 0.503 1.067061095590675 1
0 0.6283185307179573 1.3823007675795074 0.503 0.503 4.376257693328682 1
0 0.6283185307179573 1.6336281798666903 0.503 0.503 0.0 1
0 0.6283185307179573 1.884955592153874 0.503 0.503 5.431240865939104 1
0 0.6283185307179573 2.136283004441058 0.503 0.503 0.46620155881181513 1
0 0.6283185307179573 2.387610416728241 0.503 0.503 2.1514450820915125 1
0 0.6283185307179573 2.6389378290154237 0.503 0.503 0.17339234767502298 1
0 0.6283185307179573 2.8902652413026075 0.503 0.503 1.5543163215291143 1
0 0.8796459430051407 -3.141592653589793 0.503 0.503 0.0 1
0 0.8796459430051407 -2.8902652413026098 0.503 0.503 2.5110197655122635 1
0 0.8796459430051407 -2.6389378290154264 0.503 0.503 0.0 1
0 0.8796459430051407 -2.387610416728243 0.503 0.503 0.3504204930134498 1
0 0.8796459430051407 -2.1362830044410597 0.503 0.503 1.4156305846209387 1
0 0.8796459430051407 -1.8849555921538763 0.503 0.503 4.126415027333881 1
0 0.8796459430051407 -1.633628179866693 0.503 0.503 4.447868996333186 1
0 0.8796459430051407 -1.3823007675795096 0.503 0.503 4.740921412060416 1
0 0.8796459430051407 -1.1309733552923262 0.503 0.503 3.9344090322710583 1
0 0.8796459430051407 -0.8796459430051429 0.503 0.503 0.0 1
0 0.8796459430051407 -0.6283185307179595 0.503 0.503 0.9472865887838988 1
0 0.8796459430051407 -0.37699111843077615 0.503 0.503 0.3118411682747313 1
0 0.8796459430051407 -0.1256637061435928 0.503 0.503 0.1177094862195176 1
0 0.8796459430051407 0.12566370614359057 0.503 0.503 3.6585302624729685 1
0 0.8796459430051407 0.37699111843077393 0.503 0.503 0.000501862565172484 1
0 0.8796459430051407 0.6283185307179573 0.503 0.503 1.1322574399400331 1
0 0.8796459430051407 0.8796459430051407 0.503 0.503 0.0 1
0 0.8796459430051407 1.1309733552923245 0.503 0.503 3.059280346725458 1
0 0.8796459430051407 1.3823007675795074 0.503 0.503 1.236936692222519 1
0 0.8796459430051407 1.6336281798666903 0.503 0.503 4.887353338355516 1
0 0.8796459430051407 1.884955592153874 0.503 0.503 0.7326371525393544 1
0 0.8796459430051407 2.136283004441058 0.503 0.503 0.3011829246742187 1
0 0.8796459430051407 2.387610416728241 0.503 0.503 2.0025139549951896 1
0 0.8796459430051407 2.6389378290154237 0.503 0.503 1.020223150085953 1
0 0.8796459430051407 2.8902652413026075 0.503 0.503 4.537167385704777 1
0 1.1309733552923245 -3.141592653589793 0.503 0.503 0.1756695616374625 1
0 1.1309733552923245 -2.8902652413026098 0.503 0.503 4.406824384188474 1
0 1.1309733552923245 -2.6389378290154264 0.503 0.503 2.7382558736101545 1
0 1.1309733552923245 -2.387610416728243 0.503 0.503 0.5657638945736361 1
0 1.1309733552923245 -2.1362830044410597 0.503 0.503 0.0 1
0 1.1309733552923245 -1.8849555921538763 0.503 0.503 1.551700625258844 1
0 1.1309733552923245 -1.633628179866693 0.503 0.503 2.043281178125441 1
0 1.1309733552923245 -1.3823007675795096 0.503 0.503 3.9131135162466135 1
0 1.1309733552923245 -1.1309733552923262 0.503 0.503 0.21212026467513323 1
0 1.1309733552923245 -0.8796459430051429 0.503 0.503 2.7013555410309236 1
0 1.1309733552923245 -0.6283185307179595 0.503 0.503 4.496532817856831 1
0 1.1309733552923245 -0.37699111843077615 0.503 0.503 4.860490795438391 1
0 1.1309733552923245 -0.1256637061435928 0.503 0.503 3.270999455346881 1
0 1.1309733552923245 0.12566370614359057 0.503 0.503 4.7247455358858454 1
0 1.1309733552923245 0.37699111843077393 0.503 0.503 1.2165201836989417 1
0 1.1309733552923245 0.6283185307179573 0.503 0.503 5.412797280250807 1
0 1.1309733552923245 0.8796459430051407 0.503 0.503 3.2255917842498665 1
0 1.1309733552923245 1.1309733552923245 0.503 0.503 0.07695880071085326 1
0 1.1309733552923245 1.3823007675795074 0.503 0.503 1.0737628712473855 1
0 1.1309733552923245 1.6336281798666903 0.503 0.503 1.3320469675642075 1
0 1.1309733552923245 1.884955592153874 0.503 0.503 3.8905706611755884 1
0 1.1309733552923245 2.136283004441058 0.503 0.503 1.8024660236186634 1
0 1.1309733552923245 2.387610416728241 0.503 0.503 0.0 1
0 1.1309733552923245 2.6389378290154237 0.503 0.503 0.23734550401318755 1
0 1.1309733552923245 2.8902652413026075 0.503 0.503 4.968225334075318 1
0 1.3823007675795074 -3.141592653589793 0.503 0.503 1.8484131174852791 1
0 1.3823007675795074 -2.8902652413026098 0.503 0.503 3.940933233919964 1
0 1.3823007675795074 -2.6389378290154264 0.503 0.503 2.2860776498524933 1
0 1.3823007675795074 -2.387610416728243 0.503 0.503 0.04555163346402824 1
0 1.3823007675795074 -2.1362830044410597 0.503 0.503 0.5916713249247647 1
0 1.3823007675795074 -1.8849555921538763 0.503 0.503 3.4088940859638033 1
0 1.3823007675795074 -1.633628179866693 0.503 0.503 0.21120562152298072 1
0 1.3823007675795074 -1.3823007675795096 0.503 0.503 5.872369465085651 1
0 1.3823007675795074 -1.1309733552923262 0.503 0.503 6.850729559823066 1
0 1.3823007675795074 -0.8796459430051429 0.503 0.503 0.0 1
0 1.3823007675795074 -0.6283185307179595 0.503 0.503 3.7013248269452843 1
0 1.3823007675795074 -0.37699111843077615 0.503 0.503 0.0 1
0 1.3823007675795074 -0.1256637061435928 0.503 0.503 0.5728805386751047 1
0 1.3823007675795074 0.12566370614359057 0.503 0.503 2.5283861873151285 1
0 1.3823007675795074 0.37699111843077393 0.503 0.503 0.6571913320356592 1
0 1.3823007675795074 0.6283185307179573 0.503 0.503 3.547547824481383 1
0 1.3823007675795074 0.8796459430051407 0.503 0.503 2.192690658466542 1
0 1.3823007675795074 1.1309733552923245 0.503 0.503 2.371060926832235 1
0 1.3823007675795074 1.3823007675795074 0.503 0.503 5.378193412447753 1
0 1.3823007675795074 1.6336281798666903 0.503 0.503 2.1848004580830556 1
0 1.3823007675795074 1.884955592153874 0.503 0.503 2.481323564812731 1
0 1.3823007675795074 2.136283004441058 0.503 0.503 1.3312254539443973 1
0 1.3823007675795074 2.387610416728241 0.503 0.503 0.0 1
0 1.3823007675795074 2.6389378290154237 0.503 0.503 0.033692864634096154 1
0 1.3823007675795074 2.8902652413026075 0.503 0.503 5.309204251381267 1
0 1.6336281798666903 -3.141592653589793 0.503 0.503 2.3026856670039324 1
0 1.6336281798666903 -2.8902652413026098 0.503 0.503 4.744028533328921 1
0 1.6336281798666903 -2.6389378290154264 0.503 0.503 0.0 1
0 1.6336281798666903 -2.387610416728243 0.503 0.503 0.0 1
0 1.6336281798666903 -2.1362830044410597 0.503 0.503 0.9380003799208678 1
0 1.6336281798666903 -1.8849555921538763 0.503 0.503 0.6218484965710251 1
0 1.6336281798666903 -1.633628179866693 0.503 0.503 3.2991890858727118 1
0 1.6336281798666903 -1.3823007675795096 0.503 0.503 2.505600137672007 1
0 1.6336281798666903 -1.1309733552923262 0.503 0.503 1.8927985738234903 1
0 1.6336281798666903 -0.8796459430051429 0.503 0.503 3.0409794993416677 1
0 1.6336281798666903 -0.6283185307179595 0.503 0.503 4.160925373819605 1
0 1.6336281798666903 -0.37699111843077615 0.503 0.503 0.5867910929988411 1
0 1.6336281798666903 -0.1256637061435928 0.503 0.503 2.267411074023409 1
0 1.6336281798666903 0.12566370614359057 0.503 0.503 2.531962837258531 1
0 1.6336281798666903 0.37699111843077393 0.503 0.503 2.9660777883973077 1
0 1.6336281798666903 0.6283185307179573 0.503 0.503 4.027808297513904 1
0 1.6336281798666903 0.8796459430051407 0.503 0.503 4.121161259771241 1
0 1.6336281798666903 1.1309733552923245 0.503 0.503 2.6138363255721613 1
0 1.6336281798666903 1.3823007675795074 0.503 0.503 0.0 1
0 1.6336281798666903 1.6336281798666903 0.503 0.503 3.1038888430474683 1
0 1.6336281798666903 1.884955592153874 0.503 0.503 2.858787310461961 1
0 1.6336281798666903 2.136283004441058 0.503 0.503 4.162215197490337 1
0 1.6336281798666903 2.387610416728241 0.503 0.503 3.3839703567906527 1
0 1.6336281798666903 2.6389378290154237 0.503 0.503 2.54383876576408 1
0 1.6336281798666903 2.8902652413026075 0.503 0.503 1.0176044066983798 1
0 1.884955592153874 -3.141592653589793 0.503 0.503 1.978894667177825 1
0 1.884955592153874 -2.8902652413026098 0.503 0.503 2.9620507612342224 1
0 1.884955592153874 -2.6389378290154264 0.503 0.503 5.7040254459697435 1
0 1.884955592153874 -2.387610416728243 0.503 0.503 1.0007619578546905 1
0 1.884955592153874 -2.1362830044410597 0.503 0.503 4.27296085230373 1
0 1.884955592153874 -1.8849555921538763 0.503 0.503 3.450076945992212 1
0 1.884955592153874 -1.633628179866693 0.503 0.503 3.1271067481889916 1
0 1.884955592153874 -1.3823007675795096 0.503 0.503 0.0 1
0 1.884955592153874 -1.1309733552923262 0.503 0.503 5.2764440105423525 1
0 1.884955592153874 -0.8796459430051429 0.503 0.503 2.3785372905438034 1
0 1.884955592153874 -0.6283185307179595 0.503 0.503 1.2360043443069362 1
0 1.884955592153874 -0.37699111843077615 0.503 0.503 3.2179622818703786 1
0 1.884955592153874 -0.1256637061435928 0.503 0.503 0.8421223228868459 1
0 1.884955592153874 0.12566370614359057 0.503 0.503 1.957189886028896 1
0 1.884955592153874 0.37699111843077393 0.503 0.503 3.2084236762015466 1
0 1.884955592153874 0.6283185307179573 0.503 0.503 3.644926560328087 1
0 1.884955592153874 0.8796459430051407 0.503 0.503 5.776552815843756 1
0 1.884955592153874 1.1309733552923245 0.503 0.503 3.137913906924334 1
0 1.884955592153874 1.3823007675795074 0.503 0.503 3.2888119301457386 1
0 1.884955592153874 1.6336281798666903 0.503 0.503 1.0305504883862433 1
0 1.884955592153874 1.884955592153874 0.503 0.503 0.0 1
0 1.884955592153874 2.136283004441058 0.503 0.503 1.7800489332949663 1
0 1.884955592153874 2.387610416728241 0.503 0.503 2.0470397349905713 1
0 1.884955592153874 2.6389378290154237 0.503 0.503 0.0 1
0 1.884955592153874 2.8902652413026075 0.503 0.503 1.882034542198744 1
0 2.136283004441058 -3.141592653589793 0.503 0.503 4.0071279985358315 1
0 2.136283004441058 -2.8902652413026098 0.503 0.503 0.022359804931423533 1
0 2.136283004441058 -2.6389378290154264 0.503 0.503 1.1104691869965129 1
0 2.136283004441058 -2.387610416728243 0.503 0.503 0.0 1
0 2.136283004441058 -2.1362830044410597 0.503 0.503 0.0 1
0 2.136283004441058 -1.8849555921538763 0.503 0.503 0.0 1
0 2.136283004441058 -1.633628179866693 0.503 0.503 4.5341328940279055 1
0 2.136283004441058 -1.3823007675795096 0.503 0.503 0.28206084476188775 1
0 2.136283004441058 -1.1309733552923262 0.503 0.503 6.569294211660547 1
0 2.136283004441058 -0.8796459430051429 0.503 0.503 3.58450594120997 1
0 2.136283004441058 -0.6283185307179595 0.503 0.503 1.9783031689690662 1
0 2.136283004441058 -0.37699111843077615 0.503 0.503 3.3871715019208897 1
0 2.136283004441058 -0.1256637061435928 0.503 0.503 4.423730164453751 1
0 2.136283004441058 0.12566370614359057 0.503 0.503 5.2957224670279555 1
0 2.136283004441058 0.37699111843077393 0.503 0.503 1.85439636796347 1
0 2.136283004441058 0.6283185307179573 0.503 0.503 0.0 1
0 2.136283004441058 0.8796459430051407 0.503 0.503 0.0 1
0 2.136283004441058 1.1309733552923245 0.503 0.503 1.6037084426451436 1
0 2.136283004441058 1.3823007675795074 0.503 0.503 0.6479266274991258 1
0 2.136283004441058 1.6336281798666903 0.503 0.503 2.1263172503096426 1
0 2.136283004441058 1.884955592153874 0.503 0.503 2.793737978170748 1
0 2.136283004441058 2.136283004441058 0.503 0.503 1.4723762190190808 1
0 2.136283004441058 2.387610416728241 0.503 0.503 5.748168233732748 1
0 2.136283004441058 2.6389378290154237 0.503 0.503 6.4557219127043535 1
0 2.136283004441058 2.8902652413026075 0.503 0.503 4.588948840032489 1
0 2.387610416728241 -3.141592653589793 0.503 0.503 0.11591747800195706 1
0 2.387610416728241 -2.8902652413026098 0.503 0.503 1.5037572850993626 1
0 2.387610416728241 -2.6389378290154264 0.503 0.503 1.95222432285086 1
0 2.387610416728241 -2.387610416728243 0.503 0.503 2.800591017980505 1
0 2.387610416728241 -2.1362830044410597 0.503 0.503 3.1149896294036727 1
0 2.387610416728241 -1.8849555921538763 0.503 0.503 4.64375165959619 1
0 2.387610416728241 -1.633628179866693 0.503 0.503 5.302929037814103 1
0 2.387610416728241 -1.3823007675795096 0.503 0.503 0.0 1
0 2.387610416728241 -1.1309733552923262 0.503 0.503 0.5138402008188969 1
0 2.387610416728241 -0.8796459430051429 0.503 0.503 1.7917241089503906 1
0 2.387610416728241 -0.6283185307179595 0.503 0.503 0.0514674521350168 1
0 2.387610416728241 -0.37699111843077615 0.503 0.503 1.194209878031161 1
0 2.387610416728241 -0.1256637061435928 0.503 0.503 3.0307747432101473 1
0 2.387610416728241 0.12566370614359057 0.503 0.503 1.722590900141244 1
0 2.387610416728241 0.37699111843077393 0.503 0.503 4.516963370781999 1
0 2.387610416728241 0.6283185307179573 0.503 0.503 0.0 1
0 2.387610416728241 0.8796459430051407 0.503 0.503 3.8504010304094147 1
0 2.387610416728241 1.1309733552923245 0.503 0.503 4.232840815996307 1
0 2.387610416728241 1.3823007675795074 0.503 0.503 4.746087842575623 1
0 2.387610416728241 1.6336281798666903 0.503 0.503 0.12764284943291226 1
0 2.387610416728241 1.884955592153874 0.503 0.503 3.3680953754875533 1
0 2.387610416728241 2.136283004441058 0.503 0.503 3.3434861009768757 1
0 2.387610416728241 2.387610416728241 0.503 0.503 6.003977130733631 1
0 2.387610416728241 2.6389378290154237 0.503 0.503 3.092467274849895 1
0 2.387610416728241 2.8902652413026075 0.503 0.503 3.3300530695853627 1
0 2.6389378290154237 -3.141592653589793 0.503 0.503 0.0 1
0 2.6389378290154237 -2.8902652413026098 0.503 0.503 0.0 1
0 2.6389378290154237 -2.6389378290154264 0.503 0.503 1.7456960718258108 1
0 2.6389378290154237 -2.387610416728243 0.503 0.503 0.0 1
0 2.6389378290154237 -2.1362830044410597 0.503 0.503 2.700330491879148 1
0 2.6389378290154237 -1.8849555921538763 0.503 0.503 0.0 1
0 2.6389378290154237 -1.633628179866693 0.503 0.503 0.5184944349249978 1
0 2.6389378290154237 -1.3823007675795096 0.503 0.503 4.036519586666774 1
0 2.6389378290154237 -1.1309733552923262 0.503 0.503 3.382549459488901 1
0 2.6389378290154237 -0.8796459430051429 0.503 0.503 0.0 1
0 2.6389378290154237 -0.6283185307179595 0.503 0.503 1.142367778283161 1
0 2.6389378290154237 -0.37699111843077615 0.503 0.503 2.727184670019958 1
0 2.6389378290154237 -0.1256637061435928 0.503 0.503 2.942859545081406 1
0 2.6389378290154237 0.12566370614359057 0.503 0.503 0.7793612240323561 1
0 2.6389378290154237 0.37699111843077393 0.503 0.503 1.7925999123195089 1
0 2.6389378290154237 0.6283185307179573 0.503 0.503 3.3560031581935346 1
0 2.6389378290154237 0.8796459430051407 0.503 0.503 2.3795142104618354 1
0 2.6389378290154237 1.1309733552923245 0.503 0.503 2.9073180426130967 1
0 2.6389378290154237 1.3823007675795074 0.503 0.503 2.381388888126274 1
0 2.6389378290154237 1.6336281798666903 0.503 0.503 3.154042751973222 1
0 2.6389378290154237 1.884955592153874 0.503 0.503 0.18731266958319298 1
0 2.6389378290154237 2.136283004441058 0.503 0.503 1.639153829291924 1
0 2.6389378290154237 2.387610416728241 0.503 0.503 0.9626853138729643 1
0 2.6389378290154237 2.6389378290154237 0.503 0.503 0.0 1
0 2.6389378290154237 2.8902652413026075 0.503 0.503 2.766728816223749 1
0 2.8902652413026075 -3.141592653589793 0.503 0.503 3.1348690067217584 1
0 2.8902652413026075 -2.8902652413026098 0.503 0.503 4.617516847645056 1
0 2.8902652413026075 -2.6389378290154264 0.503 0.503 2.9963666536987654 1
0 2.8902652413026075 -2.387610416728243 0.503 0.503 5.8145499395974625 1
0 2.8902652413026075 -2.1362830044410597 0.503 0.503 6.247585250527997 1
0 2.8902652413026075 -1.8849555921538763 0.503 0.503 0.0 1
0 2.8902652413026075 -1.633628179866693 0.503 0.503 0.7982400981735073 1
0 2.8902652413026075 -1.3823007675795096 0.503 0.503 0.27856975963888986 1
0 2.8902652413026075 -1.1309733552923262 0.503 0.503 7.327825894188067 1
0 2.8902652413026075 -0.8796459430051429 0.503 0.503 5.9812933896431435 1
0 2.8902652413026075 -0.6283185307179595 0.503 0.503 1.6264080670563006 1
0 2.8902652413026075 -0.37699111843077615 0.503 0.503 2.599141575178593 1
0 2.8902652413026075 -0.1256637061435928 0.503 0.503 5.541503728760505 1
0 2.8902652413026075 0.12566370614359057 0.503 0.503 2.7688169762925288 1
0 2.8902652413026075 0.37699111843077393 0.503 0.503 2.6849747974685885 1
0 2.8902652413026075 0.6283185307179573 0.503 0.503 3.0505426456130005 1
0 2.8902652413026075 0.8796459430051407 0.503 0.503 0.035029433798196674 1
0 2.8902652413026075 1.1309733552923245 0.503 0.503 0.9916018566449134 1
0 2.8902652413026075 1.3823007675795074 0.503 0.503 0.5332999164234422 1
0 2.8902652413026075 1.6336281798666903 0.503 0.503 2.629416106038912 1
0 2.8902652413026075 1.884955592153874 0.503 0.503 3.654612665032114 1
0 2.8902652413026075 2.136283004441058 0.503 0.503 3.7730879237084154 1
0 2.8902652413026075 2.387610416728241 0.503 0.503 2.3573100195399945 1
0 2.8902652413026075 2.6389378290154237 0.503 0.503 3.813864551938358 1
0 2.8902652413026075 2.8902652413026075 0.503 0.503 5.48578718240781 1
