#! FIELDS time phi psi metad.bias
#! SET min_phi -pi
#! SET max_phi pi
#! SET min_psi -pi
#! SET max_psi pi
 0.000000 3.141580 -3.141577 400.353978
 0.020000 -3.095618 1.878418 351.702492
 0.040000 -3.075557 1.883203 352.713520
 0.060000 -3.104466 1.862166 351.011544
 0.080000 -3.090631 1.875573 351.886769
 0.100000 -3.111670 1.810524 349.792422
 0.120000 -3.096458 1.802542 350.383589
 0.140000 -3.135665 1.762264 347.813693
 0.160000 -3.086510 1.800475 350.821295
 0.180000 -3.073355 1.786208 351.207866
 0.200000 -3.133241 1.805337 348.666777
 0.220000 -2.990993 1.764484 354.677892
 0.240000 -3.032811 1.774246 352.911956
 0.260000 -3.006848 1.835804 355.069658
 0.280000 -3.034299 1.724959 352.063991
 0.300000 -3.037868 1.786910 352.879274
 0.320000 -3.080994 1.676763 349.066232
 0.340000 -3.087434 1.678911 348.787428
 0.360000 3.062823 1.569069 341.018836
 0.380000 2.994173 1.529559 337.417915
 0.400000 2.985977 1.508528 336.716198
 0.420000 2.999331 1.463225 336.562027
 0.440000 -3.013376 1.484848 349.432657
 0.460000 -2.991568 1.432818 349.748028
 0.480000 -2.883024 1.474579 355.481235
 0.500000 -2.861342 1.405119 355.559903
 0.520000 -2.955885 1.346334 350.271834
 0.540000 -2.948951 1.276326 349.632514
 0.560000 -2.962585 1.210920 349.203732
 0.580000 -2.962820 1.119152 350.232682
 0.600000 -3.051477 1.031809 346.651350
 0.620000 -3.018246 1.026206 348.439884
 0.640000 -3.115374 0.809815 345.847285
 0.660000 3.116176 0.975922 341.447809
 0.680000 -3.098376 0.869687 346.033388
 0.700000 -3.063289 0.908832 347.421625
 0.720000 -2.983975 0.933421 351.258014
 0.740000 -2.888255 0.982350 355.541506
 0.760000 -2.920358 1.036387 353.314694
 0.780000 -2.956788 1.043985 351.390195
 0.800000 -2.888402 1.171697 353.319901
 0.820000 -2.919998 1.149487 352.028371
 0.840000 -2.880330 1.257496 352.701654
 0.860000 -2.964073 1.265521 348.733143
 0.880000 -3.039915 1.341581 346.022412
 0.900000 -3.095605 1.285075 342.345297
 0.920000 -3.140716 1.467837 342.774124
 0.940000 3.035981 1.443702 337.840625
 0.960000 3.089881 1.504820 341.125645
 0.980000 3.056555 1.621223 341.624439
 1.000000 3.128093 1.701021 345.942248
 1.020000 -3.019659 1.817497 354.201946
 1.040000 3.130394 1.737155 346.647636
 1.060000 -3.062480 1.935859 355.056541
 1.080000 -3.086275 1.872299 352.034173
 1.100000 -3.125334 2.014502 354.896336
 1.120000 -3.115833 1.987145 354.382620
 1.140000 -3.093409 2.068073 358.189887
 1.160000 3.051532 1.947100 348.307394
 1.180000 -3.082061 2.029912 357.378698
 1.200000 3.130042 1.832782 348.284141
 1.220000 -3.062216 1.908654 354.151965
 1.240000 -3.100392 1.824639 350.567930
 1.260000 -3.010584 1.921689 356.890545
 1.280000 -3.037823 1.860928 354.072775
 1.300000 -2.956192 1.797485 356.731185
 1.320000 -2.951031 1.845915 357.680072
 1.340000 -3.008353 1.793675 354.341057
 1.360000 -3.007168 1.734003 353.468899
 1.380000 -3.059226 1.612268 349.108947
 1.400000 -2.967172 1.622506 353.651455
 1.420000 -3.059297 1.496957 347.343070
 1.440000 -3.075628 1.570678 347.657781
 1.460000 3.071602 1.288508 337.000296
 1.480000 3.095680 1.320917 338.526027
 1.500000 3.069524 1.173617 337.287375
 1.520000 -3.059884 1.137121 345.057691
 1.540000 -3.007332 1.127525 347.873943
 1.560000 -3.047598 1.048056 346.673193
 1.580000 -2.985067 1.092621 349.401815
 1.600000 -3.013546 0.956148 349.472993
 1.620000 -3.044659 1.085913 346.407991
 1.640000 -3.061301 0.964527 346.891521
 1.660000 -3.045640 1.083595 346.382562
 1.680000 3.111114 0.980805 341.175976
 1.700000 -3.037386 1.118689 346.424640
 1.720000 -3.088485 1.112360 343.834501
 1.740000 -3.089186 1.221394 342.631761
 1.760000 -3.010726 1.190774 347.000050
 1.780000 -3.038421 1.259324 344.903931
 1.800000 -3.058582 1.382793 345.680684
 1.820000 -3.070613 1.288377 343.681151
 1.840000 -3.114433 1.448386 343.821756
 1.860000 3.065110 1.368329 337.928136
 1.880000 3.086125 1.539822 341.529394
 1.900000 2.935252 1.490820 334.215577
 1.920000 3.071948 1.611935 342.117939
 1.940000 -3.130945 1.487545 343.581168
 1.960000 -3.110975 1.725067 348.394332
 1.980000 -2.971394 1.705978 354.685883
 2.000000 -2.977752 1.685573 354.091007
 2.020000 -2.970585 1.768380 355.656546
 2.040000 -2.901003 1.848674 359.833693
 2.060000 -2.922404 1.901466 359.991797
 2.080000 -3.006406 1.682663 352.717591
 2.100000 -3.009933 1.854210 355.221731
 2.120000 3.094650 1.629613 343.365681
 2.140000 3.045572 1.839289 345.013652
 2.160000 3.004216 1.640092 339.722106
 2.180000 2.998727 1.796177 342.285208
 2.200000 3.095489 1.796799 346.275058
 2.220000 -2.994039 1.920178 357.561741
 2.240000 -3.082445 1.870782 352.186624
 2.260000 -2.900571 1.768086 358.710828
 2.280000 -2.789410 1.878967 364.602903
 2.300000 -2.805356 1.790033 362.885243
 2.320000 -2.655398 1.740420 367.741771
 2.340000 -2.814990 1.551540 359.494445
 2.360000 -2.895079 1.713242 358.179899
 2.380000 -2.936227 1.495739 353.296684
 2.400000 -3.054990 1.475106 347.229999
 2.420000 3.083134 1.258398 337.048694
 2.440000 -3.119549 1.328001 341.742650
 2.460000 3.122582 1.171188 339.602969
 2.480000 3.065501 1.227697 336.554875
 2.500000 -3.051973 1.179912 345.003212
 2.520000 -3.059300 1.247171 343.899318
 2.540000 -2.911880 1.313881 351.957812
 2.560000 -2.801239 1.284383 356.744359
 2.580000 -2.923489 1.227653 350.946137
 2.600000 -3.069202 1.142097 344.519538
 2.620000 3.119511 1.140492 339.793527
 2.640000 2.991135 1.026976 335.485219
 2.660000 3.039264 1.037833 337.441698
 2.680000 3.079900 1.036249 339.213313
 2.700000 3.008424 1.086856 335.562022
 2.720000 3.058127 1.050188 338.119017
 2.740000 -3.091451 1.145755 343.319917
 2.760000 -3.082879 1.116770 344.080090
 2.780000 -2.880244 1.117623 354.356804
 2.800000 -2.854523 1.268734 354.076623
 2.820000 -2.957351 1.222219 349.335778
 2.840000 -2.866580 1.272076 353.552752
 2.860000 -2.926689 1.277978 350.745908
 2.880000 -2.843447 1.299085 354.997203
 2.900000 -2.850472 1.322909 354.984285
 2.920000 -2.783894 1.318113 357.951977
 2.940000 -2.992701 1.344248 348.427724
 2.960000 -2.995737 1.277345 347.321930
 2.980000 -3.095736 1.223204 342.272388
 3.000000 -3.059334 1.402158 345.928193
 3.020000 -2.976836 1.453548 350.761984
 3.040000 -2.980863 1.475206 350.876118
 3.060000 -3.013817 1.579036 350.803009
 3.080000 -3.117203 1.578089 345.700876
 3.100000 -3.103372 1.637680 347.342143
 3.120000 3.054209 1.548360 340.310804
 3.140000 3.138301 1.567199 344.159806
 3.160000 3.086823 1.495858 340.852518
 3.180000 3.079815 1.728784 344.442764
 3.200000 -3.140364 1.696276 346.470516
 3.220000 -3.137549 1.762971 347.733656
 3.240000 -3.082370 1.712358 349.573164
 3.260000 -3.013622 1.752751 353.461419
 3.280000 -2.949721 1.714739 355.795073
 3.300000 -2.923028 1.588973 355.207590
 3.320000 -2.793003 1.666296 361.832168
 3.340000 -2.956809 1.612277 353.984096
 3.360000 -2.905317 1.787903 358.789105
 3.380000 -2.927302 1.628964 355.574044
 3.400000 -2.952512 1.729465 355.886026
 3.420000 -2.873880 1.675035 358.571094
 3.440000 -2.905974 1.771397 358.527178
 3.460000 -2.901431 1.734169 358.197614
 3.480000 -2.832822 1.658909 360.102119
 3.500000 -2.797258 1.705897 362.150610
 3.520000 -2.965694 1.625904 353.769560
 3.540000 -2.976250 1.733085 354.870430
 3.560000 3.128166 1.647249 345.046573
 3.580000 -3.083537 1.699466 349.308185
 3.600000 -3.069486 1.685223 349.758756
 3.620000 3.139224 1.641080 345.398064
 3.640000 3.077644 1.485324 340.293153
 3.660000 2.982890 1.398143 334.816621
 3.680000 2.945734 1.444243 333.920649
 3.700000 -3.115752 1.319675 341.815335
 3.720000 -3.034938 1.406506 347.219008
 3.740000 -3.048407 1.293875 344.897231
 3.760000 -2.896999 1.339248 353.014854
 3.780000 -3.040130 1.179728 345.615657
 3.800000 -2.964339 1.152532 349.778330
 3.820000 -3.048211 1.078566 346.304373
 3.840000 -3.077331 0.993145 345.729766
 3.860000 3.090887 1.032992 339.722715
 3.880000 -3.050508 1.080858 346.159732
 3.900000 -3.118102 1.140341 341.980606
 3.920000 -3.077892 1.096196 344.563957
 3.940000 -2.991427 1.248350 347.335249
 3.960000 -2.946443 1.156842 350.627552
 3.980000 -2.922141 1.251328 350.733943
 4.000000 -3.043985 1.223430 344.942070
 4.020000 -2.979115 1.311996 348.644172
 4.040000 3.035772 1.217866 335.365363
 4.060000 -3.100931 1.481732 345.019212
 4.080000 3.045647 1.386380 337.363778
 4.100000 2.957089 1.457756 334.633462
 4.120000 2.983290 1.542062 337.154011
 4.140000 2.874597 1.552423 332.591242
 4.160000 3.122230 1.552150 343.248711
 4.180000 -3.130825 1.619695 345.685417
 4.200000 -2.912147 1.782633 358.423125
 4.220000 -2.875098 1.786573 360.038334
 4.240000 -2.719366 1.881816 367.100868
 4.260000 -2.809469 1.768412 362.450841
 4.280000 -2.730476 1.779065 365.555498
 4.300000 -2.781110 1.718104 362.937870
 4.320000 -2.885103 1.770568 359.399962
 4.340000 -2.813036 1.634807 360.620739
 4.360000 -2.913262 1.547069 355.074384
 4.380000 -2.921386 1.745801 357.497628
 4.400000 -2.884796 1.521285 356.023723
 4.420000 -2.921610 1.655388 356.202992
 4.440000 -3.100012 1.551298 346.141420
 4.460000 -2.985334 1.553637 351.793051
 4.480000 -2.897614 1.506163 355.235346
 4.500000 -2.969705 1.481728 351.507040
 4.520000 -2.868456 1.467316 356.050591
 4.540000 -2.890630 1.414451 354.326409
 4.560000 3.135466 1.335080 340.442719
 4.580000 3.092323 1.261257 337.487592
 4.600000 3.012905 1.171466 334.850457
 4.620000 2.743831 1.028090 324.930649
 4.640000 3.001379 1.055133 335.608817
 4.660000 2.901132 0.870969 333.576004
 4.680000 2.942308 0.985799 333.866825
 4.700000 3.059638 0.901363 339.903329
 4.720000 3.118165 0.917656 342.201544
 4.740000 -3.050911 0.939453 347.718959
 4.760000 -2.936053 0.825537 354.948439
 4.780000 -2.956385 0.833411 353.822601
 4.800000 -3.009169 0.729148 352.334136
 4.820000 -2.864208 0.868660 358.052859
 4.840000 -3.052068 0.784208 349.462410
 4.860000 -2.863101 0.971136 356.916028
 4.880000 -2.871404 0.872971 357.646454
 4.900000 -2.917713 1.159156 352.029227
 4.920000 -2.746115 1.069506 361.291391
 4.940000 -2.800455 1.249139 356.518614
 4.960000 -2.985941 1.205735 348.089834
 4.980000 -2.969824 1.383951 350.118145
 5.000000 -3.036144 1.418220 347.330075
 5.020000 -3.131581 1.439863 342.811989
 5.040000 -2.967189 1.717777 355.052412
 5.060000 -3.133618 1.666251 346.307270
 5.080000 3.137038 1.888862 349.606726
 5.100000 3.108239 1.816220 347.129374
 5.120000 2.947817 1.912747 342.848362
 5.140000 2.872087 1.921615 340.000365
 5.160000 3.117759 2.031264 353.853079
 5.180000 2.943125 2.066663 348.338676
 5.200000 -3.049572 2.102228 361.261043
 5.220000 -3.066732 1.988419 356.644413
 5.240000 2.998392 1.992287 347.817356
 5.260000 -3.070500 1.899356 353.460985
 5.280000 -3.040441 1.868177 354.071603
 5.300000 -3.079608 1.858253 352.108499
 5.320000 -2.872406 1.714564 359.168739
 5.340000 -2.872361 1.666963 358.527753
 5.360000 -3.035107 1.683061 351.370667
 5.380000 -2.793926 1.593105 360.896409
 5.400000 -2.785074 1.427299 359.249172
 5.420000 -2.967349 1.613342 353.509868
 5.440000 -2.666969 1.507922 364.962144
 5.460000 -2.871550 1.469041 355.932399
 5.480000 -2.863490 1.334756 354.534207
 5.500000 -2.860960 1.333729 354.638757
 5.520000 -3.073267 1.243351 343.221560
 5.540000 3.078285 1.187833 337.518869
 5.560000 3.137170 1.119556 340.773808
 5.580000 3.124827 1.016212 341.366306
 5.600000 3.115276 0.984673 341.310369
 5.620000 -3.078247 1.007708 345.519125
 5.640000 2.976468 0.960003 335.641751
 5.660000 -3.047701 0.881830 348.547204
 5.680000 -2.967335 0.994932 351.410332
 5.700000 -3.049755 1.023634 346.832034
 5.720000 -2.861284 0.924446 357.549795
 5.740000 -2.860516 1.001215 356.691202
 5.760000 -2.812470 1.062723 358.281624
 5.780000 -2.755315 0.955052 362.277041
 5.800000 -2.773219 1.085843 359.840936
 5.820000 -3.051609 1.035488 346.603575
 5.840000 -3.073070 1.086631 344.920270
 5.860000 -3.057758 1.088686 345.696495
 5.880000 3.047696 1.237640 335.681551
 5.900000 -3.087044 1.128780 343.732688
 5.920000 3.128428 1.424188 341.498594
 5.940000 3.010293 1.288188 334.333848
 5.960000 3.053422 1.471498 339.034219
 5.980000 3.079924 1.446078 339.770728
 6.000000 3.073064 1.685909 343.420703
 6.020000 -2.906877 1.699901 357.480953
 6.040000 -2.921234 1.766262 357.797764
 6.060000 -3.119609 1.821403 349.597546
 6.080000 -3.052477 1.853366 353.280864
 6.100000 2.996324 1.866723 343.502140
 6.120000 -3.074098 2.005787 356.907615
 6.140000 -2.942359 1.991132 362.034415
 6.160000 -2.925287 2.028009 363.899556
 6.180000 -2.936314 2.107789 366.035699
 6.200000 -3.004272 2.057408 361.656122
 6.220000 -3.097846 2.105065 359.276612
 6.240000 -2.993225 2.120176 364.198044
 6.260000 -2.924503 2.181374 368.861251
 6.280000 -3.120147 2.207887 361.911243
 6.300000 -3.115804 2.101976 358.377088
 6.320000 3.072796 2.021394 351.796830
 6.340000 3.122817 1.991965 352.658151
 6.360000 -3.028080 1.787486 353.340698
 6.380000 -2.933251 1.938372 360.717355
 6.400000 3.139751 1.681437 346.087400
 6.420000 -3.061304 1.801032 352.016571
 6.440000 3.082002 1.459091 340.064193
 6.460000 3.085320 1.446715 340.011821
 6.480000 -2.921317 1.338404 351.839541
 6.500000 -2.989129 1.215176 347.823190
 6.520000 -3.023359 1.197167 346.284914
 6.540000 -2.975825 1.024313 350.643333
 6.560000 -3.068132 1.084003 345.206890
 6.580000 -3.016706 0.987089 348.959195
 6.600000 -2.741263 1.139628 360.616952
 6.620000 -2.711027 0.825619 365.870279
 6.640000 -2.815476 1.240801 355.935675
 6.660000 -2.833308 1.010561 357.906309
 6.680000 -3.033102 1.161175 346.179955
 6.700000 -2.938861 1.066468 352.040308
 6.720000 -2.919225 1.177059 351.746417
 6.740000 -2.912567 1.284096 351.515998
 6.760000 -3.048890 1.071653 346.345175
 6.780000 -3.096302 1.319526 342.818409
 6.800000 2.975215 1.237531 332.528209
 6.820000 3.022114 1.282619 334.765135
 6.840000 2.775910 1.262047 323.758062
 6.860000 2.869586 1.293982 328.278811
 6.880000 2.895601 1.292675 329.394248
 6.900000 3.038928 1.489765 338.702475
 6.920000 2.959436 1.417620 334.097415
 6.940000 3.128600 1.361562 340.549952
 6.960000 3.136952 1.433337 342.000125
 6.980000 3.141480 1.439378 342.284184
 7.000000 -2.893601 1.385594 353.800106
 7.020000 -3.099869 1.191512 342.392632
 7.040000 -2.884585 1.300728 353.084833
 7.060000 -2.927773 1.169769 351.408372
 7.080000 -2.971218 1.243631 348.400393
 7.100000 -2.965387 1.156676 349.678653
 7.120000 -3.053636 1.148504 345.258073
 7.140000 -3.115805 1.162269 341.868456
 7.160000 -3.028143 1.297523 345.979338
 7.180000 -3.006623 1.284082 346.871673
 7.200000 3.030428 1.183816 335.484060
 7.220000 3.091924 1.318011 338.320579
 7.240000 2.984408 1.413794 335.127819
 7.260000 3.074790 1.413156 339.036625
 7.280000 -3.078102 1.242100 342.985391
 7.300000 3.135023 1.452498 342.214612
 7.320000 3.058252 1.296399 336.540856
 7.340000 3.029580 1.265383 334.832581
 7.360000 2.949596 1.182958 331.972888
 7.380000 3.062713 1.169374 337.036463
 7.400000 -2.990331 1.257688 347.312075
 7.420000 -3.000440 1.272296 347.013597
 7.440000 -2.850227 1.361652 355.503225
 7.460000 -2.832852 1.130085 356.494889
 7.480000 -2.988584 1.412631 349.605679
 7.500000 -2.908870 1.235429 351.568577
 7.520000 -2.974066 1.173528 349.050929
 7.540000 -3.003772 1.150531 347.800666
 7.560000 -3.009937 1.308475 347.055113
 7.580000 -3.090363 1.252791 342.237931
 7.600000 -3.120406 1.246480 340.743570
 7.620000 -3.064431 1.409174 345.774390
 7.640000 -3.121026 1.401687 342.773331
 7.660000 -3.056826 1.536504 348.063764
 7.680000 3.101480 1.312576 338.649851
 7.700000 -3.132040 1.526339 344.132352
 7.720000 -3.087095 1.390111 344.339302
 7.740000 -3.113279 1.529419 345.131867
 7.760000 -3.137414 1.499686 343.439865
 7.780000 3.138972 1.439145 342.174861
 7.800000 3.136399 1.534536 343.559098
 7.820000 3.138571 1.570895 344.230339
 7.840000 -3.065408 1.402794 345.630414
 7.860000 -3.030618 1.423519 347.683443
 7.880000 -2.956681 1.536695 352.908602
 7.900000 -2.932413 1.429279 352.556933
 7.920000 -2.948183 1.489000 352.637468
 7.940000 -2.996656 1.361604 348.478855
 7.960000 -3.021766 1.383392 347.541598
 7.980000 -2.966571 1.239506 348.679074
 8.000000 -3.046985 1.272462 344.658122
 8.020000 3.115906 1.253206 338.467921
 8.040000 3.087866 1.211778 337.685679
 8.060000 3.097351 1.190672 338.313359
 8.080000 3.087815 1.326757 338.275577
 8.100000 -3.051703 1.229133 344.484215
 8.120000 -2.979365 1.300982 348.475694
 8.140000 -2.969187 1.371162 349.969150
 8.160000 -2.847305 1.268495 354.412151
 8.180000 -2.927475 1.431094 352.816831
 8.200000 -3.001928 1.162011 347.767234
 8.220000 -3.008425 1.235979 346.616164
 8.240000 3.112627 1.124239 339.669430
 8.260000 3.020233 1.239430 334.470016
 8.280000 3.091742 1.206731 337.905093
 8.300000 3.021533 1.195076 334.980475
 8.320000 3.120674 1.347618 340.000823
 8.340000 -3.044324 1.441531 347.263987
 8.360000 -3.120699 1.326648 341.662851
 8.380000 -3.102678 1.472022 344.781957
 8.400000 -2.963089 1.548080 352.768543
 8.420000 -2.970490 1.539298 352.292194
 8.440000 -2.939237 1.484677 353.000762
 8.460000 -2.938160 1.553420 354.012395
 8.480000 -3.108043 1.549372 345.708024
 8.500000 -3.049600 1.622074 349.728947
 8.520000 -3.053895 1.625369 349.571687
 8.540000 -2.978805 1.578080 352.458999
 8.560000 -2.964547 1.567526 352.978725
 8.580000 -3.123422 1.621317 346.082072
 8.600000 3.128207 1.717566 346.226572
 8.620000 -3.125183 1.415587 342.770255
 8.640000 -3.123600 1.850911 349.912836
 8.660000 -3.083049 1.804873 351.057943
 8.680000 -2.998951 1.906009 356.883638
 8.700000 -3.013652 1.837719 354.793983
 8.720000 -2.935106 1.908428 359.686171
 8.740000 -3.031257 1.827302 353.829817
 8.760000 -3.110577 1.851838 350.547024
 8.780000 -3.112130 1.748676 348.730548
 8.800000 -3.121120 1.678324 347.125497
 8.820000 -2.988781 1.812731 355.519085
 8.840000 -3.002061 1.759077 354.090533
 8.860000 -3.099460 1.838117 350.839510
 8.880000 -3.097661 1.694814 348.546541
 8.900000 -3.051677 1.823180 352.825064
 8.920000 -3.003304 1.819312 354.970216
 8.940000 -2.946170 1.704062 355.798657
 8.960000 -2.885646 1.848044 360.456462
 8.980000 -3.075965 1.832033 351.841459
 9.000000 -2.970209 1.819920 356.452765
 9.020000 -3.125057 1.879280 350.333692
 9.040000 -3.139969 1.896028 350.107020
 9.060000 -3.107988 1.880459 351.158550
 9.080000 3.130884 1.798683 347.724124
 9.100000 3.095101 1.692699 344.450325
 9.120000 -3.091138 1.668886 348.445334
 9.140000 3.114199 1.687875 345.153480
 9.160000 -3.122758 1.590170 345.614566
 9.180000 -3.071376 1.626795 348.742352
 9.200000 -3.100773 1.446502 344.490045
 9.220000 -3.082419 1.498532 346.210139
 9.240000 -3.134372 1.297647 340.519356
 9.260000 -3.111422 1.194579 341.756712
 9.280000 3.094821 1.196152 338.147344
 9.300000 -3.118766 1.168575 341.646383
 9.320000 3.133528 1.210230 339.666289
 9.340000 -3.059271 1.169714 344.736356
 9.360000 -2.977616 1.319763 348.828463
 9.380000 -2.948640 1.207629 349.936351
 9.400000 -3.010614 1.264673 346.391697
 9.420000 -3.044326 1.155541 345.662970
 9.440000 -3.074239 1.170117 343.955630
 9.460000 -3.111630 1.289639 341.582922
 9.480000 -3.032648 1.267996 345.323534
 9.500000 3.115561 1.290805 338.927840
 9.520000 -3.058525 1.305382 344.548918
 9.540000 3.105096 1.427658 340.559981
 9.560000 -3.125822 1.251225 340.411633
 9.580000 3.026731 1.238210 334.764977
 9.600000 3.019632 1.236981 334.468704
 9.620000 2.997174 1.296644 333.888836
 9.640000 -3.036760 1.312058 345.753382
 9.660000 -2.947373 1.279856 349.759575
 9.680000 -2.945387 1.447025 352.183916
 9.700000 -2.864508 1.174448 354.443215
 9.720000 -2.932793 1.310810 350.903709
 9.740000 -3.002317 1.145202 347.934156
 9.760000 -3.021380 1.226300 346.065546
 9.780000 -2.960323 1.142125 350.098490
 9.800000 -2.980217 1.218484 348.234602
 9.820000 -2.864823 1.239637 353.636765
 9.840000 -2.829329 1.282490 355.433425
 9.860000 -2.966054 1.362902 350.006404
 9.880000 -3.025493 1.289178 345.992882
 9.900000 -3.118277 1.280039 341.095363
 9.920000 3.099240 1.287131 338.171842
 9.940000 2.966708 1.275320 332.241294
 9.960000 2.923266 1.146789 331.211145
 9.980000 2.921743 1.256222 330.008097
 10.000000 2.927211 1.261361 330.311609
 10.020000 3.072409 1.320626 337.518227
 10.040000 3.051931 1.226419 335.979653
 10.060000 3.091372 1.317243 338.285238
 10.080000 3.114272 1.242141 338.511203
 10.100000 3.095539 1.190479 338.237131
 10.120000 3.086275 1.052277 339.310909
 10.140000 -3.110769 1.171929 342.030185
 10.160000 -3.112911 1.156079 342.085959
 10.180000 -3.010730 1.174769 347.176886
 10.200000 -2.952780 1.186223 349.975184
 10.220000 -2.993969 1.244116 347.254964
 10.240000 -2.816575 1.316080 356.454739
 10.260000 -2.863222 1.219827 353.955133
 10.280000 -2.907775 1.435628 353.809052
 10.300000 -2.887290 1.330204 353.353704
 10.320000 -2.967640 1.481860 351.608108
 10.340000 -3.061576 1.511244 347.445280
 10.360000 -2.842033 1.664514 359.787825
 10.380000 -2.958982 1.556979 353.089249
 10.400000 -3.059486 1.759118 351.421758
 10.420000 -3.104478 1.753408 349.179675
 10.440000 3.022743 1.772848 342.860851
 10.460000 3.064362 1.863655 346.220825
 10.480000 -3.059595 1.953383 355.777336
 10.500000 -3.110392 1.965522 353.886327
 10.520000 -3.027074 1.999017 358.740963
 10.540000 -3.043367 2.022256 358.816136
 10.560000 3.084889 1.820866 346.275001
 10.580000 -3.043886 1.865755 353.875667
 10.600000 3.125060 1.734548 346.388131
 10.620000 -3.061089 1.813098 352.223695
 10.640000 -2.953965 1.774294 356.483852
 10.660000 -3.041533 1.767189 352.393948
 10.680000 -2.995287 1.701748 353.525014
 10.700000 -2.997450 1.750060 354.162615
 10.720000 -3.004814 1.818840 354.894902
 10.740000 -2.912236 1.823657 359.006824
 10.760000 -2.747922 1.871262 365.999121
 10.780000 -2.799608 1.890798 364.475173
 10.800000 -2.900262 1.844558 359.805835
 10.820000 -2.824291 1.880462 363.317815
 10.840000 -2.888620 1.915352 361.799919
 10.860000 -2.903764 1.887500 360.317825
 10.880000 -2.874861 1.916575 362.383382
 10.900000 3.043257 1.936884 347.612806
 10.920000 3.003617 1.834790 343.204981
 10.940000 3.068747 1.762054 344.571588
 10.960000 2.983150 1.641392 338.842423
 10.980000 3.112109 1.627611 344.058582
 11.000000 -3.129342 1.691393 346.934921
 11.020000 3.110643 1.779331 346.579254
 11.040000 -3.027413 1.912808 355.854312
 11.060000 -2.859260 1.818754 361.125309
 11.080000 -2.932124 1.958636 361.409898
 11.100000 -2.772021 1.898582 365.704411
 11.120000 -2.772056 1.690598 362.959727
 11.140000 -2.979480 1.746644 354.928314
 11.160000 -2.849541 1.576979 358.327169
 11.180000 -3.055627 1.499147 347.558761
 11.200000 3.051578 1.410647 337.996703
 11.220000 3.120284 1.405956 340.872480
 11.240000 -3.102588 1.366068 343.186625
 11.260000 -3.083771 1.206970 343.066227
 11.280000 -2.919414 1.230231 351.115490
 11.300000 -3.101966 1.104827 343.208975
 11.320000 -3.024619 1.248838 345.652801
 11.340000 -2.736149 1.206749 359.962433
 11.360000 -2.909214 1.420142 353.531293
 11.380000 -2.643730 1.240910 363.387703
 11.400000 -2.705169 1.572775 364.202895
 11.420000 -2.923588 1.194871 351.324027
 11.440000 -2.965575 1.276767 348.817552
 11.460000 -3.125086 1.151596 341.493875
 11.480000 2.906885 1.193049 330.008047
 11.500000 2.942438 1.229502 331.180526
 11.520000 3.017559 1.145745 335.323746
 11.540000 3.034321 1.402236 337.118641
 11.560000 -2.942969 1.440429 352.207663
 11.580000 -2.993280 1.528226 351.042200
 11.600000 -2.981045 1.489914 351.078064
 11.620000 -2.965767 1.472549 351.565968
 11.640000 -3.080030 1.519396 346.648752
 11.660000 -3.059323 1.368690 345.435696
 11.680000 -3.038354 1.251949 344.919520
 11.700000 3.085027 1.122707 338.494817
 11.720000 3.132299 1.202815 339.690546
 11.740000 -3.014484 1.045158 348.422417
 11.760000 3.134186 1.047424 341.423456
 11.780000 -2.945254 0.983317 352.666903
 11.800000 -2.810973 1.063943 358.338010
 11.820000 -2.905258 1.058908 353.808825
 11.840000 -2.775254 1.056577 360.108641
 11.860000 -2.696684 1.222995 361.450283
 11.880000 -2.799104 1.187815 357.364351
 11.900000 -2.668404 1.354937 363.270154
 11.920000 -2.810773 1.329343 356.887977
 11.940000 -3.108941 1.271475 341.453571
 11.960000 3.129551 1.384039 340.931728
 11.980000 3.028867 1.469994 337.950955
 12.000000 2.989597 1.488473 336.546227
 12.020000 3.096878 1.604777 343.045931
 12.040000 2.987892 1.653964 339.265529
 12.060000 2.950535 1.790248 340.146236
 12.080000 -3.055107 1.777586 351.926018
 12.100000 3.099922 1.953621 350.434612
 12.120000 -2.913997 1.896123 360.169421
 12.140000 -2.868792 2.022671 365.901233
 12.160000 -3.130349 1.992057 353.885406
 12.180000 -3.011560 1.871191 355.418208
 12.200000 3.069074 1.772752 344.774697
 12.220000 3.028362 1.721149 342.168034
 12.240000 -3.112479 1.788448 349.380612
 12.260000 -3.018635 1.634661 351.410053
 12.280000 3.139681 1.742389 347.109399
 12.300000 -2.864223 1.652148 358.679972
 12.320000 -2.904098 1.612805 356.394494
 12.340000 -2.896563 1.640357 357.108920
 12.360000 -2.671733 1.516708 364.874407
 12.380000 -2.678889 1.508714 364.518387
 12.400000 -2.744368 1.358153 360.166735
 12.420000 -2.869579 1.332949 354.225318
 12.440000 -2.961189 1.073788 350.828822
 12.460000 3.064041 1.182002 336.962451
 12.480000 -2.997384 1.091420 348.785494
 12.500000 -3.083345 0.982974 345.527994
 12.520000 -3.103441 1.044888 343.783531
 12.540000 -2.938080 1.007900 352.749212
 12.560000 -3.133306 0.963510 343.111493
 12.580000 -3.070955 0.833788 347.891954
 12.600000 -3.095919 0.991359 344.772721
 12.620000 3.095281 1.012072 340.144924
 12.640000 -3.092858 1.051448 344.268215
 12.660000 -2.994610 1.181088 347.927030
 12.680000 3.076722 1.321624 337.719601
 12.700000 -3.111860 1.269495 341.272680
 12.720000 -3.100665 1.379883 343.491905
 12.740000 3.033797 1.461724 338.032112
 12.760000 -3.006043 1.358494 347.967473
 12.780000 -3.077655 1.533701 346.986698
 12.800000 -3.128606 1.434275 342.879324
 12.820000 -2.864805 1.486957 356.474166
 12.840000 -2.897153 1.552297 355.880834
 12.860000 -2.948658 1.583785 353.953989
 12.880000 -2.857190 1.610771 358.436402
 12.900000 -2.890256 1.648916 357.504194
 12.920000 -2.893551 1.817016 359.695051
 12.940000 -2.856218 1.664547 359.187348
 12.960000 -3.059534 1.619710 349.209558
 12.980000 3.065355 1.585595 341.400020
 13.000000 3.113707 1.767945 346.504689
 13.020000 2.947751 1.710406 338.553195
 13.040000 3.121875 1.808859 347.543433
 13.060000 3.116630 1.852847 348.108979
 13.080000 3.031797 1.898972 345.797003
 13.100000 3.089738 1.933112 349.315596
 13.120000 3.064326 1.859287 346.139680
 13.140000 3.137895 1.884292 349.493013
 13.160000 -2.976308 1.882484 357.143579
 13.180000 -3.010424 1.926878 357.068780
 13.200000 3.134187 1.844581 348.652899
 13.220000 -3.011878 1.782883 354.011667
 13.240000 3.084647 1.778880 345.519349
 13.260000 -3.069093 1.835247 352.215163
 13.280000 -2.938752 1.723371 356.410338
 13.300000 -2.988520 1.870433 356.424632
 13.320000 -2.845949 1.930103 363.918391
 13.340000 -2.715416 2.034532 371.477273
 13.360000 -2.786478 1.954199 366.821154
 13.380000 -2.858073 2.075388 367.928228
 13.400000 -2.683386 2.169217 376.165457
 13.420000 -2.860134 2.132413 369.624954
 13.440000 -2.850052 2.171376 371.184581
 13.460000 -2.956300 1.895107 358.367985
 13.480000 -3.128230 1.959728 352.861822
 13.500000 3.004723 1.823791 343.046209
 13.520000 3.021907 1.882371 344.846134
 13.540000 2.985481 1.599924 338.226016
 13.560000 3.002581 1.762766 341.834155
 13.580000 -3.112158 1.665553 347.359007
 13.600000 -3.116090 1.644816 346.827516
 13.620000 -3.050037 1.724107 351.307873
 13.640000 -2.922105 1.613230 355.588532
 13.660000 -2.878261 1.787690 359.922472
 13.680000 -2.920124 1.561794 354.962671
 13.700000 -2.921123 1.661600 356.312341
 13.720000 -3.098363 1.546967 346.156491
 13.740000 -2.991412 1.569306 351.732167
 13.760000 -3.044233 1.569363 349.182107
 13.780000 -3.029438 1.439597 347.977433
 13.800000 -2.937281 1.458247 352.726097
 13.820000 -2.913214 1.509992 354.568047
 13.840000 -2.962970 1.504423 352.151930
 13.860000 -2.791863 1.272874 357.021060
 13.880000 -2.989373 1.354518 348.739029
 13.900000 3.126967 1.162098 339.886565
 13.920000 -3.032545 1.198671 345.798344
 13.940000 2.932778 0.975833 333.579253
 13.960000 3.083531 0.980440 339.998080
 13.980000 3.049193 0.974251 338.594931
 14.000000 3.013397 0.915912 337.755818
 14.020000 3.056883 0.848158 340.436734
 14.040000 -3.059178 0.807375 348.818056
 14.060000 3.121755 0.810554 343.629158
 14.080000 -3.060909 0.824187 348.529648
 14.100000 -2.841383 0.767929 360.339441
 14.120000 3.101569 0.692820 344.271238
 14.140000 -2.848854 0.815147 359.429244
 14.160000 -3.021789 0.821929 350.590862
 14.180000 -2.992150 0.862248 351.654609
 14.200000 -2.929744 0.868025 354.777783
 14.220000 -2.958033 1.016259 351.642048
 14.240000 -2.965928 1.010211 351.308609
 14.260000 -2.975874 1.032235 350.551242
 14.280000 -2.895567 1.236677 352.198748
 14.300000 -3.045040 1.291160 345.029241
 14.320000 -2.758244 1.430870 360.441744
 14.340000 -2.977670 1.480421 351.104953
 14.360000 -2.987750 1.605207 352.433894
 14.380000 -2.932877 1.617894 355.164329
 14.400000 -3.106107 1.671115 347.747502
 14.420000 3.122610 1.636986 344.648039
 14.440000 3.092829 1.788326 346.018089
 14.460000 3.052414 1.883755 346.108469
 14.480000 2.965515 1.931300 344.256825
 14.500000 3.140709 2.090513 356.787527
 14.520000 2.937416 2.154192 351.400222
 14.540000 -3.140516 2.485374 370.918955
 14.560000 -3.034922 2.442329 373.488707
 14.580000 -3.053290 2.566374 377.766165
 14.600000 -2.760442 2.650055 389.965225
 14.620000 -2.723492 2.722381 393.696009
 14.640000 -2.858752 2.693556 389.537326
 14.660000 -2.737966 2.605507 388.559770
 14.680000 -2.838367 2.529569 382.865535
 14.700000 -2.960600 2.434855 375.879521
 14.720000 -2.761964 2.350352 379.298441
 14.740000 -3.029278 2.105697 362.232796
 14.760000 -3.059235 2.124989 361.629051
 14.780000 -3.066752 1.924247 354.471612
 14.800000 -3.040185 1.970782 357.224007
 14.820000 3.126365 1.742250 346.572302
 14.840000 -3.048477 1.770339 352.119813
 14.860000 -3.088310 1.713814 349.309903
 14.880000 -3.139508 1.718742 346.889386
 14.900000 -3.119114 1.590505 345.802747
 14.920000 3.124110 1.562032 343.486259
 14.940000 3.113611 1.574737 343.253342
 14.960000 3.130453 1.398640 341.192718
 14.980000 3.089345 1.349135 338.680387
 15.000000 3.106491 1.088357 339.789234
 15.020000 3.102470 1.132892 339.139856
 15.040000 -3.130094 0.880451 344.236008
 15.060000 -3.067918 0.770245 348.803595
 15.080000 -2.911358 0.693449 357.720735
 15.100000 -2.898950 0.697746 358.292058
 15.120000 -2.966593 0.648901 355.453572
 15.140000 -2.904041 0.419380 364.708202
 15.160000 -2.877125 0.579080 361.545192
 15.180000 -2.748995 0.636845 366.246204
 15.200000 -2.858479 0.584420 362.307992
 15.220000 -2.946142 0.694166 355.960740
 15.240000 -3.115211 0.814991 345.793965
 15.260000 -3.062613 0.953074 346.952429
 15.280000 -3.049893 1.112323 345.846593
 15.300000 -3.097746 1.118018 343.288239
 15.320000 -3.118769 1.304591 341.434427
 15.340000 2.967773 1.273886 332.266464
 15.360000 2.856533 1.357063 328.653488
 15.380000 2.910460 1.353907 330.964676
 15.400000 2.987570 1.555136 337.557826
 15.420000 3.085384 1.593834 342.382518
 15.440000 -3.054946 1.664731 350.135394
 15.460000 -3.116678 1.782626 349.080218
 15.480000 -2.983218 1.909618 357.684632
 15.500000 -2.944567 2.034511 363.343087
 15.520000 -2.870623 2.194045 371.188048
 15.540000 -2.763794 2.282805 377.247888
 15.560000 -2.822676 2.258164 374.757218
 15.580000 -2.868754 2.368062 376.735269
 15.600000 -2.991629 2.362360 372.372854
 15.620000 -3.090519 2.442462 371.385478
 15.640000 3.140943 2.446934 369.492924
 15.660000 3.109162 2.350719 365.013267
 15.680000 2.962866 2.312037 358.369977
 15.700000 3.040260 2.313635 361.268306
 15.720000 3.010200 2.187877 355.486600
 15.740000 3.080980 2.143613 356.508618
 15.760000 -3.102791 1.868737 351.202221
 15.780000 -3.091848 1.952596 354.292420
 15.800000 3.098295 1.792936 346.320150
 15.820000 -3.129061 1.588756 345.275051
 15.840000 -3.136938 1.448828 342.674332
 15.860000 -2.946237 1.266558 349.629116
 15.880000 -2.874180 1.287388 353.398960
 15.900000 -2.869914 1.083856 355.259656
 15.920000 -2.814341 0.966368 359.345399
 15.940000 -2.940740 0.832178 354.633667
 15.960000 -2.802474 0.858877 361.181086
 15.980000 -2.698033 0.717859 367.706071
 16.000000 -2.750383 0.862659 363.610918
 16.020000 -2.781000 0.766477 363.279416
 16.040000 -2.799711 0.920654 360.588830
 16.060000 -3.016863 0.878207 350.192910
 16.080000 3.059527 0.871042 340.266623
 16.100000 2.957887 0.894518 335.661320
 16.120000 2.653270 1.013030 321.401665
 16.140000 2.771919 1.031887 326.057943
 16.160000 2.811503 1.181337 326.004052
 16.180000 3.017768 1.311269 335.006149
 16.200000 -3.131767 1.388763 342.023339
 16.220000 -3.051511 1.586155 349.082781
 16.240000 -2.958880 1.533339 352.757043
 16.260000 -2.804284 1.677120 361.509904
 16.280000 -2.740261 1.830746 365.798217
 16.300000 -2.845253 1.776742 361.129317
 16.320000 -2.758555 1.798309 364.757309
 16.340000 -2.884697 1.885537 361.030081
 16.360000 -2.907567 1.968557 362.712942
 16.380000 -2.925605 2.005959 363.182623
 16.400000 -3.139953 2.015623 354.264266
 16.420000 -3.115288 2.216533 362.425284
 16.440000 -2.960081 2.133479 365.951962
 16.460000 -3.042036 2.134191 362.666943
 16.480000 -3.100079 2.143977 360.534271
 16.500000 -2.958624 2.238403 369.460556
 16.520000 -3.117346 2.300064 365.292493
 16.540000 -3.070146 2.244871 365.310612
 16.560000 -3.118443 2.132387 359.326002
 16.580000 2.984350 2.192103 354.658243
 16.600000 2.979405 2.184347 354.177271
 16.620000 2.980712 2.142926 352.677803
 16.640000 2.992458 1.921568 345.008781
 16.660000 3.089478 1.870495 347.349762
 16.680000 -3.109152 1.867333 350.879120
 16.700000 3.096387 1.693276 344.513225
 16.720000 -3.013728 1.683055 352.380309
 16.740000 -2.927883 1.656367 355.935269
 16.760000 -2.748449 1.600502 362.828428
 16.780000 -2.740980 1.484690 361.792045
 16.800000 -2.891807 1.361604 353.562321
 16.820000 -2.906052 1.264819 351.565717
 16.840000 -2.963554 1.216576 349.090896
 16.860000 -3.009061 1.145956 347.581095
 16.880000 -3.131923 1.073821 341.965269
 16.900000 3.121998 1.005708 341.362064
 16.920000 3.061681 1.070828 338.045228
 16.940000 -3.093887 1.075442 343.951784
 16.960000 -2.955287 0.996337 352.008508
 16.980000 -3.047161 1.064555 346.513453
 17.000000 -2.957136 0.990438 351.981645
 17.020000 -2.936342 0.975746 353.205241
 17.040000 -2.961823 0.997491 351.662487
 17.060000 -2.959788 1.020585 351.503560
 17.080000 -2.855144 1.103767 355.741471
 17.100000 -2.956191 1.066295 351.167108
 17.120000 -3.005907 1.136569 347.846526
 17.140000 -3.118218 1.052503 342.921054
 17.160000 2.995086 1.082149 335.035293
 17.180000 3.072592 1.180822 337.345214
 17.200000 -3.130383 1.376947 341.916171
 17.220000 -3.040440 1.428709 347.269189
 17.240000 -2.915395 1.696171 357.054448
 17.260000 -2.938118 1.750882 356.838278
 17.280000 -2.946073 1.888514 358.590128
 17.300000 -2.872588 1.972668 364.207611
 17.320000 -2.972301 2.060479 363.071524
 17.340000 -2.878865 2.134466 369.024352
 17.360000 -2.848281 2.280634 374.642236
 17.380000 -2.949957 2.303633 371.927365
 17.400000 -2.959773 2.281193 370.831657
 17.420000 -3.074490 2.205310 363.757816
 17.440000 3.081726 2.251295 360.451855
 17.460000 3.124896 2.377350 366.493390
 17.480000 3.040217 2.215267 357.625213
 17.500000 3.108091 2.334933 364.405839
 17.520000 3.093963 2.228477 360.055582
 17.540000 3.035008 2.277994 359.756734
 17.560000 3.060719 2.229083 358.884717
 17.580000 -3.066992 2.254671 365.779656
 17.600000 -3.040354 2.205122 365.157373
 17.620000 -2.874559 2.233429 372.294361
 17.640000 -2.939199 2.190629 368.617005
 17.660000 -3.070467 1.995221 356.709314
 17.680000 -3.021441 1.965686 357.873850
 17.700000 -3.049295 1.774444 352.147511
 17.720000 -3.036354 1.736856 352.154844
 17.740000 -3.014253 1.538327 350.176759
 17.760000 -3.061621 1.502637 347.312981
 17.780000 -3.105344 1.365029 343.029302
 17.800000 -2.955915 1.214049 349.500776
 17.820000 -3.053310 1.297754 344.703762
 17.840000 -2.922251 1.161086 351.782408
 17.860000 -2.914923 1.258645 351.050536
 17.880000 -2.825270 1.069114 357.593904
 17.900000 -2.857816 1.021635 356.583624
 17.920000 -3.102224 1.042993 343.868426
 17.940000 -3.042937 0.879301 348.824872
 17.960000 3.041005 0.816635 340.163792
 17.980000 3.106138 0.871349 342.237573
 18.000000 3.011108 0.834382 338.679223
 18.020000 3.006608 0.871765 338.014116
 18.040000 2.917768 0.747090 335.982714
 18.060000 3.054578 0.788260 341.095200
 18.080000 3.124509 0.932342 342.301244
 18.100000 -3.005541 1.032884 349.021205
 18.120000 -2.754509 1.046141 361.198557
 18.140000 -2.918301 1.073779 352.987188
 18.160000 -2.799379 1.296483 356.983651
 18.180000 -2.980264 1.258449 347.826832
 18.200000 -3.003439 1.240252 346.820782
 18.220000 -2.878555 1.328390 353.742328
 18.240000 -3.006920 1.554892 350.776424
 18.260000 -3.036344 1.498635 348.506481
 18.280000 -3.010141 1.623507 351.645681
 18.300000 -2.944084 1.676977 355.499988
 18.320000 -3.039147 1.844826 353.751823
 18.340000 -2.805724 1.923541 365.222492
 18.360000 -3.028398 1.893969 355.185250
 18.380000 -2.964840 1.953739 359.899938
 18.400000 -2.944220 1.926390 359.880482
 18.420000 3.094186 2.059061 353.957960
 18.440000 3.091547 1.966700 350.572651
 18.460000 3.065237 1.954667 349.118805
 18.480000 3.096153 1.936782 349.695134
 18.500000 -3.122077 1.902345 351.169998
 18.520000 -3.066602 1.703661 350.191966
 18.540000 -3.110849 1.743128 348.700284
 18.560000 -2.917154 1.803332 358.506186
 18.580000 -2.794011 1.771337 363.090751
 18.600000 -2.730754 1.840153 366.240540
 18.620000 -2.750645 1.815070 365.243678
 18.640000 -2.769849 1.886212 365.421724
 18.660000 -2.901171 1.718102 357.984028
 18.680000 -2.850703 1.811966 361.378679
 18.700000 -2.996638 1.808444 355.100687
 18.720000 -3.092943 1.836576 351.120867
 18.740000 3.066604 1.927960 348.223073
 18.760000 2.889531 1.917150 340.571101
 18.780000 2.989946 1.912499 344.578080
 18.800000 -3.119486 1.934396 352.393839
 18.820000 -3.110451 1.934446 352.815238
 18.840000 -3.036095 1.857290 354.092298
 18.860000 -2.940267 1.953180 360.902170
 18.880000 3.119530 1.863799 348.416797
 18.900000 -3.029920 1.841752 354.122440
 18.920000 -3.084302 1.726449 349.708931
 18.940000 -3.133191 1.876174 349.893820
 18.960000 -3.061473 1.613422 349.017194
 18.980000 -3.038017 1.495495 348.377158
 19.000000 -3.127733 1.451671 343.191022
 19.020000 -3.006837 1.385347 348.313554
 19.040000 -2.842940 1.500114 357.623882
 19.060000 -2.968381 1.379287 350.123017
 19.080000 -2.756556 1.379242 359.897280
 19.100000 -2.841047 1.314539 355.311420
 19.120000 -2.789090 1.249786 357.027242
 19.140000 -2.926327 1.202007 351.105966
 19.160000 -2.890121 1.086371 354.238874
 19.180000 -3.019363 1.062882 347.972832
 19.200000 -3.089479 1.206651 342.773105
 19.220000 -3.057360 1.073955 345.878919
 19.240000 3.069100 1.133006 337.696178
 19.260000 -3.131677 1.188393 340.760029
 19.280000 3.030100 1.127830 336.059425
 19.300000 -3.136725 1.183306 340.547872
 19.320000 3.064030 1.019243 338.719432
 19.340000 3.109071 1.162129 339.116396
 19.360000 3.099173 1.183183 338.469766
 19.380000 -3.004846 1.035695 349.025465
 19.400000 -2.975626 1.265871 348.163760
 19.420000 -2.911668 1.266874 351.322234
 19.440000 -3.032849 1.229835 345.442017
 19.460000 -3.120791 1.232709 340.867159
 19.480000 -3.098733 1.267289 341.920997
 19.500000 -2.946542 1.337764 350.608375
 19.520000 -2.923183 1.491773 353.853939
 19.540000 -2.972471 1.443615 350.832411
 19.560000 -2.859665 1.578973 357.910456
 19.580000 -2.920449 1.524033 354.425735
 19.600000 -2.866725 1.631563 358.297702
 19.620000 -3.051801 1.459746 347.160249
 19.640000 -3.006902 1.406643 348.616782
 19.660000 3.126222 1.480296 342.276438
 19.680000 -3.020657 1.350532 347.122128
 19.700000 -3.115611 1.331914 342.004995
 19.720000 3.047796 1.249089 335.569686
 19.740000 3.131951 1.181737 339.894994
 19.760000 -3.132827 1.055319 342.118395
 19.780000 -2.998428 1.167183 347.887970
 19.800000 -3.024456 0.940000 349.090711
 19.820000 -2.930171 0.925557 354.093657
 19.840000 -3.072461 0.974287 346.196857
 19.860000 -2.815560 1.019850 358.649861
 19.880000 -2.880728 1.082149 354.750239
 19.900000 -2.828713 1.067461 357.448828
 19.920000 -2.897802 1.157388 353.029628
 19.940000 -2.980381 1.198559 348.450760
 19.960000 -2.994102 1.196541 347.780323
 19.980000 3.133558 1.164819 340.140913
 20.000000 -3.138574 1.338658 340.914316
