#! FIELDS time phi psi metad.bias
#! SET min_phi -pi
#! SET max_phi pi
#! SET min_psi -pi
#! SET max_psi pi
 0.000000 3.141580 -3.141577 267.581720
 0.020000 -2.884296 2.621439 268.989358
 0.040000 -2.888155 2.635100 269.006494
 0.060000 -2.867552 2.653726 269.590425
 0.080000 -2.861550 2.639417 269.613891
 0.100000 -2.863929 2.607171 269.327429
 0.120000 -2.801526 2.631197 270.807842
 0.140000 -2.833872 2.640945 270.210124
 0.160000 -2.783417 2.715172 271.755832
 0.180000 -2.826452 2.678929 270.636234
 0.200000 -2.848059 2.634172 269.862955
 0.220000 -2.801727 2.669813 271.074128
 0.240000 -2.863584 2.599042 269.275700
 0.260000 -2.876321 2.641973 269.314935
 0.280000 -2.876435 2.593399 268.954554
 0.300000 -2.945779 2.489032 266.930680
 0.320000 -2.981409 2.503278 265.993543
 0.340000 -2.945389 2.518692 266.828641
 0.360000 -2.982407 2.577420 266.417799
 0.380000 -2.965197 2.568431 266.751573
 0.400000 -2.893697 2.603284 268.647534
 0.420000 -2.860043 2.655811 269.766050
 0.440000 -2.758686 2.754030 272.501926
 0.460000 -2.764894 2.691520 271.950360
 0.480000 -2.742539 2.780362 272.985404
 0.500000 -2.849502 2.769706 270.829212
 0.520000 -2.892867 2.774210 269.959069
 0.540000 -2.902743 2.796497 269.922403
 0.560000 -3.035702 2.761203 266.668123
 0.580000 -3.012741 2.825542 267.737249
 0.600000 -3.085261 2.798086 265.819716
 0.620000 -3.125671 2.836299 265.195409
 0.640000 -2.994341 2.783968 267.808406
 0.660000 -2.973809 2.863313 268.922271
 0.680000 -2.971480 2.819510 268.613031
 0.700000 -2.834550 2.917704 272.253498
 0.720000 -2.957616 2.842706 269.108035
 0.740000 -2.918349 2.823662 269.803698
 0.760000 -2.860490 2.798035 270.817557
 0.780000 -2.972781 2.695158 267.577657
 0.800000 -2.916465 2.705147 268.917241
 0.820000 -2.927010 2.607474 267.933192
 0.840000 -2.998930 2.482059 265.697541
 0.860000 -2.872623 2.459341 268.816973
 0.880000 -2.851999 2.473581 269.182106
 0.900000 -2.810196 2.443007 270.311287
 0.920000 -2.721473 2.541339 271.787553
 0.940000 -2.760994 2.458776 271.232105
 0.960000 -2.828438 2.547494 269.661955
 0.980000 -2.777996 2.615350 271.172362
 1.000000 -2.831073 2.593158 269.928539
 1.020000 -2.802350 2.675985 271.105068
 1.040000 -2.608903 2.683977 274.627186
 1.060000 -2.820166 2.730403 271.135691
 1.080000 -2.800168 2.773970 271.848482
 1.100000 -2.882474 2.798818 270.367847
 1.120000 -2.951976 2.865138 269.414054
 1.140000 -2.898661 2.978377 271.454571
 1.160000 -2.904959 2.832789 270.160409
 1.180000 -2.876176 2.911788 271.379464
 1.200000 -2.885775 2.917259 271.227585
 1.220000 -2.885253 2.871222 270.874327
 1.240000 -2.972548 2.833881 268.707325
 1.260000 -2.947504 2.823428 269.172263
 1.280000 -3.014792 2.785812 267.357654
 1.300000 -2.996029 2.880923 268.577925
 1.320000 -3.071094 2.741604 265.667970
 1.340000 -3.057186 2.662115 265.326358
 1.360000 -3.062541 2.736386 265.826721
 1.380000 -2.977116 2.569717 266.481594
 1.400000 -2.962636 2.529452 266.506661
 1.420000 -2.931117 2.491230 267.261202
 1.440000 -2.874737 2.449566 268.834909
 1.460000 -2.897796 2.590557 268.461617
 1.480000 -2.863708 2.451484 269.071474
 1.500000 -2.830572 2.514677 269.385009
 1.520000 -2.780613 2.581131 270.887128
 1.540000 -2.772176 2.721063 272.014969
 1.560000 -2.778993 2.747936 272.072714
 1.580000 -2.778147 2.738867 272.024911
 1.600000 -2.706881 2.844478 274.065315
 1.620000 -2.659376 2.920584 275.374963
 1.640000 -2.762129 2.923055 273.654937
 1.660000 -2.839023 2.816602 271.393992
 1.680000 -2.957979 2.919421 269.731029
 1.700000 -3.112357 2.844259 265.583842
 1.720000 3.089265 2.774066 263.221735
 1.740000 3.088833 2.704961 262.575312
 1.760000 3.111465 2.767982 263.606860
 1.780000 -3.073962 2.809626 266.186665
 1.800000 -3.067988 2.720547 265.562020
 1.820000 -2.939442 2.813311 269.266368
 1.840000 -2.961544 2.782483 268.532301
 1.860000 -2.805960 2.869380 272.439441
 1.880000 -2.845786 2.773318 270.932222
 1.900000 -2.874880 2.753925 270.183591
 1.920000 -2.894892 2.676307 269.168598
 1.940000 -2.861350 2.839461 271.116801
 1.960000 -2.840961 2.674336 270.302910
 1.980000 -2.808765 2.633586 270.676958
 2.000000 -2.755156 2.667658 271.974473
 2.020000 -2.787549 2.677961 271.414125
 2.040000 -2.833771 2.768017 271.136803
 2.060000 -2.973348 2.602223 266.826778
 2.080000 -2.824199 2.729695 271.049098
 2.100000 -2.984092 2.713306 267.465016
 2.120000 -2.857038 2.780934 270.758925
 2.140000 -2.982698 2.680264 267.230917
 2.160000 -2.969952 2.693159 267.626245
 2.180000 -2.978340 2.617879 266.834241
 2.200000 -2.962956 2.710380 267.922336
 2.220000 -3.001149 2.616377 266.286678
 2.240000 -3.002918 2.676802 266.734159
 2.260000 -2.988869 2.790408 267.985167
 2.280000 -3.061008 2.682746 265.408340
 2.300000 -2.895100 2.668220 269.103070
 2.320000 -2.941931 2.690031 268.235007
 2.340000 -2.722286 2.783673 273.374601
 2.360000 -2.769717 2.748160 272.251968
 2.380000 -2.771297 2.749372 272.230371
 2.400000 -2.830837 2.619541 270.120821
 2.420000 -2.843978 2.722389 270.591466
 2.440000 -2.927829 2.662566 268.337385
 2.460000 -2.922689 2.581995 267.837097
 2.480000 -2.858564 2.632900 269.630193
 2.500000 -2.902773 2.540077 267.973048
 2.520000 -2.732566 2.660329 272.353310
 2.540000 -2.763388 2.481615 271.013746
 2.560000 -2.655670 2.604125 273.376801
 2.580000 -2.749208 2.571651 271.448070
 2.600000 -2.667501 2.616251 273.246781
 2.620000 -2.918203 2.556677 267.747253
 2.640000 -2.852965 2.553735 269.178520
 2.660000 -3.016908 2.576454 265.587664
 2.680000 -2.945704 2.620356 267.607174
 2.700000 -2.960708 2.517700 266.460324
 2.720000 -2.921300 2.618548 268.146526
 2.740000 -2.803946 2.703800 271.270050
 2.760000 -2.829161 2.745791 271.066250
 2.780000 -2.809445 2.857935 272.286717
 2.800000 -2.896414 2.829483 270.314303
 2.820000 -2.881635 3.036957 272.267461
 2.840000 -2.968472 2.971988 269.943490
 2.860000 -2.817289 2.955356 272.875634
 2.880000 -2.851321 2.894201 271.741353
 2.900000 -2.700831 2.954105 274.942063
 2.920000 -2.733828 2.919585 274.132122
 2.940000 -2.725473 2.857216 273.831535
 2.960000 -2.817951 2.915892 272.560844
 2.980000 -2.848692 2.929080 272.064392
 3.000000 -2.941506 2.933660 270.200296
 3.020000 -3.013547 2.862374 268.029577
 3.040000 -2.990926 2.864803 268.556215
 3.060000 -3.042356 2.784974 266.714136
 3.080000 -2.941911 2.770129 268.867279
 3.100000 -3.024803 2.526454 264.988295
 3.120000 -2.898851 2.541453 268.072010
 3.140000 -2.929045 2.527488 267.276631
 3.160000 -2.917894 2.523072 267.500210
 3.180000 -2.955825 2.504633 266.595239
 3.200000 -2.926077 2.565959 267.637935
 3.220000 -3.008474 2.606748 266.035205
 3.240000 -2.934771 2.689865 268.393790
 3.260000 -2.846279 2.747173 270.727329
 3.280000 -2.800923 2.591232 270.542800
 3.300000 -2.608752 2.571623 273.964890
 3.320000 -2.553228 2.605459 275.004110
 3.340000 -2.617187 2.741572 274.852517
 3.360000 -2.696664 2.640574 272.883651
 3.380000 -2.714800 2.562133 272.047586
 3.400000 -2.807963 2.639396 270.734094
 3.420000 -2.735036 2.642607 272.189326
 3.440000 -2.833588 2.716343 270.760749
 3.460000 -2.925650 2.679471 268.516312
 3.480000 -2.799423 2.631948 270.855782
 3.500000 -2.877515 2.505367 268.396675
 3.520000 -2.856486 2.474585 269.075528
 3.540000 -2.931857 2.446967 267.526539
 3.560000 -2.960991 2.637290 267.389122
 3.580000 -3.051483 2.567691 264.675537
 3.600000 -3.033688 2.578184 265.196445
 3.620000 3.120012 2.472718 261.685557
 3.640000 -2.961054 2.688166 267.788960
 3.660000 -2.965035 2.718175 267.937515
 3.680000 -2.822222 2.763522 271.335994
 3.700000 -2.736447 2.667843 272.330629
 3.720000 -2.773749 2.666440 271.605952
 3.740000 -2.808665 2.711169 271.228212
 3.760000 -2.876709 2.764280 270.223888
 3.780000 -2.886374 2.810932 270.379979
 3.800000 -2.854986 2.636009 269.729147
 3.820000 -2.785150 2.682961 271.496383
 3.840000 -2.970311 2.629806 267.115233
 3.860000 -2.787506 2.660045 271.290344
 3.880000 -2.842350 2.744534 270.788390
 3.900000 -2.701186 2.696319 273.164005
 3.920000 -2.595284 2.562994 274.130165
 3.940000 -2.700766 2.616516 272.655378
 3.960000 -2.782355 2.668233 271.449157
 3.980000 -2.765873 2.707804 272.043919
 4.000000 -2.951102 2.523511 266.731964
 4.020000 -2.828477 2.572555 269.837738
 4.040000 -2.828053 2.526549 269.522756
 4.060000 -2.940939 2.590727 267.487220
 4.080000 -2.942874 2.644893 267.862009
 4.100000 -3.022039 2.557848 265.312193
 4.120000 -2.949459 2.605109 267.402802
 4.140000 -2.866385 2.695747 269.926067
 4.160000 -2.864100 2.717289 270.134601
 4.180000 -2.860842 2.922961 271.775659
 4.200000 -2.790464 3.024518 273.903932
 4.220000 -2.904244 2.823504 270.102327
 4.240000 -2.758245 2.966149 274.043789
 4.260000 -2.912835 2.885450 270.413640
 4.280000 -2.970706 2.839282 268.792424
 4.300000 -3.046364 2.827416 266.983169
 4.320000 3.135795 2.670044 263.210373
 4.340000 3.071971 2.698467 262.170810
 4.360000 3.121320 2.622784 262.493911
 4.380000 -3.100653 2.705101 264.641937
 4.400000 -3.000548 2.833738 268.081430
 4.420000 -2.692462 2.771057 273.811973
 4.440000 -2.774374 2.717769 271.949569
 4.460000 -2.582891 2.756254 275.455972
 4.480000 -2.628067 2.846399 275.358240
 4.500000 -2.522440 2.807150 276.575346
 4.520000 -2.659028 2.625144 273.448368
 4.540000 -2.551704 2.518822 274.550663
 4.560000 -2.815044 2.533620 269.849145
 4.580000 -2.823589 2.570692 269.927907
 4.600000 -2.946248 2.363895 267.705999
 4.620000 -2.998539 2.384365 266.289146
 4.640000 -3.015636 2.382463 265.870952
 4.660000 -2.953873 2.515442 266.604072
 4.680000 -2.991296 2.520432 265.752206
 4.700000 -2.983039 2.611128 266.670748
 4.720000 -2.815495 2.549826 269.952476
 4.740000 -2.936381 2.643461 267.997805
 4.760000 -2.713110 2.595754 272.294832
 4.780000 -2.857446 2.670579 269.929425
 4.800000 -2.786730 2.732528 271.813732
 4.820000 -2.876596 2.710875 269.822409
 4.840000 -2.795730 2.662126 271.140646
 4.860000 -2.968934 2.559547 266.594156
 4.880000 -2.832033 2.721560 270.830604
 4.900000 -2.860780 2.721814 270.237962
 4.920000 -2.783397 2.724149 271.819417
 4.940000 -2.699853 2.675728 273.053374
 4.960000 -2.855850 2.689886 270.104967
 4.980000 -2.744950 2.761274 272.808299
 5.000000 -2.948352 2.859606 269.447432
 5.020000 -2.923501 2.833646 269.773015
 5.040000 -2.996193 2.783585 267.763248
 5.060000 -2.969271 2.930818 269.582202
 5.080000 3.119501 2.795616 264.016950
 5.100000 -2.963102 2.955687 269.922340
 5.120000 -3.099947 2.828844 265.741596
 5.140000 -2.970569 2.864451 269.002870
 5.160000 -2.955168 2.679756 267.856032
 5.180000 -3.055743 2.709369 265.759077
 5.200000 -2.967975 2.738176 268.031417
 5.220000 -2.992613 2.586886 266.251850
 5.240000 -2.905320 2.588752 268.280011
 5.260000 -2.813958 2.471211 270.029520
 5.280000 -2.591432 2.756833 275.335207
 5.300000 -2.822244 2.592806 270.111627
 5.320000 -2.548965 2.724535 275.742046
 5.340000 -2.670948 2.593769 273.047036
 5.360000 -2.495826 2.616386 276.039980
 5.380000 -2.538948 2.614500 275.255719
 5.400000 -2.551963 2.541079 274.668043
 5.420000 -2.710487 2.627143 272.545647
 5.440000 -2.760680 2.544072 271.038482
 5.460000 -2.858078 2.440282 269.274579
 5.480000 -2.972016 2.303370 267.440793
 5.500000 -2.976744 2.329837 267.161607
 5.520000 -2.992837 2.367165 266.534154
 5.540000 -2.933567 2.517766 267.097461
 5.560000 -2.951616 2.204010 268.563586
 5.580000 -2.841847 2.527004 269.228670
 5.600000 -2.780801 2.560977 270.746641
 5.620000 -2.672056 2.823077 274.505165
 5.640000 -2.778908 2.705980 271.779301
 5.660000 -2.666840 2.750581 274.111243
 5.680000 -2.717214 2.910421 274.353455
 5.700000 -2.723726 2.952460 274.545066
 5.720000 -2.910391 2.941719 270.917846
 5.740000 -2.886623 2.830314 270.525534
 5.760000 -2.857766 3.018320 272.587832
 5.780000 -2.895186 2.940174 271.218194
 5.800000 -2.976817 2.935712 269.459670
 5.820000 -3.071766 2.951005 267.475168
 5.840000 -3.010048 3.065077 269.837341
 5.860000 -2.984996 2.982209 269.673883
 5.880000 -2.981049 2.772966 268.018532
 5.900000 -2.889593 2.837613 270.520671
 5.920000 -2.846090 2.811238 271.211150
 5.940000 -2.813450 2.705619 271.092320
 5.960000 -2.841029 2.404296 269.905205
 5.980000 -2.879705 2.445455 268.749348
 6.000000 -2.898592 2.480054 268.087093
 6.020000 -2.911242 2.583371 268.106492
 6.040000 -2.946609 2.389455 267.536975
 6.060000 -2.769846 2.393220 271.533618
 6.080000 -2.717687 2.560952 271.985461
 6.100000 -2.615352 2.630345 274.204081
 6.120000 -2.598100 2.564070 274.091729
 6.140000 -2.635229 2.582424 273.592801
 6.160000 -2.614154 2.689323 274.577756
 6.180000 -2.561624 2.859002 276.389788
 6.200000 -2.762221 2.845571 273.086976
 6.220000 -2.818766 2.775356 271.491838
 6.240000 -2.870344 2.875001 271.209183
 6.260000 -2.988776 2.820463 268.235343
 6.280000 -3.003936 2.721592 267.076114
 6.300000 -3.025953 2.703336 266.412860
 6.320000 -3.032882 2.693067 266.164482
 6.340000 -2.959174 2.658401 267.596758
 6.360000 -3.009999 2.628017 266.171451
 6.380000 -3.098293 2.558741 263.438436
 6.400000 -3.044127 2.686510 265.843313
 6.420000 -3.048787 2.785066 266.565101
 6.440000 -2.943005 2.766667 268.815660
 6.460000 -2.766624 2.738380 272.242304
 6.480000 -2.750800 2.693480 272.232943
 6.500000 -2.627279 2.889107 275.653904
 6.520000 -2.511169 2.842183 276.947113
 6.540000 -2.498609 2.822741 277.124565
 6.560000 -2.496514 2.717566 276.570962
 6.580000 -2.574279 2.677317 275.109128
 6.600000 -2.714866 2.648220 272.601961
 6.620000 -2.805993 2.517085 269.925481
 6.640000 -2.930548 2.514998 267.146458
 6.660000 -2.942267 2.514483 266.869252
 6.680000 -2.914692 2.553283 267.801589
 6.700000 -2.908980 2.423105 268.219391
 6.720000 -2.749416 2.621231 271.772823
 6.740000 -2.842730 2.729275 270.667903
 6.760000 -2.645888 2.821651 274.918189
 6.780000 -2.815622 2.844975 272.069926
 6.800000 -2.903345 2.825781 270.139266
 6.820000 -2.975084 2.962129 269.718737
 6.840000 -3.141270 2.996536 266.277243
 6.860000 3.036753 2.786179 262.279826
 6.880000 -3.095705 2.856443 266.085492
 6.900000 3.039471 2.795067 262.419820
 6.920000 -2.966646 2.820075 268.724679
 6.940000 -2.999881 2.689359 266.906939
 6.960000 -2.971941 2.707664 267.696863
 6.980000 -2.811162 2.823059 271.993679
 7.000000 -2.831125 2.880521 272.035372
 7.020000 -2.822265 2.594086 270.120208
 7.040000 -2.701223 2.626284 272.709573
 7.060000 -2.698484 2.814529 274.002848
 7.080000 -2.732081 2.669058 272.420443
 7.100000 -2.532988 2.511540 274.807772
 7.120000 -2.766541 2.384389 271.668568
 7.140000 -2.660582 2.452730 273.224039
 7.160000 -2.660469 2.435395 273.365411
 7.180000 -2.914826 2.319736 268.750667
 7.200000 -2.829130 2.351419 270.541477
 7.220000 -2.834835 2.475086 269.549678
 7.240000 -2.972024 2.645785 267.202077
 7.260000 -2.812503 2.539608 269.944381
 7.280000 -2.825514 2.711171 270.887979
 7.300000 -2.900616 2.630688 268.699534
 7.320000 -2.664791 2.941075 275.432133
 7.340000 -2.935523 2.786888 269.140574
 7.360000 -2.930970 2.784725 269.222588
 7.380000 -2.925115 2.895823 270.238617
 7.400000 -3.082164 3.066321 268.258745
 7.420000 -3.060616 2.886312 267.163610
 7.440000 -2.966851 2.806169 268.606700
 7.460000 -2.932080 2.938503 270.439119
 7.480000 -2.776071 2.901880 273.243911
 7.500000 -2.648996 2.863505 275.148399
 7.520000 -2.794621 2.646421 271.053415
 7.540000 -2.615319 2.816611 275.357048
 7.560000 -2.776262 2.679528 271.647050
 7.580000 -2.901767 2.647574 268.801311
 7.600000 -2.824144 2.577645 269.965072
 7.620000 -2.892442 2.605675 268.693098
 7.640000 -2.868001 2.594457 269.146424
 7.660000 -2.924703 2.421409 267.859532
 7.680000 -2.972425 2.424830 266.690060
 7.700000 -2.922681 2.452135 267.709755
 7.720000 -2.772865 2.527737 270.683751
 7.740000 -2.882310 2.360572 269.256875
 7.760000 -2.815005 2.418577 270.380692
 7.780000 -2.962193 2.566629 266.807774
 7.800000 -2.960642 2.680951 267.741232
 7.820000 -2.993516 2.559499 266.011374
 7.840000 -2.955481 2.512798 266.552256
 7.860000 -2.874098 2.669097 269.563794
 7.880000 -2.745172 2.763110 272.816937
 7.900000 -2.691301 2.702726 273.380600
 7.920000 -2.731326 2.704598 272.672402
 7.940000 -2.584158 2.692135 275.051263
 7.960000 -2.619617 2.876652 275.685432
 7.980000 -2.660602 2.922443 275.368572
 8.000000 -2.700545 2.746198 273.505270
 8.020000 -2.719974 2.821677 273.678680
 8.040000 -2.794495 2.812951 272.242202
 8.060000 -2.798359 2.619922 270.793835
 8.080000 -2.860237 2.571350 269.147424
 8.100000 -3.009316 2.527186 265.371329
 8.120000 -2.971743 2.487563 266.321850
 8.140000 3.137174 2.437387 262.231189
 8.160000 3.063530 2.369357 260.930502
 8.180000 3.057065 2.503706 260.175130
 8.200000 -2.997638 2.605917 266.285490
 8.220000 -2.931678 2.684197 268.418727
 8.240000 -2.644744 2.696561 274.132001
 8.260000 -2.604805 2.643405 274.448337
 8.280000 -2.549848 2.868945 276.607195
 8.300000 -2.488257 2.905454 277.857473
 8.320000 -2.517663 2.800471 276.594515
 8.340000 -2.514341 2.698882 276.050334
 8.360000 -2.598841 2.632048 274.474300
 8.380000 -2.727040 2.633352 272.278672
 8.400000 -2.879754 2.587907 268.841347
 8.420000 -2.952531 2.491960 266.752575
 8.440000 -2.953860 2.420613 267.166690
 8.460000 -2.867278 2.449848 269.002036
 8.480000 -2.919959 2.428734 267.924614
 8.500000 -2.905261 2.491285 267.860166
 8.520000 -2.932077 2.529508 267.221871
 8.540000 -3.056596 2.508137 264.123602
 8.560000 -3.020730 2.530371 265.119746
 8.580000 -3.006211 2.625068 266.237203
 8.600000 -3.046129 2.745364 266.290555
 8.620000 -3.017365 2.724081 266.785269
 8.640000 -2.935263 2.818295 269.397015
 8.660000 -2.934414 2.717898 268.620535
 8.680000 -2.866374 2.814275 270.820620
 8.700000 -2.896641 2.858543 270.538284
 8.720000 -2.858219 2.830284 271.110077
 8.740000 -2.836315 2.846814 271.676500
 8.760000 -2.893467 2.837085 270.435656
 8.780000 -2.887170 2.870021 270.825347
 8.800000 -2.869388 2.874295 271.223122
 8.820000 -2.849115 2.905120 271.869802
 8.840000 -2.782925 2.779935 272.225256
 8.860000 -2.724808 2.847375 273.773701
 8.880000 -2.847981 2.681636 270.209480
 8.900000 -2.738089 2.758855 272.917769
 8.920000 -2.815131 2.685749 270.916225
 8.940000 -2.915558 2.631326 268.372442
 8.960000 -2.836398 2.597968 269.850144
 8.980000 -3.003862 2.523947 265.477255
 9.000000 -2.938140 2.580560 267.473217
 9.020000 -2.963775 2.508618 266.381939
 9.040000 -2.868790 2.531267 268.669068
 9.060000 -2.884826 2.404478 268.905399
 9.080000 -2.743060 2.564615 271.521825
 9.100000 -2.889003 2.445754 268.534306
 9.120000 -2.822431 2.740075 271.160367
 9.140000 -2.882557 2.715185 269.727869
 9.160000 -2.948695 2.809324 269.032385
 9.180000 -2.803835 2.952347 273.106717
 9.200000 -2.852494 3.008868 272.615733
 9.220000 -2.756082 -3.112991 275.866646
 9.240000 -2.722866 3.050988 275.279806
 9.260000 -2.711418 -3.123296 276.429578
 9.280000 -2.817110 -3.136614 274.399117
 9.300000 -2.831415 3.106899 273.784406
 9.320000 -3.047654 2.877827 267.387273
 9.340000 -3.025790 2.896619 268.045272
 9.360000 -3.044267 2.789453 266.707746
 9.380000 -3.088905 2.751416 265.327216
 9.400000 -3.047370 2.575001 264.837029
 9.420000 -3.050906 2.565764 264.673633
 9.440000 -2.908047 2.697036 269.039299
 9.460000 -2.845079 2.453881 269.471437
 9.480000 -2.718423 2.497038 271.790813
 9.500000 -2.763590 2.492330 270.930242
 9.520000 -2.617804 2.618934 274.096869
 9.540000 -2.752449 2.529692 271.107330
 9.560000 -2.692904 2.517342 272.174661
 9.580000 -2.658626 2.461820 273.186460
 9.600000 -2.556468 2.577002 274.799369
 9.620000 -2.573762 2.547703 274.378177
 9.640000 -2.613561 2.482176 273.805854
 9.660000 -2.592895 2.550754 274.098027
 9.680000 -2.715115 2.554091 271.990199
 9.700000 -2.647888 2.646331 273.767994
 9.720000 -2.874447 2.558833 268.745052
 9.740000 -2.908485 2.697823 269.035742
 9.760000 -3.046334 2.777686 266.559565
 9.780000 -3.124369 2.755926 264.511063
 9.800000 3.130065 2.833722 264.568749
 9.820000 -3.076143 2.785547 265.926591
 9.840000 -3.039591 2.912617 267.871341
 9.860000 -3.102463 2.911245 266.413870
 9.880000 -3.001582 2.951448 269.051745
 9.900000 -3.107496 2.847691 265.729657
 9.920000 -2.948411 2.940308 270.108387
 9.940000 -2.976054 2.790588 268.274566
 9.960000 -2.891656 2.807463 270.242260
 9.980000 -2.831413 2.714071 270.788698
 10.000000 -2.771834 2.676700 271.713948
 10.020000 -2.774790 2.599901 271.131316
 10.040000 -2.705712 2.514838 271.918630
 10.060000 -2.727520 2.543173 271.683285
 10.080000 -2.649382 2.460087 273.366534
 10.100000 -2.474096 2.541861 276.180512
 10.120000 -2.666836 2.463607 273.022878
 10.140000 -2.511829 2.421071 275.924560
 10.160000 -2.611646 2.510736 273.600909
 10.180000 -2.827630 2.496698 269.554906
 10.200000 -2.705887 2.433894 272.520977
 10.220000 -2.854886 2.560575 269.185971
 10.240000 -3.023569 2.531553 265.060167
 10.260000 -2.899509 2.616260 268.615753
 10.280000 -3.101908 2.719441 264.736077
 10.300000 -3.134921 2.753808 264.235288
 10.320000 -2.931227 2.933301 270.414534
 10.340000 -3.037702 2.936571 268.121088
 10.360000 -2.877679 3.137284 273.144228
 10.380000 -2.739316 -3.074395 276.785221
 10.400000 -2.919117 3.091218 271.956369
 10.420000 -2.726428 -3.025972 277.788176
 10.440000 -2.804171 -3.060378 275.910914
 10.460000 -2.869276 3.129115 273.241708
 10.480000 -2.771998 3.080727 274.660198
 10.500000 -2.793768 2.998733 273.647067
 10.520000 -2.877339 2.861907 270.964061
 10.540000 -2.793115 2.788175 272.088502
 10.560000 -3.043941 2.591530 265.057716
 10.580000 -2.976612 2.566074 266.464696
 10.600000 -2.862604 2.453283 269.084066
 10.620000 -3.028740 2.340773 265.778246
 10.640000 -2.820450 2.321508 270.947646
 10.660000 -2.822139 2.326294 270.875776
 10.680000 -2.872284 2.166894 270.785745
 10.700000 -2.696856 2.203043 274.504508
 10.720000 -2.573710 2.185296 277.004611
 10.740000 -2.602976 2.281996 275.665839
 10.760000 -2.451798 2.304812 278.500530
 10.780000 -2.552718 2.230988 276.966174
 10.800000 -2.662641 2.249394 274.824192
 10.820000 -2.628406 2.302560 275.036348
 10.840000 -2.798348 2.299611 271.599034
 10.860000 -2.913444 2.457837 267.889036
 10.880000 -2.898263 2.484367 268.066205
 10.900000 -2.982323 2.694689 267.355468
 10.920000 -2.980207 2.800746 268.264761
 10.940000 -2.877733 2.723905 269.896306
 10.960000 -2.988857 2.959654 269.399540
 10.980000 -2.918304 -3.096499 273.155605
 11.000000 -2.977307 -3.110901 271.710082
 11.020000 -2.943146 -3.077739 272.980897
 11.040000 -3.035240 -3.075280 271.108417
 11.060000 -3.023309 -2.879356 274.695276
 11.080000 3.115993 3.100104 266.753748
 11.100000 -3.045337 3.000850 268.508507
 11.120000 -3.107433 2.906719 266.257255
 11.140000 -3.089543 2.846154 266.139633
 11.160000 -3.024157 2.668345 266.166152
 11.180000 -2.968026 2.504219 266.308037
 11.200000 -2.778563 2.498213 270.580220
 11.220000 -2.699866 2.322578 273.508051
 11.240000 -2.688142 2.446371 272.763388
 11.260000 -2.687510 2.267105 274.191499
 11.280000 -2.438697 2.456779 277.394978
 11.300000 -2.600862 2.381375 274.863355
 11.320000 -2.460696 2.312220 278.212083
 11.340000 -2.572951 2.368436 275.438814
 11.360000 -2.607842 2.468511 274.015184
 11.380000 -2.568211 2.596360 274.734455
 11.400000 -2.578499 2.538593 274.254392
 11.420000 -2.725460 2.575624 271.932473
 11.440000 -2.730082 2.674258 272.492293
 11.460000 -2.879623 2.795603 270.402651
 11.480000 -3.047189 2.717821 266.033334
 11.500000 -2.988361 2.771268 267.839465
 11.520000 -3.087660 2.732853 265.196376
 11.540000 -3.126631 2.901057 265.754756
 11.560000 -3.106490 2.832357 265.617472
 11.580000 3.113875 2.843604 264.346726
 11.600000 -3.012134 3.036618 269.548771
 11.620000 -2.904214 2.978470 271.342148
 11.640000 -2.836285 2.993751 272.810105
 11.660000 -2.740837 2.910959 273.946490
 11.680000 -2.854796 2.985609 272.387567
 11.700000 -2.854016 2.900400 271.735730
 11.720000 -2.919722 2.757317 269.251272
 11.740000 -2.925287 2.543670 267.486493
 11.760000 -2.932868 2.568043 267.498269
 11.780000 -2.799618 2.523260 270.101749
 11.800000 -2.861827 2.429948 269.260496
 11.820000 -2.877427 2.387018 269.193604
 11.840000 -2.718800 2.280772 273.448373
 11.860000 -2.758796 2.433865 271.462482
 11.880000 -2.712192 2.463266 272.171296
 11.900000 -2.539592 2.504372 274.775322
 11.920000 -2.668379 2.554869 272.853008
 11.940000 -2.636887 2.511657 273.166950
 11.960000 -2.695512 2.541606 272.278103
 11.980000 -3.002534 2.526089 265.526647
 12.000000 -2.955827 2.582547 267.080298
 12.020000 -3.039046 2.530384 264.671377
 12.040000 -3.117242 2.607969 263.389619
 12.060000 -2.982300 2.557844 266.264986
 12.080000 -3.132181 2.565340 262.640578
 12.100000 -3.083206 2.669616 264.760474
 12.120000 -3.051410 2.660365 265.450526
 12.140000 -2.947755 2.749650 268.575279
 12.160000 -3.011118 2.657454 266.384505
 12.180000 -2.890869 2.809922 270.277934
 12.200000 -3.132572 2.741596 264.184081
 12.220000 -2.999456 3.006301 269.565146
 12.240000 -3.114147 2.798729 265.136850
 12.260000 -3.080087 2.910575 266.927562
 12.280000 -2.879244 2.857258 270.888591
 12.300000 -2.904116 2.870805 270.479348
 12.320000 -2.742269 2.897032 273.820119
 12.340000 -2.711634 2.637473 272.591447
 12.360000 -2.741095 2.753768 272.827445
 12.380000 -2.848247 2.518955 269.031945
 12.400000 -2.794026 2.590252 270.677221
 12.420000 -2.983344 2.645637 266.938734
 12.440000 -2.888684 2.604855 268.769958
 12.460000 -2.828068 2.623084 270.203922
 12.480000 -3.035878 2.414989 265.172194
 12.500000 -2.890500 2.543105 268.272176
 12.520000 -2.932407 2.536619 267.268595
 12.540000 -2.767235 2.650899 271.626876
 12.560000 -2.683129 2.507785 272.373421
 12.580000 -2.554904 2.629135 275.112554
 12.600000 -2.802120 2.623738 270.743819
 12.620000 -2.731649 2.698764 272.627192
 12.640000 -2.945689 2.578684 267.284981
 12.660000 -2.817103 2.623317 270.433356
 12.680000 -2.790223 2.548449 270.468946
 12.700000 -2.866208 2.631250 269.454198
 12.720000 -2.961572 2.567208 266.826823
 12.740000 -3.011988 2.571762 265.667846
 12.760000 -2.967485 2.672634 267.519311
 12.780000 -2.850204 2.514940 268.960403
 12.800000 -2.748653 2.795929 272.982355
 12.820000 -2.637465 2.736106 274.498963
 12.840000 -2.605298 2.833661 275.615917
 12.860000 -2.680403 2.772361 274.026534
 12.880000 -2.605611 2.570297 274.007738
 12.900000 -2.754497 2.584463 271.429296
 12.920000 -2.779189 2.556997 270.752432
 12.940000 -2.868847 2.583919 269.051124
 12.960000 -3.029896 2.437322 265.194579
 12.980000 3.115688 2.460448 261.652956
 13.000000 -3.092084 2.371052 263.968459
 13.020000 -3.048963 2.440825 264.694921
 13.040000 -2.932301 2.635345 268.027325
 13.060000 -2.756419 2.659022 271.891700
 13.080000 -2.574410 2.795552 275.818271
 13.100000 -2.509139 2.845645 277.015635
 13.120000 -2.567878 2.729054 275.506328
 13.140000 -2.630793 2.906711 275.719472
 13.160000 -2.966800 2.886564 269.268121
 13.180000 -2.900851 2.845950 270.350758
 13.200000 3.141578 2.701842 263.608854
 13.220000 3.121914 2.674119 262.966438
 13.240000 3.048389 2.722650 261.913282
 13.260000 -3.061631 2.712915 265.648818
 13.280000 3.027245 2.563758 259.962761
 13.300000 -2.909906 2.711888 269.112618
 13.320000 -2.898991 2.621702 268.668013
 13.340000 -2.791505 2.782856 272.081157
 13.360000 -2.792496 2.664906 271.224729
 13.380000 -2.826971 2.544539 269.672412
 13.400000 -2.705570 2.552467 272.159390
 13.420000 -2.831169 2.454983 269.770431
 13.440000 -2.622130 2.361874 274.657004
 13.460000 -2.687596 2.496120 272.382508
 13.480000 -2.539622 2.556978 274.932603
 13.500000 -2.601614 2.376063 274.895322
 13.520000 -2.472297 2.601593 276.525896
 13.540000 -2.630952 2.523430 273.315292
 13.560000 -2.531962 2.716177 275.920971
 13.580000 -2.533091 2.781357 276.287108
 13.600000 -2.741340 2.715921 272.563439
 13.620000 -2.583411 2.714784 275.197376
 13.640000 -2.851756 2.625802 269.723889
 13.660000 -2.923793 2.633863 268.207426
 13.680000 -3.069448 2.521883 263.846481
 13.700000 3.104539 2.556104 261.543414
 13.720000 3.008908 2.603712 259.950362
 13.740000 3.141153 2.577544 262.500058
 13.760000 3.099163 2.529666 261.188855
 13.780000 -2.945895 2.867788 269.567205
 13.800000 -2.889025 2.741084 269.786506
 13.820000 -2.834589 2.780078 271.209773
 13.840000 -2.672335 2.880431 274.891239
 13.860000 -2.777991 2.815928 272.578474
 13.880000 -2.845850 2.820218 271.283964
 13.900000 -2.821294 2.872833 272.169067
 13.920000 -2.971974 2.835242 268.731196
 13.940000 -2.804292 2.715438 271.346080
 13.960000 -2.833905 2.839425 271.668438
 13.980000 -2.856801 2.758970 270.598502
 14.000000 -2.650177 2.880886 275.247324
 14.020000 -2.692682 2.667845 273.130141
 14.040000 -2.782492 2.652631 271.338592
 14.060000 -2.768164 2.631523 271.476937
 14.080000 -2.980172 2.574601 266.448192
 14.100000 -3.068451 2.643742 264.899124
 14.120000 -3.049699 2.406429 264.869947
 14.140000 3.109687 2.427100 261.685431
 14.160000 -3.099604 2.463182 263.282288
 14.180000 -2.921893 2.589596 267.912906
 14.200000 -2.826655 2.496919 269.574408
 14.220000 -2.576528 2.667736 275.020253
 14.240000 -2.585857 2.607975 274.534602
 14.260000 -2.568012 2.797710 275.920567
 14.280000 -2.665343 2.786574 274.372237
 14.300000 -2.764041 2.824020 272.898032
 14.320000 -2.748041 2.877235 273.573801
 14.340000 -2.798333 2.825776 272.262392
 14.360000 -2.860400 2.727512 270.288376
 14.380000 -2.938856 2.890300 269.901796
 14.400000 -2.993185 2.976807 269.450644
 14.420000 -3.037922 2.869609 267.538768
 14.440000 -2.954748 2.931913 269.903756
 14.460000 -3.015280 2.968917 268.899318
 14.480000 -2.994038 3.092128 270.410123
 14.500000 -2.987698 2.999240 269.759597
 14.520000 -3.132242 2.816248 264.858050
 14.540000 -3.117039 2.798552 265.065887
 14.560000 3.126009 2.738849 263.630735
 14.580000 -3.001799 2.757481 267.420204
 14.600000 -3.022052 2.480524 265.139204
 14.620000 -2.957639 2.509518 266.521770
 14.640000 -2.984839 2.489141 265.996923
 14.660000 -2.967227 2.496557 266.374453
 14.680000 -2.952145 2.484213 266.810285
 14.700000 -2.686879 2.628567 272.982430
 14.720000 -2.679941 2.648702 273.232740
 14.740000 -2.519385 2.585551 275.365807
 14.760000 -2.601958 2.552430 273.963265
 14.780000 -2.677966 2.646900 273.255967
 14.800000 -2.517588 2.685313 275.933089
 14.820000 -2.619877 2.682344 274.445180
 14.840000 -2.621930 2.603273 273.936982
 14.860000 -2.734030 2.706374 272.634392
 14.880000 -2.912437 2.783879 269.616568
 14.900000 -3.090442 2.617168 264.134703
 14.920000 -3.066516 2.587107 264.468962
 14.940000 -3.091705 2.628869 264.203767
 14.960000 -3.014290 2.694004 266.609123
 14.980000 -3.035124 2.607529 265.403413
 15.000000 -3.092741 2.532171 263.349757
 15.020000 -3.090208 2.677184 264.654979
 15.040000 -3.000953 2.585520 266.042851
 15.060000 -2.922214 2.719117 268.899146
 15.080000 -2.852147 2.556753 269.217950
 15.100000 -2.783388 2.542014 270.565419
 15.120000 -2.786915 2.619684 271.023475
 15.140000 -2.781558 2.393401 271.283954
 15.160000 -2.726530 2.358666 272.691079
 15.180000 -2.626707 2.375893 274.459518
 15.200000 -2.601455 2.542610 273.914953
 15.220000 -2.542978 2.424187 275.425176
 15.240000 -2.561855 2.517731 274.393007
 15.260000 -2.556894 2.525960 274.512539
 15.280000 -2.526133 2.645001 275.597929
 15.300000 -2.569222 2.523628 274.313639
 15.320000 -2.715838 2.538305 271.875626
 15.340000 -2.678598 2.639624 273.198913
 15.360000 -2.886258 2.654203 269.190368
 15.380000 -3.041859 2.554328 264.800432
 15.400000 3.111957 2.410159 261.817291
 15.420000 3.108775 2.534343 261.435699
 15.440000 3.077909 2.621473 261.581489
 15.460000 -3.085905 2.701727 264.970364
 15.480000 -3.113435 2.588419 263.315029
 15.500000 -3.089980 2.672932 264.624002
 15.520000 -2.970792 2.764669 268.181749
 15.540000 -2.899417 2.885292 270.692584
 15.560000 -2.816837 2.877571 272.291407
 15.580000 -2.737890 2.779555 273.064710
 15.600000 -2.652558 3.062489 276.473077
 15.620000 -2.805297 2.925176 272.872631
 15.640000 -2.780522 3.005420 273.939108
 15.660000 -2.893352 2.884305 270.810454
 15.680000 -2.781228 2.895761 273.103085
 15.700000 -2.780794 2.845316 272.739440
 15.720000 -2.805269 2.711898 271.301338
 15.740000 -2.968394 2.716333 267.846790
 15.760000 -2.872948 2.698615 269.808167
 15.780000 -2.960874 2.637966 267.397124
 15.800000 -3.044469 2.522544 264.472719
 15.820000 -3.008684 2.581358 265.824769
 15.840000 3.118711 2.561662 261.891620
 15.860000 -3.062850 2.768029 266.089679
 15.880000 -3.109488 2.597938 263.496326
 15.900000 -3.033463 2.455472 265.000891
 15.920000 -2.884360 2.585557 268.722529
 15.940000 -2.769669 2.546532 270.874499
 15.960000 -2.833991 2.547270 269.541730
 15.980000 -2.703189 2.477982 272.230434
 16.000000 -2.785712 2.662529 271.343204
 16.020000 -2.762699 2.574633 271.201925
 16.040000 -2.797972 2.626210 270.845325
 16.060000 -2.937920 2.544761 267.203367
 16.080000 -2.849480 2.682940 270.187630
 16.100000 -2.942463 2.601701 267.536954
 16.120000 -2.898887 2.494074 267.987913
 16.140000 -2.876839 2.559902 268.700042
 16.160000 -2.859542 2.513469 268.744478
 16.180000 -2.959309 2.729723 268.158691
 16.200000 -2.957401 2.656555 267.622700
 16.220000 -3.007349 2.622720 266.191245
 16.240000 -2.982906 2.798998 268.189936
 16.260000 -2.947346 2.831827 269.243641
 16.280000 -2.992554 2.687023 267.057832
 16.300000 -2.944211 2.663805 267.978900
 16.320000 -2.928124 2.586374 267.746808
 16.340000 -2.844774 2.620923 269.837000
 16.360000 -2.917240 2.484459 267.628045
 16.380000 -2.913693 2.476314 267.763195
 16.400000 -2.940256 2.531270 267.045466
 16.420000 -2.966095 2.657556 267.431700
 16.440000 -2.846806 2.542921 269.234656
 16.460000 -2.761496 2.557216 271.109669
 16.480000 -2.654168 2.736041 274.227303
 16.500000 -2.517858 2.864309 276.977369
 16.520000 -2.429626 2.836385 278.725942
 16.540000 -2.491708 2.725167 276.726788
 16.560000 -2.360969 2.751731 279.651761
 16.580000 -2.489768 2.771169 277.030831
 16.600000 -2.601348 2.697248 274.823610
 16.620000 -2.824893 2.574366 269.926227
 16.640000 -2.970127 2.469065 266.474419
 16.660000 -2.985287 2.634632 266.805593
 16.680000 -3.077951 2.551824 263.887871
 16.700000 -3.017624 2.368868 265.899768
 16.720000 -3.011853 2.495370 265.302738
 16.740000 -2.811889 2.550803 270.035063
 16.760000 -2.924690 2.494538 267.389841
 16.780000 -2.774647 2.579248 270.994447
 16.800000 -2.910632 2.659364 268.695046
 16.820000 -2.884968 2.734470 269.822553
 16.840000 -2.895919 2.784855 269.976683
 16.860000 -2.937883 2.777685 269.015787
 16.880000 -2.953894 2.566901 267.003519
 16.900000 -2.811738 2.742677 271.393508
 16.920000 -2.817092 2.622129 270.425213
 16.940000 -2.859761 2.560497 269.079323
 16.960000 -2.825579 2.631060 270.312429
 16.980000 -3.014976 2.772305 267.240773
 17.000000 -2.947842 2.866667 269.516006
 17.020000 -3.031376 2.723195 266.450733
 17.040000 -2.935179 2.884200 269.930658
 17.060000 -2.899868 2.922147 270.977592
 17.080000 -2.611950 2.875797 275.793034
 17.100000 -2.821662 2.868540 272.129417
 17.120000 -2.612417 2.912942 276.032847
 17.140000 -2.587299 2.841973 275.928780
 17.160000 -2.668323 2.897971 275.076826
 17.180000 -2.646099 2.756394 274.489484
 17.200000 -2.851469 2.779775 270.864478
 17.220000 -2.904468 2.808678 269.981112
 17.240000 -3.073684 2.559410 264.058231
 17.260000 -2.952970 2.633582 267.543974
 17.280000 -3.052202 2.480015 264.392192
 17.300000 -2.815272 2.492224 269.852116
 17.320000 -2.764765 2.390347 271.661755
 17.340000 -2.655248 2.581506 273.246041
 17.360000 -2.567631 2.508281 274.323370
 17.380000 -2.444032 2.666006 277.503809
 17.400000 -2.635537 2.784353 274.837902
 17.420000 -2.542731 2.687853 275.614855
 17.440000 -2.690587 2.886654 274.634803
 17.460000 -2.768900 2.671903 271.738061
 17.480000 -2.733179 2.709189 272.669150
 17.500000 -2.867372 2.554921 268.872314
 17.520000 -2.876303 2.503580 268.435912
 17.540000 -2.830094 2.564019 269.743205
 17.560000 -2.998577 2.426707 266.036433
 17.580000 -3.043289 2.505093 264.471742
 17.600000 -3.040411 2.660046 265.711245
 17.620000 -3.035930 2.728685 266.389815
 17.640000 -2.929496 2.900034 270.180074
 17.660000 -2.808670 2.786133 271.770457
 17.680000 -2.840931 2.832897 271.478921
 17.700000 -2.625310 3.012740 276.525640
 17.720000 -2.735978 2.897990 273.938249
 17.740000 -2.701209 2.892891 274.500839
 17.760000 -2.554976 2.861271 276.492059
 17.780000 -2.747293 2.909992 273.825028
 17.800000 -2.715080 2.876238 274.146947
 17.820000 -2.857260 2.818104 271.036499
 17.840000 -2.902187 2.954316 271.188533
 17.860000 -2.792033 2.797570 272.177529
 17.880000 -2.710986 2.748489 273.336310
 17.900000 -2.872125 2.608768 269.161417
 17.920000 -2.717419 2.676088 272.737960
 17.940000 -2.866782 2.595541 269.180832
 17.960000 -3.046134 2.461299 264.650303
 17.980000 -2.987642 2.379800 266.588170
 18.000000 -2.976944 2.420512 266.605993
 18.020000 -2.989858 2.524394 265.818429
 18.040000 -2.916315 2.497417 267.565433
 18.060000 -2.881427 2.498839 268.352542
 18.080000 -2.958900 2.521975 266.536436
 18.100000 -2.657005 2.506246 272.858565
 18.120000 -2.796711 2.539716 270.275206
 18.140000 -2.698977 2.586213 272.495314
 18.160000 -2.762078 2.690336 271.996366
 18.180000 -2.947596 2.634663 267.675132
 18.200000 -2.989770 2.660066 266.905013
 18.220000 -3.077698 2.594217 264.253634
 18.240000 -3.018433 2.762667 267.080829
 18.260000 -2.950525 2.836825 269.214926
 18.280000 -2.809861 2.825830 272.039580
 18.300000 -2.789881 2.679099 271.375873
 18.320000 -2.591632 2.953799 276.599797
 18.340000 -2.655551 2.959499 275.704630
 18.360000 -2.626062 2.879523 275.608152
 18.380000 -2.689675 2.810683 274.126848
 18.400000 -2.781325 2.705125 271.726210
 18.420000 -2.882284 2.792156 270.320468
 18.440000 -3.044904 2.611890 265.203268
 18.460000 3.114739 2.562710 261.817771
 18.480000 3.063550 2.340754 261.059764
 18.500000 3.055499 2.512001 260.102842
 18.520000 3.022843 2.454172 259.642208
 18.540000 -3.054356 2.415913 264.698096
 18.560000 -3.108232 2.449599 263.132139
 18.580000 -2.818640 2.567645 270.010713
 18.600000 -2.819617 2.496413 269.729369
 18.620000 -2.679754 2.651496 273.253739
 18.640000 -2.659590 2.645005 273.561841
 18.660000 -2.615735 2.714551 274.707518
 18.680000 -2.479091 2.703428 276.902571
 18.700000 -2.611301 2.615442 274.180483
 18.720000 -2.558504 2.684747 275.378571
 18.740000 -2.660476 2.694423 273.857029
 18.760000 -2.618773 2.823571 275.350004
 18.780000 -2.622309 2.673662 274.353662
 18.800000 -2.645567 2.685635 274.050183
 18.820000 -2.821808 2.647400 270.506582
 18.840000 -2.786966 2.726908 271.769346
 18.860000 -2.991142 2.669419 266.948441
 18.880000 3.097805 2.535694 261.214948
 18.900000 3.130543 2.526344 261.823779
 18.920000 3.041050 2.545478 260.087594
 18.940000 -3.139488 2.582574 262.606948
 18.960000 -3.140862 2.507429 261.988800
 18.980000 -3.002815 2.588882 266.025598
 19.000000 -2.991699 2.749168 267.582720
 19.020000 -2.786952 2.781502 272.159179
 19.040000 -2.852670 2.628496 269.723930
 19.060000 -2.693492 2.739832 273.586136
 19.080000 -2.693175 2.691879 273.277015
 19.100000 -2.743784 2.701635 272.420619
 19.120000 -2.812441 2.557213 270.068029
 19.140000 -2.936437 2.527675 267.106679
 19.160000 -2.960771 2.602655 267.122628
 19.180000 -2.926802 2.665488 268.382821
 19.200000 -3.005700 2.606950 266.102762
 19.220000 -2.978857 2.599043 266.672772
 19.240000 -2.808566 2.847885 272.228659
 19.260000 -2.800371 2.771734 271.828307
 19.280000 -2.730142 2.696244 272.638125
 19.300000 -2.760529 2.771127 272.587279
 19.320000 -2.815235 2.855663 272.157530
 19.340000 -2.851196 2.762536 270.740775
 19.360000 -2.930322 2.583139 267.671978
 19.380000 -2.987475 2.626621 266.690464
 19.400000 -2.962711 2.670051 267.607904
 19.420000 -3.054290 2.656381 265.347913
 19.440000 -3.070081 2.544681 264.023279
 19.460000 -2.872261 2.490241 268.616524
 19.480000 -2.728971 2.586941 271.939059
 19.500000 -2.708681 2.665714 272.829091
 19.520000 -2.565988 2.490062 274.504466
 19.540000 -2.601773 2.655455 274.566933
 19.560000 -2.541336 2.732226 275.889772
 19.580000 -2.558822 2.689094 275.399265
 19.600000 -2.631609 2.608252 273.807681
 19.620000 -2.793372 2.674538 271.274567
 19.640000 -2.761170 2.811677 272.862893
 19.660000 -2.942325 2.660621 267.996691
 19.680000 -3.010004 2.596390 265.914882
 19.700000 -2.971291 2.519332 266.222083
 19.720000 -2.949310 2.657000 267.810325
 19.740000 -2.992367 2.678069 266.989782
 19.760000 -3.031505 2.492501 264.836004
 19.780000 -3.030465 2.611871 265.551304
 19.800000 -2.996699 2.732276 267.330236
 19.820000 -2.905544 2.768187 269.642047
 19.840000 -2.876511 2.700784 269.748510
 19.860000 -2.847583 2.773352 270.895783
 19.880000 -2.833055 2.878102 271.979013
 19.900000 -2.824000 2.948352 272.693645
 19.920000 -2.947076 2.858223 269.463781
 19.940000 -2.936892 2.887744 269.922917
 19.960000 -2.836560 2.990615 272.780365
 19.980000 -2.935446 2.969447 270.622267
 20.000000 -2.879409 2.849763 270.826689
