#! FIELDS time phi psi metad.bias
#! SET min_phi -pi
#! SET max_phi pi
#! SET min_psi -pi
#! SET max_psi pi
 0.000000 3.141580 -3.141577 438.530979
 0.020000 -3.139702 0.635087 374.877565
 0.040000 3.140778 0.637324 374.756384
 0.060000 -3.137091 0.633795 375.019103
 0.080000 -3.123674 0.708231 376.659114
 0.100000 -3.102936 0.719970 378.037889
 0.120000 -3.125280 0.734921 376.863046
 0.140000 -3.104999 0.708501 377.784520
 0.160000 3.112278 0.805674 375.486308
 0.180000 3.117342 0.729828 374.837093
 0.200000 -3.119169 0.669853 376.497500
 0.220000 -3.126487 0.642868 375.755226
 0.240000 -3.105544 0.669247 377.309069
 0.260000 -3.106788 0.567943 377.239060
 0.280000 -3.082443 0.471931 379.448938
 0.300000 -3.002626 0.521694 383.874008
 0.320000 -2.997973 0.454549 384.662266
 0.340000 -3.100177 0.458507 378.496842
 0.360000 -3.077881 0.431013 380.047667
 0.380000 3.131403 0.456476 375.641169
 0.400000 -3.106599 0.514955 377.664327
 0.420000 3.132959 0.499005 375.355538
 0.440000 -3.082019 0.460572 379.564405
 0.460000 -3.098800 0.547503 377.876706
 0.480000 -2.980358 0.557665 384.954472
 0.500000 -3.045768 0.628903 380.455979
 0.520000 -3.025791 0.549496 382.260746
 0.540000 -3.074387 0.627362 378.728564
 0.560000 -3.091364 0.638447 377.813737
 0.580000 -3.082937 0.607784 378.364307
 0.600000 3.141192 0.670597 375.146112
 0.620000 -3.125925 0.708836 376.530836
 0.640000 -3.043375 0.696171 381.366834
 0.660000 -2.968979 0.751295 386.504535
 0.680000 -3.101571 0.721997 378.142908
 0.700000 -3.002784 0.586437 383.374745
 0.720000 3.135517 0.656981 374.761432
 0.740000 -3.050812 0.560050 380.667759
 0.760000 -3.105432 0.591490 377.138032
 0.780000 -3.100659 0.480890 378.288957
 0.800000 3.081783 0.598123 372.499638
 0.820000 -3.136878 0.647405 375.184366
 0.840000 -3.137721 0.522390 375.748905
 0.860000 3.125380 0.655831 374.334851
 0.880000 -3.101153 0.625182 377.134762
 0.900000 3.065442 0.636796 371.702947
 0.920000 3.126494 0.643253 374.239678
 0.940000 3.098565 0.676151 373.472572
 0.960000 -3.066446 0.727799 380.327440
 0.980000 -3.072086 0.745729 380.188189
 1.000000 -2.950820 0.607963 386.370740
 1.020000 -3.097811 0.695076 378.065864
 1.040000 -3.058508 0.595193 379.933902
 1.060000 -3.109878 0.469140 377.833168
 1.080000 -3.108814 0.467195 377.912238
 1.100000 -3.094280 0.466199 378.786985
 1.120000 -3.120333 0.472308 377.185288
 1.140000 -3.077975 0.431412 380.038903
 1.160000 -3.015540 0.588534 382.584865
 1.180000 -2.901787 0.609876 389.343553
 1.200000 -3.136452 0.650580 375.245463
 1.220000 -3.081126 0.634688 378.387526
 1.240000 2.890399 0.707358 365.720517
 1.260000 2.914824 0.587303 366.114307
 1.280000 2.958495 0.792091 369.236934
 1.300000 3.070165 0.634005 371.861081
 1.320000 3.074274 0.855024 374.512304
 1.340000 -3.107111 0.880950 379.586065
 1.360000 -3.025773 0.809748 383.701873
 1.380000 -2.999333 0.924569 386.524805
 1.400000 -2.811654 0.851455 397.086472
 1.420000 -2.892826 0.795797 391.617329
 1.440000 -2.946881 0.701182 387.289466
 1.460000 -2.969181 0.678006 385.668211
 1.480000 -3.015293 0.664436 382.709370
 1.500000 -3.014181 0.593262 382.631225
 1.520000 -2.953041 0.586393 386.399471
 1.540000 -3.043959 0.583938 380.899131
 1.560000 -3.048132 0.549678 380.908938
 1.580000 -3.101668 0.545404 377.721126
 1.600000 3.068474 0.642299 371.884891
 1.620000 -3.115683 0.647752 376.457730
 1.640000 3.089557 0.726224 373.669065
 1.660000 -3.140449 0.761123 376.248183
 1.680000 3.130641 0.830322 376.511198
 1.700000 3.052279 0.864148 373.737837
 1.720000 3.094452 0.720170 373.799050
 1.740000 2.954483 0.857758 369.839067
 1.760000 2.852729 0.629763 363.528693
 1.780000 2.726580 0.664566 359.539579
 1.800000 2.814439 0.570941 362.637749
 1.820000 2.805395 0.587024 362.186404
 1.840000 3.124853 0.586838 374.328709
 1.860000 -3.118285 0.520414 376.923079
 1.880000 -2.972681 0.551916 385.464210
 1.900000 -2.764731 0.586618 397.846521
 1.920000 -2.920232 0.679564 388.668300
 1.940000 -2.794649 0.450622 397.004373
 1.960000 -2.951716 0.689871 386.866835
 1.980000 -3.025731 0.671125 382.152226
 2.000000 -3.139294 0.713196 375.778416
 2.020000 -3.132788 0.690771 375.916126
 2.040000 -3.111570 0.816725 378.604490
 2.060000 -3.062045 0.854998 382.007590
 2.080000 3.133353 0.672151 374.842914
 2.100000 3.124393 0.902921 377.073447
 2.120000 -2.945516 0.756906 387.993971
 2.140000 -2.970607 0.883824 387.832078
 2.160000 -2.793352 0.725477 396.891042
 2.180000 -2.898776 0.710615 390.326375
 2.200000 -2.965215 0.716017 386.339902
 2.220000 -3.034268 0.593133 381.415142
 2.240000 -3.138928 0.455021 376.223006
 2.260000 3.051102 0.557524 371.597718
 2.280000 3.115974 0.470047 374.906385
 2.300000 3.073595 0.469862 373.213700
 2.320000 2.987718 0.476291 369.809081
 2.340000 -3.062303 0.407791 381.163787
 2.360000 -3.046634 0.597622 380.632684
 2.380000 -2.793516 0.399983 397.409599
 2.400000 -2.753131 0.592391 398.502295
 2.420000 -2.768027 0.578053 397.711966
 2.440000 -2.759168 0.592420 398.138078
 2.460000 -2.731873 0.635731 399.586439
 2.480000 -2.813696 0.639558 394.691699
 2.500000 -2.922229 0.619288 388.025518
 2.520000 -2.963826 0.625896 385.441260
 2.540000 3.071054 0.713456 372.780077
 2.560000 -3.090550 0.667152 378.187759
 2.580000 3.068160 0.753782 373.117302
 2.600000 3.010914 0.637850 369.557490
 2.620000 3.126341 0.804606 376.046301
 2.640000 3.075363 0.606955 372.173016
 2.660000 -2.988809 0.843698 386.307976
 2.680000 -2.936689 0.752350 388.480904
 2.700000 -2.976950 0.671827 385.124720
 2.720000 -3.079666 0.753035 379.812504
 2.740000 -3.025689 0.542424 382.320690
 2.760000 3.014767 0.626459 369.619322
 2.780000 3.141042 0.481825 375.823011
 2.800000 3.080171 0.430494 373.812490
 2.820000 -3.116708 0.441214 377.653878
 2.840000 -3.055448 0.464163 381.127977
 2.860000 -3.070062 0.361591 381.078945
 2.880000 -3.029114 0.464877 382.705771
 2.900000 -2.878574 0.425269 392.101031
 2.920000 -2.788853 0.595750 396.318640
 2.940000 -2.926220 0.666942 388.159117
 2.960000 -2.881498 0.648203 390.668790
 2.980000 -3.139847 0.776693 376.459406
 3.000000 -3.056348 0.840882 382.196193
 3.020000 3.130851 0.830201 376.518353
 3.040000 2.951110 0.855646 369.685317
 3.060000 2.884775 0.806937 366.623890
 3.080000 2.881322 0.820511 366.651951
 3.100000 2.936883 0.861133 369.206459
 3.120000 3.031872 0.826394 372.494803
 3.140000 -3.010675 0.864939 385.213664
 3.160000 -3.118903 0.843042 378.458506
 3.180000 -2.916187 0.858909 390.861610
 3.200000 -3.087198 0.705770 378.826107
 3.220000 -3.050103 0.713578 381.156025
 3.240000 -3.077762 0.689467 379.211343
 3.260000 -3.028140 0.573874 381.933050
 3.280000 3.081745 0.676207 372.793973
 3.300000 3.125037 0.497640 375.045647
 3.320000 -3.080375 0.639966 378.492758
 3.340000 -3.015444 0.597132 382.525125
 3.360000 -2.859814 0.624352 391.788444
 3.380000 -3.026005 0.553094 382.220454
 3.400000 -2.969771 0.625808 385.080162
 3.420000 -3.085196 0.489128 379.148470
 3.440000 -3.022163 0.525645 382.661467
 3.460000 3.091803 0.555877 373.236032
 3.480000 -3.140569 0.640516 374.886592
 3.500000 2.984535 0.570690 368.888884
 3.520000 2.971849 0.686659 368.572409
 3.540000 3.053478 0.664058 371.526310
 3.560000 3.058308 0.721729 372.361723
 3.580000 -3.122204 0.629390 375.860138
 3.600000 -3.134962 0.825571 377.301064
 3.620000 -2.938430 0.602322 387.168371
 3.640000 -3.024944 0.731993 382.888334
 3.660000 -2.879831 0.691210 391.262079
 3.680000 -2.863553 0.666859 391.976401
 3.700000 -2.917357 0.666951 388.699447
 3.720000 -3.006602 0.573591 383.240620
 3.740000 -3.125924 0.575808 376.032455
 3.760000 -3.103250 0.536104 377.698851
 3.780000 3.101237 0.609780 373.192270
 3.800000 -3.122758 0.489993 376.898543
 3.820000 -3.112467 0.660870 376.798586
 3.840000 -3.022409 0.660514 382.232734
 3.860000 -2.980168 0.727663 385.560515
 3.880000 -2.929766 0.826191 389.698554
 3.900000 -2.928986 0.784308 389.298178
 3.920000 -3.028776 0.873492 384.213259
 3.940000 -3.046482 0.544895 381.045130
 3.960000 3.064212 0.849711 374.048782
 3.980000 3.118986 0.494372 374.827671
 4.000000 3.030998 0.614430 370.351087
 4.020000 -3.129883 0.575213 375.800551
 4.040000 -3.045025 0.601949 380.696796
 4.060000 -3.068707 0.632696 379.113596
 4.080000 -3.010286 0.513419 383.472710
 4.100000 -3.083599 0.571406 378.604641
 4.120000 -2.969619 0.614219 385.178508
 4.140000 -3.042110 0.627082 380.680070
 4.160000 -2.907019 0.550954 389.468031
 4.180000 -3.030265 0.733428 382.581694
 4.200000 -2.981415 0.689242 385.051327
 4.220000 -3.097272 0.658593 377.686282
 4.240000 3.124517 0.570288 374.444721
 4.260000 3.120530 0.704293 374.680082
 4.280000 3.041983 0.666362 371.094527
 4.300000 3.139789 0.610994 374.749459
 4.320000 3.063935 0.685876 372.186334
 4.340000 -3.074203 0.682427 379.346537
 4.360000 3.122677 0.622973 373.959066
 4.380000 -2.884570 0.728583 391.391085
 4.400000 -3.085615 0.700637 378.863650
 4.420000 -2.887943 0.734574 391.251886
 4.440000 -3.039073 0.657011 381.182510
 4.460000 -3.140195 0.521112 375.611884
 4.480000 -3.133928 0.586556 375.470564
 4.500000 -3.093918 0.448442 378.950981
 4.520000 -2.950893 0.517792 387.043008
 4.540000 -2.988435 0.503367 384.871730
 4.560000 -2.874779 0.539215 391.517898
 4.580000 -3.074555 0.581609 379.070452
 4.600000 -2.927044 0.600667 387.874713
 4.620000 -3.090931 0.607616 377.884616
 4.640000 -3.121681 0.705745 376.750774
 4.660000 3.047483 0.490282 372.008829
 4.680000 2.861304 0.653275 364.080101
 4.700000 2.980750 0.563847 368.799101
 4.720000 3.020267 0.650470 370.061896
 4.740000 -3.051815 0.565228 380.567550
 4.760000 -3.107830 0.587298 377.026630
 4.780000 -3.005811 0.550104 383.466492
 4.800000 3.141326 0.531404 375.435986
 4.820000 -3.056262 0.557733 380.356561
 4.840000 -3.003840 0.569023 383.442817
 4.860000 -3.009038 0.649265 382.915502
 4.880000 -2.965725 0.694822 386.069737
 4.900000 -3.100629 0.728534 378.273220
 4.920000 -3.086289 0.604592 378.187176
 4.940000 -3.093784 0.783379 379.301252
 4.960000 -3.072531 0.513075 379.721125
 4.980000 3.042050 0.799911 372.596470
 5.000000 3.121206 0.516251 374.739996
 5.020000 3.029592 0.620868 370.245282
 5.040000 -3.101321 0.612274 377.224326
 5.060000 -2.951298 0.564663 386.669257
 5.080000 -3.054499 0.649323 380.161237
 5.100000 -2.923142 0.483794 388.979028
 5.120000 -3.051729 0.654973 380.393130
 5.140000 -3.119252 0.472720 377.246271
 5.160000 3.126362 0.516317 374.948344
 5.180000 -3.139705 0.375796 376.848743
 5.200000 3.096882 0.723325 373.932890
 5.220000 -2.949453 0.440248 387.701886
 5.240000 -3.011713 0.704137 383.377882
 5.260000 -3.122209 0.621011 375.904263
 5.280000 -3.017318 0.605901 382.344464
 5.300000 2.989668 0.711325 369.534975
 5.320000 -3.120626 0.493717 376.995676
 5.340000 3.066747 0.778040 373.334885
 5.360000 -3.106224 0.621470 376.858960
 5.380000 3.099627 0.752553 374.373135
 5.400000 -3.010348 0.678422 383.169131
 5.420000 -3.088619 0.732938 379.046511
 5.440000 -3.022168 0.649025 382.115948
 5.460000 -3.004471 0.644610 383.139451
 5.480000 -3.119977 0.442457 377.449718
 5.500000 -3.115441 0.558893 376.791180
 5.520000 3.091162 0.347182 374.993635
 5.540000 -3.129127 0.495450 376.475685
 5.560000 -3.132290 0.498802 376.260609
 5.580000 -2.889718 0.473353 391.084675
 5.600000 -3.057411 0.613311 379.861024
 5.620000 -2.981842 0.605911 384.498634
 5.640000 -3.101567 0.559547 377.617230
 5.660000 -3.107702 0.629933 376.735599
 5.680000 -3.070739 0.705606 379.817800
 5.700000 -3.115067 0.661540 376.650070
 5.720000 -2.989450 0.862360 386.468297
 5.740000 -3.134975 0.797589 376.986128
 5.760000 -3.120203 0.923763 379.275637
 5.780000 3.026743 0.738926 371.298764
 5.800000 3.093306 0.961243 376.479741
 5.820000 -3.112140 0.738052 377.687642
 5.840000 -3.059783 0.879322 382.409033
 5.860000 -3.119176 0.818228 378.164815
 5.880000 -3.003030 0.661843 383.424545
 5.900000 -3.012975 0.777168 384.118229
 5.920000 -3.059951 0.683449 380.219369
 5.940000 -2.917272 0.641137 388.406969
 5.960000 -3.070525 0.629194 378.964014
 5.980000 -3.019359 0.589059 382.349342
 6.000000 -3.094687 0.455660 378.847060
 6.020000 3.109088 0.598276 373.599548
 6.040000 3.053302 0.406566 372.967839
 6.060000 3.058021 0.569471 371.776608
 6.080000 -3.134915 0.493516 376.147097
 6.100000 -3.086347 0.581022 378.365197
 6.120000 -2.956238 0.460304 387.143296
 6.140000 -3.076784 0.576704 378.973926
 6.160000 -2.883605 0.579350 390.682999
 6.180000 -2.921727 0.613562 388.100144
 6.200000 -2.854327 0.632916 392.145217
 6.220000 -2.951769 0.660209 386.525028
 6.240000 -2.989411 0.702851 384.718970
 6.260000 -3.135117 0.571862 375.514170
 6.280000 3.111372 0.697066 374.226201
 6.300000 3.094281 0.528637 373.554127
 6.320000 3.052520 0.778870 372.774709
 6.340000 -3.127849 0.617789 375.591678
 6.360000 -3.107625 0.725038 377.812776
 6.380000 -3.116231 0.569911 376.658174
 6.400000 3.070456 0.520965 372.663421
 6.420000 3.141526 0.549735 375.299035
 6.440000 -3.067677 0.454854 380.467860
 6.460000 -2.972186 0.660975 385.290547
 6.480000 -2.921748 0.500553 388.941575
 6.500000 -2.989609 0.738085 385.102916
 6.520000 -3.089707 0.502922 378.769865
 6.540000 3.140218 0.679382 375.204794
 6.560000 3.085521 0.481425 373.590997
 6.580000 3.067259 0.745019 372.982325
 6.600000 -3.087145 0.529440 378.716338
 6.620000 -3.031239 0.687482 382.004042
 6.640000 -3.004721 0.782605 384.679022
 6.660000 -2.955461 0.626153 385.948438
 6.680000 -2.962189 0.771226 387.137283
 6.700000 -2.912239 0.640962 388.711617
 6.720000 -2.948903 0.643884 386.511482
 6.740000 3.118027 0.636947 373.824768
 6.760000 3.023492 0.578686 370.339055
 6.780000 3.083573 0.556225 372.902748
 6.800000 -3.048472 0.731539 381.457058
 6.820000 -3.002138 0.646339 383.300988
 6.840000 -2.910643 0.743970 389.973905
 6.860000 3.099956 0.692431 373.710933
 6.880000 -3.071103 0.720912 379.968458
 6.900000 3.105144 0.637461 373.307863
 6.920000 -3.141244 0.654139 374.998831
 6.940000 3.130693 0.688268 374.914959
 6.960000 -3.093145 0.580770 377.958533
 6.980000 3.114524 0.638953 373.704831
 7.000000 -3.082056 0.549928 378.863194
 7.020000 -3.126184 0.561152 376.131249
 7.040000 -3.056089 0.550020 380.426141
 7.060000 -2.984591 0.602269 384.359322
 7.080000 -3.118633 0.430677 377.626492
 7.100000 -3.091876 0.618931 377.740575
 7.120000 -3.140831 0.524414 375.547748
 7.140000 -3.105622 0.643105 377.009276
 7.160000 -3.100379 0.659049 377.504539
 7.180000 -2.974462 0.699184 385.587158
 7.200000 -3.135866 0.766832 376.586950
 7.220000 -2.993159 0.642502 383.802441
 7.240000 3.121037 0.694157 374.587011
 7.260000 3.088270 0.622436 372.570799
 7.280000 -3.140132 0.673552 375.283050
 7.300000 3.130349 0.703442 375.071218
 7.320000 -3.008317 0.664832 383.137510
 7.340000 -3.122591 0.661052 376.193155
 7.360000 3.117302 0.711017 374.624054
 7.380000 3.110197 0.469434 374.679126
 7.400000 -3.079126 0.654973 378.738345
 7.420000 -3.076500 0.561376 379.109082
 7.440000 -3.030129 0.511467 382.287941
 7.460000 -3.007890 0.531183 383.483495
 7.480000 -3.067515 0.574271 379.551091
 7.500000 -2.907414 0.631518 388.895786
 7.520000 -3.014573 0.632003 382.381211
 7.540000 -3.103546 0.650495 377.217448
 7.560000 3.134553 0.710315 375.320243
 7.580000 3.109183 0.674921 373.889340
 7.600000 -3.114350 0.689088 377.003484
 7.620000 -3.091077 0.691704 378.433497
 7.640000 3.139289 0.689070 375.275484
 7.660000 -3.058574 0.757104 381.132451
 7.680000 -2.945085 0.621102 386.619133
 7.700000 -3.071702 0.799592 380.813459
 7.720000 -3.070625 0.607417 379.108941
 7.740000 -3.096255 0.627726 377.409443
 7.760000 3.131308 0.623239 374.308444
 7.780000 -3.118392 0.622663 376.120136
 7.800000 3.113699 0.561799 374.072706
 7.820000 3.034801 0.583282 370.747078
 7.840000 -2.995507 0.631488 383.532793
 7.860000 -2.937923 0.618961 387.071855
 7.880000 -2.896271 0.723059 390.617622
 7.900000 -2.772622 0.526719 397.809043
 7.920000 -2.976467 0.686146 385.317269
 7.940000 -2.959556 0.513129 386.551177
 7.960000 -3.040437 0.624260 380.803026
 7.980000 2.998757 0.529898 369.774199
 8.000000 3.112189 0.580093 373.867479
 8.020000 -3.135508 0.725981 376.148976
 8.040000 -3.097029 0.635025 377.434261
 8.060000 -3.102459 0.746356 378.363468
 8.080000 3.089672 0.543412 373.250037
 8.100000 3.107952 0.632375 373.365053
 8.120000 -2.974111 0.642776 384.964016
 8.140000 -2.974458 0.653567 385.067200
 8.160000 -2.934800 0.650420 387.446242
 8.180000 -2.942267 0.649659 386.982496
 8.200000 -3.092142 0.576516 378.051658
 8.220000 -3.054748 0.662022 380.290795
 8.240000 3.094336 0.379773 374.821469
 8.260000 2.932241 0.413160 368.308012
 8.280000 3.102435 0.265566 376.211560
 8.300000 3.127427 0.291725 376.936574
 8.320000 -3.122277 0.335746 378.222043
 8.340000 -2.933281 0.329138 389.493272
 8.360000 -2.819935 0.429358 395.620520
 8.380000 -2.744179 0.447265 400.065496
 8.400000 -2.757498 0.540895 398.620476
 8.420000 -2.958331 0.399321 387.468285
 8.440000 3.126872 0.477457 375.284803
 8.460000 3.113632 0.483201 374.703314
 8.480000 3.103258 0.581144 373.497903
 8.500000 -3.113766 0.686474 377.009143
 8.520000 3.139915 0.831568 376.903217
 8.540000 3.114066 0.819397 375.713955
 8.560000 3.133234 1.010791 378.622727
 8.580000 -3.028059 1.005968 385.636497
 8.600000 -3.080447 1.003204 382.495120
 8.620000 -3.012403 0.970398 386.211008
 8.640000 -3.119448 0.901862 379.079245
 8.660000 -3.130763 0.927336 378.685760
 8.680000 -3.131979 0.897463 378.282445
 8.700000 -3.079477 0.853199 380.938572
 8.720000 -3.028703 0.733941 382.682172
 8.740000 -3.049276 0.702609 381.082246
 8.760000 -3.094111 0.565471 378.018698
 8.780000 3.067973 0.467056 373.014721
 8.800000 -3.087929 0.389512 379.788023
 8.820000 -3.014382 0.540743 383.017888
 8.840000 -2.979006 0.349002 386.606053
 8.860000 -2.837578 0.556152 393.657479
 8.880000 -3.028100 0.654080 381.814018
 8.900000 -3.074354 0.489443 379.795797
 8.920000 3.107847 0.600885 373.528938
 8.940000 3.038910 0.585372 370.892608
 8.960000 2.927209 0.604938 366.433137
 8.980000 3.060265 0.606407 371.573974
 9.000000 3.020388 0.680532 370.397092
 9.020000 3.059216 0.564344 371.865081
 9.040000 -3.096551 0.774579 379.036062
 9.060000 3.058977 0.519369 372.220439
 9.080000 -3.079417 0.764830 379.959732
 9.100000 3.098461 0.608171 373.092646
 9.120000 -3.119319 0.753638 377.431430
 9.140000 3.134486 0.590767 374.690325
 9.160000 -3.060228 0.766323 381.135572
 9.180000 -3.003670 0.682553 383.621879
 9.200000 -2.914960 0.781710 390.122531
 9.220000 -2.896092 0.606184 389.718834
 9.240000 -2.954591 0.760768 387.484396
 9.260000 -2.957777 0.628535 385.793211
 9.280000 -3.065295 0.626132 379.286414
 9.300000 -3.063339 0.649384 379.627687
 9.320000 3.103746 0.583433 373.499639
 9.340000 -3.115304 0.716737 377.257568
 9.360000 3.088259 0.601385 372.734392
 9.380000 3.132562 0.699076 375.112626
 9.400000 3.106734 0.560546 373.800840
 9.420000 -3.128931 0.582344 375.801882
 9.440000 -3.108809 0.493121 377.705060
 9.460000 -3.128305 0.438886 376.985442
 9.480000 -3.104727 0.317991 379.406839
 9.500000 -3.127175 0.185987 379.338480
 9.520000 3.094098 0.234869 376.195795
 9.540000 -3.132330 0.146592 379.441496
 9.560000 -3.095982 0.144941 381.518819
 9.580000 -3.089350 0.032754 383.016180
 9.600000 -3.072688 0.201208 382.322163
 9.620000 -3.081317 -0.029617 384.560619
 9.640000 3.119998 0.286705 376.692356
 9.660000 -2.987271 -0.024906 389.619865
 9.680000 -3.064619 0.466590 380.558763
 9.700000 -2.878448 0.216603 393.567820
 9.720000 -2.878904 0.549860 391.188585
 9.740000 -2.850616 0.561729 392.823205
 9.760000 -2.973524 0.663631 385.239496
 9.780000 -3.042390 0.707300 381.552379
 9.800000 3.046976 0.817748 372.995871
 9.820000 2.949927 0.858043 369.667919
 9.840000 2.961975 0.982179 371.588057
 9.860000 2.943392 1.172541 373.122583
 9.880000 3.053557 1.145378 376.963741
 9.900000 3.099295 1.343232 382.573171
 9.920000 -3.091331 1.252758 384.248625
 9.940000 -2.928058 1.346797 396.131011
 9.960000 -2.979881 1.120563 389.551874
 9.980000 -2.956366 1.116114 390.887396
 10.000000 -3.055869 1.063431 384.561478
 10.020000 -3.138218 0.783693 376.635651
 10.040000 3.100268 0.896664 376.029805
 10.060000 -2.936047 0.661535 387.498177
 10.080000 -3.010086 0.832923 384.904249
 10.100000 -2.976442 0.587907 384.964081
 10.120000 -3.030973 0.581137 381.706207
 10.140000 -2.949600 0.587482 386.600733
 10.160000 -2.950463 0.620679 386.294897
 10.180000 -3.009059 0.484587 383.765233
 10.200000 -3.067146 0.575013 379.567615
 10.220000 -3.121370 0.572559 376.330038
 10.240000 -3.094617 0.629395 377.515525
 10.260000 3.078526 0.600009 372.354177
 10.280000 3.115150 0.637691 373.716161
 10.300000 2.943048 0.606328 367.017913
 10.320000 2.876418 0.579909 364.764899
 10.340000 2.890034 0.497522 365.974916
 10.360000 2.848481 0.505593 364.412176
 10.380000 3.050989 0.478103 372.250126
 10.400000 -3.122807 0.589048 376.115936
 10.420000 -3.036307 0.566224 381.497173
 10.440000 -3.000730 0.643358 383.352261
 10.460000 -2.954233 0.618407 386.082834
 10.480000 -2.992951 0.684552 384.296233
 10.500000 -2.874578 0.649500 391.105280
 10.520000 -3.031572 0.632605 381.357659
 10.540000 3.140951 0.606571 374.831252
 10.560000 -3.063657 0.710472 380.300829
 10.580000 -3.008300 0.718411 383.746190
 10.600000 -3.039508 0.784873 382.595749
 10.620000 -2.997726 0.624609 383.389987
 10.640000 -3.138679 0.745229 376.175452
 10.660000 3.112343 0.690331 374.190199
 10.680000 3.115596 0.518111 374.498110
 10.700000 2.991645 0.590583 369.002822
 10.720000 3.120744 0.515297 374.728985
 10.740000 3.138723 0.553429 375.155641
 10.760000 -3.109997 0.482415 377.719591
 10.780000 -3.090693 0.508006 378.670920
 10.800000 3.120301 0.525089 374.632301
 10.820000 3.095468 0.271953 375.878787
 10.840000 3.136312 0.401346 376.304736
 10.860000 -3.136596 0.351381 377.245304
 10.880000 -3.105908 0.448585 378.235657
 10.900000 -2.973845 0.399840 386.529911
 10.920000 -2.889521 0.505521 390.865530
 10.940000 -2.839813 0.568840 393.427737
 10.960000 -2.891425 0.659013 390.188748
 10.980000 -3.008056 0.626601 382.747450
 11.000000 -2.999548 0.740088 384.521160
 11.020000 -3.099005 0.704383 378.098956
 11.040000 3.121384 0.791698 375.698820
 11.060000 3.022848 0.874235 372.688292
 11.080000 2.930932 0.861802 368.988327
 11.100000 3.047765 1.017550 375.316914
 11.120000 -3.097071 0.971258 381.169328
 11.140000 3.125304 1.024673 378.457693
 11.160000 3.097957 0.932945 376.346890
 11.180000 3.083002 0.918967 375.589996
 11.200000 3.110187 0.808666 375.435244
 11.220000 -2.998396 0.905455 386.382515
 11.240000 -2.970622 0.700604 385.836992
 11.260000 -2.978713 0.651351 384.782782
 11.280000 -2.970976 0.587714 385.297973
 11.300000 -3.030472 0.435897 382.847943
 11.320000 -3.049735 0.306888 382.737578
 11.340000 -3.045085 0.196729 383.960397
 11.360000 -3.055324 0.339436 382.135954
 11.380000 -2.995691 0.122464 387.463552
 11.400000 -3.121126 0.286314 378.733280
 11.420000 -3.031855 0.193573 384.755838
 11.440000 -2.987342 0.292422 386.549381
 11.460000 -2.971224 0.390338 386.759152
 11.480000 -2.891539 0.242136 392.612676
 11.500000 -2.992832 0.393422 385.436783
 11.520000 3.133741 0.426741 375.984749
 11.540000 3.089024 0.368940 374.709945
 11.560000 2.985317 0.545670 369.124516
 11.580000 3.050626 0.528146 371.817643
 11.600000 3.109636 0.688096 374.055145
 11.620000 3.071386 0.757242 373.285995
 11.640000 3.122517 0.768989 375.488952
 11.660000 -3.077727 0.758711 379.993186
 11.680000 -3.038103 0.827547 383.151398
 11.700000 -2.897469 0.799529 391.375198
 11.720000 -2.838963 0.736854 394.253233
 11.740000 -2.812462 0.753614 396.038772
 11.760000 -2.720007 0.817976 402.230143
 11.780000 -2.754924 0.679756 398.704125
 11.800000 -2.856227 0.681307 392.586847
 11.820000 -2.921525 0.733313 389.193694
 11.840000 -3.021692 0.612746 382.026844
 11.860000 -3.124533 0.565301 376.197495
 11.880000 2.987662 0.602969 368.749972
 11.900000 2.965026 0.349033 370.154216
 11.920000 2.904056 0.628737 365.388433
 11.940000 3.064735 0.476556 372.805902
 11.960000 3.130620 0.579596 374.619993
 11.980000 -3.095805 0.521221 378.261175
 12.000000 -3.052893 0.628204 380.019386
 12.020000 3.112208 0.500942 374.500511
 12.040000 3.064719 0.603871 371.771460
 12.060000 3.022104 0.523429 370.735575
 12.080000 3.097453 0.615448 372.995285
 12.100000 3.132175 0.693899 375.038680
 12.120000 -3.014438 0.693548 383.092499
 12.140000 -3.025384 0.655901 381.999558
 12.160000 -3.061566 0.523763 380.297912
 12.180000 -2.902505 0.646728 389.371705
 12.200000 -2.960996 0.553313 386.164249
 12.220000 -2.854162 0.617045 392.189181
 12.240000 -2.772655 0.594490 397.308045
 12.260000 -2.863251 0.599093 391.773623
 12.280000 -2.830107 0.787192 395.326056
 12.300000 -2.843879 0.615004 392.830577
 12.320000 -3.028583 0.687854 382.169368
 12.340000 -3.049523 0.570455 380.666020
 12.360000 3.114580 0.558645 374.133343
 12.380000 2.887345 0.571096 365.236389
 12.400000 3.054507 0.526391 371.985616
 12.420000 2.977135 0.568002 368.626302
 12.440000 3.035550 0.566705 370.909282
 12.460000 -3.104095 0.534375 377.661753
 12.480000 -3.136839 0.516563 375.847830
 12.500000 -3.112342 0.607526 376.599678
 12.520000 -3.074018 0.470407 379.965384
 12.540000 -3.095864 0.451134 378.813262
 12.560000 -3.131899 0.515022 376.154139
 12.580000 -3.009371 0.507455 383.573187
 12.600000 3.112065 0.646016 373.683693
 12.620000 -2.971503 0.668639 385.419862
 12.640000 -3.019353 0.710074 382.980998
 12.660000 -3.019653 0.823529 384.223159
 12.680000 -3.121093 0.851231 378.418606
 12.700000 -3.083515 0.886078 381.057007
 12.720000 3.125714 0.860549 376.651006
 12.740000 -2.960131 1.003672 389.656461
 12.760000 -3.010960 0.960298 386.194533
 12.780000 -3.060779 1.087808 384.511367
 12.800000 -2.824464 0.998701 397.656499
 12.820000 -3.060293 1.185408 385.446693
 12.840000 -3.002172 1.053784 387.637895
 12.860000 -3.138307 1.009277 379.134109
 12.880000 2.996704 0.887633 371.819035
 12.900000 2.833350 0.836070 365.083298
 12.920000 2.999051 0.803254 370.937688
 12.940000 2.980901 0.729297 369.394294
 12.960000 -3.037059 0.671817 381.473228
 12.980000 -2.843076 0.616722 392.866081
 13.000000 -2.916206 0.576285 388.719477
 13.020000 -2.731788 0.422367 400.969137
 13.040000 -2.893523 0.399626 391.377624
 13.060000 -2.910586 0.289861 391.136830
 13.080000 -3.025879 0.432254 383.152145
 13.100000 -2.986042 0.225863 387.159286
 13.120000 3.045759 0.317680 373.512944
 13.140000 -3.077957 0.382668 380.436337
 13.160000 3.004384 0.569093 369.670006
 13.180000 3.081085 0.440201 373.764563
 13.200000 3.109172 0.508487 374.316709
 13.220000 3.050183 0.451427 372.448082
 13.240000 -3.118530 0.562684 376.576853
 13.260000 -3.128061 0.586528 375.821363
 13.280000 -3.125412 0.526661 376.448378
 13.300000 -3.090570 0.667762 378.193442
 13.320000 -3.002224 0.737837 384.333355
 13.340000 3.113120 0.772531 375.146330
 13.360000 -3.138128 0.771946 376.508982
 13.380000 3.003363 0.739483 370.384306
 13.400000 3.009036 0.765516 370.900305
 13.420000 -3.125049 0.653278 375.958377
 13.440000 -3.131352 0.817423 377.425834
 13.460000 -2.993501 0.785679 385.393785
 13.480000 -2.830004 0.796683 395.430883
 13.500000 -2.789593 0.857952 398.470034
 13.520000 -2.926090 0.649078 387.961532
 13.540000 -2.892561 0.708567 390.681970
 13.560000 -2.989715 0.603814 384.036131
 13.580000 -2.999794 0.569958 383.681252
 13.600000 -3.072406 0.612773 378.960337
 13.620000 -3.132526 0.533786 375.967914
 13.640000 3.081942 0.533803 373.017541
 13.660000 3.098522 0.634936 373.011935
 13.680000 -3.084289 0.631570 378.161597
 13.700000 -3.023744 0.591575 382.064396
 13.720000 -3.064986 0.677423 379.846653
 13.740000 -3.129999 0.511946 376.291818
 13.760000 3.091444 0.545577 373.303882
 13.780000 -3.115500 0.430542 377.813347
 13.800000 -3.107975 0.585729 377.030042
 13.820000 -3.013567 0.442493 383.813857
 13.840000 -3.033581 0.646952 381.400304
 13.860000 -3.086079 0.513836 378.901917
 13.880000 -3.121281 0.660098 376.260988
 13.900000 3.128481 0.524334 374.969973
 13.920000 3.133222 0.616159 374.441379
 13.940000 3.141482 0.498799 375.703287
 13.960000 -3.068183 0.745122 380.417189
 13.980000 -3.073205 0.544053 379.440875
 14.000000 -2.949315 0.646418 386.515682
 14.020000 -2.934414 0.747937 388.570710
 14.040000 -2.924416 0.708953 388.745704
 14.060000 -3.042386 0.698103 381.448644
 14.080000 -3.095495 0.658480 377.791938
 14.100000 -3.130649 0.673549 375.850747
 14.120000 3.081274 0.752191 373.627032
 14.140000 3.050713 0.611393 371.154896
 14.160000 3.064977 0.747245 372.915836
 14.180000 3.136369 0.708324 375.372174
 14.200000 -3.110103 0.663464 376.969829
 14.220000 -3.076338 0.611706 378.731587
 14.240000 -3.086279 0.593492 378.273230
 14.260000 -3.035732 0.495435 382.072370
 14.280000 -2.962151 0.528493 386.279307
 14.300000 -2.894787 0.519613 390.442857
 14.320000 -2.933150 0.609113 387.438206
 14.340000 -3.000604 0.477701 384.328340
 14.360000 -3.106721 0.720843 377.819940
 14.380000 -3.111455 0.621556 376.544495
 14.400000 3.028030 0.681452 370.708699
 14.420000 3.054153 0.698648 371.937503
 14.440000 2.993550 0.732985 369.927708
 14.460000 -3.135804 0.640545 375.171686
 14.480000 -3.098225 0.802223 379.244621
 14.500000 -2.963518 0.640938 385.587469
 14.520000 -2.866665 0.801861 393.267234
 14.540000 -2.912255 0.726025 389.677259
 14.560000 -2.718063 0.508921 401.216607
 14.580000 -2.907776 0.708710 389.756761
 14.600000 -2.836409 0.468071 394.357534
 14.620000 -3.037495 0.408961 382.637378
 14.640000 -3.023452 0.384932 383.667044
 14.660000 3.141244 0.456873 376.035853
 14.680000 -3.106306 0.403963 378.578619
 14.700000 2.942282 0.307508 369.752861
 14.720000 3.055615 0.451148 372.663894
 14.740000 -3.075622 0.405143 380.391332
 14.760000 -3.108163 0.588678 376.995965
 14.780000 -2.794283 0.428713 397.173427
 14.800000 -3.062063 0.697462 380.250247
 14.820000 -3.006294 0.525963 383.619627
 14.840000 -3.018767 0.720872 383.138213
 14.860000 3.111107 0.562458 373.962547
 14.880000 3.006536 0.712471 370.206740
 14.900000 3.104861 0.698151 373.973910
 14.920000 3.013329 0.683427 370.151396
 14.940000 3.088509 0.875648 375.318566
 14.960000 -3.016793 0.720710 383.256281
 14.980000 3.133058 0.905261 377.450248
 15.000000 -2.743615 0.765363 400.302898
 15.020000 -2.797641 0.914356 398.513725
 15.040000 -2.880718 0.792257 392.314342
 15.060000 -2.799581 0.867630 397.965283
 15.080000 -2.817149 0.759828 395.821485
 15.100000 -2.900503 0.902339 392.245029
 15.120000 -2.833387 0.659254 393.723912
 15.140000 -3.069238 0.692899 379.764900
 15.160000 2.902949 0.736035 366.501380
 15.180000 3.113185 0.629729 373.547758
 15.200000 3.003669 0.700816 369.964960
 15.220000 3.115983 0.632233 373.689209
 15.240000 -3.009585 0.656122 382.960873
 15.260000 3.125282 0.628680 374.027642
 15.280000 -3.057185 0.452890 381.112013
 15.300000 -3.067092 0.384496 381.067070
 15.320000 -3.071077 0.411545 380.610286
 15.340000 -3.121516 0.260623 378.947658
 15.360000 -2.957383 0.271435 388.490828
 15.380000 3.117589 0.260510 376.849950
 15.400000 -3.029199 0.439978 382.892794
 15.420000 -3.058541 0.281730 382.432393
 15.440000 3.085544 0.291856 375.299622
 15.460000 -2.985578 0.368511 386.062902
 15.480000 3.135658 0.427526 376.055334
 15.500000 -3.082950 0.434671 379.715886
 15.520000 -3.098447 0.314647 379.804423
 15.540000 -3.082808 0.572309 378.645244
 15.560000 -3.051699 0.554654 380.655535
 15.580000 -2.871905 0.698734 391.829423
 15.600000 -2.994320 0.723206 384.649823
 15.620000 -2.921752 0.940045 391.338099
 15.640000 -2.840846 0.786689 394.671402
 15.660000 -3.133157 0.909237 378.342898
 15.680000 -3.039620 0.826668 383.050088
 15.700000 3.035142 0.891710 373.374868
 15.720000 3.073226 0.954639 375.605607
 15.740000 3.110646 0.819026 375.570957
 15.760000 -3.102710 0.979790 380.925404
 15.780000 3.054164 0.982963 375.174034
 15.800000 -3.013074 0.931955 385.776103
 15.820000 -3.084255 0.970528 381.924427
 15.840000 -2.974007 1.063275 389.388960
 15.860000 -2.868433 0.963947 394.749098
 15.880000 -3.113406 0.974103 380.228864
 15.900000 -3.057935 0.819233 381.862085
 15.920000 3.016380 0.747469 370.985636
 15.940000 2.994589 0.786974 370.577652
 15.960000 -3.131790 0.568925 375.735706
 15.980000 -3.028909 0.638726 381.589237
 16.000000 -3.098191 0.591710 377.570966
 16.020000 -2.926114 0.457089 388.992671
 16.040000 -3.097207 0.532065 378.092463
 16.060000 -3.024982 0.481091 382.830542
 16.080000 -2.946692 0.423477 387.992172
 16.100000 -3.035245 0.481209 382.210954
 16.120000 -2.985701 0.392490 385.872367
 16.140000 -3.111954 0.335278 378.831389
 16.160000 3.033838 0.358873 372.656282
 16.180000 3.077255 0.246785 375.429213
 16.200000 -3.091654 0.491165 378.745850
 16.220000 3.113205 0.283589 376.456201
 16.240000 -2.993370 0.511205 384.513819
 16.260000 -3.134114 0.378390 377.154602
 16.280000 3.132979 0.622753 374.380345
 16.300000 -3.013379 0.520854 383.229243
 16.320000 -3.139677 0.638660 374.919069
 16.340000 -3.075808 0.769489 380.229745
 16.360000 -3.080642 0.569334 378.798507
 16.380000 3.071268 0.721428 372.878064
 16.400000 3.129880 0.588330 374.521623
 16.420000 -3.141233 0.693745 375.443809
 16.440000 3.111678 0.504147 374.453031
 16.460000 -2.984519 0.747640 385.518877
 16.480000 -2.896684 0.464870 390.722348
 16.500000 -2.959850 0.607800 385.822159
 16.520000 -2.862293 0.569133 392.057506
 16.540000 -2.803054 0.556724 395.749904
 16.560000 -2.892663 0.639781 389.890840
 16.580000 -2.731328 0.585706 399.864810
 16.600000 -2.923638 0.633779 387.933515
 16.620000 -2.971274 0.516716 385.812873
 16.640000 -3.098401 0.580231 377.647035
 16.660000 3.047653 0.515951 371.800752
 16.680000 3.012386 0.592571 369.793376
 16.700000 3.009272 0.692660 370.094208
 16.720000 3.074599 0.675609 372.499852
 16.740000 3.103709 0.708449 374.042624
 16.760000 -2.991600 0.669590 384.207916
 16.780000 3.088100 0.726244 373.610444
 16.800000 -2.960463 0.615789 385.723675
 16.820000 3.079816 0.587406 372.504893
 16.840000 -3.075571 0.616557 378.740480
 16.860000 -3.052177 0.607692 380.220442
 16.880000 -3.121875 0.682991 376.483035
 16.900000 -3.088822 0.562343 378.360609
 16.920000 -3.106952 0.577872 377.152243
 16.940000 -3.023164 0.585354 382.146988
 16.960000 -3.122274 0.568951 376.304075
 16.980000 -3.026845 0.516049 382.451371
 17.000000 3.103501 0.581428 373.505461
 17.020000 -2.964662 0.603407 385.562844
 17.040000 -3.042289 0.643323 380.831468
 17.060000 -2.907466 0.625675 388.875725
 17.080000 -3.067605 0.830206 381.399864
 17.100000 -3.132604 0.614034 375.336437
 17.120000 3.122853 0.658393 374.260531
 17.140000 2.969710 0.678840 368.404425
 17.160000 3.093118 0.594581 372.983301
 17.180000 2.933539 0.629447 366.496313
 17.200000 -3.102514 0.512191 377.930403
 17.220000 -3.115789 0.716452 377.225179
 17.240000 -2.903781 0.723925 390.169993
 17.260000 -3.011738 0.635853 382.597536
 17.280000 -3.046946 0.626247 380.393980
 17.300000 -3.067397 0.596702 379.385934
 17.320000 3.063522 0.581509 371.899934
 17.340000 -3.089318 0.559925 378.349507
 17.360000 3.127391 0.667904 374.551944
 17.380000 -2.985118 0.692773 384.866098
 17.400000 -2.974997 0.694475 385.501295
 17.420000 -2.911592 0.571948 389.033109
 17.440000 -2.971264 0.701668 385.809919
 17.460000 -2.892620 0.529648 390.501595
 17.480000 -3.049321 0.616971 380.321772
 17.500000 -3.081555 0.573868 378.708621
 17.520000 -3.123090 0.540077 376.481209
 17.540000 3.059256 0.641927 371.512458
 17.560000 -3.062374 0.724525 380.536803
 17.580000 3.118621 0.669284 374.209998
 17.600000 -3.081938 0.756202 379.710920
 17.620000 3.103554 0.680252 373.720502
 17.640000 3.122597 0.536831 374.631480
 17.660000 2.972920 0.513561 368.920278
 17.680000 3.121529 0.553575 374.455178
 17.700000 -3.081365 0.485454 379.406852
 17.720000 -3.016804 0.621610 382.255129
 17.740000 -2.913462 0.676149 389.041989
 17.760000 -2.938986 0.656023 387.255744
 17.780000 -2.959388 0.682209 386.312441
 17.800000 -3.082212 0.872242 380.983611
 17.820000 -3.117395 0.548345 376.756715
 17.840000 3.009203 0.733025 370.541024
 17.860000 -3.094240 0.685020 378.167433
 17.880000 3.118618 0.739655 374.999637
 17.900000 -3.059168 0.860138 382.237069
 17.920000 -3.125051 0.740760 376.942464
 17.940000 3.136618 0.909749 377.644464
 17.960000 -3.003148 0.760010 384.524406
 17.980000 -3.108807 0.720229 377.687500
 18.000000 3.140692 0.642818 374.814377
 18.020000 3.092039 0.597991 372.913137
 18.040000 3.135999 0.742251 375.738451
 18.060000 -3.036323 0.757092 382.479386
 18.080000 -2.855477 0.849141 394.427900
 18.100000 -2.952303 0.922222 389.327783
 18.120000 -2.902944 0.808831 391.141516
 18.140000 -2.943453 0.771912 388.283997
 18.160000 3.076890 0.778133 373.743572
 18.180000 3.105453 0.590140 373.516053
 18.200000 2.990492 0.695969 369.397014
 18.220000 -3.136732 0.666156 375.403474
 18.240000 -2.924850 0.724780 388.896296
 18.260000 -2.910725 0.757749 390.119948
 18.280000 -2.968201 0.679230 385.741824
 18.300000 -2.900437 0.654843 389.591518
 18.320000 -3.131153 0.586738 375.634943
 18.340000 3.114384 0.405524 375.390318
 18.360000 3.058031 0.494997 372.385327
 18.380000 2.915532 0.366733 368.161586
 18.400000 -3.125532 0.509943 376.573850
 18.420000 -3.067645 0.427358 380.688093
 18.440000 -2.976523 0.559350 385.174863
 18.460000 -2.895128 0.433183 391.042643
 18.480000 -3.007505 0.437354 384.218288
 18.500000 -2.993253 0.258191 386.472928
 18.520000 -3.076262 0.444409 380.037136
 18.540000 3.134472 0.314638 377.001649
 18.560000 3.099247 0.356419 375.226867
 18.580000 -3.009219 0.537440 383.355653
 18.600000 -3.078686 0.717435 379.471283
 18.620000 -2.900209 0.726675 390.417976
 18.640000 -3.127118 0.707463 376.443802
 18.660000 3.081636 0.692421 372.970480
 18.680000 3.127586 0.647967 374.336859
 18.700000 3.117672 0.679270 374.283117
 18.720000 -3.131735 0.626343 375.293066
 18.740000 -2.925275 0.650066 388.022571
 18.760000 -2.944633 0.781614 388.317993
 18.780000 -2.850360 0.678891 392.916292
 18.800000 -2.866412 0.666977 391.803706
 18.820000 -3.055096 0.725589 380.989115
 18.840000 -3.000502 0.463566 384.441370
 18.860000 -3.137871 0.639023 375.031027
 18.880000 3.127233 0.552695 374.693747
 18.900000 3.036437 0.565379 370.954892
 18.920000 3.130310 0.615911 374.324554
 18.940000 -3.048695 0.680909 380.871678
 18.960000 -2.861930 0.743395 392.930137
 18.980000 -2.886921 0.643257 390.281061
 19.000000 -3.068547 0.718104 380.091262
 19.020000 3.092254 0.473215 373.928509
 19.040000 2.929090 0.564843 366.831616
 19.060000 3.032784 0.525648 371.135297
 19.080000 -3.123789 0.614121 375.863000
 19.100000 -3.093665 0.663564 377.959607
 19.120000 -2.987245 0.745702 385.331588
 19.140000 -2.974733 0.618545 384.834206
 19.160000 -2.985698 0.678910 384.673207
 19.180000 -3.008897 0.634464 382.754014
 19.200000 -3.049967 0.475021 381.372717
 19.220000 -3.062780 0.480057 380.563716
 19.240000 -3.006744 0.606421 382.981962
 19.260000 -3.014482 0.522307 383.151515
 19.280000 -2.986264 0.626659 384.070627
 19.300000 -2.917751 0.683456 388.863805
 19.320000 -2.951607 0.673122 386.682792
 19.340000 -3.014481 0.623866 382.378634
 19.360000 3.086589 0.548896 373.082321
 19.380000 2.966153 0.564636 368.233645
 19.400000 2.943370 0.333425 369.518021
 19.420000 2.919946 0.626055 365.992781
 19.440000 3.062190 0.447722 372.952458
 19.460000 -3.103491 0.644817 377.156625
 19.480000 -2.928501 0.599326 387.796112
 19.500000 -3.020494 0.699197 382.788745
 19.520000 -2.960364 0.490996 386.666206
 19.540000 -3.136359 0.540347 375.687625
 19.560000 3.140643 0.455183 376.025498
 19.580000 -3.125246 0.524754 376.473394
 19.600000 3.129215 0.531389 374.943411
 19.620000 -3.112831 0.557893 376.955226
 19.640000 -3.096928 0.690140 378.063353
 19.660000 -3.035962 0.748433 382.404474
 19.680000 -3.102816 0.878713 379.818694
 19.700000 -3.018582 0.712382 383.053811
 19.720000 -3.126075 0.846007 378.061982
 19.740000 -3.097887 0.755831 378.745245
 19.760000 3.094259 0.697786 373.540212
 19.780000 -3.099361 0.786659 379.002201
 19.800000 -3.098289 0.741284 378.557564
 19.820000 -3.015995 0.745654 383.584495
 19.840000 -3.023679 0.778454 383.483404
 19.860000 3.083561 0.655343 372.635017
 19.880000 3.072345 0.475358 373.117611
 19.900000 3.004496 0.476782 370.449294
 19.920000 -3.138908 0.380715 376.852751
 19.940000 -3.087778 0.469819 379.146641
 19.960000 -2.938039 0.416289 388.567811
 19.980000 -3.011295 0.449306 383.898632
 20.000000 -3.016187 0.418866 383.838050
