#! FIELDS time phi psi metad.bias
#! SET min_phi -pi
#! SET max_phi pi
#! SET min_psi -pi
#! SET max_psi pi
 0.000000 3.141580 -3.141577 421.902403
 0.020000 -3.141132 1.863447 379.687210
 0.040000 3.134857 1.859254 379.249170
 0.060000 3.140494 1.849492 379.275417
 0.080000 3.125023 1.771595 376.675193
 0.100000 3.126289 1.785141 377.065205
 0.120000 3.111780 1.713852 374.620250
 0.140000 3.088757 1.697986 373.103097
 0.160000 3.090318 1.633304 371.556779
 0.180000 3.094675 1.628141 371.644558
 0.200000 3.111993 1.532713 370.144994
 0.220000 3.117713 1.393416 367.028878
 0.240000 3.039004 1.301735 360.641284
 0.260000 3.141480 1.148824 365.143403
 0.280000 -3.126603 1.081757 366.361512
 0.300000 -3.096442 0.925416 368.907363
 0.320000 -3.104693 0.892003 368.406745
 0.340000 3.132206 0.780749 365.657965
 0.360000 -3.098200 0.743979 369.360520
 0.380000 -3.129300 0.627953 367.669676
 0.400000 -3.132564 0.615888 367.712035
 0.420000 3.052681 0.518229 364.939605
 0.440000 3.073797 0.465616 367.231090
 0.460000 3.012921 0.452424 364.617018
 0.480000 3.112348 0.497651 368.343801
 0.500000 3.088941 0.571548 365.471846
 0.520000 -3.108398 0.682720 368.882138
 0.540000 3.133686 0.711677 366.025343
 0.560000 3.124659 0.863923 364.953181
 0.580000 -3.096921 0.883067 368.991165
 0.600000 3.064323 0.920700 361.578356
 0.620000 3.033988 1.015342 359.681251
 0.640000 2.984855 1.109933 356.842427
 0.660000 3.028643 1.209228 359.037786
 0.680000 3.089124 1.312816 363.569969
 0.700000 -3.067458 1.495155 375.984679
 0.720000 3.108723 1.503104 369.247916
 0.740000 -3.084535 1.574057 376.651789
 0.760000 3.132285 1.628041 373.509825
 0.780000 -3.109242 1.793221 380.150779
 0.800000 -3.082967 1.736251 380.579828
 0.820000 -3.068206 1.914187 385.978940
 0.840000 -3.057472 1.915914 386.725329
 0.860000 -3.111285 1.998029 386.193936
 0.880000 3.099019 2.013098 382.956424
 0.900000 2.997855 1.944327 375.836443
 0.920000 3.129236 2.066761 386.181875
 0.940000 3.010071 1.862840 373.535153
 0.960000 3.005836 1.954151 376.579488
 0.980000 2.848140 1.751441 362.732030
 1.000000 2.864907 1.831493 365.802714
 1.020000 2.837162 1.672492 359.959002
 1.040000 2.904067 1.649457 362.645980
 1.060000 2.948679 1.604467 363.675498
 1.080000 2.990609 1.577149 365.084520
 1.100000 2.986450 1.479576 362.338044
 1.120000 3.013056 1.376832 361.124878
 1.140000 3.138034 1.442295 369.267990
 1.160000 -3.118254 1.206699 366.763780
 1.180000 -3.026423 1.263398 373.475398
 1.200000 -2.988154 1.003409 376.494694
 1.220000 -3.095862 0.949860 368.885718
 1.240000 -3.069818 0.787399 371.216957
 1.260000 -3.094283 0.664198 369.941504
 1.280000 3.123092 0.590640 366.732939
 1.300000 -3.094788 0.534983 372.097583
 1.320000 3.129262 0.466849 369.879354
 1.340000 3.079885 0.484092 367.084304
 1.360000 3.093331 0.405112 369.618943
 1.380000 -3.115319 0.596418 369.335374
 1.400000 -3.115907 0.532338 370.721806
 1.420000 -3.136898 0.610039 367.542833
 1.440000 3.049015 0.715591 361.664132
 1.460000 2.915186 0.677034 355.078726
 1.480000 2.913717 0.710761 354.773918
 1.500000 2.861359 0.907004 350.958581
 1.520000 2.968383 0.991285 356.256610
 1.540000 2.875078 1.184548 350.887974
 1.560000 2.944205 1.260739 354.586697
 1.580000 2.938581 1.417933 358.253747
 1.600000 3.001346 1.508232 363.847399
 1.620000 -3.138041 1.519759 371.582714
 1.640000 -3.127502 1.644445 375.348740
 1.660000 -3.003145 1.737472 385.928052
 1.680000 -3.083350 1.724251 380.273723
 1.700000 -3.018364 1.867200 387.756558
 1.720000 -3.055489 1.917141 386.894722
 1.740000 -3.061204 1.866593 384.989162
 1.760000 3.071623 1.890168 377.161168
 1.780000 3.049934 1.872503 375.647551
 1.800000 3.013603 1.905234 375.054748
 1.820000 3.042274 1.926453 377.188206
 1.840000 -3.129948 1.996798 384.965680
 1.860000 -3.130751 1.940408 382.891717
 1.880000 3.130186 2.018419 384.503630
 1.900000 -3.124564 1.934727 383.086566
 1.920000 -3.113755 1.760724 379.080094
 1.940000 -3.108741 1.651917 376.826965
 1.960000 -3.004374 1.522936 381.025354
 1.980000 3.118178 1.396191 367.120476
 2.000000 3.092002 1.143369 362.517184
 2.020000 2.966996 1.056632 356.002945
 2.040000 2.962064 0.838331 356.530294
 2.060000 3.057403 0.670825 362.333198
 2.080000 -3.092105 0.526650 372.463303
 2.100000 -3.047195 0.608183 373.759756
 2.120000 -2.864623 0.307697 391.677190
 2.140000 -2.836843 0.418129 391.388982
 2.160000 -2.942525 0.286476 387.262881
 2.180000 -2.906732 0.359073 388.088620
 2.200000 -3.072068 0.234043 380.282209
 2.220000 -3.114833 0.425390 373.207420
 2.240000 -3.132962 0.566235 368.796692
 2.260000 3.104441 0.605899 365.453194
 2.280000 3.060228 0.758008 362.029369
 2.300000 2.965236 0.869037 356.553131
 2.320000 2.942959 0.999232 354.883326
 2.340000 3.110656 1.066356 363.653316
 2.360000 -3.027477 1.243177 373.264915
 2.380000 -3.106186 1.257495 367.589748
 2.400000 -3.025582 1.470026 378.336602
 2.420000 -3.099765 1.311154 369.327020
 2.440000 3.109312 1.424122 367.339592
 2.460000 3.083280 1.355689 364.304958
 2.480000 3.084090 1.396875 365.356367
 2.500000 3.020877 1.246241 358.583318
 2.520000 3.072411 1.320197 362.864883
 2.540000 3.128302 1.448469 368.916278
 2.560000 3.060470 1.413725 364.535811
 2.580000 -3.061940 1.398024 374.091429
 2.600000 3.136601 1.392146 367.981498
 2.620000 -2.976574 1.433663 380.920718
 2.640000 -3.031043 1.216416 373.054224
 2.660000 2.998529 1.223719 357.411798
 2.680000 2.911222 0.908284 353.549742
 2.700000 2.935536 1.111526 354.208324
 2.720000 2.999473 0.877959 358.313341
 2.740000 3.078194 0.954465 362.206336
 2.760000 -3.101837 0.828779 368.806947
 2.780000 3.103899 0.921900 363.668126
 2.800000 -3.017911 0.848667 374.716711
 2.820000 -3.052179 0.764218 372.534949
 2.840000 -3.053720 0.615013 373.167209
 2.860000 3.127853 0.651865 366.004644
 2.880000 3.099619 0.616715 364.963895
 2.900000 3.035337 0.576136 362.696255
 2.920000 3.083449 0.702251 363.498648
 2.940000 -3.094352 0.717454 369.730280
 2.960000 -3.098968 0.824956 369.024206
 2.980000 -3.058873 0.841076 371.831321
 3.000000 3.135701 0.809628 365.726783
 3.020000 3.061920 0.832964 361.781538
 3.040000 3.138316 0.896805 365.560990
 3.060000 -3.037130 0.967147 373.069944
 3.080000 -3.029370 1.146362 373.290723
 3.100000 -2.903742 1.262376 382.098775
 3.120000 -3.123789 1.422250 370.246071
 3.140000 3.086908 1.465330 367.191551
 3.160000 2.964037 1.435131 360.027273
 3.180000 2.896960 1.502863 358.318646
 3.200000 2.856910 1.477886 355.591979
 3.220000 2.843714 1.402060 352.900287
 3.240000 2.735944 1.493061 349.878057
 3.260000 2.719469 1.419631 347.039285
 3.280000 2.905004 1.550293 360.000798
 3.300000 2.874373 1.427588 355.159125
 3.320000 -3.105408 1.496515 373.337438
 3.340000 -3.093529 1.242406 368.507537
 3.360000 3.135756 1.243073 364.703792
 3.380000 3.120658 1.125379 364.075218
 3.400000 3.123321 0.917755 364.706346
 3.420000 3.103480 0.881497 363.779747
 3.440000 -3.038190 0.732897 373.613497
 3.460000 -2.962412 0.640758 379.094316
 3.480000 -3.100176 0.555334 371.281754
 3.500000 -3.088423 0.450624 374.394164
 3.520000 -3.126278 0.307511 375.172389
 3.540000 3.082166 0.494025 366.959113
 3.560000 3.140202 0.404767 371.844548
 3.580000 3.118331 0.498023 368.626366
 3.600000 3.080848 0.621743 363.904867
 3.620000 -3.108655 0.707125 368.765743
 3.640000 3.060799 0.860675 361.610832
 3.660000 3.053594 0.792072 361.525089
 3.680000 2.949481 0.949193 355.397556
 3.700000 2.856146 0.926219 350.600804
 3.720000 2.838353 1.103142 349.092640
 3.740000 2.841916 1.041334 349.435732
 3.760000 2.898925 1.233601 352.099514
 3.780000 -3.140966 1.323413 366.635570
 3.800000 -3.058179 1.561430 378.188380
 3.820000 3.112152 1.504830 369.465939
 3.840000 -2.997881 1.652347 384.390242
 3.860000 3.125008 1.742532 375.963865
 3.880000 -3.016924 1.663914 383.369394
 3.900000 -3.023611 1.738147 384.590354
 3.920000 3.133373 1.706516 375.485097
 3.940000 3.141540 1.816134 378.527718
 3.960000 3.069863 1.822723 375.329859
 3.980000 3.020948 1.830476 373.211275
 4.000000 3.116547 1.835886 377.842368
 4.020000 -2.999648 1.954215 391.675036
 4.040000 3.094888 1.961747 380.891637
 4.060000 -2.955538 1.856642 391.512976
 4.080000 3.060676 1.790353 374.076314
 4.100000 3.107337 1.732687 374.871872
 4.120000 3.136280 1.673949 374.830201
 4.140000 3.072488 1.585069 369.447942
 4.160000 3.022782 1.428953 362.943661
 4.180000 2.991517 1.338438 359.027850
 4.200000 3.004550 1.164477 357.806396
 4.220000 2.918016 1.154343 353.203397
 4.240000 -3.061975 0.900238 371.448945
 4.260000 3.122343 0.933760 364.606341
 4.280000 -3.057524 0.954146 371.635962
 4.300000 -2.980179 0.752365 377.602686
 4.320000 -3.008640 0.813581 375.459495
 4.340000 -2.873677 0.628494 385.084376
 4.360000 -2.971214 0.662467 378.442055
 4.380000 -3.050560 0.484708 376.172126
 4.400000 3.113769 0.650665 365.298721
 4.420000 -3.062288 0.620372 372.464129
 4.440000 3.039274 0.638113 361.599996
 4.460000 -3.058744 0.764712 372.071203
 4.480000 3.074941 0.868969 362.323004
 4.500000 2.977867 0.787654 357.608898
 4.520000 3.045290 0.961908 360.435748
 4.540000 2.937843 0.960339 354.742728
 4.560000 2.966662 0.909523 356.456170
 4.580000 3.066347 1.162608 361.116413
 4.600000 3.040716 1.162637 359.744933
 4.620000 2.983534 1.214171 356.620631
 4.640000 -3.125596 1.295086 367.074753
 4.660000 3.096250 1.282344 363.210468
 4.680000 3.122555 1.279367 364.531928
 4.700000 -3.060875 1.305757 371.999761
 4.720000 3.054039 1.273038 360.741204
 4.740000 -3.135077 1.315152 366.865383
 4.760000 3.126067 1.312119 365.503303
 4.780000 -3.116115 1.412064 370.552564
 4.800000 -3.092181 1.253331 368.589133
 4.820000 3.057354 1.323448 362.146801
 4.840000 3.010738 1.333693 359.928291
 4.860000 3.089735 1.253512 362.248268
 4.880000 3.137854 1.329490 366.539678
 4.900000 -3.083016 1.179820 369.364205
 4.920000 -3.052787 1.255754 371.427910
 4.940000 3.026813 1.087766 359.129821
 4.960000 3.060207 1.091483 360.909066
 4.980000 3.074280 0.991664 361.892114
 5.000000 3.113379 0.954068 364.073139
 5.020000 3.066662 0.928374 361.676714
 5.040000 3.061656 0.862179 361.650021
 5.060000 2.975828 0.794950 357.464921
 5.080000 -3.135761 0.906179 366.125370
 5.100000 -3.140287 0.695640 366.591448
 5.120000 -3.056789 0.817626 372.047255
 5.140000 -2.973460 0.673083 378.262202
 5.160000 -3.133771 0.660427 367.204879
 5.180000 -3.080972 0.629422 371.001541
 5.200000 -3.101537 0.643166 369.522859
 5.220000 -3.013670 0.720442 375.360040
 5.240000 -3.080916 0.745261 370.574352
 5.260000 -3.126767 0.788645 367.169311
 5.280000 3.133329 0.922590 365.219259
 5.300000 -3.075101 0.911487 370.478836
 5.320000 -3.055109 0.984164 371.742194
 5.340000 3.052066 1.137859 360.390669
 5.360000 2.968153 1.043496 356.097169
 5.380000 2.885724 1.251107 351.388720
 5.400000 3.021020 1.254783 358.582823
 5.420000 3.022704 1.478094 364.182699
 5.440000 3.041435 1.436026 364.096593
 5.460000 2.882982 1.321196 352.862162
 5.480000 2.718972 1.258766 342.796658
 5.500000 2.819870 1.351044 350.335325
 5.520000 2.900973 1.184098 352.258193
 5.540000 3.030058 1.249134 359.070755
 5.560000 3.139427 1.231510 364.913451
 5.580000 3.124739 1.223688 364.145354
 5.600000 -3.114292 1.223659 367.027622
 5.620000 -3.005822 1.092739 375.071418
 5.640000 -3.043091 1.019115 372.533839
 5.660000 -3.105243 1.019618 368.042451
 5.680000 -3.054021 0.852633 372.144112
 5.700000 3.038386 0.838092 360.526378
 5.720000 3.056941 0.817058 361.588436
 5.740000 3.125870 0.921039 364.830718
 5.760000 3.070686 0.972626 361.754073
 5.780000 -3.078727 0.868532 370.336812
 5.800000 -3.077718 1.008015 370.060566
 5.820000 3.041654 1.025418 360.064401
 5.840000 3.076110 0.978676 362.025274
 5.860000 -3.140682 1.020146 365.464779
 5.880000 3.106120 1.188483 363.202853
 5.900000 -2.972938 1.224606 377.182547
 5.920000 3.125233 1.206606 364.194543
 5.940000 3.092656 1.260374 362.490088
 5.960000 3.124678 1.298148 365.094595
 5.980000 2.966319 1.311678 357.025085
 6.000000 3.041425 1.283718 360.329613
 6.020000 3.019933 1.221542 358.558151
 6.040000 2.872838 1.319875 352.296181
 6.060000 2.994028 1.386027 360.352727
 6.080000 3.063622 1.242980 360.868671
 6.100000 2.951372 1.349080 357.171420
 6.120000 3.104378 1.253486 363.026815
 6.140000 3.104297 1.241621 363.036718
 6.160000 2.948412 1.039520 355.056980
 6.180000 3.084594 1.048494 362.301910
 6.200000 3.036610 0.964285 359.967024
 6.220000 3.114241 1.022030 363.942013
 6.240000 -2.994254 0.950913 376.163721
 6.260000 -3.039428 1.097141 372.651510
 6.280000 -2.965028 0.867157 378.401225
 6.300000 -2.948503 1.060347 379.204105
 6.320000 -3.048207 0.959896 372.291699
 6.340000 -3.105564 0.932317 368.231188
 6.360000 3.038061 1.037490 359.842748
 6.380000 2.969395 0.959641 356.413754
 6.400000 3.057521 1.182987 360.615511
 6.420000 3.000896 1.151726 357.629676
 6.440000 2.992669 1.339672 359.119641
 6.460000 3.105343 1.281250 363.666135
 6.480000 2.938148 1.270507 354.506476
 6.500000 2.924136 1.310696 354.766178
 6.520000 3.018988 1.244170 358.484429
 6.540000 2.938000 1.188825 354.219928
 6.560000 3.061083 1.249514 360.726196
 6.580000 -3.141330 1.127845 365.203397
 6.600000 3.092426 1.193743 362.465587
 6.620000 -3.119431 1.097450 366.854818
 6.640000 -2.986780 1.020508 376.560569
 6.660000 -2.973469 1.164905 377.252689
 6.680000 -2.970988 1.070401 377.593916
 6.700000 -3.001110 1.098068 375.399076
 6.720000 3.112570 1.100519 363.688539
 6.740000 -3.031370 1.015530 373.382928
 6.760000 -3.090299 1.254153 368.724103
 6.780000 3.080286 1.141597 361.894072
 6.800000 3.060671 1.152654 360.827808
 6.820000 2.943833 1.332182 356.347497
 6.840000 2.915957 1.145626 353.107515
 6.860000 2.841021 1.297517 350.063434
 6.880000 2.773500 1.177641 345.594841
 6.900000 2.592359 1.248828 336.487548
 6.920000 2.632615 1.139805 338.568012
 6.940000 2.394266 1.182234 329.437272
 6.960000 2.502209 1.164394 332.508234
 6.980000 2.513520 1.162691 332.850576
 7.000000 2.508374 1.158837 332.700397
 7.020000 2.650710 1.182336 339.388594
 7.040000 2.481037 1.163980 331.889740
 7.060000 2.478268 1.043782 332.167758
 7.080000 2.386818 1.204929 329.198366
 7.100000 2.628810 0.965404 338.978980
 7.120000 2.385832 1.199039 329.181965
 7.140000 2.634721 0.950844 339.338945
 7.160000 2.483706 1.102714 332.113884
 7.180000 2.494491 1.065589 332.545374
 7.200000 2.850189 1.144223 349.635200
 7.220000 2.820701 1.230690 347.988997
 7.240000 3.068093 1.217778 361.136171
 7.260000 3.012987 1.287990 358.920033
 7.280000 3.124826 1.377964 367.025437
 7.300000 3.114520 1.239289 363.582765
 7.320000 -3.036739 1.284845 373.239100
 7.340000 3.064300 1.210142 360.942887
 7.360000 3.136012 1.246496 364.712901
 7.380000 -3.074232 1.038826 370.248644
 7.400000 3.080163 1.230304 361.765231
 7.420000 -2.920323 1.226067 380.880784
 7.440000 -3.032586 1.324034 374.451199
 7.460000 -3.134430 1.282192 366.125531
 7.480000 3.140771 1.379605 367.896168
 7.500000 3.072587 1.240034 361.350063
 7.520000 2.944616 1.280144 355.088950
 7.540000 2.959908 1.226717 355.346925
 7.560000 2.832146 0.997849 349.068005
 7.580000 2.681182 1.282648 341.506765
 7.600000 2.905066 1.114588 352.584018
 7.620000 2.689543 1.147890 341.372455
 7.640000 2.816309 1.068145 348.026911
 7.660000 2.778644 1.159860 345.885104
 7.680000 2.705117 1.098994 342.257263
 7.700000 2.746811 1.037826 344.542339
 7.720000 2.699099 0.972004 342.397580
 7.740000 2.663376 1.021484 340.420982
 7.760000 2.702097 0.876368 343.055596
 7.780000 2.862797 1.095548 350.391259
 7.800000 2.764343 0.949284 345.781852
 7.820000 3.032373 1.114510 359.376449
 7.840000 2.975661 1.076222 356.419916
 7.860000 3.056306 1.199731 360.528623
 7.880000 -3.104441 1.009731 368.122442
 7.900000 3.122513 1.223072 364.027972
 7.920000 -2.971961 1.024435 377.606633
 7.940000 -3.050407 1.219416 371.657604
 7.960000 -3.103571 1.153311 367.913886
 7.980000 3.128093 1.110693 364.496601
 8.000000 -3.104572 1.195411 367.775687
 8.020000 3.061652 1.182003 360.837786
 8.040000 -3.083122 1.343118 371.282639
 8.060000 3.106718 1.120686 363.340413
 8.080000 2.959005 1.389594 358.599753
 8.100000 3.064008 1.216778 360.919234
 8.120000 3.045526 1.378321 362.873166
 8.140000 3.007839 1.260049 357.960946
 8.160000 3.116296 1.359814 366.140074
 8.180000 3.002354 1.224608 357.615262
 8.200000 2.943011 1.266022 354.653779
 8.220000 2.990520 1.074974 357.216086
 8.240000 2.924886 1.077499 353.713474
 8.260000 3.002529 1.029657 357.965410
 8.280000 -3.131796 0.906286 366.411404
 8.300000 2.999212 0.985238 357.913657
 8.320000 -3.088415 0.857020 369.677672
 8.340000 -3.079201 0.933048 370.128770
 8.360000 -3.119225 0.863953 367.448040
 8.380000 -3.058273 0.900146 371.714055
 8.400000 3.051717 0.690450 361.936449
 8.420000 2.970471 0.839867 356.961989
 8.440000 3.084155 0.594875 364.691953
 8.460000 3.069025 0.826276 362.181369
 8.480000 3.133775 0.609997 366.828195
 8.500000 -3.041857 0.801370 373.151196
 8.520000 -3.110857 0.800580 368.259268
 8.540000 -3.053473 0.818639 372.279386
 8.560000 -3.026240 0.798172 374.261455
 8.580000 3.125657 0.860933 365.015926
 8.600000 -2.993721 0.934026 376.236363
 8.620000 -3.068956 0.930959 370.870413
 8.640000 3.101648 1.006577 363.309778
 8.660000 3.054800 0.996580 360.841261
 8.680000 2.996982 1.102389 357.505145
 8.700000 2.979852 0.952417 356.992673
 8.720000 3.072243 1.017730 361.715781
 8.740000 2.940457 1.043828 354.622985
 8.760000 2.923528 1.083172 353.628582
 8.780000 3.081054 1.043473 362.124376
 8.800000 3.082909 1.199141 361.950556
 8.820000 -2.980115 1.211016 376.698656
 8.840000 -2.926026 1.344570 382.414901
 8.860000 -3.005154 1.209996 374.917950
 8.880000 -3.076644 1.221610 369.761006
 8.900000 -3.118772 1.229090 366.694049
 8.920000 3.127326 1.249085 364.249660
 8.940000 3.105962 1.154906 363.243902
 8.960000 3.077363 1.258047 361.620226
 8.980000 3.060196 1.370178 363.444584
 9.000000 2.995451 1.248839 357.223212
 9.020000 3.075948 1.401289 365.038668
 9.040000 -3.105939 1.304432 368.721262
 9.060000 -3.094184 1.323352 370.018816
 9.080000 3.125764 1.171344 364.273333
 9.100000 2.940518 1.100998 354.494144
 9.120000 2.792896 0.982339 347.098881
 9.140000 2.705236 0.984111 342.650053
 9.160000 2.822127 0.931751 348.817350
 9.180000 2.878243 0.963388 351.598576
 9.200000 2.844069 1.027194 349.590900
 9.220000 2.870957 1.039932 350.960783
 9.240000 2.921738 1.111155 353.475360
 9.260000 -3.125450 1.123087 366.370675
 9.280000 -3.094023 1.195826 368.541238
 9.300000 -3.137462 1.113653 365.510534
 9.320000 3.101095 1.055882 363.165850
 9.340000 3.035554 1.073204 359.627594
 9.360000 3.081054 1.203996 361.845216
 9.380000 -3.104967 1.130781 367.849404
 9.400000 -3.075411 1.204652 369.876292
 9.420000 3.131645 1.285557 365.160312
 9.440000 -3.080972 1.289268 370.165480
 9.460000 -3.139880 1.317314 366.568412
 9.480000 3.097027 1.235228 362.657733
 9.500000 3.088155 1.316704 363.613081
 9.520000 3.082347 1.219703 361.894472
 9.540000 -3.110208 1.304642 368.417380
 9.560000 -3.121699 1.292883 367.305092
 9.580000 -3.106365 1.329050 369.275235
 9.600000 3.100550 1.198696 362.892046
 9.620000 2.994578 1.142067 357.306674
 9.640000 2.833011 0.961473 349.251536
 9.660000 2.745445 0.829353 345.501586
 9.680000 2.520758 0.800199 335.044599
 9.700000 2.558920 0.646539 338.285118
 9.720000 2.531578 0.720603 336.277833
 9.740000 2.580873 0.666510 339.058212
 9.760000 2.775514 0.769427 347.411757
 9.780000 2.667814 0.687041 342.876645
 9.800000 2.721747 0.825565 344.353615
 9.820000 2.635791 0.738042 340.899166
 9.840000 2.596782 0.770395 338.788625
 9.860000 2.405703 0.732591 332.647181
 9.880000 2.373155 0.673874 332.591753
 9.900000 2.279920 0.781412 329.306971
 9.920000 2.212454 0.832508 327.415535
 9.940000 2.479241 0.926963 332.814846
 9.960000 2.478391 1.120563 331.911296
 9.980000 2.718098 1.330105 344.587511
 10.000000 2.590385 1.337114 338.489288
 10.020000 2.594765 1.369556 339.569578
 10.040000 2.448531 1.248881 330.851022
 10.060000 2.376480 1.276267 329.364560
 10.080000 2.339943 1.237808 327.935172
 10.100000 2.296792 1.194530 326.951065
 10.120000 2.374774 1.229137 328.845336
 10.140000 2.273956 1.274297 326.755842
 10.160000 2.490433 1.349221 334.502270
 10.180000 2.579584 1.227689 335.885432
 10.200000 2.837679 1.293953 349.798650
 10.220000 3.014583 1.236653 358.256526
 10.240000 3.015379 1.187667 358.354572
 10.260000 -3.123774 1.001834 366.737332
 10.280000 3.103652 0.948921 363.572867
 10.300000 -3.000818 0.750533 376.171599
 10.320000 3.121401 0.711961 365.395657
 10.340000 -2.967858 0.584506 379.640294
 10.360000 -3.056374 0.463513 376.242795
 10.380000 -2.841270 0.462020 390.308494
 10.400000 -2.823975 0.436007 391.875821
 10.420000 -2.757144 0.441032 395.953647
 10.440000 -2.783865 0.449087 394.157971
 10.460000 -2.760539 0.504995 394.647081
 10.480000 -2.932387 0.624875 381.221810
 10.500000 -3.003733 0.583506 377.237815
 10.520000 -3.128073 0.753253 367.212590
 10.540000 3.058211 0.760085 361.914929
 10.560000 2.981614 0.934255 357.150698
 10.580000 2.823010 1.079957 348.345280
 10.600000 2.790515 1.308463 347.720852
 10.620000 2.623862 1.222119 338.029890
 10.640000 2.729366 1.563901 351.546224
 10.660000 2.655313 1.492286 345.889499
 10.680000 2.677647 1.717062 353.545844
 10.700000 2.675247 1.703124 353.013497
 10.720000 2.747298 1.848738 360.759493
 10.740000 2.816547 1.813462 362.987216
 10.760000 2.888454 1.950959 371.064144
 10.780000 3.000936 1.981793 377.415719
 10.800000 3.058635 1.822962 374.805220
 10.820000 -3.088024 1.993038 387.487436
 10.840000 -3.116758 1.838886 380.721659
 10.860000 -2.968217 1.867344 390.934915
 10.880000 -2.981964 1.703131 386.572299
 10.900000 -2.978946 1.872313 390.362331
 10.920000 -2.958239 1.726239 388.627114
 10.940000 -2.952710 1.793379 390.395895
 10.960000 3.123323 1.742485 375.882019
 10.980000 -3.022154 1.707203 383.993809
 11.000000 3.090881 1.587938 370.448431
 11.020000 2.974155 1.442777 360.752138
 11.040000 2.843241 1.472040 354.733655
 11.060000 2.806821 1.230487 347.266481
 11.080000 2.638366 1.388114 342.178451
 11.100000 2.829770 1.148598 348.558300
 11.120000 2.791353 1.152799 346.552877
 11.140000 2.618559 1.062504 338.083652
 11.160000 2.871874 1.086627 350.888892
 11.180000 2.575605 0.803602 337.523955
 11.200000 2.575564 0.910265 336.748624
 11.220000 2.395740 0.649125 333.411325
 11.240000 2.322089 0.745280 330.608801
 11.260000 2.196781 0.577180 331.360336
 11.280000 2.154337 0.637428 328.917674
 11.300000 1.990301 0.635304 326.762661
 11.320000 1.768848 0.777656 325.454252
 11.340000 1.878483 0.688050 325.028592
 11.360000 1.525463 0.745734 330.987331
 11.380000 1.247927 0.950013 336.525511
 11.400000 1.243619 0.878129 337.499092
 11.420000 1.071956 0.882440 346.573425
 11.440000 0.944482 1.045250 352.073371
 11.460000 0.912593 0.995042 354.304843
 11.480000 1.009561 0.830539 350.529971
 11.500000 0.935999 0.840970 354.482919
 11.520000 1.220122 0.632697 341.822669
 11.540000 1.133906 0.508418 349.768333
 11.560000 1.230456 0.529805 344.286822
 11.580000 1.340016 0.206521 351.240545
 11.600000 1.105299 0.326833 356.598687
 11.620000 1.230388 0.113426 357.503653
 11.640000 1.299817 0.089483 356.132543
 11.660000 1.090382 -0.012915 367.621653
 11.680000 1.234321 0.056870 359.160656
 11.700000 1.361460 -0.097835 362.138158
 11.720000 1.230254 0.003715 361.036304
 11.740000 1.131764 0.071505 363.157112
 11.760000 1.133630 0.013166 364.845757
 11.780000 1.159759 0.178005 358.607185
 11.800000 1.296502 0.216618 351.967781
 11.820000 1.127999 0.396747 353.382836
 11.840000 1.304857 0.436401 344.552680
 11.860000 1.353867 0.650882 336.890155
 11.880000 1.178147 0.566820 345.810860
 11.900000 1.243956 0.878005 337.483001
 11.920000 1.268897 0.744194 338.068735
 11.940000 1.177416 0.945494 340.267360
 11.960000 1.423937 0.863872 332.103194
 11.980000 1.109798 1.084944 342.641958
 12.000000 1.187512 1.011400 339.112618
 12.020000 1.300720 1.104610 333.381380
 12.040000 0.939549 1.140348 351.546106
 12.060000 1.180077 0.880387 340.797593
 12.080000 1.142125 0.926276 342.338555
 12.100000 1.153042 0.676979 344.667646
 12.120000 1.253070 0.698850 339.227483
 12.140000 1.319773 0.526969 341.285388
 12.160000 1.099752 0.524764 351.035475
 12.180000 1.333374 0.374866 345.782400
 12.200000 1.465403 0.328138 344.087770
 12.220000 1.172161 0.199083 357.378519
 12.240000 1.388834 0.211050 349.924098
 12.260000 1.270966 0.164658 354.322254
 12.280000 1.398448 0.126203 352.639196
 12.300000 1.394569 0.271418 347.714875
 12.320000 1.216686 0.129136 357.600041
 12.340000 1.180952 0.261436 355.007384
 12.360000 1.261707 0.143220 355.255095
 12.380000 0.950692 0.315207 364.539008
 12.400000 1.039210 0.218785 362.983787
 12.420000 1.205317 0.309396 352.348201
 12.440000 1.010921 0.315724 361.544155
 12.460000 1.187938 0.402576 350.267478
 12.480000 1.086998 0.401600 355.272022
 12.500000 1.186253 0.402852 350.341017
 12.520000 1.156248 0.489379 349.203781
 12.540000 1.271041 0.425810 345.819285
 12.560000 1.038732 0.612141 351.761463
 12.580000 1.176360 0.564874 345.958574
 12.600000 1.141569 0.725011 344.649690
 12.620000 1.130631 0.635265 346.390920
 12.640000 1.419635 0.802300 332.968284
 12.660000 1.351732 0.690901 336.367556
 12.680000 1.410143 0.871260 332.397014
 12.700000 1.361643 0.706309 335.868315
 12.720000 1.338494 0.918124 333.926725
 12.740000 1.210993 0.893964 339.026255
 12.760000 1.407563 0.800906 333.316859
 12.780000 1.376875 0.819138 333.946577
 12.800000 1.446972 0.738143 333.087837
 12.820000 1.250770 0.816849 337.832838
 12.840000 1.199201 0.808825 340.601268
 12.860000 1.235664 0.838484 338.357908
 12.880000 1.115706 0.750134 345.707566
 12.900000 1.378197 0.658877 336.092220
 12.920000 1.244709 0.561756 342.616315
 12.940000 1.188044 0.561047 345.479050
 12.960000 1.247499 0.410741 347.133715
 12.980000 1.049815 0.421398 356.561230
 13.000000 0.888246 0.496668 362.840903
 13.020000 0.982985 0.406694 360.368219
 13.040000 1.179252 0.399121 350.797023
 13.060000 1.283134 0.296530 349.666195
 13.080000 1.320752 0.348688 346.971964
 13.100000 1.272682 0.213334 352.672070
 13.120000 1.214944 0.390308 349.340953
 13.140000 1.156453 0.434045 350.852519
 13.160000 1.177431 0.351112 352.368688
 13.180000 1.348024 0.474936 342.151700
 13.200000 1.251038 0.402006 347.240206
 13.220000 1.267307 0.497746 343.671370
 13.240000 1.284667 0.495964 343.234667
 13.260000 1.089254 0.611853 349.107740
 13.280000 0.929569 0.761503 355.676418
 13.300000 1.239975 0.766808 339.002848
 13.320000 1.085734 0.715373 347.727555
 13.340000 1.092619 0.880957 345.468366
 13.360000 1.228535 0.790324 339.299838
 13.380000 1.239990 0.646827 340.615072
 13.400000 1.309758 0.678321 337.755270
 13.420000 1.146859 0.679069 344.962741
 13.440000 1.219046 0.609910 342.476307
 13.460000 1.154951 0.654245 344.871155
 13.480000 1.416402 0.543369 338.159758
 13.500000 1.206229 0.587837 343.771583
 13.520000 1.429920 0.521719 338.500039
 13.540000 1.399654 0.345134 345.085157
 13.560000 1.288922 0.480106 343.610389
 13.580000 1.266082 0.404875 346.620900
 13.600000 1.103832 0.489905 351.836362
 13.620000 1.013689 0.477963 356.798258
 13.640000 1.044037 0.585792 352.208165
 13.660000 1.037717 0.376058 358.477832
 13.680000 1.051951 0.408252 356.833274
 13.700000 1.247590 0.344308 349.242464
 13.720000 1.215115 0.317123 351.641019
 13.740000 1.357038 0.315945 347.129316
 13.760000 1.140995 0.400150 352.639767
 13.780000 1.420715 0.256496 347.608107
 13.800000 1.232348 0.227454 353.719020
 13.820000 1.214113 0.282727 352.783301
 13.840000 1.256879 0.073225 357.667117
 13.860000 1.261055 0.245462 351.911315
 13.880000 1.175770 0.149678 358.771210
 13.900000 1.299517 0.340127 347.809255
 13.920000 1.163966 0.380231 352.121760
 13.940000 1.246848 0.461482 345.576067
 13.960000 1.222175 0.502886 345.512907
 13.980000 1.056543 0.580720 351.692093
 14.000000 1.165705 0.539193 347.252808
 14.020000 1.107605 0.652905 347.361903
 14.040000 1.151788 0.662687 344.922497
 14.060000 1.046872 0.810289 348.712379
 14.080000 1.334139 0.682678 336.987454
 14.100000 1.051248 0.853311 348.007133
 14.120000 1.332378 0.771117 335.832002
 14.140000 1.365093 0.806592 334.436942
 14.160000 1.483275 0.640400 333.596550
 14.180000 1.313514 0.849607 335.423489
 14.200000 1.480006 0.583977 335.252867
 14.220000 1.399458 0.659756 335.495594
 14.240000 1.197471 0.705449 341.985981
 14.260000 1.278152 0.616078 339.768176
 14.280000 1.187542 0.498107 347.377134
 14.300000 1.398316 0.486647 340.444423
 14.320000 1.213559 0.504182 345.900120
 14.340000 1.329159 0.350051 346.708221
 14.360000 1.023666 0.507930 355.442225
 14.380000 1.082522 0.304355 358.377307
 14.400000 0.798985 0.530008 366.720512
 14.420000 1.060626 0.248157 361.100774
 14.440000 1.161337 0.336132 353.606595
 14.460000 1.298498 0.122559 355.059205
 14.480000 1.260788 0.218555 352.800344
 14.500000 1.339223 0.084763 355.390612
 14.520000 1.322322 0.110609 354.903485
 14.540000 1.086578 0.159501 362.527303
 14.560000 1.354672 0.031386 356.857462
 14.580000 1.168818 0.171777 358.389975
 14.600000 1.256465 0.100108 356.800443
 14.620000 1.193911 0.242871 354.991640
 14.640000 1.280145 0.136397 355.035312
 14.660000 0.974641 0.489103 358.514541
 14.680000 1.261114 0.368621 347.914653
 14.700000 1.026554 0.796637 349.969854
 14.720000 1.277463 0.679710 338.687218
 14.740000 1.270320 0.869364 336.503072
 14.760000 1.156543 0.967484 341.164535
 14.780000 1.446968 0.850345 331.640361
 14.800000 1.363996 0.953906 332.819803
 14.820000 1.386573 0.920888 332.512006
 14.840000 1.163067 1.032066 340.228079
 14.860000 1.273393 0.928945 335.769990
 14.880000 1.306526 0.899808 335.070543
 14.900000 1.439087 0.876907 331.543012
 14.920000 1.394828 0.797278 333.715698
 14.940000 1.371100 0.765036 334.799506
 14.960000 1.189322 0.686787 342.654721
 14.980000 1.116959 0.810059 344.935053
 15.000000 1.119169 0.519127 350.205155
 15.020000 1.008226 0.619843 353.173052
 15.040000 1.197284 0.335423 351.908136
 15.060000 1.086679 0.333216 357.314675
 15.080000 1.230649 0.163563 355.867103
 15.100000 1.175293 0.063348 361.503866
 15.120000 1.267634 0.134474 355.399821
 15.140000 1.241865 0.023738 359.906815
 15.160000 1.287618 0.121797 355.341908
 15.180000 1.348888 -0.095897 362.304033
 15.200000 1.231391 0.043969 359.701036
 15.220000 1.293850 -0.170020 366.594349
 15.240000 1.164613 0.027208 363.087218
 15.260000 1.063197 0.044718 366.975275
 15.280000 1.211354 0.189720 355.890464
 15.300000 1.146383 0.157098 359.867399
 15.320000 0.996874 0.472241 357.826837
 15.340000 1.126809 0.380420 353.933068
 15.360000 1.087713 0.490662 352.635564
 15.380000 1.168205 0.431741 350.341720
 15.400000 1.029488 0.618413 352.080010
 15.420000 1.266023 0.382433 347.338569
 15.440000 1.190305 0.677492 342.728666
 15.460000 1.261311 0.589483 341.055096
 15.480000 1.334245 0.581872 339.187846
 15.500000 1.349895 0.736656 335.782894
 15.520000 1.388441 0.676006 335.556425
 15.540000 1.474130 0.653347 333.626880
 15.560000 1.454136 0.744720 332.808089
 15.580000 1.530494 0.703365 331.474488
 15.600000 1.468369 0.749333 332.373342
 15.620000 1.409911 0.796892 333.303349
 15.640000 1.301869 0.836590 335.923630
 15.660000 1.222733 0.809910 339.363532
 15.680000 1.234578 0.861354 338.153734
 15.700000 1.500712 0.688908 332.419075
 15.720000 1.348934 0.838226 334.516539
 15.740000 1.168304 0.887728 341.342134
 15.760000 1.358622 0.749193 335.364492
 15.780000 1.091499 0.757955 346.904892
 15.800000 1.115910 0.670679 346.694051
 15.820000 1.121952 0.686433 346.172818
 15.840000 1.269327 0.348020 348.355511
 15.860000 1.134501 0.498479 350.030177
 15.880000 1.355064 0.297396 347.801490
 15.900000 1.216265 0.396208 349.092753
 15.920000 1.174801 0.383715 351.487726
 15.940000 1.183075 0.348868 352.167234
 15.960000 1.114908 0.253381 358.363477
 15.980000 1.273268 0.232375 352.029441
 16.000000 1.189697 0.213098 356.131134
 16.020000 1.290565 0.140176 354.660054
 16.040000 1.117147 0.323124 356.136362
 16.060000 1.264677 0.304830 349.879109
 16.080000 0.979653 0.515141 357.538497
 16.100000 1.247828 0.615592 340.859244
 16.120000 1.298955 0.662820 338.292836
 16.140000 1.381424 0.619218 336.740685
 16.160000 1.452207 0.740208 332.921235
 16.180000 1.311394 0.733858 336.938279
 16.200000 1.418890 0.679487 334.677017
 16.220000 1.116384 0.864489 344.362073
 16.240000 1.059132 0.746329 348.780204
 16.260000 1.072223 0.664172 349.085479
 16.280000 1.293534 0.634273 338.866908
 16.300000 1.251983 0.620698 340.500363
 16.320000 1.480848 0.442622 339.829320
 16.340000 1.274019 0.603641 340.259466
 16.360000 1.279973 0.451538 344.758073
 16.380000 1.177042 0.538439 346.701905
 16.400000 1.244985 0.467608 345.476547
 16.420000 1.234613 0.417645 347.536754
 16.440000 1.292075 0.363874 347.233113
 16.460000 1.223372 0.239442 353.742758
 16.480000 1.071346 0.354068 357.449532
 16.500000 1.028094 0.407502 358.057755
 16.520000 0.950589 0.403879 362.097813
 16.540000 1.227097 0.405871 348.268095
 16.560000 1.096730 0.424309 354.116561
 16.580000 1.217260 0.320628 351.428464
 16.600000 1.338592 0.303556 348.009166
 16.620000 1.221796 0.175794 355.867888
 16.640000 1.085579 0.311702 358.009851
 16.660000 1.167074 0.225591 356.780017
 16.680000 1.013339 0.405111 358.872139
 16.700000 1.225645 0.353062 350.001980
 16.720000 1.285142 0.521731 342.422809
 16.740000 1.255113 0.395644 347.247391
 16.760000 1.426746 0.570983 337.019444
 16.780000 1.360008 0.576740 338.629222
 16.800000 1.345330 0.712408 336.246895
 16.820000 1.329451 0.796207 335.597727
 16.840000 1.317975 0.791454 335.994746
 16.860000 1.210641 0.791692 340.210426
 16.880000 1.397533 0.624084 336.154015
 16.900000 1.173255 0.662366 343.813266
 16.920000 1.232208 0.569574 343.005740
 16.940000 1.270651 0.625941 339.696995
 16.960000 1.176077 0.611884 344.606720
 16.980000 1.351367 0.630782 337.261602
 17.000000 1.271275 0.681117 338.852009
 17.020000 1.401376 0.520630 339.275234
 17.040000 1.266060 0.600593 340.584038
 17.060000 1.149384 0.423335 351.525568
 17.080000 0.929517 0.514483 360.192174
 17.100000 0.981720 0.394914 360.761835
 17.120000 1.050654 0.442217 355.919452
 17.140000 1.175185 0.370156 351.887397
 17.160000 1.340755 0.448972 343.179079
 17.180000 1.244462 0.330688 349.826498
 17.200000 1.302377 0.380324 346.424414
 17.220000 1.249896 0.254296 352.044951
 17.240000 1.190632 0.354429 351.631211
 17.260000 1.305480 0.205858 352.104749
 17.280000 1.177102 0.403612 350.763927
 17.300000 1.119010 0.407477 353.505805
 17.320000 1.280965 0.395794 346.503373
 17.340000 1.030924 0.507944 355.065222
 17.360000 1.114102 0.534787 350.010477
 17.380000 1.144888 0.530935 348.551146
 17.400000 1.185408 0.541850 346.179117
 17.420000 1.236682 0.650223 340.734375
 17.440000 1.264147 0.505358 343.526479
 17.460000 1.146777 0.625040 345.739324
 17.480000 1.252012 0.456691 345.474519
 17.500000 1.107965 0.561438 349.560347
 17.520000 1.184160 0.422623 349.835647
 17.540000 1.372073 0.480789 341.322133
 17.560000 1.341635 0.373562 345.609632
 17.580000 1.310604 0.662278 337.960837
 17.600000 1.304667 0.610212 339.171846
 17.620000 1.129959 0.671729 345.942897
 17.640000 1.105689 0.679881 347.113994
 17.660000 1.034341 0.648751 351.295389
 17.680000 1.137117 0.546878 348.482409
 17.700000 1.241831 0.578109 342.270412
 17.720000 1.292012 0.566078 340.868344
 17.740000 1.173754 0.593055 345.269940
 17.760000 1.312653 0.656309 337.987953
 17.780000 1.239957 0.619870 341.129168
 17.800000 1.272546 0.644259 339.338684
 17.820000 1.345914 0.537672 340.228271
 17.840000 1.309820 0.522590 341.699667
 17.860000 1.358443 0.535630 339.949337
 17.880000 1.226826 0.688963 340.698404
 17.900000 1.249161 0.581581 341.801114
 17.920000 1.280990 0.770072 337.368856
 17.940000 1.197531 0.703046 342.014644
 17.960000 1.292625 0.777881 336.919879
 17.980000 1.318195 0.664632 337.706679
 18.000000 1.184952 0.749364 342.070578
 18.020000 1.219176 0.590444 343.041261
 18.040000 1.042356 0.654972 350.790263
 18.060000 0.964523 0.540092 357.655037
 18.080000 0.865810 0.581568 361.828796
 18.100000 1.015540 0.407565 358.690982
 18.120000 1.247527 0.287057 351.090275
 18.140000 1.265543 0.296677 350.121660
 18.160000 1.337004 0.111839 354.523378
 18.180000 1.360686 0.166804 352.101992
 18.200000 1.221185 0.011928 361.156977
 18.220000 1.086146 0.124877 363.584084
 18.240000 1.098294 -0.110109 371.205306
 18.260000 1.213473 0.017834 361.295890
 18.280000 1.250859 -0.111636 365.094208
 18.300000 1.360122 -0.084849 361.590840
 18.320000 1.076573 -0.022774 368.611505
 18.340000 1.060983 0.039920 367.211895
 18.360000 0.953734 0.013157 372.678266
 18.380000 0.991695 0.165448 366.757851
 18.400000 1.126633 0.122794 361.817734
 18.420000 1.189545 0.154664 357.994098
 18.440000 1.246614 0.165342 355.097430
 18.460000 1.201073 0.229421 355.089006
 18.480000 1.219028 0.221575 354.517060
 18.500000 1.107169 0.369045 355.240083
 18.520000 1.165678 0.462059 349.550214
 18.540000 1.163673 0.521422 347.879651
 18.560000 1.247572 0.687741 339.658675
 18.580000 1.264790 0.607908 340.403938
 18.600000 1.202847 0.814405 340.344972
 18.620000 1.276438 0.668029 338.882609
 18.640000 1.157324 0.859843 342.225876
 18.660000 1.233667 0.866970 338.138267
 18.680000 1.257307 0.829467 337.361040
 18.700000 1.233405 0.851227 338.328912
 18.720000 1.434509 0.683174 334.205839
 18.740000 1.474339 0.684600 333.148116
 18.760000 1.404246 0.603284 336.610087
 18.780000 1.559229 0.477087 336.861195
 18.800000 1.457549 0.473463 339.372245
 18.820000 1.397527 0.551421 338.402580
 18.840000 1.387655 0.477888 341.005179
 18.860000 1.311435 0.529867 341.428626
 18.880000 1.158621 0.511090 348.440079
 18.900000 1.203374 0.467010 347.533843
 18.920000 0.975693 0.534929 357.206035
 18.940000 1.052142 0.529493 353.358026
 18.960000 1.054092 0.616923 350.817178
 18.980000 1.186729 0.576094 345.103639
 19.000000 1.108591 0.673807 347.038882
 19.020000 1.245370 0.605789 341.271677
 19.040000 1.209784 0.497778 346.281302
 19.060000 1.271153 0.439912 345.370318
 19.080000 1.201467 0.442339 348.382763
 19.100000 1.236519 0.357215 349.353782
 19.120000 1.329105 0.511446 341.511381
 19.140000 1.226720 0.576745 343.067172
 19.160000 1.352614 0.506527 341.023623
 19.180000 1.396900 0.593635 337.104577
 19.200000 1.341148 0.549396 339.995121
 19.220000 1.336992 0.551722 340.038283
 19.240000 1.235791 0.640003 340.924567
 19.260000 1.104199 0.620635 348.079451
 19.280000 1.316322 0.628588 338.290725
 19.300000 1.100383 0.637028 347.949240
 19.320000 1.218434 0.508997 345.512644
 19.340000 1.116584 0.495212 351.033754
 19.360000 1.039219 0.477659 355.491796
 19.380000 1.225754 0.313711 351.248913
 19.400000 1.434285 0.303347 345.672203
 19.420000 1.219187 0.258688 353.316877
 19.440000 1.342654 0.162202 352.681730
 19.460000 1.333368 0.146395 353.436455
 19.480000 1.054812 0.077785 366.385921
 19.500000 0.893680 0.180619 370.968208
 19.520000 1.003382 0.213452 364.840213
 19.540000 1.290012 0.135832 354.817938
 19.560000 1.330631 0.387213 345.450320
 19.580000 1.336696 0.344317 346.702489
 19.600000 1.205439 0.545677 345.058473
 19.620000 1.339486 0.522330 340.884535
 19.640000 1.081959 0.632653 348.975406
 19.660000 1.143440 0.720384 344.609620
 19.680000 1.219978 0.664056 341.389923
 19.700000 1.138470 0.657037 345.691531
 19.720000 1.194927 0.641034 342.990323
 19.740000 1.252247 0.602771 341.016684
 19.760000 1.221293 0.619193 342.091345
 19.780000 1.432739 0.632291 335.023428
 19.800000 1.596087 0.627611 331.141976
 19.820000 1.747914 0.504084 332.173330
 19.840000 1.726594 0.584666 329.872783
 19.860000 1.457739 0.496619 338.609385
 19.880000 1.383810 0.575759 338.010342
 19.900000 1.155207 0.579898 346.599740
 19.920000 0.919152 0.736923 356.517203
 19.940000 1.181838 0.689895 343.000489
 19.960000 1.343327 0.836575 334.699053
 19.980000 1.119855 0.755125 345.426649
 20.000000 1.225363 0.922095 337.980645
