#! FIELDS time phi psi metad.bias
#! SET min_phi -pi
#! SET max_phi pi
#! SET min_psi -pi
#! SET max_psi pi
 0.000000 3.141580 -3.141577 444.021687
 0.020000 -3.137543 2.510047 434.683409
 0.040000 3.139969 2.520830 434.607687
 0.060000 -3.131151 2.514175 435.115175
 0.080000 -3.140065 2.491076 434.320095
 0.100000 -3.122638 2.436909 434.679500
 0.120000 -3.131776 2.545841 435.834296
 0.140000 3.119101 2.470710 433.181088
 0.160000 -3.125872 2.459554 434.776046
 0.180000 3.082825 2.376863 430.595205
 0.200000 3.101223 2.399846 431.596612
 0.220000 3.100146 2.406042 431.645170
 0.240000 -3.141144 2.404332 433.147433
 0.260000 3.123387 2.379885 432.112348
 0.280000 -3.024775 2.411490 440.106683
 0.300000 -3.036717 2.517129 440.685308
 0.320000 -3.104292 2.438441 435.780614
 0.340000 3.137496 2.365797 432.416455
 0.360000 3.122764 2.366583 431.892889
 0.380000 3.087930 2.322789 429.941599
 0.400000 -3.136105 2.268900 431.334404
 0.420000 3.110355 2.267857 429.839938
 0.440000 -3.094110 2.352237 435.183978
 0.460000 -3.103175 2.391492 435.216193
 0.480000 -3.122374 2.473756 435.154813
 0.500000 3.134421 2.532624 434.694358
 0.520000 3.116643 2.639856 436.481039
 0.540000 3.109686 2.687673 437.215802
 0.560000 3.106138 2.672492 436.789574
 0.580000 -3.135409 2.590284 436.637369
 0.600000 3.080720 2.647691 435.392754
 0.620000 3.117514 2.659209 436.913600
 0.640000 3.051250 2.626660 433.908704
 0.660000 3.040029 2.476561 430.413044
 0.680000 3.059195 2.504555 431.436851
 0.700000 3.097517 2.570326 434.272794
 0.720000 3.138264 2.499180 434.204926
 0.740000 -3.067799 2.506945 438.723549
 0.760000 -3.024315 2.467611 440.819470
 0.780000 -3.005731 2.435955 441.528033
 0.800000 -2.991175 2.359009 441.367521
 0.820000 -3.096068 2.219844 432.866189
 0.840000 -3.064188 2.242281 435.180060
 0.860000 -3.116426 2.146740 430.240819
 0.880000 3.128906 2.068446 426.600367
 0.900000 3.096644 1.941378 422.409781
 0.920000 3.078363 1.906536 420.838933
 0.940000 3.096536 1.972124 423.161530
 0.960000 -2.992358 1.944610 433.291290
 0.980000 -3.100527 1.812857 424.621009
 1.000000 -3.039204 1.848692 428.661481
 1.020000 3.141397 1.808182 422.069936
 1.040000 3.123396 1.800066 421.315348
 1.060000 -3.131756 1.781895 422.443071
 1.080000 -3.135872 1.728066 421.668980
 1.100000 3.125401 1.823481 421.590506
 1.120000 3.025904 1.821789 417.839654
 1.140000 2.998283 1.635278 414.930437
 1.160000 3.116910 1.760689 420.707771
 1.180000 -3.107757 1.773767 423.830251
 1.200000 -3.110244 1.928689 425.700728
 1.220000 -3.141186 1.900432 423.096044
 1.240000 3.113374 1.893961 421.833752
 1.260000 -3.098269 1.990898 427.944073
 1.280000 -3.037750 2.036740 432.678999
 1.300000 -3.019964 2.091687 434.946098
 1.320000 -2.963457 2.129929 439.131709
 1.340000 -2.874228 2.219343 446.076286
 1.360000 -2.996513 2.371684 441.231135
 1.380000 3.136770 2.399781 432.882743
 1.400000 3.012448 2.378514 428.072340
 1.420000 3.008206 2.631575 432.505280
 1.440000 2.940571 2.627278 430.042545
 1.460000 -3.103929 2.590113 438.452952
 1.480000 3.031569 2.521415 430.752345
 1.500000 -3.133545 2.620988 437.413548
 1.520000 3.076920 2.658441 435.485356
 1.540000 2.943740 2.539112 428.073611
 1.560000 2.906259 2.431674 425.058678
 1.580000 3.072041 2.546078 432.797566
 1.600000 2.988064 2.512714 428.990362
 1.620000 -3.108902 2.490664 436.143050
 1.640000 3.111209 2.303902 430.483400
 1.660000 -3.017596 2.390679 440.252454
 1.680000 -3.019952 2.330932 439.260500
 1.700000 -3.017221 2.332364 439.443546
 1.720000 -3.082952 2.159016 432.504893
 1.740000 -3.071521 2.319161 436.019422
 1.760000 -3.131435 2.157727 429.553663
 1.780000 -3.132296 2.186658 430.065768
 1.800000 -3.115728 1.977725 426.568055
 1.820000 3.051279 1.999281 422.121127
 1.840000 -3.098027 2.036833 429.017693
 1.860000 3.021245 1.944401 419.671429
 1.880000 3.016164 1.914556 418.727566
 1.900000 2.989559 1.699817 415.343219
 1.920000 -3.119229 2.072259 428.514857
 1.940000 -3.109543 1.804969 424.002930
 1.960000 -2.944612 1.887727 434.780839
 1.980000 -3.111499 1.621226 421.931252
 2.000000 -3.085628 1.622048 423.511873
 2.020000 3.043436 1.489435 414.649632
 2.040000 3.089702 1.441054 415.631917
 2.060000 3.106745 1.473062 416.758001
 2.080000 -2.949271 1.405172 428.517899
 2.100000 -2.924148 1.477359 431.248875
 2.120000 -2.896452 1.289643 429.481958
 2.140000 -2.828802 1.275423 433.183381
 2.160000 -2.849943 1.185309 431.505212
 2.180000 -2.814318 1.257098 433.638655
 2.200000 -3.021301 1.100371 421.379715
 2.220000 -2.853077 1.034110 430.892465
 2.240000 -3.121697 1.179457 415.609971
 2.260000 -3.048447 0.995116 419.560610
 2.280000 2.918928 0.938860 406.532625
 2.300000 2.837620 0.869073 403.850957
 2.320000 2.871517 0.744074 404.584758
 2.340000 3.004957 0.761600 408.851470
 2.360000 3.053052 0.737423 410.321398
 2.380000 -3.086933 0.737493 416.194995
 2.400000 -3.008274 0.634968 419.591763
 2.420000 -3.113082 0.684735 414.462759
 2.440000 -2.902586 0.479505 425.876608
 2.460000 3.086173 0.536767 411.781407
 2.480000 -3.023032 0.293455 420.952300
 2.500000 -3.107267 0.277945 417.168805
 2.520000 -3.054751 0.296963 419.473133
 2.540000 -2.978048 0.177460 423.373843
 2.560000 -2.927168 0.157314 425.605286
 2.580000 -2.821498 0.175596 430.121445
 2.600000 -2.702403 0.193598 435.186254
 2.620000 -2.670759 0.170899 436.396501
 2.640000 -2.718463 0.213044 434.575590
 2.660000 -2.482387 0.369541 445.868178
 2.680000 -2.673032 0.364378 436.934707
 2.700000 -2.661973 0.491148 437.577581
 2.720000 -2.844248 0.460226 428.816637
 2.740000 -3.010154 0.512901 420.318622
 2.760000 -3.071882 0.525553 417.116323
 2.780000 3.119701 0.656562 412.064378
 2.800000 2.974864 0.626527 407.312858
 2.820000 3.006048 0.722951 408.725002
 2.840000 -3.124353 0.868020 414.837554
 2.860000 3.042645 0.990089 410.783046
 2.880000 -2.981905 0.924035 423.040401
 2.900000 -3.085879 1.001735 417.452703
 2.920000 -2.994512 1.080281 422.890390
 2.940000 -3.042704 1.093954 420.130416
 2.960000 -3.085407 1.043882 417.581212
 2.980000 3.075200 1.059357 412.022815
 3.000000 -3.121301 1.058863 415.558375
 3.020000 3.119373 1.267373 413.751371
 3.040000 -3.107615 1.129172 416.419468
 3.060000 -3.055552 1.155193 419.451349
 3.080000 -3.128718 1.221176 415.170539
 3.100000 -3.070234 1.274249 418.887302
 3.120000 -3.032907 1.285350 421.305953
 3.140000 -3.033290 1.315018 421.851197
 3.160000 -2.890282 1.552831 434.460384
 3.180000 -2.929702 1.540572 431.887493
 3.200000 -2.955227 1.493980 429.631249
 3.220000 -2.996228 1.492754 427.128277
 3.240000 3.071609 1.500643 415.854027
 3.260000 2.949328 1.505000 411.476148
 3.280000 2.899475 1.322570 406.931924
 3.300000 2.903857 1.339822 407.368126
 3.320000 3.045950 1.466600 414.404296
 3.340000 -3.114310 1.543131 420.727629
 3.360000 -3.134947 1.487069 418.676732
 3.380000 -3.021636 1.438825 424.732659
 3.400000 -3.072089 1.412421 421.264959
 3.420000 -3.051117 1.271750 419.965169
 3.440000 3.068623 1.050274 411.779959
 3.460000 3.124978 0.878127 413.348345
 3.480000 -3.131169 1.045101 414.973896
 3.500000 -2.984948 0.864581 422.548203
 3.520000 -2.997247 0.822619 421.611886
 3.540000 -2.957049 0.885461 424.226802
 3.560000 -2.866485 0.555292 427.334849
 3.580000 -2.991107 0.742087 421.387410
 3.600000 -2.957988 0.395945 423.546928
 3.620000 -3.048069 0.510921 418.428683
 3.640000 -2.978324 0.404965 422.526126
 3.660000 -2.957806 0.460847 423.240531
 3.680000 -2.906183 0.506196 425.573300
 3.700000 -3.007563 0.517529 420.416996
 3.720000 -3.012878 0.539506 419.992476
 3.740000 -3.003673 0.470430 420.920695
 3.760000 -3.126650 0.534748 414.276644
 3.780000 3.115887 0.412465 413.839569
 3.800000 3.015031 0.563576 409.299318
 3.820000 3.114230 0.312827 414.592611
 3.840000 -2.953204 0.630136 422.429060
 3.860000 -2.795899 0.551018 430.918467
 3.880000 -2.700842 0.586832 435.578387
 3.900000 -2.595356 0.606691 440.746756
 3.920000 -2.615252 0.587870 439.795017
 3.940000 -2.710716 0.552914 435.159708
 3.960000 -2.847526 0.449065 428.690269
 3.980000 -3.017103 0.526150 419.875263
 4.000000 -3.005434 0.594451 419.956742
 4.020000 -3.033623 0.551482 418.847764
 4.040000 -3.043521 0.777795 418.794884
 4.060000 -3.080719 0.619506 415.836446
 4.080000 3.060592 0.852360 411.041446
 4.100000 3.096928 0.734034 411.756775
 4.120000 3.068486 0.841282 411.270295
 4.140000 -3.052134 0.764122 418.240259
 4.160000 -3.116447 0.914444 415.455625
 4.180000 -3.041588 0.901250 419.580070
 4.200000 -3.065105 0.992357 418.605140
 4.220000 -3.107200 0.883627 415.849932
 4.240000 3.132310 0.923357 413.759536
 4.260000 -3.135713 0.890234 414.297538
 4.280000 3.109556 0.704057 412.014428
 4.300000 -3.094558 0.766276 415.958678
 4.320000 -2.999596 0.615902 420.087761
 4.340000 -3.081120 0.616636 415.842833
 4.360000 -2.970437 0.543619 422.118930
 4.380000 -2.876708 0.526393 426.955248
 4.400000 -2.856124 0.497644 428.104237
 4.420000 -2.767596 0.361146 432.614718
 4.440000 -2.887179 0.471408 426.671502
 4.460000 -2.848639 0.190749 428.969575
 4.480000 -2.941533 0.440801 424.138442
 4.500000 -2.918922 0.242116 425.843867
 4.520000 -3.104221 0.502238 415.687698
 4.540000 -3.054742 0.326738 419.311421
 4.560000 3.066412 0.503319 411.514770
 4.580000 -3.015664 0.610554 419.296059
 4.600000 -3.055866 0.701189 417.610673
 4.620000 -3.092839 0.853919 416.512711
 4.640000 -3.000007 0.852176 421.639120
 4.660000 -3.121460 1.059273 415.549951
 4.680000 -3.074767 0.988689 418.045709
 4.700000 -3.134800 1.091172 414.827602
 4.720000 -3.113388 1.096254 416.060295
 4.740000 3.061374 1.252154 411.444082
 4.760000 -3.095271 1.227605 417.113675
 4.780000 3.103685 1.271542 413.253068
 4.800000 -3.069667 1.388230 421.000916
 4.820000 -2.997581 1.247455 422.831616
 4.840000 -2.939026 1.440524 429.742902
 4.860000 -2.868381 1.227711 430.454639
 4.880000 -2.844209 1.361283 434.007115
 4.900000 -2.907029 1.353270 430.104804
 4.920000 -3.015774 1.511157 426.224796
 4.940000 -2.947948 1.296589 426.565464
 4.960000 -3.095771 1.361692 418.986155
 4.980000 -3.136554 1.403646 417.273467
 5.000000 3.100903 1.299844 413.670547
 5.020000 3.037321 1.278943 410.979489
 5.040000 -3.129881 1.321977 416.264175
 5.060000 -3.139919 1.285880 415.015468
 5.080000 3.137150 1.253268 414.209493
 5.100000 -3.139022 1.314045 415.583476
 5.120000 -3.109663 1.239976 416.257485
 5.140000 -3.126302 1.246975 415.275624
 5.160000 -3.126464 1.120039 415.328158
 5.180000 3.097691 0.943606 412.602471
 5.200000 2.916600 0.871861 406.330836
 5.220000 3.108626 0.747284 412.215115
 5.240000 3.128200 0.681930 412.500444
 5.260000 -2.959774 0.592118 422.334022
 5.280000 -2.817934 0.547958 429.821473
 5.300000 -2.786395 0.523545 431.479928
 5.320000 -2.607436 0.364722 439.857576
 5.340000 -2.502240 0.481511 445.130127
 5.360000 -2.504519 0.449625 444.862996
 5.380000 -2.447577 0.358287 447.942848
 5.400000 -2.464280 0.522078 447.740289
 5.420000 -2.698518 0.404977 435.824137
 5.440000 -2.694652 0.457793 436.025394
 5.460000 -2.925008 0.439880 424.949159
 5.480000 -3.026101 0.546099 419.271925
 5.500000 -3.063082 0.619178 416.755969
 5.520000 3.121559 0.620544 412.024800
 5.540000 3.110562 0.704687 412.051237
 5.560000 -3.092515 0.732482 415.864243
 5.580000 -3.092954 0.860555 416.537226
 5.600000 -3.015750 0.817765 420.563268
 5.620000 -2.953279 0.843203 424.173889
 5.640000 -2.956040 1.022049 424.935120
 5.660000 -2.864200 1.050444 430.321991
 5.680000 -2.815791 0.980953 432.746541
 5.700000 -2.868266 1.242538 430.461542
 5.720000 -2.861104 1.188946 430.856652
 5.740000 -3.013258 1.076454 421.798249
 5.760000 3.132669 1.203232 414.113511
 5.780000 3.107637 1.086990 413.207895
 5.800000 3.068978 1.231049 411.757061
 5.820000 -3.064902 1.250126 418.865652
 5.840000 -3.109354 1.319494 417.429610
 5.860000 -3.108579 1.388700 418.688417
 5.880000 3.128424 1.483490 417.728569
 5.900000 -3.100895 1.498312 420.889447
 5.920000 -3.063196 1.461117 422.588939
 5.940000 -2.970721 1.456848 428.100119
 5.960000 -3.057186 1.528476 423.971655
 5.980000 3.135596 1.371148 416.207536
 6.000000 -3.069374 1.441608 421.906263
 6.020000 -3.058824 1.578982 424.579367
 6.040000 -3.040751 1.509407 424.685849
 6.060000 -3.127365 1.491052 419.190728
 6.080000 3.081591 1.377449 414.307013
 6.100000 3.021583 1.382644 412.200813
 6.120000 -3.126786 1.272736 415.537884
 6.140000 3.031826 1.353207 412.082314
 6.160000 3.139959 1.310993 415.316611
 6.180000 -3.132806 1.347662 416.546762
 6.200000 -3.092952 1.340707 418.782393
 6.220000 -3.060404 1.237195 419.145345
 6.240000 3.133077 1.192073 414.137880
 6.260000 -3.120423 1.024924 415.546869
 6.280000 3.011555 1.047014 409.778438
 6.300000 2.980959 0.854588 408.380863
 6.320000 3.017312 0.955846 409.846499
 6.340000 -3.132078 0.791883 414.067749
 6.360000 -3.081787 0.941251 417.491691
 6.380000 -2.938943 0.765710 424.397704
 6.400000 -3.045626 0.651115 417.769492
 6.420000 -3.084304 0.551048 416.273531
 6.440000 3.141372 0.356037 415.031947
 6.460000 3.131358 0.395489 414.433570
 6.480000 -2.987032 0.273747 422.682816
 6.500000 -2.961212 0.379349 423.465676
 6.520000 -2.806018 0.256842 430.857027
 6.540000 -2.806756 0.419120 430.724138
 6.560000 -2.863010 0.319215 428.248166
 6.580000 -2.916945 0.284794 425.844400
 6.600000 -2.920311 0.318546 425.603992
 6.620000 -3.027346 0.321220 420.619018
 6.640000 -3.013256 0.338687 421.191437
 6.660000 -2.973873 0.387089 422.826149
 6.680000 -3.074056 0.524361 417.016551
 6.700000 -2.962506 0.535127 422.576038
 6.720000 -3.057337 0.685539 417.417956
 6.740000 3.132929 0.621604 412.380351
 6.760000 -3.077638 0.614065 416.047721
 6.780000 3.116385 0.755555 412.517611
 6.800000 -3.128136 0.687058 413.683495
 6.820000 3.115713 0.702909 412.211639
 6.840000 3.129151 0.650384 412.333107
 6.860000 -3.003961 0.842308 421.361897
 6.880000 -2.872908 0.744962 427.795273
 6.900000 -2.994573 0.648920 420.434974
 6.920000 -2.957322 0.597175 422.424917
 6.940000 -3.024396 0.614808 418.806397
 6.960000 -3.134037 0.455930 414.603384
 6.980000 -3.029995 0.441900 419.805602
 7.000000 -2.964714 0.368764 423.344680
 7.020000 -2.951948 0.480178 423.427206
 7.040000 -2.843166 0.518976 428.667661
 7.060000 -2.874477 0.442456 427.400710
 7.080000 -2.914330 0.586821 424.713563
 7.100000 -2.818621 0.575892 429.672994
 7.120000 -2.973082 0.641927 421.500549
 7.140000 -3.015981 0.706086 419.775242
 7.160000 -3.097774 0.690548 415.310845
 7.180000 3.036018 0.841025 410.172180
 7.200000 -3.074388 0.969983 418.008121
 7.220000 3.084260 1.035431 412.315431
 7.240000 -3.076681 1.068028 418.128144
 7.260000 3.112792 1.188266 413.398975
 7.280000 -3.049810 1.242870 419.761270
 7.300000 3.102583 1.398196 415.426990
 7.320000 -3.009552 1.311665 423.197885
 7.340000 -3.108402 1.328729 417.652891
 7.360000 -3.074999 1.397754 420.844559
 7.380000 -3.065327 1.241447 418.851644
 7.400000 3.103635 1.207534 413.047164
 7.420000 -3.066212 1.003244 418.574619
 7.440000 3.099101 1.116780 412.917173
 7.460000 -3.031649 1.088465 420.759773
 7.480000 -3.064061 0.948023 418.513854
 7.500000 -2.940352 0.934614 425.439094
 7.520000 -2.996723 0.982541 422.460384
 7.540000 -2.921234 0.808327 425.695841
 7.560000 -2.934203 0.760676 424.614730
 7.580000 -2.977809 0.726618 421.983629
 7.600000 -2.992288 0.706535 421.045502
 7.620000 -2.947021 0.644149 422.890335
 7.640000 -2.927286 0.521375 424.435893
 7.660000 -2.918294 0.638530 424.341301
 7.680000 -2.823226 0.480783 429.784646
 7.700000 -3.011438 0.542567 420.043236
 7.720000 -2.947041 0.490398 423.615779
 7.740000 -3.075245 0.470746 417.378556
 7.760000 3.139158 0.561748 413.188530
 7.780000 -3.126023 0.456772 414.989233
 7.800000 -3.124048 0.604172 413.744411
 7.820000 3.130125 0.551207 413.007264
 7.840000 3.115294 0.630227 411.751335
 7.860000 3.139718 0.555402 413.267975
 7.880000 3.125962 0.573962 412.650011
 7.900000 -3.020816 0.620267 418.946228
 7.920000 -3.069887 0.669422 416.634458
 7.940000 -2.989089 0.618511 420.614039
 7.960000 -3.008142 0.742183 420.468406
 7.980000 -3.008062 0.780482 420.743142
 8.000000 -3.018395 0.768641 420.100326
 8.020000 -3.016657 0.863728 420.780261
 8.040000 -3.130551 0.868038 414.496124
 8.060000 -3.041995 0.928612 419.678659
 8.080000 -3.011436 0.867516 421.091194
 8.100000 -3.036983 1.009487 420.258765
 8.120000 -3.048225 0.984090 419.537197
 8.140000 -3.085152 1.021309 417.544573
 8.160000 -2.993058 1.113683 423.041278
 8.180000 -2.979943 1.182902 423.883288
 8.200000 -3.008635 1.120209 422.146291
 8.220000 -3.117688 1.107504 415.823893
 8.240000 3.119729 1.096735 413.651439
 8.260000 2.971482 1.051273 408.406060
 8.280000 3.031884 1.063463 410.499215
 8.300000 3.014603 0.961373 409.764630
 8.320000 3.064082 1.051958 411.621190
 8.340000 -3.104427 1.037184 416.481832
 8.360000 -3.055470 1.010492 419.207228
 8.380000 -3.017252 1.057527 421.523678
 8.400000 -2.927784 0.901913 425.963370
 8.420000 -3.006525 1.016533 422.022181
 8.440000 -3.013835 0.909134 421.171990
 8.460000 -2.920054 0.887274 426.306872
 8.480000 3.133234 0.932187 413.819545
 8.500000 -2.977477 0.861492 422.945497
 8.520000 -3.044894 0.889167 419.338550
 8.540000 -3.034321 0.882367 419.894839
 8.560000 -3.112083 0.808326 415.236143
 8.580000 3.127630 0.692997 412.548227
 8.600000 2.968657 0.788048 407.772032
 8.620000 -3.090821 0.684779 415.639275
 8.640000 -3.040100 0.822708 419.253891
 8.660000 -3.064944 0.714343 417.219425
 8.680000 -2.852159 0.775898 429.200445
 8.700000 -3.017955 0.622299 419.078004
 8.720000 -3.010191 0.611342 419.573906
 8.740000 -3.067997 0.505747 417.469680
 8.760000 -3.027230 0.440836 419.947684
 8.780000 -3.006130 0.362102 421.411176
 8.800000 -2.942420 0.378752 424.363401
 8.820000 -2.969636 0.181917 423.729730
 8.840000 -2.952267 0.349662 424.010035
 8.860000 -2.922470 0.186039 425.774968
 8.880000 -2.917657 0.201104 425.965218
 8.900000 -2.816857 0.256557 430.376857
 8.920000 -2.863428 0.083339 428.261717
 8.940000 -2.973124 0.233569 423.442449
 8.960000 -2.987276 0.004175 423.238981
 8.980000 -3.091037 0.173707 418.460317
 9.000000 -3.067059 0.035749 419.979694
 9.020000 -2.986121 0.176845 423.024151
 9.040000 -3.012806 0.280816 421.477763
 9.060000 -2.947361 0.244050 424.567184
 9.080000 -2.919207 0.291771 425.724594
 9.100000 -2.970015 0.313292 423.318512
 9.120000 -2.942383 0.380963 424.356404
 9.140000 -2.993483 0.266837 422.414738
 9.160000 -3.079767 0.478664 417.094244
 9.180000 -2.951343 0.343852 424.075304
 9.200000 -2.969193 0.527369 422.286944
 9.220000 -3.073963 0.561137 416.712680
 9.240000 -3.058385 0.594783 417.218869
 9.260000 -3.110230 0.650892 414.380661
 9.280000 -2.971346 0.711470 422.206963
 9.300000 -2.955571 0.709706 423.036986
 9.320000 -3.050364 0.840459 418.787587
 9.340000 3.136090 0.782105 413.317313
 9.360000 -3.031305 0.664748 418.633901
 9.380000 -3.057411 0.787262 418.097630
 9.400000 -3.027481 0.729597 419.334965
 9.420000 -2.980154 0.625161 421.027269
 9.440000 -3.098661 0.613124 414.967429
 9.460000 -3.092169 0.669489 415.460708
 9.480000 -3.079258 0.518518 416.802586
 9.500000 3.120856 0.523305 412.988300
 9.520000 3.109941 0.507723 412.800911
 9.540000 -3.015100 0.603396 419.384412
 9.560000 -3.022020 0.633988 418.863683
 9.580000 -2.962310 0.533997 422.593135
 9.600000 -2.959857 0.660905 422.373506
 9.620000 -3.026006 0.674735 418.994627
 9.640000 -2.951630 0.638891 422.597263
 9.660000 -2.963280 0.589708 422.170110
 9.680000 -3.005361 0.672440 420.068967
 9.700000 -2.961179 0.565680 422.444319
 9.720000 -2.958613 0.663650 422.464635
 9.740000 -3.027379 0.564794 419.062079
 9.760000 -3.036797 0.619386 418.121522
 9.780000 -3.006714 0.596729 419.872507
 9.800000 -2.988194 0.636868 420.660911
 9.820000 -2.894138 0.611672 425.602611
 9.840000 -3.125147 0.553713 414.176593
 9.860000 -3.113654 0.458491 415.582258
 9.880000 3.104662 0.450147 413.176386
 9.900000 -3.044046 0.592418 417.979246
 9.920000 -2.911084 0.449982 425.586157
 9.940000 -2.852317 0.549488 428.079959
 9.960000 -2.934227 0.528747 424.044645
 9.980000 -2.959786 0.577693 422.434117
 10.000000 -2.987410 0.563999 421.113278
 10.020000 -3.019204 0.612466 419.096138
 10.040000 -2.987626 0.666673 420.958044
 10.060000 -3.140004 0.714376 413.222429
 10.080000 -3.130871 0.782243 414.084234
 10.100000 3.105050 0.875469 412.647291
 10.120000 3.106282 1.072435 413.146033
 10.140000 -3.129580 0.980289 414.925036
 10.160000 -3.011313 1.212015 422.045033
 10.180000 -3.083456 1.129414 417.815798
 10.200000 -3.080204 1.315291 419.075224
 10.220000 -3.112239 1.276993 416.470851
 10.240000 3.117444 1.287599 414.056268
 10.260000 -3.040300 1.262498 420.420376
 10.280000 -3.126590 1.379852 417.468420
 10.300000 3.100923 1.267042 413.067899
 10.320000 -3.122402 1.176013 415.570253
 10.340000 3.135505 1.204560 414.216380
 10.360000 -3.063377 1.093699 418.936148
 10.380000 -3.001827 1.124493 422.548406
 10.400000 -2.970078 1.002012 424.056112
 10.420000 -2.945764 1.192261 425.893578
 10.440000 -2.848455 0.957617 430.763214
 10.460000 -2.837865 1.135973 432.118378
 10.480000 -3.011196 1.111771 421.984607
 10.500000 -3.016958 0.775384 420.224138
 10.520000 3.096302 0.964238 412.605837
 10.540000 3.097572 0.730494 411.759911
 10.560000 3.105801 0.784920 412.302961
 10.580000 -3.085822 0.573808 415.995357
 10.600000 -3.075333 0.646171 416.172202
 10.620000 -2.986838 0.583111 421.003265
 10.640000 -2.963149 0.553035 422.427863
 10.660000 -3.015179 0.444565 420.514411
 10.680000 -2.849838 0.516613 428.343619
 10.700000 -3.047198 0.370231 419.416470
 10.720000 -2.988505 0.475774 421.639131
 10.740000 -3.017680 0.421747 420.530200
 10.760000 -3.112226 0.437733 415.817841
 10.780000 -2.983220 0.497906 421.766865
 10.800000 -2.970768 0.449889 422.661465
 10.820000 -2.842421 0.560265 428.532731
 10.840000 -2.906789 0.584620 425.115169
 10.860000 -2.774813 0.619478 431.724942
 10.880000 -2.931346 0.708766 424.325651
 10.900000 -2.809937 0.620902 429.910588
 10.920000 -2.894579 0.621073 425.520260
 10.940000 -2.826753 0.763685 430.461735
 10.960000 -2.890213 0.603260 425.857617
 10.980000 -2.902774 0.772106 426.416821
 11.000000 -3.004335 0.612139 419.871801
 11.020000 -3.121193 0.663509 413.894005
 11.040000 3.123601 0.725483 412.600361
 11.060000 3.067150 0.538908 411.171708
 11.080000 -3.046387 0.777701 418.638455
 11.100000 -3.126007 0.675023 413.717883
 11.120000 -3.027531 0.701123 419.120472
 11.140000 -3.048432 0.731856 418.225015
 11.160000 -3.034878 0.700890 418.726868
 11.180000 -3.004946 0.565728 420.203011
 11.200000 -3.039955 0.716308 418.569628
 11.220000 -3.029743 0.463376 419.677974
 11.240000 -3.112978 0.622404 414.133957
 11.260000 -3.040662 0.538021 418.594893
 11.280000 -3.109030 0.607163 414.489405
 11.300000 -2.981486 0.698111 421.553262
 11.320000 -3.026282 0.680781 419.028354
 11.340000 -2.948472 0.797750 424.122697
 11.360000 -3.029635 0.747272 419.344389
 11.380000 -3.121068 0.706848 414.181819
 11.400000 3.071416 0.763475 411.049752
 11.420000 -3.140239 0.643271 412.762250
 11.440000 -3.108633 0.769007 415.214268
 11.460000 -3.017688 0.657989 419.296371
 11.480000 -2.877502 0.631950 426.404105
 11.500000 -3.022363 0.660460 419.070529
 11.520000 -2.996351 0.572623 420.592075
 11.540000 -2.951520 0.441452 423.647411
 11.560000 -2.975582 0.605192 421.419863
 11.580000 -2.870026 0.424462 427.674334
 11.600000 -2.869668 0.469152 427.541697
 11.620000 -2.968361 0.555695 422.144362
 11.640000 -2.936869 0.445658 424.343705
 11.660000 -2.961064 0.529540 422.684054
 11.680000 -3.053935 0.495884 418.248005
 11.700000 -2.944790 0.572155 423.241331
 11.720000 -3.037068 0.481587 419.191171
 11.740000 -3.123835 0.571419 414.075563
 11.760000 -2.995623 0.682137 420.666735
 11.780000 -3.070429 0.577641 416.749887
 11.800000 -3.022984 0.848127 420.342835
 11.820000 -2.878296 0.814591 428.102935
 11.840000 -3.077025 0.770960 416.934539
 11.860000 -3.075858 0.788587 417.101442
 11.880000 3.130901 0.728405 412.860547
 11.900000 3.091085 0.715081 411.464094
 11.920000 -3.120491 0.808026 414.776907
 11.940000 -3.080451 0.631293 415.789486
 11.960000 3.136064 0.746562 413.133044
 11.980000 -3.041912 0.586845 418.136483
 12.000000 -3.053686 0.547345 417.860130
 12.020000 -3.070391 0.528446 417.167952
 12.040000 -2.957315 0.348694 423.776305
 12.060000 -3.002093 0.474583 420.972942
 12.080000 -3.024699 0.409299 420.263990
 12.100000 -2.930233 0.353661 425.032449
 12.120000 -3.013258 0.476660 420.406191
 12.140000 -2.969930 0.420398 422.855118
 12.160000 -2.889930 0.478034 426.508616
 12.180000 -3.059018 0.587648 417.248753
 12.200000 -3.043940 0.426451 419.224675
 12.220000 -3.117059 0.629735 413.872651
 12.240000 3.060309 0.591701 410.389494
 12.260000 3.094611 0.602636 411.354563
 12.280000 -3.104986 0.724785 415.149283
 12.300000 3.136974 0.786154 413.367317
 12.320000 -3.024470 0.902326 420.543025
 12.340000 -3.086089 0.836042 416.797620
 12.360000 -3.065038 0.892770 418.232202
 12.380000 -3.042360 0.930545 419.666310
 12.400000 -3.117043 0.941948 415.516747
 12.420000 -3.074135 0.866616 417.606116
 12.440000 -3.096565 0.901900 416.514898
 12.460000 -3.098020 0.922014 416.511426
 12.480000 -2.979791 1.059908 423.689452
 12.500000 -3.036794 0.885092 419.770502
 12.520000 -3.089653 0.983412 417.186905
 12.540000 -3.025002 1.040405 421.033762
 12.560000 -3.116319 0.855347 415.225967
 12.580000 -3.084185 0.986804 417.506393
 12.600000 -3.093869 0.926916 416.761733
 12.620000 -3.140282 0.917609 414.140588
 12.640000 -3.006959 0.942324 421.712705
 12.660000 -3.125429 0.858686 414.739247
 12.680000 3.119945 0.827769 412.975044
 12.700000 -3.128123 0.669765 413.572201
 12.720000 3.080415 0.631375 410.635986
 12.740000 3.113238 0.609882 411.871493
 12.760000 -3.095722 0.474750 416.335242
 12.780000 -3.136351 0.530715 413.825648
 12.800000 -2.998930 0.527909 420.780870
 12.820000 -2.873138 0.489445 427.292654
 12.840000 -2.961614 0.628866 421.976772
 12.860000 -2.906653 0.437177 425.854723
 12.880000 -3.005012 0.418532 421.163585
 12.900000 3.078872 0.573375 411.171993
 12.920000 -2.944332 0.380795 424.264214
 12.940000 -3.088662 0.431798 417.011040
 12.960000 -3.003018 0.659809 420.085422
 12.980000 -2.892977 0.646718 425.754104
 13.000000 -2.856457 0.543165 427.899152
 13.020000 -2.964731 0.774755 423.064042
 13.040000 -2.913152 0.623196 424.538812
 13.060000 -3.086190 0.712407 416.072595
 13.080000 -3.095550 0.607548 415.182034
 13.100000 -2.991304 0.692731 420.984889
 13.120000 3.045151 0.669606 409.724148
 13.140000 3.112091 0.550216 412.452010
 13.160000 3.049820 0.662642 409.836397
 13.180000 -3.107267 0.528555 415.308542
 13.200000 -2.981426 0.552027 421.503041
 13.220000 -2.870859 0.599668 426.878246
 13.240000 -2.981562 0.379374 422.495101
 13.260000 -2.943777 0.397488 424.222257
 13.280000 -3.032203 0.319270 420.402621
 13.300000 -3.021516 0.273864 421.109741
 13.320000 -2.860078 0.426107 428.149310
 13.340000 -2.985548 0.402833 422.188762
 13.360000 -2.822680 0.401858 429.996131
 13.380000 -2.978299 0.590210 421.391094
 13.400000 -2.980702 0.528714 421.696698
 13.420000 -3.127148 0.714405 413.905266
 13.440000 3.053906 0.604529 410.043973
 13.460000 3.128381 0.682870 412.512124
 13.480000 -3.117029 0.994600 415.669599
 13.500000 -3.031641 0.779155 419.449918
 13.520000 -3.138813 0.911466 414.201470
 13.540000 -3.087562 0.971332 417.268227
 13.560000 -3.136815 0.904059 414.286635
 13.580000 -3.092682 1.028593 417.132664
 13.600000 3.133837 0.814350 413.392985
 13.620000 3.052622 0.889610 410.889733
 13.640000 -3.126832 0.856839 414.654237
 13.660000 -3.064866 0.816405 417.858843
 13.680000 -2.960314 0.832379 423.713106
 13.700000 -2.969787 0.795026 422.935347
 13.720000 -2.943062 0.699618 423.617555
 13.740000 -2.907236 0.628142 424.814033
 13.760000 -2.937092 0.614437 423.352448
 13.780000 -2.947586 0.467465 423.710079
 13.800000 -2.995746 0.542560 420.840315
 13.820000 -2.904575 0.487453 425.742123
 13.840000 -2.804289 0.653911 430.475686
 13.860000 -2.950525 0.503518 423.368928
 13.880000 -3.013734 0.570849 419.713760
 13.900000 3.108430 0.607156 411.746752
 13.920000 3.136167 0.556338 413.147084
 13.940000 3.101436 0.680337 411.611404
 13.960000 -3.131537 0.599900 413.401716
 13.980000 3.057945 0.752273 410.551395
 14.000000 3.103602 0.631092 411.379664
 14.020000 -3.125039 0.782977 414.403253
 14.040000 -3.079472 0.696521 416.322170
 14.060000 -2.903036 0.879522 427.207706
 14.080000 -3.030564 0.609070 418.534840
 14.100000 -2.984474 0.691433 421.337868
 14.120000 -3.100311 0.600052 415.007995
 14.140000 -3.016924 0.685225 419.560554
 14.160000 -3.033389 0.565277 418.750801
 14.180000 -2.800738 0.634284 430.422996
 14.200000 -2.900789 0.776348 426.560306
 14.220000 -2.775827 0.543435 431.948096
 14.240000 -3.009983 0.742819 420.373675
 14.260000 -3.125155 0.569401 414.027566
 14.280000 -3.093152 0.636032 415.163749
 14.300000 3.037921 0.576696 409.857697
 14.320000 -3.063835 0.697470 417.159818
 14.340000 3.127057 0.733235 412.758414
 14.360000 -3.013153 0.826419 420.759036
 14.380000 -3.110031 0.837518 415.490427
 14.400000 -2.941213 0.867448 425.000749
 14.420000 3.135926 0.819264 413.486877
 14.440000 -2.906623 0.909064 427.194296
 14.460000 -3.069741 0.803048 417.517407
 14.480000 -3.093342 0.846259 416.448745
 14.500000 -3.057269 0.857625 418.495784
 14.520000 -3.114530 0.705052 414.517520
 14.540000 -2.981700 0.817656 422.436078
 14.560000 -3.065065 0.699340 417.107759
 14.580000 -3.015774 0.595746 419.411816
 14.600000 3.035833 0.495319 410.673261
 14.620000 -3.049514 0.495460 418.471773
 14.640000 3.098624 0.377951 413.629533
 14.660000 -3.007426 0.525776 420.366535
 14.680000 -2.952663 0.335585 424.043861
 14.700000 -2.882234 0.595248 426.316908
 14.720000 -2.839091 0.544257 428.770506
 14.740000 -2.924700 0.439783 424.964642
 14.760000 -2.935049 0.614001 423.461766
 14.780000 -3.076749 0.449323 417.464144
 14.800000 -3.015035 0.749820 420.151240
 14.820000 -3.111815 0.608265 414.334785
 14.840000 -3.035161 0.804296 419.415784
 14.860000 3.114579 0.811192 412.719780
 14.880000 3.133238 0.941237 413.846809
 14.900000 3.114230 0.888287 413.010700
 14.920000 -3.093087 1.017019 417.082466
 14.940000 -3.042866 0.947566 419.707187
 14.960000 -3.042287 1.027185 420.007160
 14.980000 -3.011051 0.959248 421.553345
 15.000000 -3.105310 0.995845 416.335522
 15.020000 -3.048029 1.164735 419.893679
 15.040000 -3.098760 0.885158 416.324187
 15.060000 -3.123412 1.244050 415.448842
 15.080000 3.100276 0.837090 412.338830
 15.100000 -3.116780 1.003655 415.705959
 15.120000 3.061718 0.898911 411.228878
 15.140000 -3.058842 0.930410 418.739270
 15.160000 -2.933536 0.892651 425.585439
 15.180000 -2.872892 1.057511 429.849030
 15.200000 -2.781653 0.916074 434.235201
 15.220000 -2.833536 0.963389 431.640427
 15.240000 -2.931890 0.910613 425.783634
 15.260000 -2.997907 0.652362 420.290021
 15.280000 -3.046206 0.856516 419.102561
 15.300000 -3.083681 0.579753 416.051532
 15.320000 -3.055226 0.739804 417.913833
 15.340000 3.079292 0.427830 412.627434
 15.360000 3.069791 0.697252 410.670046
 15.380000 3.138919 0.498923 413.772740
 15.400000 3.109799 0.593227 411.938360
 15.420000 -3.007579 0.606079 419.752551
 15.440000 -3.017080 0.596818 419.335582
 15.460000 -3.084804 0.594514 415.859130
 15.480000 -3.062016 0.559941 417.332163
 15.500000 -3.079431 0.461940 417.238492
 15.520000 3.051218 0.501205 411.075944
 15.540000 -3.033950 0.619018 418.272995
 15.560000 -3.107629 0.426793 416.126399
 15.580000 -3.075895 0.548219 416.724860
 15.600000 -2.970748 0.414264 422.845954
 15.620000 -2.961749 0.567534 422.402669
 15.640000 -2.954513 0.539353 422.954643
 15.660000 -2.762302 0.428438 432.829269
 15.680000 -2.927650 0.641798 423.884020
 15.700000 -2.789309 0.753056 432.368940
 15.720000 -2.763139 0.691508 433.072796
 15.740000 -2.918389 0.782745 425.653053
 15.760000 -2.951272 1.015283 425.183453
 15.780000 -3.026611 0.918946 420.500825
 15.800000 -3.043517 1.088021 420.073369
 15.820000 3.096918 1.046762 412.781145
 15.840000 -3.085022 1.316125 418.805591
 15.860000 2.864594 1.192527 404.769728
 15.880000 2.985767 1.329187 410.027055
 15.900000 3.020116 1.344765 411.517214
 15.920000 3.047993 1.519815 415.253016
 15.940000 -3.076594 1.483469 422.129187
 15.960000 3.017488 1.575931 414.891709
 15.980000 3.042528 1.424516 413.632983
 16.000000 3.018821 1.522106 414.213978
 16.020000 -3.069298 1.614970 424.414963
 16.040000 3.135615 1.549382 418.944026
 16.060000 -3.030962 1.687348 427.624615
 16.080000 -3.014286 1.602088 427.597166
 16.100000 -3.026397 1.879542 429.671095
 16.120000 -2.946883 1.705471 432.968136
 16.140000 -2.956914 1.877211 433.905290
 16.160000 -2.963140 1.924383 434.575843
 16.180000 -2.975568 1.990813 435.413607
 16.200000 -2.926592 2.094817 440.641707
 16.220000 3.138379 1.968155 424.642190
 16.240000 3.093797 2.008586 423.927233
 16.260000 3.075796 1.989081 422.792249
 16.280000 -3.117111 2.144437 430.153242
 16.300000 3.075139 2.054245 424.276595
 16.320000 -2.969106 2.307929 441.915171
 16.340000 3.057154 2.231871 427.241295
 16.360000 3.140286 2.330538 431.976624
 16.380000 3.012525 2.190102 424.816667
 16.400000 3.102797 2.301328 430.132818
 16.420000 3.130479 2.431105 433.083959
 16.440000 -3.109459 2.318677 433.752290
 16.460000 3.087867 2.450428 431.801486
 16.480000 3.113259 2.516924 433.560517
 16.500000 3.127328 2.619519 436.420508
 16.520000 -3.071882 2.727643 442.999082
 16.540000 -3.072875 2.751238 443.351605
 16.560000 -2.979078 2.832772 449.720176
 16.580000 -2.922715 2.896257 453.447110
 16.600000 -3.023795 2.943364 448.647115
 16.620000 -3.106616 2.753945 441.511427
 16.640000 3.067858 2.717519 436.353305
 16.660000 3.106234 2.726710 437.847302
 16.680000 2.914451 2.652591 429.693971
 16.700000 2.893342 2.454747 424.919208
 16.720000 2.848065 2.500962 423.933054
 16.740000 2.985961 2.500499 428.771583
 16.760000 -3.106083 2.478637 436.168953
 16.780000 -3.064633 2.483533 438.650638
 16.800000 -3.032733 2.311104 438.198494
 16.820000 -3.110126 2.412393 435.093272
 16.840000 3.081669 2.372444 430.487303
 16.860000 3.082185 2.269148 428.828586
 16.880000 -3.115001 2.207361 431.498002
 16.900000 -3.104151 2.290831 433.616976
 16.920000 -2.969469 2.297378 441.730938
 16.940000 3.065753 2.184806 426.665080
 16.960000 3.058123 2.331459 428.994985
 16.980000 -3.115013 2.333958 433.661727
 17.000000 -3.081800 2.489196 437.712036
 17.020000 -3.048465 2.403683 438.612342
 17.040000 -2.971625 2.415994 443.268528
 17.060000 3.134835 2.450603 433.494605
 17.080000 -3.069701 2.613163 440.913715
 17.100000 3.132864 2.504957 434.077731
 17.120000 3.046040 2.553300 432.045546
 17.140000 3.086275 2.615894 434.903244
 17.160000 2.998753 2.740784 434.413153
 17.180000 2.989366 2.746447 434.196890
 17.200000 3.102995 2.639672 436.001187
 17.220000 3.123458 2.756554 438.977160
 17.240000 -3.027117 2.777144 446.307052
 17.260000 -2.993238 2.799029 448.487086
 17.280000 3.095893 2.707291 437.123182
 17.300000 -3.038598 2.701504 444.396587
 17.320000 -3.116676 2.598907 437.909808
 17.340000 3.084597 2.594467 434.367631
 17.360000 -3.139221 2.423934 433.529120
 17.380000 -3.115072 2.482568 435.687746
 17.400000 3.052289 2.399711 429.823087
 17.420000 -3.049088 2.266784 436.504384
 17.440000 3.090327 2.199463 427.854073
 17.460000 -3.087145 2.276917 434.401177
 17.480000 -2.957475 2.294817 442.398896
 17.500000 -3.135121 2.220661 430.534127
 17.520000 3.066449 2.098637 424.927269
 17.540000 3.101276 2.025964 424.610589
 17.560000 2.954894 1.958120 417.589329
 17.580000 -3.072215 2.013459 430.055558
 17.600000 -3.081585 1.882029 426.312193
 17.620000 3.115146 1.880733 421.636697
 17.640000 -2.969716 1.881930 433.155285
 17.660000 -3.039717 1.860171 428.716790
 17.680000 -2.958779 1.783829 433.035658
 17.700000 -2.790640 1.778094 443.198063
 17.720000 -2.939962 1.810206 434.421266
 17.740000 -2.973630 1.698116 431.251086
 17.760000 -3.020719 1.670288 428.053670
 17.780000 2.924443 1.571767 411.500357
 17.800000 2.993804 1.661311 415.071379
 17.820000 -3.090639 1.662544 423.698841
 17.840000 2.988711 1.742577 415.752501
 17.860000 -3.128884 1.610793 420.747355
 17.880000 3.077981 1.705762 418.680700
 17.900000 3.039251 1.796759 418.121294
 17.920000 -2.921952 1.679971 434.201252
 17.940000 -2.843447 1.798289 440.194040
 17.960000 -2.973378 1.703141 431.322428
 17.980000 -2.907003 1.817683 436.496875
 18.000000 -3.084130 1.667776 424.156160
 18.020000 3.090565 1.657359 418.613080
 18.040000 -3.007206 1.612752 428.168081
 18.060000 -3.127038 1.748585 422.413197
 18.080000 -3.036595 1.848212 428.817435
 18.100000 -3.009474 1.788258 429.973259
 18.120000 -3.125119 1.917071 424.500723
 18.140000 -2.992434 2.022138 435.104594
 18.160000 -2.951695 2.327001 443.225396
 18.180000 -3.119034 2.343499 433.569783
 18.200000 -2.992437 2.472206 442.721839
 18.220000 3.067368 2.413224 430.560104
 18.240000 2.888463 2.470921 424.960290
 18.260000 2.871018 2.669439 428.560745
 18.280000 2.656079 2.657948 421.146067
 18.300000 2.854218 2.954761 433.004247
 18.320000 3.071675 2.897204 439.461856
 18.340000 3.114563 2.979853 441.887540
 18.360000 -2.963889 3.065040 452.672657
 18.380000 -2.993177 -3.076826 452.660069
 18.400000 3.102443 3.115763 442.678928
 18.420000 3.139090 2.998350 442.863440
 18.440000 2.951674 2.861936 434.911902
 18.460000 3.074623 2.811996 438.268679
 18.480000 -3.075401 2.722743 442.714966
 18.500000 -3.083516 2.594974 439.734531
 18.520000 -3.002911 2.509957 442.515593
 18.540000 -3.063757 2.334029 436.710917
 18.560000 3.050093 2.354739 429.070846
 18.580000 3.105430 2.376320 431.407972
 18.600000 -3.112384 2.205067 431.612727
 18.620000 -3.024278 2.217189 437.125560
 18.640000 -2.884436 2.043213 442.092817
 18.660000 -2.990076 2.021443 435.232168
 18.680000 -3.127440 1.953879 425.277236
 18.700000 3.017977 1.872125 417.934533
 18.720000 2.888797 1.852506 413.139092
 18.740000 2.916819 1.858338 414.167838
 18.760000 3.078753 1.844925 419.998957
 18.780000 -3.106572 1.875414 424.739400
 18.800000 -2.993935 1.747129 430.529837
 18.820000 -2.832284 1.791887 440.812928
 18.840000 -2.865886 1.813919 438.967618
 18.860000 -2.854939 1.774929 439.284729
 18.880000 -2.875602 1.906108 439.445301
 18.900000 -3.009425 1.795993 430.046084
 18.920000 -3.034073 1.827150 428.804259
 18.940000 3.125605 1.829637 421.648585
 18.960000 2.890106 1.714636 411.959032
 18.980000 2.897446 1.934228 414.945544
 19.000000 2.996408 1.911965 417.933917
 19.020000 3.070746 1.989469 422.612812
 19.040000 -3.042150 2.155338 434.893603
 19.060000 3.124510 2.171056 428.569433
 19.080000 -3.025365 2.381266 439.667284
 19.100000 -3.084228 2.357590 435.850139
 19.120000 -3.045526 2.320285 437.581947
 19.140000 -3.107961 2.292065 433.409788
 19.160000 -3.123405 2.381473 433.875030
 19.180000 2.994804 2.307477 426.304646
 19.200000 3.019958 2.336493 427.690500
 19.220000 2.900375 2.190847 420.807693
 19.240000 3.074736 2.438708 431.174190
 19.260000 3.106760 2.562493 434.418264
 19.280000 -3.087985 2.633130 440.282357
 19.300000 -2.962454 2.716314 448.875553
 19.320000 -2.970235 2.689462 447.986677
 19.340000 -2.892108 2.777671 453.609565
 19.360000 -2.978803 2.795130 449.212574
 19.380000 -3.051106 2.753732 444.604556
 19.400000 3.113531 2.691661 437.427010
 19.420000 3.060868 2.594308 433.526632
 19.440000 2.873977 2.517007 425.073185
 19.460000 2.898494 2.547321 426.689609
 19.480000 2.844816 2.518011 424.089683
 19.500000 -3.126122 2.730851 440.005493
 19.520000 -3.121153 2.647710 438.683738
 19.540000 -3.040963 2.622431 442.744371
 19.560000 -3.032627 2.648059 443.728263
 19.580000 -3.077500 2.811623 444.065439
 19.600000 -3.085074 2.659301 440.975948
 19.620000 -3.064864 2.503024 438.852358
 19.640000 3.120310 2.431337 432.720312
 19.660000 -3.069182 2.426948 437.699121
 19.680000 -3.078671 2.412607 436.952520
 19.700000 3.022070 2.200930 425.374560
 19.720000 -3.075675 2.138443 432.536108
 19.740000 3.103330 2.030572 424.793225
 19.760000 -3.121141 2.217733 431.320695
 19.780000 -3.120786 2.071694 428.408112
 19.800000 -3.128853 1.981830 425.867283
 19.820000 -3.063971 1.954857 429.170765
 19.840000 -2.922118 1.852825 435.854040
 19.860000 -3.114819 1.724826 422.916093
 19.880000 3.107555 1.579850 418.292943
 19.900000 3.087698 1.520962 416.744404
 19.920000 3.011936 1.415421 412.378238
 19.940000 -3.054077 1.391900 421.995964
 19.960000 3.127843 1.209071 413.930645
 19.980000 3.115309 1.173950 413.499756
 20.000000 -3.032915 0.936122 420.221519
