#! FIELDS time phi psi metad.bias
#! SET min_phi -pi
#! SET max_phi pi
#! SET min_psi -pi
#! SET max_psi pi
 0.000000 3.141580 -3.141577 382.202136
 0.020000 -3.138349 2.511543 366.854736
 0.040000 3.132194 2.482757 365.957691
 0.060000 -3.117615 2.516135 368.202987
 0.080000 3.118702 2.472433 365.299851
 0.100000 3.128777 2.510359 366.138929
 0.120000 3.091847 2.477473 364.292470
 0.140000 3.127951 2.508433 366.084338
 0.160000 3.128863 2.500792 366.033083
 0.180000 -3.124140 2.566142 369.155608
 0.200000 -3.130094 2.536714 368.007674
 0.220000 -3.102435 2.523292 369.312074
 0.240000 3.115594 2.461198 365.042868
 0.260000 -3.131605 2.566241 368.711369
 0.280000 3.052528 2.453897 362.445789
 0.300000 3.020643 2.480917 361.533620
 0.320000 3.008586 2.403006 360.048282
 0.340000 3.047333 2.444456 362.121127
 0.360000 -3.137706 2.461399 366.321164
 0.380000 -3.085410 2.424485 369.086040
 0.400000 -3.031965 2.443018 372.563328
 0.420000 -3.031013 2.347008 371.546691
 0.440000 3.126194 2.430362 365.099162
 0.460000 3.120647 2.387365 364.350018
 0.480000 3.050104 2.461522 362.445557
 0.500000 3.066416 2.461459 363.089705
 0.520000 -3.120744 2.514138 367.959983
 0.540000 3.108567 2.444160 364.557426
 0.560000 3.116494 2.421746 364.604002
 0.580000 -3.099468 2.585158 371.135835
 0.600000 3.124052 2.533923 366.551654
 0.620000 -3.100533 2.595993 371.357091
 0.640000 3.047743 2.469481 362.451994
 0.660000 3.078290 2.579784 366.028645
 0.680000 3.079504 2.580496 366.094902
 0.700000 3.055196 2.491155 363.012828
 0.720000 -3.112396 2.499512 368.288838
 0.740000 3.103073 2.501420 365.020421
 0.760000 -3.122468 2.491392 367.588429
 0.780000 3.081448 2.499659 364.147210
 0.800000 3.086734 2.462069 363.903373
 0.820000 3.080815 2.381113 362.655171
 0.840000 -3.135506 2.490975 366.794355
 0.860000 3.075049 2.295899 361.304305
 0.880000 -3.090098 2.395459 368.462579
 0.900000 3.117551 2.244581 362.387874
 0.920000 -3.059115 2.378670 370.175113
 0.940000 -3.124565 2.260257 364.665823
 0.960000 3.099583 2.252775 361.744757
 0.980000 -3.139710 2.407294 365.559331
 1.000000 3.139044 2.439078 365.720603
 1.020000 -3.132093 2.457660 366.619002
 1.040000 -3.032175 2.373277 371.775625
 1.060000 -3.006434 2.522237 375.083887
 1.080000 -3.058749 2.528864 372.097091
 1.100000 -3.112690 2.578650 370.173565
 1.120000 3.064107 2.489814 363.346442
 1.140000 3.019049 2.656521 365.894821
 1.160000 2.911975 2.640419 361.511310
 1.180000 3.045986 2.697425 368.008541
 1.200000 2.929021 2.587189 360.599463
 1.220000 3.015235 2.600415 364.195210
 1.240000 3.051849 2.630159 366.401081
 1.260000 2.989522 2.486640 360.398992
 1.280000 3.025081 2.422029 360.951827
 1.300000 -3.128268 2.377536 365.901973
 1.320000 3.080243 2.447939 363.471951
 1.340000 -3.028092 2.386701 372.179158
 1.360000 -3.130443 2.271876 364.448173
 1.380000 -3.081222 2.337263 368.320416
 1.400000 -2.982355 2.417936 375.332745
 1.420000 -3.072167 2.486219 370.582026
 1.440000 -3.057255 2.404359 370.583806
 1.460000 -3.097559 2.507595 369.275412
 1.480000 3.037723 2.508964 362.548417
 1.500000 3.029946 2.614765 365.150076
 1.520000 2.984566 2.582253 362.527221
 1.540000 2.978404 2.666769 364.676667
 1.560000 -3.072356 2.845452 379.271603
 1.580000 3.116234 2.660116 369.642479
 1.600000 -3.035245 2.621269 375.899883
 1.620000 3.112178 2.496829 365.326682
 1.640000 -3.058543 2.668021 375.704375
 1.660000 3.056606 2.569668 364.914976
 1.680000 3.095251 2.435457 363.917906
 1.700000 3.005735 2.327223 358.906503
 1.720000 3.129911 2.445314 365.427326
 1.740000 3.090997 2.379805 363.051028
 1.760000 -3.019764 2.380513 372.623188
 1.780000 -2.965016 2.319584 375.330825
 1.800000 -3.065040 2.308577 368.979964
 1.820000 -2.998979 2.426878 374.408748
 1.840000 3.020478 2.271273 358.725940
 1.860000 3.003066 2.325539 358.775886
 1.880000 3.061874 2.224563 359.784069
 1.900000 -3.106436 2.383966 367.322245
 1.920000 -3.139583 2.343404 364.785096
 1.940000 -3.017313 2.419420 373.204112
 1.960000 3.093657 2.508223 364.729011
 1.980000 -3.034060 2.693967 377.795645
 2.000000 3.135286 2.671206 370.654592
 2.020000 -3.134798 2.727757 372.751497
 2.040000 3.086823 2.827988 372.922147
 2.060000 3.020450 2.777472 369.223007
 2.080000 2.962444 2.705915 365.185000
 2.100000 2.982204 2.526625 360.845092
 2.120000 3.061383 2.568050 365.053867
 2.140000 -3.117870 2.611822 370.740617
 2.160000 3.075730 2.469249 363.554314
 2.180000 -3.097579 2.529243 369.764567
 2.200000 3.058697 2.401733 362.028629
 2.220000 3.113812 2.522089 365.824674
 2.240000 -3.037311 2.502334 372.868377
 2.260000 -3.081471 2.453156 369.651336
 2.280000 -2.917399 2.396335 379.092946
 2.300000 -3.087767 2.406849 368.738358
 2.320000 3.083488 2.356403 362.445938
 2.340000 3.056895 2.337599 361.117145
 2.360000 3.012317 2.410556 360.296064
 2.380000 2.972265 2.338707 357.728647
 2.400000 -3.118887 2.446129 367.289624
 2.420000 3.021789 2.354524 359.924745
 2.440000 -3.052996 2.540317 372.745676
 2.460000 3.136474 2.448408 365.727502
 2.480000 -3.058769 2.476349 371.289455
 2.500000 -3.087101 2.465078 369.441413
 2.520000 -3.131032 2.553184 368.395230
 2.540000 3.061132 2.485947 363.182273
 2.560000 3.074703 2.504001 363.933910
 2.580000 3.011243 2.514538 361.611650
 2.600000 3.101422 2.491662 364.840520
 2.620000 -3.112830 2.450956 367.714379
 2.640000 -3.126983 2.547357 368.481548
 2.660000 -3.084512 2.576380 371.799552
 2.680000 -3.081918 2.481399 369.937182
 2.700000 3.136326 2.524422 366.774927
 2.720000 -3.106510 2.448618 368.072831
 2.740000 -3.088292 2.471990 369.445827
 2.760000 -3.112966 2.472077 367.946855
 2.780000 -3.082513 2.371784 368.651615
 2.800000 3.068372 2.367324 361.973652
 2.820000 3.049888 2.428102 362.014601
 2.840000 3.038200 2.472226 362.111157
 2.860000 3.057146 2.422620 362.233852
 2.880000 -3.081410 2.467456 369.814314
 2.900000 -3.030755 2.521305 373.589304
 2.920000 -3.103347 2.498569 368.826268
 2.940000 -3.138566 2.498671 366.696561
 2.960000 3.105919 2.548494 366.240958
 2.980000 3.138643 2.520437 366.757562
 3.000000 -2.990459 2.385845 374.488857
 3.020000 -3.055101 2.365196 370.266806
 3.040000 -3.072935 2.414905 369.741110
 3.060000 3.127360 2.326797 363.865329
 3.080000 3.057190 2.390077 361.817710
 3.100000 -3.135064 2.377292 365.481121
 3.120000 -3.001483 2.406370 374.034108
 3.140000 -3.017259 2.563516 375.498483
 3.160000 -3.053947 2.472378 371.540026
 3.180000 -3.074994 2.503990 370.602296
 3.200000 3.088473 2.511180 364.559908
 3.220000 -3.137730 2.464327 366.353645
 3.240000 3.009801 2.508977 361.465999
 3.260000 2.944552 2.588183 361.202322
 3.280000 3.004992 2.568609 362.912413
 3.300000 2.982580 2.465551 359.856494
 3.320000 3.080280 2.496214 364.060081
 3.340000 -3.060514 2.526731 371.934183
 3.360000 -3.058805 2.617454 374.400681
 3.380000 -3.101979 2.537168 369.711546
 3.400000 3.096773 2.344565 362.835495
 3.420000 3.025296 2.236977 358.440443
 3.440000 -3.131662 2.376623 365.682113
 3.460000 3.081717 2.269485 361.225360
 3.480000 -3.076349 2.248029 367.528218
 3.500000 3.122207 2.116143 360.831470
 3.520000 3.113665 2.162708 361.113178
 3.540000 3.137844 2.083397 361.048858
 3.560000 -3.088589 2.156356 365.576120
 3.580000 3.111706 2.098658 360.130673
 3.600000 -3.027361 2.224133 370.309317
 3.620000 3.061927 2.125436 358.377701
 3.640000 3.061283 2.235476 359.911034
 3.660000 3.029573 2.230450 358.524625
 3.680000 3.054800 2.323942 360.849607
 3.700000 -3.048286 2.508142 372.263902
 3.720000 -3.127419 2.323509 365.289429
 3.740000 3.137334 2.555068 367.646453
 3.760000 -3.129142 2.676313 371.757816
 3.780000 3.098107 2.756079 371.480614
 3.800000 3.112126 2.653477 369.311074
 3.820000 3.137543 2.668564 370.670807
 3.840000 -3.134566 2.775815 373.985582
 3.860000 -3.132468 2.744102 373.303986
 3.880000 3.049266 2.696300 368.099679
 3.900000 3.052604 2.720948 368.883805
 3.920000 3.062307 2.711885 368.999772
 3.940000 3.005436 2.676840 365.949927
 3.960000 3.104390 2.707202 370.437912
 3.980000 3.056457 2.525599 363.678021
 4.000000 -3.120383 2.562767 369.290430
 4.020000 -3.121034 2.391811 366.518632
 4.040000 -3.126058 2.302606 365.111693
 4.060000 3.070936 2.186423 359.630608
 4.080000 3.136318 2.154742 361.973157
 4.100000 3.097283 2.051466 358.822889
 4.120000 -3.106723 1.921255 361.103650
 4.140000 3.127245 1.950265 358.637912
 4.160000 -3.006295 2.102549 370.110847
 4.180000 -2.972081 2.056134 371.699098
 4.200000 -2.930848 2.009448 373.740438
 4.220000 -2.928609 2.006956 373.851979
 4.240000 -3.071548 2.017605 364.778145
 4.260000 -3.127064 2.108418 362.485670
 4.280000 3.118521 2.044533 359.649107
 4.300000 3.098300 1.917888 356.847081
 4.320000 3.110280 2.063680 359.566873
 4.340000 3.113741 2.056928 359.620006
 4.360000 3.044396 2.106776 357.357671
 4.380000 3.114646 2.174583 361.318667
 4.400000 -3.140461 2.186602 362.701522
 4.420000 -3.106916 2.295170 366.208708
 4.440000 3.129974 2.348250 364.243828
 4.460000 3.137185 2.457811 365.866556
 4.480000 3.124222 2.455460 365.319650
 4.500000 -3.048656 2.515549 372.355200
 4.520000 -3.073967 2.445246 370.020822
 4.540000 -3.127129 2.492046 367.313523
 4.560000 3.138449 2.602538 368.963122
 4.580000 -3.139700 2.743019 372.856276
 4.600000 3.047025 2.713934 368.490753
 4.620000 3.080486 2.619996 367.210350
 4.640000 -3.139009 2.814758 374.706532
 4.660000 -3.106524 2.797517 376.144909
 4.680000 -3.045624 2.791816 379.516770
 4.700000 3.085066 2.583656 366.395659
 4.720000 3.037189 2.541451 363.377789
 4.740000 2.992102 2.532221 361.383969
 4.760000 3.054264 2.594190 365.504169
 4.780000 2.968785 2.245015 356.246565
 4.800000 -3.101057 2.173652 365.015300
 4.820000 -3.119038 2.174959 363.896674
 4.840000 -2.952365 2.112698 373.680926
 4.860000 -2.976780 1.970663 370.253489
 4.880000 -3.023395 1.876221 366.034696
 4.900000 -3.077279 1.894086 362.612757
 4.920000 3.122020 1.811478 357.658157
 4.940000 3.009717 1.783856 352.686589
 4.960000 2.918382 1.681851 348.900470
 4.980000 2.949201 1.824655 349.922093
 5.000000 2.799439 1.887354 343.553257
 5.020000 3.068094 1.994968 356.701640
 5.040000 3.060458 2.008332 356.572217
 5.060000 -3.050635 2.296907 369.736715
 5.080000 -2.947959 2.379343 377.037359
 5.100000 -2.966999 2.451997 376.626937
 5.120000 -3.056635 2.429428 370.904062
 5.140000 -3.053855 2.619291 374.742337
 5.160000 3.081709 2.747487 370.655199
 5.180000 3.068122 2.671428 368.132730
 5.200000 3.037301 2.592228 364.803346
 5.220000 2.882005 2.681341 361.616500
 5.240000 3.052891 2.826349 371.668663
 5.260000 3.029833 2.789226 369.872028
 5.280000 3.013063 2.911285 372.469117
 5.300000 3.131521 2.903561 376.390148
 5.320000 -3.091476 3.043185 382.767198
 5.340000 -3.128587 3.002512 379.808914
 5.360000 -3.002264 2.949802 385.637502
 5.380000 -3.114749 2.776080 375.137268
 5.400000 -3.090761 2.723832 375.220531
 5.420000 -3.134743 2.486350 366.787944
 5.440000 3.094945 2.413478 363.633941
 5.460000 2.998466 2.282247 357.984194
 5.480000 3.099921 2.070016 359.208226
 5.500000 3.045832 2.009565 355.954539
 5.520000 -3.080715 1.949581 363.212052
 5.540000 -2.923853 2.123260 375.625235
 5.560000 -2.939495 2.015730 373.266043
 5.580000 -2.854909 1.961659 378.003655
 5.600000 -2.872562 1.871458 375.900322
 5.620000 -3.004110 1.939476 368.044296
 5.640000 -3.057627 1.819510 364.017278
 5.660000 -3.052632 1.855016 364.208801
 5.680000 2.964705 1.771642 350.732054
 5.700000 3.086400 1.785373 356.123198
 5.720000 2.825977 1.819307 344.739385
 5.740000 2.692905 1.790035 339.563756
 5.760000 2.942278 1.967021 350.829203
 5.780000 2.975573 1.970317 352.301347
 5.800000 -3.102389 2.198933 365.263010
 5.820000 -2.998275 2.283422 372.845063
 5.840000 3.089205 2.385822 363.054765
 5.860000 3.049500 2.439268 362.141222
 5.880000 3.138284 2.568197 368.037476
 5.900000 3.054040 2.522744 363.503644
 5.920000 -3.045677 2.607182 374.919110
 5.940000 -3.071548 2.649478 374.464735
 5.960000 3.106686 2.770384 372.164313
 5.980000 -3.106382 2.759374 375.203703
 6.000000 -3.139625 2.748129 372.990956
 6.020000 3.135387 2.816131 374.368569
 6.040000 -3.134023 2.808803 374.844044
 6.060000 -3.102828 2.900270 378.850364
 6.080000 -3.125087 2.841905 376.175090
 6.100000 -3.119408 2.594891 370.202568
 6.120000 -3.120819 2.512057 367.918612
 6.140000 3.032799 2.461596 361.764936
 6.160000 2.951608 2.298648 356.337185
 6.180000 2.832078 2.238693 350.767887
 6.200000 2.873971 2.135835 350.766433
 6.220000 3.007200 1.951847 353.367293
 6.240000 -3.096492 1.917744 361.716205
 6.260000 -3.118834 1.761269 360.198009
 6.280000 -3.107602 1.768373 360.912629
 6.300000 -3.134444 1.579954 359.608772
 6.320000 -3.110876 1.576077 361.168481
 6.340000 -3.008480 1.508730 368.043126
 6.360000 -3.100904 1.399686 362.049107
 6.380000 -3.127895 1.520812 360.137756
 6.400000 -3.122895 1.413397 360.589963
 6.420000 3.133454 1.479973 358.913046
 6.440000 -3.074183 1.610250 363.522489
 6.460000 -3.009421 1.833950 367.123526
 6.480000 -3.019482 1.931886 366.935949
 6.500000 -2.985354 2.078382 371.137240
 6.520000 -3.034051 2.225866 369.909583
 6.540000 3.061950 2.397432 362.103848
 6.560000 3.043829 2.487730 362.525088
 6.580000 2.925694 2.628770 361.674761
 6.600000 3.108248 2.688920 370.101692
 6.620000 -3.131074 2.659274 371.201245
 6.640000 3.139490 2.684388 371.156880
 6.660000 3.004586 2.746623 367.823195
 6.680000 2.995282 2.886625 371.218370
 6.700000 2.975368 2.872737 370.167026
 6.720000 3.132266 2.749125 372.557986
 6.740000 -3.043265 2.722092 377.952231
 6.760000 -3.050373 2.728040 377.683810
 6.780000 -2.818896 2.728387 391.158166
 6.800000 -3.095145 2.611328 372.079450
 6.820000 -3.107834 2.452492 368.036419
 6.840000 3.111149 2.370037 363.747013
 6.860000 3.074182 2.442915 363.168288
 6.880000 3.005627 2.378271 359.599320
 6.900000 -3.083789 2.345684 368.262473
 6.920000 3.141410 2.203316 362.846080
 6.940000 -3.053799 2.059723 366.500822
 6.960000 3.082645 1.954529 356.720311
 6.980000 2.794771 1.957189 344.619706
 7.000000 2.897804 1.841629 347.675440
 7.020000 2.647630 1.782324 337.899408
 7.040000 2.800867 1.906075 343.949014
 7.060000 2.837530 1.778500 345.299458
 7.080000 2.811641 2.013241 346.262493
 7.100000 3.030795 1.898348 353.533411
 7.120000 -2.884679 2.113718 377.996506
 7.140000 -3.017857 2.053330 368.722482
 7.160000 -2.782602 2.236665 385.750866
 7.180000 -2.905564 2.134840 376.925484
 7.200000 3.117343 2.218636 362.032053
 7.220000 -2.972056 2.361956 375.363336
 7.240000 -3.025723 2.182201 369.891231
 7.260000 -3.063182 2.233995 368.178789
 7.280000 3.101267 2.161924 360.573451
 7.300000 -3.074135 2.528246 371.152088
 7.320000 3.090063 2.434722 363.701120
 7.340000 -3.119525 2.720825 373.465139
 7.360000 3.063984 2.578419 365.440865
 7.380000 -3.091898 2.935038 380.284468
 7.400000 3.107665 3.043668 378.910476
 7.420000 -3.134708 2.811506 374.872135
 7.440000 -3.036853 2.828042 380.887763
 7.460000 3.117191 2.711716 371.032861
 7.480000 3.122576 2.694836 370.793796
 7.500000 3.069436 2.474693 363.371916
 7.520000 2.800605 2.468249 353.097757
 7.540000 2.926877 2.253329 354.688201
 7.560000 3.110206 2.238344 361.996252
 7.580000 3.083064 2.189272 360.182249
 7.600000 -2.871294 2.319178 381.133828
 7.620000 -2.775748 2.310905 386.915465
 7.640000 -2.915493 2.214424 377.232729
 7.660000 -2.874951 2.076772 378.168399
 7.680000 -3.001292 2.036999 369.569213
 7.700000 3.105961 2.036903 358.988033
 7.720000 -3.047306 1.998059 366.068662
 7.740000 3.064423 1.902466 355.091554
 7.760000 2.977397 1.772439 351.287049
 7.780000 2.993591 1.800158 351.929311
 7.800000 2.955754 1.673068 350.546368
 7.820000 3.122281 1.801221 357.703132
 7.840000 -3.108327 1.870661 360.505641
 7.860000 -3.109195 1.954359 361.436041
 7.880000 3.092723 2.038996 358.440487
 7.900000 3.134970 2.008824 359.851988
 7.920000 2.993520 1.998873 353.529106
 7.940000 -3.008226 2.168656 370.829420
 7.960000 -3.081957 2.038521 364.400698
 7.980000 3.117722 2.136709 360.926035
 8.000000 -3.087202 2.047431 364.187928
 8.020000 2.993010 2.370489 358.992363
 8.040000 3.062662 2.305521 360.924062
 8.060000 -3.118590 2.406510 366.843734
 8.080000 -3.080131 2.428369 369.453510
 8.100000 -3.022527 2.526984 374.235050
 8.120000 -2.918407 2.560205 381.346155
 8.140000 3.082758 2.544317 365.223611
 8.160000 3.114043 2.732540 371.457264
 8.180000 3.053877 2.673811 367.664444
 8.200000 2.921770 2.857742 367.928963
 8.220000 2.979288 2.660797 364.542550
 8.240000 3.109536 2.704178 370.550523
 8.260000 3.080912 2.732026 370.220014
 8.280000 -3.021841 2.678047 378.119428
 8.300000 -3.042471 2.560812 373.914264
 8.320000 3.113016 2.541465 366.325588
 8.340000 -3.139737 2.444225 365.996881
 8.360000 3.026869 2.372293 360.367045
 8.380000 3.101675 2.257945 361.901354
 8.400000 -3.132473 2.100158 362.027134
 8.420000 -3.018138 2.162572 370.124482
 8.440000 -3.030298 1.979931 366.914971
 8.460000 -3.059674 2.016820 365.532454
 8.480000 2.990687 1.745280 351.938392
 8.500000 3.112552 1.931402 357.693767
 8.520000 3.138060 1.842698 358.280072
 8.540000 -3.128915 1.922789 359.685661
 8.560000 -3.063705 1.762627 363.813049
 8.580000 -3.082856 1.849761 362.251313
 8.600000 2.976442 1.858631 351.009492
 8.620000 -3.127977 1.860000 359.264723
 8.640000 2.932183 1.874464 349.047681
 8.660000 3.109744 2.041026 359.213978
 8.680000 -3.140711 2.208545 362.978813
 8.700000 3.027423 2.310644 359.554999
 8.720000 -3.092012 2.340909 367.696020
 8.740000 3.119214 2.462844 365.206952
 8.760000 -3.097045 2.734672 375.126628
 8.780000 -3.122657 2.694362 372.604493
 8.800000 3.084432 2.595240 366.687703
 8.820000 3.076894 2.598337 366.483292
 8.840000 3.106999 2.719491 370.856543
 8.860000 2.876671 2.632378 360.011183
 8.880000 2.938266 2.617003 361.797405
 8.900000 2.880463 2.650348 360.667893
 8.920000 3.084147 2.750937 370.834850
 8.940000 -3.066053 2.696313 375.975285
 8.960000 -2.906128 2.615141 383.423131
 8.980000 -2.961880 2.634817 380.596299
 9.000000 -2.914754 2.708614 385.141616
 9.020000 3.060159 2.446511 362.655517
 9.040000 3.062118 2.527288 363.945753
 9.060000 3.068225 2.399230 362.379075
 9.080000 -3.110750 2.514914 368.584455
 9.100000 -3.004718 2.278137 372.380375
 9.120000 -3.013614 2.246047 371.440556
 9.140000 -3.085366 2.300902 367.621232
 9.160000 3.120583 2.170167 361.511150
 9.180000 2.991155 2.209616 356.640974
 9.200000 2.964579 2.087890 353.703975
 9.220000 3.097067 2.280764 362.013385
 9.240000 3.048399 2.203224 358.921637
 9.260000 -3.015878 2.307202 372.024877
 9.280000 3.113689 1.978744 358.464465
 9.300000 -3.089915 2.126379 365.092967
 9.320000 -3.089981 2.154844 365.467871
 9.340000 -3.021735 2.202799 370.400379
 9.360000 3.022979 1.977031 354.454563
 9.380000 3.089127 2.077584 358.850414
 9.400000 3.025405 2.118588 356.726683
 9.420000 3.041441 2.019947 355.923636
 9.440000 -3.054338 2.125202 367.341695
 9.460000 -2.998740 2.103930 370.611234
 9.480000 -2.841207 2.348066 383.279165
 9.500000 -2.879096 2.376075 381.236730
 9.520000 -3.075233 2.430917 369.782183
 9.540000 3.122076 2.374252 364.245426
 9.560000 3.101784 2.653727 368.926067
 9.580000 3.015537 2.618591 364.713647
 9.600000 -3.096721 2.558997 370.608975
 9.620000 3.020902 2.531106 362.457060
 9.640000 -3.127082 2.578610 369.312338
 9.660000 3.070875 2.582864 365.828100
 9.680000 2.900033 2.470383 356.773769
 9.700000 2.874320 2.524668 356.750023
 9.720000 2.980131 2.689632 365.375184
 9.740000 2.894757 2.595694 359.592971
 9.760000 2.968317 2.618298 362.942823
 9.780000 3.029069 2.473838 361.773465
 9.800000 3.043667 2.590066 364.985732
 9.820000 -3.040111 2.556751 373.950576
 9.840000 -3.064573 2.371763 369.758280
 9.860000 -3.129653 2.365140 365.665743
 9.880000 3.115882 2.297074 363.008390
 9.900000 3.036872 2.283929 359.572911
 9.920000 2.951389 2.331531 356.800656
 9.940000 3.118178 2.282102 362.908724
 9.960000 -3.060484 2.461937 371.028287
 9.980000 -2.950126 2.455592 377.692323
 10.000000 -2.961047 2.291745 375.264403
 10.020000 -2.955911 2.385938 376.617748
 10.040000 -3.121231 2.394800 366.542290
 10.060000 -3.109869 2.508438 368.540291
 10.080000 2.982505 2.341564 358.175724
 10.100000 2.932186 2.443300 357.618872
 10.120000 3.063339 2.524675 363.920034
 10.140000 3.026652 2.514069 362.194179
 10.160000 3.138930 2.450077 365.845767
 10.180000 -3.067194 2.389733 369.805048
 10.200000 -3.097858 2.515130 369.369021
 10.220000 -3.075615 2.507166 370.598746
 10.240000 3.087995 2.496651 364.369278
 10.260000 2.927717 2.316925 355.658593
 10.280000 -3.100894 2.569569 370.638883
 10.300000 3.043173 2.460072 362.154001
 10.320000 -3.034462 2.407295 372.017548
 10.340000 -3.053364 2.323007 369.878864
 10.360000 -2.941332 2.566576 380.131383
 10.380000 -2.956518 2.551202 378.834362
 10.400000 3.139351 2.530650 367.063663
 10.420000 3.009277 2.487097 361.169662
 10.440000 3.036936 2.661766 366.705093
 10.460000 2.925810 2.588614 360.522395
 10.480000 2.944975 2.480263 358.606814
 10.500000 3.047219 2.554973 364.144149
 10.520000 3.059903 2.530705 363.955410
 10.540000 3.116975 2.611496 368.376367
 10.560000 3.074061 2.349559 361.973207
 10.580000 3.028380 2.472913 361.734805
 10.600000 3.048706 2.567870 364.561408
 10.620000 3.109895 2.599540 367.782840
 10.640000 3.079391 2.519647 364.406265
 10.660000 -3.080272 2.451357 369.704295
 10.680000 -3.014815 2.543188 375.121193
 10.700000 -2.960538 2.581912 379.364865
 10.720000 -3.104690 2.322944 366.691308
 10.740000 -3.117487 2.307714 365.708189
 10.760000 3.106266 2.510325 365.250102
 10.780000 2.930609 2.381378 356.695838
 10.800000 2.957507 2.389793 357.859895
 10.820000 2.942778 2.402791 357.467303
 10.840000 3.036075 2.605497 365.125064
 10.860000 -3.046355 2.611630 374.992639
 10.880000 -3.091061 2.469765 369.252665
 10.900000 -3.104298 2.420340 367.881657
 10.920000 -3.062909 2.476157 371.035589
 10.940000 2.891220 2.366779 354.970397
 10.960000 2.970765 2.296888 357.076276
 10.980000 2.880257 2.241187 352.666852
 11.000000 2.952585 2.313717 356.593048
 11.020000 3.141006 2.460651 366.052793
 11.040000 3.091440 2.185594 360.485299
 11.060000 -2.996348 2.476254 375.086983
 11.080000 -2.735349 2.657725 394.404464
 11.100000 -2.863859 2.638129 386.469497
 11.120000 -2.850019 2.570132 385.670034
 11.140000 -2.886984 2.396831 380.961511
 11.160000 -3.077640 2.616847 373.264389
 11.180000 -3.074044 2.471188 370.303819
 11.200000 3.092612 2.294135 362.005932
 11.220000 2.964504 2.217937 355.674673
 11.240000 2.988891 2.313378 358.036762
 11.260000 2.884474 2.316333 353.968252
 11.280000 2.887312 2.320643 354.141741
 11.300000 3.004815 2.345840 359.125751
 11.320000 3.023124 2.454631 361.296029
 11.340000 3.132534 2.489171 366.045233
 11.360000 3.101020 2.375762 363.406811
 11.380000 3.066300 2.325941 361.345706
 11.400000 3.068869 2.296374 361.056165
 11.420000 3.070570 2.316869 361.399888
 11.440000 3.029903 2.219026 358.376030
 11.460000 3.108243 2.099001 359.985854
 11.480000 3.078393 2.267667 361.062915
 11.500000 -3.091224 2.352083 367.879279
 11.520000 -3.056221 2.415836 370.777068
 11.540000 -3.053728 2.262056 369.119889
 11.560000 -2.947951 2.574920 379.943258
 11.580000 -2.798089 2.699763 391.720426
 11.600000 -2.801415 2.569741 388.540918
 11.620000 -2.935332 2.485108 378.882525
 11.640000 -3.023869 2.476994 373.419892
 11.660000 3.067510 2.607615 366.378503
 11.680000 2.958245 2.468875 358.962453
 11.700000 2.802183 2.330337 351.078298
 11.720000 2.799750 2.447425 352.761174
 11.740000 2.772222 2.475730 352.201150
 11.760000 2.726501 2.409891 349.605931
 11.780000 2.783651 2.339136 350.536127
 11.800000 2.886300 2.397787 355.232135
 11.820000 3.017743 2.598375 364.232878
 11.840000 3.049305 2.405490 361.701011
 11.860000 3.074257 2.304510 361.386715
 11.880000 3.099725 2.231427 361.463041
 11.900000 -3.039266 2.423207 371.899257
 11.920000 3.133743 2.287181 363.622950
 11.940000 -3.007039 2.306870 372.571560
 11.960000 -3.088478 2.252610 366.825740
 11.980000 -3.043253 2.522944 372.876973
 12.000000 -3.106619 2.451413 368.098157
 12.020000 -3.125703 2.452682 366.950195
 12.040000 -3.077247 2.587266 372.519160
 12.060000 -3.082421 2.632934 373.395887
 12.080000 -3.005384 2.673563 378.978350
 12.100000 3.072647 2.508741 363.909854
 12.120000 3.065147 2.588636 365.767221
 12.140000 2.941625 2.518737 359.076609
 12.160000 2.962650 2.470788 359.156966
 12.180000 2.859778 2.205455 351.312451
 12.200000 2.922665 2.261892 354.648743
 12.220000 2.736535 2.181718 346.273453
 12.240000 2.851814 2.115824 349.565196
 12.260000 2.915086 1.966065 349.668416
 12.280000 3.101648 1.825623 356.687991
 12.300000 -3.109111 1.879704 360.418489
 12.320000 -3.027870 1.863565 365.795128
 12.340000 -3.011951 1.835959 366.949763
 12.360000 -3.033092 1.834806 365.568343
 12.380000 -2.875135 1.889267 375.728192
 12.400000 -2.909441 1.977602 374.701251
 12.420000 -2.905339 1.879067 373.733383
 12.440000 -3.061733 1.932866 364.200930
 12.460000 -3.037508 1.994892 366.657727
 12.480000 3.077600 1.999182 357.182412
 12.500000 -3.106120 2.137040 364.206584
 12.520000 2.967797 2.096613 353.973544
 12.540000 3.037315 2.426516 361.494832
 12.560000 3.010628 2.439436 360.608800
 12.580000 2.906803 2.513202 357.609549
 12.600000 3.000667 2.509566 361.121063
 12.620000 3.131072 2.730590 372.037890
 12.640000 3.024491 2.756350 368.804483
 12.660000 3.094253 2.695252 369.745129
 12.680000 3.051176 2.589425 365.254549
 12.700000 2.899797 2.522829 357.633809
 12.720000 -3.121268 2.550383 368.905902
 12.740000 3.006560 2.395439 359.867092
 12.760000 -3.139628 2.534222 367.367007
 12.780000 -3.137495 2.339998 364.871646
 12.800000 -3.028198 2.400384 372.325671
 12.820000 -3.073367 2.409685 369.654906
 12.840000 -2.966251 2.510983 377.260009
 12.860000 -2.872981 2.477716 382.588414
 12.880000 -2.860824 2.509732 383.608644
 12.900000 -2.944805 2.387244 377.314969
 12.920000 -3.107569 2.345706 366.791557
 12.940000 3.010208 2.457561 360.827592
 12.960000 2.808653 2.230060 349.742061
 12.980000 2.888114 2.423494 355.668600
 13.000000 2.842524 2.206254 350.655943
 13.020000 3.049584 2.413900 361.820567
 13.040000 2.991682 2.317343 358.204364
 13.060000 3.126306 2.408291 364.836580
 13.080000 -3.077964 2.548148 371.448724
 13.100000 -3.026333 2.501591 373.526317
 13.120000 -3.074155 2.572817 372.326441
 13.140000 3.126302 2.407992 364.832790
 13.160000 3.044201 2.475299 362.385241
 13.180000 3.035829 2.425618 361.424265
 13.200000 3.075889 2.391576 362.589885
 13.220000 3.048549 2.346672 360.899038
 13.240000 -3.090039 2.453745 369.135418
 13.260000 3.126308 2.564238 367.464378
 13.280000 -3.103860 2.590441 371.012585
 13.300000 -3.029746 2.580541 375.187319
 13.320000 -3.102118 2.593241 371.190237
 13.340000 -3.034173 2.611384 375.712148
 13.360000 -3.108251 2.504210 368.591601
 13.380000 3.021913 2.520047 362.181229
 13.400000 3.026648 2.365264 360.264231
 13.420000 2.994480 2.385452 359.254224
 13.440000 2.863864 2.268229 352.446237
 13.460000 2.882047 2.231671 352.590397
 13.480000 2.831954 2.270813 351.266547
 13.500000 2.950085 2.335486 356.805604
 13.520000 -3.133305 2.303473 364.672629
 13.540000 -3.093615 2.213845 366.008946
 13.560000 -2.959467 2.251064 374.896646
 13.580000 -2.931873 2.199101 376.024508
 13.600000 -3.052237 2.171371 368.075025
 13.620000 -3.095451 2.053345 363.741087
 13.640000 -3.064208 2.080894 366.120748
 13.660000 3.050074 2.033201 356.499741
 13.680000 -3.120366 2.039807 361.952976
 13.700000 3.040599 1.973693 355.169560
 13.720000 3.059191 1.993140 356.284085
 13.740000 3.105259 1.996592 358.359587
 13.760000 3.135262 2.103146 361.214071
 13.780000 3.122027 2.082941 360.354403
 13.800000 -3.049206 2.157798 368.092550
 13.820000 3.100448 2.225909 361.418600
 13.840000 3.137737 2.305095 364.018704
 13.860000 -3.134668 2.300890 364.555242
 13.880000 3.101338 2.274414 362.106617
 13.900000 -3.073964 2.355456 368.986715
 13.920000 -3.139686 2.431720 365.852418
 13.940000 -3.082279 2.454996 369.622610
 13.960000 3.039687 2.444053 361.813463
 13.980000 3.133664 2.563104 367.720257
 14.000000 3.089603 2.593642 366.842712
 14.020000 -3.026527 2.628742 376.607539
 14.040000 -3.139887 2.497786 366.606662
 14.060000 -3.048544 2.653248 375.921658
 14.080000 3.083463 2.479063 363.979621
 14.100000 3.091444 2.552562 365.789058
 14.120000 3.125362 2.475492 365.601107
 14.140000 -3.094572 2.499268 369.365343
 14.160000 -3.090741 2.467076 369.242148
 14.180000 3.133645 2.472518 365.896697
 14.200000 3.123922 2.425418 364.948012
 14.220000 3.102980 2.472899 364.679680
 14.240000 -3.108073 2.482852 368.365214
 14.260000 -3.101363 2.371440 367.485188
 14.280000 -3.116642 2.455225 367.531199
 14.300000 3.111957 2.347010 363.488767
 14.320000 3.047673 2.300501 360.242103
 14.340000 3.026970 2.260696 358.843706
 14.360000 2.957729 2.175402 354.762388
 14.380000 3.087219 2.318707 362.107445
 14.400000 3.140168 2.332701 364.468476
 14.420000 3.083874 2.229329 360.769775
 14.440000 -3.031965 2.171742 369.363994
 14.460000 -3.081120 2.180934 366.370936
 14.480000 -3.040156 2.275066 370.127712
 14.500000 -3.079841 2.205442 366.768272
 14.520000 3.093138 2.152892 360.100445
 14.540000 3.040183 2.166149 358.046804
 14.560000 3.065342 2.234229 360.062871
 14.580000 3.022739 2.190648 357.671243
 14.600000 3.116545 2.212186 361.911445
 14.620000 -2.981356 2.294670 374.031431
 14.640000 -2.960622 2.449335 376.988968
 14.660000 -3.029639 2.493627 373.243180
 14.680000 -3.082012 2.472597 369.834532
 14.700000 3.074996 2.715340 369.560914
 14.720000 -3.138522 2.658150 370.732784
 14.740000 3.141396 2.620923 369.564576
 14.760000 3.077857 2.584284 366.135487
 14.780000 -3.084299 2.674686 374.355078
 14.800000 -3.094454 2.817320 377.325727
 14.820000 3.038527 2.818564 370.954575
 14.840000 3.111127 2.775452 372.456723
 14.860000 2.961150 2.825062 368.400860
 14.880000 3.107566 2.937878 376.391733
 14.900000 -3.053117 2.867810 380.898700
 14.920000 -3.092729 2.730792 375.280693
 14.940000 -2.989686 2.567817 377.263509
 14.960000 -3.091265 2.456141 369.087609
 14.980000 3.008571 2.337691 359.164659
 15.000000 3.022953 2.168131 357.353097
 15.020000 3.036948 2.185119 358.184507
 15.040000 3.063416 2.036804 357.132460
 15.060000 -3.076884 1.928943 363.157977
 15.080000 3.088770 1.852934 356.014625
 15.100000 -3.098575 1.869219 361.147962
 15.120000 -3.004784 1.871223 367.273806
 15.140000 -2.925925 1.769817 372.841714
 15.160000 -2.994842 1.748233 368.389074
 15.180000 -3.057980 1.783876 364.119476
 15.200000 2.919992 1.758952 348.819365
 15.220000 2.970963 1.696832 351.170959
 15.240000 2.934050 1.705393 349.536838
 15.260000 2.937748 1.828992 349.415477
 15.280000 3.119521 1.926660 357.932547
 15.300000 2.987342 1.960005 352.639806
 15.320000 3.052879 1.964989 355.570948
 15.340000 -3.069216 2.193152 367.280816
 15.360000 -3.069727 2.445885 370.286951
 15.380000 -3.022434 2.486577 373.607351
 15.400000 -2.945194 2.530803 379.000290
 15.420000 -3.095581 2.544372 370.288831
 15.440000 -3.009586 2.738929 380.329343
 15.460000 3.130446 2.669370 370.423612
 15.480000 3.087923 2.803059 372.323245
 15.500000 3.033891 2.716900 368.087639
 15.520000 3.109343 2.957331 376.923878
 15.540000 2.971228 2.951652 372.090886
 15.560000 2.956615 2.933394 371.125764
 15.580000 3.061621 3.079755 378.238581
 15.600000 3.109753 3.079007 379.790921
 15.620000 -3.028075 2.975923 384.776497
 15.640000 -3.077099 2.758870 376.890100
 15.660000 3.136117 2.747182 372.650410
 15.680000 3.000245 2.436414 360.161906
 15.700000 2.984165 2.429614 359.442711
 15.720000 2.924817 2.036384 351.231716
 15.740000 -3.140369 2.118794 361.783619
 15.760000 3.139368 1.975906 359.562139
 15.780000 -2.960852 1.971135 371.291567
 15.800000 -2.931612 1.823898 372.261140
 15.820000 -2.929727 1.750932 372.659028
 15.840000 -2.840530 1.862504 378.018614
 15.860000 -2.858760 1.845934 376.914378
 15.880000 -2.917960 1.817089 373.181623
 15.900000 -2.930779 1.805336 372.389993
 15.920000 -3.054707 1.876863 363.983850
 15.940000 3.095150 1.837545 356.354680
 15.960000 3.076432 1.978344 356.813025
 15.980000 2.812957 1.972936 345.616057
 16.000000 2.992392 2.195231 356.480964
 16.020000 2.900674 2.370308 355.383599
 16.040000 2.989977 2.550658 361.831288
 16.060000 3.027422 2.677716 366.786625
 16.080000 -3.138562 2.764428 373.466716
 16.100000 3.108460 2.874328 374.859380
 16.120000 -3.116010 2.935314 378.939846
 16.140000 3.037453 2.835397 371.355682
 16.160000 2.998879 2.889713 371.422911
 16.180000 3.048497 2.772005 370.089343
 16.200000 3.029991 2.753169 368.918642
 16.220000 3.138482 2.776463 373.482306
 16.240000 -3.071843 2.629433 373.933488
 16.260000 -2.996454 2.617778 378.119844
 16.280000 -2.993949 2.652220 379.126142
 16.300000 -3.001177 2.549559 376.106626
 16.320000 -3.035077 2.537321 373.747371
 16.340000 -3.053768 2.402637 370.778560
 16.360000 -3.080786 2.260547 367.407046
 16.380000 -3.050330 2.290468 369.678119
 16.400000 3.063452 2.042110 357.213749
 16.420000 2.937922 1.992118 351.058200
 16.440000 2.797877 1.925252 344.174272
 16.460000 2.712493 1.911068 340.609591
 16.480000 2.791397 1.948044 344.324520
 16.500000 2.841523 1.918477 345.810112
 16.520000 2.962237 1.955156 351.482824
 16.540000 3.076312 1.991305 357.006018
 16.560000 3.051368 1.971893 355.612549
 16.580000 -3.102761 1.886792 360.839598
 16.600000 -3.090160 2.002136 363.359485
 16.620000 -3.093669 1.928996 362.067652
 16.640000 -3.049377 2.042790 366.554042
 16.660000 3.137926 1.997224 359.812727
 16.680000 -3.103606 2.161459 364.692585
 16.700000 -3.084418 2.277151 367.386937
 16.720000 -3.085245 2.322563 367.893370
 16.740000 -3.038086 2.470849 372.489329
 16.760000 -3.005818 2.527100 375.247314
 16.780000 -3.108285 2.633648 371.880765
 16.800000 -3.104321 2.668268 373.011082
 16.820000 3.027154 2.529384 362.649253
 16.840000 2.974927 2.651909 364.133606
 16.860000 2.945980 2.631840 362.503704
 16.880000 2.935560 2.576722 360.538408
 16.900000 2.916354 2.639514 361.643696
 16.920000 2.985253 2.511877 360.558073
 16.940000 2.968831 2.551026 361.041078
 16.960000 2.974363 2.555613 361.381801
 16.980000 3.103447 2.501264 365.033338
 17.000000 3.113418 2.436409 364.658245
 17.020000 -3.041018 2.338065 370.822669
 17.040000 -3.097863 2.232351 365.979754
 17.060000 -3.067870 2.212545 367.613243
 17.080000 3.093031 2.145722 359.994912
 17.100000 -3.136986 2.081640 361.480996
 17.120000 3.093243 2.123113 359.683485
 17.140000 -3.128013 2.134658 362.785375
 17.160000 -3.101860 2.124560 364.308890
 17.180000 -3.116029 2.099896 363.070608
 17.200000 -3.112237 2.054730 362.684689
 17.220000 -3.075163 2.170128 366.607186
 17.240000 3.069377 2.108349 358.447837
 17.260000 3.101220 2.239251 361.631431
 17.280000 2.949917 2.219862 355.112293
 17.300000 2.913202 2.304235 354.904055
 17.320000 2.943472 2.395504 357.392803
 17.340000 2.929739 2.480541 358.031896
 17.360000 3.090103 2.468227 364.111921
 17.380000 -3.117635 2.533770 368.677855
 17.400000 -3.110373 2.563320 369.905092
 17.420000 -3.071019 2.548800 371.883738
 17.440000 3.110362 2.654977 369.284033
 17.460000 3.068279 2.486990 363.476269
 17.480000 -3.046125 2.591010 374.476730
 17.500000 3.136835 2.489894 366.224514
 17.520000 -3.071539 2.602722 373.261998
 17.540000 -3.072790 2.491250 370.598734
 17.560000 -3.048308 2.567976 373.750029
 17.580000 3.139048 2.534225 367.148935
 17.600000 -3.069425 2.442435 370.266909
 17.620000 3.053042 2.489306 362.905658
 17.640000 -3.071074 2.534568 371.504391
 17.660000 3.084938 2.477036 364.013532
 17.680000 2.995094 2.498717 360.768779
 17.700000 2.987548 2.520318 360.867263
 17.720000 2.796820 2.393113 351.843229
 17.740000 2.927251 2.591074 360.646620
 17.760000 3.007201 2.428904 360.336207
 17.780000 3.082314 2.527205 364.731283
 17.800000 -3.112678 2.385268 366.953825
 17.820000 -3.096276 2.383696 367.944256
 17.840000 3.072993 2.381335 362.341713
 17.860000 -3.019658 2.380308 372.627422
 17.880000 3.100227 2.421987 363.951867
 17.900000 -3.056037 2.327292 369.763692
 17.920000 -3.074422 2.297482 368.260949
 17.940000 3.119528 2.342921 363.747477
 17.960000 -3.120424 2.243843 364.713291
 17.980000 -3.005977 2.360717 373.252526
 18.000000 3.139759 2.376426 364.994251
 18.020000 -3.092119 2.485112 369.358572
 18.040000 -3.133971 2.462584 366.561881
 18.060000 3.039525 2.428087 361.602700
 18.080000 -3.080270 2.524601 370.684835
 18.100000 -3.117602 2.514676 368.164261
 18.120000 -3.129325 2.618959 370.248036
 18.140000 3.132802 2.481505 365.967386
 18.160000 2.975778 2.563188 361.652430
 18.180000 2.941243 2.617659 361.925462
 18.200000 2.994415 2.527964 361.350179
 18.220000 3.042204 2.543969 363.642161
 18.240000 -3.056754 2.617414 374.521668
 18.260000 3.112752 2.567454 367.024467
 18.280000 -3.089947 2.502379 369.679348
 18.300000 3.065818 2.440174 362.801078
 18.320000 -3.092329 2.412195 368.520487
 18.340000 3.090041 2.375516 362.957655
 18.360000 -3.013451 2.405328 373.287152
 18.380000 3.030415 2.229311 358.543290
 18.400000 3.116811 2.402358 364.379405
 18.420000 3.035460 2.306779 359.829017
 18.440000 3.126172 2.481557 365.704102
 18.460000 3.121485 2.347336 363.883746
 18.480000 -3.011585 2.467560 374.068969
 18.500000 -3.017354 2.602565 376.490686
 18.520000 -3.090807 2.564397 371.106681
 18.540000 -3.071760 2.615835 373.588097
 18.560000 2.991274 2.634181 364.241918
 18.580000 3.105178 2.783839 372.454966
 18.600000 2.973902 2.684838 365.015036
 18.620000 3.090689 2.695427 369.616729
 18.640000 3.070530 2.510719 363.850517
 18.660000 -3.122441 2.700448 372.773557
 18.680000 3.062218 2.499959 363.395430
 18.700000 -3.102241 2.628636 372.108709
 18.720000 2.996619 2.467122 360.421565
 18.740000 -3.119518 2.547352 368.929662
 18.760000 3.111313 2.324829 363.178458
 18.780000 -3.097059 2.288165 366.735315
 18.800000 -3.062134 2.195450 367.757362
 18.820000 -2.955506 2.130197 373.698379
 18.840000 -3.027210 2.218462 370.248929
 18.860000 -3.043607 2.044394 366.946880
 18.880000 3.122328 2.006608 359.261299
 18.900000 3.093816 1.961637 357.324444
 18.920000 3.107498 1.949003 357.738522
 18.940000 3.019088 1.873643 352.834579
 18.960000 -3.124625 1.855940 359.498646
 18.980000 3.027484 1.939035 354.046242
 19.000000 3.128490 1.880822 357.704869
 19.020000 3.011305 1.903783 352.764308
 19.040000 3.034012 2.001188 355.311942
 19.060000 3.028473 2.037140 355.627809
 19.080000 -3.035931 2.135344 368.645808
 19.100000 -3.119067 2.213423 364.402877
 19.120000 -2.981289 2.245385 373.461699
 19.140000 -2.998830 2.341984 373.483989
 19.160000 3.117508 2.413330 364.542216
 19.180000 3.124984 2.464490 365.456881
 19.200000 3.066925 2.511980 363.724478
 19.220000 2.986679 2.541916 361.455506
 19.240000 3.027054 2.708122 367.599542
 19.260000 3.105590 2.659483 369.223201
 19.280000 3.051042 2.745731 369.486478
 19.300000 -2.939368 2.909439 388.278718
 19.320000 -3.083692 2.807112 377.694732
 19.340000 -3.001854 2.899068 384.525751
 19.360000 3.068770 2.692605 368.724729
 19.380000 3.018700 2.651566 365.745330
 19.400000 2.892172 2.538667 357.821838
 19.420000 2.956697 2.437371 358.480020
 19.440000 3.011814 2.303763 358.826808
 19.460000 -3.118926 2.346472 366.098949
 19.480000 3.122607 2.137936 361.152953
 19.500000 -3.046093 2.173935 368.496997
 19.520000 -3.120966 2.143318 363.349756
 19.540000 -3.136564 2.133917 362.233213
 19.560000 -3.064021 2.156884 367.140802
 19.580000 3.137482 2.080321 360.989698
 19.600000 -3.105568 2.023177 362.666864
 19.620000 3.077376 1.859974 355.478015
 19.640000 -3.078374 1.892136 362.511893
 19.660000 3.140838 1.774775 358.631926
 19.680000 -3.100856 1.898719 361.145380
 19.700000 -3.088120 1.840429 361.942296
 19.720000 -3.098321 2.032169 363.260027
 19.740000 3.100379 1.956642 357.538983
 19.760000 -2.970985 1.968559 370.600056
 19.780000 3.117848 2.026933 359.362902
 19.800000 -3.035415 2.003739 366.916031
 19.820000 3.139938 2.029317 360.368918
 19.840000 3.012457 2.087353 355.709660
 19.860000 3.084171 2.213433 360.563821
 19.880000 3.114129 2.362309 363.771380
 19.900000 3.085728 2.459740 363.835021
 19.920000 -3.123108 2.481836 367.441795
 19.940000 -3.107727 2.569455 370.226638
 19.960000 -3.108997 2.569391 370.148885
 19.980000 -2.954377 2.682057 382.188647
 20.000000 3.095564 2.629805 368.049502
