#! FIELDS time phi psi metad.bias
#! SET min_phi -pi
#! SET max_phi pi
#! SET min_psi -pi
#! SET max_psi pi
 0.000000 3.141580 -3.141577 425.276160
 0.020000 -3.139683 2.488215 407.413920
 0.040000 3.136252 2.455107 406.416866
 0.060000 3.121064 2.410230 404.848098
 0.080000 3.061141 2.411958 402.330172
 0.100000 3.092384 2.404947 403.506460
 0.120000 3.113682 2.401232 404.339916
 0.140000 3.137499 2.341667 404.068934
 0.160000 -3.122881 2.345585 405.616840
 0.180000 -3.127953 2.319876 404.690405
 0.200000 3.137394 2.347495 404.194795
 0.220000 3.112957 2.270612 401.338550
 0.240000 3.065295 2.149548 396.187507
 0.260000 -3.137312 2.157877 400.102479
 0.280000 3.073843 2.181307 397.389940
 0.300000 3.055766 2.137781 395.458342
 0.320000 3.035999 2.088882 393.280383
 0.340000 3.031009 2.079480 392.806260
 0.360000 -3.136312 2.083582 398.221434
 0.380000 3.116706 2.022375 395.059157
 0.400000 3.127145 1.947809 393.449337
 0.420000 -3.140682 1.920771 393.406958
 0.440000 3.138747 1.818608 391.387713
 0.460000 -3.138896 1.801221 391.492075
 0.480000 3.082818 1.668324 386.984581
 0.500000 3.083295 1.633886 386.580733
 0.520000 3.087917 1.617071 386.580100
 0.540000 3.114100 1.585370 387.362613
 0.560000 -3.121849 1.473761 388.558250
 0.580000 -3.115828 1.535047 389.723456
 0.600000 3.080552 1.405175 383.756403
 0.620000 -3.133823 1.474934 387.769618
 0.640000 3.106046 1.303810 383.744999
 0.660000 3.072339 1.270838 381.977811
 0.680000 -3.105777 1.220993 387.442914
 0.700000 -3.111071 1.087267 388.609894
 0.720000 -3.070606 1.017146 391.915656
 0.740000 -3.022475 0.852536 396.724842
 0.760000 -3.082877 0.826912 393.592924
 0.780000 -3.022654 0.719377 398.362122
 0.800000 -2.969489 0.639428 402.186097
 0.820000 -3.018155 0.594013 400.729467
 0.840000 -2.903299 0.598183 406.544829
 0.860000 -2.850738 0.390095 414.157534
 0.880000 -2.957940 0.644396 402.739168
 0.900000 -2.923058 0.404488 410.461776
 0.920000 -3.119016 0.551434 396.873422
 0.940000 -3.112879 0.607729 395.469949
 0.960000 -3.067207 0.657215 396.804270
 0.980000 -3.115278 0.725874 393.239602
 1.000000 3.070334 0.881454 386.875891
 1.020000 3.132919 0.973712 387.861264
 1.040000 3.001295 1.113484 380.837509
 1.060000 3.141125 1.293477 385.139285
 1.080000 -3.119196 1.349993 387.258528
 1.100000 3.095637 1.546518 386.063710
 1.120000 3.139188 1.493416 387.364923
 1.140000 3.061409 1.790362 387.532770
 1.160000 3.064065 1.725727 386.856610
 1.180000 -3.138615 2.001101 395.812117
 1.200000 3.051251 2.216059 397.290565
 1.220000 3.113311 2.299719 402.045865
 1.240000 -3.118082 2.460811 408.346621
 1.260000 3.133168 2.528364 407.957713
 1.280000 -3.120535 2.626268 413.176755
 1.300000 -3.060012 2.844774 423.634198
 1.320000 3.063158 2.911830 417.527709
 1.340000 -3.007871 3.026432 430.882122
 1.360000 3.032622 2.858067 414.935469
 1.380000 2.968869 2.938461 414.981499
 1.400000 2.964290 3.035451 417.359561
 1.420000 2.804354 2.968307 410.520977
 1.440000 2.954869 2.785541 409.907305
 1.460000 3.126199 2.709337 413.927795
 1.480000 3.079315 2.640946 409.791551
 1.500000 -3.038795 2.515591 414.759352
 1.520000 3.018012 2.390137 400.042060
 1.540000 3.059385 2.127294 395.339292
 1.560000 -3.102375 2.006709 398.499060
 1.580000 -3.093766 2.012348 399.258196
 1.600000 -2.953138 1.741438 403.741951
 1.620000 -2.921586 1.804329 406.812133
 1.640000 -2.972180 1.493336 398.992346
 1.660000 -2.930466 1.514159 402.156738
 1.680000 -2.994045 1.282953 394.690518
 1.700000 -3.049332 1.248812 390.806662
 1.720000 -3.024709 1.175784 393.103839
 1.740000 -3.004823 1.016447 395.945935
 1.760000 -3.054091 1.072432 392.307892
 1.780000 -3.113123 0.805376 392.189747
 1.800000 2.966086 0.876978 383.304318
 1.820000 2.900680 0.614132 386.647803
 1.840000 2.914895 0.883607 381.483369
 1.860000 3.000692 0.751318 386.708137
 1.880000 -3.135455 1.008998 388.095231
 1.900000 -3.121927 0.868509 390.792600
 1.920000 3.068098 0.997693 385.041525
 1.940000 3.025563 0.871049 385.453436
 1.960000 -3.125773 0.893286 390.224608
 1.980000 -3.136737 1.020015 387.875348
 2.000000 -3.036397 1.000135 394.191735
 2.020000 -3.089099 1.048579 390.417831
 2.040000 -3.065806 1.175654 390.475767
 2.060000 -2.975808 1.329875 396.520717
 2.080000 -3.024178 1.478894 395.237234
 2.100000 -2.987462 1.521298 398.325492
 2.120000 -2.960644 1.604240 401.330001
 2.140000 -2.824925 1.734401 412.695275
 2.160000 -3.022284 1.837795 400.111299
 2.180000 3.121854 1.813809 390.554040
 2.200000 3.074570 2.026093 393.263881
 2.220000 2.852964 2.206499 388.863450
 2.240000 2.860906 2.370016 393.289530
 2.260000 2.897482 2.473539 397.033904
 2.280000 2.790020 2.520157 394.200573
 2.300000 2.886817 2.600405 400.882134
 2.320000 2.912340 2.668474 404.351310
 2.340000 2.775342 2.667622 399.506345
 2.360000 2.918318 2.554238 400.283695
 2.380000 2.806763 2.553430 396.143673
 2.400000 2.797380 2.477909 393.415527
 2.420000 2.946911 2.485293 399.207512
 2.440000 2.949958 2.434472 398.245057
 2.460000 -2.979042 2.438075 417.396754
 2.480000 -2.912070 2.291939 419.056726
 2.500000 -2.908190 2.217815 417.639901
 2.520000 -3.010690 2.178810 409.482599
 2.540000 -3.030521 2.140850 407.129523
 2.560000 3.069188 1.915518 389.900315
 2.580000 -3.082733 1.882669 396.402951
 2.600000 3.033271 1.643990 384.495864
 2.620000 -3.129973 1.762968 391.634844
 2.640000 3.130809 1.657104 389.010969
 2.660000 -3.116326 1.591220 390.397803
 2.680000 3.075506 1.587735 385.670100
 2.700000 3.135642 1.614201 388.693391
 2.720000 3.053109 1.707937 386.150508
 2.740000 -3.072617 1.622328 393.799789
 2.760000 -3.054743 1.606494 394.826473
 2.780000 3.048730 1.624635 384.937620
 2.800000 3.032593 1.541962 383.248881
 2.820000 2.901909 1.482455 377.195087
 2.840000 3.036251 1.663732 384.866197
 2.860000 -3.029095 1.598515 396.494599
 2.880000 3.120648 1.839848 390.815519
 2.900000 3.043236 1.693182 385.533140
 2.920000 3.139007 1.837861 391.634003
 2.940000 3.092660 1.917204 391.007125
 2.960000 -2.954315 1.901619 405.994160
 2.980000 -3.091784 1.911706 396.565257
 3.000000 3.055889 1.858897 388.114624
 3.020000 3.025623 1.862959 386.820673
 3.040000 2.958673 1.901684 384.669326
 3.060000 3.100977 1.897218 390.810192
 3.080000 -3.119391 1.903286 394.391072
 3.100000 3.095670 2.052211 394.928753
 3.120000 3.078627 2.013789 393.103846
 3.140000 -3.009341 2.101469 407.602286
 3.160000 3.034550 2.037669 391.811380
 3.180000 -3.018632 2.128311 407.644327
 3.200000 -3.013075 2.177868 409.291562
 3.220000 3.140005 2.083868 397.789707
 3.240000 3.067991 1.948174 390.780327
 3.260000 3.002425 1.958156 388.171225
 3.280000 2.911647 1.962181 384.449211
 3.300000 3.067118 2.012116 392.542689
 3.320000 3.115761 2.011377 394.712096
 3.340000 3.135609 2.083266 397.573992
 3.360000 -3.078688 2.042987 401.155541
 3.380000 3.128712 2.017106 395.459563
 3.400000 -3.085927 1.986603 399.094545
 3.420000 -3.059828 1.919027 399.022021
 3.440000 -3.127364 1.804988 392.338620
 3.460000 3.064001 1.821427 388.026886
 3.480000 2.954569 1.758322 382.502093
 3.500000 2.822601 1.725154 376.826544
 3.520000 3.020894 1.844588 386.393900
 3.540000 3.121402 1.736679 389.579063
 3.560000 -3.111062 1.912910 395.249209
 3.580000 -3.053759 1.840224 397.922905
 3.600000 -3.084915 2.050489 400.921972
 3.620000 -3.095853 1.762047 393.992479
 3.640000 -3.026844 1.996591 403.536488
 3.660000 3.057562 1.950582 390.382709
 3.680000 3.097095 1.927970 391.516196
 3.700000 3.005546 1.949831 388.069235
 3.720000 2.962676 1.889795 384.494563
 3.740000 3.128156 2.070844 396.901846
 3.760000 -2.993420 2.005117 406.138491
 3.780000 -3.083534 2.191667 404.700623
 3.800000 -2.945345 2.155055 413.495008
 3.820000 -2.961935 2.251595 414.656529
 3.840000 2.964771 2.066078 389.590654
 3.860000 -3.026429 2.086818 406.010841
 3.880000 2.895224 1.882991 381.525481
 3.900000 3.049922 2.093796 394.024419
 3.920000 3.088661 1.807552 388.967705
 3.940000 2.988908 1.875852 385.371617
 3.960000 2.960489 1.935898 385.733715
 3.980000 -3.096646 1.965017 397.737873
 4.000000 3.066108 1.961871 391.085071
 4.020000 -3.104690 1.967171 397.234693
 4.040000 -3.131904 1.843979 392.500247
 4.060000 3.033615 1.876856 387.337717
 4.080000 3.131776 1.883909 391.852095
 4.100000 3.085616 1.802714 388.771031
 4.120000 3.040847 1.877813 387.669308
 4.140000 3.097459 1.913085 391.106550
 4.160000 3.048610 2.035084 392.359105
 4.180000 2.999268 1.899093 386.337048
 4.200000 -3.031732 2.033284 404.199096
 4.220000 3.117478 1.975450 393.787642
 4.240000 -3.004664 1.951735 403.851438
 4.260000 -3.121324 1.882395 393.697971
 4.280000 2.969478 2.051023 389.372512
 4.300000 -3.131775 1.938249 394.524849
 4.320000 3.062373 2.051321 393.416659
 4.340000 3.023935 1.892724 387.231075
 4.360000 -3.005620 1.916002 402.766533
 4.380000 -3.111587 2.027229 398.419380
 4.400000 -3.131491 1.875841 392.911318
 4.420000 -3.013611 1.865459 401.067371
 4.440000 3.114015 1.706205 388.862303
 4.460000 3.103510 1.923450 391.678245
 4.480000 -3.103456 1.839974 394.434670
 4.500000 2.963970 1.690439 382.082232
 4.520000 3.075731 1.634995 386.257365
 4.540000 -3.084000 1.582210 392.495111
 4.560000 3.099133 1.518859 385.886276
 4.580000 -3.016062 1.538444 396.588611
 4.600000 -3.111346 1.463979 389.143636
 4.620000 -2.976444 1.397288 397.386587
 4.640000 -3.114571 1.573954 390.298881
 4.660000 3.106387 1.383825 384.636502
 4.680000 3.072522 1.339074 382.692789
 4.700000 3.088523 1.359833 383.599317
 4.720000 -3.136116 1.382800 386.525052
 4.740000 3.098971 1.469820 385.298573
 4.760000 3.091458 1.281201 382.887145
 4.780000 3.005875 1.401040 380.547034
 4.800000 -3.044074 1.381714 392.630037
 4.820000 -3.074802 1.320675 389.833740
 4.840000 -3.083101 1.413219 390.411862
 4.860000 3.106770 1.082079 385.394931
 4.880000 3.002125 1.070026 381.492077
 4.900000 3.106421 0.995762 386.535932
 4.920000 3.111408 0.943384 387.463327
 4.940000 -3.027425 0.936490 395.450772
 4.960000 -3.004873 0.956463 396.578624
 4.980000 -2.936751 0.947812 400.768015
 5.000000 -2.877948 0.961121 404.202188
 5.020000 -3.019710 0.903416 396.288215
 5.040000 -3.062528 0.962046 393.054791
 5.060000 -3.068856 0.985378 392.396073
 5.080000 -2.956926 1.036876 398.700519
 5.100000 -3.039497 1.297342 391.874827
 5.120000 -3.067886 1.179163 390.306730
 5.140000 -3.058248 1.327313 391.007024
 5.160000 3.031068 1.376299 381.337512
 5.180000 3.043411 1.278294 380.851217
 5.200000 3.003729 1.275750 379.207439
 5.220000 3.001065 1.316674 379.492863
 5.240000 2.976749 1.291801 378.276820
 5.260000 -3.107260 1.314924 387.634965
 5.280000 3.106694 1.199910 383.935071
 5.300000 -2.979203 1.401050 397.250986
 5.320000 -2.921451 1.329981 400.157427
 5.340000 -3.021445 1.218344 392.909448
 5.360000 -3.027283 1.315951 392.915060
 5.380000 -3.137144 1.181196 385.889392
 5.400000 3.128264 1.315634 384.827384
 5.420000 3.131878 1.192004 385.077711
 5.440000 3.107541 1.442191 385.353373
 5.460000 3.119615 1.424917 385.683897
 5.480000 3.141585 1.536556 387.998901
 5.500000 -3.055186 1.668126 395.608004
 5.520000 -3.058433 1.692903 395.707243
 5.540000 -3.117777 1.706087 391.760233
 5.560000 -3.125237 1.898346 393.840997
 5.580000 3.114934 1.872278 390.942784
 5.600000 3.134209 1.855459 391.625501
 5.620000 -3.122555 2.043237 398.090622
 5.640000 3.097324 1.875560 390.179359
 5.660000 -3.125482 2.218677 402.455692
 5.680000 3.029504 2.091758 393.074746
 5.700000 -3.125918 2.043238 397.855962
 5.720000 3.139286 2.064886 397.246460
 5.740000 3.124517 2.024506 395.472713
 5.760000 3.126695 2.141711 398.716286
 5.780000 -3.114052 2.029637 398.312955
 5.800000 3.060519 1.994093 391.744430
 5.820000 -3.110588 2.055604 399.262392
 5.840000 3.111176 1.991793 393.958880
 5.860000 3.135629 2.018963 395.826183
 5.880000 -3.139514 1.945310 394.185647
 5.900000 -3.134217 1.880198 392.773126
 5.920000 3.059365 1.859948 388.282513
 5.940000 3.055061 1.727770 386.481228
 5.960000 3.026571 1.669651 384.515350
 5.980000 -3.123065 1.680351 391.068388
 6.000000 2.993866 1.581945 382.059751
 6.020000 3.050867 1.550558 384.142090
 6.040000 3.069548 1.426928 383.524942
 6.060000 3.101502 1.369448 384.264365
 6.080000 -2.988911 1.420911 396.861689
 6.100000 -2.987707 1.245650 394.861674
 6.120000 -3.138836 1.263291 385.008103
 6.140000 -3.119783 1.189168 386.897129
 6.160000 -3.045143 1.198148 391.572542
 6.180000 -3.111356 1.244956 386.829095
 6.200000 -2.906313 1.086128 401.439516
 6.220000 -3.114639 1.167805 387.461015
 6.240000 3.118165 1.193199 384.491389
 6.260000 3.129074 1.111834 385.918787
 6.280000 -3.058032 1.293853 390.612637
 6.300000 -2.957714 1.195097 397.251834
 6.320000 -2.922471 1.304007 399.723578
 6.340000 -3.015002 1.359053 394.285110
 6.360000 -3.088785 1.253346 388.199124
 6.380000 -3.094702 1.324927 388.575126
 6.400000 3.007097 1.425090 380.853439
 6.420000 3.127032 1.241467 384.308386
 6.440000 3.070975 1.401644 383.304798
 6.460000 3.063199 1.364132 382.564193
 6.480000 -3.089311 1.374323 389.521664
 6.500000 3.043508 1.328249 381.358252
 6.520000 3.107166 1.222144 383.693523
 6.540000 -2.995203 1.398323 396.132890
 6.560000 -3.025764 1.144048 393.346146
 6.580000 -3.044249 1.182167 391.788271
 6.600000 -3.096320 1.187955 388.401256
 6.620000 3.096119 1.080412 384.992366
 6.640000 3.127289 1.268303 384.273028
 6.660000 3.117989 1.146920 385.036781
 6.680000 2.996662 1.175001 379.811390
 6.700000 3.125122 1.381031 385.421656
 6.720000 3.092663 1.331363 383.468380
 6.740000 -3.062703 1.490761 392.768611
 6.760000 -2.896048 1.627864 406.177015
 6.780000 3.121245 1.711074 389.251922
 6.800000 -3.076409 1.725797 394.882822
 6.820000 3.092306 1.697149 387.767921
 6.840000 2.938930 1.678395 380.893390
 6.860000 3.136930 1.953907 394.069972
 6.880000 3.105452 1.863503 390.405779
 6.900000 3.035317 2.014489 391.199945
 6.920000 -3.071427 2.035508 401.462159
 6.940000 -3.098458 2.062193 400.289036
 6.960000 3.131924 2.267001 402.089105
 6.980000 -3.057748 2.169470 405.945919
 7.000000 -3.080834 2.276631 406.944080
 7.020000 -3.034699 2.419685 413.224291
 7.040000 -3.067910 2.290838 408.169914
 7.060000 3.023132 2.367747 399.750608
 7.080000 2.948707 2.448905 398.508868
 7.100000 2.929071 2.365998 395.856317
 7.120000 3.119841 2.598122 409.930171
 7.140000 3.117133 2.396845 404.394705
 7.160000 -3.081148 2.535327 412.615566
 7.180000 -3.105067 2.631804 414.379588
 7.200000 3.094950 2.592064 408.699179
 7.220000 3.086477 2.518911 405.652392
 7.240000 3.123489 2.369607 404.078949
 7.260000 -3.114155 2.364474 406.629723
 7.280000 -3.139553 2.435778 406.396650
 7.300000 3.085544 2.218948 398.862179
 7.320000 -3.130396 2.251749 402.923224
 7.340000 3.140892 2.240278 401.841111
 7.360000 -3.024858 2.047574 405.072292
 7.380000 -2.997680 2.255591 412.246535
 7.400000 3.041011 2.074359 393.104567
 7.420000 -3.060502 2.131345 404.778376
 7.440000 -3.132461 2.036304 397.210493
 7.460000 3.116370 2.042996 395.610720
 7.480000 -3.118842 1.897617 394.266483
 7.500000 3.035866 1.890386 387.689942
 7.520000 3.019461 1.861958 386.537929
 7.540000 3.140016 1.846283 391.782240
 7.560000 3.001167 1.715473 383.970535
 7.580000 3.027374 1.790288 386.023299
 7.600000 3.130992 1.816135 391.001180
 7.620000 3.022713 1.764027 385.498874
 7.640000 -3.037456 1.736166 397.739287
 7.660000 3.114460 1.581766 387.334409
 7.680000 3.103126 1.582772 386.838718
 7.700000 3.079786 1.568307 385.624241
 7.720000 -3.127707 1.569024 389.342741
 7.740000 -3.097758 1.424331 389.567930
 7.760000 -2.952389 1.618778 402.108416
 7.780000 -3.109793 1.522258 389.972260
 7.800000 -3.117613 1.534238 389.592326
 7.820000 -3.051349 1.209318 391.062458
 7.840000 3.141018 1.357377 385.848242
 7.860000 -3.057845 1.236956 390.369332
 7.880000 -3.064954 1.180365 390.481582
 7.900000 -3.046025 1.305255 391.542458
 7.920000 -3.112427 1.217109 387.059008
 7.940000 -2.904493 1.212103 400.578583
 7.960000 3.075492 1.269260 382.093643
 7.980000 -3.055946 1.249645 390.368061
 8.000000 3.068295 1.043356 384.401735
 8.020000 3.090097 1.212569 383.095947
 8.040000 3.047362 1.031527 383.765241
 8.060000 3.052656 1.270589 381.157015
 8.080000 3.131996 1.066978 386.597666
 8.100000 -3.041645 1.335963 392.214599
 8.120000 -2.978557 1.332113 396.367091
 8.140000 -3.108013 1.251010 386.980466
 8.160000 3.133133 1.290476 384.762264
 8.180000 2.952905 1.229653 377.379914
 8.200000 -3.138543 1.265414 385.049920
 8.220000 3.105687 1.299059 383.678970
 8.240000 -3.105670 1.381407 388.521491
 8.260000 -3.094815 1.378883 389.211327
 8.280000 -3.065270 1.525722 393.045767
 8.300000 3.113983 1.357220 384.668972
 8.320000 -3.050147 1.398162 392.431818
 8.340000 -3.082714 1.198931 389.153299
 8.360000 -3.105222 1.444676 389.317553
 8.380000 -3.027131 1.317734 392.947712
 8.400000 -3.120335 1.338649 387.052496
 8.420000 -3.113165 1.345972 387.608214
 8.440000 3.136104 1.326547 385.287404
 8.460000 3.093498 1.444273 384.762000
 8.480000 3.140778 1.214504 385.194482
 8.500000 3.102687 1.429789 384.997289
 8.520000 -3.134866 1.386774 386.653620
 8.540000 -3.117359 1.486027 389.010649
 8.560000 -3.123381 1.491600 388.673960
 8.580000 -3.088025 1.657520 393.192988
 8.600000 3.123452 1.675578 388.907929
 8.620000 3.108779 1.763141 389.333334
 8.640000 2.983371 1.756883 383.707595
 8.660000 3.127744 1.646836 388.743005
 8.680000 3.099043 1.873298 390.230682
 8.700000 3.094250 1.822759 389.405971
 8.720000 -3.109421 1.990210 397.547803
 8.740000 3.052850 1.974206 390.843010
 8.760000 3.107447 2.104968 396.882712
 8.780000 3.084191 2.126644 396.419499
 8.800000 -3.129570 2.095278 399.002603
 8.820000 3.133063 2.216232 400.899824
 8.840000 -3.063333 2.120115 404.288098
 8.860000 3.082938 2.172506 397.563913
 8.880000 -3.121388 2.225512 402.907446
 8.900000 3.044740 2.278339 398.558130
 8.920000 -3.120501 2.489738 408.733943
 8.940000 -3.140372 2.487656 407.357008
 8.960000 3.123501 2.478575 406.333348
 8.980000 3.126160 2.485317 406.575674
 9.000000 -3.122671 2.544324 410.159897
 9.020000 3.128901 2.531500 407.895081
 9.040000 -3.072625 2.508693 412.308825
 9.060000 3.096616 2.301845 401.366346
 9.080000 3.078019 2.439779 403.630648
 9.100000 3.030348 2.300761 398.485815
 9.120000 2.914596 2.297223 393.616651
 9.140000 3.089301 2.256639 399.961161
 9.160000 3.129708 2.204930 400.467942
 9.180000 -3.056072 2.220513 407.328505
 9.200000 -3.034359 2.168639 407.565285
 9.220000 3.113991 2.077022 396.427845
 9.240000 3.128694 2.100718 397.726845
 9.260000 3.130080 2.016772 395.512693
 9.280000 3.123855 1.946152 393.251946
 9.300000 3.042368 1.980433 390.554164
 9.320000 2.922705 1.773331 381.354849
 9.340000 2.847304 1.810264 378.768168
 9.360000 2.964760 1.768329 383.052890
 9.380000 3.068086 1.638144 385.956490
 9.400000 3.097101 1.804736 389.315466
 9.420000 3.035382 1.764600 386.062551
 9.440000 3.100713 1.834835 389.845706
 9.460000 3.140952 1.714496 390.195043
 9.480000 -3.057435 1.760588 396.656752
 9.500000 -3.039995 1.757315 397.836803
 9.520000 -3.094704 1.654146 392.688096
 9.540000 3.120097 1.600324 387.817342
 9.560000 3.131052 1.664967 389.120637
 9.580000 3.099554 1.723861 388.427110
 9.600000 -3.115199 1.822240 393.397624
 9.620000 -3.129991 1.875136 393.007450
 9.640000 -3.046721 1.772510 397.561213
 9.660000 -3.073001 1.857745 396.785480
 9.680000 -3.132328 1.745199 391.249171
 9.700000 3.127882 1.705547 389.485196
 9.720000 -3.121507 1.756334 392.138019
 9.740000 -3.117847 1.784668 392.747317
 9.760000 3.112116 1.874690 390.842682
 9.780000 3.052465 1.777202 386.973101
 9.800000 2.987818 1.856669 385.098027
 9.820000 3.085775 1.832538 389.140940
 9.840000 3.138410 1.959202 394.287200
 9.860000 -3.076640 1.880333 396.802961
 9.880000 3.095771 1.870554 390.049506
 9.900000 3.120718 1.917506 392.292809
 9.920000 3.109809 1.879093 390.789496
 9.940000 3.106474 1.873426 390.570371
 9.960000 -3.069586 1.722762 395.319010
 9.980000 -3.102645 1.837690 394.463379
 10.000000 -3.102196 1.724510 393.073673
 10.020000 -3.009022 1.796110 400.517876
 10.040000 -3.138533 1.657516 389.717072
 10.060000 -3.111820 1.759673 392.852144
 10.080000 -3.072385 1.945731 398.898018
 10.100000 3.117628 1.854424 390.852874
 10.120000 3.118001 1.857801 390.910432
 10.140000 3.115300 1.835732 390.521231
 10.160000 2.834984 1.826923 378.485626
 10.180000 2.872185 1.783178 379.427693
 10.200000 2.916802 1.853990 382.069337
 10.220000 3.005063 1.793667 385.089088
 10.240000 3.134095 1.890375 392.127232
 10.260000 2.999637 1.805312 384.994335
 10.280000 3.083997 1.822164 388.934923
 10.300000 3.112249 1.764806 389.511840
 10.320000 -3.036988 1.785749 398.414966
 10.340000 -3.123333 1.843110 393.086207
 10.360000 -3.109454 1.714294 392.440350
 10.380000 2.965667 1.804553 383.527159
 10.400000 3.014391 1.842304 386.081543
 10.420000 3.123589 1.911365 392.248357
 10.440000 3.067017 2.115932 395.373325
 10.460000 3.128942 2.108061 397.933104
 10.480000 3.139253 2.257427 402.183969
 10.500000 -3.086706 2.367613 408.580351
 10.520000 -3.044132 2.377695 411.722547
 10.540000 -2.977561 2.511689 418.799433
 10.560000 3.101786 2.440238 404.647240
 10.580000 3.115415 2.537258 407.545168
 10.600000 2.934888 2.464957 398.305962
 10.620000 2.851958 2.395817 393.558530
 10.640000 2.877700 2.451438 395.797425
 10.660000 2.871142 2.544877 398.137532
 10.680000 2.899179 2.546810 399.265156
 10.700000 3.020570 2.642333 407.521507
 10.720000 2.933279 2.477274 398.503461
 10.740000 -3.139795 2.563516 409.712869
 10.760000 3.035944 2.425759 401.569333
 10.780000 3.138503 2.394266 405.263088
 10.800000 -3.018443 2.207315 409.640397
 10.820000 -3.045370 2.112112 405.341469
 10.840000 -3.086416 1.820999 395.392288
 10.860000 3.111694 1.800003 389.920899
 10.880000 2.928096 1.630787 379.888915
 10.900000 3.047675 1.564139 384.164153
 10.920000 -3.102008 1.445220 389.539720
 10.940000 3.099999 1.470752 385.354716
 10.960000 -3.039186 1.526732 394.843908
 10.980000 -3.033780 1.367558 393.138512
 11.000000 -2.935238 1.331285 399.252691
 11.020000 -2.937597 1.255813 398.069373
 11.040000 -2.939316 1.248061 398.018081
 11.060000 3.106803 1.091872 385.270158
 11.080000 -3.052385 1.009402 393.114312
 11.100000 3.041067 0.901453 385.507225
 11.120000 3.134858 0.973996 387.932223
 11.140000 3.073409 0.766864 388.843143
 11.160000 3.041732 0.754551 387.992309
 11.180000 -3.117954 0.700344 393.480785
 11.200000 -3.056659 0.797190 395.470284
 11.220000 -2.864133 0.816477 406.214165
 11.240000 -2.955523 0.625605 403.118149
 11.260000 -2.892821 0.750351 405.183276
 11.280000 -3.014021 0.771993 398.181849
 11.300000 -2.930830 0.769177 402.875632
 11.320000 -3.102408 0.898951 391.501251
 11.340000 -3.110178 0.943561 390.454963
 11.360000 3.106901 1.101767 385.147635
 11.380000 -3.122981 1.258742 385.978859
 11.400000 3.121007 1.210463 384.408772
 11.420000 3.115724 1.475497 386.105043
 11.440000 3.127035 1.498784 386.886340
 11.460000 -3.128213 1.746752 391.553184
 11.480000 3.129589 1.832149 391.131958
 11.500000 3.073855 1.897943 389.604159
 11.520000 2.978828 2.059488 390.004653
 11.540000 2.885595 2.246270 391.176182
 11.560000 2.911644 2.273300 392.900221
 11.580000 2.929705 2.435989 397.474156
 11.600000 3.081277 2.563147 407.091055
 11.620000 3.100923 2.679036 411.942879
 11.640000 -3.120170 2.823384 419.296114
 11.660000 3.096270 2.667417 411.369921
 11.680000 3.135781 2.797116 416.982959
 11.700000 2.995284 2.652866 406.914422
 11.720000 3.132848 2.836828 418.007673
 11.740000 3.052644 2.639826 408.693602
 11.760000 -3.104467 2.484808 409.723991
 11.780000 -3.094259 2.328369 407.200203
 11.800000 -3.129963 2.406235 406.440306
 11.820000 3.122019 2.198650 399.966951
 11.840000 -3.051007 2.278911 409.068408
 11.860000 3.034469 2.166112 395.274582
 11.880000 -3.102681 1.899198 395.442238
 11.900000 -3.122060 1.930480 394.982052
 11.920000 3.124508 1.787104 390.347268
 11.940000 -3.002817 1.654453 399.075525
 11.960000 3.141463 1.527216 387.878723
 11.980000 3.073777 1.399240 383.398621
 12.000000 2.952842 1.269483 377.132012
 12.020000 3.039862 1.012167 383.762691
 12.040000 2.919168 0.977769 379.960738
 12.060000 -3.008437 0.966628 396.253914
 12.080000 3.070368 0.837279 387.580183
 12.100000 -3.043948 0.880612 395.139174
 12.120000 -2.899861 0.757571 404.723107
 12.140000 -3.021562 0.776320 397.706541
 12.160000 -2.772262 0.804681 411.519149
 12.180000 -2.915001 0.661847 404.834043
 12.200000 -3.036064 0.667249 398.316119
 12.220000 -3.073755 0.729970 395.433716
 12.240000 -2.986772 0.730455 400.192650
 12.260000 -3.106656 0.935352 390.770310
 12.280000 -2.956864 0.938397 399.650286
 12.300000 -2.960892 1.089090 397.974184
 12.320000 -3.119993 1.274107 386.342404
 12.340000 -3.116639 1.181484 387.181839
 12.360000 3.023149 1.388997 381.139940
 12.380000 3.021607 1.367335 380.848680
 12.400000 3.067211 1.413217 383.271289
 12.420000 3.066181 1.607609 385.499233
 12.440000 3.085632 1.711899 387.650909
 12.460000 3.080359 1.785615 388.324545
 12.480000 -3.126980 1.736319 391.507056
 12.500000 -3.128294 1.861136 392.958392
 12.520000 3.115051 1.874548 390.975041
 12.540000 -3.098678 1.902409 395.814998
 12.560000 -3.141327 1.816554 391.511961
 12.580000 3.140788 2.013446 395.909656
 12.600000 3.114736 2.017829 394.844193
 12.620000 3.103537 2.127908 397.315587
 12.640000 3.077517 2.154820 396.864791
 12.660000 -3.066475 2.212993 406.418619
 12.680000 -2.976230 2.300898 414.775888
 12.700000 -2.954922 2.249943 415.109764
 12.720000 -2.945937 2.362182 418.190659
 12.740000 -2.888304 2.337129 421.675263
 12.760000 -3.061036 2.495381 412.855810
 12.780000 3.112936 2.255171 400.964313
 12.800000 2.994934 2.129526 392.601869
 12.820000 2.890656 2.135336 388.438958
 12.840000 3.015258 2.178704 394.774656
 12.860000 3.069374 2.093294 394.870203
 12.880000 3.127653 2.017906 395.433418
 12.900000 3.075638 2.174130 397.283727
 12.920000 -3.064437 2.160634 405.253616
 12.940000 -3.132732 2.245528 402.611481
 12.960000 -2.903756 2.178723 417.014543
 12.980000 -3.031660 2.030630 404.131891
 13.000000 3.131472 1.957920 393.933163
 13.020000 3.059260 1.836195 387.993191
 13.040000 2.839198 1.815016 378.509212
 13.060000 2.813865 1.654775 375.695699
 13.080000 2.927388 1.780733 381.636611
 13.100000 2.988812 1.775010 384.160571
 13.120000 3.121430 1.794136 390.293188
 13.140000 -3.059404 1.912856 398.875080
 13.160000 -2.983213 1.856027 403.103378
 13.180000 -2.874372 1.852305 410.785514
 13.200000 -2.962146 1.667122 402.095151
 13.220000 -3.028570 1.713857 398.068510
 13.240000 3.141168 1.553931 388.194305
 13.260000 3.109601 1.577556 387.064648
 13.280000 2.971189 1.496419 380.137128
 13.300000 2.942208 1.295370 376.949735
 13.320000 2.946355 1.317396 377.313205
 13.340000 3.109221 1.344066 384.317617
 13.360000 -2.882055 1.285392 402.143909
 13.380000 -2.748353 1.323006 411.597105
 13.400000 -2.755022 1.422628 412.773857
 13.420000 -2.738427 1.350436 412.706095
 13.440000 -2.791522 1.234675 407.806076
 13.460000 -2.873148 0.971376 404.410860
 13.480000 -3.127892 0.952836 389.286933
 13.500000 2.977364 0.755289 385.886524
 13.520000 2.986894 0.596242 389.702318
 13.540000 3.096475 0.762737 389.695990
 13.560000 -3.096020 0.780203 393.502473
 13.580000 -2.915323 0.877837 402.700562
 13.600000 -2.983743 0.813309 399.405429
 13.620000 -2.851273 0.903368 406.257847
 13.640000 -2.831117 0.868670 407.706155
 13.660000 -3.108402 0.948694 390.492669
 13.680000 -3.002559 0.718085 399.475469
 13.700000 3.107270 1.088392 385.333556
 13.720000 3.124628 0.947975 387.899419
 13.740000 3.087878 1.218506 382.933156
 13.760000 3.015053 1.195200 380.267310
 13.780000 3.068074 1.351141 382.632350
 13.800000 3.131969 1.550694 387.739554
 13.820000 -3.057139 1.597844 394.547113
 13.840000 -3.050697 1.637567 395.516777
 13.860000 -3.121566 1.768470 392.286359
 13.880000 -3.091292 1.916037 396.723821
 13.900000 -3.012054 1.853731 401.032736
 13.920000 -2.977290 1.982951 406.668627
 13.940000 3.023103 1.863016 386.710450
 13.960000 3.052017 2.032711 392.444000
 13.980000 3.052540 2.076648 393.674400
 14.000000 -3.011235 2.280962 411.885510
 14.020000 -2.995226 2.205403 411.223315
 14.040000 -2.876572 2.356249 422.878428
 14.060000 -3.088545 2.573855 413.488425
 14.080000 -3.121807 2.498483 408.808142
 14.100000 2.969904 2.424331 398.824383
 14.120000 2.930856 2.475517 398.371429
 14.140000 2.849249 2.493658 395.642569
 14.160000 2.857584 2.605454 400.006322
 14.180000 2.803892 2.550742 395.934111
 14.200000 2.861204 2.576227 399.006465
 14.220000 3.052660 2.659131 409.365792
 14.240000 3.029213 2.690872 409.540454
 14.260000 -3.008210 2.690239 422.587973
 14.280000 -3.062642 2.665788 418.272543
 14.300000 -3.002799 2.539212 418.028583
 14.320000 -3.072150 2.344374 409.078640
 14.340000 3.110317 2.171766 398.760555
 14.360000 3.122297 2.098859 397.388402
 14.380000 -3.136895 1.944588 394.347683
 14.400000 3.097035 1.817137 389.463826
 14.420000 -3.017314 1.795130 399.920462
 14.440000 -3.069891 1.618637 393.939743
 14.460000 -3.043348 1.687301 396.685054
 14.480000 -3.059744 1.392017 391.711123
 14.500000 3.102628 1.362942 384.240954
 14.520000 3.109032 1.265293 383.464781
 14.540000 3.058526 1.077472 383.551303
 14.560000 3.020844 0.982639 383.498807
 14.580000 2.980702 0.913097 383.183220
 14.600000 3.054772 0.762528 388.288610
 14.620000 3.070391 0.751578 388.998502
 14.640000 -3.093619 0.747346 394.103105
 14.660000 -2.939493 0.666345 403.479344
 14.680000 -2.925271 0.728098 403.604790
 14.700000 -2.882808 0.664878 406.522841
 14.720000 -2.870812 0.805400 405.927460
 14.740000 -2.986020 0.713363 400.435398
 14.760000 -2.867981 0.807443 406.071155
 14.780000 -2.949695 0.946099 400.005244
 14.800000 -3.033411 0.966236 394.753328
 14.820000 -3.084488 1.167341 389.374530
 14.840000 -3.124191 1.228293 386.185049
 14.860000 3.096461 1.525529 385.847761
 14.880000 3.126163 1.638011 388.560886
 14.900000 3.083581 1.799962 388.645557
 14.920000 -3.084333 1.989330 399.282456
 14.940000 -3.012470 2.254058 411.176495
 14.960000 3.027166 2.227321 396.536136
 14.980000 3.086868 2.260537 399.949925
 15.000000 2.973439 2.428843 399.066331
 15.020000 2.996109 2.552503 403.251109
 15.040000 2.996644 2.473364 400.952720
 15.060000 2.978408 2.427397 399.236219
 15.080000 3.086530 2.522159 405.777673
 15.100000 3.134831 2.586366 410.129565
 15.120000 -3.089781 2.526443 411.713940
 15.140000 -3.035754 2.474120 414.187800
 15.160000 -3.013898 2.500560 416.144109
 15.180000 3.138734 2.542608 408.715622
 15.200000 -3.118510 2.546489 410.516207
 15.220000 2.993907 2.399362 399.250335
 15.240000 3.073413 2.363293 401.780169
 15.260000 -3.096281 2.366423 407.897314
 15.280000 -3.131579 2.230975 402.336368
 15.300000 3.102372 2.045249 395.039871
 15.320000 -3.125156 2.092300 399.230827
 15.340000 2.999867 2.045636 390.522703
 15.360000 2.993754 1.887510 385.762185
 15.380000 2.971624 1.880241 384.680406
 15.400000 2.836101 1.759036 377.735006
 15.420000 3.045828 1.827098 387.284968
 15.440000 2.940647 1.604856 380.102881
 15.460000 3.065629 1.571509 385.038321
 15.480000 3.094897 1.517994 385.688391
 15.500000 -3.140651 1.465255 387.196309
 15.520000 3.136356 1.452810 386.751717
 15.540000 -3.109350 1.306452 387.400674
 15.560000 3.101906 1.195921 383.783856
 15.580000 -3.125870 1.231881 386.038372
 15.600000 -3.068278 0.944113 392.929151
 15.620000 3.115493 0.889387 388.401294
 15.640000 -3.071208 0.748728 395.313195
 15.660000 -3.103957 0.842129 392.186966
 15.680000 -3.051129 0.598599 398.904692
 15.700000 -2.993892 0.671151 400.515422
 15.720000 -2.949666 0.627951 403.362980
 15.740000 -2.890686 0.706631 405.710014
 15.760000 -2.935578 0.675424 403.592473
 15.780000 -3.004037 0.628850 400.498723
 15.800000 -3.116259 0.584963 395.989551
 15.820000 -3.117528 0.682610 393.773211
 15.840000 -3.064738 0.924751 393.376938
 15.860000 -2.989346 0.919059 397.910797
 15.880000 -3.030798 1.100528 393.465604
 15.900000 -3.065522 1.193412 390.311411
 15.920000 3.113316 1.453972 385.744930
 15.940000 3.047922 1.536869 383.852496
 15.960000 3.072486 1.502299 384.517262
 15.980000 2.970661 1.867279 384.486921
 16.000000 2.972871 1.871586 384.632121
 16.020000 3.004863 2.097926 392.174322
 16.040000 2.936922 2.008377 386.808717
 16.060000 -3.099378 2.092897 401.046361
 16.080000 -3.077128 2.420864 410.343049
 16.100000 3.115503 2.405961 404.518790
 16.120000 -2.999475 2.491700 416.970614
 16.140000 3.121571 2.450333 405.694700
 16.160000 -3.105043 2.555089 411.724587
 16.180000 3.126346 2.418479 405.247925
 16.200000 3.055673 2.619143 408.083236
 16.220000 2.963909 2.526059 400.951684
 16.240000 -3.051045 2.586125 416.411090
 16.260000 3.078197 2.440970 403.662834
 16.280000 -3.074780 2.482930 411.698256
 16.300000 3.035685 2.561754 405.186180
 16.320000 3.052254 2.573600 406.295354
 16.340000 2.922628 2.535724 399.722691
 16.360000 -3.104452 2.361737 407.235336
 16.380000 -3.083509 2.305714 407.430449
 16.400000 -3.036571 2.275592 409.996243
 16.420000 3.123817 2.091006 397.247253
 16.440000 2.815467 2.003007 381.812970
 16.460000 2.818769 1.842268 378.043127
 16.480000 2.764685 1.861962 376.263325
 16.500000 2.864950 1.802954 379.374371
 16.520000 2.887711 1.832540 380.631069
 16.540000 3.099970 1.708065 388.249370
 16.560000 -3.117862 1.688981 391.536724
 16.580000 -2.993388 1.689492 400.208821
 16.600000 -2.985835 1.423910 397.110906
 16.620000 -2.929346 1.560190 402.888613
 16.640000 -2.932623 1.351618 399.712137
 16.660000 -3.075721 1.397463 390.710458
 16.680000 -3.111412 1.257342 386.709549
 16.700000 2.992185 1.275864 378.744549
 16.720000 2.974876 1.357135 378.829330
 16.740000 3.024080 1.208617 380.453929
 16.760000 3.124193 1.360358 385.147563
 16.780000 3.137515 1.387236 386.036053
 16.800000 3.096306 1.394693 384.320856
 16.820000 -2.983261 1.428041 397.341613
 16.840000 -2.924612 1.476570 402.024511
 16.860000 -2.879225 1.381620 403.743872
 16.880000 -3.004851 1.356910 394.936586
 16.900000 3.018962 1.185897 380.543763
 16.920000 2.924503 1.072310 378.603890
 16.940000 2.955230 1.198929 377.886071
 16.960000 -3.085030 1.101498 390.061860
 16.980000 -3.112948 1.320041 387.321895
 17.000000 -2.929391 1.184194 399.177231
 17.020000 -2.910928 1.317434 400.683408
 17.040000 -2.958823 1.404420 398.677029
 17.060000 -3.028373 1.282429 392.421348
 17.080000 -2.933522 1.359367 399.760206
 17.100000 -2.957226 1.403298 398.769817
 17.120000 -2.998487 1.421908 396.225822
 17.140000 -3.080057 1.442168 390.976691
 17.160000 2.961931 1.484945 379.630442
 17.180000 2.977293 1.613467 381.728791
 17.200000 2.993782 1.660994 382.994513
 17.220000 -3.073834 1.748825 395.358937
 17.240000 3.110506 1.830141 390.234649
 17.260000 -3.090996 1.960377 398.003738
 17.280000 3.000708 2.035668 390.281920
 17.300000 3.060841 2.184239 396.894871
 17.320000 3.055815 2.104959 394.584901
 17.340000 3.073900 2.321368 400.839645
 17.360000 3.036811 2.374910 400.487718
 17.380000 2.915453 2.316762 394.132254
 17.400000 2.917817 2.379196 395.717543
 17.420000 3.045838 2.495834 403.418567
 17.440000 -3.106220 2.638747 414.535919
 17.460000 -3.137859 2.614529 411.637125
 17.480000 -3.054329 2.635255 417.833645
 17.500000 -3.105732 2.566192 412.073809
 17.520000 -3.048103 2.524243 414.441839
 17.540000 3.056558 2.413879 402.178247
 17.560000 3.118574 2.511263 406.743746
 17.580000 3.005399 2.324888 398.009602
 17.600000 -3.086543 2.448148 410.240625
 17.620000 3.043662 2.164749 395.638513
 17.640000 -3.110355 2.142750 401.586637
 17.660000 3.039760 2.103631 393.844086
 17.680000 3.140763 2.190195 400.592105
 17.700000 3.075272 1.995967 392.456068
 17.720000 3.111803 1.909857 391.666546
 17.740000 3.043959 1.894260 388.160922
 17.760000 3.131340 1.749157 390.188830
 17.780000 3.049379 1.603991 384.716195
 17.800000 -3.117167 1.518268 389.423157
 17.820000 -3.094448 1.370348 389.132851
 17.840000 3.132873 1.354098 385.455313
 17.860000 -3.023931 1.341885 393.467783
 17.880000 -3.128759 1.163029 386.625706
 17.900000 -3.019701 1.064113 394.533493
 17.920000 -3.131958 1.055968 387.708301
 17.940000 -3.127065 0.878309 390.359980
 17.960000 3.028745 0.721306 388.157543
 17.980000 -3.104757 0.822527 392.415694
 18.000000 -3.091428 0.722575 394.578335
 18.020000 -2.969890 0.771046 400.664458
 18.040000 -2.911661 0.698597 404.646451
 18.060000 -2.968658 0.715572 401.358441
 18.080000 -2.957456 0.711296 402.018586
 18.100000 -3.011628 0.727366 398.864853
 18.120000 -3.002707 0.750614 399.072095
 18.140000 3.102540 0.747299 390.153947
 18.160000 -3.093320 0.944411 391.440193
 18.180000 3.095389 1.012431 385.879165
 18.200000 -3.123636 1.136143 387.257022
 18.220000 3.100318 1.293905 383.395672
 18.240000 -3.128605 1.394502 387.157602
 18.260000 -3.041712 1.512314 394.480818
 18.280000 -3.057717 1.632571 394.964315
 18.300000 3.110313 1.700003 388.616928
 18.320000 -3.085769 1.811060 395.313810
 18.340000 3.059732 1.957775 390.683980
 18.360000 3.125675 2.020147 395.405251
 18.380000 3.130937 2.057388 396.663824
 18.400000 3.042382 2.104354 393.978361
 18.420000 3.116784 2.210192 400.023996
 18.440000 -3.054826 2.340303 410.185588
 18.460000 -3.132012 2.359765 405.304898
 18.480000 -3.045015 2.539302 415.187038
 18.500000 -3.140666 2.483948 407.266908
 18.520000 3.015894 2.655318 407.797550
 18.540000 3.105695 2.654431 411.306484
 18.560000 3.061316 2.628826 408.650971
 18.580000 -3.127118 2.681743 414.584280
 18.600000 3.109342 2.477620 405.715394
 18.620000 3.040226 2.569955 405.675032
 18.640000 2.916696 2.465818 397.611950
 18.660000 2.899225 2.424978 396.036261
 18.680000 2.831298 2.296170 390.355098
 18.700000 3.027396 2.266226 397.518635
 18.720000 3.086876 2.161998 397.465983
 18.740000 -3.074913 2.099240 402.927985
 18.760000 -3.083463 1.916992 397.300806
 18.780000 -3.127313 1.771597 391.927017
 18.800000 -3.139347 1.522020 387.972180
 18.820000 3.068863 1.456634 383.831481
 18.840000 3.081166 1.368174 383.374670
 18.860000 3.082442 1.120361 383.927418
 18.880000 -3.108094 1.040956 389.347884
 18.900000 -3.097789 0.998336 390.495381
 18.920000 -3.007764 0.789431 398.321524
 18.940000 -2.922128 0.789374 403.162402
 18.960000 -2.942418 0.679434 403.181985
 18.980000 -2.785635 0.649731 411.788101
 19.000000 -2.903158 0.692096 405.171359
 19.020000 -2.912169 0.377497 411.637958
 19.040000 -2.955731 0.523014 405.824867
 19.060000 -2.934015 0.453293 408.703232
 19.080000 -2.956117 0.515063 406.015808
 19.100000 -2.946588 0.590802 404.500979
 19.120000 -3.100184 0.640443 395.320573
 19.140000 2.959326 0.699782 386.387225
 19.160000 -3.128329 0.769868 391.868621
 19.180000 3.084431 0.972545 386.023925
 19.200000 -2.889348 1.172563 401.856794
 19.220000 -2.750568 1.310573 411.246622
 19.240000 -3.030528 1.481198 394.834630
 19.260000 -3.126686 1.453242 387.984950
 19.280000 3.101221 1.539392 386.225806
 19.300000 3.049473 1.736351 386.338948
 19.320000 3.106615 1.704326 388.503346
 19.340000 -3.129626 1.787123 391.960186
 19.360000 2.894163 1.883156 381.484332
 19.380000 3.061488 1.994973 391.812286
 19.400000 3.121931 2.139469 398.443670
 19.420000 -3.127823 2.249252 403.040592
 19.440000 -2.983687 2.347497 415.267131
 19.460000 -2.913430 2.469456 422.454006
 19.480000 3.103512 2.428163 404.471465
 19.500000 3.125647 2.514213 407.113579
 19.520000 2.954201 2.289493 395.028818
 19.540000 2.905320 2.493429 397.755345
 19.560000 3.101486 2.586586 408.769420
 19.580000 3.009828 2.535784 403.159558
 19.600000 2.934379 2.479680 398.597124
 19.620000 3.086386 2.550879 406.847647
 19.640000 3.007511 2.619851 406.205731
 19.660000 -3.084602 2.552640 413.003490
 19.680000 -2.969071 2.472300 418.702685
 19.700000 -3.066029 2.417583 411.036061
 19.720000 3.119503 2.475011 406.094670
 19.740000 2.999538 2.373003 398.887164
 19.760000 2.830726 2.224548 388.487604
 19.780000 3.012970 2.184751 394.834118
 19.800000 3.114324 2.145573 398.261615
 19.820000 3.135058 2.252093 401.868798
 19.840000 3.096222 2.014879 393.925085
 19.860000 3.101204 2.119264 396.982771
 19.880000 3.067457 2.073787 394.256734
 19.900000 -3.076596 2.004051 400.234726
 19.920000 -3.073542 1.931544 398.413639
 19.940000 3.136914 1.867634 391.895450
 19.960000 3.101069 1.824095 389.731654
 19.980000 2.931805 1.627269 379.999770
 20.000000 2.906414 1.481455 377.361665
