#! FIELDS time phi psi metad.bias
#! SET min_phi -pi
#! SET max_phi pi
#! SET min_psi -pi
#! SET max_psi pi
 0.000000 3.141580 -3.141577 479.141723
 0.020000 -2.987880 2.494210 468.341378
 0.040000 -3.008301 2.515263 467.989838
 0.060000 -3.022134 2.495989 467.268695
 0.080000 -3.039936 2.508812 466.841683
 0.100000 -3.050277 2.502035 466.415025
 0.120000 -3.068048 2.544427 466.903787
 0.140000 -3.081540 2.527563 465.927293
 0.160000 -3.100081 2.532432 465.430242
 0.180000 -3.110026 2.521684 464.751857
 0.200000 -3.031171 2.509770 467.142543
 0.220000 -3.047773 2.482251 466.253752
 0.240000 -3.026798 2.447474 466.496477
 0.260000 -3.061927 2.402472 464.734125
 0.280000 -3.042652 2.417370 465.575868
 0.300000 -3.046367 2.472397 466.176152
 0.320000 -2.997054 2.514175 468.315505
 0.340000 -2.891713 2.490760 471.164960
 0.360000 -2.849308 2.478969 472.177491
 0.380000 -2.853191 2.512779 472.504690
 0.400000 -2.918270 2.512895 470.682597
 0.420000 -2.908558 2.526298 471.371727
 0.440000 -2.946858 2.459056 469.147459
 0.460000 -2.882568 2.459110 471.007800
 0.480000 -2.928234 2.476058 469.923279
 0.500000 -2.939447 2.501540 469.916541
 0.520000 -3.010681 2.428406 466.761206
 0.540000 -2.949369 2.456958 469.044324
 0.560000 -3.014219 2.479582 467.318822
 0.580000 -2.946025 2.449619 469.046988
 0.600000 -2.955597 2.440871 468.641669
 0.620000 -3.011507 2.535384 468.505735
 0.640000 -2.987127 2.557809 469.965584
 0.660000 -3.001170 2.525512 468.534536
 0.680000 -3.026143 2.522523 467.635299
 0.700000 -2.965696 2.511315 469.243352
 0.720000 -2.877864 2.587948 474.108288
 0.740000 -2.881429 2.476175 471.264515
 0.760000 -2.863142 2.392815 470.625356
 0.780000 -2.877509 2.296391 468.788040
 0.800000 -2.910458 2.392872 469.304876
 0.820000 -2.902622 2.322866 468.494761
 0.840000 -2.832820 2.280047 469.730966
 0.860000 -2.918634 2.312916 467.884745
 0.880000 -2.908730 2.317852 468.244452
 0.900000 -2.925944 2.332792 467.975562
 0.920000 -3.027501 2.306272 464.469082
 0.940000 -2.940864 2.420169 468.800571
 0.960000 -2.944052 2.354657 467.769698
 0.980000 -2.931696 2.448672 469.459931
 1.000000 -2.933392 2.408110 468.853743
 1.020000 -2.927327 2.478222 469.977995
 1.040000 -3.017776 2.478176 467.186205
 1.060000 -2.899231 2.526337 471.640113
 1.080000 -2.976785 2.506146 468.836843
 1.100000 -3.012646 2.496689 467.584486
 1.120000 -2.967424 2.528704 469.691109
 1.140000 -3.056076 2.667115 470.909132
 1.160000 -3.020066 2.500696 467.394158
 1.180000 -3.008060 2.535632 468.624386
 1.200000 -3.065354 2.612635 469.025491
 1.220000 -3.002191 2.637933 471.857001
 1.240000 -2.966024 2.658826 473.597394
 1.260000 -3.138885 2.502006 463.329119
 1.280000 -2.899574 2.641436 475.068991
 1.300000 -3.025272 2.477137 466.929845
 1.320000 -3.059353 2.373437 464.415514
 1.340000 -3.001068 2.351322 465.979377
 1.360000 -3.021317 2.328846 465.006211
 1.380000 -3.066052 2.125974 460.292575
 1.400000 -2.993457 2.071847 461.608264
 1.420000 -2.965541 1.864959 458.831783
 1.440000 -3.043228 1.840174 456.527615
 1.460000 -2.856713 1.819327 461.966128
 1.480000 -2.821166 1.795369 462.934771
 1.500000 -2.618250 1.769853 467.764967
 1.520000 -2.550246 1.824586 469.036778
 1.540000 -2.535193 1.911265 469.681604
 1.560000 -2.570335 1.792629 468.708792
 1.580000 -2.649583 1.850767 466.973938
 1.600000 -2.559097 1.896326 468.949206
 1.620000 -2.618533 2.029781 470.352899
 1.640000 -2.551844 2.010330 471.258830
 1.660000 -2.643451 2.142631 471.855416
 1.680000 -2.711868 2.147458 470.471549
 1.700000 -2.712771 2.275637 472.569622
 1.720000 -2.844985 2.214549 468.346112
 1.740000 -2.932588 2.188370 465.469905
 1.760000 -2.977417 2.222060 464.699836
 1.780000 -3.087645 2.337314 462.949294
 1.800000 -3.127128 2.347707 461.738872
 1.820000 3.119738 2.363718 461.169921
 1.840000 -3.126566 2.398802 462.464854
 1.860000 -3.084668 2.573154 467.194736
 1.880000 -2.972367 2.578111 471.038133
 1.900000 -2.919546 2.561173 472.118367
 1.920000 -2.876049 2.491196 471.608108
 1.940000 -2.817106 2.581651 475.536932
 1.960000 -2.927976 2.441590 469.473924
 1.980000 -2.916414 2.303301 467.800374
 2.000000 -2.965663 2.299119 466.283738
 2.020000 -2.926448 2.284914 467.223740
 2.040000 -2.926839 2.264669 466.891709
 2.060000 -2.891560 2.163554 466.213320
 2.080000 -2.918285 2.223167 466.464483
 2.100000 -2.785614 2.229152 470.109434
 2.120000 -2.723293 2.276441 472.346269
 2.140000 -2.654254 2.248441 473.384840
 2.160000 -2.662237 2.256842 473.354961
 2.180000 -2.644871 2.267065 473.867796
 2.200000 -2.825220 2.250698 469.458641
 2.220000 -2.871798 2.206391 467.487644
 2.240000 -3.054981 2.086614 459.955376
 2.260000 -3.128955 2.152672 458.657846
 2.280000 -3.085431 2.025601 457.862013
 2.300000 3.135326 2.056282 456.489278
 2.320000 -3.140706 1.955705 454.719856
 2.340000 -3.086151 2.009366 457.535436
 2.360000 -3.120719 1.987212 455.985672
 2.380000 -2.944118 2.093775 463.478660
 2.400000 -2.793081 2.235656 470.030845
 2.420000 -2.839862 2.182646 467.944003
 2.440000 -2.757131 2.172500 469.851429
 2.460000 -2.816970 2.175033 468.410228
 2.480000 -2.832754 2.242295 469.125801
 2.500000 -2.723723 2.188720 470.906826
 2.520000 -2.574210 2.250812 474.936079
 2.540000 -2.652713 2.277569 473.874464
 2.560000 -2.479050 2.396597 479.233969
 2.580000 -2.648196 2.342667 474.950590
 2.600000 -2.657252 2.420881 475.882396
 2.620000 -2.590869 2.532138 478.866287
 2.640000 -2.697135 2.425657 475.124678
 2.660000 -2.743848 2.474131 474.738238
 2.680000 -2.879973 2.251853 468.011911
 2.700000 -3.006147 2.378921 466.218196
 2.720000 -3.125996 2.322953 461.423091
 2.740000 -3.018316 2.382394 465.880326
 2.760000 3.095973 2.343256 460.565846
 2.780000 -3.088092 2.431621 464.240213
 2.800000 3.119162 2.512850 463.044872
 2.820000 -3.064486 2.515790 466.149725
 2.840000 -2.922061 2.465447 469.965366
 2.860000 -2.882813 2.528711 472.176216
 2.880000 -2.848579 2.509830 472.591465
 2.900000 -2.901491 2.477173 470.712272
 2.920000 -3.042755 2.364184 464.830454
 2.940000 -3.068510 2.374532 464.125786
 2.960000 -2.973472 2.392516 467.429210
 2.980000 -2.971368 2.402472 467.633904
 3.000000 -2.849064 2.338681 470.208394
 3.020000 -2.760134 2.400573 473.355384
 3.040000 -2.838501 2.438646 471.926033
 3.060000 -2.653447 2.454175 476.405085
 3.080000 -2.559389 2.432696 477.804386
 3.100000 -2.587819 2.449071 477.546546
 3.120000 -2.508621 2.561832 481.078413
 3.140000 -2.702086 2.447994 475.321386
 3.160000 -2.938195 2.413170 468.782606
 3.180000 -3.007578 2.247460 464.182194
 3.200000 -3.138844 2.264228 460.100768
 3.220000 3.092366 2.261723 459.340189
 3.240000 3.116486 2.221640 459.038017
 3.260000 3.116340 2.205032 458.774544
 3.280000 3.120724 2.256970 459.636329
 3.300000 -2.963338 2.265438 465.825964
 3.320000 -2.764700 2.230470 470.640830
 3.340000 -2.673430 2.502933 476.631765
 3.360000 -2.637665 2.284539 474.281902
 3.380000 -2.760332 2.340577 472.474999
 3.400000 -2.863539 2.209654 467.766956
 3.420000 -3.007115 2.129714 462.223833
 3.440000 -3.105573 2.136086 459.166325
 3.460000 3.138477 2.016816 455.808027
 3.480000 3.051136 2.084480 455.953648
 3.500000 -3.113846 2.026586 456.948762
 3.520000 -3.025501 2.067433 460.540186
 3.540000 -2.942252 2.204792 465.463793
 3.560000 -2.827381 2.217266 468.853767
 3.580000 -2.708052 2.384081 474.305659
 3.600000 -2.788177 2.299895 471.178409
 3.620000 -2.803232 2.347820 471.533996
 3.640000 -2.992195 2.361661 466.407779
 3.660000 -3.011913 2.517066 467.929311
 3.680000 3.136886 2.482350 462.933005
 3.700000 3.117909 2.551397 464.180833
 3.720000 2.957057 2.391643 459.031528
 3.740000 -3.103689 2.519001 464.893391
 3.760000 3.140922 2.466276 462.791055
 3.780000 -2.969657 2.623527 472.464899
 3.800000 -2.853301 2.515984 472.591905
 3.820000 -2.931634 2.617271 473.433948
 3.840000 -2.961801 2.461315 468.725515
 3.860000 -2.859802 2.435762 471.317607
 3.880000 -2.926833 2.413411 469.120343
 3.900000 -2.705718 2.380224 474.301220
 3.920000 -2.593047 2.370309 476.383520
 3.940000 -2.651706 2.281400 473.954258
 3.960000 -2.758566 2.267547 471.386982
 3.980000 -2.808862 2.183300 468.758855
 4.000000 -2.756638 2.299007 471.927802
 4.020000 -2.497220 2.132867 474.665321
 4.040000 -2.346609 2.163211 480.423546
 4.060000 -2.545318 1.886444 469.007656
 4.080000 -2.671982 1.852942 466.478103
 4.100000 -3.022239 1.547276 457.075068
 4.120000 -3.056029 1.453419 455.814936
 4.140000 -3.086340 1.460995 454.909860
 4.160000 -3.129401 1.531203 453.736242
 4.180000 -3.115189 1.635076 454.333383
 4.200000 -3.071640 1.698428 455.736946
 4.220000 -2.923074 1.708454 460.171173
 4.240000 -2.737279 1.900152 465.216319
 4.260000 -2.708588 1.885481 465.589184
 4.280000 -2.605790 1.812313 467.967126
 4.300000 -2.395671 2.040637 476.869185
 4.320000 -2.380966 1.954317 475.929032
 4.340000 -2.410884 2.078766 476.952591
 4.360000 -2.541629 1.925303 469.839481
 4.380000 -2.833466 1.878430 462.494458
 4.400000 -2.807071 1.965586 464.806400
 4.420000 -2.804182 1.857456 463.295883
 4.440000 -2.896684 1.887622 460.821666
 4.460000 -2.835012 1.874906 462.460551
 4.480000 -2.782786 1.995688 466.008517
 4.500000 -2.880452 2.229430 467.632656
 4.520000 -2.794749 2.265152 470.466757
 4.540000 -2.820661 2.481828 472.966382
 4.560000 -2.659214 2.801129 485.129531
 4.580000 -2.797213 2.799317 482.123542
 4.600000 -2.737173 2.829770 484.290198
 4.620000 -2.861902 2.741882 478.932893
 4.640000 -3.033504 2.709825 472.865506
 4.660000 3.136531 2.542561 464.181092
 4.680000 3.065184 2.428656 461.244428
 4.700000 2.843804 2.265091 455.453338
 4.720000 2.928550 2.326835 457.734416
 4.740000 2.947312 2.162737 455.736496
 4.760000 -3.118039 2.309852 461.507537
 4.780000 -2.809899 2.366946 471.648847
 4.800000 -2.630323 2.461009 476.938966
 4.820000 -2.415066 2.417596 481.622494
 4.840000 -2.486245 2.237301 476.725101
 4.860000 -2.431691 2.338875 480.078219
 4.880000 -2.519763 2.383150 477.750459
 4.900000 -2.554328 2.274193 475.634802
 4.920000 -2.652664 2.218985 472.943192
 4.940000 -2.551902 2.232673 475.034231
 4.960000 -2.715637 2.295416 472.814863
 4.980000 -2.682563 2.267409 473.096944
 5.000000 -2.680833 2.117569 470.635927
 5.020000 -2.713128 2.268884 472.455041
 5.040000 -2.694080 2.252932 472.619917
 5.060000 -2.897970 2.250365 467.486381
 5.080000 -3.090265 2.163504 460.139504
 5.100000 3.059217 2.200833 457.961816
 5.120000 3.117920 2.193875 458.616275
 5.140000 3.099391 2.352219 460.736806
 5.160000 -3.069741 2.323285 463.344764
 5.180000 -3.018538 2.296267 464.602087
 5.200000 -2.906518 2.449342 470.200495
 5.220000 -2.725647 2.524724 475.999765
 5.240000 -2.777264 2.357343 472.318076
 5.260000 -2.643239 2.487034 477.027990
 5.280000 -2.681049 2.391894 474.993688
 5.300000 -2.660590 2.528014 477.464630
 5.320000 -2.720301 2.327293 473.198622
 5.340000 -2.686509 2.321250 473.844616
 5.360000 -2.652382 2.314280 474.443876
 5.380000 -2.607579 2.365053 476.048008
 5.400000 -2.757778 2.343691 472.582181
 5.420000 -2.648788 2.297864 474.266316
 5.440000 -2.655666 2.419569 475.895948
 5.460000 -2.675225 2.297820 473.725251
 5.480000 -2.618638 2.376379 476.005561
 5.500000 -2.939670 2.161141 464.798448
 5.520000 -2.975021 2.325239 466.398215
 5.540000 3.138483 2.188623 458.779808
 5.560000 3.049187 2.169995 457.338749
 5.580000 3.109551 2.072925 456.485438
 5.600000 3.073936 2.013577 454.993466
 5.620000 -3.130846 2.076495 457.282504
 5.640000 -3.103333 2.009752 456.982515
 5.660000 -2.939115 2.074783 463.278773
 5.680000 -2.850077 1.995071 464.257673
 5.700000 -2.762770 2.184029 469.912525
 5.720000 -2.769359 1.979634 466.029403
 5.740000 -2.755560 2.038758 467.495250
 5.760000 -2.762247 1.929260 465.204626
 5.780000 -2.728548 1.912776 465.681770
 5.800000 -2.698542 1.804536 465.952387
 5.820000 -2.840312 1.830463 462.391878
 5.840000 -2.856360 1.937333 462.947110
 5.860000 -2.683418 1.931257 467.091032
 5.880000 -2.869389 1.985920 463.558626
 5.900000 -2.754470 1.852188 464.551762
 5.920000 -2.751466 1.909726 465.070847
 5.940000 -2.842175 1.940862 463.397408
 5.960000 -2.769388 1.919451 464.830279
 5.980000 -2.803021 1.818154 463.382618
 6.000000 -2.936517 2.029483 462.510852
 6.020000 -3.050194 2.052961 459.498311
 6.040000 -2.983818 1.960988 459.793691
 6.060000 -3.135963 1.934606 454.467321
 6.080000 -2.939965 1.960454 461.074681
 6.100000 -2.936307 1.967462 461.318967
 6.120000 -2.906522 1.861168 460.535253
 6.140000 -2.891072 1.853817 460.978819
 6.160000 -2.764304 1.876548 464.264010
 6.180000 -2.734474 1.907960 465.443091
 6.200000 -2.770675 2.007071 466.527345
 6.220000 -2.690013 1.890309 466.114063
 6.240000 -2.830844 1.976798 464.410564
 6.260000 -2.666753 2.036305 469.473968
 6.280000 -2.761711 1.930874 465.250281
 6.300000 -2.820288 1.882622 462.831514
 6.320000 -2.958022 1.951043 460.361378
 6.340000 -3.024241 1.975838 458.854424
 6.360000 -2.947580 2.025773 462.118984
 6.380000 -3.030770 1.960035 458.343432
 6.400000 -2.812596 2.024964 465.814245
 6.420000 -3.002125 2.087303 461.623968
 6.440000 -2.854662 1.967886 463.602733
 6.460000 -2.990164 1.935717 459.100077
 6.480000 -2.852607 1.853773 462.029269
 6.500000 -2.940113 1.883433 459.537040
 6.520000 -2.999904 2.067710 461.335993
 6.540000 -2.933493 1.926619 460.582667
 6.560000 -3.006749 1.964728 459.174302
 6.580000 -2.925026 1.990976 462.103490
 6.600000 -2.997818 1.948343 459.121638
 6.620000 -2.845680 2.111505 466.546104
 6.640000 -2.902617 2.000663 462.926236
 6.660000 -2.594616 2.167005 473.217832
 6.680000 -2.644479 2.285997 474.169872
 6.700000 -2.787889 2.256540 470.498961
 6.720000 -2.856393 2.251625 468.650516
 6.740000 -2.935662 2.339143 467.786881
 6.760000 -2.926127 2.383407 468.715963
 6.780000 -2.918597 2.285713 467.463226
 6.800000 -2.923345 2.342696 468.199771
 6.820000 3.131088 2.199571 458.867930
 6.840000 -3.071960 2.408401 464.478370
 6.860000 3.088974 2.122436 457.083599
 6.880000 -3.053538 2.339713 464.122569
 6.900000 -3.008121 2.266093 464.461251
 6.920000 -2.901724 2.472923 470.650210
 6.940000 -2.937021 2.397555 468.598038
 6.960000 -2.885817 2.286909 468.409503
 6.980000 -2.843786 2.348984 470.503325
 7.000000 -2.615483 2.430373 476.808912
 7.020000 -2.673147 2.451460 475.974274
 7.040000 -2.682244 2.294482 473.526207
 7.060000 -2.692946 2.451868 475.568116
 7.080000 -2.910890 2.383047 469.151573
 7.100000 -2.846961 2.476075 472.202369
 7.120000 -2.857205 2.326871 469.811283
 7.140000 -2.849992 2.520749 472.828118
 7.160000 -2.841834 2.527457 473.252124
 7.180000 -2.836013 2.526083 473.363312
 7.200000 -2.961174 2.445490 468.534618
 7.220000 -2.929670 2.437922 469.374495
 7.240000 -2.825127 2.526025 473.645392
 7.260000 -2.981255 2.492102 468.522222
 7.280000 -3.039145 2.479325 466.502882
 7.300000 -3.112838 2.410191 463.099426
 7.320000 3.120516 2.578046 465.007791
 7.340000 3.082393 2.457817 461.860255
 7.360000 -3.017309 2.515733 467.713601
 7.380000 -3.128158 2.381402 462.172468
 7.400000 -2.829170 2.629888 476.647389
 7.420000 -2.888059 2.481617 471.149980
 7.440000 -2.900492 2.398066 469.663168
 7.460000 -2.793161 2.428774 472.949903
 7.480000 -2.836354 2.467617 472.371922
 7.500000 -2.829759 2.382782 471.368964
 7.520000 -2.814342 2.385185 471.801313
 7.540000 -2.872751 2.218760 467.667881
 7.560000 -2.942853 2.286456 466.767835
 7.580000 -2.927591 2.275760 467.046210
 7.600000 -3.027027 2.137684 461.741639
 7.620000 -2.794067 2.347736 471.762107
 7.640000 -2.881612 2.237620 467.735042
 7.660000 -2.804296 2.372895 471.877673
 7.680000 -2.886506 2.233713 467.535444
 7.700000 -2.886354 2.222907 467.361650
 7.720000 -2.834231 2.334240 470.533446
 7.740000 -2.829005 2.213099 468.742151
 7.760000 -2.876185 2.229710 467.754755
 7.780000 -2.997294 2.097190 461.949786
 7.800000 -3.031828 2.125574 461.379642
 7.820000 -3.098511 2.106053 458.882731
 7.840000 -2.959307 2.146911 463.973498
 7.860000 -3.003559 1.934831 458.677767
 7.880000 -2.808428 2.205149 469.138970
 7.900000 -3.121605 2.133384 458.581735
 7.920000 -2.991666 2.081986 461.847255
 7.940000 -2.958472 2.182783 464.614149
 7.960000 -2.921863 2.138844 464.925987
 7.980000 -2.615895 2.375660 476.046247
 8.000000 -2.710593 2.390492 474.341628
 8.020000 -2.707083 2.398767 474.535703
 8.040000 -2.740455 2.442497 474.395082
 8.060000 -2.763350 2.539905 475.598656
 8.080000 -2.884827 2.480877 471.230919
 8.100000 -2.732988 2.634758 479.099399
 8.120000 -2.991087 2.415341 467.202243
 8.140000 -2.908696 2.593529 473.403226
 8.160000 -3.022021 2.376491 465.677725
 8.180000 -3.123160 2.355923 461.993826
 8.200000 -3.104211 2.477718 464.270096
 8.220000 3.130658 2.401266 461.821803
 8.240000 -3.122765 2.564329 465.584816
 8.260000 -3.094840 2.466572 464.457496
 8.280000 -2.910266 2.415587 469.630802
 8.300000 -2.889988 2.539509 472.306543
 8.320000 -2.651441 2.620513 480.366599
 8.340000 -2.715287 2.345671 473.585780
 8.360000 -2.525766 2.560733 480.715493
 8.380000 -2.623669 2.393766 476.156241
 8.400000 -2.499724 2.439031 479.063043
 8.420000 -2.581839 2.135376 472.921749
 8.440000 -2.704678 2.293315 473.024703
 8.460000 -2.563214 2.214585 474.555996
 8.480000 -2.675734 2.107961 470.576662
 8.500000 -2.708636 1.980830 467.494817
 8.520000 -2.798404 1.955486 464.827462
 8.540000 -2.702761 1.958008 467.184140
 8.560000 -2.917356 1.935045 461.214251
 8.580000 -2.893792 1.865227 460.884056
 8.600000 -2.955465 1.748116 459.241461
 8.620000 -2.983068 2.039389 461.322869
 8.640000 -2.955239 1.932376 460.068486
 8.660000 -2.902931 1.997754 462.861196
 8.680000 -2.824486 1.986629 464.769109
 8.700000 -2.907882 2.034224 463.418876
 8.720000 -2.882615 2.122274 465.737908
 8.740000 -3.076159 1.876405 455.428341
 8.760000 -3.063368 2.042682 458.889289
 8.780000 -3.077794 1.980637 457.259421
 8.800000 -2.901704 2.210087 466.719077
 8.820000 -3.048507 2.114387 460.654472
 8.840000 -2.926559 2.161667 465.188082
 8.860000 -2.920339 2.179843 465.678799
 8.880000 -2.914128 2.331030 468.290409
 8.900000 -2.817223 2.256959 469.766157
 8.920000 -2.780395 2.309341 471.516111
 8.940000 -2.723841 2.640692 479.470595
 8.960000 -2.807354 2.515252 473.767538
 8.980000 -2.681252 2.536626 477.309478
 9.000000 -2.937431 2.425168 468.971316
 9.020000 -2.889771 2.569623 473.226931
 9.040000 -2.905149 2.631771 474.629427
 9.060000 -3.131213 2.459239 463.085123
 9.080000 -2.997932 2.404405 466.836179
 9.100000 -2.998100 2.392175 466.659716
 9.120000 -3.007941 2.348607 465.723105
 9.140000 -3.002879 2.126545 462.299048
 9.160000 -2.926963 2.323659 467.807639
 9.180000 -3.021346 2.118599 461.586416
 9.200000 -2.837924 2.358175 470.794870
 9.220000 -3.081836 2.057334 458.561633
 9.240000 -2.965482 2.085257 462.694337
 9.260000 -2.960555 2.246892 465.612482
 9.280000 -2.920846 2.136434 464.912818
 9.300000 -2.745621 2.162106 469.946325
 9.320000 -2.809372 1.974766 464.928110
 9.340000 -2.749878 2.193417 470.378498
 9.360000 -2.580709 2.223874 474.397197
 9.380000 -2.711766 2.179168 471.016232
 9.400000 -2.784471 1.942391 464.917814
 9.420000 -2.586003 2.238521 474.534577
 9.440000 -2.703535 2.082627 469.513234
 9.460000 -2.796025 2.165053 468.770788
 9.480000 -2.802271 1.992237 465.450596
 9.500000 -2.956944 1.976624 460.898266
 9.520000 -2.771788 2.228383 470.435349
 9.540000 -2.911302 1.883719 460.358542
 9.560000 -2.973575 1.920288 459.283458
 9.580000 -3.134419 1.984031 455.470463
 9.600000 -3.015544 2.064805 460.801654
 9.620000 -3.099352 1.996274 456.859280
 9.640000 -3.079254 1.966072 456.931399
 9.660000 -3.017533 1.970285 458.952988
 9.680000 -3.050498 2.122870 460.739314
 9.700000 -2.951881 2.119046 463.703596
 9.720000 -2.923704 1.996163 462.241908
 9.740000 -2.789472 2.107668 467.926046
 9.760000 -2.834695 2.218361 468.680985
 9.780000 -2.697320 2.253416 472.557255
 9.800000 -2.889280 2.142394 465.908583
 9.820000 -2.584360 2.207932 474.076284
 9.840000 -2.630303 2.309628 474.807739
 9.860000 -2.692786 2.207021 471.901601
 9.880000 -2.704677 2.283460 472.871283
 9.900000 -2.812294 2.376665 471.730044
 9.920000 -2.703411 2.531435 476.688732
 9.940000 -2.763973 2.558834 476.156581
 9.960000 -2.864081 2.423736 471.035711
 9.980000 -2.965689 2.413923 467.966995
 10.000000 -3.014129 2.716624 473.692950
 10.020000 2.986851 2.648585 464.768481
 10.040000 -3.103792 2.584841 466.870508
 10.060000 2.997500 2.626299 464.353087
 10.080000 -3.110984 2.777008 471.982227
 10.100000 -3.020037 2.734088 473.978127
 10.120000 3.103427 2.649027 466.791716
 10.140000 -3.078599 2.555318 466.870737
 10.160000 -2.868716 2.580201 474.128918
 10.180000 -2.966336 2.540311 470.080640
 10.200000 -2.910522 2.292180 467.796115
 10.220000 -2.804717 2.164185 468.536564
 10.240000 -2.978928 2.208757 464.434542
 10.260000 -2.711183 2.058375 468.898745
 10.280000 -2.795668 1.811103 463.579159
 10.300000 -2.828059 1.797165 462.752209
 10.320000 -2.770356 1.655487 464.240999
 10.340000 -2.608630 1.464846 467.712735
 10.360000 -2.725614 1.428621 464.879049
 10.380000 -2.856328 1.177387 462.095054
 10.400000 -2.797754 1.235416 462.637126
 10.420000 -3.030917 1.099667 458.466334
 10.440000 -2.759202 1.029026 467.036888
 10.460000 -2.862166 0.930132 465.808065
 10.480000 -2.832265 0.939923 466.461326
 10.500000 -2.776033 0.856864 469.045757
 10.520000 -2.927772 0.778301 466.085623
 10.540000 -2.793379 0.637690 471.175388
 10.560000 -2.900813 0.804239 466.480856
 10.580000 -2.742524 0.582951 473.814626
 10.600000 -2.784535 0.740557 470.272243
 10.620000 -2.487682 0.723549 477.563463
 10.640000 -2.749469 0.729681 471.256432
 10.660000 -2.710845 0.794892 471.420573
 10.680000 -2.702839 0.656198 473.137206
 10.700000 -2.838413 0.814108 468.003460
 10.720000 -2.635827 0.771161 473.420173
 10.740000 -2.799497 0.813057 469.016661
 10.760000 -2.680577 0.738387 472.781664
 10.780000 -2.691183 0.965852 469.639412
 10.800000 -2.681118 0.950658 470.093441
 10.820000 -2.743160 0.990501 468.014260
 10.840000 -2.786265 1.040828 466.165959
 10.860000 -2.884550 1.211569 460.730113
 10.880000 -2.791736 1.256905 462.412161
 10.900000 -2.672214 1.312637 465.685232
 10.920000 -2.838423 1.566641 462.347748
 10.940000 -2.702563 1.513000 465.683128
 10.960000 -2.683978 1.631387 466.314474
 10.980000 -2.799868 1.808883 463.473996
 11.000000 -2.648479 1.832792 467.031775
 11.020000 -2.623197 1.934839 468.452587
 11.040000 -2.728212 1.948414 466.405326
 11.060000 -2.672218 2.048293 469.577367
 11.080000 -2.620858 2.127680 472.050154
 11.100000 -2.849369 2.165032 467.389587
 11.120000 -2.798686 2.323266 471.277225
 11.140000 -2.837503 2.475322 472.443055
 11.160000 -3.113642 2.591839 466.726193
 11.180000 -3.075595 2.576224 467.600201
 11.200000 3.114402 2.661115 467.300099
 11.220000 -3.104671 2.674049 469.408815
 11.240000 -3.068705 2.806862 474.265388
 11.260000 -3.058222 2.717484 472.241119
 11.280000 -3.139105 2.586441 465.646864
 11.300000 -3.054118 2.628777 469.877635
 11.320000 3.069795 2.535793 462.984848
 11.340000 -2.989189 2.597626 471.092223
 11.360000 -3.125013 2.405370 462.607710
 11.380000 -3.013488 2.390011 466.142061
 11.400000 -2.829229 2.232029 469.049716
 11.420000 -2.835264 2.199446 468.349688
 11.440000 -2.823335 2.009857 465.248198
 11.460000 -2.544802 2.045805 472.024807
 11.480000 -2.458863 1.840308 471.875725
 11.500000 -2.485966 2.029412 473.334955
 11.520000 -2.287445 1.845353 478.174408
 11.540000 -2.582710 1.862483 468.328110
 11.560000 -2.508068 1.886909 469.800896
 11.580000 -2.538401 1.812675 469.281396
 11.600000 -2.563200 1.857081 468.718531
 11.620000 -2.712635 1.670897 465.667622
 11.640000 -2.715738 1.703017 465.603582
 11.660000 -2.935860 1.590778 459.691154
 11.680000 -3.080219 1.664267 455.455409
 11.700000 -3.020490 1.629839 457.258729
 11.720000 3.108641 1.710770 453.168629
 11.740000 -3.091758 1.926489 455.751429
 11.760000 -3.044203 2.018880 459.054747
 11.780000 -2.823480 2.046467 465.938172
 11.800000 -2.774596 2.162328 469.254634
 11.820000 -2.760281 2.326097 472.257597
 11.840000 -2.730538 2.288130 472.365185
 11.860000 -2.674965 2.474460 476.238647
 11.880000 -2.674575 2.442915 475.831028
 11.900000 -2.554298 2.490198 478.617092
 11.920000 -2.626002 2.533437 478.285935
 11.940000 -2.849052 2.468645 472.048948
 11.960000 -2.770903 2.439614 473.641641
 11.980000 -2.830906 2.461183 472.429230
 12.000000 -3.094658 2.459724 464.377234
 12.020000 -3.062575 2.542000 467.016436
 12.040000 3.069729 2.516792 462.414710
 12.060000 3.045953 2.743827 468.404780
 12.080000 -3.044060 2.581419 468.825721
 12.100000 -2.998932 2.525357 468.601120
 12.120000 -2.942875 2.661166 474.369476
 12.140000 -2.781709 2.628986 477.806440
 12.160000 -3.069734 2.464190 465.287919
 12.180000 -3.062719 2.402449 464.707325
 12.200000 -3.121091 2.206350 459.806683
 12.220000 3.116159 2.244141 459.382649
 12.240000 -3.112462 2.080768 457.974437
 12.260000 -2.981457 1.871956 458.348193
 12.280000 -2.819493 1.874901 462.867727
 12.300000 -2.743534 1.831880 464.850511
 12.320000 -2.685289 1.754741 466.302942
 12.340000 -2.712627 1.663180 465.663591
 12.360000 -2.731571 1.816762 465.159611
 12.380000 -2.611475 1.831430 467.816483
 12.400000 -2.654214 1.919655 467.499379
 12.420000 -2.722217 1.801745 465.400851
 12.440000 -2.841491 1.887072 462.312944
 12.460000 -2.763891 1.842610 464.336006
 12.480000 -2.864531 1.910738 462.184810
 12.500000 -2.790105 1.853720 463.661561
 12.520000 -2.763032 1.935447 465.309945
 12.540000 -2.779882 2.194068 469.666336
 12.560000 -2.853804 2.241071 468.548380
 12.580000 -2.891819 2.128638 465.595591
 12.600000 -2.975005 2.227676 464.865014
 12.620000 -2.975207 2.419328 467.749969
 12.640000 -3.029832 2.516353 467.324147
 12.660000 -3.069186 2.568772 467.598009
 12.680000 -3.140304 2.529284 463.896980
 12.700000 -3.064135 2.689802 471.271399
 12.720000 -3.088261 2.719375 471.248253
 12.740000 3.106013 2.813816 471.244627
 12.760000 3.131608 2.733721 469.554787
 12.780000 -2.983769 2.744726 475.437628
 12.800000 -3.007178 2.686692 473.085875
 12.820000 -2.826181 2.471805 472.692736
 12.840000 -2.903540 2.457792 470.398708
 12.860000 -3.072226 2.462423 465.180880
 12.880000 -2.982373 2.421463 467.557801
 12.900000 -3.011425 2.338388 465.462384
 12.920000 -3.060497 2.131968 460.576018
 12.940000 -2.838130 2.352779 470.709322
 12.960000 -2.850066 2.392181 470.968533
 12.980000 -2.806074 2.284824 470.494689
 13.000000 -2.607421 2.261998 474.510874
 13.020000 -2.575283 2.274328 475.280319
 13.040000 -2.581953 2.347166 476.246908
 13.060000 -2.475914 2.462766 480.176531
 13.080000 -2.845395 2.131757 466.914099
 13.100000 -2.736830 2.202064 470.828980
 13.120000 -2.818006 2.178338 468.440113
 13.140000 -2.930253 2.002264 462.171988
 13.160000 -2.941505 2.009762 461.990895
 13.180000 -2.995801 1.925159 458.717629
 13.200000 -3.054843 2.023452 458.804036
 13.220000 -2.944679 1.941193 460.553784
 13.240000 -3.074383 1.923888 456.255849
 13.260000 -3.036599 1.993765 458.816436
 13.280000 -2.790625 2.099276 467.746388
 13.300000 -2.932848 2.129913 464.452098
 13.320000 -2.849325 1.985904 464.099453
 13.340000 -2.884322 1.949418 462.427898
 13.360000 -3.011551 1.992753 459.572377
 13.380000 -3.000116 2.110680 462.104012
 13.400000 -2.913069 1.892276 460.458863
 13.420000 -3.098330 2.054502 457.971058
 13.440000 -2.940439 2.053989 462.856514
 13.460000 -2.864046 1.983847 463.663260
 13.480000 -3.019004 1.933945 458.188708
 13.500000 -2.841686 1.918318 462.953265
 13.520000 -2.776598 1.949987 465.266048
 13.540000 -2.858302 2.000285 464.137911
 13.560000 -2.838868 1.918297 463.027591
 13.580000 -2.722621 1.865137 465.292941
 13.600000 -2.906278 1.989550 462.607888
 13.620000 -2.800289 2.066930 466.913415
 13.640000 -2.835850 1.887381 462.468906
 13.660000 -2.951391 2.036686 462.213358
 13.680000 -2.797206 2.049631 466.670597
 13.700000 -2.840863 2.123875 466.894511
 13.720000 -2.936308 2.075783 463.378565
 13.740000 -2.923235 2.113484 464.437645
 13.760000 -2.987890 2.212141 464.217173
 13.780000 -3.038421 2.164803 461.846078
 13.800000 -2.954670 2.246580 465.783186
 13.820000 -3.085885 2.239232 461.519621
 13.840000 -3.057198 2.336329 463.952434
 13.860000 -3.102067 2.307278 462.017918
 13.880000 3.097165 2.427601 461.702409
 13.900000 -3.020983 2.513424 467.522822
 13.920000 -2.940537 2.650193 474.124949
 13.940000 -2.911071 2.776401 478.488284
 13.960000 -2.880914 2.657142 476.045887
 13.980000 -2.732940 2.751711 482.348022
 14.000000 -2.844980 2.655438 476.971044
 14.020000 -2.546791 2.636870 482.579747
 14.040000 -2.659085 2.553386 478.255989
 14.060000 -2.746128 2.458313 474.477025
 14.080000 -2.760636 2.424516 473.678941
 14.100000 -2.857822 2.352555 470.181340
 14.120000 -3.080652 2.267728 462.140273
 14.140000 -2.972670 2.190587 464.320554
 14.160000 -3.012333 2.255902 464.167744
 14.180000 -3.131224 2.130200 458.201578
 14.200000 -3.080811 2.088486 459.154677
 14.220000 3.139228 2.038259 456.208338
 14.240000 3.107407 2.027174 455.643414
 14.260000 -2.953780 2.071014 462.780711
 14.280000 -3.027609 2.064089 460.413352
 14.300000 -2.998739 2.027605 460.627299
 14.320000 -2.847247 1.965756 463.759067
 14.340000 -3.009315 1.901232 457.820917
 14.360000 -2.791734 1.731256 463.725874
 14.380000 -2.851430 1.786807 462.138386
 14.400000 -2.848172 1.680812 462.230555
 14.420000 -2.680520 1.845704 466.300759
 14.440000 -2.657110 1.755424 466.937775
 14.460000 -2.716768 1.861973 465.436865
 14.480000 -2.559354 2.000852 470.948906
 14.500000 -2.616098 2.027492 470.359315
 14.520000 -2.617339 2.050273 470.751059
 14.540000 -2.409930 2.134288 477.866058
 14.560000 -2.598528 2.227377 474.129746
 14.580000 -2.542660 2.406506 477.720365
 14.600000 -2.631222 2.364412 475.597354
 14.620000 -2.906079 2.374230 469.161578
 14.640000 -3.029156 2.306901 464.425561
 14.660000 3.131575 2.275110 460.046451
 14.680000 2.984726 2.330602 458.722058
 14.700000 -3.106554 2.306264 461.849546
 14.720000 -3.108123 2.383817 462.905709
 14.740000 -3.112704 2.502402 464.270838
 14.760000 -3.066254 2.518134 466.161832
 14.780000 -3.124045 2.592753 466.379267
 14.800000 -2.990690 2.914141 479.555139
 14.820000 -2.774750 2.767152 481.813400
 14.840000 -2.819441 2.803868 481.691416
 14.860000 -2.773103 2.731324 480.887805
 14.880000 -2.642106 2.651508 481.421544
 14.900000 -2.780113 2.639369 478.144767
 14.920000 -2.778988 2.311697 471.586778
 14.940000 -2.709152 2.349119 473.772344
 14.960000 -2.788886 2.244846 470.285052
 14.980000 -2.802247 2.374157 471.947662
 15.000000 -2.784505 2.116153 468.201280
 15.020000 -2.786830 2.155944 468.842843
 15.040000 -2.873315 1.974475 463.227273
 15.060000 -2.741215 1.964290 466.410747
 15.080000 -2.987951 1.866601 458.164656
 15.100000 -2.985328 1.901300 458.545167
 15.120000 -2.998795 2.020322 460.488192
 15.140000 3.133511 1.961173 454.707692
 15.160000 -3.122090 2.024997 456.645874
 15.180000 3.123070 1.922005 453.831909
 15.200000 -3.042504 2.060322 459.876559
 15.220000 -2.997240 1.900890 458.179311
 15.240000 -2.865433 1.893825 461.810703
 15.260000 -2.990780 1.750256 458.201445
 15.280000 -2.917891 1.875427 460.188570
 15.300000 -2.943613 1.897690 459.697643
 15.320000 -2.789473 2.051988 466.908997
 15.340000 -2.571593 1.949845 469.760892
 15.360000 -2.648856 2.107027 471.126644
 15.380000 -2.430638 2.118179 476.881793
 15.400000 -2.410398 2.273814 479.901296
 15.420000 -2.163238 2.313223 487.405357
 15.440000 -2.061003 2.343802 489.883973
 15.460000 -1.820711 2.521976 495.279199
 15.480000 -2.219105 2.501037 487.863567
 15.500000 -2.302079 2.553654 487.009880
 15.520000 -2.491927 2.531124 480.754853
 15.540000 -2.669958 2.590391 479.135006
 15.560000 -2.632337 2.420230 476.357804
 15.580000 -2.944532 2.288534 466.750757
 15.600000 -3.109898 2.216526 460.350612
 15.620000 3.096839 2.242207 459.104229
 15.640000 2.898274 2.055713 453.288244
 15.660000 3.003652 2.038119 454.516502
 15.680000 3.110202 2.180979 458.313319
 15.700000 -3.104515 2.337924 462.383005
 15.720000 -3.032675 2.455613 466.411432
 15.740000 -2.899376 2.462329 470.577600
 15.760000 -2.866154 2.453462 471.384935
 15.780000 -2.672462 2.579598 478.768417
 15.800000 -2.668249 2.593499 479.259644
 15.820000 -2.675890 2.587211 478.923529
 15.840000 -2.413164 2.481883 482.431899
 15.860000 -2.524690 2.516332 479.429007
 15.880000 -2.468914 2.458200 480.356640
 15.900000 -2.610396 2.392563 476.384769
 15.920000 -2.757650 2.301072 471.935870
 15.940000 -2.856523 2.282571 469.142183
 15.960000 -2.876586 2.256472 468.179825
 15.980000 -2.918545 1.907494 460.618755
 16.000000 -2.995842 1.925434 458.721956
 16.020000 -2.964963 1.823313 458.911102
 16.040000 -3.021053 1.927484 457.996017
 16.060000 -3.039182 1.810462 456.692760
 16.080000 -3.046541 1.915537 456.965644
 16.100000 -2.975269 2.059846 461.937090
 16.120000 -3.082266 2.006063 457.599026
 16.140000 -2.953325 1.923349 459.941591
 16.160000 -3.026538 1.852678 457.021386
 16.180000 -2.918474 1.770497 460.296031
 16.200000 -2.835958 1.846146 462.485245
 16.220000 -3.009768 1.789417 457.610776
 16.240000 -2.907418 1.724877 460.616836
 16.260000 -2.908494 1.938136 461.527200
 16.280000 -2.908021 1.922852 461.230821
 16.300000 -2.746549 1.964278 466.282885
 16.320000 -2.683536 1.873567 466.176312
 16.340000 -2.636597 2.027445 469.943651
 16.360000 -2.390370 2.095236 477.934753
 16.380000 -2.367800 2.143680 479.443110
 16.400000 -2.496023 2.296910 477.254184
 16.420000 -2.357339 2.368006 482.808685
 16.440000 -2.438564 2.441160 481.152170
 16.460000 -2.527019 2.452029 478.553107
 16.480000 -2.592958 2.404569 476.862357
 16.500000 -2.748154 2.512377 475.127191
 16.520000 -2.934062 2.524956 470.584530
 16.540000 -2.939176 2.362200 468.024965
 16.560000 3.099179 2.381653 461.133204
 16.580000 2.994691 2.310915 458.617614
 16.600000 3.056508 2.361263 460.246008
 16.620000 3.037829 2.567503 463.394682
 16.640000 -3.054598 2.415134 465.150774
 16.660000 -2.891297 2.629689 474.962531
 16.680000 -2.837152 2.710603 478.730859
 16.700000 -2.702882 2.770426 483.480517
 16.720000 -2.677021 2.802012 484.815843
 16.740000 -2.685788 2.705754 482.088858
 16.760000 -2.589368 2.615196 481.311913
 16.780000 -2.604271 2.475962 477.606137
 16.800000 -2.762220 2.369048 472.851870
 16.820000 -2.649957 2.375562 475.393003
 16.840000 -2.784474 2.324399 471.647077
 16.860000 -2.845622 2.035932 465.157994
 16.880000 -2.862906 2.125710 466.337570
 16.900000 -2.965967 1.984917 460.794165
 16.920000 -3.045090 2.028974 459.215945
 16.940000 -3.046150 1.966675 457.993658
 16.960000 -3.076850 1.880879 455.396574
 16.980000 3.138836 1.917397 453.911951
 17.000000 -3.136035 1.838866 453.572457
 17.020000 2.989835 1.958406 452.897093
 17.040000 -3.098222 1.937288 455.756717
 17.060000 -2.988205 2.013685 460.683200
 17.080000 -2.898301 2.077036 464.484734
 17.100000 -2.775451 2.054498 467.303944
 17.120000 -2.825101 1.988477 464.789055
 17.140000 -2.796610 1.923418 464.228659
 17.160000 -2.660369 2.042546 469.725473
 17.180000 -2.612218 1.897785 467.939795
 17.200000 -2.623660 1.931319 468.373792
 17.220000 -2.574388 1.887783 468.487904
 17.240000 -2.597674 2.013951 470.471256
 17.260000 -2.542436 2.098205 472.983764
 17.280000 -2.497209 1.982731 472.057909
 17.300000 -2.616806 2.112345 471.864178
 17.320000 -2.632632 2.100128 471.336159
 17.340000 -2.664099 2.288419 473.810892
 17.360000 -2.774969 2.209365 470.043115
 17.380000 -2.792131 2.266539 470.554190
 17.400000 -2.712763 2.309318 473.093089
 17.420000 -2.914152 2.476737 470.342888
 17.440000 -3.011824 2.421829 466.635530
 17.460000 -3.139629 2.539599 464.233439
 17.480000 3.004986 2.559846 462.604670
 17.500000 3.041009 2.679757 466.606425
 17.520000 2.982169 2.733231 466.929250
 17.540000 3.081114 2.700843 467.865276
 17.560000 -3.067567 2.812328 474.446376
 17.580000 -3.003957 2.870704 478.066608
 17.600000 -2.958198 2.755564 476.526924
 17.620000 -2.812360 2.772713 481.049793
 17.640000 -2.954461 2.690775 474.857734
 17.660000 -2.770763 2.712113 480.416520
 17.680000 -2.855094 2.490441 472.170642
 17.700000 -2.851196 2.351021 470.336444
 17.720000 -2.805091 2.227645 469.597520
 17.740000 -2.764014 2.181293 469.836127
 17.760000 -2.823306 2.071243 466.402550
 17.780000 -2.608720 1.834416 467.867425
 17.800000 -2.674283 1.748374 466.557425
 17.820000 -2.756619 1.798136 464.572532
 17.840000 -2.686942 1.710942 466.279473
 17.860000 -2.791796 1.637268 463.677746
 17.880000 -2.684525 1.683575 466.332365
 17.900000 -2.603534 1.662055 468.115157
 17.920000 -2.802907 1.577679 463.306225
 17.940000 -2.986439 1.385314 457.650620
 17.960000 -3.001119 1.406642 457.301112
 17.980000 3.051403 1.338597 451.810787
 18.000000 -3.096012 1.440051 454.548573
 18.020000 -3.009754 1.540935 457.435517
 18.040000 -3.071738 1.555350 455.584101
 18.060000 -2.762274 1.641221 464.431633
 18.080000 -2.745938 1.663763 464.856013
 18.100000 -2.740745 1.619485 464.943299
 18.120000 -2.641852 1.542698 467.154996
 18.140000 -2.589120 1.745257 468.390140
 18.160000 -2.597566 1.832388 468.098423
 18.180000 -2.357035 1.886715 475.583124
 18.200000 -2.514126 2.022418 472.127625
 18.220000 -2.626877 1.944681 468.569861
 18.240000 -2.598408 2.072597 471.521123
 18.260000 -2.842213 2.056006 465.624585
 18.280000 -2.766892 2.129246 468.865498
 18.300000 -2.691232 2.279941 473.108485
 18.320000 -2.928249 2.237313 466.409201
 18.340000 -2.957137 2.426883 468.405100
 18.360000 -3.022317 2.349910 465.284972
 18.380000 3.069008 2.348131 460.252196
 18.400000 -3.039317 2.375316 465.101407
 18.420000 -2.988997 2.481878 468.150328
 18.440000 -3.071493 2.541923 466.710049
 18.460000 -2.959636 2.563330 470.985670
 18.480000 -3.080624 2.520792 465.751553
 18.500000 -3.056224 2.604358 469.094229
 18.520000 -2.861284 2.548490 473.374459
 18.540000 -3.050206 2.445151 465.696938
 18.560000 -2.792520 2.418374 472.821452
 18.580000 -2.746631 2.307285 472.291109
 18.600000 -2.799352 2.244743 470.022172
 18.620000 -2.699794 2.132419 470.480356
 18.640000 -2.802166 2.066024 466.849113
 18.660000 -2.823207 2.082153 466.605193
 18.680000 -2.840317 2.029096 465.169460
 18.700000 -2.886173 1.965098 462.688826
 18.720000 -3.067524 1.876906 455.700302
 18.740000 -3.079550 1.905107 455.713001
 18.760000 3.065614 1.730531 452.684979
 18.780000 3.100933 1.771184 453.049491
 18.800000 -3.013989 1.719821 457.508758
 18.820000 -2.850597 1.942092 463.197604
 18.840000 -2.802928 1.939818 464.399023
 18.860000 -2.648233 1.889927 467.027430
 18.880000 -2.731547 1.940575 466.170745
 18.900000 -2.643136 1.825966 467.158986
 18.920000 -2.714552 1.843064 465.523460
 18.940000 -2.697732 1.735314 466.024556
 18.960000 -2.863230 1.885520 461.697208
 18.980000 -2.808725 1.845316 463.198677
 19.000000 -2.968745 2.079593 462.494122
 19.020000 -3.034652 2.066310 460.233198
 19.040000 -2.952391 2.251718 465.933793
 19.060000 -2.945197 2.385357 468.181879
 19.080000 -2.711834 2.510818 475.922427
 19.100000 -2.518632 2.519577 479.610865
 19.120000 -2.434366 2.615779 484.979261
 19.140000 -2.616615 2.617336 480.910702
 19.160000 -2.672096 2.602060 479.432948
 19.180000 -3.022383 2.450593 466.680646
 19.200000 -3.021367 2.481925 467.117431
 19.220000 3.112573 2.497474 462.772998
 19.240000 3.138453 2.348116 461.195603
 19.260000 -3.107993 2.345306 462.369427
 19.280000 -3.037893 2.198262 462.423277
 19.300000 -2.830953 2.238756 469.115053
 19.320000 -2.822048 2.126434 467.432185
 19.340000 -2.715145 2.296981 472.850080
 19.360000 -2.722376 2.196580 471.069398
 19.380000 -2.610217 2.353944 475.840135
 19.400000 -2.813421 2.101851 467.215193
 19.420000 -2.671940 1.986606 468.425987
 19.440000 -2.875310 1.999997 463.670422
 19.460000 -2.854616 1.848322 461.983847
 19.480000 -2.898720 1.918252 461.397784
 19.500000 -2.935318 1.712148 459.822655
 19.520000 -2.925163 1.957807 461.447891
 19.540000 -2.963330 1.896970 459.107625
 19.560000 -2.932252 1.969476 461.475524
 19.580000 -3.044301 1.898883 456.696525
 19.600000 -2.773385 2.012923 466.572507
 19.620000 -2.945353 1.893545 459.561297
 19.640000 -2.882783 2.037712 464.184919
 19.660000 -2.920993 1.942555 461.262116
 19.680000 -3.027600 2.010558 459.417074
 19.700000 -2.954174 2.182855 464.743046
 19.720000 -3.004063 2.052247 460.924304
 19.740000 -3.017674 2.169108 462.574164
 19.760000 -3.075672 2.032794 458.311181
 19.780000 -2.736495 2.265120 471.865414
 19.800000 -2.680344 2.184811 471.800424
 19.820000 -2.454706 2.274248 478.396973
 19.840000 -2.643475 2.318799 474.688989
 19.860000 -2.664638 2.480621 476.526849
 19.880000 -2.804408 2.432816 472.724575
 19.900000 -2.800820 2.541647 474.741746
 19.920000 -2.842011 2.566335 474.431111
 19.940000 -2.860283 2.541899 473.200616
 19.960000 -2.967894 2.606293 472.013868
 19.980000 3.132261 2.446883 462.433251
 20.000000 -3.072528 2.469585 465.261553
