#! FIELDS time phi psi metad.bias
#! SET min_phi -pi
#! SET max_phi pi
#! SET min_psi -pi
#! SET max_psi pi
 0.000000 3.141580 -3.141577 426.598663
 0.020000 -3.138018 2.508958 414.857272
 0.040000 -3.134718 2.479266 414.699429
 0.060000 3.137668 2.456985 413.900928
 0.080000 3.132472 2.497768 414.216660
 0.100000 -3.130574 2.463628 414.744411
 0.120000 -3.079953 2.500541 418.040785
 0.140000 -3.120564 2.542791 416.675905
 0.160000 -3.114971 2.508931 416.148229
 0.180000 3.102454 2.538528 414.080613
 0.200000 3.105778 2.432611 412.467218
 0.220000 -3.134691 2.379717 413.388645
 0.240000 -3.100717 2.437985 416.131663
 0.260000 3.134584 2.345299 412.220289
 0.280000 -3.140146 2.369059 412.918112
 0.300000 3.101721 2.367535 411.378266
 0.320000 -3.089035 2.415937 416.527569
 0.340000 -3.034522 2.486911 420.509502
 0.360000 -2.983896 2.527537 424.058704
 0.380000 -3.002254 2.422932 421.711480
 0.400000 -3.076343 2.497609 418.215706
 0.420000 3.139820 2.405027 413.286613
 0.440000 3.107652 2.363843 411.532881
 0.460000 3.035101 2.375171 409.185312
 0.480000 3.100011 2.299044 410.209671
 0.500000 -3.135548 2.364073 413.110448
 0.520000 -3.139575 2.264115 411.274526
 0.540000 -3.040219 2.297555 417.767859
 0.560000 -3.005292 2.293304 419.832117
 0.580000 -2.977216 2.366646 422.541131
 0.600000 -2.951719 2.369036 424.119331
 0.620000 3.140118 2.243816 410.745229
 0.640000 3.081881 2.254638 408.767754
 0.660000 2.951644 2.268717 404.505942
 0.680000 2.990178 2.336183 407.024721
 0.700000 3.045293 2.204737 406.490358
 0.720000 3.124727 2.357778 412.053608
 0.740000 3.113818 2.345234 411.465111
 0.760000 -3.054940 2.624090 422.360036
 0.780000 3.092312 2.596523 415.298765
 0.800000 -3.131139 2.622343 418.124918
 0.820000 -3.112668 2.600441 418.594633
 0.840000 -3.113033 2.662935 420.076619
 0.860000 -3.009508 2.647191 425.419983
 0.880000 3.141336 2.432153 413.708850
 0.900000 -3.112309 2.524506 416.648571
 0.920000 -3.104550 2.501557 416.655745
 0.940000 3.119315 2.488922 413.660763
 0.960000 3.060823 2.510531 411.969095
 0.980000 -3.131361 2.597407 417.492559
 1.000000 3.122139 2.529778 414.498988
 1.020000 -3.045066 2.576189 421.764029
 1.040000 -3.061718 2.550558 420.180961
 1.060000 -3.041133 2.568106 421.787046
 1.080000 3.114173 2.408957 412.430812
 1.100000 3.020895 2.286513 407.177752
 1.120000 2.949552 2.273692 404.533777
 1.140000 2.958947 2.185045 403.054968
 1.160000 3.032389 2.186332 405.656136
 1.180000 -3.127879 2.118571 409.252766
 1.200000 -3.022419 2.061775 414.690746
 1.220000 -2.916446 2.079008 421.869070
 1.240000 -2.936954 2.110316 421.117487
 1.260000 -2.973573 1.968169 415.869530
 1.280000 -3.048467 2.007606 411.883791
 1.300000 3.125881 2.007284 405.375439
 1.320000 -3.128322 1.967278 405.915316
 1.340000 3.035999 1.999507 401.653361
 1.360000 2.947524 1.866178 395.230280
 1.380000 3.093750 1.987112 403.613406
 1.400000 3.043284 1.991697 401.744649
 1.420000 3.111360 2.060004 405.978544
 1.440000 -3.033711 2.046856 413.663298
 1.460000 3.062946 2.048614 403.834861
 1.480000 3.065092 2.057434 404.117042
 1.500000 3.019122 1.968542 400.254116
 1.520000 2.952675 1.995841 398.485127
 1.540000 3.011495 1.868227 397.658552
 1.560000 3.071088 1.958692 402.027420
 1.580000 2.895579 1.872080 393.438411
 1.600000 3.052345 1.991724 402.095134
 1.620000 3.058410 2.008872 402.738538
 1.640000 -2.971594 2.221732 420.820528
 1.660000 -2.913542 2.126488 422.920210
 1.680000 -3.007469 2.081932 416.048994
 1.700000 -3.086944 2.045992 410.277247
 1.720000 -3.134429 2.044131 407.280736
 1.740000 3.098998 2.018794 404.561846
 1.760000 -3.108145 2.018683 408.353380
 1.780000 3.038146 2.146700 405.048442
 1.800000 3.050432 2.174969 406.082833
 1.820000 3.047829 2.150715 405.488802
 1.840000 3.043034 2.097067 404.163185
 1.860000 -3.083043 2.224889 413.987876
 1.880000 -2.986977 2.340432 421.610511
 1.900000 -2.934673 2.299374 424.274883
 1.920000 -2.949460 2.336499 423.852317
 1.940000 -3.015833 2.342599 419.890880
 1.960000 -3.089456 2.476493 417.235862
 1.980000 3.140928 2.388741 413.096578
 2.000000 3.070464 2.370433 410.324079
 2.020000 -3.057916 2.543132 420.206279
 2.040000 -3.127928 2.487905 415.183358
 2.060000 -3.074456 2.508713 418.438506
 2.080000 3.130458 2.515283 414.381350
 2.100000 3.112714 2.703729 418.569162
 2.120000 3.117161 2.792240 420.623935
 2.140000 3.134133 2.762335 420.520023
 2.160000 3.130676 2.765676 420.484037
 2.180000 3.126546 2.848094 421.997734
 2.200000 3.061084 2.857917 420.299150
 2.220000 2.951834 2.794267 415.963016
 2.240000 3.011266 2.709991 415.655660
 2.260000 3.035081 2.691714 415.915412
 2.280000 -3.000721 2.721795 427.473696
 2.300000 -3.030034 2.563412 422.300853
 2.320000 -3.043008 2.508888 420.238734
 2.340000 3.093174 2.455513 412.342864
 2.360000 3.135237 2.552721 415.559698
 2.380000 3.053667 2.330966 409.096537
 2.400000 -2.982583 2.346351 421.955818
 2.420000 -2.982334 2.287522 421.157980
 2.440000 -2.840603 2.277836 429.896477
 2.460000 -2.894836 2.229689 425.790125
 2.480000 -3.024780 2.149341 416.237522
 2.500000 -2.992848 2.192204 419.000008
 2.520000 -3.057803 2.251676 415.976190
 2.540000 -3.119911 2.320892 413.366442
 2.560000 3.084927 2.271723 409.185980
 2.580000 3.096387 2.222424 408.709140
 2.600000 2.977199 2.067627 401.088818
 2.620000 3.106711 2.077053 406.167577
 2.640000 2.900487 1.966469 395.917557
 2.660000 2.929801 2.105793 400.320512
 2.680000 2.922573 2.006401 397.691807
 2.700000 2.923419 2.062376 399.087282
 2.720000 3.057600 2.056807 403.815855
 2.740000 -3.090166 2.037365 409.889533
 2.760000 -3.100214 1.921871 406.605688
 2.780000 -2.895959 1.827990 418.793830
 2.800000 -2.849247 1.808911 421.851875
 2.820000 -2.834481 1.766878 422.555826
 2.840000 -2.817551 1.853758 424.307222
 2.860000 -3.055068 1.647192 406.320780
 2.880000 -3.140487 1.697846 401.314395
 2.900000 3.058054 1.506365 395.030235
 2.920000 -3.136888 1.554022 399.706771
 2.940000 -3.121514 1.512990 400.126893
 2.960000 -3.091473 1.454760 401.241478
 2.980000 3.071032 1.699682 398.238085
 3.000000 -3.128701 1.712540 402.242002
 3.020000 2.972688 1.806408 395.539389
 3.040000 -3.139844 1.836635 402.775569
 3.060000 -3.124539 1.910413 404.782596
 3.080000 -3.125557 1.901492 404.496929
 3.100000 -3.129259 1.796369 403.078671
 3.120000 -3.126967 1.808372 403.338998
 3.140000 2.978115 1.739895 394.978617
 3.160000 3.027140 1.904180 398.924955
 3.180000 3.008929 1.850881 397.392122
 3.200000 2.965981 1.884242 396.086902
 3.220000 3.135118 1.886399 402.833425
 3.240000 3.136169 1.993848 405.484509
 3.260000 -2.978685 2.137260 418.931223
 3.280000 -2.978505 2.071495 417.701233
 3.300000 -2.891510 2.227940 425.975780
 3.320000 -3.042384 2.294705 417.593520
 3.340000 -2.986596 2.478608 423.223117
 3.360000 3.002665 2.391394 408.364553
 3.380000 3.033842 2.497705 410.931064
 3.400000 3.073213 2.456420 411.678129
 3.420000 3.132316 2.523767 414.678354
 3.440000 -3.041182 2.440552 419.618283
 3.460000 -3.125274 2.552818 416.679125
 3.480000 3.054245 2.491660 411.515219
 3.500000 3.019644 2.577040 412.482473
 3.520000 3.022094 2.588881 412.881000
 3.540000 3.037466 2.503505 411.122963
 3.560000 -3.025608 2.779000 427.226199
 3.580000 -3.106686 2.592545 418.727589
 3.600000 -3.057814 2.645607 422.698519
 3.620000 3.075130 2.546122 413.391668
 3.640000 3.107225 2.558645 414.784350
 3.660000 -3.136011 2.584012 416.897190
 3.680000 -3.070853 2.464049 418.163124
 3.700000 -3.099811 2.342761 414.882844
 3.720000 -3.047306 2.401204 418.782801
 3.740000 3.124425 2.337649 411.730450
 3.760000 -3.108019 2.351790 414.533835
 3.780000 -3.028074 2.351212 419.271312
 3.800000 -3.086729 2.252216 414.231207
 3.820000 -2.934736 2.492235 426.405106
 3.840000 -3.045693 2.321379 417.791141
 3.860000 -3.023956 2.497586 421.227686
 3.880000 -3.093482 2.396917 416.018785
 3.900000 3.129415 2.423818 413.175143
 3.920000 3.059959 2.668413 416.099106
 3.940000 3.079203 2.539181 413.332641
 3.960000 2.976380 2.638280 412.831845
 3.980000 -3.100822 2.659173 420.652232
 4.000000 3.107035 2.508704 413.479819
 4.020000 -3.101474 2.622308 419.745728
 4.040000 3.086993 2.578398 414.650334
 4.060000 3.109578 2.534295 414.201623
 4.080000 3.020788 2.510281 410.677286
 4.100000 -3.106626 2.524238 416.960268
 4.120000 3.138585 2.306809 411.757403
 4.140000 -3.059406 2.539103 420.018027
 4.160000 -3.010590 2.249945 418.843547
 4.180000 -2.950709 2.446981 425.038693
 4.200000 -3.082318 2.191991 413.448666
 4.220000 -3.018837 2.189392 417.325599
 4.240000 3.095841 2.327072 410.526040
 4.260000 3.093119 2.130450 406.772230
 4.280000 3.131368 2.258293 410.668862
 4.300000 3.110074 2.160729 408.036845
 4.320000 -2.999312 2.326801 420.675199
 4.340000 -3.002194 2.275043 419.749643
 4.360000 3.113113 2.316523 410.978605
 4.380000 -3.130214 2.286873 412.211818
 4.400000 3.047040 2.472163 411.020626
 4.420000 2.989978 2.458634 408.989363
 4.440000 3.100885 2.543218 414.157034
 4.460000 3.109819 2.639176 416.942262
 4.480000 -3.087580 2.599338 419.953479
 4.500000 -3.036103 2.696417 425.011717
 4.520000 -3.082561 2.746283 423.535809
 4.540000 3.064920 2.832230 419.901611
 4.560000 3.056039 2.853799 420.076988
 4.580000 2.967783 2.902960 418.656026
 4.600000 3.111714 2.895723 422.433869
 4.620000 -3.123074 2.832412 423.098850
 4.640000 -3.094579 2.748502 422.940999
 4.660000 -3.069629 2.635151 421.804287
 4.680000 -3.124328 2.595676 417.834520
 4.700000 3.128259 2.404771 412.870382
 4.720000 3.133656 2.342542 412.143736
 4.740000 -3.138501 2.174664 409.713104
 4.760000 -3.079430 2.177581 413.362779
 4.780000 -3.065953 2.051099 411.706662
 4.800000 -3.046263 1.981977 411.457614
 4.820000 -3.030479 1.992745 412.711529
 4.840000 -3.072862 1.809486 406.843551
 4.860000 3.110588 1.751967 400.509105
 4.880000 3.136292 1.710778 401.159707
 4.900000 3.107236 1.720991 400.021578
 4.920000 3.132775 1.625572 399.970928
 4.940000 3.031068 1.612378 395.440340
 4.960000 -3.072336 1.673471 405.483118
 4.980000 -3.074425 1.660920 405.198040
 5.000000 -3.085995 1.630493 404.063434
 5.020000 -3.107119 1.498017 400.856682
 5.040000 3.084229 1.529877 396.514877
 5.060000 3.088053 1.485029 396.003272
 5.080000 3.108790 1.467680 396.650973
 5.100000 3.041285 1.372539 392.118656
 5.120000 3.128273 1.280045 394.341414
 5.140000 -3.087555 1.335055 399.533691
 5.160000 3.130179 1.248771 393.998368
 5.180000 -3.052553 1.097129 400.398300
 5.200000 3.082794 0.979648 391.477432
 5.220000 -3.105255 1.031012 396.720736
 5.240000 -3.057847 0.953440 399.673049
 5.260000 -3.121888 0.812584 394.860304
 5.280000 -3.055220 0.780055 399.104941
 5.300000 3.114723 0.798286 392.267898
 5.320000 -3.086396 0.565242 396.851750
 5.340000 -3.136974 0.620195 393.000632
 5.360000 -3.073809 0.351585 399.708234
 5.380000 3.126088 0.616514 392.035326
 5.400000 -3.077812 0.369819 399.295165
 5.420000 -3.086990 0.355901 398.842552
 5.440000 -3.122642 0.403469 396.171408
 5.460000 -3.046677 0.450457 400.546034
 5.480000 -3.141032 0.552854 393.490860
 5.500000 -3.055970 0.382726 400.562365
 5.520000 3.100683 0.627467 390.753249
 5.540000 -3.101675 0.580403 395.705259
 5.560000 3.065048 0.696139 389.524270
 5.580000 -3.059687 0.685795 398.278691
 5.600000 -3.104980 0.948398 396.504665
 5.620000 -3.068805 0.872985 398.632661
 5.640000 -3.117100 1.065991 396.009518
 5.660000 3.127752 1.032433 393.676001
 5.680000 -3.123354 1.105921 395.662982
 5.700000 3.110631 1.315690 394.183064
 5.720000 -3.123251 1.192839 395.746577
 5.740000 3.018334 1.378544 391.243898
 5.760000 3.101211 1.385701 394.978435
 5.780000 3.105733 1.475516 396.636853
 5.800000 -3.071527 1.603651 404.683682
 5.820000 -3.136122 1.526206 399.360736
 5.840000 -3.112052 1.607017 402.048408
 5.860000 3.075647 1.504398 395.759174
 5.880000 3.055182 1.571856 395.878800
 5.900000 3.041756 1.440134 393.281652
 5.920000 3.101061 1.432368 395.744566
 5.940000 -3.112332 1.492084 400.423559
 5.960000 -3.093075 1.598515 403.187609
 5.980000 -3.077657 1.484768 402.621363
 6.000000 -3.055685 1.529767 404.748845
 6.020000 -3.050720 1.683027 407.026651
 6.040000 -2.985873 1.548210 409.744860
 6.060000 -3.039003 1.789168 408.882995
 6.080000 3.039602 1.630246 396.038026
 6.100000 3.096541 1.844897 400.847783
 6.120000 3.038080 1.887473 398.914983
 6.140000 3.023519 1.956728 400.127307
 6.160000 3.042363 1.894602 399.270366
 6.180000 3.077178 1.970386 402.553601
 6.200000 2.933156 2.048478 399.088249
 6.220000 3.099484 2.015498 404.505292
 6.240000 3.081493 2.114337 405.989774
 6.260000 -3.094226 2.203780 412.934810
 6.280000 -2.885589 2.358656 428.055923
 6.300000 -2.986763 2.422531 422.628727
 6.320000 -3.065780 2.297147 416.218223
 6.340000 -3.014109 2.385809 420.560615
 6.360000 -2.992223 2.521704 423.428649
 6.380000 -3.020185 2.506295 421.529350
 6.400000 -3.021478 2.495730 421.353223
 6.420000 -3.050464 2.510869 419.830325
 6.440000 3.101619 2.582680 415.238535
 6.460000 -3.096159 2.487856 416.981009
 6.480000 3.045821 2.467126 410.911973
 6.500000 3.110354 2.655858 417.367017
 6.520000 3.118251 2.587926 415.919777
 6.540000 2.989936 2.632891 413.087248
 6.560000 2.920950 2.541842 408.533445
 6.580000 2.958443 2.593726 411.103800
 6.600000 3.051583 2.688134 416.324172
 6.620000 -3.114044 2.514661 416.284830
 6.640000 -3.072677 2.474978 418.180813
 6.660000 -3.093538 2.452022 416.716506
 6.680000 3.111944 2.472633 413.207126
 6.700000 3.128515 2.391168 412.685631
 6.720000 3.131116 2.244025 410.407753
 6.740000 -3.088937 2.226792 413.663135
 6.760000 -2.979354 2.195135 419.897517
 6.780000 -3.039303 2.242356 416.954105
 6.800000 -3.081981 2.194011 413.505780
 6.820000 3.118925 2.221904 409.546038
 6.840000 -3.100442 2.148083 411.516758
 6.860000 -3.065473 2.293674 416.182930
 6.880000 3.097007 2.146681 407.254078
 6.900000 -3.071225 2.182076 413.949392
 6.920000 3.092256 2.312011 410.147366
 6.940000 3.084383 2.174304 407.330923
 6.960000 3.099860 2.322570 410.596951
 6.980000 3.019388 2.442187 409.692756
 7.000000 3.075444 2.573796 414.154700
 7.020000 -3.133702 2.710064 420.038147
 7.040000 3.069979 2.600936 414.699740
 7.060000 -3.074222 2.674428 422.448386
 7.080000 3.058325 2.625332 414.966344
 7.100000 -3.092460 2.815120 424.362324
 7.120000 -3.136769 2.753856 420.824361
 7.140000 3.120030 2.620831 416.815752
 7.160000 -3.125396 2.536909 416.250219
 7.180000 -3.134719 2.606460 417.536310
 7.200000 3.104622 2.487436 413.142114
 7.220000 -2.946579 2.575971 427.387545
 7.240000 -3.115421 2.363744 414.275780
 7.260000 -3.019104 2.405678 420.507879
 7.280000 -3.062631 2.324424 416.819396
 7.300000 3.081251 2.317164 409.838730
 7.320000 -3.085319 2.330935 415.563889
 7.340000 -3.113847 2.069772 409.105987
 7.360000 3.083165 2.224641 408.259879
 7.380000 -3.130311 2.060179 407.883579
 7.400000 2.980317 2.018466 400.035203
 7.420000 2.885984 2.024691 396.909928
 7.440000 3.114569 1.917397 402.760903
 7.460000 3.036987 1.896038 399.096669
 7.480000 -3.091381 1.819973 405.733814
 7.500000 -3.107812 1.793973 404.434284
 7.520000 3.109196 1.660764 399.386157
 7.540000 3.124187 1.587428 399.085826
 7.560000 -3.131185 1.501937 399.328489
 7.580000 3.136899 1.421742 397.188268
 7.600000 -3.058862 1.413224 402.776290
 7.620000 -3.014131 1.335944 404.534347
 7.640000 -3.124112 1.353211 397.411920
 7.660000 -2.986025 1.101635 404.965369
 7.680000 -3.019187 1.251452 402.762772
 7.700000 -3.084815 1.140566 398.278189
 7.720000 -2.933611 1.144204 408.675771
 7.740000 -2.969753 1.072804 406.036901
 7.760000 3.091755 0.999205 391.937839
 7.780000 -3.140209 0.989644 394.304921
 7.800000 2.987597 0.752517 386.449007
 7.820000 2.935295 0.764877 384.349514
 7.840000 3.012725 0.571865 387.539039
 7.860000 2.954045 0.548101 385.377201
 7.880000 3.003735 0.513898 387.817438
 7.900000 -3.102896 0.317229 398.193606
 7.920000 3.032592 0.400455 390.257698
 7.940000 -3.124967 0.170706 398.078567
 7.960000 -3.078742 0.281375 399.998264
 7.980000 3.060368 0.088649 394.347762
 8.000000 -3.138606 0.166728 397.294705
 8.020000 -3.114828 0.207205 398.395218
 8.040000 3.112771 0.239377 395.251429
 8.060000 -3.108947 0.207054 398.753007
 8.080000 3.116747 0.362204 394.284252
 8.100000 -3.046377 0.380363 401.192867
 8.120000 -2.924204 0.498355 408.140331
 8.140000 -2.814097 0.596283 414.725596
 8.160000 -2.876040 0.616605 410.326715
 8.180000 -2.841249 0.789446 413.787960
 8.200000 -2.987884 0.728213 403.332346
 8.220000 -2.977346 0.902899 404.960718
 8.240000 -3.066129 0.976974 399.191536
 8.260000 3.075235 1.023110 391.250820
 8.280000 3.070086 1.094820 391.166324
 8.300000 2.876167 1.199206 383.265316
 8.320000 2.864782 1.221387 382.854176
 8.340000 2.913721 1.269351 384.976183
 8.360000 2.915706 1.213109 384.795005
 8.380000 2.993210 1.365724 389.966358
 8.400000 3.012304 1.386628 391.130236
 8.420000 2.946184 1.368370 388.102517
 8.440000 3.055631 1.392742 393.086816
 8.460000 3.005774 1.295298 389.210213
 8.480000 3.002435 1.319861 389.524337
 8.500000 3.086961 1.215554 392.033315
 8.520000 3.059281 1.169929 390.776375
 8.540000 3.083849 1.242110 391.890504
 8.560000 -3.006110 1.265649 403.825979
 8.580000 -3.033260 1.180415 401.804056
 8.600000 -2.883646 1.303520 413.070038
 8.620000 -2.696509 1.106405 425.446776
 8.640000 -2.834223 1.346424 417.317947
 8.660000 -2.966915 1.104262 406.294686
 8.680000 -3.114196 1.177414 396.341944
 8.700000 2.986507 1.151260 387.617508
 8.720000 2.938202 1.151674 385.633650
 8.740000 3.034945 1.179921 389.714499
 8.760000 2.904266 1.282689 384.867711
 8.780000 -3.112774 1.384702 398.696834
 8.800000 -3.093522 1.461878 401.214608
 8.820000 -3.120066 1.460893 399.438345
 8.840000 -3.088388 1.330333 399.395315
 8.860000 3.042760 1.406621 392.766569
 8.880000 2.981935 1.011913 387.160878
 8.900000 2.966646 1.168287 386.809719
 8.920000 2.894975 0.909919 383.332210
 8.940000 2.963874 0.843736 385.851300
 8.960000 3.114901 0.806830 392.314132
 8.980000 -3.090667 0.705167 396.356587
 9.000000 -2.821215 0.761937 414.997971
 9.020000 -2.783206 0.611702 416.700964
 9.040000 -2.846299 0.594047 412.553853
 9.060000 -2.764221 0.591697 418.161096
 9.080000 -2.836868 0.646943 413.044279
 9.100000 -2.878667 0.599411 410.307878
 9.120000 -2.940400 0.634272 405.898655
 9.140000 3.125357 0.653321 392.013289
 9.160000 3.110245 0.765744 391.911815
 9.180000 3.026058 0.509544 388.810508
 9.200000 2.971283 0.693771 385.481985
 9.220000 2.901438 0.734828 382.867747
 9.240000 3.005660 0.642304 386.653414
 9.260000 3.095011 0.769278 391.233647
 9.280000 -2.972156 0.853318 405.090542
 9.300000 -2.943730 0.850543 407.030994
 9.320000 -2.981266 0.896412 404.663702
 9.340000 -2.956428 0.756261 405.637840
 9.360000 3.096349 0.827474 391.553859
 9.380000 3.140408 0.681720 392.868664
 9.400000 3.023176 0.709325 387.757649
 9.420000 3.072378 0.653305 389.617876
 9.440000 3.062853 0.688000 389.384036
 9.460000 -3.049096 0.734511 399.266069
 9.480000 -3.131165 0.643284 393.370221
 9.500000 -2.942492 0.685284 406.126283
 9.520000 -2.924219 0.692911 407.422226
 9.540000 -2.924775 0.545901 407.686890
 9.560000 -2.864702 0.565532 411.555620
 9.580000 -2.970407 0.623916 403.880676
 9.600000 -3.040415 0.573377 399.757604
 9.620000 -3.052177 0.574360 398.978327
 9.640000 3.120455 0.603470 391.926852
 9.660000 3.063386 0.624488 389.121686
 9.680000 3.064934 0.637983 389.200712
 9.700000 3.026944 0.659074 387.657178
 9.720000 -3.109756 0.716950 395.175915
 9.740000 -3.119232 0.779705 394.880370
 9.760000 -3.108976 0.739812 395.348976
 9.780000 -3.032356 0.791891 400.696042
 9.800000 -3.080071 0.740815 397.250199
 9.820000 3.045479 0.751735 388.936941
 9.840000 -3.087897 0.561784 396.791306
 9.860000 3.008406 0.655618 386.843117
 9.880000 -3.092056 0.628937 395.805166
 9.900000 -3.073530 0.513032 398.216617
 9.920000 -3.137619 0.653208 393.015316
 9.940000 -3.010195 0.590270 401.574389
 9.960000 -2.988706 0.699102 403.094038
 9.980000 -2.935777 0.651201 406.337490
 10.000000 -2.980698 0.868458 404.577309
 10.020000 -2.942620 0.628926 405.708392
 10.040000 3.122191 0.767978 392.471610
 10.060000 -3.117528 0.698787 394.570831
 10.080000 2.950143 0.683688 384.561818
 10.100000 2.899954 0.734688 382.809181
 10.120000 2.908996 0.647647 382.729413
 10.140000 2.907374 0.747055 383.157038
 10.160000 3.094009 0.792714 391.295932
 10.180000 -3.081125 0.717782 397.053847
 10.200000 -3.089587 0.745108 396.646931
 10.220000 -2.970847 0.649622 403.960278
 10.240000 -3.057054 0.681939 398.428904
 10.260000 3.085357 0.557559 390.862160
 10.280000 -3.065875 0.428713 399.517173
 10.300000 3.132860 0.603760 392.490890
 10.320000 -3.069281 0.516806 398.452830
 10.340000 -3.007048 0.486151 402.786622
 10.360000 3.128996 0.675188 392.304979
 10.380000 -3.085165 0.644040 396.349486
 10.400000 -3.009352 0.627990 401.239064
 10.420000 -3.135924 0.758664 393.692820
 10.440000 -3.119662 0.718517 394.540415
 10.460000 3.075062 0.827302 390.589955
 10.480000 3.069183 0.903679 390.621175
 10.500000 -3.049873 1.010409 400.387058
 10.520000 3.124835 1.102014 393.673050
 10.540000 2.979179 1.130405 387.284454
 10.560000 2.913374 1.074827 384.517269
 10.580000 2.724526 1.086491 377.823891
 10.600000 2.668588 1.077423 376.099271
 10.620000 2.819059 1.241262 381.207355
 10.640000 2.825957 1.247718 381.453890
 10.660000 2.946394 1.296553 386.789096
 10.680000 -3.105826 1.384284 399.151769
 10.700000 -3.109352 1.376211 398.782101
 10.720000 -3.032340 1.439647 404.993328
 10.740000 -2.954727 1.280771 407.666474
 10.760000 -2.985431 1.225998 405.101944
 10.780000 -2.995881 1.170194 404.366505
 10.800000 -2.884342 1.129982 412.124175
 10.820000 -3.040878 1.095238 401.188795
 10.840000 -3.110171 1.078945 396.494209
 10.860000 3.089260 1.133288 392.084509
 10.880000 -3.064815 0.986375 399.308634
 10.900000 -3.131702 0.992711 394.872216
 10.920000 -3.108733 1.045136 396.521836
 10.940000 3.049584 0.994078 390.031381
 10.960000 3.015071 0.960637 388.426910
 10.980000 3.096013 1.010294 392.160659
 11.000000 3.073580 0.969625 391.032686
 11.020000 3.062750 0.975001 390.563019
 11.040000 3.068300 0.887710 390.524022
 11.060000 3.021890 0.747966 387.890913
 11.080000 3.005847 0.808381 387.472619
 11.100000 3.100498 0.585402 391.227519
 11.120000 2.977412 0.552308 386.284837
 11.140000 3.045492 0.497322 389.778306
 11.160000 -3.109135 0.427400 396.788307
 11.180000 -3.016371 0.469854 402.328020
 11.200000 -2.816090 0.511658 415.272175
 11.220000 -2.754836 0.379128 420.207774
 11.240000 -2.895659 0.443991 410.473238
 11.260000 -2.900403 0.451832 410.098536
 11.280000 -2.984251 0.461298 404.498763
 11.300000 -3.038722 0.423195 401.304881
 11.320000 -3.113073 0.620184 394.533582
 11.340000 -3.060005 0.664477 398.125920
 11.360000 3.080452 0.862973 390.976862
 11.380000 -3.123976 0.827274 394.789012
 11.400000 -3.120982 1.045411 395.709718
 11.420000 3.079659 1.000181 391.392160
 11.440000 3.083613 1.098958 391.781542
 11.460000 2.855686 0.995304 382.108672
 11.480000 2.839115 1.080153 381.711941
 11.500000 2.949541 1.152971 386.093340
 11.520000 3.110025 1.166082 393.061759
 11.540000 3.067568 1.170254 391.145052
 11.560000 -3.038551 1.075331 401.310520
 11.580000 3.060407 1.149144 390.807745
 11.600000 -3.082025 1.038266 398.290332
 11.620000 -2.931582 0.985278 408.447262
 11.640000 -2.929455 0.931006 408.389383
 11.660000 -2.817210 1.098297 416.829194
 11.680000 -2.863175 0.923898 412.990984
 11.700000 -2.893697 0.883327 410.663702
 11.720000 -3.012613 0.907712 402.568166
 11.740000 -3.002654 0.921797 403.304000
 11.760000 3.110108 0.752014 391.839396
 11.780000 3.062809 0.844259 390.111025
 11.800000 2.992891 0.751278 386.666630
 11.820000 2.966954 0.935757 386.311928
 11.840000 -3.097931 0.851468 396.605715
 11.860000 -3.105674 0.904450 396.304989
 11.880000 -3.043358 0.833397 400.162132
 11.900000 -3.067000 0.842709 398.621939
 11.920000 -3.135295 0.786319 393.866324
 11.940000 3.058415 0.645925 388.957876
 11.960000 3.073642 0.653443 389.674917
 11.980000 3.038656 0.530579 389.116975
 12.000000 3.029251 0.626049 387.612488
 12.020000 -3.012349 0.593313 401.400858
 12.040000 -3.054665 0.702672 398.711890
 12.060000 -2.810137 0.565784 415.249721
 12.080000 -2.879085 0.681672 410.425641
 12.100000 -2.926224 0.629796 406.822116
 12.120000 -2.906641 0.649509 408.301483
 12.140000 -2.979613 0.599456 403.512919
 12.160000 -3.051139 0.653463 398.639610
 12.180000 -3.044107 0.658560 399.136564
 12.200000 -3.037354 0.555157 400.142886
 12.220000 3.018823 0.755992 387.796227
 12.240000 -3.037265 0.622944 399.445074
 12.260000 3.001005 0.671113 386.611507
 12.280000 -3.116981 0.495284 395.619814
 12.300000 3.125345 0.701976 392.283370
 12.320000 -3.110523 0.514789 395.830106
 12.340000 -2.987858 0.630726 402.685010
 12.360000 -2.886976 0.611488 409.632057
 12.380000 -2.991124 0.685785 402.844858
 12.400000 -3.008240 0.716118 401.887656
 12.420000 -3.059551 0.666221 398.166776
 12.440000 2.974559 0.701116 385.655004
 12.460000 -3.085829 0.714349 396.725608
 12.480000 2.976024 0.793442 386.147593
 12.500000 -3.106147 0.700334 395.318823
 12.520000 3.095084 0.761594 391.200578
 12.540000 -3.126299 0.735135 394.197612
 12.560000 -3.008775 0.752528 402.067369
 12.580000 -2.843408 0.711680 413.101848
 12.600000 -2.902396 0.705782 409.003261
 12.620000 -2.863026 0.668677 411.426810
 12.640000 -3.057647 0.612317 398.220025
 12.660000 3.032189 0.568894 388.405704
 12.680000 3.123069 0.598110 392.106822
 12.700000 3.025539 0.632676 387.450103
 12.720000 -3.057940 0.786831 398.958494
 12.740000 3.133756 0.696597 392.642490
 12.760000 -3.135025 0.819671 394.034953
 12.780000 3.125867 0.802781 392.802236
 12.800000 -3.045279 0.909157 400.359188
 12.820000 -3.124464 0.821162 394.730234
 12.840000 -3.059670 0.911657 399.399714
 12.860000 3.086830 0.841153 391.178245
 12.880000 2.933486 0.934429 384.938981
 12.900000 3.116059 0.953369 392.920273
 12.920000 3.125560 0.798890 392.770570
 12.940000 3.122170 1.010796 393.364782
 12.960000 -3.062946 0.857105 398.956574
 12.980000 3.093146 0.923336 391.772093
 13.000000 3.140706 0.856895 393.722351
 13.020000 -2.973438 0.965036 405.472930
 13.040000 -3.100647 0.985940 396.908406
 13.060000 -2.967666 1.032900 406.084728
 13.080000 -2.998855 0.962911 403.716865
 13.100000 3.123424 1.101643 393.607133
 13.120000 -3.054970 0.926311 399.770941
 13.140000 3.049064 0.901844 389.718691
 13.160000 2.945436 0.929020 385.405164
 13.180000 3.077401 0.825669 390.688275
 13.200000 3.100661 0.991577 392.323741
 13.220000 -3.084187 1.038306 398.145418
 13.240000 -2.947385 1.003394 407.406653
 13.260000 3.120195 1.054868 393.374302
 13.280000 3.030924 0.944818 389.065847
 13.300000 2.954495 0.867951 385.558511
 13.320000 2.717864 0.891278 377.009793
 13.340000 2.837309 0.735248 380.442272
 13.360000 2.974673 0.944724 386.662177
 13.380000 3.031598 0.826631 388.661907
 13.400000 -3.063955 0.922778 399.153673
 13.420000 -3.029612 0.859156 401.206883
 13.440000 -2.994820 0.687545 402.608126
 13.460000 -2.964997 0.733506 404.915177
 13.480000 -3.086700 0.546439 397.028629
 13.500000 3.118393 0.577148 392.129316
 13.520000 -3.059433 0.605628 398.174997
 13.540000 -3.123006 0.739407 394.433401
 13.560000 -3.078835 0.671292 396.931951
 13.580000 -3.104897 0.805815 395.942986
 13.600000 2.991584 0.764003 386.670163
 13.620000 3.104174 0.736105 391.489764
 13.640000 3.102521 0.719828 391.332074
 13.660000 -3.123609 0.766863 394.532603
 13.680000 -3.058022 0.873738 399.357811
 13.700000 -3.024786 0.647766 400.344668
 13.720000 -3.060354 0.880085 399.228006
 13.740000 -2.935168 0.646521 406.343978
 13.760000 -2.977872 0.906085 404.938100
 13.780000 -3.068478 0.710598 397.845736
 13.800000 -3.015034 0.627095 400.871208
 13.820000 2.985811 0.721030 386.223826
 13.840000 3.116332 0.648520 391.572428
 13.860000 3.085185 0.715819 390.526758
 13.880000 -3.034602 0.862209 400.883542
 13.900000 -2.932587 0.744545 407.194286
 13.920000 -2.936350 0.844211 407.507740
 13.940000 -3.059618 0.759922 398.706456
 13.960000 -3.048150 0.767276 399.509263
 13.980000 -3.082277 0.730347 397.047936
 14.000000 3.093421 0.779470 391.208894
 14.020000 -3.132646 0.714330 393.677447
 14.040000 3.010089 0.761462 387.446108
 14.060000 3.087159 0.773667 390.898383
 14.080000 -3.133755 0.802957 394.043076
 14.100000 3.136152 0.768443 393.120311
 14.120000 -3.043633 0.654333 399.140463
 14.140000 -3.101511 0.750666 395.893677
 14.160000 -3.039320 0.554347 400.022488
 14.180000 3.138701 0.654478 392.634574
 14.200000 -3.075500 0.382993 399.323036
 14.220000 3.136546 0.609216 392.598413
 14.240000 -2.973304 0.503815 404.840765
 14.260000 -3.065799 0.542837 398.415735
 14.280000 -3.131604 0.608684 393.474083
 14.300000 3.113317 0.466641 393.087003
 14.320000 3.042400 0.708877 388.591295
 14.340000 -3.108444 0.727161 395.316580
 14.360000 -3.131456 0.779078 394.081408
 14.380000 -3.111965 0.878877 395.791793
 14.400000 3.032032 0.922035 389.039713
 14.420000 -3.119118 0.899903 395.401117
 14.440000 3.068300 0.990293 390.854462
 14.460000 -3.064242 0.913698 399.100482
 14.480000 3.132951 0.971971 393.760215
 14.500000 -3.112047 0.922858 395.950180
 14.520000 3.075862 0.896492 390.895618
 14.540000 3.061063 0.826735 389.961266
 14.560000 3.069017 0.790646 390.160121
 14.580000 -3.069832 0.866968 398.538760
 14.600000 -3.006789 0.897338 402.922163
 14.620000 3.139905 1.010021 394.188849
 14.640000 -3.037269 0.947835 401.044636
 14.660000 3.113815 0.946362 392.794754
 14.680000 -3.085366 0.923495 397.723490
 14.700000 -3.131993 0.852016 394.369903
 14.720000 3.098374 0.712853 391.107638
 14.740000 3.089285 0.699268 390.625529
 14.760000 3.125063 0.637828 391.909204
 14.780000 -3.102280 0.682274 395.467019
 14.800000 -3.079231 0.684822 396.987488
 14.820000 -2.922107 0.667588 407.385112
 14.840000 -3.023163 0.609239 400.521139
 14.860000 -3.061420 0.492496 399.198813
 14.880000 3.120031 0.435538 393.705627
 14.900000 3.051539 0.335870 391.716942
 14.920000 3.072681 0.423526 391.738922
 14.940000 -3.043686 0.483820 400.426954
 14.960000 -2.952706 0.385234 407.182335
 14.980000 -2.987116 0.601068 402.996660
 15.000000 -2.927830 0.483112 408.028148
 15.020000 -3.109181 0.579602 395.231509
 15.040000 -3.033724 0.594698 399.976635
 15.060000 3.140344 0.703228 392.983449
 15.080000 3.081220 0.681757 390.169451
 15.100000 3.126162 0.929296 393.310717
 15.120000 -3.042318 1.126792 401.138004
 15.140000 -3.130841 1.303345 396.089496
 15.160000 -3.117675 1.387274 398.414519
 15.180000 3.097279 1.437547 395.660067
 15.200000 2.931709 1.572918 390.915615
 15.220000 3.058435 1.524749 395.325633
 15.240000 2.854838 1.617419 388.772386
 15.260000 2.932833 1.540186 390.456896
 15.280000 3.014158 1.677824 395.625346
 15.300000 3.099821 1.836283 400.904394
 15.320000 -3.119238 1.891678 404.652017
 15.340000 -2.970059 1.918783 414.985422
 15.360000 3.141288 1.919547 403.921591
 15.380000 -2.930856 1.989900 419.148899
 15.400000 -2.911012 1.904334 418.586216
 15.420000 -3.047911 1.945596 410.520880
 15.440000 -3.024931 1.899527 410.922335
 15.460000 3.132855 2.075961 407.178690
 15.480000 3.004639 2.155102 404.013229
 15.500000 3.112291 2.141425 407.734890
 15.520000 -3.083270 2.285032 414.976983
 15.540000 -3.135988 2.434906 414.073146
 15.560000 -2.874413 2.603952 432.190813
 15.580000 -3.060623 2.496322 419.101705
 15.600000 -3.077698 2.730040 423.460574
 15.620000 -3.108854 2.658514 420.200488
 15.640000 3.036049 2.857945 419.600572
 15.660000 2.904521 2.639980 410.850390
 15.680000 3.007873 2.631661 413.588299
 15.700000 2.946113 2.701428 413.597054
 15.720000 3.122260 2.662836 417.914180
 15.740000 -3.063425 2.684894 423.269100
 15.760000 2.990740 2.587538 411.889869
 15.780000 -3.057513 2.774098 425.425966
 15.800000 2.945464 2.521358 408.643064
 15.820000 3.106936 2.572514 415.144460
 15.840000 3.108985 2.370424 411.680934
 15.860000 -3.041578 2.548167 421.262838
 15.880000 -3.091885 2.311846 414.883803
 15.900000 -2.942997 2.203249 422.326134
 15.920000 3.098868 1.975649 403.545466
 15.940000 -3.081643 2.010055 409.829015
 15.960000 -3.100771 1.922416 406.583465
 15.980000 3.063728 1.826952 399.332656
 16.000000 -3.103112 1.694871 403.705171
 16.020000 3.060810 1.687445 397.660930
 16.040000 -3.115009 1.706954 403.066531
 16.060000 3.119091 1.368375 395.490182
 16.080000 -3.015441 1.567210 407.980600
 16.100000 -3.021146 1.400964 405.142960
 16.120000 -3.001921 1.502140 408.005047
 16.140000 3.035368 1.285395 390.289754
 16.160000 3.092612 1.179013 392.276532
 16.180000 3.015757 1.187963 388.890732
 16.200000 -3.081672 1.216979 398.527370
 16.220000 -2.988924 1.056471 404.673529
 16.240000 3.130807 1.030149 393.812853
 16.260000 -3.121144 0.963508 395.483255
 16.280000 3.125795 0.955581 393.378007
 16.300000 -2.930623 1.032255 408.661273
 16.320000 -2.970992 0.775276 404.757007
 16.340000 -2.819739 0.930880 416.079916
 16.360000 -3.087130 0.688691 396.492945
 16.380000 3.138901 0.693977 392.866420
 16.400000 3.088795 0.502360 391.618173
 16.420000 3.108971 0.562701 391.863274
 16.440000 -3.090563 0.563608 396.600175
 16.460000 -3.051597 0.430629 400.412158
 16.480000 -3.023269 0.528851 401.323884
 16.500000 -3.075163 0.515234 398.089526
 16.520000 -3.036987 0.686668 399.786557
 16.540000 3.128260 0.605438 392.261072
 16.560000 -3.030246 0.886038 401.281264
 16.580000 3.042430 0.692749 388.509626
 16.600000 -3.092255 0.962841 397.397330
 16.620000 3.021560 0.828220 388.232122
 16.640000 3.091928 0.853136 391.457946
 16.660000 3.085804 0.911980 391.399621
 16.680000 3.113974 0.986135 392.920391
 16.700000 -3.098673 1.088071 397.276820
 16.720000 -3.133946 0.999917 394.744018
 16.740000 3.139381 1.063422 394.283772
 16.760000 3.075441 0.964069 391.099918
 16.780000 -3.106233 1.040173 396.676994
 16.800000 3.099864 1.000597 392.311449
 16.820000 -3.003699 1.179040 403.832466
 16.840000 -3.136462 1.027404 394.647341
 16.860000 -2.984954 1.268146 405.333410
 16.880000 -2.995915 1.105433 404.288569
 16.900000 -3.085971 1.115396 398.169985
 16.920000 -3.125211 1.185797 395.614330
 16.940000 3.106056 1.271847 393.173323
 16.960000 3.104082 1.126783 392.751399
 16.980000 -3.083362 1.348808 400.053340
 17.000000 -3.133067 1.190653 395.096206
 17.020000 3.042777 1.295990 390.808135
 17.040000 3.043224 1.168154 390.067263
 17.060000 2.923330 1.163392 385.054025
 17.080000 2.954230 1.148625 386.278940
 17.100000 3.005392 1.126851 388.385486
 17.120000 2.995959 1.051325 387.847577
 17.140000 3.042845 0.867669 389.318352
 17.160000 3.139246 0.947212 393.978910
 17.180000 3.133122 0.686492 392.558019
 17.200000 -3.031853 0.790763 400.723969
 17.220000 -2.914409 0.479311 408.950032
 17.240000 -2.936781 0.683053 406.498552
 17.260000 -2.808838 0.437766 416.282153
 17.280000 -3.013948 0.501252 402.196122
 17.300000 -3.057614 0.376238 400.515021
 17.320000 -3.012975 0.481243 402.444995
 17.340000 -3.105950 0.430507 396.958999
 17.360000 3.066562 0.487644 390.797680
 17.380000 3.136419 0.525349 393.514407
 17.400000 3.108323 0.654661 391.242834
 17.420000 -3.013892 0.726356 401.570299
 17.440000 -2.907851 0.824016 409.369667
 17.460000 -3.089623 0.838892 397.100843
 17.480000 -3.081568 0.977602 398.157121
 17.500000 -3.049795 0.908706 400.052864
 17.520000 3.009967 1.062142 388.468415
 17.540000 2.998602 0.911878 387.562595
 17.560000 2.926830 0.878033 384.474331
 17.580000 2.889786 0.907839 383.123885
 17.600000 2.969995 1.014031 386.667655
 17.620000 3.076385 0.871100 390.824900
 17.640000 3.110410 0.910681 392.518945
 17.660000 -2.909662 0.922469 409.731369
 17.680000 -2.901760 0.968900 410.471882
 17.700000 -2.974659 0.861921 404.960357
 17.720000 -3.020685 0.747669 401.238884
 17.740000 -3.124025 0.794986 394.640097
 17.760000 -3.049457 0.787120 399.525913
 17.780000 3.119391 0.606403 391.844977
 17.800000 2.997290 0.638320 386.276934
 17.820000 2.972385 0.489616 386.789082
 17.840000 3.091280 0.578709 390.889359
 17.860000 3.122268 0.393237 394.226896
 17.880000 -3.067285 0.418223 399.523903
 17.900000 -3.048140 0.288124 401.851109
 17.920000 -3.116644 0.236541 398.042474
 17.940000 -3.128736 0.154117 397.984762
 17.960000 3.045296 0.073278 393.864432
 17.980000 3.036959 -0.003578 394.208781
 18.000000 3.086990 -0.021322 396.646102
 18.020000 -3.036012 -0.220064 409.382152
 18.040000 -3.107442 0.009157 400.272587
 18.060000 -3.043411 -0.223654 409.039136
 18.080000 -3.138768 -0.142706 401.900054
 18.100000 -3.116291 -0.208948 404.640705
 18.120000 -3.139182 -0.073608 400.266471
 18.140000 -3.097636 -0.056076 402.232308
 18.160000 -3.048918 0.006833 403.719288
 18.180000 -3.045574 0.144198 403.076882
 18.200000 -3.028781 0.072024 404.551999
 18.220000 3.137487 0.281460 395.952970
 18.240000 -3.106632 0.278898 398.295991
 18.260000 3.086210 0.401776 392.550783
 18.280000 3.135214 0.590396 392.749279
 18.300000 -3.134396 0.463090 394.848590
 18.320000 3.101043 0.680183 391.054851
 18.340000 -3.130532 0.680723 393.629102
 18.360000 3.081817 0.874536 391.082989
 18.380000 -3.063727 0.708449 398.146811
 18.400000 -2.960459 0.965284 406.370904
 18.420000 -2.952974 1.087762 407.234476
 18.440000 -2.951994 1.228635 407.426756
 18.460000 -2.928166 1.123619 409.030415
 18.480000 -3.012934 1.170725 403.191789
 18.500000 -3.067673 1.376860 401.585153
 18.520000 3.112992 1.175128 393.203723
 18.540000 2.995311 1.286846 388.611573
 18.560000 3.013128 1.212533 388.789612
 18.580000 3.048804 1.403429 392.972781
 18.600000 -3.129555 1.379105 397.492290
 18.620000 -3.140109 1.327585 395.909971
 18.640000 -3.136731 1.268864 395.070612
 18.660000 -3.136057 1.270900 395.152869
 18.680000 3.070649 1.112518 391.219051
 18.700000 3.075420 0.989517 391.172179
 18.720000 3.012645 0.998312 388.430522
 18.740000 3.122758 0.837569 392.808564
 18.760000 3.120080 0.979597 393.184184
 18.780000 -2.975660 0.782703 404.481283
 18.800000 -2.976057 0.801224 404.556378
 18.820000 -2.956540 0.775778 405.745775
 18.840000 -2.876424 0.588001 410.563780
 18.860000 -2.992611 0.611509 402.524420
 18.880000 -3.010274 0.532541 402.140020
 18.900000 -3.092407 0.485254 397.283106
 18.920000 -3.061777 0.655533 397.952822
 18.940000 -3.033052 0.635494 399.714355
 18.960000 -3.024252 0.606123 400.481800
 18.980000 3.102076 0.730214 391.364627
 19.000000 3.105960 0.710241 391.439020
 19.020000 3.030910 0.693770 388.013012
 19.040000 2.949744 0.554671 385.126889
 19.060000 3.101248 0.685932 391.095450
 19.080000 3.101377 0.710895 391.233883
 19.100000 -3.085056 0.632322 396.281904
 19.120000 -3.012045 0.756749 401.871228
 19.140000 -3.029188 0.620329 400.006068
 19.160000 -3.117007 0.704175 394.634522
 19.180000 -3.054616 0.525837 399.311452
 19.200000 -3.138690 0.589001 393.242521
 19.220000 -3.064192 0.549586 398.451108
 19.240000 -3.122659 0.641169 393.903912
 19.260000 3.122797 0.450453 393.678152
 19.280000 -3.092293 0.689745 396.161573
 19.300000 -3.022932 0.654702 400.514171
 19.320000 -3.023692 0.686148 400.667728
 19.340000 -3.029831 0.796423 400.889141
 19.360000 -3.092243 0.689619 396.164134
 19.380000 3.109236 0.847082 392.224357
 19.400000 3.118162 0.699050 391.937693
 19.420000 3.096513 0.925294 391.932150
 19.440000 3.129868 0.826895 393.093135
 19.460000 -3.097013 0.884332 396.801349
 19.480000 3.118336 0.995010 393.146134
 19.500000 3.086091 0.823560 391.071599
 19.520000 3.095183 0.880410 391.711736
 19.540000 3.137771 0.821895 393.439352
 19.560000 -3.090744 0.794251 396.820083
 19.580000 -3.052068 0.861650 399.705399
 19.600000 3.141277 0.728809 393.161536
 19.620000 -3.108117 0.668203 395.005271
 19.640000 -3.041517 0.792125 400.082738
 19.660000 -3.129497 0.690646 393.751489
 19.680000 -3.053692 0.627918 398.310430
 19.700000 3.108496 0.786230 391.927378
 19.720000 -3.069219 0.651795 397.440664
 19.740000 -3.086854 0.829552 397.242479
 19.760000 -3.002622 0.673677 401.994165
 19.780000 -2.996564 0.855530 403.432946
 19.800000 -3.006770 0.876493 402.833537
 19.820000 -3.041451 0.655207 399.290366
 19.840000 3.040641 0.734784 388.643195
 19.860000 2.981813 0.615025 385.731648
 19.880000 2.833966 0.721308 380.254737
 19.900000 2.953972 0.604367 384.712634
 19.920000 3.004362 0.619581 386.624770
 19.940000 3.128892 0.754665 392.716905
 19.960000 -3.137348 0.642619 392.970047
 19.980000 -3.096618 0.667115 395.745789
 20.000000 -3.028541 0.640438 400.046380
