#! FIELDS time phi psi metad.bias
#! SET min_phi -pi
#! SET max_phi pi
#! SET min_psi -pi
#! SET max_psi pi
 0.000000 3.141580 -3.141577 426.162174
 0.020000 -3.140373 2.516946 411.718601
 0.040000 -3.113776 2.516465 413.129227
 0.060000 3.133191 2.519230 411.435871
 0.080000 -3.137161 2.492224 411.604153
 0.100000 3.136081 2.496473 411.217743
 0.120000 3.098475 2.478555 409.785620
 0.140000 3.104040 2.471449 409.903583
 0.160000 3.133085 2.477167 410.940473
 0.180000 3.130230 2.497619 411.030876
 0.200000 -3.098488 2.505929 413.804102
 0.220000 -3.089713 2.529737 414.785035
 0.240000 -3.072114 2.542412 416.073206
 0.260000 -3.049081 2.522878 416.793867
 0.280000 -3.107994 2.552500 414.421570
 0.300000 3.109356 2.495056 410.307098
 0.320000 3.101763 2.432245 409.435186
 0.340000 3.087316 2.405603 408.661435
 0.360000 -3.107408 2.508270 413.342437
 0.380000 -3.042956 2.462447 416.481514
 0.400000 -2.953145 2.554259 422.824973
 0.420000 -2.918661 2.606418 425.980403
 0.440000 -2.949722 2.659834 425.588336
 0.460000 -3.029252 2.656535 421.290737
 0.480000 -3.134448 2.578207 413.709807
 0.500000 3.093734 2.532508 410.501492
 0.520000 3.077186 2.414066 408.405939
 0.540000 3.073281 2.293522 406.895756
 0.560000 3.097671 2.290163 407.725944
 0.580000 3.044735 2.198083 404.671975
 0.600000 3.026006 2.226681 404.378631
 0.620000 3.002466 2.279107 404.240482
 0.640000 3.129990 2.205008 407.887527
 0.660000 -2.997766 2.350591 418.065278
 0.680000 -3.002194 2.350242 417.810711
 0.700000 -2.981357 2.407893 419.475000
 0.720000 -2.997036 2.316369 417.794860
 0.740000 -3.069770 2.379299 414.268255
 0.760000 -3.008665 2.414493 417.997201
 0.780000 -3.066907 2.477609 415.289482
 0.800000 3.029192 2.486215 407.580679
 0.820000 3.113437 2.521112 410.831029
 0.840000 3.053104 2.653358 412.534040
 0.860000 -3.138107 2.608780 414.334344
 0.880000 -3.029680 2.862532 426.011857
 0.900000 -3.065739 2.817245 423.200482
 0.920000 -3.039560 2.973321 427.797828
 0.940000 -3.039658 3.000858 428.325407
 0.960000 3.062067 2.703070 414.131146
 0.980000 -3.137097 2.899141 421.498618
 1.000000 2.973545 2.757174 412.947493
 1.020000 3.006005 2.759408 413.937754
 1.040000 3.089957 2.575920 411.587195
 1.060000 2.998482 2.519453 407.068799
 1.080000 -3.120542 2.509709 412.648172
 1.100000 -2.984341 2.548794 420.989048
 1.120000 -3.134087 2.309145 409.946980
 1.140000 -2.991321 2.276061 417.738299
 1.160000 -3.071245 2.205223 412.367964
 1.180000 -3.087538 2.097309 410.120646
 1.200000 -3.074211 2.043934 410.218444
 1.220000 -3.137553 1.851842 404.258602
 1.240000 3.090870 1.926014 402.572436
 1.260000 3.129357 1.961964 404.621638
 1.280000 2.943171 1.851970 396.300724
 1.300000 3.006533 1.986702 400.263329
 1.320000 -3.136434 2.030617 406.373800
 1.340000 -3.083936 2.283091 412.499628
 1.360000 -2.871532 2.248786 424.438191
 1.380000 -2.985190 2.293428 418.258735
 1.400000 -3.051959 2.303970 414.538000
 1.420000 -3.103505 2.457082 413.115753
 1.440000 3.043561 2.388143 406.976161
 1.460000 3.089533 2.420966 408.900388
 1.480000 3.119123 2.470195 410.401194
 1.500000 3.136405 2.505938 411.312821
 1.520000 -3.123019 2.658655 416.425034
 1.540000 -3.112490 2.542010 413.897348
 1.560000 -3.012406 2.739025 424.141800
 1.580000 -2.931797 2.819668 430.065763
 1.600000 -3.021590 2.788548 424.797910
 1.620000 -2.994136 2.839544 427.311479
 1.640000 3.085106 2.744963 415.912715
 1.660000 -3.136078 2.915679 421.914841
 1.680000 3.102046 2.696421 415.189576
 1.700000 3.041014 2.600564 410.713138
 1.720000 -3.131012 2.584544 414.061423
 1.740000 3.128742 2.500505 411.006865
 1.760000 3.088173 2.403011 408.663069
 1.780000 3.067787 2.305806 406.848813
 1.800000 3.041629 2.284255 405.666041
 1.820000 3.105945 2.349604 408.699453
 1.840000 -3.103943 2.369325 412.263614
 1.860000 3.078725 2.253787 406.606880
 1.880000 3.116081 2.270694 408.161973
 1.900000 3.101257 2.274630 407.671403
 1.920000 -3.116518 2.283068 410.649941
 1.940000 -3.007834 2.252038 416.543961
 1.960000 -3.034500 2.350796 415.984703
 1.980000 -2.917319 2.383873 422.906077
 2.000000 -3.035549 2.363214 416.040611
 2.020000 -3.078237 2.446737 414.409408
 2.040000 -3.072199 2.406520 414.385234
 2.060000 -3.109720 2.585175 415.204513
 2.080000 3.097573 2.509501 410.050030
 2.100000 -3.085704 2.648299 418.111042
 2.120000 3.014595 2.502381 407.282594
 2.140000 3.101825 2.786063 417.444766
 2.160000 3.046751 2.789138 415.887411
 2.180000 3.107029 2.770583 417.219636
 2.200000 -3.141032 2.874878 420.759209
 2.220000 -3.027129 2.881420 426.540199
 2.240000 3.129344 2.758820 417.609349
 2.260000 -3.075192 2.803924 422.418841
 2.280000 3.029838 2.622109 410.962404
 2.300000 3.086647 2.598300 412.095001
 2.320000 2.996766 2.464511 406.300625
 2.340000 3.074896 2.440338 408.607325
 2.360000 -3.131615 2.350179 410.526240
 2.380000 -2.980858 2.433301 419.699660
 2.400000 -2.949094 2.371348 421.005874
 2.420000 -2.894660 2.392433 424.252233
 2.440000 -2.851465 2.504038 427.320009
 2.460000 -2.910146 2.394430 423.389817
 2.480000 -2.955017 2.443558 421.217552
 2.500000 -3.075510 2.260817 412.740742
 2.520000 -3.085366 2.368641 413.293880
 2.540000 3.009882 2.286784 404.594596
 2.560000 3.103076 2.358003 408.691258
 2.580000 2.925113 2.447642 403.850470
 2.600000 3.059856 2.485414 408.571936
 2.620000 -3.083723 2.486537 414.445474
 2.640000 3.115595 2.688610 415.411078
 2.660000 -3.076363 2.615181 417.756812
 2.680000 3.135270 2.683710 415.904832
 2.700000 3.070196 2.647287 412.901715
 2.720000 3.138889 2.438072 410.769412
 2.740000 -3.133303 2.592641 414.157228
 2.760000 3.141031 2.447067 410.929680
 2.780000 -3.026439 2.425643 417.096973
 2.800000 -3.070720 2.353178 413.964510
 2.820000 -2.993296 2.462951 419.228009
 2.840000 -2.946842 2.458559 421.776542
 2.860000 -2.973727 2.491372 420.506014
 2.880000 -3.050469 2.462342 416.067222
 2.900000 -3.001653 2.491285 418.969129
 2.920000 -3.126810 2.397709 411.278270
 2.940000 -3.072849 2.363447 413.944566
 2.960000 -3.112577 2.443851 412.500619
 2.980000 3.022589 2.418293 406.618645
 3.000000 3.068678 2.534210 409.732862
 3.020000 2.900952 2.484546 403.572295
 3.040000 3.038880 2.546992 409.139285
 3.060000 -3.057724 2.550665 417.067413
 3.080000 -3.001444 2.736911 424.662418
 3.100000 -2.934546 2.639224 425.910713
 3.120000 -2.926486 2.672208 427.111876
 3.140000 3.042104 2.508598 408.228651
 3.160000 -3.106620 2.532696 413.957881
 3.180000 2.966725 2.415746 404.767925
 3.200000 2.978941 2.469049 405.784606
 3.220000 3.081418 2.480126 409.231602
 3.240000 3.135581 2.513619 411.359222
 3.260000 -3.041030 2.508221 416.936445
 3.280000 -2.990859 2.500618 419.625480
 3.300000 -2.923262 2.537454 424.030486
 3.320000 -2.901674 2.578163 426.215775
 3.340000 -2.920324 2.487537 423.430526
 3.360000 -3.028571 2.341558 416.233994
 3.380000 -3.139805 2.389455 410.479071
 3.400000 3.007875 2.305548 404.764614
 3.420000 3.082830 2.367715 408.091778
 3.440000 3.039979 2.285057 405.618224
 3.460000 3.076135 2.401205 408.230801
 3.480000 3.129865 2.511284 411.140727
 3.500000 -3.053634 2.617006 419.009325
 3.520000 -3.074091 2.706340 420.162654
 3.540000 -3.008827 2.654942 422.332472
 3.560000 -3.084223 2.654778 418.352901
 3.580000 -3.088086 2.677236 418.715527
 3.600000 -3.111137 2.517728 413.305688
 3.620000 3.101726 2.540878 410.997990
 3.640000 3.101341 2.497460 410.062233
 3.660000 3.003391 2.437470 406.207871
 3.680000 3.004374 2.466473 406.566679
 3.700000 2.879288 2.484081 402.926970
 3.720000 3.088901 2.666880 414.007974
 3.740000 -3.078429 2.592290 417.053629
 3.760000 -3.002123 2.571644 420.611820
 3.780000 -2.850659 2.505055 427.369050
 3.800000 -2.921390 2.514024 423.537016
 3.820000 -3.099473 2.462281 413.381723
 3.840000 -3.105569 2.322896 411.697176
 3.860000 3.073890 2.247352 406.353173
 3.880000 -3.109412 2.256487 410.756983
 3.900000 -3.059716 2.241472 413.437293
 3.920000 -3.131561 2.182897 408.626835
 3.940000 -3.071880 2.214622 412.437900
 3.960000 -3.089764 2.222753 411.499582
 3.980000 -3.070972 2.241248 412.787194
 4.000000 -2.992449 2.239338 417.305935
 4.020000 -3.039077 2.251343 414.732326
 4.040000 -3.088727 2.346777 412.889219
 4.060000 3.082036 2.207637 406.149985
 4.080000 2.884495 2.158253 398.556493
 4.100000 2.876449 2.048499 396.586850
 4.120000 2.992960 2.118351 401.712424
 4.140000 3.133840 2.266209 408.757610
 4.160000 -3.105642 2.247171 410.866942
 4.180000 -3.071659 2.317120 413.552083
 4.200000 -3.066023 2.467622 415.256314
 4.220000 -3.024129 2.670834 421.910750
 4.240000 -2.937901 2.694074 427.009834
 4.260000 -2.946834 2.685863 426.349029
 4.280000 -3.025480 2.518198 417.950497
 4.300000 -3.015426 2.680383 422.600053
 4.320000 3.051967 2.589957 410.762699
 4.340000 3.031227 2.495294 407.741493
 4.360000 3.056153 2.518935 408.891975
 4.380000 2.957035 2.493166 405.375256
 4.400000 3.112815 2.560899 411.916444
 4.420000 3.103761 2.505115 410.214344
 4.440000 -3.098385 2.587774 415.874526
 4.460000 -2.994514 2.544233 420.318562
 4.480000 -3.019902 2.533188 418.650892
 4.500000 -3.060893 2.310584 414.096570
 4.520000 -3.043343 2.452366 416.378950
 4.540000 3.042078 2.206002 404.680452
 4.560000 -3.135802 2.291632 409.656614
 4.580000 2.981851 2.086801 400.856085
 4.600000 3.059088 2.096315 403.823089
 4.620000 -3.141531 2.222113 408.529223
 4.640000 -3.117622 2.199367 409.626056
 4.660000 -2.981718 2.253835 418.074811
 4.680000 -2.885420 2.277926 423.885355
 4.700000 -2.932999 2.336569 421.639288
 4.720000 -2.953755 2.404064 420.998318
 4.740000 -3.045048 2.379787 415.657898
 4.760000 3.114547 2.492049 410.452869
 4.780000 -3.128620 2.528523 412.666653
 4.800000 -3.132628 2.505011 411.959577
 4.820000 3.122518 2.606975 413.484241
 4.840000 -3.044862 2.776361 423.329438
 4.860000 3.123910 2.701781 416.009573
 4.880000 3.113395 2.807079 418.304149
 4.900000 3.132939 2.642008 414.749146
 4.920000 3.092623 2.730309 415.768838
 4.940000 -3.119605 2.773835 419.463429
 4.960000 -3.131387 2.539622 412.824021
 4.980000 3.030562 2.447259 407.205893
 5.000000 3.088673 2.353641 408.137671
 5.020000 3.110052 2.361176 408.971386
 5.040000 -3.118860 2.297608 410.677374
 5.060000 -2.981752 2.185427 417.364695
 5.080000 -2.905950 2.262718 422.559559
 5.100000 -2.880875 2.304196 424.368531
 5.120000 -2.902862 2.265586 422.764797
 5.140000 -2.864919 2.168757 424.074698
 5.160000 -3.067396 2.155057 412.007684
 5.180000 -2.957742 2.184622 418.765924
 5.200000 -3.039180 2.182515 413.972580
 5.220000 3.022565 1.972572 400.649433
 5.240000 3.083459 1.957908 402.762683
 5.260000 2.990972 2.060147 400.793305
 5.280000 2.931745 2.131274 399.747689
 5.300000 3.053400 2.155179 404.416311
 5.320000 3.106870 2.158148 406.436512
 5.340000 3.134847 2.298645 409.164557
 5.360000 -2.986485 2.382005 418.975375
 5.380000 3.133312 2.277235 408.865437
 5.400000 -3.094240 2.304622 412.143834
 5.420000 -3.120922 2.307208 410.665687
 5.440000 -3.066912 2.327567 413.926295
 5.460000 -3.075810 2.371999 413.860936
 5.480000 -3.129985 2.414870 411.272499
 5.500000 3.104430 2.528877 410.751124
 5.520000 -3.099719 2.701965 418.727202
 5.540000 -3.110512 2.489983 413.021555
 5.560000 -3.022281 2.613436 420.589013
 5.580000 -2.986592 2.661745 423.675555
 5.600000 -3.053272 2.680307 420.610935
 5.620000 -3.032243 2.706093 422.334980
 5.640000 3.069459 2.486618 408.900202
 5.660000 3.057926 2.544914 409.689127
 5.680000 3.058988 2.465036 408.333954
 5.700000 3.069431 2.489734 408.930369
 5.720000 3.085274 2.430074 408.850874
 5.740000 -3.130306 2.426353 411.366187
 5.760000 3.120898 2.506905 410.801741
 5.780000 -3.101875 2.415693 412.827122
 5.800000 -3.098097 2.444197 413.296597
 5.820000 -3.106648 2.494198 413.266232
 5.840000 -3.076979 2.504575 414.956429
 5.860000 3.104583 2.359555 408.761295
 5.880000 3.117750 2.291519 408.464623
 5.900000 -3.139821 2.345199 410.016819
 5.920000 -3.052959 2.426288 415.628618
 5.940000 -3.091931 2.388476 413.119628
 5.960000 -3.106900 2.270882 411.060584
 5.980000 -3.074621 2.376989 413.975113
 6.000000 3.137412 2.552864 412.505702
 6.020000 -3.023861 2.530596 418.367510
 6.040000 -3.073145 2.498527 415.116802
 6.060000 3.129498 2.501852 411.044363
 6.080000 -3.079292 2.524312 415.199160
 6.100000 3.038813 2.489565 407.927371
 6.120000 3.028908 2.516744 407.952952
 6.140000 3.097493 2.498696 409.945912
 6.160000 3.137569 2.551193 412.465138
 6.180000 3.128415 2.559915 412.401673
 6.200000 -3.087246 2.446835 413.915360
 6.220000 3.121947 2.489746 410.680156
 6.240000 -3.012124 2.626434 421.455836
 6.260000 -3.012454 2.336314 417.100600
 6.280000 -3.008633 2.321096 417.176326
 6.300000 -3.071739 2.174199 411.980716
 6.320000 -3.116888 2.202664 409.707379
 6.340000 3.067144 2.068723 403.740233
 6.360000 3.122191 1.897690 403.380946
 6.380000 3.095929 2.024038 404.207343
 6.400000 -3.126943 2.044416 407.117868
 6.420000 -3.105221 2.207983 410.440377
 6.440000 -3.139809 2.277844 409.275471
 6.460000 -2.935575 2.307060 421.239484
 6.480000 -2.926310 2.430120 422.730467
 6.500000 -2.862864 2.566736 428.048057
 6.520000 -3.023580 2.494946 417.792632
 6.540000 3.048639 2.560126 409.821991
 6.560000 2.853257 2.536587 403.253871
 6.580000 2.800158 2.488322 400.743047
 6.600000 2.683766 2.497235 397.874283
 6.620000 2.836573 2.539303 402.871355
 6.640000 2.934317 2.721197 410.870012
 6.660000 3.074234 2.665962 413.526376
 6.680000 -3.078520 2.595044 417.120591
 6.700000 -3.001483 2.666168 422.993331
 6.720000 -3.030208 2.692756 422.121596
 6.740000 -3.066762 2.684536 420.009390
 6.760000 3.109374 2.516961 410.579655
 6.780000 3.083804 2.361110 408.051664
 6.800000 -3.112618 2.324436 411.317142
 6.820000 3.093823 2.342786 408.196025
 6.840000 -3.059398 2.352429 414.594587
 6.860000 -3.013125 2.313210 416.845011
 6.880000 -3.103243 2.401745 412.619317
 6.900000 -2.984250 2.336479 418.708962
 6.920000 -3.080668 2.425360 414.086622
 6.940000 3.071967 2.464764 408.762240
 6.960000 -3.065604 2.436309 415.015177
 6.980000 2.963269 2.478706 405.402993
 7.000000 2.984173 2.326355 404.226883
 7.020000 2.955370 2.403321 404.252040
 7.040000 2.830756 2.382773 400.156287
 7.060000 3.018326 2.417060 406.463554
 7.080000 3.019140 2.452906 406.894268
 7.100000 2.982605 2.502324 406.272221
 7.120000 3.124541 2.688388 415.686372
 7.140000 3.079907 2.822427 417.684057
 7.160000 -3.122324 2.944724 423.210200
 7.180000 -2.937370 2.914175 431.669806
 7.200000 -2.924714 2.849843 431.042274
 7.220000 -2.732161 2.962043 442.583168
 7.240000 -2.749402 2.758150 438.219374
 7.260000 -3.004336 2.673326 423.014921
 7.280000 -3.076716 2.537665 415.698304
 7.300000 3.135463 2.465633 410.914065
 7.320000 2.982055 2.285846 403.631246
 7.340000 3.117154 2.216780 407.555058
 7.360000 -3.053332 2.294429 414.362676
 7.380000 -2.968780 2.187707 418.150258
 7.400000 -2.794631 2.052512 427.032769
 7.420000 -3.080991 1.890686 407.670470
 7.440000 -3.080082 1.914120 408.070768
 7.460000 -3.140589 1.671105 404.166611
 7.480000 3.097093 1.790399 402.284106
 7.500000 2.953604 1.628373 396.529593
 7.520000 2.980680 1.599649 397.531485
 7.540000 2.887721 1.643576 394.072321
 7.560000 2.894771 1.513261 394.031860
 7.580000 -3.140878 1.358117 403.496408
 7.600000 3.092667 1.515883 401.880537
 7.620000 -2.936053 1.538736 416.491091
 7.640000 -3.019884 1.409687 411.012339
 7.660000 -3.115876 1.425514 405.236093
 7.680000 3.132294 1.333876 402.964766
 7.700000 -3.122245 1.416976 404.824932
 7.720000 -3.052309 1.225560 408.866213
 7.740000 -3.066370 1.307072 407.768675
 7.760000 3.096515 1.089806 403.743430
 7.780000 -3.136511 1.199570 404.238585
 7.800000 -3.086676 1.269108 406.354149
 7.820000 -2.980167 1.245783 412.895609
 7.840000 -2.856845 1.244755 420.358075
 7.860000 -2.927862 1.461665 416.805221
 7.880000 -2.949963 1.441375 415.389719
 7.900000 -2.907644 1.243847 417.310622
 7.920000 -3.050689 1.392448 409.076110
 7.940000 3.016964 1.283656 397.960868
 7.960000 2.988136 1.328365 397.006522
 7.980000 2.840978 1.269092 391.022868
 8.000000 2.993157 1.521881 397.861107
 8.020000 -3.090085 1.631454 407.194166
 8.040000 -3.052200 1.622550 409.491434
 8.060000 3.137342 1.675776 403.932712
 8.080000 -3.048502 1.644208 409.732767
 8.100000 3.120944 1.830364 403.211801
 8.120000 -3.135010 1.866921 404.386711
 8.140000 -2.919465 1.910566 417.728909
 8.160000 3.036956 2.039826 402.192892
 8.180000 -3.126250 2.097143 407.855614
 8.200000 2.974931 2.250039 402.912196
 8.220000 2.988262 2.259870 403.500228
 8.240000 3.124157 2.505541 410.898441
 8.260000 -3.017930 2.577731 419.915418
 8.280000 -3.118512 2.675519 417.089916
 8.300000 -2.840734 2.792530 434.188060
 8.320000 -2.969667 2.709179 425.684024
 8.340000 -3.063420 2.802554 422.983852
 8.360000 -2.995948 2.647635 422.837990
 8.380000 2.977238 2.659188 410.398373
 8.400000 2.972152 2.582175 408.073966
 8.420000 3.063031 2.635202 412.351874
 8.440000 2.974975 2.552251 407.295924
 8.460000 3.072903 2.483060 408.978388
 8.480000 -2.990476 2.497299 419.624243
 8.500000 3.130169 2.595809 413.432900
 8.520000 -2.936036 2.672858 426.619991
 8.540000 -3.135052 2.544007 412.749121
 8.560000 3.088872 2.585501 411.815827
 8.580000 -3.080089 2.478728 414.579023
 8.600000 3.136033 2.461614 410.895788
 8.620000 -3.089716 2.273286 412.064766
 8.640000 -3.071337 2.168818 411.940846
 8.660000 3.047153 2.129621 403.840116
 8.680000 3.032129 2.183619 404.025668
 8.700000 3.129546 2.186293 407.640900
 8.720000 3.092264 2.270536 407.298245
 8.740000 -2.930113 2.447528 422.635434
 8.760000 -3.009272 2.495284 418.578957
 8.780000 -2.969390 2.635191 423.951289
 8.800000 -2.986508 2.527817 420.327723
 8.820000 -2.959718 2.743589 426.985386
 8.840000 -3.077103 2.747249 420.994409
 8.860000 -3.089910 2.610275 416.912784
 8.880000 2.965636 2.629725 409.231535
 8.900000 2.919265 2.558816 405.816867
 8.920000 2.896447 2.572622 405.561129
 8.940000 2.945103 2.504631 405.140293
 8.960000 3.012163 2.376031 405.777901
 8.980000 3.140522 2.465143 411.082442
 9.000000 -3.131007 2.663476 416.133832
 9.020000 -3.099691 2.566864 415.250007
 9.040000 -3.056937 2.629841 419.159992
 9.060000 -3.050465 2.642403 419.818841
 9.080000 -2.909500 2.664628 427.840361
 9.100000 -2.971127 2.607579 423.183868
 9.120000 -2.983641 2.407128 419.340575
 9.140000 -3.011348 2.434077 418.005512
 9.160000 -3.017752 2.397696 417.347676
 9.180000 3.052382 2.324225 406.529929
 9.200000 -3.063869 2.265393 413.456634
 9.220000 2.993251 2.350981 404.840517
 9.240000 -3.137235 2.430441 411.026866
 9.260000 -3.040443 2.521019 417.212608
 9.280000 -3.137605 2.540741 412.523790
 9.300000 -3.101644 2.489497 413.497409
 9.320000 -3.099861 2.640991 417.181534
 9.340000 3.025270 2.566428 409.261720
 9.360000 3.108124 2.539209 411.161636
 9.380000 3.030510 2.451486 407.250513
 9.400000 3.090518 2.488501 409.616418
 9.420000 -3.088944 2.452860 413.875030
 9.440000 3.061663 2.337182 407.006302
 9.460000 -3.089409 2.464302 413.948763
 9.480000 -3.085378 2.542834 415.371691
 9.500000 -3.020613 2.468539 417.759979
 9.520000 -3.037477 2.453421 416.711343
 9.540000 -3.050926 2.498578 416.325897
 9.560000 -3.132221 2.491343 411.862111
 9.580000 -3.088336 2.508205 414.370634
 9.600000 3.080105 2.418511 408.552915
 9.620000 3.132186 2.485315 410.985025
 9.640000 -3.053672 2.459896 415.871188
 9.660000 3.059768 2.421662 407.898049
 9.680000 -3.090405 2.344146 412.768526
 9.700000 -3.133520 2.228292 409.058830
 9.720000 3.101799 2.393718 409.034029
 9.740000 -3.085196 2.316702 412.781698
 9.760000 -3.096624 2.359876 412.577930
 9.780000 3.117079 2.370695 409.321487
 9.800000 -3.035822 2.315031 415.567389
 9.820000 -3.114764 2.335884 411.317225
 9.840000 -3.130659 2.417955 411.265555
 9.860000 -3.066052 2.470035 415.274571
 9.880000 -3.131963 2.489391 411.858774
 9.900000 -3.002173 2.572445 420.629543
 9.920000 -3.044198 2.517168 416.905547
 9.940000 -2.999917 2.581783 420.989033
 9.960000 -3.130034 2.562168 413.510359
 9.980000 -3.093802 2.589658 416.167456
 10.000000 3.007014 2.364834 405.470713
 10.020000 2.969382 2.378555 404.396484
 10.040000 2.814135 2.278886 398.151893
 10.060000 2.931188 2.388755 403.299255
 10.080000 3.101599 2.256008 407.461161
 10.100000 -3.131849 2.487619 411.849199
 10.120000 -2.957541 2.430962 420.986136
 10.140000 -2.906839 2.634727 427.288279
 10.160000 -2.924126 2.626422 426.164927
 10.180000 -2.983826 2.499280 420.002658
 10.200000 -2.898741 2.648708 428.047101
 10.220000 -3.032937 2.442895 416.877442
 10.240000 -3.036041 2.411901 416.446053
 10.260000 3.066484 2.286385 406.568469
 10.280000 3.024071 2.450837 407.032414
 10.300000 2.957008 2.414322 404.439950
 10.320000 3.019294 2.394766 406.237523
 10.340000 3.063159 2.442409 408.235021
 10.360000 -3.083509 2.706650 419.681902
 10.380000 -3.070238 2.798842 422.553022
 10.400000 -3.137822 2.807860 419.359315
 10.420000 3.123170 2.778877 417.913394
 10.440000 3.003702 2.715499 412.711065
 10.460000 -3.139237 2.904725 421.518751
 10.480000 3.072163 2.789505 416.644928
 10.500000 -3.122538 2.714250 417.856265
 10.520000 -3.103858 2.582900 415.455080
 10.540000 -3.098301 2.591247 415.970536
 10.560000 -3.125591 2.572298 414.019378
 10.580000 -3.080347 2.549832 415.829352
 10.600000 3.112416 2.564931 412.014279
 10.620000 -2.947770 2.432730 421.545991
 10.640000 -3.024249 2.400826 417.010211
 10.660000 -2.987640 2.423283 419.243662
 10.680000 -3.018650 2.328229 416.672392
 10.700000 -3.136619 2.335040 410.086503
 10.720000 -3.066838 2.297384 413.623313
 10.740000 3.137900 2.241582 408.619429
 10.760000 3.086177 2.317622 407.637656
 10.780000 3.052810 2.304002 406.300906
 10.800000 -3.124181 2.296719 410.367565
 10.820000 3.099183 2.300470 407.900749
 10.840000 -3.070535 2.286248 413.296539
 10.860000 -3.133643 2.291097 409.772222
 10.880000 3.130863 2.406650 410.179403
 10.900000 3.006439 2.279598 404.383624
 10.920000 3.115446 2.490375 410.467415
 10.940000 3.058490 2.435845 408.008609
 10.960000 -3.122892 2.729926 418.226802
 10.980000 3.129766 2.722698 416.722408
 11.000000 -3.099973 2.722836 419.228481
 11.020000 -3.055593 2.758252 422.359054
 11.040000 -3.047420 2.837852 424.584590
 11.060000 -3.023625 2.761999 424.090642
 11.080000 -3.025998 2.701425 422.549761
 11.100000 3.087411 2.481720 409.446809
 11.120000 -3.047536 2.479601 416.365283
 11.140000 3.116906 2.496327 410.571594
 11.160000 -3.138984 2.401810 410.649075
 11.180000 -2.999146 2.400490 418.415644
 11.200000 3.140516 2.292002 409.295801
 11.220000 -3.045283 2.433383 416.114652
 11.240000 -3.131871 2.289663 409.856017
 11.260000 3.038219 2.467399 407.674977
 11.280000 -3.114396 2.465521 412.597449
 11.300000 -3.062804 2.455562 415.333091
 11.320000 3.120126 2.416256 409.903852
 11.340000 -2.965856 2.411962 420.377708
 11.360000 -3.135181 2.469422 411.505353
 11.380000 -3.067372 2.486991 415.339438
 11.400000 3.125367 2.399232 409.911812
 11.420000 3.115608 2.304607 408.537506
 11.440000 3.071729 2.328852 407.259992
 11.460000 -3.070593 2.470358 415.028604
 11.480000 -3.095300 2.456920 413.562659
 11.500000 -3.020199 2.438967 417.552369
 11.520000 -3.002477 2.487992 418.900780
 11.540000 -3.077459 2.693430 419.671011
 11.560000 -3.073911 2.826391 422.995436
 11.580000 3.097169 2.763706 416.750063
 11.600000 -3.099384 2.729098 419.411913
 11.620000 3.071235 2.627016 412.387325
 11.640000 -3.104384 2.686513 418.100244
 11.660000 3.013868 2.649965 411.240533
 11.680000 3.051966 2.674635 413.069958
 11.700000 2.954468 2.494306 405.309132
 11.720000 -3.087919 2.594259 416.600610
 11.740000 3.118968 2.444505 410.146855
 11.760000 -2.944070 2.696032 426.729051
 11.780000 -3.127290 2.474655 411.979777
 11.800000 -3.090409 2.556999 415.482003
 11.820000 3.109873 2.310641 408.400646
 11.840000 -3.138867 2.385674 410.492253
 11.860000 3.139261 2.407669 410.482971
 11.880000 -3.044164 2.391888 415.816730
 11.900000 -3.132527 2.411843 411.103310
 11.920000 -3.127940 2.291036 410.092910
 11.940000 -3.110474 2.395882 412.162581
 11.960000 -3.073953 2.561986 416.495637
 11.980000 3.130758 2.574835 412.885495
 12.000000 -3.133866 2.453770 411.432014
 12.020000 3.092253 2.455132 409.344628
 12.040000 3.043165 2.354379 406.570156
 12.060000 3.111679 2.393417 409.374082
 12.080000 3.054644 2.424691 407.758771
 12.100000 3.112774 2.358415 409.037169
 12.120000 3.124138 2.510859 410.945485
 12.140000 3.090134 2.371700 408.389909
 12.160000 3.114662 2.403156 409.579697
 12.180000 -3.009962 2.438555 418.118094
 12.200000 -2.954628 2.565609 423.030551
 12.220000 -2.832937 2.508707 428.360443
 12.240000 -2.766750 2.440069 431.719052
 12.260000 -2.903625 2.388376 423.715447
 12.280000 -2.945867 2.509690 422.152713
 12.300000 3.089612 2.345933 408.083622
 12.320000 3.066757 2.347072 407.298645
 12.340000 3.063382 2.397719 407.757159
 12.360000 -3.082838 2.493087 414.546985
 12.380000 3.109535 2.509106 410.443045
 12.400000 -3.079157 2.529012 415.333663
 12.420000 3.087288 2.590536 411.903123
 12.440000 -3.095743 2.763357 420.424977
 12.460000 -3.132830 2.668733 416.174363
 12.480000 -3.100929 2.700737 418.634155
 12.500000 3.134783 2.625248 414.367246
 12.520000 -3.019068 2.579127 419.890000
 12.540000 3.106649 2.401995 409.289700
 12.560000 -3.139873 2.382903 410.408373
 12.580000 3.113993 2.232901 407.634837
 12.600000 3.081336 2.505291 409.474497
 12.620000 3.134393 2.450582 410.734850
 12.640000 -3.001038 2.491746 419.006164
 12.660000 -2.957844 2.507605 421.482418
 12.680000 -2.796688 2.646582 433.447449
 12.700000 -2.754678 2.658318 435.928325
 12.720000 -2.934247 2.503072 422.753057
 12.740000 -2.890954 2.528527 425.575029
 12.760000 3.139193 2.449607 410.890549
 12.780000 3.076977 2.480447 409.087307
 12.800000 2.983502 2.267261 403.435290
 12.820000 3.041591 2.401731 407.064532
 12.840000 3.052686 2.246273 405.579738
 12.860000 -3.017933 2.488219 418.053434
 12.880000 3.072688 2.330094 407.308104
 12.900000 -3.083898 2.409080 413.759537
 12.920000 -3.106702 2.445362 412.835774
 12.940000 3.040477 2.483270 407.915993
 12.960000 -3.057571 2.500450 415.978298
 12.980000 3.015376 2.523335 407.713921
 13.000000 3.017869 2.669293 411.888971
 13.020000 3.092512 2.511558 409.902076
 13.040000 3.060717 2.620874 411.889729
 13.060000 3.048516 2.470719 408.047807
 13.080000 -2.958901 2.668990 425.316330
 13.100000 3.114930 2.424324 409.806351
 13.120000 -2.950812 2.531008 422.359890
 13.140000 -3.017841 2.323416 416.672942
 13.160000 -3.014936 2.291721 416.532897
 13.180000 -3.032777 2.291178 415.504770
 13.200000 -3.074869 2.089050 410.760460
 13.220000 3.063275 2.164348 404.900884
 13.240000 -3.123508 2.071808 407.684358
 13.260000 3.099837 2.131373 405.823970
 13.280000 3.001084 1.938759 399.316092
 13.300000 -3.061031 2.020068 410.685323
 13.320000 3.091959 1.922799 402.566390
 13.340000 -2.985287 1.960484 414.425909
 13.360000 -2.996711 1.944655 413.520338
 13.380000 -3.120201 1.800316 405.359558
 13.400000 3.068660 1.890785 401.157587
 13.420000 -3.114652 1.706291 405.737493
 13.440000 3.077747 1.859543 401.454995
 13.460000 -3.040760 1.668846 410.216242
 13.480000 -3.098760 1.737620 406.692128
 13.500000 2.997601 1.865521 398.338383
 13.520000 -3.009906 1.922913 412.419891
 13.540000 -3.083389 2.063051 409.925675
 13.560000 -3.012491 2.220474 415.944327
 13.580000 -2.980213 2.220482 417.824384
 13.600000 -3.100824 2.265970 411.351853
 13.620000 3.091454 2.315133 407.795748
 13.640000 -2.958999 2.377754 420.495595
 13.660000 -3.131413 2.617126 414.906115
 13.680000 -3.070117 2.690657 419.985030
 13.700000 3.106803 2.607287 412.985610
 13.720000 2.886927 2.693862 408.796399
 13.740000 3.010011 2.675828 411.830141
 13.760000 3.049590 2.841223 417.262827
 13.780000 3.109147 2.735677 416.411685
 13.800000 -3.012752 2.675322 422.618986
 13.820000 -3.021229 2.802542 425.129419
 13.840000 -3.113403 2.687761 417.664208
 13.860000 -3.053399 2.690384 420.850777
 13.880000 3.067134 2.563991 410.521496
 13.900000 -3.066200 2.577311 417.314335
 13.920000 -3.078659 2.426900 414.211395
 13.940000 -3.126091 2.393726 411.278346
 13.960000 3.071357 2.275413 406.608062
 13.980000 3.108882 2.347370 408.778418
 14.000000 3.040746 2.295925 405.780064
 14.020000 -2.993085 2.333265 418.176046
 14.040000 -2.941972 2.366060 421.368166
 14.060000 -3.034786 2.514433 417.343636
 14.080000 -2.951158 2.456926 421.525291
 14.100000 3.009832 2.411160 406.115087
 14.120000 3.006141 2.358682 405.366623
 14.140000 3.095227 2.368674 408.534014
 14.160000 -3.112795 2.479818 412.810341
 14.180000 -3.141455 2.229998 408.627224
 14.200000 -3.061987 2.299575 413.922042
 14.220000 3.105639 2.244848 407.473553
 14.240000 -3.093880 2.406070 413.178538
 14.260000 3.121089 2.408617 409.859261
 14.280000 -3.134372 2.481339 411.657136
 14.300000 3.136713 2.496795 411.241922
 14.320000 -3.130092 2.560572 413.464011
 14.340000 3.104481 2.509516 410.278988
 14.360000 -3.081514 2.575199 416.440694
 14.380000 3.104901 2.539585 411.066162
 14.400000 -3.045747 2.633599 419.847618
 14.420000 3.135127 2.627687 414.442794
 14.440000 3.132642 2.426938 410.444405
 14.460000 3.126729 2.385760 409.819845
 14.480000 -3.038595 2.494592 416.968809
 14.500000 -3.060942 2.422644 415.154238
 14.520000 -2.970621 2.386492 419.908522
 14.540000 -3.039894 2.344313 415.618470
 14.560000 -3.030213 2.271925 415.456715
 14.580000 -2.979396 2.374209 419.311123
 14.600000 -3.111813 2.347840 411.606593
 14.620000 -3.017169 2.448773 417.798118
 14.640000 3.135136 2.475575 410.995464
 14.660000 3.078516 2.499424 409.325003
 14.680000 2.919428 2.359849 402.550335
 14.700000 3.038416 2.550954 409.237286
 14.720000 3.037103 2.579136 409.992046
 14.740000 -3.009076 2.645863 422.097391
 14.760000 3.139806 2.449121 410.907018
 14.780000 -3.140718 2.454874 411.070428
 14.800000 3.036436 2.499907 407.957262
 14.820000 3.069928 2.545995 410.106280
 14.840000 3.116146 2.541571 411.491575
 14.860000 -2.966188 2.543582 421.843000
 14.880000 -2.967713 2.522279 421.210271
 14.900000 -2.908637 2.564583 425.505001
 14.920000 -2.869374 2.549213 427.267928
 14.940000 -2.977730 2.462336 420.086341
 14.960000 -2.881407 2.511605 425.707560
 14.980000 -2.920281 2.494357 423.472640
 15.000000 -3.120604 2.337436 411.006620
 15.020000 3.037067 2.308213 405.803607
 15.040000 3.006567 2.262612 404.167670
 15.060000 2.957668 2.085075 399.967164
 15.080000 -3.134505 2.113988 407.593290
 15.100000 3.105138 2.123884 405.924957
 15.120000 3.022156 2.282592 404.965685
 15.140000 3.023481 2.272599 404.884537
 15.160000 2.936572 2.168387 400.457365
 15.180000 3.097898 2.334103 408.241559
 15.200000 -2.981657 2.356778 419.034773
 15.220000 -2.993146 2.482563 419.376295
 15.240000 -2.979620 2.373950 419.296289
 15.260000 -2.980952 2.413535 419.542209
 15.280000 -3.102865 2.591093 415.724476
 15.300000 -3.043709 2.682215 421.158740
 15.320000 3.120568 2.614312 413.617697
 15.340000 3.053201 2.741633 414.866324
 15.360000 -3.094398 2.848986 422.479397
 15.380000 -3.086841 2.807378 421.909605
 15.400000 -3.102010 2.891179 423.041003
 15.420000 -3.135901 2.729703 417.556492
 15.440000 3.140286 2.888044 420.991998
 15.460000 2.976416 2.851423 415.461865
 15.480000 2.931444 2.647046 408.722353
 15.500000 2.931924 2.610576 407.695175
 15.520000 2.966032 2.591523 408.157591
 15.540000 3.131364 2.483083 410.936680
 15.560000 -3.081126 2.387388 413.710700
 15.580000 -3.068734 2.292418 413.463770
 15.600000 -2.962257 2.254751 419.212996
 15.620000 -3.133451 2.157553 408.205798
 15.640000 -3.108979 1.922247 406.462899
 15.660000 -3.089713 1.905993 407.374602
 15.680000 -3.094903 1.878055 406.764157
 15.700000 -3.012844 1.938987 412.468480
 15.720000 -3.028219 1.846880 410.845413
 15.740000 3.120935 1.766376 403.259801
 15.760000 -2.981308 1.906136 413.912283
 15.780000 -2.959321 1.978279 416.229741
 15.800000 -3.022135 2.001551 412.760692
 15.820000 -2.832327 1.998549 424.147638
 15.840000 -3.126981 2.066477 407.410696
 15.860000 3.125711 2.123720 406.702301
 15.880000 3.046407 1.928613 400.883046
 15.900000 2.910488 1.955354 396.268570
 15.920000 2.966380 1.967846 398.485391
 15.940000 3.033287 2.116928 403.155359
 15.960000 2.915054 2.068582 398.223611
 15.980000 3.090231 2.114197 405.234198
 16.000000 -3.107651 2.112081 409.131267
 16.020000 -3.132974 2.291543 409.814847
 16.040000 -2.936791 2.351936 421.549122
 16.060000 -3.055933 2.308572 414.358222
 16.080000 -3.045687 2.386302 415.681187
 16.100000 -3.033259 2.351962 416.065795
 16.120000 -3.138562 2.462866 411.261966
 16.140000 3.035773 2.444192 407.343894
 16.160000 -3.119507 2.469721 412.357315
 16.180000 2.990355 2.553249 407.797544
 16.200000 -3.123778 2.662550 416.485521
 16.220000 3.054152 2.550761 409.733483
 16.240000 3.122963 2.844923 419.490144
 16.260000 -3.111095 2.866093 422.035481
 16.280000 -3.080350 2.845127 423.094034
 16.300000 -3.052560 2.768306 422.749070
 16.320000 -3.101393 2.697076 418.519108
 16.340000 -3.095829 2.786585 420.970734
 16.360000 2.993918 2.640651 410.381371
 16.380000 3.010861 2.484314 406.970380
 16.400000 2.966751 2.545491 406.847863
 16.420000 3.074362 2.522715 409.591308
 16.440000 -3.127960 2.405810 411.294987
 16.460000 -2.998141 2.414803 418.588711
 16.480000 -2.939570 2.282430 420.788746
 16.500000 -2.878725 2.295266 424.419174
 16.520000 -3.097926 2.179728 410.527525
 16.540000 -3.123157 2.066778 407.638401
 16.560000 3.102855 2.066856 405.070701
 16.580000 3.066614 2.057761 403.565857
 16.600000 -3.027665 2.015563 412.614539
 16.620000 3.117898 1.980877 404.444315
 16.640000 -3.122239 1.989705 406.642788
 16.660000 -3.055290 2.149181 412.645280
 16.680000 -3.069708 2.139615 411.687736
 16.700000 -3.041175 2.181685 413.846848
 16.720000 -2.872953 2.431406 425.733238
 16.740000 -3.139345 2.401706 410.628207
 16.760000 -3.063069 2.512496 415.771154
 16.780000 3.062448 2.354444 407.234588
 16.800000 3.029562 2.519769 408.061353
 16.820000 -3.129408 2.612727 414.895268
 16.840000 3.050272 2.714675 414.077469
 16.860000 2.942839 2.756187 412.057069
 16.880000 3.130055 2.860732 420.067787
 16.900000 2.955576 2.902472 416.170196
 16.920000 3.116920 3.012390 423.024658
 16.940000 -2.946561 2.987501 432.577018
 16.960000 -3.108774 2.816607 421.019715
 16.980000 -2.865433 2.829967 433.662106
 17.000000 -3.051075 2.513143 416.426483
 17.020000 2.991304 2.573867 408.419440
 17.040000 2.944240 2.321931 402.847487
 17.060000 3.005688 2.361117 405.381126
 17.080000 2.897878 2.187631 399.437439
 17.100000 -3.043890 2.160260 413.442128
 17.120000 -3.031756 2.227021 414.896050
 17.140000 -2.974124 2.278938 418.758805
 17.160000 -2.865967 2.225548 424.554030
 17.180000 -3.003094 2.106535 415.213188
 17.200000 -3.138842 2.235556 408.841407
 17.220000 -3.121434 2.151364 408.822908
 17.240000 3.093272 2.376293 408.549568
 17.260000 3.022908 2.168301 403.486770
 17.280000 -3.050216 2.274062 414.330485
 17.300000 3.127652 2.346897 409.439062
 17.320000 -3.082526 2.428024 414.007952
 17.340000 -3.063850 2.545835 416.609370
 17.360000 -3.116574 2.498881 412.770111
 17.380000 -3.115194 2.656666 416.781574
 17.400000 -3.122240 2.642345 416.044962
 17.420000 3.079767 2.670847 413.827870
 17.440000 -3.118074 2.591095 414.919586
 17.460000 -3.073437 2.680840 419.569517
 17.480000 -3.042358 2.540670 417.631804
 17.500000 -3.079399 2.471317 414.555073
 17.520000 3.138064 2.518353 411.574414
 17.540000 3.104279 2.530699 410.797209
 17.560000 -3.111762 2.561041 414.450917
 17.580000 3.104139 2.406707 409.252351
 17.600000 -3.045431 2.454656 416.282389
 17.620000 -2.959674 2.418121 420.771680
 17.640000 -2.987390 2.510216 419.878688
 17.660000 -3.062154 2.356436 414.477932
 17.680000 3.062208 2.331691 406.960677
 17.700000 2.959129 2.319024 403.298724
 17.720000 2.958663 2.435647 404.751545
 17.740000 2.896007 2.412901 402.517635
 17.760000 3.015636 2.397743 406.150612
 17.780000 2.985024 2.436469 405.602380
 17.800000 -3.115061 2.423289 412.172842
 17.820000 -3.074331 2.497440 415.043807
 17.840000 -3.054924 2.509668 416.191741
 17.860000 -3.006610 2.555113 419.944102
 17.880000 -3.114212 2.593593 415.189994
 17.900000 3.089164 2.561461 411.161445
 17.920000 -3.116560 2.574665 414.561635
 17.940000 3.120993 2.473631 410.497195
 17.960000 -3.022662 2.560136 419.206330
 17.980000 -2.867072 2.518508 426.634884
 18.000000 -2.992188 2.546787 420.510982
 18.020000 -3.033409 2.512531 417.382213
 18.040000 -3.062372 2.627645 418.816568
 18.060000 3.057069 2.477591 408.400427
 18.080000 -3.103917 2.557797 414.781823
 18.100000 3.134161 2.434623 410.572479
 18.120000 3.079549 2.411029 408.453833
 18.140000 -3.129228 2.360481 410.766555
 18.160000 2.982968 2.230363 402.922110
 18.180000 2.995489 2.275919 403.959436
 18.200000 -3.066229 2.207246 412.681109
 18.220000 3.078834 2.256639 406.645886
 18.240000 -3.075039 2.255040 412.704892
 18.260000 -3.102058 2.219672 410.757896
 18.280000 -3.096442 2.222021 411.107442
 18.300000 -2.982657 2.334741 418.784333
 18.320000 -2.896234 2.252824 423.035360
 18.340000 -2.959339 2.313525 419.929976
 18.360000 -2.948693 2.397113 421.230722
 18.380000 -3.103135 2.462714 413.185766
 18.400000 3.046992 2.506135 408.361747
 18.420000 3.093118 2.594618 412.201932
 18.440000 3.054998 2.602755 411.212657
 18.460000 -3.080657 2.780565 421.599876
 18.480000 -3.091611 2.742133 420.127201
 18.500000 -3.041397 2.845824 425.062559
 18.520000 3.120288 2.822844 418.888409
 18.540000 -3.084310 2.772809 421.231768
 18.560000 3.025593 2.762101 414.577926
 18.580000 -3.133911 2.816593 419.761336
 18.600000 3.018337 2.590465 409.724441
 18.620000 3.113933 2.582805 412.552676
 18.640000 3.082108 2.445318 408.902216
 18.660000 -2.938358 2.517284 422.689266
 18.680000 -3.030992 2.422901 416.820658
 18.700000 -2.905350 2.389344 423.624717
 18.720000 -2.935627 2.377915 421.822214
 18.740000 -3.030558 2.384953 416.517911
 18.760000 -3.020528 2.326732 416.551285
 18.780000 -3.108507 2.222841 410.424670
 18.800000 -3.082936 2.287641 412.605083
 18.820000 -3.006230 2.235529 416.466555
 18.840000 -2.953427 2.290540 420.062291
 18.860000 3.093851 2.049398 404.484391
 18.880000 -3.071908 2.188076 412.132562
 18.900000 3.013901 2.200286 403.598549
 18.920000 3.129999 2.299668 409.000502
 18.940000 3.136761 2.317384 409.442562
 18.960000 3.090031 2.226478 406.678656
 18.980000 -3.114514 2.561166 414.307847
 19.000000 3.133504 2.569924 412.842246
 19.020000 3.065855 2.523968 409.350277
 19.040000 -3.104193 2.515511 413.617887
 19.060000 -3.000520 2.689194 423.595050
 19.080000 3.110117 2.618694 413.398776
 19.100000 -3.092052 2.553287 415.294722
 19.120000 2.955854 2.428254 404.573299
 19.140000 3.042379 2.482343 407.968296
 19.160000 -3.068059 2.459691 415.078888
 19.180000 -3.059642 2.470603 415.630396
 19.200000 -2.989760 2.449756 419.327034
 19.220000 -2.885531 2.470080 425.259417
 19.240000 -3.045439 2.513426 416.737529
 19.260000 -3.056280 2.442917 415.586549
 19.280000 -3.080723 2.491602 414.649852
 19.300000 -3.119583 2.544868 413.596450
 19.320000 -3.119387 2.669503 416.891414
 19.340000 3.110285 2.448329 409.888079
 19.360000 3.056804 2.509424 408.712668
 19.380000 3.051231 2.594103 410.854584
 19.400000 -3.096639 2.553831 415.063964
 19.420000 3.129828 2.580373 413.005220
 19.440000 -3.110276 2.448567 412.669433
 19.460000 -3.123286 2.501901 412.434550
 19.480000 3.052000 2.399806 407.394047
 19.500000 3.057065 2.357331 407.082225
 19.520000 -3.119944 2.175857 409.209665
 19.540000 -3.043647 2.268381 414.648157
 19.560000 -2.995124 2.122091 415.867724
 19.580000 -2.974706 2.230946 418.252504
 19.600000 -3.065984 2.227990 412.927886
 19.620000 -3.076634 2.322570 413.325972
 19.640000 -3.049490 2.277437 414.407191
 19.660000 -2.997974 2.269261 417.287367
 19.680000 -3.023602 2.324144 416.351628
 19.700000 -3.038004 2.272601 415.016001
 19.720000 -3.136416 2.308674 409.811149
 19.740000 -3.136576 2.399624 410.759536
 19.760000 3.023336 2.330466 405.603873
 19.780000 3.108211 2.476865 410.096371
 19.800000 3.025336 2.457628 407.148324
 19.820000 3.045581 2.587130 410.482577
 19.840000 3.101424 2.554861 411.377160
 19.860000 3.134807 2.785159 418.420027
 19.880000 3.115021 2.632749 413.930746
 19.900000 -3.040832 2.702666 421.804467
 19.920000 3.124417 2.639088 414.399186
 19.940000 -3.136070 2.651699 415.566794
 19.960000 3.098370 2.469447 409.693161
 19.980000 3.089124 2.567203 411.319368
 20.000000 3.063287 2.612504 411.741712
