#! FIELDS time phi psi metad.bias
#! SET min_phi -pi
#! SET max_phi pi
#! SET min_psi -pi
#! SET max_psi pi
 0.000000 3.141580 -3.141577 459.041908
 0.020000 -3.114979 2.523619 455.201598
 0.040000 -3.104877 2.520968 455.593453
 0.060000 -3.099546 2.491686 455.546851
 0.080000 -3.108346 2.455772 454.888700
 0.100000 -3.113185 2.492548 454.951113
 0.120000 -3.067732 2.519793 457.203095
 0.140000 -3.023067 2.473571 458.850574
 0.160000 -3.010802 2.543044 460.123888
 0.180000 -3.046071 2.500764 457.977227
 0.200000 -3.100361 2.522664 455.822138
 0.220000 3.103743 2.503020 452.944414
 0.240000 -3.114474 2.515123 455.065289
 0.260000 -3.127448 2.535563 454.879151
 0.280000 -3.029173 2.532253 459.127549
 0.300000 -2.988799 2.533348 460.944036
 0.320000 -3.029745 2.542599 459.277378
 0.340000 -2.995976 2.593981 461.566131
 0.360000 -2.923705 2.560282 464.283638
 0.380000 -2.887760 2.604349 466.494428
 0.400000 -2.885708 2.694225 467.569541
 0.420000 -2.880393 2.702665 467.876680
 0.440000 -3.008510 2.774930 463.088199
 0.460000 -3.135931 2.722763 457.333066
 0.480000 3.127423 2.735064 456.972511
 0.500000 3.105677 2.747444 456.701525
 0.520000 -3.137679 2.800183 458.078677
 0.540000 -3.117112 2.824679 459.107548
 0.560000 -3.139162 2.980603 459.125274
 0.580000 3.136184 3.045128 459.068948
 0.600000 3.121207 -3.137773 458.810242
 0.620000 -3.090419 -3.130328 461.004890
 0.640000 -3.044202 3.137077 462.491124
 0.660000 -3.028624 -2.963223 464.976655
 0.680000 -3.084477 -3.097227 461.674789
 0.700000 -3.118968 3.001061 459.926239
 0.720000 3.132542 3.054269 459.018032
 0.740000 -3.104079 3.011797 460.495789
 0.760000 -3.101338 2.954796 460.465122
 0.780000 -3.112923 2.937936 459.962523
 0.800000 -3.090411 2.986293 460.962044
 0.820000 -3.076167 3.016635 461.536343
 0.840000 -3.058129 2.986128 462.176100
 0.860000 -3.022190 2.934985 463.435932
 0.880000 -2.935084 2.886487 466.720156
 0.900000 -2.976117 2.851094 464.920879
 0.920000 -2.950264 2.737537 465.199677
 0.940000 3.118645 2.587644 454.693810
 0.960000 3.094877 2.558308 453.680797
 0.980000 3.059652 2.544394 452.684440
 1.000000 3.066584 2.584758 453.566255
 1.020000 3.131545 2.437825 453.017244
 1.040000 -3.116051 2.501556 454.886206
 1.060000 -3.078338 2.470506 456.342534
 1.080000 -3.027551 2.494435 458.770886
 1.100000 -3.021032 2.436815 458.691310
 1.120000 -2.940222 2.434377 462.414009
 1.140000 -2.833061 2.508362 467.704305
 1.160000 -2.944216 2.482809 462.495036
 1.180000 -2.999540 2.418619 459.542799
 1.200000 -3.123340 2.320054 452.765737
 1.220000 3.132726 2.372443 452.356918
 1.240000 3.131309 2.360394 452.179768
 1.260000 -3.111126 2.498385 455.081388
 1.280000 3.131514 2.553328 454.371345
 1.300000 -3.102819 2.745135 458.936879
 1.320000 -3.081693 2.800193 460.319070
 1.340000 -2.994506 2.924757 464.484217
 1.360000 -2.954768 3.118416 465.791696
 1.380000 -2.906513 3.135297 467.450694
 1.400000 -2.892599 3.044703 468.392451
 1.420000 -3.053076 2.975403 462.348533
 1.440000 -3.033830 3.062892 463.081469
 1.460000 3.109883 3.046591 458.665325
 1.480000 -3.124279 3.030298 459.772618
 1.500000 -3.118754 2.929602 459.704699
 1.520000 -3.043252 3.017072 462.763032
 1.540000 -3.038285 3.064007 462.916145
 1.560000 -3.075608 3.082641 461.525864
 1.580000 -2.943505 3.054729 466.447939
 1.600000 -2.986092 2.932405 464.833020
 1.620000 -2.891201 2.922524 468.555589
 1.640000 -2.906130 2.781945 467.394641
 1.660000 -2.949979 2.697786 464.836457
 1.680000 -2.941310 2.494648 462.680132
 1.700000 -3.048780 2.478167 457.719931
 1.720000 3.107000 2.267685 450.295460
 1.740000 -3.134415 2.320408 452.257219
 1.760000 3.087116 2.342028 450.880856
 1.780000 -3.042648 2.287071 456.134966
 1.800000 -2.915836 2.318013 462.614395
 1.820000 -2.993215 2.170697 456.827302
 1.840000 -2.958476 2.283381 460.152440
 1.860000 -3.033431 2.262431 456.245776
 1.880000 3.134488 2.296430 451.417408
 1.900000 -3.015523 2.315290 457.780460
 1.920000 -3.036064 2.201091 455.202226
 1.940000 -3.124035 2.315028 452.667372
 1.960000 -3.123094 2.173161 450.489304
 1.980000 3.045983 2.197913 447.553247
 2.000000 -3.111950 2.209346 451.655623
 2.020000 -2.949454 2.263074 460.343114
 2.040000 -3.051657 2.295564 455.815869
 2.060000 -3.047990 2.341101 456.540360
 2.080000 -3.121795 2.396598 453.734773
 2.100000 3.060201 2.408931 451.081902
 2.120000 -3.061348 2.514179 457.383476
 2.140000 -2.971630 2.564732 462.207737
 2.160000 -3.033851 2.668707 460.931956
 2.180000 -2.882335 2.604033 466.732549
 2.200000 -3.013223 2.771877 462.868380
 2.220000 -2.930587 2.793078 466.447131
 2.240000 -3.029318 2.808326 462.499766
 2.260000 -3.062818 2.946753 461.906292
 2.280000 -3.122787 2.993454 459.768427
 2.300000 3.141529 3.025796 459.132288
 2.320000 -3.092475 3.068757 460.932946
 2.340000 -3.126493 3.071503 459.700732
 2.360000 -2.854026 -3.134388 469.403874
 2.380000 -2.984103 -3.117888 464.930956
 2.400000 -2.780554 3.099806 472.329235
 2.420000 -2.942215 -3.118175 466.420432
 2.440000 -3.138009 -3.101747 459.758840
 2.460000 3.126763 3.037591 458.916024
 2.480000 3.140472 3.022555 459.110986
 2.500000 3.075583 2.958828 457.882841
 2.520000 -2.984188 2.919974 464.874831
 2.540000 -3.134790 2.704793 457.161462
 2.560000 3.124691 2.597295 454.981088
 2.580000 -3.095759 2.465255 455.525269
 2.600000 3.074237 2.475286 452.070451
 2.620000 -3.038936 2.416088 457.703299
 2.640000 -3.068527 2.406911 456.263839
 2.660000 -3.061425 2.492621 457.244838
 2.680000 -3.024729 2.483898 458.837833
 2.700000 -3.077343 2.413652 455.923104
 2.720000 -3.037758 2.429604 457.868965
 2.740000 -2.803137 2.519990 469.196802
 2.760000 -2.861366 2.475035 466.297552
 2.780000 -2.872540 2.516243 465.940234
 2.800000 -3.015682 2.525039 459.603582
 2.820000 3.089287 2.536831 453.163921
 2.840000 3.039548 2.616498 453.568641
 2.860000 3.016988 2.515564 451.230845
 2.880000 3.067472 2.652619 454.696584
 2.900000 -3.023118 2.679938 461.523257
 2.920000 -3.010993 2.721278 462.489394
 2.940000 -3.051470 2.716628 460.747689
 2.960000 -3.027653 2.579536 459.962970
 2.980000 -3.134126 2.629849 456.160000
 3.000000 -3.024432 2.676764 461.429827
 3.020000 -3.123390 2.458454 454.240756
 3.040000 -3.104217 2.494698 455.360880
 3.060000 3.139916 2.419704 453.037367
 3.080000 -3.021856 2.380510 458.174157
 3.100000 -3.037455 2.484203 458.266677
 3.120000 -3.019303 2.334876 457.824146
 3.140000 -2.975114 2.559611 461.974361
 3.160000 -2.895880 2.642017 466.585652
 3.180000 -3.022397 2.619239 460.773640
 3.200000 -3.004757 2.608212 461.385314
 3.220000 -2.956910 2.634527 463.821532
 3.240000 -2.974606 2.629720 462.989055
 3.260000 -2.900424 2.737205 467.310320
 3.280000 -3.103056 2.537696 455.976507
 3.300000 3.138036 2.603163 455.356061
 3.320000 3.090667 2.665413 455.343501
 3.340000 3.043279 2.456099 451.212526
 3.360000 3.132176 2.483494 453.424617
 3.380000 -3.074123 2.508554 456.775733
 3.400000 -3.029350 2.557420 459.539021
 3.420000 -2.975669 2.548311 461.773056
 3.440000 -3.061805 2.462499 457.027116
 3.460000 -3.009226 2.523514 459.865378
 3.480000 -2.937657 2.668147 465.053588
 3.500000 -3.050678 2.523033 458.014421
 3.520000 -2.918874 2.545537 464.281049
 3.540000 -3.057217 2.407512 456.787971
 3.560000 -3.027051 2.575151 459.921478
 3.580000 -3.086215 2.461294 455.921833
 3.600000 -3.139933 2.452731 453.457871
 3.620000 -3.138129 2.602892 455.573068
 3.640000 -3.056289 2.666870 459.957540
 3.660000 3.122559 2.632619 455.496604
 3.680000 -2.978134 2.662407 463.239675
 3.700000 -3.009645 2.787648 463.144162
 3.720000 -2.909677 2.769170 467.159276
 3.740000 -2.804627 2.696406 471.118356
 3.760000 -3.049282 2.501658 457.839085
 3.780000 -3.087563 2.556725 456.981574
 3.800000 3.112516 2.637029 455.359038
 3.820000 2.996623 2.419105 449.793442
 3.840000 2.983666 2.474689 450.136147
 3.860000 -3.110379 2.496947 455.104612
 3.880000 -2.917068 2.674866 466.018341
 3.900000 -2.777887 2.778824 472.795686
 3.920000 -2.758182 2.654271 472.810947
 3.940000 -2.759822 2.745212 473.397203
 3.960000 -2.817523 2.898349 471.487209
 3.980000 -2.944994 2.829285 466.069521
 4.000000 -3.074382 2.784606 460.479142
 4.020000 -3.133890 2.773060 457.967988
 4.040000 3.112499 2.714760 456.438304
 4.060000 -3.077351 2.747991 460.008748
 4.080000 3.133860 2.556183 454.472718
 4.100000 -3.024585 2.684716 461.517065
 4.120000 -3.036786 2.851481 462.489790
 4.140000 -3.140365 2.721512 457.137131
 4.160000 -3.017005 2.725888 462.284295
 4.180000 3.140787 2.703466 456.849534
 4.200000 -3.028758 2.770467 462.216825
 4.220000 -3.041101 2.785227 461.837737
 4.240000 -3.109699 2.651325 457.498103
 4.260000 -3.102566 2.432184 454.947100
 4.280000 -3.050383 2.741557 461.054026
 4.300000 3.070339 2.528852 452.609153
 4.320000 -2.994762 2.654181 462.424623
 4.340000 3.135080 2.588355 455.051722
 4.360000 -3.011501 2.654698 461.711837
 4.380000 -2.966042 2.738900 464.546694
 4.400000 -3.045863 2.679237 460.551933
 4.420000 -2.961814 2.751991 464.837704
 4.440000 -2.926463 2.692193 465.789686
 4.460000 -3.096257 2.659140 458.170424
 4.480000 -3.117056 2.525170 455.139768
 4.500000 2.984428 2.578255 451.809388
 4.520000 3.004941 2.531851 451.315922
 4.540000 -3.138801 2.604967 455.577749
 4.560000 3.076001 2.509882 452.396523
 4.580000 -3.004296 2.514673 459.932974
 4.600000 -2.933245 2.623643 464.722207
 4.620000 -2.919856 2.547948 464.273183
 4.640000 -2.882073 2.508946 465.444659
 4.660000 -2.894639 2.444463 464.605547
 4.680000 -3.070185 2.483562 456.796602
 4.700000 -2.945787 2.571909 463.465332
 4.720000 3.083953 2.435564 451.906936
 4.740000 -3.105217 2.433344 454.838063
 4.760000 -3.097332 2.364262 454.504337
 4.780000 -3.136063 2.435974 453.479599
 4.800000 -3.009601 2.542374 460.166138
 4.820000 -3.132992 2.530349 454.543434
 4.840000 -3.139507 2.561414 454.820659
 4.860000 -3.075329 2.649961 458.929386
 4.880000 -3.140625 2.652958 456.226518
 4.900000 -3.140753 2.593615 455.311768
 4.920000 -3.026343 2.684555 461.440748
 4.940000 -3.125906 2.537574 454.982444
 4.960000 -2.958043 2.643259 463.879850
 4.980000 -3.066218 2.525136 457.365669
 5.000000 -3.073111 2.664605 459.217711
 5.020000 -3.053178 2.853758 461.851469
 5.040000 -3.093786 2.746764 459.323130
 5.060000 -2.984740 2.803300 464.281234
 5.080000 -3.028494 2.748584 462.028390
 5.100000 -2.964956 2.818558 465.191026
 5.120000 -2.995966 2.799049 463.791083
 5.140000 -3.031706 2.691393 461.293409
 5.160000 -3.109347 2.454742 454.835642
 5.180000 -3.076760 2.585399 457.919854
 5.200000 2.966232 2.356176 448.298622
 5.220000 3.128059 2.534982 453.962245
 5.240000 2.961865 2.403524 448.853804
 5.260000 3.101486 2.416394 452.108374
 5.280000 -2.994127 2.469550 460.141414
 5.300000 -2.926244 2.348521 462.407365
 5.320000 -2.781690 2.405015 469.778816
 5.340000 -2.711240 2.375105 473.048367
 5.360000 -2.815329 2.336230 467.694967
 5.380000 -2.848287 2.363162 466.296691
 5.400000 -2.908812 2.370314 463.434457
 5.420000 -3.073517 2.329662 455.209403
 5.440000 -3.043051 2.497342 458.092814
 5.460000 -3.111517 2.401949 454.255818
 5.480000 -3.035085 2.348326 457.226767
 5.500000 -2.971382 2.433182 460.955795
 5.520000 -2.900553 2.512515 464.606936
 5.540000 -2.942192 2.602104 464.047900
 5.560000 -3.031913 2.618452 460.351272
 5.580000 -3.140880 2.714937 457.036736
 5.600000 3.081826 2.815344 456.977457
 5.620000 -3.134511 2.889051 458.885284
 5.640000 3.110114 2.905635 458.171823
 5.660000 -3.061877 2.932062 461.893712
 5.680000 -3.031238 2.926280 463.058115
 5.700000 -3.055594 3.017094 462.302344
 5.720000 -3.061894 2.936112 461.907223
 5.740000 -3.018553 2.955032 463.626333
 5.760000 3.124308 2.946248 458.622745
 5.780000 -2.949687 3.002925 466.300938
 5.800000 -3.085550 2.786191 460.041376
 5.820000 -2.968767 2.928368 465.501363
 5.840000 -2.909554 2.885636 467.743170
 5.860000 -2.995788 2.824614 463.972534
 5.880000 -2.940011 2.833649 466.296464
 5.900000 -3.009415 2.671271 462.003600
 5.920000 -3.057116 2.623191 459.333656
 5.940000 -3.124482 2.527637 454.862408
 5.960000 3.064575 2.377428 450.806089
 5.980000 3.041613 2.398547 450.539998
 6.000000 3.088154 2.467789 452.309902
 6.020000 3.132204 2.277393 451.082446
 6.040000 -3.068600 2.336654 455.522760
 6.060000 -3.000153 2.212720 457.148539
 6.080000 -2.891688 2.345986 464.052595
 6.100000 -2.895759 2.322345 463.635280
 6.120000 -2.932118 2.368168 462.301259
 6.140000 -2.905167 2.500228 464.357348
 6.160000 -3.103709 2.467289 455.186447
 6.180000 -3.096764 2.451142 455.369127
 6.200000 3.116771 2.484178 453.085405
 6.220000 -3.083468 2.418032 455.684220
 6.240000 -2.971005 2.563329 462.214173
 6.260000 -2.933865 2.580042 464.113643
 6.280000 -3.039308 2.526471 458.578352
 6.300000 -3.106534 2.585613 456.641769
 6.320000 2.996038 2.634668 453.030145
 6.340000 2.982450 2.579729 451.798517
 6.360000 3.120541 2.808857 457.615815
 6.380000 3.077585 2.838370 457.112625
 6.400000 -2.904899 2.816000 467.647245
 6.420000 -2.981584 2.957743 465.057301
 6.440000 -2.994611 2.968240 464.569309
 6.460000 -2.837901 -3.121332 470.139267
 6.480000 -2.866873 3.040946 469.380556
 6.500000 -2.879253 2.984137 469.031942
 6.520000 -2.768715 2.978306 473.370640
 6.540000 -2.989051 2.909831 464.652734
 6.560000 -3.079999 2.890782 461.008845
 6.580000 3.099991 2.544016 453.526548
 6.600000 3.125699 2.710298 456.638994
 6.620000 3.127227 2.731003 456.920997
 6.640000 -3.123583 2.625449 456.538213
 6.660000 -3.117275 2.622762 456.764468
 6.680000 -3.098147 2.747381 459.151398
 6.700000 3.136567 2.506417 453.691465
 6.720000 -3.036301 2.600542 459.902998
 6.740000 -3.127847 2.506862 454.405207
 6.760000 -3.041271 2.391566 457.375900
 6.780000 -3.110434 2.320533 453.371737
 6.800000 3.130865 2.108134 448.035725
 6.820000 3.138983 1.944054 444.417966
 6.840000 -3.109586 1.923661 445.587953
 6.860000 3.121191 1.968400 444.522033
 6.880000 -3.009847 1.964014 451.775857
 6.900000 -3.002105 1.765245 448.745192
 6.920000 -2.952826 1.932967 454.021767
 6.940000 -2.875797 1.770211 455.762911
 6.960000 -2.843798 1.733458 457.073006
 6.980000 -2.758667 1.760957 462.214624
 7.000000 -2.869805 1.655929 454.436172
 7.020000 -2.815925 1.637105 457.195386
 7.040000 -3.040772 1.547778 442.737516
 7.060000 -3.125187 1.622356 439.649179
 7.080000 3.072976 1.377491 430.480631
 7.100000 3.065494 1.340288 429.149452
 7.120000 3.076458 1.148548 426.112067
 7.140000 2.996020 1.113069 422.785792
 7.160000 3.138471 0.833274 424.573882
 7.180000 2.962357 0.885691 418.563701
 7.200000 -3.029177 0.620872 427.788353
 7.220000 -2.955648 0.720567 433.658065
 7.240000 -2.714724 0.622525 446.181401
 7.260000 -2.685471 0.348929 446.899448
 7.280000 -2.860468 0.342349 436.939544
 7.300000 -2.854483 0.015941 435.793343
 7.320000 -2.975306 0.066409 429.534208
 7.340000 -3.016386 -0.112254 428.462924
 7.360000 -3.075760 -0.187033 426.334565
 7.380000 -3.022047 -0.232776 429.583483
 7.400000 3.128594 -0.074973 421.039663
 7.420000 -2.988099 -0.122963 430.050017
 7.440000 3.115771 -0.313698 423.731681
 7.460000 3.056790 -0.110635 418.822032
 7.480000 3.107674 -0.311890 423.418778
 7.500000 2.911969 -0.342039 417.045416
 7.520000 2.903093 -0.359942 417.017779
 7.540000 2.930328 -0.569728 420.931233
 7.560000 2.772425 -0.331147 412.281393
 7.580000 2.757388 -0.562307 415.534172
 7.600000 2.897178 -0.527011 419.296321
 7.620000 2.737172 -0.474961 413.522947
 7.640000 2.971080 -0.429552 420.302177
 7.660000 2.916992 -0.376244 417.725860
 7.680000 2.956959 -0.428075 419.812102
 7.700000 3.013430 -0.429305 421.715757
 7.720000 3.085681 -0.369682 423.397196
 7.740000 3.083802 -0.520954 425.234373
 7.760000 3.132045 -0.517212 426.785529
 7.780000 3.130308 -0.523347 426.797203
 7.800000 -3.065762 -0.467665 430.065938
 7.820000 -2.878991 -0.339174 437.743391
 7.840000 -3.011508 -0.508317 432.983318
 7.860000 -2.938515 -0.371419 435.150924
 7.880000 -2.965096 -0.400319 434.147439
 7.900000 -2.994322 -0.229753 430.941650
 7.920000 -3.016496 -0.284921 430.448947
 7.940000 -2.961995 -0.127982 431.455492
 7.960000 -3.063375 0.087060 424.863847
 7.980000 -3.038590 -0.041956 426.452120
 8.000000 -3.031491 0.117903 426.667880
 8.020000 2.958549 -0.090508 414.924364
 8.040000 3.016346 -0.021865 416.054344
 8.060000 2.950772 -0.079721 414.484181
 8.080000 2.924801 0.039561 412.387848
 8.100000 -3.071021 -0.209429 426.847992
 8.120000 -3.113724 0.088765 422.178414
 8.140000 -2.890709 0.051406 434.032075
 8.160000 -2.948592 -0.067877 431.477043
 8.180000 -2.984337 0.108839 429.197192
 8.200000 -3.051276 -0.086388 426.342904
 8.220000 -3.080176 -0.199300 426.263248
 8.240000 3.039213 -0.140500 418.591316
 8.260000 3.109386 -0.355504 424.044684
 8.280000 -3.123447 -0.315439 425.560451
 8.300000 3.039956 -0.474436 423.203072
 8.320000 -3.051465 -0.552744 431.568780
 8.340000 3.068656 -0.561466 425.220619
 8.360000 -3.024449 -0.501879 432.326091
 8.380000 -2.929251 -0.581937 437.315576
 8.400000 -3.066607 -0.491913 430.278578
 8.420000 -2.990743 -0.497749 433.846039
 8.440000 -3.116838 -0.403161 426.941713
 8.460000 3.099200 -0.452596 424.917604
 8.480000 3.069920 -0.549466 425.120082
 8.500000 3.038563 -0.539709 423.985447
 8.520000 2.767791 -0.526014 415.277958
 8.540000 2.913975 -0.591887 420.723546
 8.560000 2.784201 -0.597082 416.868018
 8.580000 2.815878 -0.630372 418.333331
 8.600000 2.971219 -0.453144 420.637861
 8.620000 2.941977 -0.540998 420.907063
 8.640000 3.024348 -0.387985 421.522223
 8.660000 -3.103321 -0.460195 428.232730
 8.680000 3.123360 -0.404040 425.145855
 8.700000 -3.013320 -0.339868 431.205587
 8.720000 -3.139246 -0.455410 426.502957
 8.740000 2.949274 -0.487829 420.405255
 8.760000 3.139664 -0.490693 426.738047
 8.780000 3.057155 -0.476227 423.799090
 8.800000 -3.092624 -0.368223 427.687233
 8.820000 -3.091114 -0.423665 428.396244
 8.840000 -3.030412 -0.354509 430.533863
 8.860000 -3.029530 -0.381829 430.871082
 8.880000 -2.992005 -0.327804 432.117567
 8.900000 -3.036315 -0.343905 430.131236
 8.920000 3.111820 -0.290848 423.292133
 8.940000 -3.044464 -0.163926 427.640574
 8.960000 3.067184 -0.204256 420.506949
 8.980000 3.137889 -0.176812 422.749254
 9.000000 3.066406 -0.232578 420.868565
 9.020000 2.945648 -0.184896 415.856725
 9.040000 2.991623 -0.223152 418.048913
 9.060000 2.790756 -0.392977 413.868714
 9.080000 2.710175 -0.317582 410.071580
 9.100000 2.846891 -0.391949 415.658459
 9.120000 3.003870 -0.266706 419.109119
 9.140000 3.021549 -0.232719 419.254275
 9.160000 -2.974879 -0.361012 433.291924
 9.180000 3.137125 -0.271646 423.958016
 9.200000 -3.091648 -0.291246 426.817638
 9.220000 -3.047328 -0.344697 429.605274
 9.240000 -3.132193 -0.483269 427.151844
 9.260000 -3.085100 -0.530699 429.824761
 9.280000 -3.092182 -0.520357 429.395191
 9.300000 -3.127029 -0.558331 428.208145
 9.320000 -3.034130 -0.563453 432.450652
 9.340000 -2.943368 -0.600078 436.809612
 9.360000 -2.990971 -0.292557 431.794295
 9.380000 -2.910943 -0.462435 437.257224
 9.400000 -2.993707 -0.311563 431.862402
 9.420000 -3.077340 -0.233912 426.829752
 9.440000 -3.070652 -0.227435 427.085365
 9.460000 2.980332 -0.107064 415.956994
 9.480000 2.927741 -0.216651 415.701039
 9.500000 2.867118 -0.118900 412.104210
 9.520000 2.719317 -0.186739 408.206554
 9.540000 2.659502 -0.124892 405.272633
 9.560000 2.675253 -0.272994 408.222143
 9.580000 2.660510 -0.173375 406.097305
 9.600000 2.752141 -0.279112 410.778398
 9.620000 2.893820 -0.189064 414.103408
 9.640000 2.920084 -0.340330 417.293104
 9.660000 3.025587 -0.312304 420.517793
 9.680000 3.101189 -0.404006 424.377542
 9.700000 3.081550 -0.387657 423.487859
 9.720000 3.136665 -0.534794 427.134751
 9.740000 3.096108 -0.509011 425.498412
 9.760000 3.000456 -0.618480 423.738403
 9.780000 3.011506 -0.640440 424.557471
 9.800000 -3.116836 -0.668056 430.438927
 9.820000 -3.102529 -0.539216 429.118317
 9.840000 -2.922790 -0.708011 439.805958
 9.860000 -2.871042 -0.480056 439.248406
 9.880000 -2.798787 -0.557699 443.001742
 9.900000 -2.751591 -0.218663 443.023937
 9.920000 -2.688560 -0.266106 446.441833
 9.940000 -2.875517 0.212525 435.586757
 9.960000 -2.896046 0.028168 433.632835
 9.980000 3.107768 0.373932 419.806296
 10.000000 3.027436 0.417673 416.667161
 10.020000 2.864963 0.501846 410.635179
 10.040000 2.708973 0.724564 407.186246
 10.060000 2.843007 0.730109 411.760496
 10.080000 3.029874 0.935296 421.803538
 10.100000 -3.092190 1.113885 431.066254
 10.120000 -2.828945 1.333628 449.795641
 10.140000 -2.863836 1.331518 447.672402
 10.160000 -2.925163 1.427553 446.556020
 10.180000 -3.116118 1.248248 430.819478
 10.200000 3.013918 1.282087 425.559176
 10.220000 2.927052 1.278974 422.481189
 10.240000 3.107402 1.217172 427.870643
 10.260000 3.042515 1.238522 425.641765
 10.280000 -3.126849 1.385542 433.993342
 10.300000 -3.114706 1.407983 435.267655
 10.320000 -3.030179 1.444418 440.945140
 10.340000 -2.851129 1.424364 450.799015
 10.360000 -2.836972 1.449206 452.216446
 10.380000 -2.700630 1.334646 457.454406
 10.400000 -2.680024 1.403677 460.398975
 10.420000 -2.754373 1.281306 452.799518
 10.440000 -2.878213 1.192907 444.280832
 10.460000 -3.034373 1.217774 435.285945
 10.480000 2.991936 0.929045 420.292475
 10.500000 2.984627 0.993124 420.908420
 10.520000 3.007703 0.703437 417.351007
 10.540000 3.042101 0.755443 419.543098
 10.560000 -3.088975 0.451397 424.220096
 10.580000 3.050285 0.444464 417.596878
 10.600000 -3.019215 0.194868 427.558270
 10.620000 -2.927637 0.283835 432.931735
 10.640000 -2.746766 -0.011788 441.518312
 10.660000 -2.857083 -0.048487 436.075328
 10.680000 -2.840533 -0.166547 438.096653
 10.700000 -2.978889 -0.339277 432.876929
 10.720000 -3.114172 -0.292166 425.724306
 10.740000 -3.050812 -0.576222 431.813289
 10.760000 3.106568 -0.601528 426.884535
 10.780000 -3.110732 -0.633063 429.754042
 10.800000 -3.008546 -0.543390 433.433799
 10.820000 -2.828998 -0.671805 442.987417
 10.840000 -2.980321 -0.620484 435.313457
 10.860000 -2.897034 -0.457813 437.870767
 10.880000 -3.084850 -0.590970 430.423902
 10.900000 3.035611 -0.265076 420.212216
 10.920000 -3.129408 -0.590580 428.432778
 10.940000 2.843128 -0.323308 414.462263
 10.960000 2.907779 -0.502640 419.282155
 10.980000 2.715605 -0.281158 409.638344
 11.000000 2.663029 -0.389960 409.824919
 11.020000 2.581510 -0.271198 405.278876
 11.040000 2.676515 -0.201340 407.068433
 11.060000 2.543052 -0.134993 401.792924
 11.080000 2.695875 -0.117393 406.323457
 11.100000 2.746180 -0.058329 407.041822
 11.120000 2.857605 -0.116475 411.736604
 11.140000 3.098481 -0.092030 420.127840
 11.160000 3.005046 -0.065301 416.258424
 11.180000 -3.031618 -0.119940 427.768935
 11.200000 -3.110196 -0.130762 423.876426
 11.220000 -3.112293 -0.154467 424.075432
 11.240000 3.079057 -0.249346 421.555770
 11.260000 3.043279 -0.260259 420.418785
 11.280000 3.016814 -0.275628 419.693338
 11.300000 -3.127083 -0.368194 426.033960
 11.320000 -3.115097 -0.248593 425.133997
 11.340000 -3.080739 -0.210223 426.369598
 11.360000 -2.917521 -0.342861 435.901867
 11.380000 -2.961015 -0.147171 431.719547
 11.400000 -2.750615 -0.239747 443.232860
 11.420000 -2.779789 -0.073739 440.364904
 11.440000 -2.809116 -0.136667 439.427463
 11.460000 -2.887192 -0.082767 434.853387
 11.480000 3.134152 -0.100699 421.597153
 11.500000 2.934541 -0.124968 414.571341
 11.520000 2.858685 -0.115830 411.764181
 11.540000 2.811270 -0.140522 410.520186
 11.560000 2.958826 0.024325 413.624664
 11.580000 -3.105118 -0.081640 423.500348
 11.600000 -3.133918 0.175053 421.267385
 11.620000 -3.008748 -0.118112 428.926944
 11.640000 -3.011014 0.082744 427.666201
 11.660000 3.125200 0.046801 419.977902
 11.680000 -3.050831 -0.108333 426.637097
 11.700000 -3.128690 0.028009 421.258587
 11.720000 -3.046648 -0.111274 426.888933
 11.740000 -3.045476 0.060061 425.746424
 11.760000 -3.028666 -0.034728 426.882829
 11.780000 -3.014580 0.050337 427.368398
 11.800000 -2.967034 -0.037196 430.155052
 11.820000 -2.971393 0.164684 430.095250
 11.840000 -3.112805 0.092172 422.234624
 11.860000 -3.042369 0.195922 426.289527
 11.880000 3.122516 0.166756 420.079692
 11.900000 3.137404 0.142483 420.630138
 11.920000 3.129516 0.197880 420.410650
 11.940000 -3.041361 0.152835 426.230169
 11.960000 -2.919271 0.301242 433.461218
 11.980000 -2.902965 0.272716 434.282229
 12.000000 -2.841289 0.433269 438.343218
 12.020000 -3.024519 0.389455 427.745561
 12.040000 -3.075212 0.501358 425.062285
 12.060000 3.103933 0.241036 419.457961
 12.080000 3.073632 0.444154 418.524145
 12.100000 3.044450 0.335706 417.233707
 12.120000 -3.071985 0.408618 425.107750
 12.140000 -2.986952 0.670598 430.975888
 12.160000 -2.899114 0.547874 435.260746
 12.180000 -2.845993 0.793380 441.339874
 12.200000 -2.858551 0.645750 438.058738
 12.220000 -2.797160 0.778179 443.999848
 12.240000 -2.961651 0.691907 432.819671
 12.260000 -3.051536 0.746441 428.502447
 12.280000 2.965471 0.521753 414.379798
 12.300000 2.998212 0.739779 417.595355
 12.320000 2.914961 0.526588 412.487606
 12.340000 3.036303 0.770242 419.557248
 12.360000 3.114859 0.480621 420.221621
 12.380000 -3.113986 0.561364 422.925165
 12.400000 -3.050694 0.503336 426.456187
 12.420000 -3.052859 0.304046 425.970625
 12.440000 -2.923530 0.369193 433.431149
 12.460000 -3.043551 0.247481 426.354672
 12.480000 -2.778931 0.212780 440.965953
 12.500000 -3.087398 0.218241 423.876940
 12.520000 -2.815166 0.151592 438.646691
 12.540000 -2.955343 0.188141 431.060415
 12.560000 -2.923894 0.114274 432.510626
 12.580000 -2.994222 0.139929 428.762418
 12.600000 -3.012288 0.125648 427.732996
 12.620000 3.141436 0.110352 420.732455
 12.640000 3.073878 -0.081618 419.056674
 12.660000 -3.028728 0.140566 426.883392
 12.680000 3.124246 0.074005 419.989337
 12.700000 -2.829492 0.217460 438.174731
 12.720000 -3.055910 0.260060 425.701418
 12.740000 -2.888453 0.307605 435.226160
 12.760000 -3.040857 0.269984 426.558675
 12.780000 3.072819 0.309910 418.319980
 12.800000 3.001219 0.192571 415.377893
 12.820000 2.874311 0.235605 410.686168
 12.840000 3.066174 0.205140 417.911709
 12.860000 2.932711 0.133977 412.743267
 12.880000 -3.055804 0.122432 425.365234
 12.900000 3.127771 0.145471 420.252554
 12.920000 -2.820928 0.044773 437.752065
 12.940000 -2.811111 -0.054710 438.551368
 12.960000 -2.646082 -0.047797 447.024023
 12.980000 -2.661495 -0.051414 446.268407
 13.000000 -2.720318 -0.134334 443.932624
 13.020000 -2.836121 0.002984 436.698535
 13.040000 -2.943867 -0.141091 432.535355
 13.060000 -3.003574 0.111371 428.161163
 13.080000 3.048438 -0.116635 418.595913
 13.100000 3.115012 0.165957 419.780367
 13.120000 2.979825 -0.027952 414.786980
 13.140000 3.038021 0.185370 416.787085
 13.160000 3.104833 0.020993 419.140973
 13.180000 3.039126 -0.015416 416.817068
 13.200000 3.065641 -0.099628 418.998441
 13.220000 3.030331 -0.280115 420.234954
 13.240000 3.032268 -0.287906 420.412450
 13.260000 2.850870 -0.604134 418.968835
 13.280000 -3.087698 -0.407880 428.379499
 13.300000 3.077890 -0.652327 426.953858
 13.320000 -3.035754 -0.544157 432.202698
 13.340000 -3.018514 -0.749534 436.725018
 13.360000 -3.085822 -0.701040 432.649441
 13.380000 -3.097890 -0.735650 433.024816
 13.400000 -3.084910 -0.697233 432.589818
 13.420000 -3.029772 -0.609657 433.039984
 13.440000 3.096753 -0.604259 426.601686
 13.460000 -3.012485 -0.503298 432.891843
 13.480000 2.913810 -0.510169 419.582078
 13.500000 3.090269 -0.388622 423.802678
 13.520000 3.020850 -0.432571 422.009676
 13.540000 3.077398 -0.231253 421.249385
 13.560000 3.133490 -0.209700 423.018360
 13.580000 2.983815 -0.174693 417.067136
 13.600000 2.934228 -0.099238 414.177546
 13.620000 2.902068 -0.086354 412.838573
 13.640000 2.935648 -0.018918 413.038560
 13.660000 2.938661 -0.017693 413.129886
 13.680000 -3.113149 0.027834 422.074369
 13.700000 3.082691 0.119898 418.436718
 13.720000 -2.996653 -0.073605 429.029141
 13.740000 -3.035414 -0.053182 426.757334
 13.760000 -3.084260 -0.110936 424.949409
 13.780000 -3.107094 -0.168945 424.524171
 13.800000 3.059777 -0.403975 422.950951
 13.820000 3.059905 -0.196903 420.139448
 13.840000 -3.108436 -0.323860 426.393615
 13.860000 -3.092689 -0.167256 425.231637
 13.880000 -3.001262 -0.161597 429.818479
 13.900000 -2.874333 -0.131353 436.020142
 13.920000 -2.861916 0.060492 435.630382
 13.940000 -2.938139 0.017449 431.330699
 13.960000 -2.956037 -0.043137 430.803407
 13.980000 3.138382 -0.070764 421.357252
 14.000000 -3.132428 0.023196 421.052585
 14.020000 3.064479 -0.133841 419.431720
 14.040000 2.903490 -0.041344 412.214078
 14.060000 3.027194 -0.108261 417.691439
 14.080000 3.096653 0.005644 418.799466
 14.100000 -3.119112 0.032379 421.771039
 14.120000 -3.002639 0.090204 428.142651
 14.140000 -2.920486 0.105619 432.660815
 14.160000 3.132634 0.217940 420.568998
 14.180000 3.126370 0.036590 420.004860
 14.200000 2.977057 -0.000348 414.282984
 14.220000 2.942534 0.005111 413.013315
 14.240000 3.129683 -0.059253 420.869048
 14.260000 -3.114599 -0.093759 423.170630
 14.280000 -3.017972 -0.071687 427.893919
 14.300000 -2.960371 -0.022874 430.339667
 14.320000 -3.000697 0.022612 428.013813
 14.340000 -3.009944 0.081042 427.718370
 14.360000 -2.946683 -0.030737 431.154240
 14.380000 3.123560 0.091267 419.992657
 14.400000 -3.031342 0.003681 426.322201
 14.420000 3.118167 0.126551 419.840298
 14.440000 3.076871 0.066261 418.131600
 14.460000 -3.065589 0.019747 424.561056
 14.480000 -3.125699 0.150174 421.662749
 14.500000 -3.023873 0.131417 427.120720
 14.520000 -2.954379 0.191665 431.125866
 14.540000 -2.977546 0.247213 430.018884
 14.560000 -3.030729 0.265645 427.110228
 14.580000 -2.923449 0.242295 433.024148
 14.600000 -3.129700 0.435118 421.919784
 14.620000 -2.958043 0.405429 431.558641
 14.640000 -2.990466 0.442525 429.789761
 14.660000 -2.971053 0.516852 431.038949
 14.680000 -2.961991 0.615818 431.675758
 14.700000 -3.028979 0.574021 427.772889
 14.720000 3.091624 0.482254 419.285244
 14.740000 3.102461 0.505758 419.743661
 14.760000 3.123702 0.552837 420.638810
 14.780000 -3.140165 0.716185 422.946853
 14.800000 -2.977745 0.661693 431.356773
 14.820000 -2.915736 0.821143 437.635050
 14.840000 -2.983009 0.830357 433.809360
 14.860000 -2.956086 0.741660 433.983817
 14.880000 -2.938283 0.643052 433.330038
 14.900000 -3.081517 0.664367 425.413622
 14.920000 -3.020766 0.643677 428.546044
 14.940000 -3.128968 0.520478 422.052988
 14.960000 -3.062429 0.476170 425.753200
 14.980000 -3.112143 0.516549 422.994207
 15.000000 -3.038356 0.521481 427.182215
 15.020000 -3.070689 0.354378 425.081130
 15.040000 -3.038671 0.465319 427.084580
 15.060000 -3.011080 0.198106 428.015269
 15.080000 -3.125306 0.326840 422.002305
 15.100000 -3.090388 0.145439 423.553904
 15.120000 -3.111578 0.225979 422.573246
 15.140000 -3.050776 0.160641 425.738323
 15.160000 -2.953148 0.234156 431.337730
 15.180000 -2.961358 0.209280 430.798846
 15.200000 -3.039367 0.120014 426.247508
 15.220000 -3.023314 0.137625 427.169386
 15.240000 3.125333 0.077251 420.037702
 15.260000 3.128191 0.124312 420.232791
 15.280000 3.067554 0.012259 417.694525
 15.300000 3.094633 0.202220 419.029393
 15.320000 -3.098632 0.160912 423.142766
 15.340000 -3.102965 0.298250 423.183168
 15.360000 -3.072775 0.128410 424.464233
 15.380000 -3.049568 0.114595 425.680997
 15.400000 -3.044491 0.230875 426.261742
 15.420000 -3.052151 -0.089096 426.331174
 15.440000 -3.032139 -0.083526 427.300436
 15.460000 3.089269 -0.176410 420.936681
 15.480000 -3.043774 -0.087486 426.745224
 15.500000 -3.079844 -0.184742 426.099947
 15.520000 -3.100209 -0.253430 425.932035
 15.540000 -2.922804 -0.182166 434.052327
 15.560000 -2.990417 -0.146801 430.204404
 15.580000 -2.927282 -0.096803 432.911915
 15.600000 -3.006695 -0.230061 430.323289
 15.620000 -3.101660 -0.247571 425.787414
 15.640000 3.110601 -0.247857 422.681323
 15.660000 3.063588 -0.369759 422.629013
 15.680000 2.974221 -0.364048 419.475549
 15.700000 3.069632 -0.452484 423.915507
 15.720000 3.085921 -0.363476 423.324462
 15.740000 2.851579 -0.521336 417.784991
 15.760000 2.962809 -0.620068 422.594127
 15.780000 2.885240 -0.442866 417.679592
 15.800000 3.129161 -0.603938 427.629556
 15.820000 3.088966 -0.357943 423.358709
 15.840000 3.029011 -0.610782 424.537743
 15.860000 3.025228 -0.561574 423.826488
 15.880000 2.962402 -0.501164 421.015136
 15.900000 2.888227 -0.575204 419.700596
 15.920000 2.909224 -0.730359 424.166091
 15.940000 3.015004 -0.438541 421.893916
 15.960000 3.129161 -0.598441 427.572840
 15.980000 -3.001699 -0.430170 432.695358
 16.000000 -2.964335 -0.466816 434.797627
 16.020000 -2.891024 -0.495939 438.440668
 16.040000 -2.886246 -0.332596 437.332225
 16.060000 -2.903657 -0.365864 436.782949
 16.080000 -2.982704 -0.310913 432.396300
 16.100000 -3.042419 -0.376162 430.190429
 16.120000 -3.101622 -0.267431 426.035323
 16.140000 2.911667 -0.396852 417.856121
 16.160000 2.891253 -0.383912 416.987257
 16.180000 2.860738 -0.325335 415.077386
 16.200000 2.887198 -0.226722 414.449806
 16.220000 3.063372 -0.262569 421.170758
 16.240000 3.088559 -0.291990 422.472203
 16.260000 -3.061589 -0.113625 426.148479
 16.280000 -3.014657 -0.235398 429.984001
 16.300000 -3.016372 -0.140652 428.800102
 16.320000 -3.071230 -0.341479 428.408955
 16.340000 3.132358 -0.317565 424.374923
 16.360000 3.077178 -0.301489 422.193046
 16.380000 2.968025 -0.422687 420.103413
 16.400000 3.062031 -0.458968 423.742215
 16.420000 3.015617 -0.500496 422.738615
 16.440000 3.136787 -0.292927 424.219251
 16.460000 -3.085075 -0.419889 428.639290
 16.480000 3.094308 -0.336986 423.272333
 16.500000 -3.068135 -0.453746 429.807620
 16.520000 3.093840 -0.395507 424.014958
 16.540000 3.059944 -0.330164 421.969888
 16.560000 -3.141455 -0.417635 425.950276
 16.580000 3.064270 -0.464342 423.885969
 16.600000 2.970347 -0.366188 419.374558
 16.620000 2.908682 -0.457653 418.657493
 16.640000 2.667752 -0.491051 411.687605
 16.660000 2.722906 -0.398967 411.828217
 16.680000 2.688058 -0.570641 413.611637
 16.700000 2.673416 -0.352349 409.505150
 16.720000 2.874737 -0.418988 416.978698
 16.740000 2.875617 -0.329338 415.634585
 16.760000 3.097211 -0.295448 422.828107
 16.780000 -3.029902 -0.159734 428.333154
 16.800000 -2.908985 -0.149707 434.422525
 16.820000 -2.886197 -0.190121 435.996941
 16.840000 -2.856949 -0.044485 436.040995
 16.860000 -2.983679 -0.127935 430.335341
 16.880000 -3.083194 0.011631 423.610235
 16.900000 -3.072632 -0.037325 424.613924
 16.920000 3.062721 0.181314 417.743507
 16.940000 -2.975455 0.247716 430.136998
 16.960000 -2.991158 0.532486 429.903131
 16.980000 -2.967886 0.526383 431.236495
 17.000000 -2.995728 0.656244 430.215917
 17.020000 -2.973044 0.829330 434.378880
 17.040000 -2.942212 0.917279 437.474064
 17.060000 -2.856286 0.872422 441.944147
 17.080000 -2.878250 1.006807 442.437592
 17.100000 -3.011302 1.165193 436.212312
 17.120000 -3.046685 0.921603 431.407837
 17.140000 3.017077 1.093968 423.339684
 17.160000 2.958658 0.923755 418.991798
 17.180000 3.040519 0.914111 421.909066
 17.200000 3.088707 0.913180 423.757485
 17.220000 -3.123346 0.902910 426.741659
 17.240000 -3.065456 0.771299 428.097821
 17.260000 -3.079011 0.794495 427.681498
 17.280000 -3.008100 0.740070 430.916752
 17.300000 -2.829584 0.570432 439.361849
 17.320000 -2.943274 0.548773 432.694159
 17.340000 -2.841537 0.440222 438.350079
 17.360000 -3.002852 0.270575 428.674835
 17.380000 -3.035508 0.196144 426.666525
 17.400000 -3.030594 0.337656 427.290197
 17.420000 -3.100021 0.078719 422.885496
 17.440000 -3.122612 0.170003 421.866981
 17.460000 -3.092613 0.191657 423.535354
 17.480000 -3.077829 0.109279 424.144988
 17.500000 3.120769 0.140735 419.966945
 17.520000 -3.110193 0.118353 422.429899
 17.540000 3.106189 0.104331 419.332297
 17.560000 -3.052097 -0.008333 425.320690
 17.580000 -3.079916 0.062340 423.915892
 17.600000 -3.121608 -0.158843 423.660355
 17.620000 3.104909 -0.234551 422.296569
 17.640000 3.007484 -0.308575 419.831739
 17.660000 3.046485 -0.482349 423.522050
 17.680000 -3.133013 -0.435161 426.556250
 17.700000 -3.090798 -0.450976 428.715847
 17.720000 -2.929217 -0.530802 436.948264
 17.740000 -2.857525 -0.683280 442.026231
 17.760000 -2.937718 -0.541721 436.643566
 17.780000 -2.923079 -0.815743 442.185024
 17.800000 -2.992547 -0.604703 434.655182
 17.820000 -3.033154 -0.746016 436.022196
 17.840000 -3.074185 -0.636745 431.458917
 17.860000 -3.075207 -0.626303 431.169923
 17.880000 2.952398 -0.473371 420.303943
 17.900000 2.921085 -0.417724 418.476100
 17.920000 2.753767 -0.322416 411.539507
 17.940000 2.761177 -0.161344 409.170304
 17.960000 2.869897 -0.144113 412.586616
 17.980000 2.900959 -0.004442 411.571957
 18.000000 3.020032 -0.049265 416.584235
 18.020000 3.002813 0.000403 415.234949
 18.040000 3.025909 -0.055477 416.891919
 18.060000 2.907582 -0.171016 414.309255
 18.080000 2.909845 -0.145377 414.001865
 18.100000 2.889971 -0.327216 416.082065
 18.120000 2.897855 -0.165624 413.887585
 18.140000 3.089793 -0.476056 424.889169
 18.160000 3.102510 -0.354445 423.788936
 18.180000 -3.110097 -0.463177 427.950152
 18.200000 3.134402 -0.499959 426.667820
 18.220000 -3.104791 -0.587128 429.496768
 18.240000 -3.040816 -0.525615 431.798765
 18.260000 -2.859545 -0.572437 440.372708
 18.280000 -2.795410 -0.540917 443.068470
 18.300000 -2.798452 -0.506221 442.745397
 18.320000 -2.838458 -0.577793 441.341257
 18.340000 -2.981332 -0.531438 434.572521
 18.360000 -2.940045 -0.604809 436.989204
 18.380000 3.027616 -0.511467 423.273266
 18.400000 -3.120827 -0.620575 429.106792
 18.420000 2.969372 -0.450727 420.543090
 18.440000 3.112976 -0.519400 426.178745
 18.460000 3.067583 -0.355361 422.576263
 18.480000 3.107171 -0.324785 423.569001
 18.500000 3.036632 -0.275733 420.397328
 18.520000 3.060804 -0.374083 422.589995
 18.540000 3.079702 -0.291696 422.151409
 18.560000 2.970553 -0.366409 419.384747
 18.580000 3.105464 -0.476703 425.423598
 18.600000 2.887553 -0.360977 416.516392
 18.620000 3.052069 -0.526906 424.266398
 18.640000 3.059182 -0.461404 423.677691
 18.660000 3.104704 -0.411866 424.598145
 18.680000 -3.086995 -0.569547 430.123943
 18.700000 -3.117625 -0.407886 426.960130
 18.720000 -3.057702 -0.546553 431.227545
 18.740000 -3.101019 -0.504240 428.820218
 18.760000 -3.053601 -0.518229 431.141680
 18.780000 3.137895 -0.430029 425.965294
 18.800000 -3.136544 -0.505764 427.205505
 18.820000 3.054331 -0.484013 423.803972
 18.840000 3.120159 -0.491601 426.094197
 18.860000 3.126750 -0.501496 426.429776
 18.880000 3.077042 -0.389640 423.357604
 18.900000 3.068163 -0.520972 424.720547
 18.920000 3.013129 -0.459183 422.109304
 18.940000 2.995749 -0.398057 420.688131
 18.960000 2.966074 -0.462470 420.598689
 18.980000 3.027453 -0.330496 420.836393
 19.000000 2.980074 -0.325973 419.128737
 19.020000 3.050370 -0.275311 420.880640
 19.040000 2.989432 -0.238582 418.194144
 19.060000 3.063046 -0.169840 419.879057
 19.080000 3.121150 -0.226144 422.779974
 19.100000 -3.092833 -0.118410 424.604885
 19.120000 -3.002435 -0.295364 431.258466
 19.140000 -3.129567 -0.185091 423.599770
 19.160000 -3.033481 -0.276522 429.513615
 19.180000 3.133023 -0.111835 421.703328
 19.200000 -3.099273 -0.249496 425.929733
 19.220000 3.114741 -0.146223 421.475739
 19.240000 -3.025581 -0.156613 428.516900
 19.260000 -3.087556 0.097696 423.595291
 19.280000 -3.004911 -0.033638 428.117876
 19.300000 -3.086277 0.112659 423.699421
 19.320000 -3.083644 0.137275 423.899055
 19.340000 -3.076108 0.221256 424.501328
 19.360000 -3.065307 0.184908 425.007250
 19.380000 -3.120764 0.241000 422.100990
 19.400000 3.130058 0.230117 420.485817
 19.420000 -3.072065 0.278809 424.850150
 19.440000 -3.080501 0.396847 424.609953
 19.460000 -2.940209 0.462086 432.713200
 19.480000 -2.922212 0.566472 433.943107
 19.500000 -2.894891 0.658651 436.153431
 19.520000 -2.849276 0.674367 439.122305
 19.540000 -3.049493 0.688468 427.660454
 19.560000 3.100058 0.645786 420.005423
 19.580000 3.039360 0.713521 418.746245
 19.600000 3.055708 0.596691 417.928736
 19.620000 3.134750 0.822265 424.258891
 19.640000 -3.054618 0.714112 427.794688
 19.660000 -3.119873 0.715969 424.092565
 19.680000 -3.088624 0.646840 424.707154
 19.700000 3.108665 0.527457 420.011958
 19.720000 3.137752 0.455002 421.125420
 19.740000 -3.074537 0.394508 424.940013
 19.760000 -3.104937 0.340285 423.150356
 19.780000 -3.039699 0.198440 426.442530
 19.800000 -3.007375 0.217781 428.276195
 19.820000 -2.998153 0.097477 428.409416
 19.840000 -2.880045 0.130452 434.980288
 19.860000 -2.821213 0.001259 437.480406
 19.880000 -2.870010 0.056236 435.171980
 19.900000 -2.891106 -0.027956 434.062317
 19.920000 -2.924090 -0.008364 432.095826
 19.940000 3.140421 0.150442 420.764352
 19.960000 -3.040439 -0.043865 426.379109
 19.980000 3.114598 0.233890 419.872646
 20.000000 -3.029398 0.196962 427.004279
