#! FIELDS time phi psi metad.bias
#! SET min_phi -pi
#! SET max_phi pi
#! SET min_psi -pi
#! SET max_psi pi
 0.000000 3.141580 -3.141577 441.955685
 0.020000 3.132535 2.514057 432.834794
 0.040000 -3.134890 2.486336 433.153748
 0.060000 3.135969 2.470605 432.519297
 0.080000 -3.132858 2.453588 432.933699
 0.100000 -3.110129 2.426095 433.755105
 0.120000 -3.091387 2.418674 434.601480
 0.140000 -3.119779 2.390745 432.879434
 0.160000 -3.030786 2.517298 438.485030
 0.180000 -3.057018 2.514664 437.151202
 0.200000 -3.047079 2.563875 438.695672
 0.220000 -3.136257 2.557615 434.348611
 0.240000 -3.140998 2.628916 435.648722
 0.260000 3.078554 2.710838 435.606128
 0.280000 3.138339 2.676850 436.472333
 0.300000 -3.089383 2.719528 439.646618
 0.320000 -3.036330 2.749462 442.492969
 0.340000 -2.989414 2.686575 443.670427
 0.360000 -3.028831 2.753779 442.892721
 0.380000 -3.037066 2.815167 443.366040
 0.400000 -3.078220 2.637193 438.689233
 0.420000 3.136605 2.617121 435.247123
 0.440000 -3.127695 2.546745 434.504824
 0.460000 3.093330 2.561031 432.855017
 0.480000 3.098769 2.497449 431.718001
 0.500000 -3.049342 2.468450 437.152358
 0.520000 -2.963755 2.432921 441.168383
 0.540000 -2.903713 2.331642 443.404303
 0.560000 -2.819314 2.416741 448.601590
 0.580000 -2.888848 2.439583 445.083534
 0.600000 -2.938959 2.425689 442.387156
 0.620000 -2.960269 2.321770 440.273547
 0.640000 -3.122261 2.328133 431.948852
 0.660000 -3.128700 2.379631 432.301851
 0.680000 3.079113 2.343266 429.260531
 0.700000 3.038664 2.432485 429.300845
 0.720000 3.027536 2.286821 426.806063
 0.740000 3.097621 2.401270 430.608464
 0.760000 3.015603 2.447055 428.844164
 0.780000 -3.132481 2.607020 435.589206
 0.800000 3.133418 2.687947 436.553209
 0.820000 -3.054623 2.697544 440.848452
 0.840000 -2.996954 2.719847 443.837370
 0.860000 -3.104377 2.634750 437.437767
 0.880000 3.138951 2.670372 436.365666
 0.900000 3.100975 2.615184 434.260845
 0.920000 3.090726 2.552745 432.591955
 0.940000 3.097519 2.516603 431.914229
 0.960000 -3.109687 2.574718 435.964108
 0.980000 3.131093 2.700518 436.725109
 1.000000 -2.973848 2.766705 445.550961
 1.020000 -2.891620 2.621665 447.284735
 1.040000 -2.796977 2.740856 453.455135
 1.060000 -2.758401 2.661200 454.389085
 1.080000 -2.843998 2.626468 449.692992
 1.100000 -3.030740 2.494399 438.269367
 1.120000 -3.099651 2.356223 433.462549
 1.140000 2.986703 2.285898 425.577663
 1.160000 2.961977 2.136660 421.858632
 1.180000 2.827880 2.069173 416.294008
 1.200000 2.848080 2.076710 417.058551
 1.220000 2.986295 2.113240 422.093633
 1.240000 3.081401 1.936260 421.012194
 1.260000 -3.081405 1.896503 425.586182
 1.280000 -3.080305 1.723192 423.598080
 1.300000 -3.054622 1.821453 426.241373
 1.320000 3.136923 1.555979 417.223479
 1.340000 -3.095669 1.419430 417.620396
 1.360000 3.059315 1.290375 408.490099
 1.380000 -3.115047 1.224550 412.898953
 1.400000 -3.130520 1.053779 411.674060
 1.420000 -3.019772 1.029750 418.553317
 1.440000 -3.012951 0.803601 418.022779
 1.460000 -3.053779 0.795897 415.400851
 1.480000 -3.040063 0.747007 415.997897
 1.500000 -2.856570 0.553637 427.532009
 1.520000 -2.841953 0.593457 428.195829
 1.540000 -2.909067 0.446020 424.914468
 1.560000 -2.891244 0.483555 425.791230
 1.580000 3.092162 0.384936 409.047675
 1.600000 -3.124822 0.281886 413.045673
 1.620000 2.980129 0.189619 406.200237
 1.640000 2.956110 0.171928 405.439354
 1.660000 2.901196 0.008391 404.980980
 1.680000 2.933679 0.036413 405.883917
 1.700000 3.113543 -0.089020 415.121451
 1.720000 -3.096465 0.003436 416.682439
 1.740000 -2.814946 -0.141842 435.117508
 1.760000 -2.979730 -0.060528 424.441705
 1.780000 -2.880606 -0.284508 433.821666
 1.800000 -3.108733 -0.148221 419.232021
 1.820000 3.105246 -0.114589 415.364123
 1.840000 3.078148 -0.088478 413.731332
 1.860000 3.059116 -0.040066 411.884585
 1.880000 -3.052399 0.045946 418.871355
 1.900000 -3.016324 0.179878 420.110249
 1.920000 -2.836888 0.297563 430.297203
 1.940000 -3.054829 0.338402 416.717689
 1.960000 -3.049071 0.395400 416.629106
 1.980000 -3.120005 0.574042 410.863898
 2.000000 -3.139009 0.484221 410.517617
 2.020000 -3.098003 0.759089 412.455107
 2.040000 -3.062628 0.674243 414.165699
 2.060000 3.118552 0.963023 409.654252
 2.080000 -3.112206 0.960608 412.498376
 2.100000 -3.103528 1.010054 413.209641
 2.120000 -3.117518 1.244213 412.748012
 2.140000 -2.944093 1.224273 423.762494
 2.160000 -3.087759 1.270751 414.911863
 2.180000 3.140197 1.279371 411.738246
 2.200000 3.100192 1.262085 409.575278
 2.220000 3.079043 1.328433 410.200608
 2.240000 3.118109 1.480688 415.046480
 2.260000 -3.073762 1.449801 419.559677
 2.280000 -2.984232 1.601482 427.707588
 2.300000 -3.068515 1.614744 422.753022
 2.320000 -3.057272 1.642309 423.848216
 2.340000 3.100623 1.627805 416.948893
 2.360000 -3.111349 1.582821 419.672151
 2.380000 3.080081 1.794556 418.560954
 2.400000 3.119660 1.911916 421.774981
 2.420000 3.118799 1.892736 421.232453
 2.440000 3.088542 2.178508 426.759275
 2.460000 3.125971 2.007504 424.390612
 2.480000 -3.136097 2.107203 427.436416
 2.500000 -3.035323 2.153861 433.773178
 2.520000 -2.957943 2.202637 438.820361
 2.540000 -2.901107 2.373295 443.937436
 2.560000 -3.047527 2.328575 435.776917
 2.580000 -3.089780 2.482173 435.288864
 2.600000 3.062180 2.576006 432.370556
 2.620000 2.999523 2.672267 432.925671
 2.640000 3.049542 2.807267 436.611019
 2.660000 3.140023 2.899278 439.943177
 2.680000 -3.021530 2.914570 445.136145
 2.700000 -2.915616 3.065604 450.418942
 2.720000 -2.996289 3.014700 446.941618
 2.740000 -3.056867 3.060085 444.783411
 2.760000 -3.098899 -3.061772 445.094967
 2.780000 3.033129 3.109715 439.816159
 2.800000 -3.119021 3.135139 442.766316
 2.820000 3.017735 3.122121 439.629425
 2.840000 -3.132385 -3.099137 443.169438
 2.860000 -3.114863 3.038486 442.382949
 2.880000 -3.018768 2.954635 445.602677
 2.900000 -2.971681 2.858168 446.718809
 2.920000 -2.937738 2.925120 448.782684
 2.940000 -3.129126 2.754076 438.458083
 2.960000 -3.109647 2.733775 438.981597
 2.980000 3.050010 2.628219 433.225497
 3.000000 3.084404 2.484667 431.186617
 3.020000 -3.044735 2.581841 439.175469
 3.040000 -2.925724 2.480118 443.431340
 3.060000 -2.758368 2.490743 452.112975
 3.080000 -2.814594 2.204746 446.883624
 3.100000 -2.859355 2.142688 443.452364
 3.120000 -3.134188 2.000622 425.200659
 3.140000 -3.107821 1.890160 423.920605
 3.160000 3.000388 1.781990 415.458019
 3.180000 -3.117344 1.625656 420.009243
 3.200000 3.082397 1.629159 416.242342
 3.220000 3.080179 1.498040 413.803865
 3.240000 3.081587 1.382753 411.506835
 3.260000 -3.022991 1.276481 419.114111
 3.280000 -3.025233 1.229536 418.528813
 3.300000 -2.944058 1.258133 423.783675
 3.320000 -2.847613 1.106986 430.031806
 3.340000 -2.980205 1.066064 421.203921
 3.360000 -2.877697 0.873610 427.174795
 3.380000 -3.085825 0.842980 413.632610
 3.400000 3.115489 0.522290 408.857648
 3.420000 3.077258 0.424437 408.052714
 3.440000 3.084196 0.309911 409.363225
 3.460000 -3.140108 0.255540 412.380655
 3.480000 -3.060113 0.175063 417.593173
 3.500000 -3.017692 0.220917 419.761566
 3.520000 -2.975676 0.241340 422.130921
 3.540000 -2.809175 0.051278 432.886692
 3.560000 -3.071362 0.232570 416.529591
 3.580000 -3.069576 0.033836 417.982565
 3.600000 3.058578 -0.017978 411.348414
 3.620000 2.860142 -0.029921 404.387641
 3.640000 2.927653 -0.010390 406.260490
 3.660000 2.865944 -0.020848 404.357492
 3.680000 2.972954 0.132284 406.458341
 3.700000 3.136765 0.034312 413.807522
 3.720000 -3.073663 0.133131 417.104417
 3.740000 3.126408 0.175479 412.293073
 3.760000 -3.081681 0.091767 416.931002
 3.780000 3.026590 0.189269 408.045215
 3.800000 3.075409 0.024284 411.400095
 3.820000 3.011758 0.140664 407.891526
 3.840000 3.093684 0.170095 410.960783
 3.860000 -3.080335 0.191903 416.305984
 3.880000 -2.960490 0.381374 422.141066
 3.900000 -2.748238 0.342968 435.631711
 3.920000 -2.691134 0.589980 438.054012
 3.940000 -2.698382 0.639890 437.442305
 3.960000 -2.901115 0.634768 424.150041
 3.980000 -2.981605 0.689579 419.356667
 4.000000 -3.138015 0.665509 409.501354
 4.020000 3.099085 0.715803 407.637283
 4.040000 3.064541 0.879316 406.908449
 4.060000 3.059759 0.831789 406.481028
 4.080000 3.117273 1.027441 409.818204
 4.100000 -3.065605 1.183821 415.954969
 4.120000 -3.118579 1.135917 412.593598
 4.140000 -3.138209 1.220867 411.476804
 4.160000 -3.124258 1.095745 412.164508
 4.180000 3.046662 1.251275 407.153344
 4.200000 3.042152 1.220958 406.946132
 4.220000 3.065624 1.250269 407.956034
 4.240000 2.973314 1.270101 404.482325
 4.260000 3.130254 1.227519 410.766232
 4.280000 3.042517 1.273655 407.389390
 4.300000 -3.130362 1.139557 411.874542
 4.320000 -3.108276 1.093002 413.145705
 4.340000 -2.993672 1.051452 420.293889
 4.360000 -2.937632 1.100631 424.059003
 4.380000 -2.820800 0.871587 430.942173
 4.400000 -2.784020 1.051697 434.165957
 4.420000 -2.708458 0.962463 438.935421
 4.440000 -2.745935 1.000736 436.564007
 4.460000 -3.038776 0.843412 416.587061
 4.480000 3.135781 0.681847 409.111475
 4.500000 2.896080 0.694664 399.043082
 4.520000 2.938041 0.654723 400.478141
 4.540000 2.919440 0.538494 400.475082
 4.560000 3.015986 0.724349 404.059440
 4.580000 -3.040353 0.729858 415.882376
 4.600000 -2.985698 0.778589 419.626672
 4.620000 -2.932901 0.745634 422.835930
 4.640000 -3.011893 0.568472 417.545997
 4.660000 -3.134144 0.613874 409.653431
 4.680000 3.066010 0.427516 407.540973
 4.700000 3.121032 0.492062 409.373936
 4.720000 3.060587 0.429019 407.295135
 4.740000 -3.068737 0.523793 414.405901
 4.760000 -3.013812 0.552724 417.554628
 4.780000 -3.027469 0.548357 416.741500
 4.800000 -2.922126 0.549765 423.356919
 4.820000 -3.085834 0.570127 412.968997
 4.840000 -3.131340 0.461570 411.167488
 4.860000 -3.077807 0.571471 413.447450
 4.880000 -3.042382 0.687036 415.503682
 4.900000 -3.035801 0.658728 415.741881
 4.920000 -2.897056 0.900580 426.030420
 4.940000 -2.994347 0.794077 419.158722
 4.960000 -3.005469 0.897751 418.964494
 4.980000 3.131175 0.677516 408.877578
 5.000000 2.939813 0.752977 401.066444
 5.020000 2.881118 0.657253 398.269999
 5.040000 2.963825 0.588083 401.764856
 5.060000 2.964494 0.745075 402.023687
 5.080000 -3.091230 0.782911 412.998299
 5.100000 -3.031004 0.810332 416.911961
 5.120000 -3.033453 0.759216 416.482402
 5.140000 -2.920102 0.818184 424.092391
 5.160000 -3.060992 0.623492 414.027867
 5.180000 3.121754 0.669419 408.404931
 5.200000 3.094009 0.404733 408.953505
 5.220000 3.121622 0.667500 408.388275
 5.240000 3.137777 0.523456 409.847937
 5.260000 -2.960318 0.684346 420.682770
 5.280000 -2.968488 0.671118 420.074320
 5.300000 -2.856542 0.609046 427.135071
 5.320000 -2.899055 0.689660 424.670133
 5.340000 -3.049856 0.571844 415.161346
 5.360000 3.113399 0.513104 408.846628
 5.380000 3.034302 0.603033 404.561532
 5.400000 3.106348 0.602807 407.716434
 5.420000 3.139681 0.695027 409.362157
 5.440000 -2.995611 0.904453 419.627417
 5.460000 3.128299 0.889140 409.797956
 5.480000 -3.046263 1.059230 416.950724
 5.500000 3.038237 0.914893 405.922613
 5.520000 2.976234 1.055325 403.858930
 5.540000 2.857895 0.929556 398.757565
 5.560000 2.802738 0.961321 396.908922
 5.580000 2.919681 1.061825 401.631245
 5.600000 3.105457 1.008000 409.225866
 5.620000 -2.996172 1.174611 420.365963
 5.640000 -2.999641 1.172248 420.140591
 5.660000 -2.889135 1.119100 427.290926
 5.680000 -3.036720 1.098812 417.652938
 5.700000 -2.824130 1.022631 431.380092
 5.720000 -3.061093 0.966228 415.711151
 5.740000 -3.036666 1.026949 417.466808
 5.760000 -3.056626 0.982817 416.053881
 5.780000 -3.063526 1.075534 415.901457
 5.800000 3.090243 1.262158 409.145474
 5.820000 -3.034643 1.028117 417.599183
 5.840000 3.097514 1.249135 409.329472
 5.860000 3.086978 1.019622 408.443932
 5.880000 3.082632 0.981930 408.121370
 5.900000 2.910325 0.931550 400.757190
 5.920000 3.055111 0.993711 406.961442
 5.940000 3.048221 0.955294 406.518316
 5.960000 -3.063001 0.933925 415.464639
 5.980000 3.085927 1.061588 408.526545
 6.000000 3.102331 0.852331 408.461219
 6.020000 2.828425 0.778368 396.943139
 6.040000 2.919216 0.561722 400.240401
 6.060000 3.007326 0.672402 403.417122
 6.080000 -3.118981 0.667025 410.662305
 6.100000 -2.993486 0.777801 419.123883
 6.120000 -2.891292 0.731629 425.454520
 6.140000 -2.756473 0.913666 435.468955
 6.160000 -2.915056 0.821016 424.437868
 6.180000 -2.909544 0.703220 424.080252
 6.200000 3.085799 0.660553 406.744981
 6.220000 3.084688 0.623817 406.556856
 6.240000 3.058515 0.481633 406.728588
 6.260000 -3.061687 0.582449 414.341906
 6.280000 -3.059304 0.542187 414.829318
 6.300000 -3.020725 0.638943 416.560149
 6.320000 -3.028844 0.628028 415.985808
 6.340000 -3.081695 0.609918 412.873568
 6.360000 -3.117984 0.580466 410.928500
 6.380000 2.859261 0.452433 399.031533
 6.400000 2.744405 0.658833 393.382026
 6.420000 2.668193 0.481948 392.258835
 6.440000 2.810615 0.818420 396.505682
 6.460000 -3.116058 0.772055 411.412784
 6.480000 -2.945832 1.139442 423.590884
 6.500000 -2.939120 0.976383 423.591787
 6.520000 3.115460 1.010375 409.681884
 6.540000 3.137638 0.792021 409.774103
 6.560000 3.091099 0.782714 407.625527
 6.580000 -3.024740 0.952045 417.962142
 6.600000 -2.934747 0.729010 422.613399
 6.620000 -3.067028 0.738067 414.260628
 6.640000 -3.053268 0.765770 415.272530
 6.660000 -2.970475 0.800047 420.724050
 6.680000 -2.993405 0.596807 418.472174
 6.700000 -3.074177 0.737942 413.815289
 6.720000 -2.889960 0.441559 426.149280
 6.740000 -2.984447 0.739681 419.482190
 6.760000 -2.999607 0.542245 418.524748
 6.780000 -3.018166 0.610378 416.804736
 6.800000 3.111153 0.609822 407.866555
 6.820000 -3.004228 0.618806 417.607638
 6.840000 -3.062497 0.577954 414.330574
 6.860000 -3.128244 0.574284 410.366254
 6.880000 2.999463 0.472678 404.322733
 6.900000 2.982479 0.445158 403.885586
 6.920000 2.914423 0.484673 400.802478
 6.940000 3.097026 0.549812 407.788291
 6.960000 -3.115492 0.633356 410.677569
 6.980000 -3.057460 0.547096 414.901410
 7.000000 -2.928087 0.800134 423.470456
 7.020000 -3.050268 0.626702 414.663613
 7.040000 -2.966013 0.746693 420.705406
 7.060000 -3.040024 0.769227 416.123407
 7.080000 -3.060160 0.677058 414.335747
 7.100000 -3.058147 0.847298 415.384429
 7.120000 -2.919491 0.806879 424.069115
 7.140000 -3.099380 0.807606 412.619450
 7.160000 3.105268 0.867492 408.661716
 7.180000 -3.134770 0.898287 410.860777
 7.200000 -3.119081 0.872718 411.712110
 7.220000 -2.933108 0.941686 423.846154
 7.240000 -3.023701 0.790065 417.267618
 7.260000 -3.116834 0.899214 411.966240
 7.280000 -3.082536 0.691241 413.033645
 7.300000 -3.063531 0.822565 414.925249
 7.320000 -3.115422 0.622464 410.705250
 7.340000 -3.141462 0.693640 409.449964
 7.360000 3.021116 0.471623 405.233328
 7.380000 2.987007 0.504308 403.512018
 7.400000 3.052602 0.355970 407.615171
 7.420000 3.037383 0.494291 405.709657
 7.440000 -2.945112 0.258006 423.870947
 7.460000 -3.024907 0.438636 417.766406
 7.480000 -2.864105 0.399340 428.041905
 7.500000 -2.951381 0.356055 422.871922
 7.520000 -2.957386 0.578670 420.894145
 7.540000 -3.015280 0.381424 418.782369
 7.560000 -3.029647 0.713284 416.459011
 7.580000 -3.134967 0.667937 409.699060
 7.600000 -3.091747 0.880552 413.437827
 7.620000 -3.137474 0.842912 410.449670
 7.640000 3.044888 0.896418 406.129384
 7.660000 3.096637 0.939489 408.580530
 7.680000 2.973324 0.972385 403.438797
 7.700000 -3.107736 1.076593 413.140160
 7.720000 -3.084117 1.060549 414.569749
 7.740000 -3.037789 1.297833 418.653861
 7.760000 3.134088 1.128782 410.829281
 7.780000 3.132485 1.197663 410.849206
 7.800000 3.028388 1.040564 405.977527
 7.820000 -3.086152 1.168749 414.652599
 7.840000 3.020195 1.070308 405.724195
 7.860000 2.940666 0.987468 402.182889
 7.880000 3.028297 0.986583 405.784869
 7.900000 3.126662 1.047390 410.300878
 7.920000 -3.064229 1.203586 416.055039
 7.940000 -2.961862 0.943594 421.978206
 7.960000 -2.917604 0.999302 425.087942
 7.980000 -3.075527 1.051375 415.082884
 8.000000 -3.065861 0.892309 415.107917
 8.020000 3.086574 0.806531 407.541403
 8.040000 3.141207 0.757467 409.763470
 8.060000 3.082764 0.838422 407.524433
 8.080000 -3.106718 0.874201 412.481168
 8.100000 -3.084451 0.739914 413.189106
 8.120000 -3.112091 0.788674 411.741048
 8.140000 -3.124650 0.806608 411.060218
 8.160000 -3.107751 0.704710 411.560411
 8.180000 -3.033989 0.605342 415.860183
 8.200000 -3.082266 0.660542 412.870018
 8.220000 -2.980864 0.700224 419.470808
 8.240000 -3.099484 0.501876 412.726356
 8.260000 -3.096821 0.611465 411.935217
 8.280000 -3.074876 0.614940 413.247681
 8.300000 -3.128829 0.585492 410.230544
 8.320000 -3.092193 0.582333 412.475132
 8.340000 3.118845 0.698350 408.432480
 8.360000 3.071493 0.608797 406.117381
 8.380000 3.046841 0.659777 405.034837
 8.400000 3.100135 0.645961 407.301129
 8.420000 3.093655 0.755595 407.602457
 8.440000 -3.040302 0.872159 416.628034
 8.460000 -3.036582 0.649434 415.634875
 8.480000 -3.056743 0.909325 415.755976
 8.500000 3.131221 0.747578 409.255885
 8.520000 3.085987 0.789106 407.429826
 8.540000 -3.120775 0.739778 410.955275
 8.560000 -3.027603 0.826697 417.211518
 8.580000 -2.977229 0.697323 419.684500
 8.600000 -3.069667 0.753254 414.179810
 8.620000 -3.046367 0.653763 415.051699
 8.640000 -3.027769 0.779219 416.951365
 8.660000 -3.091349 0.589781 412.461201
 8.680000 -2.987437 0.665619 418.832566
 8.700000 -3.069965 0.623335 413.475525
 8.720000 -3.067154 0.637803 413.663600
 8.740000 -3.118111 0.647678 410.603100
 8.760000 3.066464 0.509455 406.817616
 8.780000 3.027799 0.662608 404.232043
 8.800000 3.101368 0.635871 407.298964
 8.820000 -3.130083 0.665275 409.979160
 8.840000 3.072312 0.605882 406.180659
 8.860000 -3.115184 0.697884 411.068091
 8.880000 2.978324 0.645297 402.061547
 8.900000 -3.020452 0.638888 416.576883
 8.920000 3.128186 0.748986 409.124905
 8.940000 -3.099375 0.775223 412.455054
 8.960000 -3.046938 0.587325 415.210321
 8.980000 -3.081499 0.727238 413.301928
 9.000000 3.105453 0.712478 407.904978
 9.020000 -3.091809 0.601512 412.329515
 9.040000 3.076638 0.615867 406.276731
 9.060000 -3.131541 0.500806 410.816667
 9.080000 -2.958335 0.635643 420.483923
 9.100000 -3.062039 0.535166 414.720345
 9.120000 -3.000116 0.609032 417.948424
 9.140000 -2.830077 0.585982 429.019910
 9.160000 -3.009479 0.688750 417.582769
 9.180000 -3.000707 0.621256 417.808405
 9.200000 3.116242 0.624660 407.957188
 9.220000 2.927158 0.644049 399.987522
 9.240000 3.043132 0.769200 405.452135
 9.260000 3.105978 0.654982 407.613449
 9.280000 3.046849 0.852781 406.017880
 9.300000 -3.070395 0.850731 414.632539
 9.320000 3.095467 0.819362 407.999509
 9.340000 -3.138959 0.847847 410.381919
 9.360000 -3.029030 0.912684 417.525847
 9.380000 -3.125947 0.960155 411.649308
 9.400000 -3.044966 1.030906 416.951720
 9.420000 -3.047345 1.115660 417.012586
 9.440000 3.071938 1.166062 408.149984
 9.460000 -3.131880 1.264038 412.037258
 9.480000 3.043747 1.258556 407.078578
 9.500000 3.042597 1.347163 409.097750
 9.520000 -3.120609 1.271073 412.890597
 9.540000 3.060433 1.341575 409.712808
 9.560000 3.025155 1.351177 408.473341
 9.580000 -3.121240 1.297666 413.459369
 9.600000 3.127593 1.311340 411.910311
 9.620000 -3.117669 1.319401 414.164111
 9.640000 -3.033024 1.271196 418.357772
 9.660000 3.092808 1.199932 409.098707
 9.680000 -3.086738 1.156288 414.600552
 9.700000 -3.097432 1.063809 413.747520
 9.720000 3.057869 1.085945 407.371945
 9.740000 -3.082729 0.975145 414.385494
 9.760000 3.071020 0.930500 407.411198
 9.780000 -3.139646 0.942625 410.742534
 9.800000 -3.025222 0.972062 418.008266
 9.820000 -2.979430 0.987243 421.007964
 9.840000 -2.978424 0.923030 420.817418
 9.860000 -2.875086 0.853597 427.242509
 9.880000 -3.089006 0.802093 413.234108
 9.900000 -3.100936 0.689706 411.893217
 9.920000 -3.100541 0.558630 412.175165
 9.940000 3.069764 0.597924 406.143754
 9.960000 -3.036703 0.555633 416.109736
 9.980000 3.105429 0.549465 408.164409
 10.000000 -3.121053 0.528569 411.201191
 10.020000 -3.082833 0.458499 414.090941
 10.040000 -3.101050 0.537440 412.327932
 10.060000 -3.074179 0.500772 414.266017
 10.080000 -3.017130 0.476980 417.949025
 10.100000 3.140109 0.509514 410.076301
 10.120000 3.137103 0.437427 410.568872
 10.140000 -3.134159 0.577849 409.979467
 10.160000 3.049596 0.478158 406.378215
 10.180000 -3.033398 0.605605 415.894779
 10.200000 -3.082185 0.659623 412.869554
 10.220000 3.132549 0.595278 408.965518
 10.240000 -3.139704 0.612823 409.329180
 10.260000 3.109521 0.640326 407.689547
 10.280000 -3.134163 0.645439 409.619077
 10.300000 -3.063143 0.660956 414.053632
 10.320000 -3.085742 0.690249 412.830245
 10.340000 -2.982936 0.759727 419.696206
 10.360000 -2.990038 0.627313 418.430108
 10.380000 -3.034488 0.844602 416.864374
 10.400000 -2.941193 0.634898 421.574004
 10.420000 -3.098933 0.764082 412.424112
 10.440000 -3.040997 0.621721 415.283027
 10.460000 3.100912 0.577259 407.709668
 10.480000 3.100011 0.453411 408.785556
 10.500000 3.007279 0.597328 403.470873
 10.520000 3.129294 0.411626 410.443457
 10.540000 3.113054 0.613424 407.918438
 10.560000 -3.050488 0.734572 415.273748
 10.580000 -3.037374 0.518868 416.369318
 10.600000 -3.049282 0.880793 416.100122
 10.620000 -3.100327 0.723918 412.122140
 10.640000 3.074382 0.789852 406.919820
 10.660000 3.084057 0.766038 407.228588
 10.680000 3.091599 0.799328 407.729903
 10.700000 3.090864 0.916204 408.228759
 10.720000 -3.052570 0.998449 416.364969
 10.740000 -3.116718 0.967460 412.245031
 10.760000 -3.013065 0.969352 418.775402
 10.780000 -3.013628 1.170937 419.241677
 10.800000 -3.027197 1.014921 418.031991
 10.820000 -3.106404 1.087557 413.249219
 10.840000 -3.069468 0.921742 415.007973
 10.860000 -3.108693 1.131140 413.196527
 10.880000 -3.125708 0.974068 411.715034
 10.900000 -3.054912 1.028682 416.314973
 10.920000 3.022046 1.066663 405.791179
 10.940000 3.110250 0.990360 409.379856
 10.960000 3.014467 1.007310 405.276164
 10.980000 3.074598 0.910074 407.483440
 11.000000 3.071688 0.824760 406.970704
 11.020000 3.038944 0.802112 405.435074
 11.040000 3.030527 0.711381 404.610955
 11.060000 -3.119001 0.657627 410.606944
 11.080000 -3.067521 0.533665 414.397580
 11.100000 -3.084985 0.589131 412.855264
 11.120000 -2.907047 0.366786 425.548873
 11.140000 -3.074063 0.262844 416.147544
 11.160000 -3.007279 0.233787 420.293255
 11.180000 -3.081608 0.233059 415.929558
 11.200000 -3.068458 0.052461 417.929773
 11.220000 -3.074019 0.046414 417.656422
 11.240000 -3.062573 -0.018980 418.982788
 11.260000 -3.102612 0.072804 415.886389
 11.280000 -3.100834 0.044524 416.176465
 11.300000 -2.964331 0.032057 423.943920
 11.320000 -2.981842 0.094846 422.623128
 11.340000 -2.950611 0.215785 423.788135
 11.360000 -2.971902 0.142374 422.942457
 11.380000 3.130688 0.341817 411.101009
 11.400000 -3.109230 0.248881 414.208573
 11.420000 3.028755 0.368557 406.502583
 11.440000 3.026056 0.495227 405.221788
 11.460000 3.094768 0.693966 407.327166
 11.480000 3.135525 0.717694 409.294864
 11.500000 -3.120318 0.801288 411.299302
 11.520000 -3.039881 0.875133 416.668514
 11.540000 3.040250 0.900984 405.949340
 11.560000 -3.084201 0.866478 413.843857
 11.580000 -3.056095 0.838763 415.472042
 11.600000 -3.064766 0.999162 415.597614
 11.620000 -2.971939 0.897895 421.124714
 11.640000 -2.939356 0.827593 422.888650
 11.660000 -3.013704 0.860459 418.263291
 11.680000 -2.898980 0.675160 424.575385
 11.700000 -3.085966 0.810240 413.463774
 11.720000 3.098122 0.637085 407.160963
 11.740000 3.129105 0.619268 408.588561
 11.760000 3.101313 0.653103 407.394018
 11.780000 3.114469 0.685291 408.163575
 11.800000 -3.111812 0.507286 411.939344
 11.820000 -3.054557 0.624730 414.415089
 11.840000 -3.089993 0.605662 412.403582
 11.860000 -3.072787 0.533861 414.074455
 11.880000 3.051375 0.497996 406.272402
 11.900000 3.079131 0.422521 408.150771
 11.920000 3.038121 0.336075 407.188697
 11.940000 3.112517 0.543222 408.536828
 11.960000 -3.067243 0.455956 415.053090
 11.980000 -3.139371 0.410915 411.127079
 12.000000 -3.018430 0.511434 417.598716
 12.020000 -3.051037 0.592403 414.913474
 12.040000 -3.012525 0.498776 418.063875
 12.060000 -3.139819 0.527860 410.086964
 12.080000 -3.079550 0.570455 413.349654
 12.100000 -3.129592 0.711138 410.264242
 12.120000 -3.001312 0.946740 419.441161
 12.140000 -3.009852 0.730754 417.812228
 12.160000 -2.928454 1.110532 424.680883
 12.180000 -2.913649 1.093231 425.619563
 12.200000 -3.017226 1.104410 418.908849
 12.220000 -3.040530 1.038745 417.256821
 12.240000 3.073021 1.117776 408.105289
 12.260000 2.980576 1.220498 404.411636
 12.280000 2.959452 1.165595 403.479164
 12.300000 2.996163 1.171949 404.972173
 12.320000 2.881617 1.207449 400.570338
 12.340000 3.069296 1.350835 410.291306
 12.360000 3.066486 1.286428 408.700768
 12.380000 -3.103924 1.271211 413.920910
 12.400000 -2.895293 1.260749 427.040273
 12.420000 -3.046699 1.360062 419.435220
 12.440000 -2.981288 1.186545 421.335611
 12.460000 -2.957914 1.035256 422.565540
 12.480000 -3.060773 1.042919 415.987309
 12.500000 -3.122109 0.949562 411.845377
 12.520000 -3.126682 0.932111 411.495879
 12.540000 3.130484 0.622974 408.616752
 12.560000 -3.126181 0.836553 411.110306
 12.580000 -3.055272 0.737997 414.993734
 12.600000 -3.054908 0.610692 414.516084
 12.620000 -2.990257 0.616364 418.508248
 12.640000 -2.978801 0.638945 419.204629
 12.660000 -3.110789 0.588823 411.288801
 12.680000 -3.086659 0.636654 412.456230
 12.700000 2.980804 0.570360 402.629113
 12.720000 2.948804 0.584220 401.195439
 12.740000 2.869664 0.680068 397.957510
 12.760000 2.819175 0.716755 396.289120
 12.780000 2.910258 0.670764 399.466714
 12.800000 2.977785 0.623180 401.995952
 12.820000 3.067934 0.779958 406.586839
 12.840000 -3.086886 0.783532 413.270641
 12.860000 -2.986773 0.832513 419.848408
 12.880000 -2.954406 0.775383 421.621682
 12.900000 -2.865829 0.902459 428.104290
 12.920000 -3.052445 0.844931 415.731745
 12.940000 -3.064454 0.700551 414.207464
 12.960000 3.085979 0.724021 407.096644
 12.980000 3.000832 0.840493 403.999760
 13.000000 -3.108988 0.683154 411.363271
 13.020000 -3.101491 0.815364 412.527410
 13.040000 -3.107273 0.814782 412.167694
 13.060000 -3.125712 0.865611 411.272887
 13.080000 -3.052569 0.797544 415.485462
 13.100000 -3.037194 0.724251 416.048472
 13.120000 -2.923065 0.878461 424.214292
 13.140000 -3.076031 0.827219 414.166583
 13.160000 3.095174 0.732084 407.548422
 13.180000 3.090891 0.652254 406.924652
 13.200000 3.134713 0.742605 409.389373
 13.220000 -3.035176 0.609664 415.749333
 13.240000 -3.029946 0.613146 416.045282
 13.260000 -3.049450 0.396468 416.598004
 13.280000 -3.092331 0.322261 414.618698
 13.300000 -3.092815 0.288902 414.851037
 13.320000 3.132462 0.348816 411.119781
 13.340000 -3.086260 0.229370 415.687120
 13.360000 -3.117335 0.315025 413.212311
 13.380000 3.134473 0.354302 411.161979
 13.400000 -3.132190 0.330712 412.219650
 13.420000 3.115830 0.389249 410.042333
 13.440000 -3.072167 0.356437 415.545324
 13.460000 -2.975383 0.424136 420.922464
 13.480000 -2.889284 0.496231 425.830153
 13.500000 -2.997647 0.519360 418.827314
 13.520000 -2.996681 0.564535 418.529415
 13.540000 -3.023157 0.666825 416.584751
 13.560000 -3.027424 0.646545 416.189195
 13.580000 -3.094678 0.661781 412.114998
 13.600000 3.099918 0.711951 407.654000
 13.620000 3.043688 0.847918 405.858648
 13.640000 3.097508 0.820270 408.095096
 13.660000 -3.122717 0.759744 410.941653
 13.680000 -3.131456 0.915236 411.134548
 13.700000 -3.000989 0.955722 419.497801
 13.720000 -3.014881 0.831285 418.043613
 13.740000 -2.958421 0.880618 421.919646
 13.760000 -3.135578 0.804808 410.384023
 13.780000 3.112493 0.778551 408.564208
 13.800000 3.067848 0.789662 406.631336
 13.820000 -3.107803 0.730136 411.697194
 13.840000 -3.115245 0.842750 411.810920
 13.860000 -3.092253 0.751744 412.770834
 13.880000 -3.132964 0.666617 409.812567
 13.900000 -3.099395 0.727505 412.199164
 13.920000 -2.985586 0.592791 418.997656
 13.940000 -2.890082 0.705934 425.363977
 13.960000 -2.784031 0.580230 432.054637
 13.980000 -2.751111 0.681588 434.317583
 14.000000 -2.827446 0.614952 428.983371
 14.020000 -2.972346 0.607300 419.715856
 14.040000 -3.065209 0.544861 414.445027
 14.060000 3.100825 0.618059 407.327719
 14.080000 -3.130448 0.623740 409.785454
 14.100000 3.015875 0.656359 403.690782
 14.120000 3.005418 0.701382 403.492062
 14.140000 2.997289 0.814157 403.725104
 14.160000 -3.115682 0.852941 411.831427
 14.180000 -2.986890 1.018750 420.633264
 14.200000 -2.914772 1.029353 425.374809
 14.220000 -3.011231 0.921910 418.701703
 14.240000 -3.080290 0.966681 414.506930
 14.260000 3.067508 0.987000 407.476143
 14.280000 3.009832 0.840360 404.377600
 14.300000 3.106502 0.928919 408.979338
 14.320000 -3.101630 0.771281 412.295526
 14.340000 3.141072 0.977597 410.729749
 14.360000 -3.136475 0.828099 410.441270
 14.380000 -3.081291 0.652454 412.881588
 14.400000 -2.992883 0.887781 419.726788
 14.420000 -2.856022 0.791155 428.144420
 14.440000 -2.888593 0.821844 426.177927
 14.460000 -2.876180 0.776152 426.725238
 14.480000 -3.026914 0.850597 417.374259
 14.500000 -3.097583 0.790240 412.642965
 14.520000 -3.102197 0.635678 411.500123
 14.540000 2.987370 0.563335 402.966679
 14.560000 3.007432 0.614899 403.308951
 14.580000 3.041075 0.507247 405.746996
 14.600000 -3.113276 0.442698 412.399696
 14.620000 3.128674 0.646559 408.589763
 14.640000 -2.862495 0.520604 427.377383
 14.660000 -2.832496 0.818425 429.864918
 14.680000 -2.852890 0.499046 428.135964
 14.700000 -2.882617 0.701025 425.817422
 14.720000 3.122611 0.650364 408.336597
 14.740000 3.079219 0.629401 406.279044
 14.760000 3.066142 0.647235 405.805039
 14.780000 2.942486 0.733044 401.070886
 14.800000 2.959116 0.777211 401.968102
 14.820000 3.095931 0.809483 407.972712
 14.840000 2.979214 0.923674 403.478378
 14.860000 -3.033865 0.743011 416.365402
 14.880000 -2.928641 0.966116 424.238587
 14.900000 -2.937102 0.724064 422.430120
 14.920000 -2.763184 0.861875 434.740684
 14.940000 -2.887112 0.717862 425.637228
 14.960000 -2.959374 0.661072 420.589959
 14.980000 -2.969307 0.667897 420.000972
 15.000000 -2.945915 0.584828 421.574334
 15.020000 -3.060108 0.598339 414.302167
 15.040000 -3.087633 0.459998 413.789629
 15.060000 3.094690 0.309426 409.815909
 15.080000 3.138830 0.303068 411.783314
 15.100000 3.057935 0.136526 409.774880
 15.120000 -3.129708 0.174762 413.615828
 15.140000 -3.043455 0.164437 418.629858
 15.160000 -3.081666 0.126020 416.697869
 15.180000 -3.008992 0.193875 420.451278
 15.200000 -3.035988 0.135816 419.248929
 15.220000 -3.129938 0.315838 412.472979
 15.240000 3.103294 0.063506 412.217929
 15.260000 3.046572 0.325130 407.640209
 15.280000 2.921542 0.060737 405.211791
 15.300000 2.925260 0.266651 403.345650
 15.320000 3.061111 0.154226 409.752159
 15.340000 3.002358 0.276896 406.267577
 15.360000 -2.892185 0.282221 426.961560
 15.380000 -2.863716 0.324616 428.490288
 15.400000 -2.766456 0.553393 433.370935
 15.420000 -2.636873 0.456254 442.223427
 15.440000 -2.679044 0.469893 439.471601
 15.460000 -2.910907 0.708585 424.027153
 15.480000 -2.890942 0.613422 424.875725
 15.500000 3.118428 0.642550 408.103161
 15.520000 3.044157 0.788939 405.595197
 15.540000 -3.038183 0.803739 416.423774
 15.560000 3.041286 0.977126 406.304171
 15.580000 3.081537 1.030492 408.239523
 15.600000 3.027506 1.034070 405.918861
 15.620000 3.038307 1.271710 407.167150
 15.640000 3.134295 1.155420 410.882478
 15.660000 -3.037667 1.231294 417.738636
 15.680000 3.108951 1.315661 411.194916
 15.700000 -3.103657 1.280541 414.151317
 15.720000 3.057764 1.217649 407.604103
 15.740000 2.946057 1.182117 402.982112
 15.760000 3.057614 1.240689 407.612239
 15.780000 2.960957 1.111309 403.409810
 15.800000 3.076779 1.020478 407.998116
 15.820000 -3.103226 1.035020 413.306286
 15.840000 -3.126575 0.995691 411.737382
 15.860000 -2.962645 1.022823 422.218809
 15.880000 -2.740747 0.950283 436.703166
 15.900000 -2.860657 0.942962 428.633989
 15.920000 -2.752979 1.009181 436.119996
 15.940000 -2.871726 0.904763 427.724460
 15.960000 -2.979683 0.834074 420.312546
 15.980000 -2.919304 0.925375 424.680750
 16.000000 -3.097942 0.650095 411.846044
 16.020000 3.045779 0.785055 405.646114
 16.040000 3.057824 0.603958 405.566607
 16.060000 3.062468 0.677584 405.811755
 16.080000 3.103600 0.746583 408.001133
 16.100000 -2.951096 0.708971 421.432546
 16.120000 -2.969520 0.686191 420.106074
 16.140000 -2.835223 0.763525 429.344593
 16.160000 -3.011109 0.566189 417.613629
 16.180000 3.115587 0.590541 408.243552
 16.200000 3.068805 0.515070 406.867833
 16.220000 3.064429 0.477099 407.024485
 16.240000 3.001859 0.504249 404.125546
 16.260000 3.106712 0.467565 408.955157
 16.280000 2.995634 0.573219 403.214663
 16.300000 3.122105 0.438754 409.889486
 16.320000 -3.000761 0.599625 417.986290
 16.340000 -2.934770 0.582737 422.300559
 16.360000 -2.730697 0.588065 435.483385
 16.380000 -2.863556 0.642432 426.640754
 16.400000 -2.776478 0.519336 432.929601
 16.420000 -2.868022 0.814804 427.492844
 16.440000 -2.791716 0.667057 431.528533
 16.460000 -2.957244 0.719160 421.101255
 16.480000 -3.052792 0.814067 415.556485
 16.500000 3.118916 0.842668 409.164067
 16.520000 2.977829 0.816562 402.928809
 16.540000 3.041540 0.880070 405.912710
 16.560000 3.056807 1.123550 407.418000
 16.580000 -3.054067 1.198323 416.692271
 16.600000 -3.095355 1.257299 414.129417
 16.620000 -2.973886 1.344879 423.735785
 16.640000 3.114627 1.381049 412.875194
 16.660000 -3.045940 1.297359 418.129382
 16.680000 -3.090655 1.341899 416.316220
 16.700000 -3.131762 1.225046 411.872297
 16.720000 3.054644 1.239658 407.485844
 16.740000 3.001856 1.233006 405.285927
 16.760000 3.042529 1.141978 406.847451
 16.780000 -3.041076 1.391790 420.440710
 16.800000 -2.851370 1.270941 430.174387
 16.820000 -3.017629 1.303118 420.047585
 16.840000 -2.948434 1.204805 423.477844
 16.860000 3.072476 1.234687 408.243670
 16.880000 3.112158 1.227751 409.965408
 16.900000 -3.119056 1.114295 412.524472
 16.920000 3.088393 1.152281 408.842669
 16.940000 -3.137548 1.162893 411.468496
 16.960000 -3.118981 1.145576 412.584392
 16.980000 3.041374 1.027145 406.486348
 17.000000 -3.102436 0.843611 412.605139
 17.020000 -3.088511 0.851274 413.504810
 17.040000 -3.034660 0.756162 416.389301
 17.060000 -2.887803 0.589587 425.259204
 17.080000 -2.917998 0.536963 423.714226
 17.100000 -3.139642 0.558176 409.827985
 17.120000 -2.911483 0.256793 425.921147
 17.140000 -3.091471 0.275512 415.033203
 17.160000 -3.020357 0.243348 419.453033
 17.180000 -2.916538 0.006726 426.784530
 17.200000 3.067480 -0.071991 412.944409
 17.220000 3.108752 -0.165867 416.618161
 17.240000 -3.123627 -0.064663 416.654116
 17.260000 3.138921 0.037290 413.874912
 17.280000 3.128283 0.051813 413.330849
 17.300000 -2.953844 0.027065 424.566545
 17.320000 3.134275 0.326762 411.385471
 17.340000 -3.063401 0.197765 417.243574
 17.360000 3.067257 0.251898 409.156571
 17.380000 2.959425 0.254297 404.780201
 17.400000 3.082512 0.327102 409.140786
 17.420000 3.013907 0.440875 405.217936
 17.440000 -3.088370 0.541515 413.061046
 17.460000 3.105643 0.564772 408.034633
 17.480000 3.114876 0.630570 407.874474
 17.500000 3.105171 0.600197 407.687999
 17.520000 -3.077020 0.798407 413.960396
 17.540000 3.120596 0.837897 409.217996
 17.560000 -2.996189 0.840057 419.282657
 17.580000 -3.044605 1.094651 417.142947
 17.600000 -3.106764 1.049829 413.129613
 17.620000 -3.016510 1.249325 419.079789
 17.640000 -3.058814 1.117138 416.290064
 17.660000 -2.940353 1.323812 425.458632
 17.680000 -3.084285 1.399343 417.913148
 17.700000 -3.002316 1.477801 424.521399
 17.720000 3.110057 1.367500 412.388233
 17.740000 3.014229 1.612885 413.311600
 17.760000 3.137344 1.507211 416.361454
 17.780000 -3.057319 1.513338 421.745158
 17.800000 -3.107384 1.565069 419.610330
 17.820000 3.097742 1.382373 412.181832
 17.840000 3.045358 1.487745 412.189270
 17.860000 2.947919 1.282981 403.799226
 17.880000 -3.096665 1.395064 417.065399
 17.900000 3.132997 1.248604 410.890419
 17.920000 -3.065610 1.350083 418.043950
 17.940000 3.090153 1.213645 408.994598
 17.960000 -3.128343 1.138213 411.996298
 17.980000 -3.081570 1.102492 414.830094
 18.000000 -2.988558 1.134863 420.807707
 18.020000 -3.076646 1.101944 415.137444
 18.040000 -2.830780 1.026683 430.948017
 18.060000 -2.942832 1.121435 423.758267
 18.080000 -3.071465 1.079848 415.412379
 18.100000 -2.939421 0.976875 423.573953
 18.120000 3.041801 0.771597 405.406740
 18.140000 3.076776 0.774946 406.951188
 18.160000 2.906601 0.587781 399.493890
 18.180000 3.006283 0.719322 403.623114
 18.200000 3.041068 0.698673 404.996434
 18.220000 -2.917658 0.736871 423.770549
 18.240000 -2.935787 0.836471 423.168404
 18.260000 -2.887530 0.738120 425.742202
 18.280000 -2.958605 0.725295 421.051773
 18.300000 -3.126081 0.598941 410.274630
 18.320000 -3.043265 0.553118 415.725114
 18.340000 3.067245 0.640284 405.814391
 18.360000 -3.058382 0.645580 414.254498
 18.380000 3.049047 0.521836 405.953053
 18.400000 -3.138678 0.803800 410.190322
 18.420000 3.058753 0.678376 405.653900
 18.440000 -3.029445 0.697229 416.376089
 18.460000 -3.090258 0.615338 412.301266
 18.480000 -3.061632 0.751849 414.673205
 18.500000 -3.088889 0.578828 412.707114
 18.520000 3.062933 0.757011 406.251600
 18.540000 -2.972814 0.545037 420.182699
 18.560000 -2.898282 0.873018 425.814117
 18.580000 -2.787384 0.890309 433.274661
 18.600000 -2.828695 0.770459 429.820918
 18.620000 -2.979291 0.815153 420.238303
 18.640000 3.136830 0.806246 409.806749
 18.660000 3.036447 0.751029 405.071482
 18.680000 2.790467 0.633989 394.828133
 18.700000 2.859750 0.900118 398.691780
 18.720000 3.050003 0.858327 406.180091
 18.740000 3.106009 1.189368 409.666813
 18.760000 -2.982248 1.120829 421.192119
 18.780000 -3.068064 1.225494 415.821136
 18.800000 -3.032609 1.248668 418.055481
 18.820000 -3.026002 1.251122 418.474238
 18.840000 -3.100903 1.136152 413.688193
 18.860000 2.995440 1.208357 404.998516
 18.880000 3.038597 1.302727 407.912623
 18.900000 3.048142 1.269736 407.531467
 18.920000 -3.114141 1.519443 418.405615
 18.940000 -3.105203 1.342784 415.439875
 18.960000 -3.091951 1.373196 416.901440
 18.980000 -3.038929 1.419843 421.134488
 19.000000 -2.866259 1.296438 429.736713
 19.020000 -2.883906 1.305704 428.768253
 19.040000 -2.949337 1.230772 423.419337
 19.060000 -2.968534 1.208138 422.171365
 19.080000 -3.049818 1.150147 416.912972
 19.100000 -3.027864 1.108884 418.238070
 19.120000 -3.108575 0.973527 412.770780
 19.140000 3.028442 0.902177 405.448476
 19.160000 2.925549 0.642612 399.916065
 19.180000 3.115502 0.755253 408.581907
 19.200000 3.014710 0.504883 404.655240
 19.220000 -3.127674 0.487579 411.161293
 19.240000 -2.985792 0.625958 418.709953
 19.260000 -2.989810 0.394763 420.242807
 19.280000 -2.829517 0.567752 429.183034
 19.300000 -2.948319 0.336841 423.185303
 19.320000 -3.072738 0.334256 415.683099
 19.340000 2.997406 0.132278 407.404446
 19.360000 3.044576 0.153684 409.085909
 19.380000 3.059404 0.044422 410.603979
 19.400000 3.117874 0.054696 412.881623
 19.420000 -2.896247 0.163976 427.319790
 19.440000 -2.910406 -0.029640 427.737532
 19.460000 -2.711726 0.232834 438.283666
 19.480000 -2.747615 0.044252 436.507054
 19.500000 -2.916162 0.223947 425.817289
 19.520000 -2.907032 0.176665 426.612357
 19.540000 -2.952116 0.257866 423.447905
 19.560000 -3.125139 0.281723 413.028667
 19.580000 -3.087843 0.361121 414.576768
 19.600000 -3.067117 0.550409 414.281382
 19.620000 3.005237 0.545024 403.882090
 19.640000 -2.981671 0.696683 419.397181
 19.660000 3.074465 0.627644 406.069964
 19.680000 2.974122 0.734371 402.362936
 19.700000 3.133493 0.588273 409.072213
 19.720000 3.017713 0.705294 404.032377
 19.740000 3.022888 0.732544 404.395535
 19.760000 -2.971035 0.737865 420.330110
 19.780000 -3.125238 0.873119 411.335549
 19.800000 -3.036099 0.873010 416.898281
 19.820000 -2.987078 0.776441 419.526220
 19.840000 2.991019 0.714626 402.959264
 19.860000 3.136931 0.730334 409.426298
 19.880000 -3.046233 0.659709 415.096863
 19.900000 3.114552 0.781611 408.672484
 19.920000 -2.882292 0.583157 425.662157
 19.940000 -2.924401 0.747952 423.401537
 19.960000 -3.045385 0.771711 415.799601
 19.980000 -2.745382 0.656684 434.494759
 20.000000 -2.925682 0.865941 423.980605
