#! FIELDS time phi psi metad.bias
#! SET min_phi -pi
#! SET max_phi pi
#! SET min_psi -pi
#! SET max_psi pi
 0.000000 3.141580 -3.141577 457.470421
 0.020000 3.141360 2.497809 446.578309
 0.040000 3.134518 2.520299 446.691057
 0.060000 3.119397 2.523334 446.155454
 0.080000 3.105210 2.524065 445.598733
 0.100000 3.103533 2.515505 445.299423
 0.120000 -3.138296 2.513480 447.000475
 0.140000 -3.125522 2.477435 447.307410
 0.160000 -3.137052 2.505034 446.964594
 0.180000 -3.122256 2.498953 447.801799
 0.200000 3.117757 2.520334 446.007917
 0.220000 3.132376 2.486588 446.056664
 0.240000 -3.095996 2.480684 449.194370
 0.260000 3.133631 2.476266 445.964470
 0.280000 3.129829 2.474418 445.782020
 0.300000 3.076421 2.478163 443.659938
 0.320000 3.013458 2.348097 439.019585
 0.340000 3.040909 2.354627 440.234593
 0.360000 3.083404 2.384755 442.482196
 0.380000 3.075476 2.397732 442.376730
 0.400000 3.085534 2.369018 442.299424
 0.420000 -3.132285 2.411126 445.897545
 0.440000 -3.140795 2.431751 445.687975
 0.460000 -3.071491 2.472573 450.621828
 0.480000 -3.133054 2.477807 446.844194
 0.500000 -3.100115 2.444608 448.426746
 0.520000 -3.140921 2.468615 446.225929
 0.540000 3.106552 2.525300 445.686318
 0.560000 3.030804 2.418410 440.917476
 0.580000 3.082403 2.585510 446.277632
 0.600000 2.948022 2.557691 440.312078
 0.620000 -3.051141 2.757442 457.950863
 0.640000 3.054434 2.589781 445.270829
 0.660000 -3.137305 2.700778 451.589659
 0.680000 3.047567 2.645606 446.353699
 0.700000 2.984286 2.639090 443.737549
 0.720000 2.890931 2.521379 437.197981
 0.740000 3.050905 2.537663 443.783230
 0.760000 2.981138 2.383807 438.378776
 0.780000 -3.103730 2.351046 446.694380
 0.800000 3.043039 2.295958 439.226289
 0.820000 -3.139764 2.233267 442.156273
 0.840000 3.102610 2.096025 437.302304
 0.860000 3.128914 2.087035 438.187514
 0.880000 -3.037368 2.034296 444.104359
 0.900000 -3.064920 1.982102 440.927539
 0.920000 -3.114498 2.051688 439.568343
 0.940000 -3.113960 1.836613 434.418627
 0.960000 -3.130716 1.868757 433.756705
 0.980000 3.123425 1.885731 432.517903
 1.000000 -3.041767 1.886583 439.706170
 1.020000 3.115260 1.803180 431.121578
 1.040000 -3.059073 1.825906 437.795049
 1.060000 3.119297 1.772522 430.863334
 1.080000 -3.138073 1.782303 432.159230
 1.100000 2.941989 1.673804 422.360684
 1.120000 3.085961 1.753631 429.211764
 1.140000 2.976068 1.735394 424.585322
 1.160000 3.057321 1.787267 428.523929
 1.180000 3.020860 1.678742 425.453799
 1.200000 3.041613 1.809679 428.195226
 1.220000 -3.104424 1.763398 434.015752
 1.240000 -3.045039 1.814696 438.551762
 1.260000 -2.929627 1.731774 444.896107
 1.280000 -3.005462 1.639311 438.353807
 1.300000 -3.049402 1.861771 438.881571
 1.320000 -3.092485 1.588362 431.871253
 1.340000 -2.919463 1.805010 446.677013
 1.360000 -3.102269 1.535150 430.252539
 1.380000 -3.042017 1.797316 438.507221
 1.400000 3.136916 1.655244 429.777111
 1.420000 3.094160 1.722143 429.077550
 1.440000 -3.028776 1.715942 438.140985
 1.460000 -3.010165 1.791939 440.502920
 1.480000 -3.119180 1.981485 437.422778
 1.500000 3.027591 1.865014 428.334270
 1.520000 3.066900 1.906674 430.787638
 1.540000 2.897609 1.742097 421.759512
 1.560000 3.073158 1.920263 431.433884
 1.580000 2.908528 1.630799 420.441293
 1.600000 2.997061 1.759713 425.747226
 1.620000 2.989191 1.562144 422.247802
 1.640000 3.132072 1.629713 429.140316
 1.660000 -3.099177 1.628898 432.178811
 1.680000 -2.977651 1.523361 437.932466
 1.700000 -2.848521 1.574108 447.441679
 1.720000 -2.850761 1.359470 442.458565
 1.740000 -2.906996 1.317009 437.770264
 1.760000 -3.117614 1.074783 422.995946
 1.780000 -3.122774 1.085490 422.723694
 1.800000 3.130621 0.923992 420.744399
 1.820000 -3.041865 0.803841 426.098554
 1.840000 -3.069405 0.780636 424.439528
 1.860000 -2.987509 0.834574 429.345414
 1.880000 -3.094845 0.607082 422.318554
 1.900000 -3.026932 0.627733 425.702222
 1.920000 3.140434 0.451588 421.369757
 1.940000 -3.129307 0.377654 422.681558
 1.960000 3.131962 0.332123 422.166738
 1.980000 -3.115811 0.220354 424.641282
 2.000000 -3.133336 0.329615 422.904199
 2.020000 -3.046597 0.285626 427.450346
 2.040000 -2.958924 0.447318 430.682301
 2.060000 -2.963578 0.276084 431.559239
 2.080000 -2.956277 0.376283 431.291005
 2.100000 -3.113616 0.299697 424.105631
 2.120000 -3.128808 0.281210 423.531893
 2.140000 3.114217 0.373375 421.211223
 2.160000 -2.975440 0.394570 430.201634
 2.180000 -2.901795 0.578445 432.791475
 2.200000 -2.787909 0.672361 439.181967
 2.220000 -2.883010 0.855295 435.504880
 2.240000 -2.862857 0.979766 437.634107
 2.260000 -2.972700 1.084132 431.588543
 2.280000 -3.071423 1.053496 425.614741
 2.300000 3.035761 1.063742 417.605404
 2.320000 2.894204 1.150236 412.701442
 2.340000 3.070788 1.257638 419.024333
 2.360000 2.884342 1.307134 413.371492
 2.380000 3.029221 1.385784 420.308484
 2.400000 3.131891 1.530684 427.327829
 2.420000 -3.107200 1.694291 432.774978
 2.440000 -2.997678 1.631163 438.712280
 2.460000 -3.048968 1.653457 435.798542
 2.480000 3.015320 1.517713 422.426824
 2.500000 3.010679 1.558402 423.002586
 2.520000 3.107338 1.498672 425.701483
 2.540000 3.088246 1.545788 425.832068
 2.560000 -3.084966 1.531200 431.257778
 2.580000 3.054729 1.551664 424.600784
 2.600000 3.086790 1.549245 425.837832
 2.620000 -3.003873 1.516839 436.112499
 2.640000 -2.983771 1.530225 437.677296
 2.660000 -2.909809 1.468629 441.171791
 2.680000 -2.778289 1.528408 451.177193
 2.700000 -2.957258 1.400479 436.568311
 2.720000 -2.949015 1.404984 437.200157
 2.740000 -3.000495 1.128344 430.073089
 2.760000 2.995119 1.231268 416.180220
 2.780000 3.046508 1.017957 417.910396
 2.800000 3.116306 1.018541 420.508219
 2.820000 -3.079334 0.879529 424.430594
 2.840000 -3.093430 0.917758 423.820733
 2.860000 -3.047449 0.749886 425.450779
 2.880000 -3.117724 0.687071 421.283076
 2.900000 -2.923703 0.639228 431.350600
 2.920000 -2.872295 0.497119 434.877554
 2.940000 -2.950848 0.546282 430.402813
 2.960000 -2.820186 0.310210 438.477198
 2.980000 -3.042890 0.385844 426.878676
 3.000000 -2.949216 0.203542 432.677106
 3.020000 -3.024523 0.269095 428.637716
 3.040000 -3.056461 0.176978 427.751872
 3.060000 -3.058806 0.246812 427.145662
 3.080000 -2.946859 0.259887 432.472307
 3.100000 -2.965851 0.301316 431.291481
 3.120000 -2.976882 0.301113 430.749588
 3.140000 -2.948450 0.378493 431.671791
 3.160000 -2.956822 0.493614 430.468236
 3.180000 -2.828491 0.416046 437.591227
 3.200000 -2.899004 0.518697 433.335042
 3.220000 -3.045390 0.525896 425.618897
 3.240000 -3.002026 0.493976 428.118980
 3.260000 -3.075308 0.809970 424.284671
 3.280000 -3.058457 0.736954 424.767311
 3.300000 -3.067152 0.932506 425.373984
 3.320000 -3.109783 0.933967 422.971472
 3.340000 -3.094397 1.178440 424.557398
 3.360000 -3.107419 1.212558 423.816903
 3.380000 3.124165 1.365664 423.606529
 3.400000 3.066675 1.446795 423.034900
 3.420000 -3.136151 1.612236 429.570315
 3.440000 3.114684 1.911915 432.915101
 3.460000 -3.056141 1.892483 438.949301
 3.480000 -3.115147 2.082567 440.299583
 3.500000 3.134884 2.250697 442.116362
 3.520000 -3.087001 2.442282 449.217233
 3.540000 -3.124181 2.503385 447.740557
 3.560000 3.110706 2.555498 446.651485
 3.580000 3.129705 2.682443 450.456458
 3.600000 3.001061 2.787157 447.579032
 3.620000 2.990886 2.844628 448.253904
 3.640000 2.988051 2.794467 447.224614
 3.660000 3.016013 2.813719 448.651641
 3.680000 -3.127325 3.011211 457.183514
 3.700000 3.066186 2.975258 453.089433
 3.720000 -3.127060 3.066949 457.739246
 3.740000 3.133481 3.070012 456.640687
 3.760000 -3.106047 3.113364 459.278095
 3.780000 3.112379 3.008801 455.234808
 3.800000 -3.072087 2.939105 459.543088
 3.820000 3.092282 2.851202 452.249479
 3.840000 -3.020859 2.780494 460.207328
 3.860000 -3.085072 2.602825 452.573669
 3.880000 3.064957 2.400885 442.002201
 3.900000 3.007548 2.333640 438.520144
 3.920000 2.833781 2.248384 430.264629
 3.940000 2.905995 2.157707 430.947862
 3.960000 3.044072 1.940339 430.817521
 3.980000 -3.111765 1.874049 435.024101
 4.000000 3.113739 1.875058 431.973052
 4.020000 -3.052456 1.767275 437.399992
 4.040000 -3.054294 1.583929 434.205174
 4.060000 -3.005399 1.557138 436.820169
 4.080000 -2.888444 1.385667 440.651646
 4.100000 -2.948455 1.343968 435.792175
 4.120000 -3.044174 1.069877 427.268858
 4.140000 -3.106726 0.997501 423.387155
 4.160000 -3.090942 0.785591 423.290869
 4.180000 -3.036102 0.714373 425.831917
 4.200000 -3.073197 0.643447 423.353908
 4.220000 -3.053952 0.423521 426.027852
 4.240000 -2.972644 0.460373 429.884825
 4.260000 -3.009356 0.290333 429.229101
 4.280000 -3.118541 0.256843 424.220678
 4.300000 -3.105285 0.110531 425.953524
 4.320000 3.069000 0.103698 422.100501
 4.340000 3.096091 0.040162 423.416697
 4.360000 3.098202 -0.015418 424.125135
 4.380000 3.054074 0.059242 421.998343
 4.400000 3.134485 -0.213671 429.564248
 4.420000 3.013440 -0.114679 423.878507
 4.440000 3.135816 -0.251357 430.379744
 4.460000 -3.052559 -0.265339 434.572304
 4.480000 -2.895076 -0.401804 443.467287
 4.500000 -2.858375 -0.409750 445.056904
 4.520000 -2.757086 -0.459890 449.715456
 4.540000 -2.830266 -0.507767 447.547610
 4.560000 -2.824587 -0.483461 447.441638
 4.580000 -2.929300 -0.459606 442.996292
 4.600000 -2.930015 -0.473776 443.181257
 4.620000 -3.059788 -0.384840 436.494662
 4.640000 3.084169 -0.383105 431.482187
 4.660000 -3.121154 -0.323201 432.824040
 4.680000 3.009450 -0.207175 425.793278
 4.700000 3.095491 -0.097158 425.898928
 4.720000 3.034531 -0.015443 422.225954
 4.740000 3.060242 -0.007659 422.808079
 4.760000 3.044660 0.099827 421.389301
 4.780000 3.038149 0.065005 421.472992
 4.800000 3.034939 0.146508 420.703318
 4.820000 2.969894 0.017872 419.827853
 4.840000 2.969319 0.116028 418.991451
 4.860000 2.891786 0.027676 417.504132
 4.880000 3.008455 0.152107 419.849111
 4.900000 3.080026 0.016153 423.105523
 4.920000 -3.081732 -0.031914 428.448962
 4.940000 -3.067135 -0.041173 429.298149
 4.960000 -3.034102 0.031039 429.692243
 4.980000 -2.972704 -0.136114 435.430875
 5.000000 -3.068872 -0.080910 430.087101
 5.020000 -2.858813 -0.066252 439.030253
 5.040000 -2.963932 0.087349 432.597872
 5.060000 -2.904326 0.043743 435.524354
 5.080000 -2.902033 0.301587 434.445592
 5.100000 -2.728345 0.255616 443.177254
 5.120000 -2.736407 0.584568 441.712272
 5.140000 -2.836066 0.534925 436.584900
 5.160000 -2.928096 0.716074 431.788102
 5.180000 -3.085282 0.855216 423.975979
 5.200000 -3.103102 0.844338 422.935109
 5.220000 3.090377 1.056818 419.618749
 5.240000 3.077135 1.138970 419.241717
 5.260000 3.110282 1.339477 422.465638
 5.280000 -3.040478 1.359339 430.365084
 5.300000 -3.079472 1.513828 431.258940
 5.320000 3.094363 1.542382 426.015526
 5.340000 2.948647 1.579210 421.030648
 5.360000 2.824346 1.425119 413.818836
 5.380000 2.970540 1.544541 421.224924
 5.400000 2.944692 1.690052 422.715312
 5.420000 3.108258 1.789150 430.637643
 5.440000 -3.078966 1.912185 438.053256
 5.460000 -3.088040 1.970249 439.110774
 5.480000 -3.038863 2.076963 445.086380
 5.500000 -3.083019 2.000405 440.252255
 5.520000 -3.093730 1.936362 437.798108
 5.540000 -2.939551 2.091760 451.989989
 5.560000 -2.914195 2.017107 451.798831
 5.580000 -3.101027 2.089747 441.380209
 5.600000 3.124124 1.945625 434.269523
 5.620000 3.042257 1.966905 431.479946
 5.640000 3.024942 2.165807 435.757358
 5.660000 -3.103287 2.116606 441.882417
 5.680000 -3.035165 2.221370 448.614463
 5.700000 -2.957942 2.195787 453.131310
 5.720000 -2.978767 2.330021 454.353050
 5.740000 3.080555 2.143363 437.510089
 5.760000 3.066463 2.249560 439.252011
 5.780000 3.134567 2.317521 443.404639
 5.800000 3.106793 2.380856 443.375964
 5.820000 -3.037306 2.295866 449.945326
 5.840000 3.130081 2.164028 440.051530
 5.860000 -3.086384 2.389948 448.448020
 5.880000 3.141318 2.320518 443.743236
 5.900000 -3.087628 2.435274 449.074242
 5.920000 3.032696 2.238549 437.652604
 5.940000 -3.021898 2.574166 455.813852
 5.960000 3.029958 2.536288 442.917754
 5.980000 -3.101605 2.595579 451.377313
 6.000000 3.051909 2.447969 442.226731
 6.020000 -3.136021 2.618008 449.801646
 6.040000 3.102065 2.509169 445.125054
 6.060000 3.095835 2.497386 444.713878
 6.080000 2.982898 2.412408 438.930567
 6.100000 3.053034 2.358169 440.786632
 6.120000 3.117257 2.442265 444.793587
 6.140000 -3.079420 2.222890 445.788534
 6.160000 -2.997907 2.268053 451.972727
 6.180000 -2.980987 2.237330 452.473752
 6.200000 -2.980007 2.328452 454.245229
 6.220000 3.092337 2.073956 436.331636
 6.240000 -3.131010 2.130738 440.444922
 6.260000 3.020126 2.089223 433.759581
 6.280000 -3.043947 2.137162 446.195517
 6.300000 3.073317 2.014379 434.021031
 6.320000 -2.972818 2.074693 449.366502
 6.340000 -3.048415 2.097339 444.963074
 6.360000 -2.974043 2.109023 450.117342
 6.380000 3.133324 2.060832 437.722680
 6.400000 -3.106241 2.134497 442.113996
 6.420000 3.037563 1.924725 430.114914
 6.440000 3.141048 2.028132 437.213479
 6.460000 3.093844 1.822270 430.487249
 6.480000 3.088063 1.894487 431.302747
 6.500000 3.076752 1.793019 429.392810
 6.520000 2.924232 1.810405 423.668422
 6.540000 3.002391 1.803066 426.553293
 6.560000 2.999964 1.793295 426.327071
 6.580000 -3.114520 1.990025 437.951638
 6.600000 -3.037403 1.787115 438.661630
 6.620000 -3.007899 1.860591 441.570617
 6.640000 3.139511 1.633111 429.509201
 6.660000 -3.103625 1.812836 434.762520
 6.680000 3.045688 1.647142 425.919268
 6.700000 -3.074639 1.688245 434.743910
 6.720000 -3.134699 1.663854 430.547107
 6.740000 -3.070203 1.679461 434.881665
 6.760000 3.112443 1.524587 426.412636
 6.780000 3.089114 1.269892 420.026107
 6.800000 -3.132958 1.356421 424.627963
 6.820000 -3.032243 1.208683 428.338936
 6.840000 -3.066039 1.232106 426.314459
 6.860000 -3.030672 1.285680 429.212709
 6.880000 -3.038524 1.089151 427.668107
 6.900000 3.111023 1.068430 420.425827
 6.920000 -3.120022 1.005082 422.655997
 6.940000 2.982282 0.683779 414.530061
 6.960000 3.025626 0.728122 416.180592
 6.980000 -3.109267 0.672312 421.639316
 7.000000 -3.033443 0.658631 425.577641
 7.020000 -2.968194 0.522975 429.660988
 7.040000 -2.823544 0.557649 437.131028
 7.060000 -2.969371 0.495701 429.799880
 7.080000 -2.895641 0.497243 433.647580
 7.100000 -2.977298 0.375263 430.239474
 7.120000 3.101472 0.377179 420.755876
 7.140000 -3.076409 0.358269 425.436883
 7.160000 3.074444 0.370276 419.935884
 7.180000 -3.095272 0.385085 424.287746
 7.200000 -3.005636 0.435169 428.379968
 7.220000 -2.784939 0.636649 438.941781
 7.240000 -2.770368 0.489294 440.297913
 7.260000 -2.625810 0.652706 447.923884
 7.280000 -2.781981 0.684045 439.643540
 7.300000 -2.929005 0.597225 431.194702
 7.320000 -2.961456 0.725643 430.013769
 7.340000 3.111258 0.635928 418.661517
 7.360000 3.127321 0.679494 419.475639
 7.380000 3.103344 0.698957 418.732755
 7.400000 -3.086290 0.809097 423.675719
 7.420000 3.121459 0.780422 419.791396
 7.440000 -3.047667 0.715168 425.209647
 7.460000 -3.118403 0.653588 421.043148
 7.480000 -3.040180 0.721963 425.662139
 7.500000 -2.896982 0.593680 432.946455
 7.520000 -3.041378 0.664269 425.193673
 7.540000 -2.796719 0.459146 439.043760
 7.560000 -2.832839 0.652386 436.469868
 7.580000 -2.767868 0.657726 440.130677
 7.600000 -2.754510 0.645675 440.728921
 7.620000 -2.855302 0.617605 435.051052
 7.640000 -2.979809 0.590897 428.523337
 7.660000 -3.086649 0.515594 423.589777
 7.680000 -3.107682 0.533270 422.355416
 7.700000 3.071837 0.670727 417.484900
 7.720000 -3.043030 0.541108 425.611649
 7.740000 3.089478 0.774263 418.614037
 7.760000 -3.114980 0.606868 421.275101
 7.780000 -3.116509 0.804392 421.999559
 7.800000 -3.111474 0.649969 421.383231
 7.820000 -3.107622 0.597656 421.746312
 7.840000 -3.100789 0.639873 421.877936
 7.860000 3.132304 0.543836 420.209243
 7.880000 -3.073119 0.691012 423.678495
 7.900000 -3.015066 0.685120 426.763949
 7.920000 -2.986543 0.729557 428.656063
 7.940000 -2.893961 0.660579 433.178783
 7.960000 3.113598 0.686853 419.029996
 7.980000 -3.126090 0.552256 421.236939
 8.000000 3.080233 0.689565 417.873968
 8.020000 -3.006716 0.553117 427.406275
 8.040000 -2.896828 0.625668 432.731044
 8.060000 -2.838137 0.623919 435.949980
 8.080000 -2.885940 0.657018 433.586345
 8.100000 -2.881042 0.591201 433.824602
 8.120000 -2.877190 0.598017 433.988044
 8.140000 -2.993979 0.680853 427.876424
 8.160000 -2.933751 0.585148 431.028555
 8.180000 3.070167 0.702597 417.590417
 8.200000 -3.099274 0.652025 422.036767
 8.220000 3.121891 0.789407 419.850063
 8.240000 -3.115607 0.793925 421.994490
 8.260000 -3.086550 0.833096 423.790610
 8.280000 -3.119910 0.762939 421.597889
 8.300000 3.073626 0.789079 418.118121
 8.320000 3.118604 0.614522 419.018041
 8.340000 -3.124146 0.610238 420.767343
 8.360000 -3.065986 0.690580 424.057604
 8.380000 -2.805598 0.739204 438.901872
 8.400000 -2.835279 0.606822 436.211324
 8.420000 -2.907674 0.725435 433.008469
 8.440000 -2.852615 0.629517 435.141255
 8.460000 -2.955978 0.549562 430.107275
 8.480000 -3.000824 0.563257 427.633531
 8.500000 -3.011561 0.532161 427.322689
 8.520000 -3.092375 0.462511 423.768799
 8.540000 3.121100 0.558363 419.678032
 8.560000 -2.998510 0.604329 427.417490
 8.580000 -3.052041 0.680045 424.733702
 8.600000 -3.014967 0.705270 426.917529
 8.620000 -3.001595 0.702699 427.628069
 8.640000 3.111656 0.622261 418.694924
 8.660000 -3.109489 0.614584 421.483765
 8.680000 3.051855 0.579677 417.100967
 8.700000 3.054092 0.587959 417.087906
 8.720000 -3.110200 0.665406 421.547228
 8.740000 -2.989088 0.742959 428.615011
 8.760000 -3.020443 0.755087 426.968385
 8.780000 -2.999637 0.807706 428.481763
 8.800000 3.122410 0.672060 419.259829
 8.820000 -3.099997 0.679380 422.173203
 8.840000 -3.030776 0.716432 426.135883
 8.860000 -3.013950 0.757807 427.345442
 8.880000 -2.885668 0.772909 434.664212
 8.900000 -2.827526 0.833514 438.551351
 8.920000 -2.858422 0.883436 437.170143
 8.940000 -2.967665 0.872892 430.732367
 8.960000 -3.047844 0.854428 426.062266
 8.980000 3.136116 0.846553 420.633454
 9.000000 -3.080907 0.798000 423.909472
 9.020000 -3.077471 0.952722 424.877966
 9.040000 -3.072690 0.789540 424.311736
 9.060000 3.116704 0.900384 420.136701
 9.080000 3.074643 0.809520 418.242482
 9.100000 3.133245 0.909686 420.788435
 9.120000 -2.998434 0.613006 427.348581
 9.140000 -3.104352 0.814686 422.715608
 9.160000 3.098644 0.559457 418.895853
 9.180000 3.102001 0.501317 419.591551
 9.200000 -3.120503 0.663443 420.993929
 9.220000 -2.778399 0.593110 439.388536
 9.240000 -2.740248 0.702860 442.202556
 9.260000 -2.712778 0.646888 443.052311
 9.280000 -2.788969 0.622421 438.656256
 9.300000 -2.799050 0.615984 438.138798
 9.320000 -2.929123 0.601986 431.153209
 9.340000 -2.931438 0.543779 431.448899
 9.360000 3.115415 0.653169 418.906266
 9.380000 -3.076780 0.680473 423.413711
 9.400000 -3.004268 0.720992 427.617217
 9.420000 3.046481 0.839919 417.368132
 9.440000 -3.096975 0.810339 423.096487
 9.460000 3.058102 0.762585 417.454875
 9.480000 3.099613 0.844848 419.288227
 9.500000 -3.101024 0.786058 422.744498
 9.520000 -3.067671 0.808544 424.697742
 9.540000 3.073959 0.774840 418.066579
 9.560000 -3.072306 0.762533 424.172741
 9.580000 3.066022 0.844438 418.077951
 9.600000 3.048217 0.819159 417.348255
 9.620000 -3.136466 0.721352 420.488411
 9.640000 3.037103 0.602474 416.361985
 9.660000 -3.082590 0.788866 423.765526
 9.680000 -3.026730 0.569670 426.218693
 9.700000 -3.013277 0.561057 426.996895
 9.720000 -2.899384 0.642098 432.705202
 9.740000 -2.771648 0.565731 439.888774
 9.760000 -2.830221 0.672828 436.829618
 9.780000 -2.651418 0.628324 446.177264
 9.800000 -2.713671 0.676767 443.378202
 9.820000 -2.801628 0.655752 438.234494
 9.840000 -2.778338 0.598827 439.362802
 9.860000 -2.903138 0.796548 433.867987
 9.880000 -3.074508 0.720697 423.795031
 9.900000 -3.034815 0.715343 425.908570
 9.920000 3.035035 0.630954 416.023036
 9.940000 2.992432 0.698303 414.930998
 9.960000 2.986668 0.649572 414.513368
 9.980000 3.079845 0.619326 417.626869
 10.000000 -3.066875 0.673900 423.898028
 10.020000 -3.018473 0.574747 426.609471
 10.040000 -2.930324 0.603440 431.077731
 10.060000 -2.772891 0.445635 440.344101
 10.080000 -2.684626 0.526118 444.707248
 10.100000 -2.630040 0.456415 447.719832
 10.120000 -2.631843 0.395291 447.713665
 10.140000 -2.726810 0.524645 442.468276
 10.160000 -2.749748 0.624431 440.800733
 10.180000 -2.806376 0.563042 438.027142
 10.200000 -3.005194 0.615314 426.968477
 10.220000 3.134950 0.610328 419.633306
 10.240000 3.084984 0.629642 417.714376
 10.260000 3.068816 0.824436 418.097398
 10.280000 3.104681 0.729941 418.940213
 10.300000 -3.096048 0.934688 423.747367
 10.320000 -3.106420 0.955912 423.249253
 10.340000 -3.081599 0.928185 424.534845
 10.360000 -3.068741 0.827195 424.744044
 10.380000 -3.065536 0.893767 425.277080
 10.400000 -3.079890 0.705015 423.406370
 10.420000 -3.088440 0.706423 422.957444
 10.440000 -3.092703 0.627354 422.233903
 10.460000 -3.062633 0.657954 424.014528
 10.480000 -3.011804 0.560788 427.076427
 10.500000 -2.988359 0.561013 428.308547
 10.520000 -2.982144 0.583010 428.462333
 10.540000 -2.889759 0.392831 434.566652
 10.560000 -2.947190 0.562349 430.478819
 10.580000 -2.929398 0.444485 432.222252
 10.600000 -3.032109 0.452153 426.903261
 10.620000 -2.941761 0.595856 430.519230
 10.640000 -2.910691 0.589271 432.237840
 10.660000 -2.845776 0.631201 435.533930
 10.680000 -2.894704 0.807637 434.442012
 10.700000 -3.107842 0.638567 421.500222
 10.720000 3.032144 0.680936 416.179958
 10.740000 2.975715 0.601999 414.350953
 10.760000 2.934603 0.722923 413.148757
 10.780000 3.022127 0.664752 415.762830
 10.800000 -3.140511 0.640712 419.812928
 10.820000 3.133385 0.705534 419.836056
 10.840000 -2.998379 0.563390 427.761218
 10.860000 -2.994011 0.545430 428.134619
 10.880000 -2.906272 0.577933 432.554449
 10.900000 -2.750738 0.424512 441.571936
 10.920000 -2.839816 0.655780 436.119610
 10.940000 -2.894977 0.409317 434.206608
 10.960000 -2.918492 0.479927 432.560080
 10.980000 -2.980792 0.602183 428.379829
 11.000000 -3.005947 0.524349 427.677722
 11.020000 -2.920504 0.617664 431.502909
 11.040000 -3.030541 0.711892 426.116969
 11.060000 -3.103163 0.627387 421.686827
 11.080000 3.125099 0.812189 420.073442
 11.100000 3.138671 0.646925 419.690416
 11.120000 -3.102004 0.856451 423.055459
 11.140000 -2.911516 0.905955 434.220869
 11.160000 -2.933603 0.916323 432.997302
 11.180000 -3.123024 0.912657 422.143379
 11.200000 3.133112 0.862046 420.589569
 11.220000 3.085751 0.769960 418.461685
 11.240000 -3.127051 0.872795 421.749573
 11.260000 -2.896269 0.665498 433.098149
 11.280000 -2.888644 0.686545 433.717401
 11.300000 -3.028603 0.617798 425.701829
 11.320000 -2.907593 0.520340 432.870244
 11.340000 -2.856317 0.632274 434.966900
 11.360000 -2.864129 0.594066 434.721765
 11.380000 -2.784912 0.563235 439.184547
 11.400000 -2.903505 0.523085 433.068606
 11.420000 -2.963649 0.604750 429.276383
 11.440000 -3.028532 0.478364 426.877530
 11.460000 3.059067 0.426574 418.896073
 11.480000 3.019346 0.510298 416.756714
 11.500000 3.130480 0.543386 420.150660
 11.520000 3.126325 0.545442 419.986983
 11.540000 -3.090772 0.573894 422.844835
 11.560000 -2.990472 0.587109 427.987002
 11.580000 -3.064984 0.638220 423.751422
 11.600000 -2.887894 0.698862 433.873882
 11.620000 -2.885386 0.562805 433.776593
 11.640000 -2.925915 0.820961 432.759078
 11.660000 -2.952528 0.638834 429.780708
 11.680000 -3.020016 0.792538 427.241886
 11.700000 -3.021637 0.629481 425.987974
 11.720000 -3.136004 0.812025 420.979785
 11.740000 3.050988 0.683568 416.834252
 11.760000 3.080839 0.678558 417.837648
 11.780000 -3.095177 0.743072 422.817467
 11.800000 -2.958133 0.732896 430.255571
 11.820000 -2.987993 0.610767 427.924766
 11.840000 -2.979451 0.630603 428.256288
 11.860000 -2.943089 0.620009 430.263378
 11.880000 -2.883252 0.628229 433.453480
 11.900000 -2.959435 0.632890 429.355107
 11.920000 -2.908680 0.456081 433.221359
 11.940000 -3.068691 0.627870 423.489879
 11.960000 -3.140756 0.480569 421.179828
 11.980000 -3.113435 0.505571 422.319825
 12.000000 2.971792 0.518674 415.139416
 12.020000 3.127110 0.515866 420.304160
 12.040000 -3.131881 0.580023 420.669813
 12.060000 -3.056325 0.667467 424.416966
 12.080000 -3.022200 0.792324 427.118935
 12.100000 -3.059410 0.859221 425.440240
 12.120000 -3.068866 0.816497 424.677015
 12.140000 -3.052632 0.973842 426.393983
 12.160000 3.117042 0.835368 419.882913
 12.180000 3.063741 0.847795 418.009705
 12.200000 -3.112750 0.901179 422.666465
 12.220000 3.118391 0.895258 420.179459
 12.240000 -3.121021 1.036884 422.697391
 12.260000 -3.108179 0.851053 422.688336
 12.280000 -3.102769 0.966858 423.498664
 12.300000 -2.912410 0.996094 434.762814
 12.320000 -2.841352 1.086582 439.638352
 12.340000 -2.903669 1.068072 435.702624
 12.360000 -2.836743 1.160280 440.319897
 12.380000 -2.956535 1.150217 432.823999
 12.400000 -3.051880 1.130538 426.994390
 12.420000 3.105943 1.013446 420.102848
 12.440000 2.956844 1.021740 414.743299
 12.460000 2.931844 1.014807 413.882801
 12.480000 -3.110325 0.964978 423.063688
 12.500000 3.071636 1.128143 419.022941
 12.520000 -3.076075 1.001539 425.158315
 12.540000 -2.951869 1.179102 433.204195
 12.560000 -2.880800 1.090345 437.222865
 12.580000 -2.802942 1.119153 442.223528
 12.600000 -2.807890 1.008358 441.174693
 12.620000 -3.028451 0.943495 427.643057
 12.640000 3.111668 0.719743 419.136384
 12.660000 3.121570 0.728859 419.537173
 12.680000 3.033606 0.634690 415.994730
 12.700000 -2.971884 0.460279 429.924638
 12.720000 -2.994207 0.468374 428.716643
 12.740000 -2.871602 0.316997 435.880879
 12.760000 -2.804383 0.240536 439.517434
 12.780000 -2.930745 0.173048 433.720416
 12.800000 -2.816567 0.232848 438.951877
 12.820000 -2.749251 0.075645 442.526937
 12.840000 -2.842866 0.184416 437.862462
 12.860000 -2.888205 0.183858 435.696792
 12.880000 -2.973107 0.265282 431.160474
 12.900000 3.102106 0.243491 421.970024
 12.920000 -3.038236 0.259643 428.041476
 12.940000 -3.091093 0.306623 425.135009
 12.960000 -3.052792 0.301885 427.029271
 12.980000 -2.991359 0.416156 429.244271
 13.000000 3.122675 0.313046 422.029708
 13.020000 -3.132284 0.463919 421.757696
 13.040000 -2.997935 0.638718 427.329319
 13.060000 -2.962300 0.573885 429.588599
 13.080000 -2.830724 0.925150 439.149078
 13.100000 -3.011953 0.910131 428.413705
 13.120000 -3.024490 0.874338 427.493911
 13.140000 3.078247 1.127804 419.272674
 13.160000 3.095398 0.965273 419.570382
 13.180000 -3.132971 1.315598 423.697289
 13.200000 -3.116230 1.166592 423.251456
 13.220000 -3.120307 1.348538 425.215503
 13.240000 3.092942 1.286907 420.575198
 13.260000 -3.075010 1.381588 428.732050
 13.280000 -3.114025 1.368940 426.056264
 13.300000 -2.909780 1.482030 441.467489
 13.320000 -3.062419 1.347662 428.735092
 13.340000 -2.929608 1.377582 437.803776
 13.360000 -3.127994 1.286205 423.307025
 13.380000 -3.088100 1.178786 424.932252
 13.400000 3.097902 1.227729 420.071083
 13.420000 3.121122 1.075266 420.826901
 13.440000 3.094003 1.172438 419.911921
 13.460000 -3.088036 1.023766 424.550361
 13.480000 -3.060300 1.022037 426.149824
 13.500000 3.089023 1.040725 419.533284
 13.520000 -3.067171 0.829822 424.845734
 13.540000 3.070497 0.903274 418.455540
 13.560000 -3.085530 1.017400 424.672475
 13.580000 3.117880 0.897628 420.169697
 13.600000 -3.082423 0.990930 424.752373
 13.620000 -3.099724 0.880858 423.299206
 13.640000 -2.959287 0.997476 431.973814
 13.660000 -3.024095 0.997891 428.158342
 13.680000 -3.061158 0.976007 425.912489
 13.700000 -3.110269 0.940551 422.970970
 13.720000 3.099862 0.977112 419.772323
 13.740000 -3.103511 1.058541 423.767093
 13.760000 -3.070610 1.087376 425.767978
 13.780000 -3.064093 1.033324 425.971447
 13.800000 -3.109760 1.091251 423.491052
 13.820000 3.100497 1.251695 420.160999
 13.840000 -3.127461 1.010159 422.249617
 13.860000 -3.114676 1.181499 423.360333
 13.880000 -3.085244 1.002199 424.633413
 13.900000 -3.007574 1.166462 429.753423
 13.920000 -3.024843 1.089794 428.483670
 13.940000 -3.114779 1.185063 423.357910
 13.960000 -3.102222 1.162728 424.071884
 13.980000 3.060524 1.191019 418.637100
 14.000000 3.100119 1.264559 420.331264
 14.020000 -3.093846 1.154737 424.554094
 14.040000 3.065703 1.222910 418.828507
 14.060000 3.114347 1.255190 420.704405
 14.080000 3.065420 1.213143 418.821074
 14.100000 3.077482 1.224198 419.280292
 14.120000 -2.924530 1.380915 438.209128
 14.140000 -2.868936 1.446075 443.336810
 14.160000 -2.772827 1.417263 448.989031
 14.180000 -2.816237 1.312278 443.498593
 14.200000 -2.992342 1.267405 431.131358
 14.220000 3.138834 1.191894 421.676108
 14.240000 -3.115217 1.047656 423.061255
 14.260000 2.980912 0.953003 415.434179
 14.280000 -3.123965 0.937216 422.189628
 14.300000 -2.924504 0.820321 432.834975
 14.320000 -2.914225 0.938791 434.287739
 14.340000 -2.932219 0.724116 431.626376
 14.360000 -2.888202 0.581095 433.505179
 14.380000 -2.984623 0.708414 428.601020
 14.400000 -2.888967 0.487691 434.056806
 14.420000 -2.837688 0.507510 436.648350
 14.440000 -2.970516 0.455277 430.030527
 14.460000 -2.852274 0.394121 436.475847
 14.480000 -3.008470 0.585966 427.042799
 14.500000 -3.074902 0.398356 425.185744
 14.520000 3.080308 0.491575 418.958556
 14.540000 2.954674 0.497771 414.823725
 14.560000 2.923552 0.342827 415.480031
 14.580000 3.003654 0.492028 416.439226
 14.600000 3.068844 0.576733 417.704132
 14.620000 -3.058148 0.439766 425.684851
 14.640000 -2.855191 0.639175 435.099963
 14.660000 -2.762995 0.643825 440.237570
 14.680000 -2.689625 0.676754 444.719451
 14.700000 -2.696186 0.721665 444.916320
 14.720000 -2.700565 0.651555 443.787525
 14.740000 -2.672422 0.695105 445.917688
 14.760000 -2.851476 0.689445 435.814384
 14.780000 -2.980612 0.705968 428.802363
 14.800000 -3.030061 0.740373 426.339609
 14.820000 -3.113774 0.730307 421.745639
 14.840000 -2.987292 0.874886 429.618474
 14.860000 -3.049233 0.847214 425.943586
 14.880000 -3.052187 0.791939 425.454418
 14.900000 -3.062912 0.961392 425.747788
 14.920000 -3.133120 0.695411 420.519952
 14.940000 3.122268 0.868321 420.214890
 14.960000 -3.062126 0.737742 424.573007
 14.980000 -3.089277 0.799120 423.457099
 15.000000 3.139866 0.763249 420.374611
 15.020000 3.133110 0.644866 419.481440
 15.040000 2.965083 0.518354 414.930344
 15.060000 3.059852 0.602342 417.128253
 15.080000 -3.027527 0.347761 427.928732
 15.100000 -3.045853 0.460209 426.140258
 15.120000 -2.852444 0.354329 436.661938
 15.140000 -2.840098 0.215731 437.875705
 15.160000 -2.817604 0.465765 437.919851
 15.180000 -2.681942 0.337709 445.294531
 15.200000 -2.706439 0.355402 444.032306
 15.220000 -2.859120 0.474208 435.700454
 15.240000 -2.773161 0.380638 440.577501
 15.260000 -2.860962 0.563396 435.084437
 15.280000 -2.908498 0.509510 432.892918
 15.300000 -2.969837 0.657435 429.000194
 15.320000 -3.098747 0.712973 422.446640
 15.340000 3.109539 0.778718 419.352921
 15.360000 3.058252 0.726173 417.292122
 15.380000 2.929082 0.876486 413.491570
 15.400000 2.852079 0.603190 410.503345
 15.420000 2.918230 0.865358 413.106255
 15.440000 2.963386 0.770343 414.269883
 15.460000 3.119052 0.713010 419.364042
 15.480000 3.126524 0.831848 420.214713
 15.500000 -3.039280 0.656786 425.251669
 15.520000 -3.000938 0.794521 428.320041
 15.540000 -2.997284 0.557716 427.864623
 15.560000 -2.986431 0.584997 428.218660
 15.580000 -2.875797 0.538739 434.441545
 15.600000 -2.928335 0.512487 431.828803
 15.620000 -2.915934 0.572074 432.076867
 15.640000 -2.795207 0.529986 438.794331
 15.660000 -2.967269 0.559643 429.433843
 15.680000 -2.858031 0.686399 435.418724
 15.700000 -2.914153 0.614575 431.869652
 15.720000 -2.920206 0.728885 432.337171
 15.740000 -2.987273 0.828446 429.317982
 15.760000 -2.933462 0.669278 431.087153
 15.780000 -3.122069 0.879386 422.053596
 15.800000 3.100299 0.694756 418.603289
 15.820000 3.058235 0.728119 417.300746
 15.840000 2.952838 0.739067 413.802451
 15.860000 -3.094645 0.730616 422.772356
 15.880000 -3.135827 0.668884 420.224222
 15.900000 -3.103696 0.726784 422.264248
 15.920000 -3.093664 0.526290 423.135085
 15.940000 -3.024310 0.681817 426.239313
 15.960000 -3.034332 0.520003 426.239916
 15.980000 -2.992615 0.536806 428.275698
 16.000000 -3.135792 0.516749 421.085771
 16.020000 -3.125559 0.516935 421.600704
 16.040000 -3.063849 0.566003 424.312721
 16.060000 -2.931729 0.440362 432.128568
 16.080000 -2.873975 0.593462 434.192130
 16.100000 -2.870619 0.586341 434.419866
 16.120000 -2.820257 0.627725 436.907502
 16.140000 -2.841217 0.614660 435.839082
 16.160000 -2.884799 0.724184 434.279704
 16.180000 -2.858271 0.649690 435.038001
 16.200000 -2.989235 0.719261 428.430197
 16.220000 -3.003111 0.825591 428.404194
 16.240000 -2.966753 0.975661 431.411934
 16.260000 3.134250 0.970184 421.043725
 16.280000 3.092748 1.112378 419.804802
 16.300000 2.978432 1.079363 415.569773
 16.320000 2.858153 1.156050 411.510167
 16.340000 2.902834 1.118194 412.994212
 16.360000 2.965619 1.236034 415.106455
 16.380000 2.992974 1.224004 416.108822
 16.400000 3.032688 1.228699 417.574338
 16.420000 3.060337 1.245638 418.608783
 16.440000 -3.108942 1.268851 424.033976
 16.460000 -3.003773 1.387442 433.312832
 16.480000 -3.022794 1.179536 428.859399
 16.500000 -3.053620 1.190854 427.015726
 16.520000 -2.940809 1.189895 433.921737
 16.540000 -3.026840 1.130147 428.491365
 16.560000 -2.956816 1.130395 432.736099
 16.580000 -2.911654 1.042126 435.076364
 16.600000 -3.039917 1.179325 427.822155
 16.620000 -2.941961 1.052949 433.300531
 16.640000 -3.020342 1.011318 428.438628
 16.660000 -3.049808 0.992248 426.637587
 16.680000 3.129945 1.087802 421.192536
 16.700000 3.130945 0.943269 420.826586
 16.720000 3.103898 0.988027 419.955314
 16.740000 -3.047428 1.065923 427.063294
 16.760000 -3.055042 0.935100 426.076298
 16.780000 -3.096184 1.037778 424.127162
 16.800000 3.093640 0.682381 418.304027
 16.820000 3.079106 0.814431 418.422326
 16.840000 3.116115 0.545876 419.631285
 16.860000 3.123480 0.444215 420.865017
 16.880000 -3.107009 0.343311 424.063010
 16.900000 -3.054888 0.154430 427.978914
 16.920000 -3.067952 0.069084 427.934034
 16.940000 -2.842409 0.092941 438.200818
 16.960000 -2.654482 -0.022035 447.139821
 16.980000 -2.659986 -0.010443 446.704739
 17.000000 -2.466123 0.025127 455.507244
 17.020000 -2.562657 0.028966 450.741359
 17.040000 -2.739489 0.083551 442.961658
 17.060000 -2.870108 0.015814 437.170216
 17.080000 -2.958854 0.039550 433.058324
 17.100000 -3.098769 0.264227 425.102936
 17.120000 -3.033375 0.235048 428.446760
 17.140000 -3.141226 0.613610 419.852068
 17.160000 -3.099131 0.584489 422.312496
 17.180000 -3.079784 0.647270 423.032204
 17.200000 3.115166 0.902292 420.087016
 17.220000 -3.102304 0.792550 422.710107
 17.240000 -3.007838 0.932152 428.772871
 17.260000 -2.967862 0.977106 431.354562
 17.280000 -2.925343 0.982696 433.908258
 17.300000 -2.933507 1.095988 434.018412
 17.320000 -3.103016 1.054570 423.784198
 17.340000 -3.067530 0.989222 425.601416
 17.360000 3.110281 1.239988 420.552008
 17.380000 3.081405 0.918613 418.904343
 17.400000 3.132374 1.136708 421.368388
 17.420000 3.095503 1.154734 419.957432
 17.440000 3.074160 1.210130 419.156251
 17.460000 -3.033056 1.379270 431.286483
 17.480000 -2.939553 1.232848 434.110883
 17.500000 -2.867964 1.532072 445.286288
 17.520000 -2.867715 1.523541 445.122893
 17.540000 -3.095416 1.379211 427.422936
 17.560000 2.913401 1.254913 413.238395
 17.580000 2.887560 1.254851 412.355033
 17.600000 2.951144 1.331426 416.239290
 17.620000 3.003336 1.250066 416.460619
 17.640000 3.087119 1.152642 419.634031
 17.660000 -3.115065 1.342727 425.401077
 17.680000 -3.039292 1.336917 429.914602
 17.700000 -2.933188 1.224858 434.491144
 17.720000 -2.923715 1.262511 435.309681
 17.740000 -3.021948 1.158349 428.861515
 17.760000 -3.095817 0.994947 424.000665
 17.780000 3.091172 0.958793 419.393833
 17.800000 -3.114131 0.846927 422.340800
 17.820000 3.123329 1.048410 420.851661
 17.840000 -3.099390 0.708403 422.384621
 17.860000 3.077224 0.762388 418.125008
 17.880000 -3.110554 0.738344 421.963746
 17.900000 -3.060788 0.578754 424.357540
 17.920000 -2.974804 0.701107 429.083203
 17.940000 -2.923277 0.460858 432.433811
 17.960000 -2.903281 0.695543 432.987481
 17.980000 -2.939538 0.472688 431.511943
 18.000000 -2.957474 0.631595 429.449809
 18.020000 -2.998195 0.396119 429.042301
 18.040000 -3.075324 0.503865 424.271499
 18.060000 -3.124922 0.301934 423.544309
 18.080000 3.097898 0.408295 420.348044
 18.100000 3.051291 0.391952 418.978988
 18.120000 3.136957 0.319866 422.438614
 18.140000 -3.019476 0.503823 427.139740
 18.160000 -2.776124 0.448638 440.163638
 18.180000 -2.675648 0.659103 445.265146
 18.200000 -2.714807 0.528202 443.094913
 18.220000 -2.725731 0.700351 442.990155
 18.240000 -2.891027 0.677996 433.505163
 18.260000 -2.826151 0.699455 437.332721
 18.280000 -3.010260 0.721521 427.292546
 18.300000 -3.022437 0.718191 426.602810
 18.320000 3.107656 0.682544 418.796902
 18.340000 -3.084219 0.679449 423.010974
 18.360000 3.076698 0.760633 418.098340
 18.380000 -3.100998 0.635694 421.839488
 18.400000 -3.117067 0.671761 421.225189
 18.420000 -2.990532 0.608488 427.808090
 18.440000 -2.909514 0.673362 432.440854
 18.460000 -2.995118 0.609421 427.555601
 18.480000 -2.911129 0.669083 432.312777
 18.500000 -2.980867 0.573772 428.603603
 18.520000 -2.908978 0.699476 432.706400
 18.540000 -3.024598 0.471025 427.137217
 18.560000 -3.075945 0.601237 423.359833
 18.580000 3.091753 0.290192 421.228738
 18.600000 3.111220 0.468000 420.226224
 18.620000 -3.139277 0.234829 423.421011
 18.640000 -3.082424 0.470349 424.202330
 18.660000 -2.902537 0.373351 434.026205
 18.680000 -2.860112 0.493796 435.538809
 18.700000 -2.725446 0.484194 442.684399
 18.720000 -2.811483 0.352173 438.742433
 18.740000 -2.827304 0.522101 437.121952
 18.760000 -3.019997 0.519405 426.987207
 18.780000 -2.895403 0.582012 433.111137
 18.800000 -2.960733 0.593874 429.517833
 18.820000 -2.946823 0.802313 431.425880
 18.840000 -3.093721 0.709546 422.694364
 18.860000 3.062126 0.848648 417.955503
 18.880000 3.036351 0.721221 416.514922
 18.900000 -3.129111 0.856372 421.562693
 18.920000 -3.088562 0.868142 423.858815
 18.940000 -3.101554 0.836329 422.980134
 18.960000 -3.053105 0.877519 425.893227
 18.980000 3.104820 0.682117 418.694766
 19.000000 -3.112481 0.876805 422.572232
 19.020000 3.139588 0.654846 419.769765
 19.040000 -3.043694 0.729000 425.518311
 19.060000 -3.029506 0.535986 426.357218
 19.080000 -3.052017 0.660059 424.594799
 19.100000 -3.113810 0.371005 423.496748
 19.120000 -3.080497 0.400134 424.893175
 19.140000 -3.048515 0.400364 426.484641
 19.160000 -2.927411 0.356351 432.869008
 19.180000 -2.803036 0.336276 439.232149
 19.200000 -2.739053 0.324950 442.476736
 19.220000 -2.716019 0.405143 443.418430
 19.240000 -2.868528 0.300390 436.114525
 19.260000 -2.945285 0.389435 431.762148
 19.280000 -3.075638 0.277530 426.108232
 19.300000 -3.044820 0.346578 427.083412
 19.320000 3.119354 0.397964 421.156433
 19.340000 -3.100648 0.516292 422.870142
 19.360000 3.059581 0.462380 418.560859
 19.380000 -3.086518 0.464525 424.046171
 19.400000 3.085493 0.618473 417.829850
 19.420000 -2.961296 0.620494 429.277720
 19.440000 -2.773855 0.723330 440.535417
 19.460000 -2.818247 0.685965 437.635164
 19.480000 -2.800758 0.720690 438.983885
 19.500000 -2.910216 0.717993 432.801241
 19.520000 -2.995247 0.747464 428.306906
 19.540000 -3.091600 0.647098 422.408148
 19.560000 -3.072303 0.637216 423.357835
 19.580000 3.073989 0.582628 417.816478
 19.600000 3.071060 0.708050 417.648645
 19.620000 3.028904 0.640928 415.869535
 19.640000 -3.120195 0.669147 421.044870
 19.660000 -3.057767 0.795115 425.165624
 19.680000 -2.870633 0.747105 435.287599
 19.700000 -2.887980 0.819774 434.928659
 19.720000 -2.917793 0.816672 433.191022
 19.740000 -2.952234 0.729853 430.559266
 19.760000 -3.055428 0.742981 424.970800
 19.780000 -3.056886 0.615700 424.225410
 19.800000 -3.135436 0.718768 420.528752
 19.820000 3.111022 0.608155 418.820568
 19.840000 2.934737 0.666673 412.916781
 19.860000 3.073219 0.554516 418.083251
 19.880000 3.137571 0.603865 419.791352
 19.900000 -3.045624 0.657860 424.920369
 19.920000 -2.908468 0.465022 433.176924
 19.940000 -2.944853 0.484789 431.153283
 19.960000 -2.831883 0.440869 437.296011
 19.980000 -2.911158 0.458872 433.075407
 20.000000 -2.836450 0.333336 437.564877
