#! FIELDS time phi psi metad.bias
#! SET min_phi -pi
#! SET max_phi pi
#! SET min_psi -pi
#! SET max_psi pi
 0.000000 3.141580 -3.141577 471.030568
 0.020000 3.138107 1.884511 441.317482
 0.040000 -3.135487 1.858257 441.274814
 0.060000 -3.132032 1.904414 442.691849
 0.080000 -3.137540 1.871011 441.413072
 0.100000 -3.137907 1.872971 441.431006
 0.120000 3.102616 1.846984 439.232031
 0.140000 3.068598 1.882780 438.681961
 0.160000 3.139903 1.853061 440.760513
 0.180000 3.091407 1.826487 438.384651
 0.200000 -3.082036 1.851016 444.163293
 0.220000 -3.034121 1.781027 445.430739
 0.240000 -3.083764 1.842412 443.890519
 0.260000 -2.981718 1.712558 446.893429
 0.280000 -2.939216 1.851552 452.346132
 0.300000 -3.026310 1.699636 444.020473
 0.320000 -2.995659 1.700271 445.799743
 0.340000 3.138159 1.543908 433.326724
 0.360000 3.078174 1.424701 427.686270
 0.380000 3.095579 1.328665 425.454826
 0.400000 3.093439 1.214583 422.830272
 0.420000 3.100052 1.145500 422.570074
 0.440000 -3.079802 0.976231 425.914510
 0.460000 3.077689 0.989962 420.409212
 0.480000 -2.979547 0.705309 427.982559
 0.500000 -2.942474 0.736676 430.324485
 0.520000 -2.963630 0.533450 428.165461
 0.540000 -2.832855 0.420206 434.881491
 0.560000 -2.923824 0.407223 430.577783
 0.580000 -2.871522 0.247555 433.475233
 0.600000 -2.766792 0.348876 438.098886
 0.620000 -2.835365 0.215793 435.163184
 0.640000 -2.898161 0.319987 432.061039
 0.660000 -2.897883 0.102506 432.701060
 0.680000 -3.119721 0.231477 422.440459
 0.700000 -3.073525 0.061410 425.468524
 0.720000 -3.037776 0.058348 426.973596
 0.740000 -3.051316 0.096201 426.205783
 0.760000 -2.967371 0.124146 429.652835
 0.780000 -2.922283 0.165094 431.458198
 0.800000 -2.965466 0.294863 429.050161
 0.820000 -2.849445 0.382981 434.174436
 0.840000 -2.881148 0.504603 432.328760
 0.860000 -2.995387 0.639445 426.291634
 0.880000 -3.090521 0.642702 421.543411
 0.900000 3.114262 0.753658 419.301221
 0.920000 -3.133156 0.796660 421.163016
 0.940000 3.129467 0.938293 421.780896
 0.960000 3.127936 0.994577 422.276923
 0.980000 3.122200 1.171223 423.594697
 1.000000 3.118961 1.109641 422.981926
 1.020000 -2.953281 1.316130 437.483899
 1.040000 -3.033513 1.209522 430.637771
 1.060000 -2.956976 1.249473 435.279559
 1.080000 -3.039224 1.205084 430.281897
 1.100000 -2.925852 1.235708 436.942521
 1.120000 -2.831524 1.330033 444.922378
 1.140000 -2.841205 1.239254 441.801802
 1.160000 -2.928181 1.236516 436.816453
 1.180000 -3.014132 1.121666 430.962114
 1.200000 -3.110293 0.959640 424.105472
 1.220000 3.109488 0.782173 419.443560
 1.240000 3.093820 0.687920 417.879022
 1.260000 3.055110 0.520568 416.742044
 1.280000 -3.019992 0.508411 425.517039
 1.300000 -2.947693 0.398895 429.473736
 1.320000 -2.892720 0.488039 431.813301
 1.340000 -2.792247 0.271782 437.012987
 1.360000 -2.797386 0.233093 436.828763
 1.380000 -2.853909 0.119986 434.539116
 1.400000 -2.910792 -0.060863 433.675366
 1.420000 -3.055033 -0.099240 428.766016
 1.440000 -3.122350 0.010179 423.776864
 1.460000 -3.024696 -0.150662 431.063759
 1.480000 -3.062673 0.130220 425.535251
 1.500000 -2.829809 0.047214 435.681529
 1.520000 -2.746242 0.283682 439.083695
 1.540000 -2.801061 0.295110 436.582402
 1.560000 -2.911578 0.465066 430.970341
 1.580000 -3.074027 0.320014 423.956479
 1.600000 3.138241 0.378080 420.386560
 1.620000 3.110040 0.548557 418.325062
 1.640000 -3.042435 0.562450 424.136666
 1.660000 3.118576 0.666432 418.482521
 1.680000 -2.994611 0.754604 427.847715
 1.700000 -3.035982 0.971294 428.230266
 1.720000 -2.983945 0.992722 431.299262
 1.740000 -2.926067 1.072004 435.365666
 1.760000 -2.864075 0.987193 437.813461
 1.780000 -2.959496 1.182647 434.582304
 1.800000 -3.028560 1.021342 429.168271
 1.820000 -3.092883 0.977267 425.220601
 1.840000 -3.140549 0.932621 422.218666
 1.860000 -3.048417 1.156455 429.365619
 1.880000 -3.125916 1.057332 424.215270
 1.900000 -2.991791 1.085028 431.847900
 1.920000 -3.018507 1.197079 431.381231
 1.940000 -3.070852 1.154000 428.096842
 1.960000 -3.135885 1.146018 424.438722
 1.980000 -3.067749 1.055505 427.368799
 2.000000 -3.112003 1.128377 425.605303
 2.020000 -3.098404 1.086018 425.978287
 2.040000 -3.100452 1.040673 425.441696
 2.060000 3.003214 0.779314 415.764054
 2.080000 3.107859 0.886801 420.483231
 2.100000 -3.102929 0.704159 421.655298
 2.120000 -2.968326 0.747047 429.117691
 2.140000 -2.883333 0.526658 432.153719
 2.160000 -2.880007 0.622277 432.004388
 2.180000 -2.884756 0.552663 432.000709
 2.200000 -2.748030 0.522662 438.820331
 2.220000 -2.795761 0.456640 436.593944
 2.240000 -2.756132 0.415002 438.539462
 2.260000 -2.833525 0.385382 434.921006
 2.280000 -3.006895 0.357074 426.865756
 2.300000 -3.104843 0.311071 422.604218
 2.320000 3.105804 0.150859 421.010963
 2.340000 3.073535 0.293133 419.010302
 2.360000 3.137264 0.105437 422.221703
 2.380000 -3.099118 0.360641 422.564707
 2.400000 -2.925736 0.153120 431.347108
 2.420000 -2.809718 0.307314 436.168294
 2.440000 -2.740193 0.396751 439.304646
 2.460000 -2.830132 0.354562 435.141148
 2.480000 -2.849216 0.195255 434.589364
 2.500000 -2.943156 0.449376 429.500161
 2.520000 -2.906288 0.368363 431.534789
 2.540000 -2.955849 0.608076 428.229916
 2.560000 -3.105089 0.519381 421.322022
 2.580000 -2.990319 0.674255 427.015978
 2.600000 -3.126507 0.961164 423.254275
 2.620000 -3.134306 0.703812 420.062414
 2.640000 -3.128962 0.820502 421.641982
 2.660000 3.134376 0.761632 420.089794
 2.680000 -3.139196 0.972202 422.686848
 2.700000 -2.955023 0.800429 430.516339
 2.720000 -2.938581 0.883641 432.461088
 2.740000 -2.871561 0.917720 436.520144
 2.760000 -2.753393 0.968246 443.635016
 2.780000 -2.983629 0.773456 428.663411
 2.800000 -3.003801 0.768711 427.548794
 2.820000 -3.131330 0.662969 419.741890
 2.840000 3.135236 0.559928 419.079714
 2.860000 -3.024702 0.644336 424.874694
 2.880000 -2.966622 0.299768 428.977424
 2.900000 -3.007311 0.607133 425.649480
 2.920000 -2.830056 0.384584 435.086375
 2.940000 -2.763900 0.424412 438.161841
 2.960000 -2.746234 0.463515 438.968284
 2.980000 -2.754762 0.260194 438.711840
 3.000000 -2.835242 0.294655 435.019936
 3.020000 -2.938324 0.442250 429.759349
 3.040000 -2.984449 0.252671 428.363875
 3.060000 -3.098225 0.420885 422.244843
 3.080000 3.111725 0.308757 420.045071
 3.100000 2.986670 0.564423 414.212992
 3.120000 3.038288 0.505117 416.321557
 3.140000 3.097963 0.539825 417.990387
 3.160000 -3.045651 0.640227 423.765287
 3.180000 -2.997577 0.653964 426.375389
 3.200000 -2.974100 0.638411 427.355283
 3.220000 -2.914428 0.629889 430.260001
 3.240000 -2.699818 0.703079 442.377746
 3.260000 -2.791122 0.790384 439.035936
 3.280000 -2.581562 0.709894 448.459324
 3.300000 -2.582465 0.624179 446.869430
 3.320000 -2.749173 0.965809 443.831646
 3.340000 -2.729160 0.618975 439.627778
 3.360000 -2.845894 0.656952 434.156327
 3.380000 -2.920076 0.656452 430.357425
 3.400000 -2.986881 0.566731 426.866182
 3.420000 -3.076960 0.642156 422.216375
 3.440000 -3.123760 0.578506 420.039797
 3.460000 -2.973136 0.719973 428.508764
 3.480000 -2.954933 0.751767 429.878575
 3.500000 -3.032463 0.775660 426.141266
 3.520000 -3.056242 0.641999 423.255004
 3.540000 3.016322 0.658952 414.973587
 3.560000 3.127799 0.493317 419.283419
 3.580000 3.084039 0.568675 417.327538
 3.600000 -3.043261 0.479035 424.538641
 3.620000 -2.997249 0.638586 426.185896
 3.640000 -2.899615 0.559977 431.236678
 3.660000 -2.973905 0.739878 428.732766
 3.680000 -2.991947 0.640973 426.486317
 3.700000 -2.982532 0.655409 427.159338
 3.720000 -3.122355 0.605162 419.935242
 3.740000 -3.089453 0.619417 421.475896
 3.760000 3.078374 0.600060 416.911385
 3.780000 -3.132487 0.666650 419.726671
 3.800000 -2.937813 0.820513 431.689657
 3.820000 -2.760886 0.913478 442.460839
 3.840000 -2.755765 0.923252 442.876983
 3.860000 -2.719457 0.799310 442.943933
 3.880000 -2.921382 0.999166 434.805119
 3.900000 -3.026383 0.781840 426.534360
 3.920000 -3.046646 0.724072 424.770819
 3.940000 3.020872 0.678014 415.322641
 3.960000 3.058404 0.799591 417.852613
 3.980000 3.066402 0.700421 417.084484
 4.000000 3.057500 0.784612 417.667028
 4.020000 -3.127094 0.649551 419.797066
 4.040000 -3.078330 0.664491 422.422848
 4.060000 -3.061106 0.605617 422.970040
 4.080000 -2.942751 0.402404 429.695134
 4.100000 -2.975244 0.501780 427.731216
 4.120000 -3.070575 0.340297 424.000334
 4.140000 -2.860960 0.380899 433.635669
 4.160000 -2.854680 0.386069 433.919977
 4.180000 -2.849489 0.496971 433.900849
 4.200000 -2.838929 0.336355 434.767241
 4.220000 -3.023088 0.452589 425.643001
 4.240000 -3.084020 0.372921 423.191913
 4.260000 -3.005730 0.373054 426.845938
 4.280000 3.138577 0.413181 420.163909
 4.300000 -3.085857 0.484337 422.458904
 4.320000 -2.951298 0.527916 428.796319
 4.340000 -2.970111 0.632055 427.469505
 4.360000 -2.804048 0.712178 437.162742
 4.380000 -2.886006 0.673993 432.357341
 4.400000 -3.077051 0.754710 423.577417
 4.420000 -3.078033 0.613795 422.078855
 4.440000 3.102682 0.609686 417.649639
 4.460000 3.031280 0.657068 415.447693
 4.480000 -3.118667 0.670606 420.465875
 4.500000 -3.108255 0.450309 421.592766
 4.520000 -3.080218 0.699129 422.749168
 4.540000 -2.883741 0.492243 432.238994
 4.560000 -3.017980 0.523417 425.540872
 4.580000 -2.847161 0.233520 434.601979
 4.600000 -2.812194 0.446732 435.819872
 4.620000 -2.733769 0.215301 439.658382
 4.640000 -2.706167 0.279568 440.886868
 4.660000 -2.582170 0.313924 446.425101
 4.680000 -2.652670 0.389552 443.374754
 4.700000 -2.516951 0.412437 449.539759
 4.720000 -2.581723 0.391512 446.605935
 4.740000 -2.822869 0.474805 435.249237
 4.760000 -2.823679 0.395182 435.367461
 4.780000 -2.977984 0.509958 427.561655
 4.800000 -3.081218 0.518758 422.482718
 4.820000 -3.076090 0.758667 423.673947
 4.840000 3.078548 0.756929 418.101437
 4.860000 3.100428 0.922521 420.577273
 4.880000 -3.002335 1.172282 432.079846
 4.900000 3.126296 1.140710 423.509825
 4.920000 -3.036992 1.211436 430.457278
 4.940000 -3.136079 1.179100 424.687511
 4.960000 2.954188 1.136984 417.219317
 4.980000 3.126112 1.202482 423.972125
 5.000000 -3.067215 1.123604 428.034127
 5.020000 3.138882 1.038968 423.096921
 5.040000 -2.935918 1.119929 435.314675
 5.060000 -3.023200 0.964236 428.845419
 5.080000 -2.949465 0.708476 429.577240
 5.100000 -2.989907 0.797394 428.639754
 5.120000 -3.064605 0.544515 423.145512
 5.140000 -3.086747 0.419797 422.792074
 5.160000 -2.975406 0.347981 428.373411
 5.180000 -2.861909 0.354839 433.654389
 5.200000 -2.795100 0.430977 436.666026
 5.220000 -2.705272 0.247544 440.917949
 5.240000 -2.856263 0.394639 433.824685
 5.260000 -2.821525 0.187686 435.823120
 5.280000 -3.027335 0.213491 426.630881
 5.300000 -3.130533 0.178716 422.315505
 5.320000 3.116258 0.021511 422.242646
 5.340000 3.037671 0.261320 418.199247
 5.360000 3.094010 0.100201 421.058264
 5.380000 -3.071087 0.219564 424.661974
 5.400000 -3.009676 0.172581 427.607621
 5.420000 -2.974076 0.324371 428.533469
 5.440000 -2.890779 0.135522 432.915648
 5.460000 -3.032575 0.272762 426.096652
 5.480000 -3.016180 0.131045 427.524821
 5.500000 -3.074686 0.135695 424.989610
 5.520000 -2.985027 0.373620 427.814451
 5.540000 -2.859118 0.311931 433.886010
 5.560000 -2.805256 0.361385 436.292265
 5.580000 -2.789554 0.523383 436.783440
 5.600000 -2.832402 0.556428 434.593799
 5.620000 -2.868162 0.581501 432.737202
 5.640000 -2.989136 0.611038 426.542021
 5.660000 -3.089039 0.641184 421.599067
 5.680000 3.099291 0.724927 418.470869
 5.700000 3.127741 0.836010 420.661543
 5.720000 -3.127592 0.894726 422.511514
 5.740000 3.129596 1.002874 422.416849
 5.760000 -3.097879 1.013414 425.315444
 5.780000 3.044330 1.141219 420.485454
 5.800000 -3.136139 0.963029 422.759027
 5.820000 -3.115342 1.053966 424.758339
 5.840000 3.141147 0.973135 422.551825
 5.860000 -3.138929 0.765545 420.522118
 5.880000 3.039075 0.764669 416.831017
 5.900000 -3.133924 0.642601 419.375495
 5.920000 -3.083336 0.584649 421.990882
 5.940000 -2.881289 0.518568 432.279488
 5.960000 -2.927003 0.357124 430.599582
 5.980000 -2.741184 0.339647 439.288808
 6.000000 -2.768336 0.245403 438.113880
 6.020000 -2.747053 0.262084 439.056549
 6.040000 -2.623416 0.173801 444.366467
 6.060000 -2.758036 0.140522 438.624100
 6.080000 -2.542244 0.217707 447.862334
 6.100000 -2.656952 0.236994 443.030561
 6.120000 -2.562036 0.121967 446.749970
 6.140000 -2.812051 0.362733 435.972241
 6.160000 -2.803953 0.193759 436.587042
 6.180000 -2.992206 0.378976 427.453775
 6.200000 -3.110222 0.394336 421.843826
 6.220000 -3.111601 0.362908 421.974201
 6.240000 3.010700 0.593421 414.748895
 6.260000 -3.042867 0.621975 423.787988
 6.280000 -3.095167 0.746487 422.548639
 6.300000 -2.949301 0.875817 431.786815
 6.320000 -3.115340 0.925278 423.480638
 6.340000 -2.899555 0.937344 435.249465
 6.360000 -3.043311 1.006472 428.207608
 6.380000 3.121857 0.882219 420.936169
 6.400000 2.993442 1.045935 417.895810
 6.420000 2.872102 0.861054 412.185426
 6.440000 3.098006 0.837727 419.628232
 6.460000 -3.122016 1.014854 424.025430
 6.480000 -2.945539 0.908056 432.390931
 6.500000 -2.888172 0.873494 435.040891
 6.520000 -2.755513 0.756188 440.374677
 6.540000 -2.810790 0.779748 437.840120
 6.560000 -2.761707 0.674013 438.731512
 6.580000 -2.839067 0.494597 434.416271
 6.600000 -3.001438 0.628909 425.844285
 6.620000 -2.788434 0.457143 436.946097
 6.640000 -3.005044 0.494981 426.309778
 6.660000 -3.008177 0.479890 426.229306
 6.680000 -3.082458 0.414325 423.025827
 6.700000 -3.121463 0.440824 421.026560
 6.720000 3.095376 0.321334 419.459412
 6.740000 -3.086407 0.292533 423.552243
 6.760000 -3.136697 0.303126 421.212202
 6.780000 -3.126815 0.308487 421.623811
 6.800000 -2.904679 0.300577 431.818849
 6.820000 -3.014413 0.628850 425.189754
 6.840000 -2.787271 0.445629 437.019063
 6.860000 -2.815877 0.645286 435.505449
 6.880000 -2.834000 0.598057 434.403622
 6.900000 -2.934213 0.648304 429.519923
 6.920000 -3.096597 0.644168 421.257060
 6.940000 3.109832 0.584434 418.067196
 6.960000 -3.091439 0.702566 422.220010
 6.980000 -3.022127 0.664352 425.265736
 7.000000 -3.082911 0.763626 423.380445
 7.020000 -3.103353 0.574004 421.069913
 7.040000 3.087190 0.781152 418.656576
 7.060000 -2.955896 0.601519 428.256562
 7.080000 -2.921556 0.693063 430.803217
 7.100000 -2.861177 0.598596 433.034356
 7.120000 -2.822121 0.739926 436.648393
 7.140000 -2.907605 0.501869 431.040432
 7.160000 -2.909393 0.563508 430.736946
 7.180000 -2.981375 0.481331 427.521709
 7.200000 -3.026517 0.413491 425.672646
 7.220000 3.127466 0.496889 419.248549
 7.240000 -3.069358 0.299013 424.288267
 7.260000 3.079399 0.332600 418.892331
 7.280000 -3.043607 0.232315 425.811147
 7.300000 -2.882060 0.273180 432.931848
 7.320000 -2.868282 0.185494 433.770251
 7.340000 -2.641827 0.248536 443.703604
 7.360000 -2.638635 0.166383 443.713880
 7.380000 -2.656069 0.351225 443.187079
 7.400000 -2.704208 0.318621 440.983204
 7.420000 -2.695169 0.308493 441.389811
 7.440000 -2.917416 0.364187 431.025318
 7.460000 -2.955735 0.461272 428.847112
 7.480000 -3.070005 0.560233 422.791060
 7.500000 3.099982 0.504275 418.306455
 7.520000 -3.097361 0.662968 421.445849
 7.540000 2.993642 0.619554 413.986236
 7.560000 -3.124182 0.680167 420.300378
 7.580000 -3.139051 0.667927 419.412823
 7.600000 -3.014691 0.721737 426.386072
 7.620000 -3.064828 0.624780 422.672290
 7.640000 -2.855494 0.738569 434.886593
 7.660000 -2.847774 0.549163 433.848902
 7.680000 -2.813066 0.567130 435.530501
 7.700000 -2.762480 0.494518 438.150123
 7.720000 -3.048374 0.426048 424.572243
 7.740000 -2.936699 0.304215 430.334705
 7.760000 -3.062617 0.360116 424.258222
 7.780000 -3.019693 0.412438 426.001081
 7.800000 -2.986543 0.399806 427.629262
 7.820000 -2.962730 0.460728 428.511381
 7.840000 -2.933023 0.558986 429.577254
 7.860000 -2.931812 0.542119 429.702783
 7.880000 -2.957062 0.545167 428.440444
 7.900000 -2.922674 0.629819 429.840810
 7.920000 -2.912891 0.518138 430.724914
 7.940000 -2.964640 0.549402 428.047267
 7.960000 -2.959332 0.631495 428.007255
 7.980000 -3.116106 0.513776 420.824391
 8.000000 3.103345 0.684099 418.161111
 8.020000 -3.117750 0.524388 420.678276
 8.040000 3.111168 0.728206 418.915709
 8.060000 -3.057321 0.579150 423.308990
 8.080000 -3.077246 0.656949 422.384702
 8.100000 -3.102371 0.568505 421.152212
 8.120000 -3.074189 0.659809 422.574012
 8.140000 -3.014970 0.498930 425.808161
 8.160000 -3.008818 0.614478 425.536220
 8.180000 -2.898146 0.634632 431.156326
 8.200000 -2.859077 0.545369 433.298429
 8.220000 -2.957594 0.778357 430.091796
 8.240000 -2.855904 0.517789 433.531673
 8.260000 -2.927440 0.780215 431.701497
 8.280000 -2.954696 0.614898 428.257650
 8.300000 -2.981471 0.644590 427.066226
 8.320000 -3.083339 0.602959 421.880560
 8.340000 -3.020980 0.563104 425.193382
 8.360000 -3.101933 0.608466 420.924345
 8.380000 -3.091254 0.627187 421.337832
 8.400000 -3.136887 0.532355 419.701558
 8.420000 -3.056169 0.566104 423.439068
 8.440000 3.119058 0.594582 418.303503
 8.460000 3.141331 0.458604 419.951993
 8.480000 3.043046 0.537049 416.230295
 8.500000 3.041686 0.282963 418.144596
 8.520000 -3.130461 0.426700 420.692763
 8.540000 -3.028805 0.490609 425.177822
 8.560000 -2.843355 0.506824 434.176662
 8.580000 -2.754045 0.683510 439.279016
 8.600000 -2.693431 0.575826 441.450423
 8.620000 -2.857638 0.678189 433.877403
 8.640000 -2.896734 0.560145 431.379651
 8.660000 -3.064307 0.527916 423.253297
 8.680000 -2.980924 0.653914 427.220822
 8.700000 -3.019207 0.714060 426.055416
 8.720000 -3.080098 0.610037 421.998749
 8.740000 -3.022369 0.948941 428.720153
 8.760000 -3.051366 0.897666 426.585904
 8.780000 -3.115333 0.889973 423.107618
 8.800000 3.084928 0.812958 418.911797
 8.820000 -3.099229 0.880005 423.849826
 8.840000 3.127950 0.906534 421.404647
 8.860000 -3.045920 0.846398 426.284528
 8.880000 -3.121873 0.792730 421.702010
 8.900000 3.118323 0.846008 420.432996
 8.920000 -3.060288 0.738196 424.242522
 8.940000 -3.061220 0.723691 424.017980
 8.960000 -3.045431 0.522325 424.204697
 8.980000 3.136592 0.536522 419.281551
 9.000000 -3.076454 0.339897 423.731851
 9.020000 -3.047541 0.316067 425.190862
 9.040000 -2.806794 0.322180 436.280342
 9.060000 -2.804912 0.345601 436.332303
 9.080000 -2.573401 0.272689 446.707663
 9.100000 -2.589382 0.390145 446.258571
 9.120000 -2.710008 0.297462 440.717453
 9.140000 -2.788800 0.187238 437.259553
 9.160000 -2.887754 0.361177 432.426688
 9.180000 -2.966849 0.368177 428.690332
 9.200000 -3.008537 0.534755 425.948343
 9.220000 -3.034175 0.552900 424.594826
 9.240000 3.114552 0.782409 419.623032
 9.260000 -3.116867 0.902258 423.157387
 9.280000 3.024658 0.917141 417.842427
 9.300000 3.020649 1.098988 419.298608
 9.320000 3.015330 1.127255 419.327433
 9.340000 3.099318 1.363326 426.657581
 9.360000 3.109052 1.224197 423.480825
 9.380000 3.123666 1.408324 428.930380
 9.400000 3.043000 1.309213 422.882234
 9.420000 -3.096250 1.542302 435.992525
 9.440000 -3.132491 1.276467 426.068128
 9.460000 -3.090436 1.377805 431.590949
 9.480000 -3.105100 1.401236 431.465532
 9.500000 -3.018896 1.215112 431.504404
 9.520000 -2.913660 1.282311 438.655384
 9.540000 -2.916875 1.122959 436.413233
 9.560000 -2.807558 1.027470 441.432855
 9.580000 -2.765547 0.988332 443.242344
 9.600000 -2.840851 0.859523 437.393035
 9.620000 -2.773348 0.824206 440.485022
 9.640000 -2.707936 0.701179 441.931100
 9.660000 -2.853537 0.665247 433.891987
 9.680000 -2.911677 0.597346 430.497035
 9.700000 -3.140767 0.392397 420.435033
 9.720000 3.126907 0.222231 421.107190
 9.740000 2.831470 0.188260 413.150926
 9.760000 2.909850 -0.076405 419.048278
 9.780000 2.879959 0.035696 415.980804
 9.800000 2.962251 -0.305048 426.016556
 9.820000 -3.120976 -0.295790 430.619866
 9.840000 -3.057293 -0.512831 437.366221
 9.860000 -2.919808 -0.496800 441.662492
 9.880000 -2.962155 -0.768334 447.308273
 9.900000 -2.919959 -0.705729 446.490762
 9.920000 -3.053845 -0.879920 448.255120
 9.940000 -2.952308 -0.840643 449.916691
 9.960000 -3.077114 -0.619142 438.707250
 9.980000 -3.029494 -0.855563 448.176256
 10.000000 -3.091442 -0.362491 433.130035
 10.020000 -3.098270 -0.595099 437.589723
 10.040000 -3.019554 -0.037170 428.819247
 10.060000 -3.065127 -0.086656 428.091001
 10.080000 -2.973225 0.151818 429.287483
 10.100000 -3.014622 0.269729 426.923633
 10.120000 -3.059178 0.288462 424.809091
 10.140000 3.030702 0.417670 416.757293
 10.160000 3.043705 0.449691 416.914650
 10.180000 3.096274 0.639843 417.429464
 10.200000 3.140122 0.551592 419.297655
 10.220000 -2.818614 1.016909 440.689736
 10.240000 -2.934997 0.939770 433.350958
 10.260000 -2.883942 1.108854 438.114521
 10.280000 -2.934515 1.048867 434.644368
 10.300000 -3.058751 1.116615 428.439475
 10.320000 3.111450 1.091471 422.550007
 10.340000 -3.095315 0.994078 425.260738
 10.360000 -3.136392 1.133458 424.308475
 10.380000 3.098928 1.169049 422.708820
 10.400000 -2.953973 1.253642 435.482494
 10.420000 -3.112740 1.282383 427.362471
 10.440000 -2.975592 1.440898 440.037087
 10.460000 -3.043103 1.226010 430.225589
 10.480000 -3.030109 1.341591 433.902426
 10.500000 2.985909 0.994527 417.192621
 10.520000 3.104364 1.075756 422.153446
 10.540000 3.022332 1.067616 419.103877
 10.560000 -3.036977 0.915321 427.555051
 10.580000 -2.816727 1.003944 440.630908
 10.600000 -3.027201 0.681578 425.230088
 10.620000 -2.841574 0.699293 435.024103
 10.640000 -2.987831 0.489986 427.169765
 10.660000 -2.871508 0.417882 433.040464
 10.680000 -3.043097 0.254548 425.716805
 10.700000 -2.905746 0.218408 432.020553
 10.720000 -3.081325 0.142251 424.666466
 10.740000 -2.994083 0.135212 428.456420
 10.760000 -2.918989 0.061946 431.927082
 10.780000 -3.015494 0.075151 427.822759
 10.800000 -2.681022 0.158717 441.913193
 10.820000 -2.840316 0.061537 435.222168
 10.840000 -2.849489 0.118324 434.731809
 10.860000 -2.956433 0.004321 430.567914
 10.880000 -3.015827 0.211053 427.152621
 10.900000 3.129029 0.142991 421.726406
 10.920000 -3.034304 0.163413 426.579956
 10.940000 -3.055152 0.281830 425.027684
 10.960000 -3.100010 0.388085 422.358040
 10.980000 -2.928721 0.468839 430.126173
 11.000000 -3.093522 0.405278 422.558713
 11.020000 -2.968100 0.582808 427.728259
 11.040000 -2.910078 0.406884 431.233227
 11.060000 -2.960602 0.610016 427.982011
 11.080000 -2.883740 0.457201 432.342838
 11.100000 -2.824320 0.791810 437.305158
 11.120000 -2.838329 0.732245 435.688044
 11.140000 -2.751524 0.903651 442.824551
 11.160000 -2.809739 0.937155 440.139666
 11.180000 -2.905415 1.054287 436.319531
 11.200000 -2.862476 0.921053 437.057021
 11.220000 -3.048358 1.025501 428.129328
 11.240000 3.129393 1.075259 423.073520
 11.260000 3.124222 0.806212 420.218657
 11.280000 3.061518 1.091020 420.713484
 11.300000 -3.030354 0.862348 427.296117
 11.320000 -2.949144 1.052549 433.873812
 11.340000 -2.983809 0.888597 430.093345
 11.360000 -2.890914 0.879312 434.970231
 11.380000 -3.051887 0.723282 424.491847
 11.400000 -3.009023 0.711307 426.543864
 11.420000 -2.993470 0.609289 426.332934
 11.440000 -3.087987 0.509655 422.207970
 11.460000 3.114756 0.450624 419.153677
 11.480000 -3.032480 0.336109 425.780206
 11.500000 -3.126276 0.211304 422.284099
 11.520000 -3.043431 -0.019162 427.463132
 11.540000 -3.009575 0.167022 427.638374
 11.560000 -2.952609 -0.273359 436.317652
 11.580000 -2.816265 -0.108481 438.327663
 11.600000 -2.812475 -0.202335 440.189754
 11.620000 -2.749752 -0.114574 441.013566
 11.640000 -2.766538 -0.112290 440.326366
 11.660000 -2.733209 0.077540 439.674516
 11.680000 -2.702693 0.085907 440.942564
 11.700000 -2.811474 0.257605 436.163431
 11.720000 -2.839312 0.374674 434.670254
 11.740000 -3.081755 0.452445 422.839765
 11.760000 -3.115297 0.671335 420.643755
 11.780000 3.086678 0.638181 417.088812
 11.800000 3.136368 0.835084 420.958121
 11.820000 3.083726 0.967884 420.418797
 11.840000 -3.137435 0.989377 422.949401
 11.860000 -3.124525 1.206604 425.531685
 11.880000 -2.973095 1.226458 434.183255
 11.900000 -3.033807 1.298695 432.336109
 11.920000 -3.067682 1.316690 430.988963
 11.940000 -3.120824 1.257330 426.104431
 11.960000 2.901246 1.265564 416.393656
 11.980000 3.082359 1.191481 422.256295
 12.000000 3.062657 1.193828 421.542615
 12.020000 -3.073840 1.226496 428.503346
 12.040000 -3.001444 1.140816 431.847723
 12.060000 -2.923622 1.049681 435.257379
 12.080000 -2.951233 1.043705 433.662064
 12.100000 -2.883069 0.850911 435.012460
 12.120000 -2.752386 0.798918 441.207383
 12.140000 -2.817300 0.689715 436.129641
 12.160000 -2.628297 0.539931 444.621117
 12.180000 -2.893394 0.563001 431.536326
 12.200000 -2.825203 0.317046 435.439618
 12.220000 -2.904033 0.328979 431.761876
 12.240000 -2.992659 0.271989 427.907966
 12.260000 -3.116255 0.127337 423.267040
 12.280000 3.099352 0.021850 421.789742
 12.300000 3.043981 0.044090 420.144298
 12.320000 -3.113504 -0.086118 426.175767
 12.340000 -2.984045 -0.062617 430.786370
 12.360000 -3.006991 -0.303702 434.937129
 12.380000 -2.807612 -0.173960 439.860078
 12.400000 -2.923068 -0.345774 438.793171
 12.420000 -2.995054 -0.347261 436.249074
 12.440000 -2.994339 -0.405630 437.428116
 12.460000 -3.066394 -0.372358 434.224964
 12.480000 -3.033080 -0.330654 434.547180
 12.500000 -3.040363 -0.355982 434.809164
 12.520000 -2.994649 -0.178560 432.808242
 12.540000 -2.976805 -0.167145 433.254979
 12.560000 -2.930021 -0.007312 431.811419
 12.580000 -2.894474 0.056430 432.968991
 12.600000 -2.944271 0.030629 430.975964
 12.620000 -3.041055 0.304216 425.549676
 12.640000 -3.051488 0.194881 425.663063
 12.660000 3.121676 0.500155 419.038304
 12.680000 -3.061505 0.576208 423.118731
 12.700000 -3.126215 0.695962 420.380932
 12.720000 -2.994993 0.869063 429.258557
 12.740000 -3.015828 0.978355 429.401340
 12.760000 -3.108346 1.049169 425.093542
 12.780000 -3.120173 1.116248 425.053105
 12.800000 3.116193 1.101132 422.807669
 12.820000 3.137294 1.277735 425.436826
 12.840000 -3.003802 1.207313 432.292672
 12.860000 -3.000639 1.281108 433.652463
 12.880000 -3.113968 1.303248 427.956311
 12.900000 -3.078117 1.236554 428.336075
 12.920000 -3.073377 1.213474 428.432588
 12.940000 -2.983076 1.207453 433.463568
 12.960000 -2.997183 1.171525 432.362518
 12.980000 -3.105518 1.238035 426.812792
 13.000000 3.107036 1.147736 422.847198
 13.020000 -2.988204 1.097068 432.167354
 13.040000 -3.047278 1.170210 429.546189
 13.060000 -2.879576 0.922334 436.144814
 13.080000 -2.904182 0.925428 434.847815
 13.100000 -3.052950 0.764731 424.943397
 13.120000 -2.958435 0.634163 428.090011
 13.140000 -2.999830 0.619031 425.964644
 13.160000 -3.050476 0.538106 423.873073
 13.180000 -2.856238 0.419882 433.765052
 13.200000 -2.890556 0.351271 432.323674
 13.220000 -3.041499 0.313818 425.479484
 13.240000 -2.950735 0.148845 430.275680
 13.260000 3.118084 -0.002426 422.502389
 13.280000 -3.040927 -0.048164 428.202298
 13.300000 -2.939379 -0.037545 432.054380
 13.320000 -2.825562 -0.198990 439.637088
 13.340000 -2.842560 0.041277 435.161943
 13.360000 -2.676048 -0.136987 444.188508
 13.380000 -2.822582 0.134912 435.858366
 13.400000 -2.803485 0.022083 436.794555
 13.420000 -2.670769 0.214510 442.406621
 13.440000 -2.965230 0.275249 429.139711
 13.460000 -2.948421 0.302755 429.801231
 13.480000 -3.068298 0.391989 423.817311
 13.500000 2.901222 0.409222 412.935348
 13.520000 3.046198 0.608768 415.785007
 13.540000 3.052738 0.686660 416.476919
 13.560000 -3.122897 0.902719 422.843481
 13.580000 -2.925602 0.946112 433.939546
 13.600000 -2.950293 1.011409 433.355231
 13.620000 -2.983707 1.089231 432.339051
 13.640000 -2.925898 1.012888 434.715653
 13.660000 -2.984454 1.109370 432.497327
 13.680000 -2.879363 1.210694 439.374564
 13.700000 -2.921989 1.309642 439.067967
 13.720000 -3.088295 1.343475 430.660304
 13.740000 -3.115574 1.477573 433.094508
 13.760000 3.083565 1.327616 424.969567
 13.780000 3.102293 1.542924 431.931083
 13.800000 3.049340 1.301019 422.861971
 13.820000 2.961594 1.328975 420.511151
 13.840000 3.048773 1.447763 427.250767
 13.860000 -3.114956 1.404510 431.005551
 13.880000 -3.087303 1.479219 434.748385
 13.900000 -2.941591 1.330254 438.603992
 13.920000 -2.974072 1.281046 435.162782
 13.940000 -3.121893 1.015960 424.042727
 13.960000 -3.139247 0.780022 420.665984
 13.980000 3.018985 0.483182 415.881902
 14.000000 2.869549 0.465297 411.491491
 14.020000 3.104338 0.263097 420.149372
 14.040000 -3.046003 0.180264 425.981913
 14.060000 -2.929541 0.272776 430.772298
 14.080000 -2.494371 0.105848 449.638503
 14.100000 -2.704724 0.102824 440.870688
 14.120000 -2.596894 -0.068444 446.063277
 14.140000 -2.680970 0.025180 441.759565
 14.160000 -2.950798 -0.144907 433.801943
 14.180000 -3.067884 -0.165078 429.715546
 14.200000 -3.091700 -0.143331 428.317839
 14.220000 3.079950 0.040600 421.130473
 14.240000 -3.078751 0.110264 424.965002
 14.260000 -2.995800 0.212927 428.031887
 14.280000 -3.065276 0.405887 423.882271
 14.300000 -2.976972 0.439094 427.916089
 14.320000 3.075703 0.588867 416.905659
 14.340000 3.057073 0.498810 416.967261
 14.360000 3.049769 0.498959 416.733398
 14.380000 3.055238 0.755834 417.290707
 14.400000 -3.085702 0.518334 422.267636
 14.420000 -3.067574 0.874008 425.457004
 14.440000 -2.991135 0.812970 428.771326
 14.460000 -2.983702 1.021068 431.625048
 14.480000 -2.838391 0.923038 438.391743
 14.500000 -3.046389 0.904110 426.924439
 14.520000 -3.036761 0.929691 427.728646
 14.540000 -3.109787 0.841926 422.876684
 14.560000 3.085093 0.751929 418.273562
 14.580000 3.140221 0.698489 419.586860
 14.600000 -3.079237 0.833847 424.385916
 14.620000 -2.875307 0.769856 434.300584
 14.640000 -2.865988 0.867319 436.150583
 14.660000 -2.945187 0.667841 429.235298
 14.680000 -3.072790 0.577769 422.552318
 14.700000 3.066936 0.501417 417.263218
 14.720000 3.118999 0.369964 419.841583
 14.740000 3.095047 0.503144 418.154899
 14.760000 -3.069694 0.229543 424.666708
 14.780000 -3.105473 0.418462 421.918492
 14.800000 -3.002239 0.313273 427.283801
 14.820000 -2.989883 0.361412 427.640236
 14.840000 -2.925379 0.164309 431.325508
 14.860000 -2.880267 0.137313 433.365177
 14.880000 -2.883202 0.046699 433.463401
 14.900000 -2.834950 0.017550 435.511367
 14.920000 -2.869170 0.051472 434.037015
 14.940000 -2.732305 0.097361 439.716671
 14.960000 -2.720560 0.219506 440.238360
 14.980000 -2.707994 0.256786 440.799908
 15.000000 -2.734547 0.436668 439.547103
 15.020000 -2.827211 0.478028 435.031555
 15.040000 -2.916231 0.565612 430.388288
 15.060000 3.047401 0.620857 415.731471
 15.080000 2.999559 0.552268 414.720991
 15.100000 2.970759 0.732853 414.221725
 15.120000 -3.070278 0.877868 425.357316
 15.140000 -3.019864 0.943793 428.797642
 15.160000 -3.034548 1.036805 429.000434
 15.180000 -3.111629 1.058058 424.998450
 15.200000 -3.095362 1.001347 425.331343
 15.220000 -3.071309 0.998830 426.607290
 15.240000 -3.102881 0.960142 424.507453
 15.260000 -3.037671 0.911591 427.475602
 15.280000 3.097092 0.896139 420.194091
 15.300000 -3.089104 0.983313 425.486157
 15.320000 -2.922091 0.992688 434.690085
 15.340000 -2.871734 0.853403 435.653240
 15.360000 -2.845548 0.868977 437.271711
 15.380000 -2.883411 0.732851 433.347508
 15.400000 -2.964971 0.671425 428.273036
 15.420000 -3.008264 0.653369 425.825244
 15.440000 -3.086504 0.572302 421.908692
 15.460000 -3.071952 0.638885 422.426868
 15.480000 -2.960775 0.588687 428.068469
 15.500000 -2.993558 0.600696 426.370735
 15.520000 -2.969028 0.532827 427.901983
 15.540000 -3.122896 0.418914 421.097533
 15.560000 3.110678 0.342807 419.773438
 15.580000 3.117424 0.343276 419.977417
 15.600000 -3.134102 0.149821 422.356633
 15.620000 -3.086748 0.307851 423.446517
 15.640000 -2.876015 0.154145 433.507615
 15.660000 -2.926890 0.288946 430.837884
 15.680000 -2.838953 0.151433 435.123588
 15.700000 -2.794695 0.261021 436.915370
 15.720000 -2.871613 0.299898 433.340141
 15.740000 -2.796814 0.213865 436.877364
 15.760000 -2.804646 0.268356 436.456374
 15.780000 -2.858289 0.198892 434.180587
 15.800000 -2.982591 0.291525 428.280797
 15.820000 -2.806694 0.238008 436.406393
 15.840000 -2.969479 0.348618 428.646931
 15.860000 -2.808288 0.246532 436.322945
 15.880000 -2.765427 0.429750 438.083540
 15.900000 -2.928170 0.412183 430.353591
 15.920000 -2.792351 0.460279 436.752498
 15.940000 -2.929557 0.363466 430.457924
 15.960000 -2.948164 0.502445 429.052236
 15.980000 -2.966530 0.499533 428.166350
 16.000000 -3.071707 0.525051 422.908892
 16.020000 3.109074 0.620159 417.788718
 16.040000 -3.065600 0.611417 422.712402
 16.060000 3.072218 0.750998 417.821151
 16.080000 2.980776 0.767755 414.897342
 16.100000 3.128853 0.733990 419.591561
 16.120000 3.044813 0.703216 416.385904
 16.140000 -2.945910 0.921475 432.535684
 16.160000 -3.021399 0.667651 425.345598
 16.180000 -3.043502 0.679603 424.375004
 16.200000 -2.954179 0.623086 428.247118
 16.220000 -2.963910 0.684861 428.510925
 16.240000 -2.894310 0.552790 431.525290
 16.260000 -2.882766 0.578104 432.016624
 16.280000 -2.847380 0.492280 434.015715
 16.300000 -2.836888 0.605347 434.237672
 16.320000 -2.855629 0.502955 433.584706
 16.340000 3.109673 0.378156 419.494918
 16.360000 -3.106011 0.413696 421.922201
 16.380000 -3.139812 0.430414 420.229528
 16.400000 -3.003403 0.562734 426.065553
 16.420000 -2.986609 0.392338 427.658685
 16.440000 -3.036307 0.524069 424.641053
 16.460000 -3.047078 0.465860 424.424228
 16.480000 -3.010633 0.443814 426.282181
 16.500000 -2.990885 0.415263 427.355313
 16.520000 -2.998143 0.321751 427.433709
 16.540000 -2.971240 0.402138 428.344253
 16.560000 -3.068506 0.188568 424.952596
 16.580000 -3.057148 0.300547 424.835290
 16.600000 -3.089177 0.059763 424.827786
 16.620000 -3.056605 0.366298 424.503983
 16.640000 -3.022626 0.255858 426.630043
 16.660000 -2.965883 0.315945 428.946195
 16.680000 -2.953270 0.322442 429.503095
 16.700000 -2.935796 0.447942 429.860067
 16.720000 -3.047535 0.444357 424.515686
 16.740000 -3.093389 0.519637 421.887187
 16.760000 -3.010484 0.522144 425.914152
 16.780000 -2.877617 0.616155 432.146805
 16.800000 -2.834098 0.846245 437.568715
 16.820000 -2.915940 0.685090 430.979328
 16.840000 -2.975910 0.858174 430.143094
 16.860000 -3.033120 0.808202 426.503630
 16.880000 -2.943010 1.012945 433.773527
 16.900000 -3.042723 0.938509 427.506358
 16.920000 -2.930013 0.831981 432.254495
 16.940000 -3.060727 0.915588 426.286802
 16.960000 -3.038874 0.910851 427.402756
 16.980000 3.119940 0.795194 419.949549
 17.000000 3.104991 0.682017 418.194118
 17.020000 -3.053999 0.812306 425.458175
 17.040000 -2.984379 0.573945 426.956952
 17.060000 -2.896311 0.692257 432.093446
 17.080000 -3.042930 0.540904 424.227942
 17.100000 -2.982285 0.569146 427.083422
 17.120000 -2.993218 0.476783 426.967909
 17.140000 -2.791555 0.580057 436.575129
 17.160000 -2.867654 0.478449 433.063225
 17.180000 -2.911800 0.658294 430.806748
 17.200000 -2.980669 0.583645 427.096707
 17.220000 -3.132582 0.568740 419.671830
 17.240000 -3.072509 0.574508 422.585220
 17.260000 3.131896 0.707291 419.398854
 17.280000 -3.130269 0.532558 420.020360
 17.300000 -3.139370 0.553578 419.441203
 17.320000 -3.018816 0.681165 425.652329
 17.340000 -3.079101 0.463378 422.903705
 17.360000 -2.923127 0.643725 430.018764
 17.380000 -2.786997 0.431277 437.052726
 17.400000 -2.806439 0.551306 435.895259
 17.420000 -2.617152 0.531547 445.149232
 17.440000 -2.893704 0.517681 431.670930
 17.460000 -2.895396 0.550006 431.480684
 17.480000 -2.981380 0.638343 426.985622
 17.500000 -3.037831 0.522513 424.574737
 17.520000 -3.123772 0.675210 420.263281
 17.540000 3.127524 0.725184 419.447662
 17.560000 3.112242 0.646562 418.043413
 17.580000 -3.103182 0.831732 423.108671
 17.600000 -3.090750 0.626254 421.368808
 17.620000 -3.128111 0.802769 421.491090
 17.640000 -3.003296 0.621054 425.779978
 17.660000 -3.005305 0.653058 425.971191
 17.680000 -2.855169 0.592026 433.356755
 17.700000 -2.955733 0.421536 429.003987
 17.720000 -2.994256 0.455920 427.012173
 17.740000 -3.007463 0.403747 426.621540
 17.760000 -2.828775 0.369183 435.176648
 17.780000 -2.954251 0.502696 428.753442
 17.800000 -2.976698 0.315674 428.448737
 17.820000 -2.932759 0.343251 430.378899
 17.840000 -2.984731 0.632039 426.730010
 17.860000 -2.892319 0.274949 432.459893
 17.880000 -2.942153 0.379240 429.809025
 17.900000 -2.963583 0.512588 428.255802
 17.920000 -2.951550 0.561140 428.647064
 17.940000 -2.950654 0.603593 428.510991
 17.960000 -3.123597 0.625518 419.739600
 17.980000 -3.041768 0.697983 424.695155
 18.000000 -3.091150 0.746115 422.750497
 18.020000 -3.081575 0.781163 423.655102
 18.040000 -3.077449 0.809712 424.201829
 18.060000 3.077833 0.835743 418.899440
 18.080000 3.111681 0.838918 420.123303
 18.100000 -3.053499 0.793930 425.265931
 18.120000 -3.112867 0.888505 423.222007
 18.140000 -3.140542 0.728223 420.023066
 18.160000 -3.113380 0.768472 421.866395
 18.180000 3.122482 0.532687 418.843224
 18.200000 -2.942614 0.672368 429.430267
 18.220000 -2.869548 0.523187 432.844296
 18.240000 -2.905294 0.476935 431.236182
 18.260000 -2.784921 0.549676 436.964533
 18.280000 -2.676992 0.405931 442.259154
 18.300000 -2.741666 0.546400 439.104272
 18.320000 -2.707124 0.431047 440.848780
 18.340000 -2.856967 0.594240 433.259678
 18.360000 -2.922063 0.637772 429.986933
 18.380000 -2.955757 0.508247 428.657220
 18.400000 -3.076388 0.587273 422.318713
 18.420000 3.125069 0.769219 419.847612
 18.440000 -3.121406 0.594804 420.049651
 18.460000 3.080620 0.690336 417.457205
 18.480000 -3.139754 0.643477 419.095650
 18.500000 -3.062547 0.933167 426.382811
 18.520000 -3.102637 0.699385 421.613799
 18.540000 -3.001609 0.663061 426.291610
 18.560000 -2.948539 0.711220 429.662624
 18.580000 -3.078983 0.726457 423.141142
 18.600000 -2.875643 0.616621 432.245039
 18.620000 -3.012518 0.551737 425.668832
 18.640000 -3.050386 0.593685 423.571286
 18.660000 -2.932100 0.500667 429.845182
 18.680000 -3.053972 0.434937 424.259157
 18.700000 -3.083233 0.296167 423.674696
 18.720000 -3.043498 0.356675 425.164355
 18.740000 -2.946832 -0.002211 431.021033
 18.760000 -2.995671 0.157544 428.287464
 18.780000 -2.759209 -0.020942 438.978927
 18.800000 -2.871890 0.078721 433.863061
 18.820000 -2.866069 0.090771 434.082378
 18.840000 -2.712475 -0.033968 441.062046
 18.860000 -2.860147 0.232244 434.022916
 18.880000 -2.876663 0.189043 433.392254
 18.900000 -2.900976 0.344207 431.857819
 18.920000 3.114787 0.338636 419.928737
 18.940000 -3.112190 0.412478 421.639812
 18.960000 -3.084668 0.532291 422.235937
 18.980000 3.140872 0.587014 419.085218
 19.000000 -3.118947 0.648022 420.185775
 19.020000 3.132527 0.700972 419.349568
 19.040000 3.078508 0.719943 417.705249
 19.060000 -2.932671 0.779173 431.412284
 19.080000 -2.922714 0.898764 433.507140
 19.100000 -2.954379 0.842429 431.092506
 19.120000 -2.782352 0.628228 436.932328
 19.140000 -3.009475 0.850058 428.257718
 19.160000 -2.936600 0.639802 429.277453
 19.180000 -3.002895 0.682803 426.486711
 19.200000 -3.101183 0.498277 421.639054
 19.220000 -3.081386 0.535301 422.378220
 19.240000 -2.994929 0.458143 426.969726
 19.260000 -3.106233 0.458459 421.639042
 19.280000 -3.067590 0.327422 424.209694
 19.300000 -2.986665 0.282870 428.132417
 19.320000 -3.123108 0.331322 421.645079
 19.340000 -2.897814 0.177074 432.493576
 19.360000 -3.025339 0.117119 427.200836
 19.380000 -3.043381 0.188510 426.052787
 19.400000 -3.000548 0.058276 428.527029
 19.420000 3.138450 0.057521 422.587410
 19.440000 -3.071865 0.042557 425.645126
 19.460000 -3.060596 0.021862 426.223851
 19.480000 -2.938526 0.052160 431.141316
 19.500000 -2.927218 0.030225 431.682510
 19.520000 -2.927792 -0.002301 431.799264
 19.540000 -2.927077 0.004803 431.766592
 19.560000 -2.912853 0.118870 432.013105
 19.580000 -2.839262 0.207157 435.006284
 19.600000 -2.811802 0.193257 436.242373
 19.620000 -2.862307 0.420627 433.473097
 19.640000 -2.761121 0.465954 438.249889
 19.660000 -2.915038 0.703458 431.286720
 19.680000 -2.974546 0.698938 428.154826
 19.700000 -3.133256 0.685291 419.903206
 19.720000 3.089589 0.839005 419.345330
 19.740000 3.112373 0.894313 420.721049
 19.760000 3.075145 1.035755 420.734148
 19.780000 3.131619 0.986984 422.338538
 19.800000 3.091058 1.176630 422.472268
 19.820000 -3.036420 1.137451 429.866509
 19.840000 -3.043670 1.238990 430.289925
 19.860000 -3.045864 1.042369 428.437009
 19.880000 3.105193 1.093846 422.339057
 19.900000 3.064640 1.059209 420.558346
 19.920000 3.132325 0.985830 422.353205
 19.940000 -3.104854 0.982221 424.627050
 19.960000 -2.986455 0.878183 429.825417
 19.980000 -2.984975 0.973054 431.021530
 20.000000 -2.902556 0.743866 432.505200
