#! FIELDS time phi psi sigma_phi sigma_psi height biasf
                        #! SET multivariate false
                        #! SET kerneltype stretched-gaussian
                        #! SET min_phi -pi
                        #! SET max_phi pi
                        #! SET min_psi -pi
                        #! SET max_psi pi
0 -3.141592653589793 -3.141592653589793 0.8 0.8 11.8646684518652 1
0 -3.141592653589793 -2.722713633111154 0.8 0.8 4.46561521146602 1
0 -3.141592653589793 -2.3038346126325147 0.8 0.8 0.0 1
0 -3.141592653589793 -1.8849555921538754 0.8 0.8 0.0 1
0 -3.141592653589793 -1.4660765716752362 0.8 0.8 5.81910208356121 1
0 -3.141592653589793 -1.047197551196597 0.8 0.8 5.757026860446352 1
0 -3.141592653589793 -0.6283185307179577 0.8 0.8 32.28424629870144 1
0 -3.141592653589793 -0.2094395102393185 0.8 0.8 17.028143046958284 1
0 -3.141592653589793 0.20943951023932073 0.8 0.8 27.607172786393676 1
0 -3.141592653589793 0.62831853071796 0.8 0.8 7.556396648188981 1
0 -3.141592653589793 1.0471975511965992 0.8 0.8 15.218440167829517 1
0 -3.141592653589793 1.466076571675238 0.8 0.8 3.7812456457042893 1
0 -3.141592653589793 1.8849555921538776 0.8 0.8 0.0 1
0 -3.141592653589793 2.3038346126325173 0.8 0.8 13.769527801657299 1
0 -3.141592653589793 2.722713633111156 0.8 0.8 0.0 1
0 -2.722713633111154 -3.141592653589793 0.8 0.8 0.05787653786835989 1
0 -2.722713633111154 -2.722713633111154 0.8 0.8 10.68533254376967 1
0 -2.722713633111154 -2.3038346126325147 0.8 0.8 14.984406741128229 1
0 -2.722713633111154 -1.8849555921538754 0.8 0.8 19.974128853352106 1
0 -2.722713633111154 -1.4660765716752362 0.8 0.8 6.068191269333998 1
0 -2.722713633111154 -1.047197551196597 0.8 0.8 33.124212286082226 1
0 -2.722713633111154 -0.6283185307179577 0.8 0.8 18.60061155724111 1
0 -2.722713633111154 -0.2094395102393185 0.8 0.8 19.029900976171156 1
0 -2.722713633111154 0.20943951023932073 0.8 0.8 9.11630231738323 1
0 -2.722713633111154 0.62831853071796 0.8 0.8 4.475097636947088 1
0 -2.722713633111154 1.0471975511965992 0.8 0.8 17.265468769057247 1
0 -2.722713633111154 1.466076571675238 0.8 0.8 2.0808738559022935 1
0 -2.722713633111154 1.8849555921538776 0.8 0.8 18.23695262548829 1
0 -2.722713633111154 2.3038346126325173 0.8 0.8 8.019679994500855 1
0 -2.722713633111154 2.722713633111156 0.8 0.8 12.569255360336399 1
0 -2.3038346126325147 -3.141592653589793 0.8 0.8 23.649196864523528 1
0 -2.3038346126325147 -2.722713633111154 0.8 0.8 33.93593656038958 1
0 -2.3038346126325147 -2.3038346126325147 0.8 0.8 11.948880232865392 1
0 -2.3038346126325147 -1.8849555921538754 0.8 0.8 12.682925109070926 1
0 -2.3038346126325147 -1.4660765716752362 0.8 0.8 0.0 1
0 -2.3038346126325147 -1.047197551196597 0.8 0.8 6.812586547302345 1
0 -2.3038346126325147 -0.6283185307179577 0.8 0.8 40.0 1
0 -2.3038346126325147 -0.2094395102393185 0.8 0.8 0.0 1
0 -2.3038346126325147 0.20943951023932073 0.8 0.8 15.017859795267958 1
0 -2.3038346126325147 0.62831853071796 0.8 0.8 24.98371304483515 1
0 -2.3038346126325147 1.0471975511965992 0.8 0.8 19.23874952100785 1
0 -2.3038346126325147 1.466076571675238 0.8 0.8 15.742982521654824 1
0 -2.3038346126325147 1.8849555921538776 0.8 0.8 9.162148931754839 1
0 -2.3038346126325147 2.3038346126325173 0.8 0.8 20.99387774092188 1
0 -2.3038346126325147 2.722713633111156 0.8 0.8 17.734075122483464 1
0 -1.8849555921538754 -3.141592653589793 0.8 0.8 14.654559098824496 1
0 -1.8849555921538754 -2.722713633111154 0.8 0.8 16.12389404747348 1
0 -1.8849555921538754 -2.3038346126325147 0.8 0.8 29.09654126166644 1
0 -1.8849555921538754 -1.8849555921538754 0.8 0.8 24.55586320950789 1
0 -1.8849555921538754 -1.4660765716752362 0.8 0.8 1.961895821409812 1
0 -1.8849555921538754 -1.047197551196597 0.8 0.8 25.800483354880498 1
0 -1.8849555921538754 -0.6283185307179577 0.8 0.8 6.788310905990252 1
0 -1.8849555921538754 -0.2094395102393185 0.8 0.8 16.062878292664823 1
0 -1.8849555921538754 0.20943951023932073 0.8 0.8 10.65335194768807 1
0 -1.8849555921538754 0.62831853071796 0.8 0.8 26.891253405984166 1
0 -1.8849555921538754 1.0471975511965992 0.8 0.8 0.2371415121765299 1
0 -1.8849555921538754 1.466076571675238 0.8 0.8 0.44509467353457133 1
0 -1.8849555921538754 1.8849555921538776 0.8 0.8 2.79683696477138 1
0 -1.8849555921538754 2.3038346126325173 0.8 0.8 14.648847431669326 1
0 -1.8849555921538754 2.722713633111156 0.8 0.8 20.21844584428939 1
0 -1.4660765716752362 -3.141592653589793 0.8 0.8 19.293637457391892 1
0 -1.4660765716752362 -2.722713633111154 0.8 0.8 3.7469167265077576 1
0 -1.4660765716752362 -2.3038346126325147 0.8 0.8 18.794897298660807 1
0 -1.4660765716752362 -1.8849555921538754 0.8 0.8 6.265409315487127 1
0 -1.4660765716752362 -1.4660765716752362 0.8 0.8 7.3323997565299965 1
0 -1.4660765716752362 -1.047197551196597 0.8 0.8 7.385288599353583 1
0 -1.4660765716752362 -0.6283185307179577 0.8 0.8 20.230049385268217 1
0 -1.4660765716752362 -0.2094395102393185 0.8 0.8 3.801640905612043 1
0 -1.4660765716752362 0.20943951023932073 0.8 0.8 7.330397577939466 1
0 -1.4660765716752362 0.62831853071796 0.8 0.8 23.737822417152653 1
0 -1.4660765716752362 1.0471975511965992 0.8 0.8 2.7645955347404314 1
0 -1.4660765716752362 1.466076571675238 0.8 0.8 11.263444704066766 1
0 -1.4660765716752362 1.8849555921538776 0.8 0.8 10.78960867464072 1
0 -1.4660765716752362 2.3038346126325173 0.8 0.8 21.770262993271185 1
0 -1.4660765716752362 2.722713633111156 0.8 0.8 34.38307915985064 1
0 -1.047197551196597 -3.141592653589793 0.8 0.8 21.922935005285574 1
0 -1.047197551196597 -2.722713633111154 0.8 0.8 11.473871666149272 1
0 -1.047197551196597 -2.3038346126325147 0.8 0.8 20.931063203530304 1
0 -1.047197551196597 -1.8849555921538754 0.8 0.8 14.40786159217388 1
0 -1.047197551196597 -1.4660765716752362 0.8 0.8 5.3128473069068 1
0 -1.047197551196597 -1.047197551196597 0.8 0.8 5.634105700219154 1
0 -1.047197551196597 -0.6283185307179577 0.8 0.8 11.663990733356453 1
0 -1.047197551196597 -0.2094395102393185 0.8 0.8 4.967310220265924 1
0 -1.047197551196597 0.20943951023932073 0.8 0.8 33.089413171740844 1
0 -1.047197551196597 0.62831853071796 0.8 0.8 28.174822236233382 1
0 -1.047197551196597 1.0471975511965992 0.8 0.8 13.167450094813818 1
0 -1.047197551196597 1.466076571675238 0.8 0.8 34.73781550980038 1
0 -1.047197551196597 1.8849555921538776 0.8 0.8 10.006630854441337 1
0 -1.047197551196597 2.3038346126325173 0.8 0.8 30.31944116233049 1
0 -1.047197551196597 2.722713633111156 0.8 0.8 21.07840631185854 1
0 -0.6283185307179577 -3.141592653589793 0.8 0.8 16.437428657121206 1
0 -0.6283185307179577 -2.722713633111154 0.8 0.8 17.192452133012278 1
0 -0.6283185307179577 -2.3038346126325147 0.8 0.8 27.34591998581309 1
0 -0.6283185307179577 -1.8849555921538754 0.8 0.8 18.565545731706123 1
0 -0.6283185307179577 -1.4660765716752362 0.8 0.8 6.507299472021208 1
0 -0.6283185307179577 -1.047197551196597 0.8 0.8 31.00505413987142 1
0 -0.6283185307179577 -0.6283185307179577 0.8 0.8 12.015632743241179 1
0 -0.6283185307179577 -0.2094395102393185 0.8 0.8 7.843539907535438 1
0 -0.6283185307179577 0.20943951023932073 0.8 0.8 14.868224468641912 1
0 -0.6283185307179577 0.62831853071796 0.8 0.8 0.7844679967525439 1
0 -0.6283185307179577 1.0471975511965992 0.8 0.8 19.182628877133016 1
0 -0.6283185307179577 1.466076571675238 0.8 0.8 12.888229172212839 1
0 -0.6283185307179577 1.8849555921538776 0.8 0.8 10.328246455806802 1
0 -0.6283185307179577 2.3038346126325173 0.8 0.8 30.743466588058652 1
0 -0.6283185307179577 2.722713633111156 0.8 0.8 21.4803092380568 1
0 -0.2094395102393185 -3.141592653589793 0.8 0.8 15.818535866090315 1
0 -0.2094395102393185 -2.722713633111154 0.8 0.8 18.20405735296402 1
0 -0.2094395102393185 -2.3038346126325147 0.8 0.8 13.072788267216367 1
0 -0.2094395102393185 -1.8849555921538754 0.8 0.8 1.4600999162609778 1
0 -0.2094395102393185 -1.4660765716752362 0.8 0.8 11.265167175795675 1
0 -0.2094395102393185 -1.047197551196597 0.8 0.8 16.50501217019012 1
0 -0.2094395102393185 -0.6283185307179577 0.8 0.8 15.984835681454188 1
0 -0.2094395102393185 -0.2094395102393185 0.8 0.8 1.0508426051358803 1
0 -0.2094395102393185 0.20943951023932073 0.8 0.8 10.682178686022219 1
0 -0.2094395102393185 0.62831853071796 0.8 0.8 10.018610617132246 1
0 -0.2094395102393185 1.0471975511965992 0.8 0.8 15.777340245696614 1
0 -0.2094395102393185 1.466076571675238 0.8 0.8 0.23144816632968812 1
0 -0.2094395102393185 1.8849555921538776 0.8 0.8 6.71620160863774 1
0 -0.2094395102393185 2.3038346126325173 0.8 0.8 8.041982376556094 1
0 -0.2094395102393185 2.722713633111156 0.8 0.8 12.129747502380699 1
0 0.20943951023932073 -3.141592653589793 0.8 0.8 5.588844248015483 1
0 0.20943951023932073 -2.722713633111154 0.8 0.8 23.9425955494919 1
0 0.20943951023932073 -2.3038346126325147 0.8 0.8 16.757047549489148 1
0 0.20943951023932073 -1.8849555921538754 0.8 0.8 0.0 1
0 0.20943951023932073 -1.4660765716752362 0.8 0.8 7.966130317875793 1
0 0.20943951023932073 -1.047197551196597 0.8 0.8 19.17923947736274 1
0 0.20943951023932073 -0.6283185307179577 0.8 0.8 5.912917728900225 1
0 0.20943951023932073 -0.2094395102393185 0.8 0.8 4.27529802027591 1
0 0.20943951023932073 0.20943951023932073 0.8 0.8 0.0 1
0 0.20943951023932073 0.62831853071796 0.8 0.8 8.79537665847039 1
0 0.20943951023932073 1.0471975511965992 0.8 0.8 23.290645685583705 1
0 0.20943951023932073 1.466076571675238 0.8 0.8 12.575706651963651 1
0 0.20943951023932073 1.8849555921538776 0.8 0.8 3.829622196725782 1
0 0.20943951023932073 2.3038346126325173 0.8 0.8 10.124805372497494 1
0 0.20943951023932073 2.722713633111156 0.8 0.8 12.482082902922844 1
0 0.62831853071796 -3.141592653589793 0.8 0.8 0.0 1
0 0.62831853071796 -2.722713633111154 0.8 0.8 0.0 1
0 0.62831853071796 -2.3038346126325147 0.8 0.8 5.216523561294796 1
0 0.62831853071796 -1.8849555921538754 0.8 0.8 11.083322161531907 1
0 0.62831853071796 -1.4660765716752362 0.8 0.8 15.734664487452651 1
0 0.62831853071796 -1.047197551196597 0.8 0.8 8.433934477549444 1
0 0.62831853071796 -0.6283185307179577 0.8 0.8 12.491798058596107 1
0 0.62831853071796 -0.2094395102393185 0.8 0.8 0.6495435149200492 1
0 0.62831853071796 0.20943951023932073 0.8 0.8 17.384763591916773 1
0 0.62831853071796 0.62831853071796 0.8 0.8 27.504899562563665 1
0 0.62831853071796 1.0471975511965992 0.8 0.8 9.924344198865597 1
0 0.62831853071796 1.466076571675238 0.8 0.8 20.146962611572036 1
0 0.62831853071796 1.8849555921538776 0.8 0.8 10.322817297124441 1
0 0.62831853071796 2.3038346126325173 0.8 0.8 19.965554286387544 1
0 0.62831853071796 2.722713633111156 0.8 0.8 12.686083781717931 1
0 1.0471975511965992 -3.141592653589793 0.8 0.8 0.0 1
0 1.0471975511965992 -2.722713633111154 0.8 0.8 11.39921552493848 1
0 1.0471975511965992 -2.3038346126325147 0.8 0.8 3.1686411021475607 1
0 1.0471975511965992 -1.8849555921538754 0.8 0.8 20.669568747571073 1
0 1.0471975511965992 -1.4660765716752362 0.8 0.8 4.54029631888975 1
0 1.0471975511965992 -1.047197551196597 0.8 0.8 33.60378792504119 1
0 1.0471975511965992 -0.6283185307179577 0.8 0.8 4.962631289972815 1
0 1.0471975511965992 -0.2094395102393185 0.8 0.8 1.188751074677037 1
0 1.0471975511965992 0.20943951023932073 0.8 0.8 5.006964713435407 1
0 1.0471975511965992 0.62831853071796 0.8 0.8 33.3322783190298 1
0 1.0471975511965992 1.0471975511965992 0.8 0.8 9.433600877716565 1
0 1.0471975511965992 1.466076571675238 0.8 0.8 30.064994037306054 1
0 1.0471975511965992 1.8849555921538776 0.8 0.8 24.27182172917603 1
0 1.0471975511965992 2.3038346126325173 0.8 0.8 24.80847099580433 1
0 1.0471975511965992 2.722713633111156 0.8 0.8 10.281590593238759 1
0 1.466076571675238 -3.141592653589793 0.8 0.8 7.2593157258466166 1
0 1.466076571675238 -2.722713633111154 0.8 0.8 22.15740107072944 1
0 1.466076571675238 -2.3038346126325147 0.8 0.8 1.502939210955046 1
0 1.466076571675238 -1.8849555921538754 0.8 0.8 2.029010819404375 1
0 1.466076571675238 -1.4660765716752362 0.8 0.8 22.293517821483903 1
0 1.466076571675238 -1.047197551196597 0.8 0.8 18.343526824801575 1
0 1.466076571675238 -0.6283185307179577 0.8 0.8 11.496178502253343 1
0 1.466076571675238 -0.2094395102393185 0.8 0.8 15.808519658542775 1
0 1.466076571675238 0.20943951023932073 0.8 0.8 10.15120184048026 1
0 1.466076571675238 0.62831853071796 0.8 0.8 16.558874032559448 1
0 1.466076571675238 1.0471975511965992 0.8 0.8 4.470184077088637 1
0 1.466076571675238 1.466076571675238 0.8 0.8 8.54137656293162 1
0 1.466076571675238 1.8849555921538776 0.8 0.8 27.93993278031346 1
0 1.466076571675238 2.3038346126325173 0.8 0.8 24.88990588954309 1
0 1.466076571675238 2.722713633111156 0.8 0.8 24.39068986825847 1
0 1.8849555921538776 -3.141592653589793 0.8 0.8 5.043443127988645 1
0 1.8849555921538776 -2.722713633111154 0.8 0.8 9.014309100389944 1
0 1.8849555921538776 -2.3038346126325147 0.8 0.8 6.434955826431684 1
0 1.8849555921538776 -1.8849555921538754 0.8 0.8 32.46178339427377 1
0 1.8849555921538776 -1.4660765716752362 0.8 0.8 21.04859372966403 1
0 1.8849555921538776 -1.047197551196597 0.8 0.8 10.004288466492799 1
0 1.8849555921538776 -0.6283185307179577 0.8 0.8 0.0 1
0 1.8849555921538776 -0.2094395102393185 0.8 0.8 8.537330293168374 1
0 1.8849555921538776 0.20943951023932073 0.8 0.8 19.448179549887662 1
0 1.8849555921538776 0.62831853071796 0.8 0.8 25.034399797524124 1
0 1.8849555921538776 1.0471975511965992 0.8 0.8 13.34285896465787 1
0 1.8849555921538776 1.466076571675238 0.8 0.8 2.394516071399129 1
0 1.8849555921538776 1.8849555921538776 0.8 0.8 8.204780282800781 1
0 1.8849555921538776 2.3038346126325173 0.8 0.8 27.90544156484839 1
0 1.8849555921538776 2.722713633111156 0.8 0.8 12.597323935947013 1
0 2.3038346126325173 -3.141592653589793 0.8 0.8 8.069811704938948 1
0 2.3038346126325173 -2.722713633111154 0.8 0.8 12.540121481334364 1
0 2.3038346126325173 -2.3038346126325147 0.8 0.8 13.34759401573627 1
0 2.3038346126325173 -1.8849555921538754 0.8 0.8 12.351479297272391 1
0 2.3038346126325173 -1.4660765716752362 0.8 0.8 0.0 1
0 2.3038346126325173 -1.047197551196597 0.8 0.8 22.025414264256558 1
0 2.3038346126325173 -0.6283185307179577 0.8 0.8 12.156885031748427 1
0 2.3038346126325173 -0.2094395102393185 0.8 0.8 15.593321848151117 1
0 2.3038346126325173 0.20943951023932073 0.8 0.8 7.861926628185799 1
0 2.3038346126325173 0.62831853071796 0.8 0.8 5.533373100102948 1
0 2.3038346126325173 1.0471975511965992 0.8 0.8 16.231973932739866 1
0 2.3038346126325173 1.466076571675238 0.8 0.8 14.945845682926347 1
0 2.3038346126325173 1.8849555921538776 0.8 0.8 11.201534627235766 1
0 2.3038346126325173 2.3038346126325173 0.8 0.8 13.890104056947289 1
0 2.3038346126325173 2.722713633111156 0.8 0.8 26.35384635240768 1
0 2.722713633111156 -3.141592653589793 0.8 0.8 12.247734423294464 1
0 2.722713633111156 -2.722713633111154 0.8 0.8 14.0665346832745 1
0 2.722713633111156 -2.3038346126325147 0.8 0.8 17.526831670611884 1
0 2.722713633111156 -1.8849555921538754 0.8 0.8 16.899860335012253 1
0 2.722713633111156 -1.4660765716752362 0.8 0.8 15.11899893961383 1
0 2.722713633111156 -1.047197551196597 0.8 0.8 24.610592036874685 1
0 2.722713633111156 -0.6283185307179577 0.8 0.8 24.110945358586708 1
0 2.722713633111156 -0.2094395102393185 0.8 0.8 13.04999973374233 1
0 2.722713633111156 0.20943951023932073 0.8 0.8 29.955502003823227 1
0 2.722713633111156 0.62831853071796 0.8 0.8 11.915506136772823 1
0 2.722713633111156 1.0471975511965992 0.8 0.8 6.159354574459735 1
0 2.722713633111156 1.466076571675238 0.8 0.8 13.158860226486274 1
0 2.722713633111156 1.8849555921538776 0.8 0.8 11.231959089369262 1
0 2.722713633111156 2.3038346126325173 0.8 0.8 0.0 1
0 2.722713633111156 2.722713633111156 0.8 0.8 8.06890243599944 1
