#! FIELDS time phi psi metad.bias
#! SET min_phi -pi
#! SET max_phi pi
#! SET min_psi -pi
#! SET max_psi pi
 0.000000 3.141580 -3.141577 64.381537
 0.020000 -2.765756 -2.765792 55.338173
 0.040000 -2.746277 -2.759738 55.291516
 0.060000 -2.743124 -2.753595 55.152639
 0.080000 -2.726109 -2.687804 53.643594
 0.100000 -2.731419 -2.729086 54.606667
 0.120000 -2.692430 -2.730657 54.899135
 0.140000 -2.710617 -2.670685 53.346516
 0.160000 -2.684104 -2.670924 53.536482
 0.180000 -2.702558 -2.721776 54.611975
 0.200000 -2.744709 -2.744240 54.905999
 0.220000 -2.768643 -2.677733 53.157374
 0.240000 -2.801001 -2.685528 53.172777
 0.260000 -2.760411 -2.721267 54.243914
 0.280000 -2.749900 -2.763810 55.375468
 0.300000 -2.738086 -2.756684 55.261151
 0.320000 -2.814631 -2.751463 54.724432
 0.340000 -2.775469 -2.820750 56.746214
 0.360000 -2.804804 -2.887381 58.474760
 0.380000 -2.838410 -2.831418 56.731425
 0.400000 -2.794859 -2.907824 59.124339
 0.420000 -2.844775 -2.978757 61.010960
 0.440000 -2.835691 -2.984192 61.223038
 0.460000 -2.751580 -3.006898 62.393165
 0.480000 -2.714872 -2.955855 61.024864
 0.500000 -2.648118 -2.925502 60.545602
 0.520000 -2.585030 -2.898545 60.228205
 0.540000 -2.648017 -2.971035 61.926917
 0.560000 -2.592024 -2.848485 58.754836
 0.580000 -2.689723 -2.854552 58.198337
 0.600000 -2.609187 -2.903715 60.188469
 0.620000 -2.670815 -2.883687 59.159203
 0.640000 -2.579879 -2.778561 56.997817
 0.660000 -2.693689 -2.766621 55.796832
 0.680000 -2.652822 -2.726624 55.088434
 0.700000 -2.835026 -2.757923 54.799437
 0.720000 -2.809968 -2.667375 52.708547
 0.740000 -2.923776 -2.658878 52.139514
 0.760000 -2.915222 -2.588572 50.663144
 0.780000 -2.868403 -2.608704 51.201516
 0.800000 -2.824909 -2.604913 51.278990
 0.820000 -2.760389 -2.567738 50.843850
 0.840000 -2.737303 -2.522064 50.122268
 0.860000 -2.739395 -2.640511 52.482619
 0.880000 -2.739026 -2.603481 51.692154
 0.900000 -2.708570 -2.624431 52.331629
 0.920000 -2.879873 -2.656903 52.208832
 0.940000 -2.765165 -2.709831 53.938646
 0.960000 -2.886973 -2.775620 55.057263
 0.980000 -2.747968 -2.706618 53.958732
 1.000000 -2.609900 -2.648180 53.631443
 1.020000 -2.626095 -2.628294 53.058348
 1.040000 -2.509609 -2.618815 54.067093
 1.060000 -2.561530 -2.646831 54.072217
 1.080000 -2.550216 -2.583619 52.907987
 1.100000 -2.651814 -2.618366 52.629254
 1.120000 -2.639331 -2.747824 55.717777
 1.140000 -2.819494 -2.749725 54.658115
 1.160000 -2.729285 -2.782876 55.992932
 1.180000 -2.807292 -2.864338 57.799182
 1.200000 -2.820122 -2.905443 58.926610
 1.220000 -2.759250 -2.973003 61.288953
 1.240000 -2.917763 -3.026974 62.156322
 1.260000 -2.839868 -2.924683 59.399919
 1.280000 -2.861958 -3.061574 63.539570
 1.300000 -2.866699 3.114246 67.047389
 1.320000 -2.786041 -3.039637 63.241564
 1.340000 -2.660269 -2.966903 61.716498
 1.360000 -2.724694 -2.871917 58.472599
 1.380000 -2.555062 -2.967223 62.500702
 1.400000 -2.590767 -2.804147 57.567719
 1.420000 -2.661808 -2.617994 52.540531
 1.440000 -2.575026 -2.692790 54.958202
 1.460000 -2.713828 -2.676060 53.449057
 1.480000 -2.772256 -2.554542 50.521314
 1.500000 -2.791099 -2.461562 48.784239
 1.520000 -2.877883 -2.583419 50.654194
 1.540000 -2.935916 -2.494534 48.865233
 1.560000 -2.971319 -2.498066 48.883112
 1.580000 -2.908635 -2.439049 48.008037
 1.600000 -2.854178 -2.473402 48.708945
 1.620000 -2.742386 -2.400371 48.164426
 1.640000 -2.752950 -2.407723 48.196043
 1.660000 -2.667692 -2.402541 48.783179
 1.680000 -2.682392 -2.412587 48.788645
 1.700000 -2.721403 -2.469651 49.336414
 1.720000 -2.700340 -2.512930 50.215606
 1.740000 -2.674371 -2.573703 51.539871
 1.760000 -2.706193 -2.474344 49.521290
 1.780000 -2.719431 -2.590893 51.558436
 1.800000 -2.666103 -2.686023 54.018438
 1.820000 -2.750798 -2.699440 53.769887
 1.840000 -2.681455 -2.607367 52.165166
 1.860000 -2.820984 -2.840567 57.063299
 1.880000 -2.806922 -2.828711 56.802819
 1.900000 -2.884518 -2.805092 55.836751
 1.920000 -2.840417 -2.755722 54.720945
 1.940000 -2.881458 -2.932964 59.457216
 1.960000 -2.819084 -2.968526 60.825140
 1.980000 -2.828155 -2.948926 60.182931
 2.000000 -2.754845 -2.779246 55.748560
 2.020000 -2.710563 -2.866124 58.393280
 2.040000 -2.779982 -2.980888 61.415496
 2.060000 -2.760490 -2.806102 56.429946
 2.080000 -2.742716 -2.860878 58.049609
 2.100000 -2.726126 -2.872107 58.469425
 2.120000 -2.725879 -2.812975 56.817484
 2.140000 -2.570046 -2.740602 56.138989
 2.160000 -2.574597 -2.785471 57.223171
 2.180000 -2.503867 -2.680349 55.429559
 2.200000 -2.522755 -2.689143 55.413558
 2.220000 -2.523399 -2.728935 56.323867
 2.240000 -2.485954 -2.735840 56.897650
 2.260000 -2.624595 -2.667810 53.936986
 2.280000 -2.708390 -2.654412 52.992042
 2.300000 -2.838493 -2.761124 54.866738
 2.320000 -2.875557 -2.857084 57.290595
 2.340000 -2.958488 -2.766802 54.617371
 2.360000 -2.942229 -2.668620 52.318247
 2.380000 -2.952083 -2.900502 58.225343
 2.400000 -2.937143 -2.845551 56.743357
 2.420000 -2.959875 -2.751261 54.228469
 2.440000 -2.949145 -2.772771 54.792174
 2.460000 -2.914792 -2.878451 57.740111
 2.480000 -2.792240 -2.852417 57.537441
 2.500000 -2.728751 -2.773586 55.753251
 2.520000 -2.587682 -2.736637 55.879162
 2.540000 -2.487081 -2.848975 59.740856
 2.560000 -2.412443 -2.785257 58.954639
 2.580000 -2.384055 -2.668232 56.727370
 2.600000 -2.349321 -2.776294 59.569033
 2.620000 -2.357092 -2.742168 58.687049
 2.640000 -2.351182 -2.694181 57.741810
 2.660000 -2.424943 -2.730966 57.520593
 2.680000 -2.570385 -2.968312 62.412328
 2.700000 -2.705206 -2.900620 59.427729
 2.720000 -2.901337 -2.870387 57.563891
 2.740000 -2.966863 -3.047290 62.543906
 2.760000 -2.974646 -3.093394 63.951297
 2.780000 -2.940910 -2.887323 57.892642
 2.800000 -2.978718 -2.836734 56.370384
 2.820000 -2.852575 -2.986621 61.216006
 2.840000 -2.948624 -2.910570 58.526950
 2.860000 -2.880108 -2.678322 52.694986
 2.880000 -2.879058 -2.700584 53.220067
 2.900000 -2.777509 -2.855374 57.698759
 2.920000 -2.622382 -2.714161 55.032276
 2.940000 -2.561337 -2.611735 53.342642
 2.960000 -2.607587 -2.668896 54.111067
 2.980000 -2.582869 -2.701291 55.080409
 3.000000 -2.600132 -2.698817 54.863636
 3.020000 -2.751009 -2.622721 52.026087
 3.040000 -2.700909 -2.801491 56.664917
 3.060000 -2.830980 -2.715450 53.755785
 3.080000 -2.901636 -2.851500 57.033726
 3.100000 -2.772767 -2.799165 56.176889
 3.120000 -2.921722 -2.869479 57.461111
 3.140000 -2.782697 -2.792846 55.956341
 3.160000 -2.787898 -2.765865 55.223370
 3.180000 -2.648583 -2.999736 62.813911
 3.200000 -2.671707 -2.950880 61.149554
 3.220000 -2.725482 -2.886557 58.891285
 3.240000 -2.689917 -2.933786 60.512370
 3.260000 -2.680945 -3.111750 66.222958
 3.280000 -2.720061 -2.958390 61.070761
 3.300000 -2.714002 -2.923460 60.050365
 3.320000 -2.767458 -3.056869 63.903843
 3.340000 -2.784151 -3.013721 62.422434
 3.360000 -2.702479 -2.942208 60.686383
 3.380000 -2.742644 -2.913142 59.570779
 3.400000 -2.789836 -3.002078 62.022809
 3.420000 -2.823980 -2.906422 58.936609
 3.440000 -2.731946 -2.717318 54.314337
 3.460000 -2.780124 -2.864176 57.935294
 3.480000 -2.529864 -2.812202 58.339032
 3.500000 -2.689147 -2.588222 51.715712
 3.520000 -2.624134 -2.627643 53.061891
 3.540000 -2.561570 -2.725406 55.853361
 3.560000 -2.753471 -2.659114 52.815281
 3.580000 -2.675858 -2.552843 51.128572
 3.600000 -2.790300 -2.691776 53.373087
 3.620000 -2.823580 -2.764282 55.011855
 3.640000 -2.910618 -2.641396 51.783647
 3.660000 -2.872387 -2.713926 53.562460
 3.680000 3.130792 -2.795735 54.942705
 3.700000 -2.927350 -2.566687 50.204494
 3.720000 -2.984460 -2.555510 49.910149
 3.740000 -2.769933 -2.565825 50.752925
 3.760000 -2.702246 -2.604017 51.944585
 3.780000 -2.582037 -2.381088 49.409151
 3.800000 -2.545061 -2.505127 51.573252
 3.820000 -2.422573 -2.590571 54.672468
 3.840000 -2.493596 -2.557881 53.110126
 3.860000 -2.594898 -2.490739 50.784098
 3.880000 -2.483629 -2.701456 56.133549
 3.900000 -2.580792 -2.848386 58.846936
 3.920000 -2.639473 -2.639970 53.194401
 3.940000 -2.855444 -2.686836 52.974743
 3.960000 -2.924622 -2.717076 53.484298
 3.980000 -2.995759 -2.730119 53.640852
 4.000000 -2.937359 -2.622951 51.328972
 4.020000 -2.789357 -2.658185 52.599153
 4.040000 -2.799892 -2.756981 54.935144
 4.060000 -2.636875 -2.774988 56.426358
 4.080000 -2.673294 -2.856442 58.362353
 4.100000 -2.627598 -2.884171 59.482513
 4.120000 -2.466343 -2.965500 63.214053
 4.140000 -2.502767 -2.916815 61.466407
 4.160000 -2.356219 -2.877450 61.959722
 4.180000 -2.402773 -2.872343 61.275192
 4.200000 -2.440973 -2.944551 62.852619
 4.220000 -2.570736 -2.878968 59.785961
 4.240000 -2.559908 -2.873780 59.732607
 4.260000 -2.765883 -2.997330 62.009085
 4.280000 -2.700979 -2.878422 58.807398
 4.300000 -3.005554 -3.031253 61.855623
 4.320000 -2.984627 -2.979214 60.389251
 4.340000 -3.075468 -3.057340 62.275852
 4.360000 -2.954201 -2.920487 58.791456
 4.380000 -2.863707 -2.799835 55.775033
 4.400000 -2.752994 -2.756046 55.158504
 4.420000 -2.737244 -2.753502 55.184870
 4.440000 -2.761639 -2.470723 49.094455
 4.460000 -2.759719 -2.500846 49.611203
 4.480000 -2.751372 -2.609549 51.745008
 4.500000 -2.526625 -2.439855 50.839724
 4.520000 -2.697291 -2.552735 50.963481
 4.540000 -2.482744 -2.493432 52.194228
 4.560000 -2.723269 -2.680431 53.489214
 4.580000 -2.599602 -2.576169 52.247376
 4.600000 -2.661899 -2.646522 53.155693
 4.620000 -2.651580 -2.666535 53.684304
 4.640000 -2.645661 -2.641097 53.167417
 4.660000 -2.757729 -2.644792 52.468946
 4.680000 -2.654550 -2.664729 53.619845
 4.700000 -2.883837 -2.829756 56.502687
 4.720000 -2.681403 -2.710036 54.473666
 4.740000 -2.694043 -2.848402 57.996845
 4.760000 -2.573313 -2.951228 61.874302
 4.780000 -2.637135 -3.108641 66.391556
 4.800000 -2.682799 -2.888801 59.226908
 4.820000 -2.817890 -3.056517 63.611604
 4.840000 -2.869745 3.030217 69.878062
 4.860000 -2.808596 -3.062940 63.871105
 4.880000 -2.806767 -2.992759 61.639167
 4.900000 -2.670035 -3.031415 63.673552
 4.920000 -2.770311 3.113994 67.620729
 4.940000 -2.726090 -3.004682 62.474631
 4.960000 -2.754079 -2.999047 62.131290
 4.980000 -2.748426 -3.048305 63.736137
 5.000000 -2.786713 3.120756 67.296697
 5.020000 -2.553257 -2.926740 61.310551
 5.040000 -2.777580 -2.827329 56.915467
 5.060000 -2.823927 -2.976000 61.029555
 5.080000 -2.747031 -2.700104 53.807740
 5.100000 -2.781009 -2.531764 50.047016
 5.120000 -2.546743 -2.575908 52.799683
 5.140000 -2.550667 -2.666935 54.621601
 5.160000 -2.599714 -2.554900 51.844581
 5.180000 -2.738268 -2.483258 49.444897
 5.200000 -2.927905 -2.782618 55.104829
 5.220000 -2.989678 -2.674494 52.367528
 5.240000 -2.951401 -2.484087 48.665828
 5.260000 -2.944761 -2.659992 52.120239
 5.280000 -2.817230 -2.627556 51.792125
 5.300000 -2.829928 -2.466140 48.678840
 5.320000 -2.845547 -2.520562 49.557155
 5.340000 -2.731763 -2.499434 49.760281
 5.360000 -2.673469 -2.564739 51.373462
 5.380000 -2.551535 -2.428267 50.367831
 5.400000 -2.563942 -2.657197 54.271385
 5.420000 -2.624189 -2.677265 54.154797
 5.440000 -2.611946 -2.676698 54.248470
 5.460000 -2.661655 -2.835601 57.860899
 5.480000 -2.728514 -2.874308 58.518436
 5.500000 -2.691165 -2.776263 56.063256
 5.520000 -2.792311 -2.713398 53.883300
 5.540000 -2.749830 -2.856050 57.871192
 5.560000 -2.793349 -2.948488 60.348254
 5.580000 -2.900734 -2.900003 58.411561
 5.600000 -2.883456 -2.898306 58.433691
 5.620000 -2.873603 3.087477 67.906385
 5.640000 -2.869038 3.002529 70.832494
 5.660000 -2.766123 -3.089476 64.978511
 5.680000 -2.827030 -3.075788 64.187270
 5.700000 -2.798444 -3.139275 66.449553
 5.720000 -2.702070 -3.044534 63.892010
 5.740000 -2.600448 -2.953617 61.737119
 5.760000 -2.537879 -2.808846 58.173700
 5.780000 -2.531336 -2.812242 58.325782
 5.800000 -2.517001 -2.871201 60.051182
 5.820000 -2.541876 -2.776895 57.311924
 5.840000 -2.659173 -2.918751 60.267951
 5.860000 -2.795088 -2.904219 59.016980
 5.880000 -2.918353 -2.917648 58.850962
 5.900000 -2.907512 -2.809744 55.879334
 5.920000 -2.932041 -2.758630 54.482929
 5.940000 -2.797677 -2.800170 56.074758
 5.960000 -2.753113 -2.481839 49.328003
 5.980000 -2.657555 -2.439588 49.386462
 6.000000 -2.567042 -2.543678 51.980849
 6.020000 -2.700598 -2.425710 48.822806
 6.040000 -2.757706 -2.341673 47.331070
 6.060000 -2.867785 -2.589335 50.804696
 6.080000 -2.844209 -2.626083 51.652142
 6.100000 -2.911390 -2.575999 50.420206
 6.120000 -2.789381 -2.597293 51.284327
 6.140000 -2.842272 -2.692784 53.164690
 6.160000 -2.581891 -2.617296 53.244390
 6.180000 -2.544684 -2.461150 50.906671
 6.200000 -2.628695 -2.594885 52.343679
 6.220000 -2.591773 -2.622849 53.261984
 6.240000 -2.704016 -2.493278 49.850229
 6.260000 -2.701482 -2.600145 51.869877
 6.280000 -2.707581 -2.775341 55.931218
 6.300000 -2.771809 -2.659023 52.710302
 6.320000 -2.859000 -2.751117 54.531267
 6.340000 -2.792217 -2.822697 56.711837
 6.360000 -2.921930 -2.877638 57.690039
 6.380000 -2.898371 -2.871065 57.594564
 6.400000 -3.001131 -2.893129 57.840971
 6.420000 -3.031025 -2.881924 57.432597
 6.440000 -2.904927 -2.918514 58.931592
 6.460000 -2.890273 -2.819006 56.187508
 6.480000 -2.669841 -2.725484 54.932569
 6.500000 -2.520538 -2.751747 56.901644
 6.520000 -2.313601 -2.748588 59.460464
 6.540000 -2.132849 -2.629039 60.405695
 6.560000 -2.106038 -2.677313 61.706741
 6.580000 -2.152076 -2.771073 62.549076
 6.600000 -2.038716 -2.685476 63.181442
 6.620000 -2.057502 -2.594049 61.481081
 6.640000 -2.086895 -2.686645 62.236747
 6.660000 -2.096808 -2.644920 61.379166
 6.680000 -2.227094 -2.690940 59.686262
 6.700000 -2.232037 -2.608318 58.151345
 6.720000 -2.293678 -2.689413 58.537566
 6.740000 -2.493988 -2.888247 60.743542
 6.760000 -2.690311 -2.827311 57.435124
 6.780000 -2.898254 -2.906266 58.602873
 6.800000 -3.044684 -3.063909 62.644152
 6.820000 -3.088782 3.061871 67.265024
 6.840000 -3.029155 3.029514 68.784759
 6.860000 -3.074757 3.089645 66.488481
 6.880000 -2.894732 -3.124085 65.394267
 6.900000 -2.844890 -3.124769 65.700055
 6.920000 -2.791817 -3.031457 62.946895
 6.940000 -2.618825 -2.882953 59.513732
 6.960000 -2.612664 -2.840793 58.374203
 6.980000 -2.484038 -2.787110 58.167548
 7.000000 -2.368951 -2.782451 59.446142
 7.020000 -2.398172 -2.691299 57.006036
 7.040000 -2.465100 -2.746302 57.384922
 7.060000 -2.367292 -2.669865 57.006089
 7.080000 -2.480591 -2.696042 56.048286
 7.100000 -2.439226 -2.605078 54.705660
 7.120000 -2.449303 -2.654349 55.543069
 7.140000 -2.582407 -2.534408 51.651227
 7.160000 -2.661208 -2.520719 50.663056
 7.180000 -2.719239 -2.573051 51.202881
 7.200000 -2.847819 -2.661213 52.411431
 7.220000 -2.723969 -2.587212 51.454158
 7.240000 -2.726643 -2.565643 51.008922
 7.260000 -2.815180 -2.764423 55.053253
 7.280000 -2.767159 -2.753113 55.005106
 7.300000 -2.939282 -2.770426 54.759946
 7.320000 -2.961756 -2.796937 55.374751
 7.340000 -3.027935 -2.837630 56.254723
 7.360000 -3.096711 -2.821135 55.667845
 7.380000 -3.005978 -2.857738 56.852447
 7.400000 -3.011402 -2.768761 54.546173
 7.420000 -2.774918 -2.731615 54.421706
 7.440000 -2.583599 -2.872850 59.505727
 7.460000 -2.396594 -2.865255 61.160280
 7.480000 -2.356326 -2.754869 58.982640
 7.500000 -2.308553 -2.816138 61.067187
 7.520000 -2.386292 -2.908575 62.431102
 7.540000 -2.482011 -2.789855 58.258602
 7.560000 -2.482011 -2.721941 56.618993
 7.580000 -2.609216 -2.732782 55.594388
 7.600000 -2.645980 -2.750917 55.743381
 7.620000 -2.700554 -2.720327 54.590012
 7.640000 -2.807867 -2.790401 55.765289
 7.660000 -2.967327 -2.903064 58.241869
 7.680000 -3.027119 -2.982068 60.285633
 7.700000 -3.069632 -3.029963 61.492857
 7.720000 -3.041360 -3.028401 61.590139
 7.740000 -2.935296 -2.997660 61.168006
 7.760000 -2.980635 -2.971897 60.189367
 7.780000 -2.817265 -2.742856 54.494695
 7.800000 -2.759972 -2.629239 52.115012
 7.820000 -2.576921 -2.735224 55.943729
 7.840000 -2.488325 -2.536938 52.815283
 7.860000 -2.508442 -2.464159 51.415474
 7.880000 -2.489460 -2.575010 53.473436
 7.900000 -2.438444 -2.620182 55.005348
 7.920000 -2.665698 -2.652024 53.247900
 7.940000 -2.687739 -2.556258 51.101348
 7.960000 -2.715881 -2.763702 55.576983
 7.980000 -2.902258 -2.817493 56.103922
 8.000000 -2.866313 -2.704041 53.344615
 8.020000 -2.857777 -2.696404 53.192188
 8.040000 -2.987352 -2.858303 56.925442
 8.060000 -2.695866 -2.673204 53.505096
 8.080000 -2.828870 -2.758914 54.851083
 8.100000 -2.663658 -2.767733 56.037012
 8.120000 -2.696946 -2.802120 56.707736
 8.140000 -2.752665 -2.713648 54.101725
 8.160000 -2.714075 -2.636576 52.558132
 8.180000 -2.709984 -2.762063 55.572364
 8.200000 -2.780414 -2.660070 52.688115
 8.220000 -2.677433 -2.564556 51.338886
 8.240000 -2.849734 -2.573805 50.553229
 8.260000 -2.750387 -2.623248 52.040997
 8.280000 -2.777412 -2.565204 50.700566
 8.300000 -2.815879 -2.653472 52.367250
 8.320000 -2.610860 -2.681759 54.373484
 8.340000 -2.576606 -2.674454 54.526196
 8.360000 -2.496310 -2.756884 57.285193
 8.380000 -2.401403 -2.638317 55.879795
 8.400000 -2.256643 -2.755220 60.481940
 8.420000 -2.403815 -2.597791 55.078671
 8.440000 -2.329978 -2.664732 57.474382
 8.460000 -2.387373 -2.619060 55.717156
 8.480000 -2.641100 -2.532010 51.038074
 8.500000 -2.634036 -2.588106 52.160305
 8.520000 -2.789818 -2.556854 50.475181
 8.540000 -2.954627 -2.774815 54.829184
 8.560000 -2.898854 -2.660442 52.235534
 8.580000 -2.927664 -2.776555 54.950045
 8.600000 -3.035918 -2.865899 56.984142
 8.620000 -2.908895 -2.893113 58.180666
 8.640000 -2.901114 -2.765491 54.750431
 8.660000 -2.807558 -2.834178 56.950338
 8.680000 -2.673429 -2.747347 55.448703
 8.700000 -2.739287 -2.746078 54.984225
 8.720000 -2.611077 -2.586143 52.331568
 8.740000 -2.601174 -2.630033 53.322766
 8.760000 -2.601004 -2.684249 54.518903
 8.780000 -2.550604 -2.550650 52.288493
 8.800000 -2.579075 -2.758837 56.505912
 8.820000 -2.639165 -2.827600 57.805520
 8.840000 -2.699007 -2.927594 60.268075
 8.860000 -2.836060 -2.901672 58.739454
 8.880000 -2.944728 -2.980402 60.601395
 8.900000 -2.949996 -2.918001 58.735964
 8.920000 -3.017691 -2.809241 55.546272
 8.940000 -2.933097 -2.774995 54.894038
 8.960000 -2.835731 -2.752763 54.665077
 8.980000 -2.781718 -2.724607 54.212291
 9.000000 -2.645474 -2.535212 51.056864
 9.020000 -2.695236 -2.674716 53.544306
 9.040000 -2.634952 -2.581466 52.021006
 9.060000 -2.651987 -2.744653 55.540373
 9.080000 -2.688200 -2.555372 51.081065
 9.100000 -2.792376 -2.652860 52.463799
 9.120000 -2.755125 -2.540301 50.348124
 9.140000 -2.872063 -2.579928 50.601827
 9.160000 -2.837450 -2.433647 48.138051
 9.180000 -2.811107 -2.506994 49.453644
 9.200000 -2.765419 -2.503111 49.617928
 9.220000 -2.727407 -2.387416 48.098570
 9.240000 -2.696581 -2.555799 51.026757
 9.260000 -2.676931 -2.360876 48.184805
 9.280000 -2.641745 -2.531184 51.017555
 9.300000 -2.556214 -2.484632 51.118345
 9.320000 -2.699922 -2.646583 52.875461
 9.340000 -2.689068 -2.558744 51.138624
 9.360000 -2.751438 -2.580285 51.144618
 9.380000 -2.804037 -2.582658 50.915344
 9.400000 -2.742580 -2.580568 51.203324
 9.420000 -2.850764 -2.641029 51.952216
 9.440000 -2.791981 -2.586993 51.060612
 9.460000 -2.759895 -2.773604 55.573000
 9.480000 -2.710110 -2.787719 56.239384
 9.500000 -2.697423 -2.912813 59.837372
 9.520000 -2.555671 -2.845566 58.989900
 9.540000 -2.636787 -3.078315 65.400350
 9.560000 -2.400901 -2.876402 61.403895
 9.580000 -2.537424 -2.891310 60.424060
 9.600000 -2.457875 -2.831314 59.582308
 9.620000 -2.483933 -2.737200 56.952661
 9.640000 -2.545290 -2.711108 55.677746
 9.660000 -2.496141 -2.698007 55.910877
 9.680000 -2.616516 -2.842207 58.382811
 9.700000 -2.697229 -2.697211 54.056225
 9.720000 -2.846475 -2.950734 60.148761
 9.740000 -2.771956 -2.987498 61.666704
 9.760000 -3.045508 3.100668 66.350372
 9.780000 -2.806101 -3.001300 61.910879
 9.800000 -3.059970 3.136008 65.129014
 9.820000 -2.925685 -3.093289 64.220004
 9.840000 -2.870373 -3.077748 64.017236
 9.860000 -2.838057 -2.784697 55.479151
 9.880000 -2.689037 -2.675279 53.601010
 9.900000 -2.598315 -2.734210 55.724610
 9.920000 -2.515694 -2.509207 52.001167
 9.940000 -2.655567 -2.551626 51.271170
 9.960000 -2.500259 -2.428525 51.047746
 9.980000 -2.765834 -2.710330 53.947026
 10.000000 -2.601836 -2.582885 52.356190
 10.020000 -2.816758 -2.652469 52.340914
 10.040000 -2.685912 -2.592247 51.821221
 10.060000 -2.760953 -2.611861 51.738773
 10.080000 -2.798166 -2.558377 50.464028
 10.100000 -2.847187 -2.468154 48.646808
 10.120000 -2.928469 -2.674104 52.471834
 10.140000 -2.677765 -2.484501 49.908999
 10.160000 -2.870425 -2.585791 50.724693
 10.180000 -2.612851 -2.520248 51.095040
 10.200000 -2.829262 -2.689979 53.150304
 10.220000 -2.694325 -2.605377 52.029167
 10.240000 -2.760435 -2.773315 55.562482
 10.260000 -2.743799 -2.838534 57.413596
 10.280000 -2.925327 -2.819805 56.086921
 10.300000 -2.873512 -2.777952 55.165149
 10.320000 -2.994231 -2.799229 55.348234
 10.340000 -2.806729 -2.934132 59.845647
 10.360000 -2.676893 -2.834447 57.722332
 10.380000 -2.673595 -2.863467 58.559173
 10.400000 -2.408566 -2.863983 60.989092
 10.420000 -2.652495 -3.015485 63.282807
 10.440000 -2.511763 -3.014517 64.289208
 10.460000 -2.686990 -3.009362 62.864967
 10.480000 -2.566204 -3.042716 64.746051
 10.500000 -2.590316 -3.023785 63.975078
 10.520000 -2.506412 -2.994109 63.712586
 10.540000 -2.613865 -2.925150 60.783330
 10.560000 -2.641142 -2.903937 59.957726
 10.580000 -2.606965 -2.905478 60.256917
 10.600000 -2.784127 -3.047158 63.494844
 10.620000 -2.646885 -2.931656 60.737994
 10.640000 -2.824633 -3.038194 62.984644
 10.660000 -2.912500 -3.000289 61.354598
 10.680000 -2.937967 -3.021614 61.891384
 10.700000 -2.932969 -2.969046 60.311377
 10.720000 -2.907932 -2.953936 59.967064
 10.740000 -2.611392 -2.853642 58.741393
 10.760000 -2.732249 -2.755093 55.255335
 10.780000 -2.591632 -2.715802 55.341156
 10.800000 -2.609911 -2.633458 53.314078
 10.820000 -2.821306 -2.772987 55.246874
 10.840000 -2.626391 -2.499427 50.611046
 10.860000 -2.672249 -2.713617 54.626372
 10.880000 -2.398241 -2.601925 55.237116
 10.900000 -2.585940 -2.652672 53.954273
 10.920000 -2.498425 -2.637099 54.572292
 10.940000 -2.759019 -2.641657 52.391957
 10.960000 -2.739229 -2.703383 53.932719
 10.980000 -2.914349 -2.760308 54.577371
 11.000000 -3.003998 -2.614788 51.066489
 11.020000 -3.015720 -2.631147 51.397001
 11.040000 -2.960007 -2.719673 53.463105
 11.060000 -2.853137 -2.621799 51.528703
 11.080000 -2.745349 -2.583493 51.245260
 11.100000 -2.588134 -2.697035 54.932059
 11.120000 -2.572735 -2.832763 58.489584
 11.140000 -2.539863 -2.763629 56.997775
 11.160000 -2.703241 -2.718339 54.523422
 11.180000 -2.843843 -2.907160 58.864299
 11.200000 -2.690245 -2.744198 55.251197
 11.220000 -2.831176 -2.824572 56.576125
 11.240000 -2.593562 -2.650621 53.836477
 11.260000 -2.680461 -2.787132 56.420440
 11.280000 -2.572218 -2.694261 55.019216
 11.300000 -2.646570 -2.718403 54.937321
 11.320000 -2.639711 -2.723733 55.120776
 11.340000 -2.853571 -2.904822 58.751722
 11.360000 -2.831549 -2.758861 54.838208
 11.380000 -2.879810 -2.837821 56.738508
 11.400000 -2.949592 -3.012033 61.540830
 11.420000 -2.731549 -2.856855 58.000823
 11.440000 -2.913357 -2.713493 53.427973
 11.460000 -2.697433 -2.606119 52.022303
 11.480000 -2.646980 -2.775613 56.364222
 11.500000 -2.720936 -2.690919 53.749824
 11.520000 -2.677165 -2.556917 51.195221
 11.540000 -2.758335 -2.665107 52.923834
 11.560000 -2.842901 -2.878973 58.050238
 11.580000 -2.734385 -2.800560 56.431122
 11.600000 -2.780545 -2.813691 56.526800
 11.620000 -2.793721 -2.949219 60.368424
 11.640000 -2.558285 -2.910521 60.794821
 11.660000 -2.744776 -2.960268 60.980381
 11.680000 -2.649162 -2.865009 58.775289
 11.700000 -2.802047 -2.927407 59.668208
 11.720000 -2.902803 -2.898137 58.349378
 11.740000 -2.883546 -2.763703 54.763414
 11.760000 -2.818785 -2.806188 56.133994
 11.780000 -2.860093 -2.928734 59.426814
 11.800000 -2.738553 -2.819114 56.908687
 11.820000 -2.742025 -2.758654 55.288417
 11.840000 -2.855541 -2.870613 57.755922
 11.860000 -2.622671 -2.841477 58.314336
 11.880000 -2.851614 -2.898763 58.583719
 11.900000 -2.641214 -2.729974 55.261075
 11.920000 -2.726548 -2.823641 57.104398
 11.940000 -2.704094 -2.713782 54.406908
 11.960000 -2.779826 -2.734607 54.470625
 11.980000 -2.763344 -2.755890 55.096838
 12.000000 -2.703445 -2.748391 55.267419
 12.020000 -2.663167 -2.817771 57.361478
 12.040000 -2.569531 -2.771328 56.907511
 12.060000 -2.692835 -2.934565 60.517007
 12.080000 -2.612393 -2.848100 58.578992
 12.100000 -2.582835 -2.899940 60.286224
 12.120000 -2.685371 -2.868244 58.616172
 12.140000 -2.593077 -2.798122 57.389329
 12.160000 -2.710822 -2.868932 58.472082
 12.180000 -2.693986 -2.822025 57.266011
 12.200000 -2.738451 -2.747350 55.021374
 12.220000 -2.809016 -2.881329 58.278537
 12.240000 -2.960176 -2.971197 60.257209
 12.260000 -2.948385 -2.842147 56.612842
 12.280000 3.125240 -2.946570 58.732981
 12.300000 -2.968506 -2.947154 59.510476
 12.320000 -2.954542 -2.841273 56.568962
 12.340000 -2.805962 -2.783823 55.601255
 12.360000 -2.566821 -2.743835 56.248404
 12.380000 -2.611915 -2.531447 51.300015
 12.400000 -2.523630 -2.668987 54.957736
 12.420000 -2.604991 -2.477998 50.477288
 12.440000 -2.552313 -2.462784 50.837119
 12.460000 -2.638767 -2.490940 50.354569
 12.480000 -2.670695 -2.579515 51.682824
 12.500000 -2.720141 -2.564247 51.024642
 12.520000 -2.749572 -2.508296 49.801239
 12.540000 -2.700129 -2.636578 52.653614
 12.560000 -2.789951 -2.711061 53.838159
 12.580000 -2.687376 -2.580992 51.584332
 12.600000 -2.888327 -2.655540 52.154200
 12.620000 -2.870613 -2.840544 56.849405
 12.640000 -2.955155 -2.759775 54.450531
 12.660000 -2.923287 -2.828766 56.334477
 12.680000 -2.844922 -2.815299 56.263430
 12.700000 -2.643227 -2.866366 58.857097
 12.720000 -2.618099 -2.915757 60.473955
 12.740000 -2.477976 -2.824697 59.193369
 12.760000 -2.559644 -2.968746 62.510120
 12.780000 -2.514020 -2.925079 61.601710
 12.800000 -2.632018 -3.043314 64.303752
 12.820000 -2.727889 -2.873387 58.495648
 12.840000 -2.682418 -2.908645 59.811616
 12.860000 -2.781806 -3.017924 62.569236
 12.880000 -2.663857 -2.886858 59.299076
 12.900000 -2.698580 -2.674851 53.524158
 12.920000 -2.647915 -2.765271 56.091830
 12.940000 -2.695913 -2.664046 53.295518
 12.960000 -2.662420 -2.567814 51.521203
 12.980000 -2.785335 -2.572924 50.811583
 13.000000 -2.859428 -2.605515 51.164423
 13.020000 -2.889898 -2.594163 50.838301
 13.040000 -2.959128 -2.431890 47.822146
 13.060000 -2.973687 -2.676926 52.447257
 13.080000 -2.936977 -2.501044 48.976339
 13.100000 -2.967180 -2.586223 50.525458
 13.120000 -3.022743 -2.557608 49.925996
 13.140000 -2.837291 -2.568648 50.496397
 13.160000 -2.892472 -2.517978 49.366018
 13.180000 -2.772241 -2.545503 50.349477
 13.200000 -2.772169 -2.649368 52.490632
 13.220000 -2.791705 -2.631413 51.994818
 13.240000 -2.608154 -2.718993 55.269992
 13.260000 -2.562570 -2.728066 55.907326
 13.280000 -2.351779 -2.769032 59.368095
 13.300000 -2.328940 -2.739648 59.037561
 13.320000 -2.343065 -2.744679 58.942569
 13.340000 -2.317990 -2.787886 60.276151
 13.360000 -2.488054 -2.892091 60.908032
 13.380000 -2.589734 -2.870379 59.385583
 13.400000 -2.784671 -2.897514 58.875414
 13.420000 -2.935977 -2.929555 59.127592
 13.440000 3.103944 -3.120662 63.488687
 13.460000 -3.041718 -3.027784 61.569883
 13.480000 3.105241 -2.924725 58.077525
 13.500000 -2.965865 -3.088735 63.852146
 13.520000 -2.873737 -2.979855 60.906928
 13.540000 -2.732634 -2.891460 58.991409
 13.560000 -2.644413 -2.842319 58.172565
 13.580000 -2.618240 -2.788539 56.927315
 13.600000 -2.550523 -2.727522 56.012505
 13.620000 -2.430393 -2.659262 55.895303
 13.640000 -2.268379 -2.670602 58.593429
 13.660000 -2.509793 -2.558418 52.913940
 13.680000 -2.341900 -2.533629 55.005405
 13.700000 -2.566406 -2.643512 53.951119
 13.720000 -2.505885 -2.604493 53.827863
 13.740000 -2.533423 -2.499742 51.627741
 13.760000 -2.826892 -2.690077 53.162549
 13.780000 -2.761448 -2.733090 54.531239
 13.800000 -2.966033 -2.699322 52.972791
 13.820000 -2.942259 -2.627748 51.421965
 13.840000 -3.049474 -2.798426 55.201852
 13.860000 -2.792178 -2.806646 56.275841
 13.880000 -2.961361 -2.810709 55.733907
 13.900000 -2.775855 -2.762269 55.193133
 13.920000 -2.811270 -2.845421 57.244502
 13.940000 -2.679838 -2.943061 60.858022
 13.960000 -2.732802 -2.971063 61.384195
 13.980000 -2.510604 -2.757825 57.154292
 14.000000 -2.563955 -2.890204 60.162419
 14.020000 -2.548475 -3.054567 65.250273
 14.040000 -2.378766 -2.880802 61.776400
 14.060000 -2.604042 -2.922629 60.782969
 14.080000 -2.323147 -2.951827 64.323333
 14.100000 -2.589501 -2.965629 62.183732
 14.120000 -2.597488 -2.868198 59.261087
 14.140000 -2.606020 -2.746735 55.965664
 14.160000 -2.657099 -2.907976 59.963602
 14.180000 -2.668312 -2.860929 58.523660
 14.200000 -2.716341 -2.745562 55.112183
 14.220000 -2.846248 -2.910517 58.951836
 14.240000 -2.896713 -2.892270 58.205271
 14.260000 -2.899430 -2.840950 56.750699
 14.280000 -3.108589 -2.981689 59.911390
 14.300000 -2.989610 -2.903417 58.170593
 14.320000 -3.053215 -2.815484 55.621570
 14.340000 -2.943192 -2.808115 55.720669
 14.360000 -2.809740 -2.798871 55.980906
 14.380000 -2.715527 -2.807249 56.726458
 14.400000 -2.692208 -2.723255 54.718589
 14.420000 -2.635629 -2.746185 55.706214
 14.440000 -2.651020 -2.813483 57.333814
 14.460000 -2.539899 -2.876800 59.994688
 14.480000 -2.485498 -2.790900 58.247116
 14.500000 -2.580503 -2.834268 58.462839
 14.520000 -2.396221 -2.907727 62.296847
 14.540000 -2.536981 -2.993518 63.443514
 14.560000 -2.460247 -2.824654 59.383464
 14.580000 -2.568540 -2.907980 60.635706
 14.600000 -2.699602 -2.998249 62.435322
 14.620000 -2.800419 -2.924995 59.604546
 14.640000 -2.853806 -2.904473 58.740479
 14.660000 -3.022753 -3.060848 62.669753
 14.680000 -3.022615 -2.945369 59.239830
 14.700000 -2.924811 -2.956614 59.974003
 14.720000 -2.777809 -2.925177 59.730953
 14.740000 -2.644340 -2.934613 60.844698
 14.760000 -2.552752 -2.774633 57.149177
 14.780000 -2.678214 -2.701650 54.296209
 14.800000 -2.744995 -2.772820 55.637028
 14.820000 -2.769972 -2.687989 53.390158
 14.840000 -2.787017 -2.786743 55.772646
 14.860000 -2.799427 -2.778278 55.487995
 14.880000 -2.695756 -2.715627 54.508141
 14.900000 -2.561771 -2.632153 53.758798
 14.920000 -2.615870 -2.821961 57.833760
 14.940000 -2.619283 -2.779605 56.686380
 14.960000 -2.665331 -2.803095 56.950615
 14.980000 -2.764864 -2.790801 55.997300
 15.000000 -2.697928 -2.719035 54.576253
 15.020000 -2.721113 -2.815033 56.902580
 15.040000 -2.721797 -2.803761 56.593490
 15.060000 -2.782895 -2.818330 56.640740
 15.080000 -2.747854 -2.686637 53.483602
 15.100000 -2.638649 -3.016189 63.398031
 15.120000 -2.568632 -2.830535 58.465469
 15.140000 -2.515283 -2.761352 57.191930
 15.160000 -2.560676 -2.830919 58.547031
 15.180000 -2.667844 -2.942986 60.935571
 15.200000 -2.679584 -2.877524 58.921464
 15.220000 -2.812566 -2.912807 59.181004
 15.240000 -2.792828 -2.874422 58.161982
 15.260000 -2.807582 -2.837018 57.028745
 15.280000 -2.707743 -2.887932 59.040431
 15.300000 -2.649298 -2.836021 57.961922
 15.320000 -2.662588 -2.828078 57.646746
 15.340000 -2.775222 -2.872286 58.194047
 15.360000 -2.768958 -2.901914 59.089945
 15.380000 -2.826683 -2.918535 59.280832
 15.400000 -2.803689 -2.927273 59.655798
 15.420000 -2.744501 -2.913972 59.584617
 15.440000 -2.826642 -2.994581 61.592220
 15.460000 -2.758443 -2.821469 56.859018
 15.480000 -2.689319 -2.803609 56.798372
 15.500000 -2.561791 -2.843454 58.877426
 15.520000 -2.618315 -2.797548 57.163174
 15.540000 -2.534112 -2.704833 55.648359
 15.560000 -2.763405 -2.943900 60.374233
 15.580000 -2.789435 -3.009868 62.271295
 15.600000 -2.775588 -2.898239 58.945677
 15.620000 -2.924514 -2.995405 61.148892
 15.640000 -2.746189 -2.974941 61.424933
 15.660000 -2.749160 -2.890508 58.867171
 15.680000 -2.835870 -2.869584 57.813215
 15.700000 -2.856350 -2.854134 57.286105
 15.720000 -2.856122 -2.655383 52.250207
 15.740000 -2.927768 -2.602885 50.928342
 15.760000 -2.718755 -2.440398 48.901353
 15.780000 -2.776622 -2.541919 50.258751
 15.800000 -2.766331 -2.378269 47.717658
 15.820000 -2.729561 -2.270532 46.831277
 15.840000 -2.697952 -2.291230 47.276873
 15.860000 -2.610810 -2.239446 47.789744
 15.880000 -2.729208 -2.197518 46.319989
 15.900000 -2.882415 -2.245502 45.771774
 15.920000 -2.962792 -2.233931 45.505785
 15.940000 -2.914851 -2.149467 45.053066
 15.960000 -3.023711 -2.207798 45.298696
 15.980000 -2.853443 -2.021015 45.019979
 16.000000 -2.839297 -2.079548 45.132056
 16.020000 -2.811454 -2.065839 45.280057
 16.040000 -2.764439 -2.092852 45.658055
 16.060000 -2.852847 -2.142417 45.245681
 16.080000 -2.764742 -2.202363 46.069882
 16.100000 -2.822302 -2.207663 45.742302
 16.120000 -2.667764 -2.268117 47.364131
 16.140000 -2.603280 -2.382732 49.183323
 16.160000 -2.620647 -2.411773 49.360910
 16.180000 -2.583632 -2.509050 51.203338
 16.200000 -2.524949 -2.556592 52.695726
 16.220000 -2.528085 -2.780677 57.544527
 16.240000 -2.589178 -2.699276 54.974492
 16.260000 -2.630923 -2.743919 55.687604
 16.280000 -2.747516 -2.926187 59.931294
 16.300000 -2.791382 -3.097568 65.102092
 16.320000 -2.888705 -3.051737 63.084626
 16.340000 -2.992068 -3.130928 65.047595
 16.360000 -2.967468 3.017293 69.654870
 16.380000 -2.925498 3.029049 69.550503
 16.400000 -2.881514 2.988472 71.235313
 16.420000 -2.738989 3.115961 67.737225
 16.440000 -2.650407 -3.141431 67.398384
 16.460000 -2.711173 -2.984866 61.944388
 16.480000 -2.532121 -2.918973 61.264492
 16.500000 -2.571518 -2.878205 59.757787
 16.520000 -2.494807 -2.804800 58.501707
 16.540000 -2.521569 -2.679004 55.200657
 16.560000 -2.530643 -2.742681 56.577322
 16.580000 -2.552916 -2.734450 56.154928
 16.600000 -2.582784 -2.658879 54.120584
 16.620000 -2.778506 -2.680880 53.177550
 16.640000 -2.767580 -2.568327 50.815005
 16.660000 -2.888572 -2.621361 51.408377
 16.680000 -3.010580 -2.553952 49.862420
 16.700000 -2.904300 -2.367038 46.998517
 16.720000 -2.963541 -2.263800 45.764701
 16.740000 -2.923934 -2.360038 46.870254
 16.760000 -2.784848 -2.198806 45.909454
 16.780000 -2.789104 -2.171021 45.730696
 16.800000 -2.724527 -2.359986 47.779912
 16.820000 -2.840301 -2.348001 46.958553
 16.840000 -2.860407 -2.257810 45.953343
 16.860000 -2.806295 -2.455395 48.610768
 16.880000 -2.858945 -2.528391 49.654173
 16.900000 -2.780198 -2.314887 46.895765
 16.920000 -2.812921 -2.576714 50.756157
 16.940000 -2.614823 -2.464901 50.174690
 16.960000 -2.532408 -2.466788 51.141419
 16.980000 -2.464000 -2.463926 52.036155
 17.000000 -2.524905 -2.456197 51.086444
 17.020000 -2.581053 -2.657068 54.097745
 17.040000 -2.673986 -2.560533 51.288930
 17.060000 -2.715204 -2.728270 54.688494
 17.080000 -2.766711 -2.917543 59.564581
 17.100000 -2.686989 -2.852610 58.161712
 17.120000 -2.723029 -2.881222 58.751252
 17.140000 -2.599605 -2.974230 62.370225
 17.160000 -2.621546 -3.035023 64.110701
 17.180000 -2.666735 -2.915069 60.106941
 17.200000 -2.827474 -3.086580 64.537533
 17.220000 -2.941411 -2.921669 58.875970
 17.240000 -2.938899 -3.015958 61.712359
 17.260000 -2.946451 -3.099932 64.318165
 17.280000 -2.756292 -2.869162 58.208882
 17.300000 -2.642802 -2.922095 60.481723
 17.320000 -2.441689 -2.901400 61.634617
 17.340000 -2.612320 -2.893127 59.856926
 17.360000 -2.450919 -2.665076 55.745070
 17.380000 -2.625223 -2.723114 55.223849
 17.400000 -2.656973 -2.806732 57.108347
 17.420000 -2.751318 -2.702480 53.839696
 17.440000 -2.932774 -2.535618 49.604452
 17.460000 -2.871275 -2.732342 54.017542
 17.480000 -2.723314 -2.595675 51.630414
 17.500000 -2.673356 -2.565615 51.391184
 17.520000 -2.642159 -2.609406 52.522614
 17.540000 -2.509099 -2.671460 55.175126
 17.560000 -2.756079 -2.741680 54.776479
 17.580000 -2.727261 -2.555765 50.814044
 17.600000 -3.046469 -2.801940 55.296077
 17.620000 -2.987028 -2.740476 53.906162
 17.640000 -2.887617 -2.670213 52.487374
 17.660000 -2.863901 -2.728613 53.951234
 17.680000 -2.657941 -2.721652 54.927974
 17.700000 -2.569921 -2.815016 58.038801
 17.720000 -2.604052 -2.784835 56.948878
 17.740000 -2.521988 -2.854750 59.552642
 17.760000 -2.492772 3.100584 69.762849
 17.780000 -2.712581 3.072850 69.360181
 17.800000 -2.642277 -3.056547 64.659836
 17.820000 -2.717864 3.006831 71.605027
 17.840000 -2.663218 2.979236 72.872658
 17.860000 -2.448097 2.976228 74.098324
 17.880000 -2.589374 -3.071464 65.496365
 17.900000 -2.475372 3.116171 69.373001
 17.920000 -2.533758 3.120769 68.829300
 17.940000 -2.752029 3.017784 71.025055
 17.960000 -2.806911 3.110207 67.535186
 17.980000 -2.988911 3.140879 65.432804
 18.000000 3.133259 2.971267 69.595431
 18.020000 -2.904264 -3.022222 62.073969
 18.040000 -2.914744 -3.028200 62.209529
 18.060000 -2.902178 -2.873377 57.645116
 18.080000 -2.788840 -2.839096 57.181485
 18.100000 -2.816235 -2.625820 51.759138
 18.120000 -2.760753 -2.515262 49.858527
 18.140000 -2.623709 -2.531004 51.179429
 18.160000 -2.657515 -2.465116 49.771304
 18.180000 -2.618986 -2.286131 48.032501
 18.200000 -2.423283 -2.411878 52.017050
 18.220000 -2.596844 -2.436889 49.955947
 18.240000 -2.519212 -2.297021 49.422199
 18.260000 -2.583569 -2.393690 49.541396
 18.280000 -2.546765 -2.392576 49.981543
 18.300000 -2.592921 -2.374427 49.203849
 18.320000 -2.714915 -2.262981 46.888694
 18.340000 -2.968039 -2.464412 48.323582
 18.360000 -3.103426 -2.443331 48.052567
 18.380000 -3.041496 -2.378049 47.060919
 18.400000 -3.037448 -2.534021 49.489686
 18.420000 -2.840518 -2.620577 51.548112
 18.440000 -2.841046 -2.693157 53.178340
 18.460000 -2.727474 -2.615884 52.024288
 18.480000 -2.736522 -2.871655 58.394474
 18.500000 -2.682378 -2.792244 56.542141
 18.520000 -2.707062 -2.772405 55.858220
 18.540000 -2.536324 -2.751014 56.721926
 18.560000 -2.708946 -2.890105 59.096205
 18.580000 -2.611177 -2.817517 57.752298
 18.600000 -2.688072 -2.851105 58.112136
 18.620000 -2.781234 -2.963421 60.869606
 18.640000 -2.681846 -2.981919 62.038242
 18.660000 -2.805309 -3.043442 63.258309
 18.680000 -2.808867 -3.066440 63.983422
 18.700000 -2.855694 -3.137291 66.054557
 18.720000 -2.869763 -2.998805 61.510678
 18.740000 -2.897444 -3.068664 63.580466
 18.760000 -2.788538 -2.855886 57.654902
 18.780000 -2.779174 -2.863450 57.919642
 18.800000 -2.636682 -2.722228 55.108595
 18.820000 -2.630258 -2.649383 53.478305
 18.840000 -2.557751 -2.712778 55.591719
 18.860000 -2.532447 -2.593067 53.291341
 18.880000 -2.553135 -2.686156 55.024598
 18.900000 -2.540665 -2.604379 53.420146
 18.920000 -2.496810 -2.650073 54.861188
 18.940000 -2.734301 -2.728178 54.566610
 18.960000 -2.767884 -2.645339 52.424062
 18.980000 -2.806379 -2.495641 49.277259
 19.000000 -2.780353 -2.571510 50.809245
 19.020000 -2.698017 -2.404045 48.543849
 19.040000 -2.701374 -2.412565 48.632546
 19.060000 -2.754891 -2.474830 49.201714
 19.080000 -2.793379 -2.448098 48.559577
 19.100000 -2.829876 -2.515986 49.533140
 19.120000 -2.872792 -2.623875 51.507741
 19.140000 -2.784182 -2.714065 53.940595
 19.160000 -2.869695 -2.755700 54.608413
 19.180000 -2.787331 -2.813913 56.497363
 19.200000 -2.915879 -2.807118 55.781674
 19.220000 -2.897699 -2.901128 58.456429
 19.240000 -2.903845 -2.780526 55.127051
 19.260000 -2.762216 -2.700184 53.722705
 19.280000 -2.667300 -2.844330 58.063801
 19.300000 -2.541403 -2.752802 56.714907
 19.320000 -2.465303 -2.731506 57.036256
 19.340000 -2.430914 -2.843906 60.210032
 19.360000 -2.282619 -2.988403 65.775638
 19.380000 -2.287620 -2.941016 64.458284
 19.400000 -2.210343 -2.952218 65.720256
 19.420000 -2.151426 -2.947833 66.410307
 19.440000 -2.159756 -3.036850 68.479244
 19.460000 -2.183302 -2.890698 64.618150
 19.480000 -2.294445 -2.960518 64.890994
 19.500000 -2.414766 -2.968486 63.798279
 19.520000 -2.594314 -3.068155 65.356050
 19.540000 -2.670719 -3.020966 63.336741
 19.560000 -2.879176 -3.041593 62.810351
 19.580000 -2.916453 3.105113 67.052304
 19.600000 -2.996356 3.010944 69.653537
 19.620000 -2.967907 -3.093574 63.994742
 19.640000 -2.937249 -3.084315 63.868864
 19.660000 -2.849602 3.130737 66.595156
 19.680000 -2.789009 -3.100439 65.210435
 19.700000 -2.785860 -2.814564 56.522685
 19.720000 -2.785118 -2.801674 56.178854
 19.740000 -2.757890 -2.816155 56.716946
 19.760000 -2.670182 -2.666810 53.545824
 19.780000 -2.528409 -2.502811 51.738380
 19.800000 -2.412942 -2.522709 53.673220
 19.820000 -2.414381 -2.632942 55.589129
 19.840000 -2.344326 -2.518673 54.741823
 19.860000 -2.623494 -2.510613 50.826953
 19.880000 -2.745907 -2.623318 52.068920
 19.900000 -2.760268 -2.581074 51.109357
 19.920000 -2.908548 -2.537504 49.686378
 19.940000 -2.871098 -2.570447 50.416582
 19.960000 -2.876631 -2.621052 51.435945
 19.980000 -2.985136 -2.539248 49.605906
 20.000000 -2.872911 -2.553048 50.072956
