#! FIELDS time phi psi sigma_phi sigma_psi height biasf
                        #! SET multivariate false
                        #! SET kerneltype stretched-gaussian
                        #! SET min_phi -pi
                        #! SET max_phi pi
                        #! SET min_psi -pi
                        #! SET max_psi pi
0 -1.8471083620389925 0.2529829691782429 0.35 0.35 1.2 1
0 1.8563369650793784 1.6491676994536315 0.35 0.35 1.2 1
0 0.5559649551609164 -0.5091370380755438 0.35 0.35 1.2 1
0 -1.0111513558918566 0.32358750455879853 0.35 0.35 1.2 1
0 -2.6057543061998047 3.141592653589793 0.35 0.35 1.2 1
0 -0.07353329672660336 0.1083474821373751 0.35 0.35 1.2 1
0 -2.8750892249201057 1.7058766059441681 0.35 0.35 1.2 1
0 -0.5769339478936251 0.04344666881247328 0.35 0.35 1.2 1
0 -1.0688946015292737 1.2390521341821465 0.35 0.35 1.2 1
0 2.4393239225640295 1.4856603282231624 0.35 0.35 1.2 1
0 0.11528833841401642 1.6976155307438883 0.35 0.35 1.2 1
0 -3.141592653589793 1.4359643893456533 0.35 0.35 1.2 1
0 -1.7850038717956198 0.3971897475860488 0.35 0.35 1.2 1
0 -0.02402621700126084 -3.141592653589793 0.35 0.35 1.2 1
0 0.2527626077238423 -0.5486548853176333 0.35 0.35 1.2 1
0 -1.2923440510370747 -1.3316844672581003 0.35 0.35 1.2 1
0 0.7986444692961003 0.48130680295708433 0.35 0.35 1.2 1
0 1.9494900269860942 -1.5510879399239175 0.35 0.35 1.2 1
0 -0.9538030519422034 -2.375122707953209 0.35 0.35 1.2 1
0 -0.3466613402696952 -1.170813006524786 0.35 0.35 1.2 1
0 0.9917934696936065 1.2340607753768822 0.35 0.35 1.2 1
0 -0.6055604394999561 -0.1438842239329834 0.35 0.35 1.2 1
0 1.515126724689785 2.0293798139272266 0.35 0.35 1.2 1
0 -0.9847577657316924 -1.9517406716912442 0.35 0.35 1.2 1
0 0.33937174781247315 1.6077685199544125 0.35 0.35 1.2 1
0 -0.9611865284801908 -0.034118509992659085 0.35 0.35 1.2 1
0 0.4824748888324949 0.21226651046403888 0.35 0.35 1.2 1
0 1.188821869077765 1.1655028022377296 0.35 0.35 1.2 1
0 0.7383867014155899 -0.21950254643815836 0.35 0.35 1.2 1
0 -2.097427991592862 0.7294472769553262 0.35 0.35 1.2 1
0 -1.7823328535703502 -1.1191002104009087 0.35 0.35 1.2 1
0 2.0881998261014703 1.376927895271423 0.35 0.35 1.2 1
0 -0.48946061634936505 1.205776243900084 0.35 0.35 1.2 1
0 0.5143371694426344 0.4470289317261296 0.35 0.35 1.2 1
0 -2.2588721994415644 0.2828849710749737 0.35 0.35 1.2 1
0 2.571562786230532 3.141592653589793 0.35 0.35 1.2 1
0 -3.141592653589793 -0.1139982851556875 0.35 0.35 1.2 1
0 -1.8736470067696764 -3.141592653589793 0.35 0.35 1.2 1
0 1.3618850782511749 0.5994985148248241 0.35 0.35 1.2 1
0 -2.4266602510519997 1.3259788244967177 0.35 0.35 1.2 1
0 -0.4501718683129637 1.6529188525112144 0.35 0.35 1.2 1
0 -2.674603186083016 0.0873686678879051 0.35 0.35 1.2 1
0 -1.512828750787531 2.4732857368868864 0.35 0.35 1.2 1
0 -0.5056768310046043 1.8398734566557275 0.35 0.35 1.2 1
0 -0.009725397414418913 3.141592653589793 0.35 0.35 1.2 1
0 -1.070022288223606 2.0708560541497176 0.35 0.35 1.2 1
0 -0.9895711065766278 3.1041950910944247 0.35 0.35 1.2 1
0 -1.7668124141023307 -0.06748827662727452 0.35 0.35 1.2 1
0 -2.1827313761548246 0.2603378128808749 0.35 0.35 1.2 1
0 -0.3458243953262474 -1.9154928019011908 0.35 0.35 1.2 1
0 -2.846246936004313 2.2649933667937896 0.35 0.35 1.2 1
0 -2.6260315102027185 -1.3651584595011195 0.35 0.35 1.2 1
0 -3.141592653589793 2.1716731526278 0.35 0.35 1.2 1
0 -0.8203787046846596 0.8987576341388606 0.35 0.35 1.2 1
0 0.48714173984263054 1.0130809168235637 0.35 0.35 1.2 1
0 -2.15528162279477 1.1682766439569676 0.35 0.35 1.2 1
0 -0.17289599320471294 -0.16142279649461488 0.35 0.35 1.2 1
0 -2.1064500413559837 1.6975537754983152 0.35 0.35 1.2 1
0 -0.9084027461208537 2.778789477808472 0.35 0.35 1.2 1
0 -2.1093879904403514 0.18758058130771782 0.35 0.35 1.2 1
0 1.772551471784404 2.6315335376314772 0.35 0.35 1.2 1
0 -1.9794174692861535 -1.6641699055709034 0.35 0.35 1.2 1
0 1.1546674045571408 -0.6799591781040895 0.35 0.35 1.2 1
0 0.6189075571938302 0.6327229906381779 0.35 0.35 1.2 1
0 -2.792920249067802 3.141592653589793 0.35 0.35 1.2 1
0 0.7710587282165412 0.9887785035315161 0.35 0.35 1.2 1
0 -0.2038075495255134 1.0261078385495774 0.35 0.35 1.2 1
0 3.141592653589793 1.2980651178783469 0.35 0.35 1.2 1
0 -1.6623281131974808 1.276177882931554 0.35 0.35 1.2 1
0 -1.2249592421810003 -0.13863554062447236 0.35 0.35 1.2 1
0 0.17361535449067567 0.5855777056796556 0.35 0.35 1.2 1
0 1.697203513370737 -1.1068117696400523 0.35 0.35 1.2 1
0 -1.3039433148077002 -2.640568953906222 0.35 0.35 1.2 1
0 0.9751402198618208 0.4929650697233213 0.35 0.35 1.2 1
0 -3.043522022586594 -0.46823799664825666 0.35 0.35 1.2 1
0 -0.281324607381774 1.516143431009105 0.35 0.35 1.2 1
0 -0.06383123050659639 -0.9403382912790854 0.35 0.35 1.2 1
0 0.4886464834620366 0.05931985806406925 0.35 0.35 1.2 1
0 -1.0105608055369875 0.22681959368908483 0.35 0.35 1.2 1
0 -0.7508760165338123 -1.1248458194952928 0.35 0.35 1.2 1
0 0.04368867625290922 -0.08311423196920698 0.35 0.35 1.2 1
0 -0.9269152186475963 -1.6892257461432356 0.35 0.35 1.2 1
0 -0.15445728193534358 -3.141592653589793 0.35 0.35 1.2 1
0 -1.9409895733444813 0.18780892624330958 0.35 0.35 1.2 1
0 0.5339939662656537 2.004765315417484 0.35 0.35 1.2 1
0 3.141592653589793 2.3594923016204734 0.35 0.35 1.2 1
0 -0.8161519154713883 0.5779718988217057 0.35 0.35 1.2 1
0 -0.22105313525140202 0.1162820952974637 0.35 0.35 1.2 1
0 0.8078381264764398 -1.6130237176048607 0.35 0.35 1.2 1
0 -0.46863363603390257 1.8195920276049233 0.35 0.35 1.2 1
0 -3.141592653589793 1.6806634538595944 0.35 0.35 1.2 1
0 -2.703478558586742 -0.5144043022129475 0.35 0.35 1.2 1
0 1.7574422421832798 -1.125668787220286 0.35 0.35 1.2 1
0 1.222487308038275 2.4534865843038824 0.35 0.35 1.2 1
0 -0.5648116305964435 1.789016054385314 0.35 0.35 1.2 1
0 0.7738223561539646 1.7326940414607432 0.35 0.35 1.2 1
0 -0.11231574685495938 1.5776219564896485 0.35 0.35 1.2 1
0 -1.2284982907808237 -1.4618186122149266 0.35 0.35 1.2 1
0 -2.0659532932066744 -3.141592653589793 0.35 0.35 1.2 1
0 -0.2598998707460738 -1.1258885077327005 0.35 0.35 1.2 1
0 -3.141592653589793 2.5338835854876343 0.35 0.35 1.2 1
0 -1.1177576599231664 3.0946514555666944 0.35 0.35 1.2 1
0 0.4837319376007203 0.005591736138149589 0.35 0.35 1.2 1
0 -2.4752055082620767 0.11660983167954986 0.35 0.35 1.2 1
0 -3.141592653589793 1.699965318289216 0.35 0.35 1.2 1
0 -0.8851822869579966 -0.6074837137007438 0.35 0.35 1.2 1
0 -3.141592653589793 -1.184700534853936 0.35 0.35 1.2 1
0 1.5237824798406758 1.5954987909447056 0.35 0.35 1.2 1
0 0.20718322345858875 2.714633811669655 0.35 0.35 1.2 1
0 2.246904543499232 -1.5077605214999437 0.35 0.35 1.2 1
0 -0.6363129844106534 0.5967473440590132 0.35 0.35 1.2 1
0 -1.5158695852813802 0.05955247810284442 0.35 0.35 1.2 1
0 0.024753148350243698 0.6552980915227231 0.35 0.35 1.2 1
0 -3.141592653589793 -0.8615903706616392 0.35 0.35 1.2 1
0 1.0622210624260602 -0.5963021402937584 0.35 0.35 1.2 1
0 2.72077423991984 -3.124143530417835 0.35 0.35 1.2 1
0 -1.807419928596509 -0.05297431204011077 0.35 0.35 1.2 1
0 -3.073714682602976 -0.19877388644132943 0.35 0.35 1.2 1
0 -1.5471534900818087 1.7969429051712522 0.35 0.35 1.2 1
0 0.050801094709093775 -1.3083412752908217 0.35 0.35 1.2 1
0 -0.8182238149084927 1.8885945182765513 0.35 0.35 1.2 1
0 -0.7666034226966878 1.1370854984182472 0.35 0.35 1.2 1
0 -0.6110270271554158 2.7433203447522976 0.35 0.35 1.2 1
0 -2.038715060205078 2.2089431637826618 0.35 0.35 1.2 1
0 -1.8684805291087643 1.2577216790012842 0.35 0.35 1.2 1
0 0.22980371484283424 -2.028058183235763 0.35 0.35 1.2 1
0 -1.0344696124007684 -1.972513575964137 0.35 0.35 1.2 1
0 -0.5085109044146916 -1.6971302591118946 0.35 0.35 1.2 1
0 3.035571057433939 0.2786368631736291 0.35 0.35 1.2 1
0 -2.7655084543069983 -1.922668146614396 0.35 0.35 1.2 1
0 1.0898263563264017 -3.141592653589793 0.35 0.35 1.2 1
0 -1.653962792872193 0.20331718783305375 0.35 0.35 1.2 1
0 -0.30516595580920924 -1.4001129753464756 0.35 0.35 1.2 1
0 2.2998351016064893 1.2362902078743285 0.35 0.35 1.2 1
0 0.16756581108364182 1.0916211894896237 0.35 0.35 1.2 1
0 1.9912828678595889 1.7296206412949775 0.35 0.35 1.2 1
0 -1.8293208376756631 0.7011094201727532 0.35 0.35 1.2 1
0 -1.9914401082104956 1.3417152932991012 0.35 0.35 1.2 1
0 1.1427457731096793 0.4508972647923004 0.35 0.35 1.2 1
0 -1.3231762004621457 -2.846384589177555 0.35 0.35 1.2 1
0 -3.141592653589793 -0.6710006953007144 0.35 0.35 1.2 1
0 2.30396462137258 1.8348436737200648 0.35 0.35 1.2 1
0 0.1733935941491257 3.1370750309579662 0.35 0.35 1.2 1
0 0.5909592846247306 -0.6062430225368454 0.35 0.35 1.2 1
0 -2.036794211539321 3.141592653589793 0.35 0.35 1.2 1
0 -0.924844896853571 -1.9717383392638728 0.35 0.35 1.2 1
0 0.07867094258586949 0.1098401379649857 0.35 0.35 1.2 1
0 1.733310438707138 -2.486621133317484 0.35 0.35 1.2 1
0 -2.481076092304695 0.5584349360924998 0.35 0.35 1.2 1
0 -0.847532355936881 1.8837800414219479 0.35 0.35 1.2 1
0 0.6926553427838529 0.033860838786453185 0.35 0.35 1.2 1
0 -0.4123435963971205 0.29721597846617054 0.35 0.35 1.2 1
0 -0.26581195289700355 -1.0519880459585753 0.35 0.35 1.2 1
0 -0.7333208104100134 1.4291976140067126 0.35 0.35 1.2 1
0 -2.820317089155342 2.243413363018789 0.35 0.35 1.2 1
0 0.2858446551365279 -0.2463341698414485 0.35 0.35 1.2 1
0 1.2417454875722052 -0.27110423832398234 0.35 0.35 1.2 1
0 0.8328036979020723 -2.6997402285937797 0.35 0.35 1.2 1
0 -0.773098071778499 -0.37538908205574334 0.35 0.35 1.2 1
0 -0.5253339251816732 -0.7430881515217014 0.35 0.35 1.2 1
0 -1.8777146265031455 2.0251923015178237 0.35 0.35 1.2 1
0 0.12546338698459136 1.602962083007199 0.35 0.35 1.2 1
0 2.1456095711311693 0.5842468704507516 0.35 0.35 1.2 1
0 1.1603973234507567 -0.10616980426687372 0.35 0.35 1.2 1
0 0.20420723552018838 0.36943824502996986 0.35 0.35 1.2 1
0 -0.8355808041913475 -0.6719313343491815 0.35 0.35 1.2 1
0 -0.4683539026512151 2.406306364055602 0.35 0.35 1.2 1
0 1.3136699804720626 -0.2584233504329096 0.35 0.35 1.2 1
0 -1.2261472640863158 0.28731826863615795 0.35 0.35 1.2 1
0 -0.2070278652603934 0.4594281515057944 0.35 0.35 1.2 1
0 -1.4580826990661628 0.8191806987259194 0.35 0.35 1.2 1
0 -2.8330760978635863 0.6831879172737357 0.35 0.35 1.2 1
0 3.141592653589793 1.106162580968836 0.35 0.35 1.2 1
0 -1.2432323108623233 -0.298268491278757 0.35 0.35 1.2 1
0 0.22943412119770693 -2.180524072870331 0.35 0.35 1.2 1
0 -2.2087377369626364 -1.149473642258642 0.35 0.35 1.2 1
0 -2.004558274420491 0.22440351153160243 0.35 0.35 1.2 1
0 -2.011157015543199 -0.7296529384735098 0.35 0.35 1.2 1
0 -0.6375143491802716 -0.37797294388665814 0.35 0.35 1.2 1
0 -3.141592653589793 0.8604232960209554 0.35 0.35 1.2 1
0 -1.52098826800704 3.141592653589793 0.35 0.35 1.2 1
0 -0.5580584264825017 -0.10814096575919317 0.35 0.35 1.2 1
0 -0.7903938364956099 -2.0025385951341743 0.35 0.35 1.2 1
0 0.21518283422703366 -0.6790108760121066 0.35 0.35 1.2 1
0 3.141592653589793 0.3925727488350824 0.35 0.35 1.2 1
0 -1.2432666693996755 0.067028182537199 0.35 0.35 1.2 1
0 1.0505618728554516 1.3621300498535758 0.35 0.35 1.2 1
0 1.687712654100714 2.6870118566096335 0.35 0.35 1.2 1
0 0.3966569879796462 -0.8046381266211398 0.35 0.35 1.2 1
0 -1.939607126337048 0.04210825851136768 0.35 0.35 1.2 1
0 -0.8912114200430563 0.9895247978897843 0.35 0.35 1.2 1
0 -2.6058869477036213 -2.2655272263388917 0.35 0.35 1.2 1
0 -0.5210885218066189 1.1211508034964268 0.35 0.35 1.2 1
0 1.5066167390215544 0.8717740244052562 0.35 0.35 1.2 1
0 -1.7574683466799015 2.949755182357112 0.35 0.35 1.2 1
0 3.141592653589793 -0.3625245280523345 0.35 0.35 1.2 1
0 -0.0772209791236973 -0.7929800306447614 0.35 0.35 1.2 1
0 1.7949767091866136 1.9302127198175179 0.35 0.35 1.2 1
0 -0.9559214650551493 0.9123430923230786 0.35 0.35 1.2 1
0 -0.1851729150557706 0.1301805189993479 0.35 0.35 1.2 1
0 -0.4095041655396745 3.141592653589793 0.35 0.35 1.2 1
0 0.9851607739538072 2.1964025919118995 0.35 0.35 1.2 1
0 -3.141592653589793 -1.7897608392421 0.35 0.35 1.2 1
0 2.114241106287854 1.8139226396144743 0.35 0.35 1.2 1
0 -0.32005063180936943 0.7160546287132293 0.35 0.35 1.2 1
0 -1.154889714763464 3.141592653589793 0.35 0.35 1.2 1
0 1.8903526824830086 -2.6809685545699065 0.35 0.35 1.2 1
0 -1.459739665604794 -0.8306096455886569 0.35 0.35 1.2 1
0 -0.6031700481769718 3.141592653589793 0.35 0.35 1.2 1
0 0.13973819746522542 -1.4444518563848483 0.35 0.35 1.2 1
0 -0.6775857460443413 -0.7128081602228229 0.35 0.35 1.2 1
0 0.17440360345674555 -0.21758553379900064 0.35 0.35 1.2 1
0 -1.1154699353552833 -0.811402104041621 0.35 0.35 1.2 1
0 -2.7379905390338095 -0.8627748710960723 0.35 0.35 1.2 1
0 0.8381785267174042 1.8273123315219046 0.35 0.35 1.2 1
0 1.8722523379553517 1.401023115764453 0.35 0.35 1.2 1
0 -1.0432384969628334 3.141592653589793 0.35 0.35 1.2 1
0 -0.8114141171950227 2.1940328913799867 0.35 0.35 1.2 1
0 3.141592653589793 0.9190531930936151 0.35 0.35 1.2 1
0 -1.7045903986203461 -0.3867003350314129 0.35 0.35 1.2 1
0 -0.32617797050043773 0.5617427502308932 0.35 0.35 1.2 1
0 0.03250881057777044 1.5432293003549487 0.35 0.35 1.2 1
0 -1.9209608014562587 -3.141592653589793 0.35 0.35 1.2 1
0 2.214139138252481 1.4248160085951027 0.35 0.35 1.2 1
0 -1.198093427358185 1.437004267163447 0.35 0.35 1.2 1
0 -0.05586486741785736 1.116259194767891 0.35 0.35 1.2 1
0 1.3906673517181676 -2.675377881711517 0.35 0.35 1.2 1
0 1.1260728826008113 0.6958374379792717 0.35 0.35 1.2 1
0 -1.0370552860613271 1.3054280853808198 0.35 0.35 1.2 1
0 -3.141592653589793 0.5075544200938964 0.35 0.35 1.2 1
0 0.3315179829054238 -2.5530631742261587 0.35 0.35 1.2 1
0 -0.9008309176708602 1.644163086215586 0.35 0.35 1.2 1
0 0.07808787974917411 3.098745485842063 0.35 0.35 1.2 1
0 -0.7935201838765267 -0.12155343698370179 0.35 0.35 1.2 1
0 1.7429701050063389 -1.7868206772526292 0.35 0.35 1.2 1
0 1.127872318615956 -1.7781485712571425 0.35 0.35 1.2 1
0 -1.785198169039089 -0.6976209202305713 0.35 0.35 1.2 1
0 2.4020496789845702 -0.09455422542622238 0.35 0.35 1.2 1
0 0.9225918129027605 2.710428712208056 0.35 0.35 1.2 1
0 0.4680920789242651 0.2606091151204222 0.35 0.35 1.2 1
0 -0.7297152809844584 2.6612452768358272 0.35 0.35 1.2 1
0 -2.67750410115032 1.0012910846752627 0.35 0.35 1.2 1
0 -0.7924367914203292 -1.0365459914106974 0.35 0.35 1.2 1
0 -2.4871721233327904 -1.8922123536069442 0.35 0.35 1.2 1
0 -0.7912481363605037 -0.24923297118450122 0.35 0.35 1.2 1
0 -0.7771521902074942 0.3761016646116827 0.35 0.35 1.2 1
0 -3.141592653589793 -1.894898073611523 0.35 0.35 1.2 1
0 -2.5894072889200563 3.141592653589793 0.35 0.35 1.2 1
0 -0.4574173383694585 0.7749092465007006 0.35 0.35 1.2 1
0 1.269377104402144 1.9420942534090262 0.35 0.35 1.2 1
0 0.2888889411224407 0.41508076556452833 0.35 0.35 1.2 1
0 -1.0679093352359064 1.2830262651667113 0.35 0.35 1.2 1
0 1.913486463400437 -0.636527978237324 0.35 0.35 1.2 1
0 -0.7935676921821859 2.216711504568324 0.35 0.35 1.2 1
0 3.141592653589793 -0.3911644415058899 0.35 0.35 1.2 1
0 1.8211354176738963 2.2244465602642873 0.35 0.35 1.2 1
0 -1.9840798350798 0.5315429663344531 0.35 0.35 1.2 1
0 -3.141592653589793 1.0632353978481095 0.35 0.35 1.2 1
0 -0.6978791599870976 1.1626728234095647 0.35 0.35 1.2 1
0 -2.8095478257708866 -0.3944331712422977 0.35 0.35 1.2 1
0 -3.141592653589793 3.141592653589793 0.35 0.35 1.2 1
0 -0.42365791693324695 -0.7865399596402648 0.35 0.35 1.2 1
0 -0.821096844402685 0.4340132182773917 0.35 0.35 1.2 1
0 1.4656165768995792 -2.2299399905029724 0.35 0.35 1.2 1
0 -3.141592653589793 -0.10685189072186152 0.35 0.35 1.2 1
0 -0.7683077631945043 0.16706906748578576 0.35 0.35 1.2 1
0 -1.073970268816423 3.141592653589793 0.35 0.35 1.2 1
0 -0.14656344086555534 2.135130537504283 0.35 0.35 1.2 1
0 0.907653412591495 1.6957484898116155 0.35 0.35 1.2 1
0 -1.177063678152955 0.20027349604504008 0.35 0.35 1.2 1
0 1.502785012478316 -0.37757971974758786 0.35 0.35 1.2 1
0 -1.8595764424647907 0.44838335607202917 0.35 0.35 1.2 1
0 0.41046564736593405 0.07240789878306009 0.35 0.35 1.2 1
0 -1.7061521846566303 3.141592653589793 0.35 0.35 1.2 1
0 -3.141592653589793 1.222846996422077 0.35 0.35 1.2 1
0 0.13132219814387702 -3.141592653589793 0.35 0.35 1.2 1
0 1.3976567120732768 -2.4442141506472854 0.35 0.35 1.2 1
0 -1.2445242960609466 -0.2913252987697854 0.35 0.35 1.2 1
0 -1.2739128768953463 2.210831181918313 0.35 0.35 1.2 1
0 1.7610797399268696 0.8275941324688219 0.35 0.35 1.2 1
0 -0.8511132004397342 -1.1812617587169858 0.35 0.35 1.2 1
0 -0.34019778295049685 2.7383489582461236 0.35 0.35 1.2 1
0 -1.8316191883681303 -0.6044535655832078 0.35 0.35 1.2 1
0 -0.26803260103068355 -0.8388706308765314 0.35 0.35 1.2 1
0 -1.357031086988088 1.1552265308424547 0.35 0.35 1.2 1
0 0.6239278655381086 0.6320696699215934 0.35 0.35 1.2 1
0 0.2663983108584087 1.1665804723205342 0.35 0.35 1.2 1
0 -1.447276626727231 -1.661356033326875 0.35 0.35 1.2 1
0 -1.6938603587082877 0.48893028346437717 0.35 0.35 1.2 1
0 0.033163070106613124 3.141592653589793 0.35 0.35 1.2 1
0 2.4343009406036433 -0.21880408608005175 0.35 0.35 1.2 1
0 -1.8227762416575155 3.141592653589793 0.35 0.35 1.2 1
0 -3.141592653589793 -0.30026507410485404 0.35 0.35 1.2 1
0 0.0344866236208452 2.9393788978716557 0.35 0.35 1.2 1
0 1.735098129177013 1.1853846735768017 0.35 0.35 1.2 1
0 -0.5546502112301548 0.8976183614792045 0.35 0.35 1.2 1
0 -2.3617234846637354 0.912513294272976 0.35 0.35 1.2 1
0 -1.6619912697569306 -1.9472085252454698 0.35 0.35 1.2 1
0 0.07871266050216974 -0.5631550010606303 0.35 0.35 1.2 1
0 1.1650150997519233 2.0449960100359936 0.35 0.35 1.2 1
0 2.0533505675146095 -3.141592653589793 0.35 0.35 1.2 1
0 -1.970008039470292 -2.1264620089995994 0.35 0.35 1.2 1
0 -0.12283060236242438 0.36333850977018245 0.35 0.35 1.2 1
0 -0.9725283412316887 -0.14003683365775843 0.35 0.35 1.2 1
0 -0.7848395567374251 -3.141592653589793 0.35 0.35 1.2 1
0 -0.8639040022026819 0.896889889693833 0.35 0.35 1.2 1
0 2.6059423668705097 2.10512639215898 0.35 0.35 1.2 1
0 1.4440682714649016 -1.2286463745579297 0.35 0.35 1.2 1
0 1.4318721832468646 1.7120255613615551 0.35 0.35 1.2 1
0 -1.5915805970391514 0.800524903648687 0.35 0.35 1.2 1
0 0.7752898745715662 0.9008247942111596 0.35 0.35 1.2 1
0 1.6340800537437 -0.1321317628311688 0.35 0.35 1.2 1
0 -0.9125154176340564 -2.1388133788707013 0.35 0.35 1.2 1
0 -1.5405456467776228 -1.7531402929299706 0.35 0.35 1.2 1
0 2.7401698480338004 0.6255621420825938 0.35 0.35 1.2 1
0 1.339799553407513 0.9923905224965079 0.35 0.35 1.2 1
0 0.5219996353980724 -0.481191366293528 0.35 0.35 1.2 1
0 -1.8560841579927725 -1.8810331749477558 0.35 0.35 1.2 1
0 -0.5498064233473436 0.8208636633787051 0.35 0.35 1.2 1
0 -3.141592653589793 2.659431648462822 0.35 0.35 1.2 1
0 1.320427257528911 1.4158212278343796 0.35 0.35 1.2 1
0 0.987826981202385 -1.1076973267400758 0.35 0.35 1.2 1
0 -2.2969036679673973 3.141592653589793 0.35 0.35 1.2 1
0 -0.6392511469696223 2.12793464408891 0.35 0.35 1.2 1
0 -0.5520187387621747 0.8067632737484345 0.35 0.35 1.2 1
0 -1.3876613989887217 0.7430208367965292 0.35 0.35 1.2 1
0 -0.3796543620485827 2.1071727441932326 0.35 0.35 1.2 1
0 -1.7405710162100734 -1.5532082446631024 0.35 0.35 1.2 1
0 -1.6782172007335654 2.8600937606737524 0.35 0.35 1.2 1
0 -2.403251300437535 1.293504435892965 0.35 0.35 1.2 1
0 -1.7437408396977858 1.3720519596725798 0.35 0.35 1.2 1
0 -0.24085734212995635 1.0416967838582543 0.35 0.35 1.2 1
0 -2.6129946355685556 -0.4220295515907304 0.35 0.35 1.2 1
0 0.17055723025005576 0.3053402320495626 0.35 0.35 1.2 1
0 -0.312798558635095 -0.7181452316552952 0.35 0.35 1.2 1
0 -0.6467145791248845 2.5144891004341368 0.35 0.35 1.2 1
0 -2.0444266724230684 -1.3305611811233735 0.35 0.35 1.2 1
0 -2.951103616834206 -2.401362045507772 0.35 0.35 1.2 1
0 -0.09805081908960367 1.0085661886128372 0.35 0.35 1.2 1
0 -1.2347866799600704 1.4467048976994072 0.35 0.35 1.2 1
0 3.141592653589793 0.9889796495667225 0.35 0.35 1.2 1
0 2.24253765688396 -0.3608630592742572 0.35 0.35 1.2 1
0 1.2821324011385171 0.10009549088282377 0.35 0.35 1.2 1
0 -1.2579001900959135 2.23734556025651 0.35 0.35 1.2 1
0 -2.820846182090026 0.2645305234295541 0.35 0.35 1.2 1
0 -0.29233895564624945 0.5496872308685089 0.35 0.35 1.2 1
0 -1.3879407189049378 -1.7063615756449604 0.35 0.35 1.2 1
0 1.7694628003284911 -2.010138321488305 0.35 0.35 1.2 1
0 0.5742024829052854 -2.29874599724456 0.35 0.35 1.2 1
0 -1.2203511276433514 0.3319273778322096 0.35 0.35 1.2 1
0 -1.2282549061331745 -0.8819236941988641 0.35 0.35 1.2 1
0 0.5467033660634584 -0.752118650445119 0.35 0.35 1.2 1
0 -2.1053596190971935 1.6005896270022824 0.35 0.35 1.2 1
0 -2.727145376832996 -1.4019985741226457 0.35 0.35 1.2 1
0 1.6965002625991987 -0.5372798510876734 0.35 0.35 1.2 1
0 -3.141592653589793 0.2852048677489362 0.35 0.35 1.2 1
0 -2.646535837342297 0.5119556026078447 0.35 0.35 1.2 1
0 1.259168973186128 1.6785810506720151 0.35 0.35 1.2 1
0 -1.0308343553981547 0.674825266900015 0.35 0.35 1.2 1
0 1.9685693718130035 -1.7486658332023417 0.35 0.35 1.2 1
0 -1.6785199682942247 0.7993631442085767 0.35 0.35 1.2 1
0 1.2788810825278951 3.141592653589793 0.35 0.35 1.2 1
0 -0.8948716098227845 2.0227294711469455 0.35 0.35 1.2 1
0 -2.9827335191877973 -2.4369818141048976 0.35 0.35 1.2 1
0 -2.3200118902939217 0.9807240970580293 0.35 0.35 1.2 1
0 0.04855462504145857 1.4701088706292604 0.35 0.35 1.2 1
0 -1.856545384860221 1.199730023628088 0.35 0.35 1.2 1
0 0.8775824856010981 2.413307433585219 0.35 0.35 1.2 1
0 -2.32375054370415 -3.141592653589793 0.35 0.35 1.2 1
0 -2.9378616471209877 0.7066024767811317 0.35 0.35 1.2 1
0 0.8593107541965161 0.70902540065342 0.35 0.35 1.2 1
0 -1.2883072946220615 1.9785028176596204 0.35 0.35 1.2 1
0 -1.6864896480561797 2.3759709333056143 0.35 0.35 1.2 1
0 0.7937614016357473 1.6008000624636534 0.35 0.35 1.2 1
0 -0.5051210333759714 1.0903529705826072 0.35 0.35 1.2 1
0 -1.2866519015255566 -0.023321597014756446 0.35 0.35 1.2 1
0 0.1945922754094106 -3.0363336814974504 0.35 0.35 1.2 1
0 -1.5935223910689276 2.876876826099119 0.35 0.35 1.2 1
0 -3.141592653589793 1.3822939170119701 0.35 0.35 1.2 1
0 -1.9392134314542482 -0.5129325868498563 0.35 0.35 1.2 1
0 -0.9401842885339399 1.947524875196759 0.35 0.35 1.2 1
0 1.8123823365539677 1.1240153282921475 0.35 0.35 1.2 1
0 -3.141592653589793 0.408682057029464 0.35 0.35 1.2 1
0 -0.5662043052968067 1.5032541295391546 0.35 0.35 1.2 1
0 0.1987290501794492 3.141592653589793 0.35 0.35 1.2 1
0 -0.9690249698365114 -0.14492030673200673 0.35 0.35 1.2 1
0 -3.141592653589793 -1.1047637258403324 0.35 0.35 1.2 1
0 1.2440560542178893 3.141592653589793 0.35 0.35 1.2 1
0 -0.8734454812609851 -1.6387996516943177 0.35 0.35 1.2 1
0 -1.3685213201043842 2.0567656139850965 0.35 0.35 1.2 1
0 -0.5945855297752208 1.0725847870596736 0.35 0.35 1.2 1
0 -0.12375138386957696 1.7069177015600678 0.35 0.35 1.2 1
0 0.43755216807665764 2.5922687370625233 0.35 0.35 1.2 1
0 -1.2671506652373044 -0.46056616782651805 0.35 0.35 1.2 1
0 1.4166622188747844 2.917555501873902 0.35 0.35 1.2 1
0 -0.7848032670238314 1.163639774748807 0.35 0.35 1.2 1
0 1.043280547357397 0.5169049906725243 0.35 0.35 1.2 1
0 1.2612810216512842 0.7150522870001358 0.35 0.35 1.2 1
0 2.8650872763287527 0.5728581327248977 0.35 0.35 1.2 1
0 0.4451390159106273 1.2902922659902916 0.35 0.35 1.2 1
0 0.7802600365947641 1.8654581941070432 0.35 0.35 1.2 1
0 1.195880588736762 0.7524065482471487 0.35 0.35 1.2 1
0 0.7599606518889845 -0.5963817015221389 0.35 0.35 1.2 1
0 -1.2247103992981703 3.1347740000920528 0.35 0.35 1.2 1
0 2.022680155662962 3.141592653589793 0.35 0.35 1.2 1
0 -2.7671174807923027 1.1300613763993275 0.35 0.35 1.2 1
0 3.141592653589793 -1.8363861585401966 0.35 0.35 1.2 1
0 -0.6514977557073198 1.7250570401112204 0.35 0.35 1.2 1
0 -0.5519628441557344 -1.23515259038941 0.35 0.35 1.2 1
0 -0.4186270746834038 0.18600407997555038 0.35 0.35 1.2 1
0 0.22420705114144726 -2.56898583416757 0.35 0.35 1.2 1
0 -3.141592653589793 -0.3731997068810698 0.35 0.35 1.2 1
0 -1.7777857983536502 0.07840286117829685 0.35 0.35 1.2 1
0 -0.8361410770601657 0.3244218822080337 0.35 0.35 1.2 1
0 -2.175852391392118 0.39617367825808314 0.35 0.35 1.2 1
0 -1.3473669189036492 1.3334108126803548 0.35 0.35 1.2 1
0 1.5649311273843514 -2.619248773598675 0.35 0.35 1.2 1
0 1.9370262063210275 -0.2112066164896278 0.35 0.35 1.2 1
0 -2.5495484730618965 3.141592653589793 0.35 0.35 1.2 1
0 -0.007127844635672842 1.4767740893907237 0.35 0.35 1.2 1
0 -3.141592653589793 1.9636593345851916 0.35 0.35 1.2 1
0 -0.4852825318730789 1.821928886985711 0.35 0.35 1.2 1
0 -2.632021312805841 2.5705476859138083 0.35 0.35 1.2 1
0 -0.5006978931820047 1.8428822169370949 0.35 0.35 1.2 1
0 0.06281132235046555 0.27288527326627554 0.35 0.35 1.2 1
0 -2.451812931491908 2.5834282720543724 0.35 0.35 1.2 1
0 -0.5848969517457433 -0.4303575989980386 0.35 0.35 1.2 1
0 0.12206720375178226 2.120845859628494 0.35 0.35 1.2 1
0 -3.135105929335716 2.05178304941429 0.35 0.35 1.2 1
0 -1.1953150075031138 -0.7201991629293405 0.35 0.35 1.2 1
0 -1.4909553679323475 0.4381655683026119 0.35 0.35 1.2 1
0 -1.6431367646163164 2.3035427496485945 0.35 0.35 1.2 1
0 -1.4496388722920235 2.1420220476028735 0.35 0.35 1.2 1
0 1.7052149371624519 1.11549498295551 0.35 0.35 1.2 1
0 2.464495956255547 1.1508724172094753 0.35 0.35 1.2 1
0 1.2293901132611527 0.7502515523987301 0.35 0.35 1.2 1
0 0.47735557151735364 -0.26795835060612727 0.35 0.35 1.2 1
0 -1.409272071302029 -0.8869424848967454 0.35 0.35 1.2 1
0 -2.639883114381467 -1.1987745139035344 0.35 0.35 1.2 1
0 -0.8315624268231134 2.1490505284083286 0.35 0.35 1.2 1
0 -0.27579411333560166 1.955936512657083 0.35 0.35 1.2 1
0 -1.9507358454330581 -0.5952834764390031 0.35 0.35 1.2 1
0 0.4261734972911737 1.0036195649335864 0.35 0.35 1.2 1
0 0.5603381700574159 0.08492161195444159 0.35 0.35 1.2 1
0 2.8339107761719506 0.023594333766316533 0.35 0.35 1.2 1
0 -0.42596253051770105 1.0889297450581914 0.35 0.35 1.2 1
0 -1.8229258088927336 -1.5766081979651656 0.35 0.35 1.2 1
0 -2.469652918975239 -0.40069878001261783 0.35 0.35 1.2 1
0 -1.6698124533494352 2.152729451432526 0.35 0.35 1.2 1
0 -0.342499066603261 -3.141592653589793 0.35 0.35 1.2 1
0 -3.141592653589793 1.2667760906504235 0.35 0.35 1.2 1
0 -0.012452277511684429 1.1674977025372242 0.35 0.35 1.2 1
0 2.0243006432876784 0.4297006944144399 0.35 0.35 1.2 1
0 -1.3194415593788231 -2.0845884238405423 0.35 0.35 1.2 1
0 0.26362630872532833 0.9751829838517632 0.35 0.35 1.2 1
0 1.0060733226004088 -2.5351945356964087 0.35 0.35 1.2 1
0 -2.3587359639865975 3.141592653589793 0.35 0.35 1.2 1
0 3.141592653589793 1.5542136052994024 0.35 0.35 1.2 1
0 0.5023113427892681 0.13936812251562875 0.35 0.35 1.2 1
0 -0.8100445498247613 1.5981127345934554 0.35 0.35 1.2 1
0 -1.0680561173647025 2.766387464119518 0.35 0.35 1.2 1
0 0.9549793045877527 0.5987196311675045 0.35 0.35 1.2 1
0 1.3895989518524623 -0.8585171644274703 0.35 0.35 1.2 1
0 -1.7924628017345492 -3.141592653589793 0.35 0.35 1.2 1
0 -0.7412211865003531 0.8691329802502419 0.35 0.35 1.2 1
0 -3.141592653589793 1.7405098417659728 0.35 0.35 1.2 1
0 -1.9791941997636853 -1.6507578888173264 0.35 0.35 1.2 1
0 -1.3387971650674073 2.3782939638301825 0.35 0.35 1.2 1
0 0.19103190992526786 2.251031536770261 0.35 0.35 1.2 1
0 1.0540693950046616 1.195958888234736 0.35 0.35 1.2 1
0 1.3031825651442561 -0.48673707623221363 0.35 0.35 1.2 1
0 -1.8774209900157444 2.4660279536690064 0.35 0.35 1.2 1
0 -1.7951693831756197 1.507474144920416 0.35 0.35 1.2 1
0 -0.39955646379675536 -0.23087313789792707 0.35 0.35 1.2 1
0 1.76317387088832 3.141592653589793 0.35 0.35 1.2 1
0 -1.1341110305366158 -0.8522465624944544 0.35 0.35 1.2 1
0 1.0743874552916708 1.2202408201651331 0.35 0.35 1.2 1
0 -0.9194090689697668 0.7492744361904655 0.35 0.35 1.2 1
0 -0.8899577314035938 0.21062719210864245 0.35 0.35 1.2 1
0 -0.6700725872755917 -0.3750037478315348 0.35 0.35 1.2 1
0 -1.7460596776168915 1.351855680227352 0.35 0.35 1.2 1
0 0.09653358389699451 2.1062093161082274 0.35 0.35 1.2 1
0 -0.7081729897717538 -1.8163649596929945 0.35 0.35 1.2 1
0 0.9083020687554711 1.7490630480238194 0.35 0.35 1.2 1
0 -0.6174833131043379 0.07622484512147754 0.35 0.35 1.2 1
0 -0.1739197982079833 -1.5571162614387668 0.35 0.35 1.2 1
0 -0.26711826308952286 1.7085632561747335 0.35 0.35 1.2 1
0 -2.3518724114117946 3.009707226512383 0.35 0.35 1.2 1
0 2.273763908665311 1.1230272069149634 0.35 0.35 1.2 1
0 -0.3612941702637722 1.6122637381805922 0.35 0.35 1.2 1
0 -1.9263596202957636 0.2606810945492479 0.35 0.35 1.2 1
0 -0.16439441620448567 0.5499422463625192 0.35 0.35 1.2 1
0 -1.989002724992039 0.7218263531117075 0.35 0.35 1.2 1
0 -2.8779004084860045 0.5663183679076099 0.35 0.35 1.2 1
0 -0.5345264675963332 1.339070274192787 0.35 0.35 1.2 1
0 -2.383807287633208 1.154259033872788 0.35 0.35 1.2 1
0 0.4461798756176112 1.1650920007985568 0.35 0.35 1.2 1
0 -1.2789426621178803 -1.7359868173316344 0.35 0.35 1.2 1
0 0.9950989805544201 -2.023045086753393 0.35 0.35 1.2 1
0 -2.3107037962923087 -1.190996576721644 0.35 0.35 1.2 1
