#! FIELDS time phi psi sigma_phi sigma_psi height biasf
                        #! SET multivariate false
                        #! SET kerneltype stretched-gaussian
                        #! SET min_phi -pi
                        #! SET max_phi pi
                        #! SET min_psi -pi
                        #! SET max_psi pi
0 -1.2773527269998477 -0.360496598657008 0.35 0.35 1.2 1
0 1.129969487688486 2.4372238219693467 0.35 0.35 1.2 1
0 -0.27738360615812685 -1.762890083552479 0.35 0.35 1.2 1
0 -2.4470983797413135 -2.081499397424395 0.35 0.35 1.2 1
0 -0.7879660929497173 0.5664626216903312 0.35 0.35 1.2 1
0 -1.7296034236313818 -1.7635992066548143 0.35 0.35 1.2 1
0 -1.200545201507928 1.6631465070791887 0.35 0.35 1.2 1
0 -0.06488346486963059 -0.048272236729550055 0.35 0.35 1.2 1
0 -2.04984744412831 -3.11894968287647 0.35 0.35 1.2 1
0 1.122802945319967 -2.2725129860400974 0.35 0.35 1.2 1
0 -2.487753385714297 1.6086396151067617 0.35 0.35 1.2 1
0 -0.8749328077253714 -1.710574350634592 0.35 0.35 1.2 1
0 -1.68767938648051 -0.673475193374335 0.35 0.35 1.2 1
0 0.8654427605138164 -1.6083177422118946 0.35 0.35 1.2 1
0 -0.04411851572242709 1.3566609429631007 0.35 0.35 1.2 1
0 1.1523377352882427 0.5171869345920107 0.35 0.35 1.2 1
0 -0.5921142020385581 0.038968219591632325 0.35 0.35 1.2 1
0 1.3047282464411363 0.7327900068395539 0.35 0.35 1.2 1
0 -1.9521483765336605 -0.5558113819817067 0.35 0.35 1.2 1
0 -1.7311025686716461 -2.582896671230645 0.35 0.35 1.2 1
0 -1.8232516148735618 0.025475260292220914 0.35 0.35 1.2 1
0 -2.8069133981558925 -0.3008369595695526 0.35 0.35 1.2 1
0 0.38574161810465946 2.1874526694272167 0.35 0.35 1.2 1
0 -1.5210267249276153 -2.650172476788489 0.35 0.35 1.2 1
0 -0.9682962728167628 -0.9820658179421654 0.35 0.35 1.2 1
0 -2.109890921226943 1.7910526447526496 0.35 0.35 1.2 1
0 -1.8871179390634099 1.8597964117971606 0.35 0.35 1.2 1
0 1.023900665620255 1.4912313740947403 0.35 0.35 1.2 1
0 0.03385152668992708 -0.40655595299889336 0.35 0.35 1.2 1
0 0.5571629933744395 3.141592653589793 0.35 0.35 1.2 1
0 -0.8887934996452596 0.8572050250346139 0.35 0.35 1.2 1
0 0.13837546855480531 0.7147666499979317 0.35 0.35 1.2 1
0 -1.3952667902354021 1.3235197808645056 0.35 0.35 1.2 1
0 -1.5958542070875106 0.5387378078755978 0.35 0.35 1.2 1
0 -0.6820971804377581 1.775320095156789 0.35 0.35 1.2 1
0 0.09779563811784758 1.050799910316457 0.35 0.35 1.2 1
0 -1.6988572903195078 -0.7055559179634165 0.35 0.35 1.2 1
0 -1.7764909521944667 1.158038358244613 0.35 0.35 1.2 1
0 -0.5771978213042528 1.757790265539086 0.35 0.35 1.2 1
0 -2.3386385267882126 1.1362906497698941 0.35 0.35 1.2 1
0 0.7751809528903907 1.684038271770146 0.35 0.35 1.2 1
0 -3.141592653589793 0.43758823681861503 0.35 0.35 1.2 1
0 0.3490129484351794 2.202863489683269 0.35 0.35 1.2 1
0 2.240499553135009 -0.9666530557446492 0.35 0.35 1.2 1
0 -0.4493472718222129 2.3600816749687166 0.35 0.35 1.2 1
0 -1.3900661375918575 2.2888446122566943 0.35 0.35 1.2 1
0 -0.8120483199606581 0.7984042002625287 0.35 0.35 1.2 1
0 -1.6944528993077537 -0.7243047468929464 0.35 0.35 1.2 1
0 0.3809679206061938 1.50082116728959 0.35 0.35 1.2 1
0 1.6647804849053995 0.7465196711139703 0.35 0.35 1.2 1
0 1.660097032225834 0.07821484679044977 0.35 0.35 1.2 1
0 -0.7540104359745317 0.7621513474317042 0.35 0.35 1.2 1
0 -2.64903898962054 -1.4732561455284363 0.35 0.35 1.2 1
0 -1.1460782801673095 -0.6587482918450308 0.35 0.35 1.2 1
0 -1.765412360448006 0.15651686107520957 0.35 0.35 1.2 1
0 0.10555122731949074 -0.47094220531490566 0.35 0.35 1.2 1
0 -3.141592653589793 0.564038325745078 0.35 0.35 1.2 1
0 0.9425373335241859 1.933211895717653 0.35 0.35 1.2 1
0 0.5997382507020885 1.861346229974533 0.35 0.35 1.2 1
0 -2.728501407508006 -1.775993903506441 0.35 0.35 1.2 1
0 3.141592653589793 0.39067267534595207 0.35 0.35 1.2 1
0 -1.7241904664470793 -2.656546191340271 0.35 0.35 1.2 1
0 0.2614141272498597 -2.8425272877120724 0.35 0.35 1.2 1
0 0.35088694164080025 0.6425001231410297 0.35 0.35 1.2 1
0 -1.7946202618693465 -1.5114839249638208 0.35 0.35 1.2 1
0 -1.5963331806531293 2.1754519987926138 0.35 0.35 1.2 1
0 -1.9294938253544078 0.23089173755217773 0.35 0.35 1.2 1
0 2.043193112862176 -0.48669517906814275 0.35 0.35 1.2 1
0 -1.875486625205388 2.4694988997957426 0.35 0.35 1.2 1
0 1.3723546313383785 -2.4708051806825533 0.35 0.35 1.2 1
0 -0.08222213636246528 3.141592653589793 0.35 0.35 1.2 1
0 0.6097419191591645 1.0474375594802796 0.35 0.35 1.2 1
0 -1.9624247851540468 -0.39167512308056185 0.35 0.35 1.2 1
0 0.36055564187882205 3.141592653589793 0.35 0.35 1.2 1
0 -1.549130269331854 -2.4972024620554105 0.35 0.35 1.2 1
0 -1.4497095207153896 0.8350815050237083 0.35 0.35 1.2 1
0 -0.15186975380884593 -0.4006148225773266 0.35 0.35 1.2 1
0 0.16959685153297333 -0.21732242787129497 0.35 0.35 1.2 1
0 1.8016026385546895 0.3962813237203634 0.35 0.35 1.2 1
0 -1.7907215913569856 0.9476873290624052 0.35 0.35 1.2 1
0 0.3260840282382169 1.0742386901676917 0.35 0.35 1.2 1
0 -3.141592653589793 -1.8199939582985107 0.35 0.35 1.2 1
0 -1.4076340463465555 -1.3883622278350756 0.35 0.35 1.2 1
0 -0.6612218216097965 0.2181929670588214 0.35 0.35 1.2 1
0 -2.3684709062978992 0.18022497552828431 0.35 0.35 1.2 1
0 -1.4343918886904605 -0.8314754470514836 0.35 0.35 1.2 1
0 -1.8727467563450597 -1.093764332379989 0.35 0.35 1.2 1
0 -1.4186782732754866 -1.1647947151837414 0.35 0.35 1.2 1
0 -0.4974546272598343 1.3650947386049708 0.35 0.35 1.2 1
0 -0.6444614040944322 -1.3406463551869374 0.35 0.35 1.2 1
0 -2.786590555402596 2.2875351397605557 0.35 0.35 1.2 1
0 -2.085307157962043 2.9503425035336024 0.35 0.35 1.2 1
0 0.9831432121060897 -0.8390835424937999 0.35 0.35 1.2 1
0 0.07099593510556124 2.0747041549794965 0.35 0.35 1.2 1
0 -1.2920232708591928 0.9526032928506101 0.35 0.35 1.2 1
0 2.625798526229986 -0.7992954315712755 0.35 0.35 1.2 1
0 -2.4258606028433327 -2.480223408856052 0.35 0.35 1.2 1
0 -1.081053673690618 -3.141592653589793 0.35 0.35 1.2 1
0 1.0799642946301276 -1.1352321375466181 0.35 0.35 1.2 1
0 -1.211038129188173 1.7373662424201983 0.35 0.35 1.2 1
0 -0.4265332152483493 0.39227487163805774 0.35 0.35 1.2 1
0 -0.47685712890671617 0.3787307898755604 0.35 0.35 1.2 1
0 -1.986842498731228 0.7710470750610441 0.35 0.35 1.2 1
0 -2.173665528112802 0.19986946491710977 0.35 0.35 1.2 1
0 -2.162842366350936 1.9881803780075256 0.35 0.35 1.2 1
0 0.35403111388894537 -2.3088179082647464 0.35 0.35 1.2 1
0 -1.4511791202361621 -1.5638640956578223 0.35 0.35 1.2 1
0 0.6479766429554216 1.5557586427001617 0.35 0.35 1.2 1
0 0.6798774057583774 0.5198655436887953 0.35 0.35 1.2 1
0 2.0897920873308937 -1.6000468666271983 0.35 0.35 1.2 1
0 2.2212305341697753 -1.2107398689521918 0.35 0.35 1.2 1
0 0.608604867211861 -3.141592653589793 0.35 0.35 1.2 1
0 1.344186053707103 3.141592653589793 0.35 0.35 1.2 1
0 -3.141592653589793 0.058559011592825394 0.35 0.35 1.2 1
0 0.5740891433607151 0.1829468342836824 0.35 0.35 1.2 1
0 2.3671256292365306 1.0575029899014852 0.35 0.35 1.2 1
0 -0.8859923217548658 -0.8699515334470652 0.35 0.35 1.2 1
0 -1.8006099324637383 -2.1325147121926973 0.35 0.35 1.2 1
0 -1.8851563529164184 2.4026808117724974 0.35 0.35 1.2 1
0 -0.9110514953192086 -3.141592653589793 0.35 0.35 1.2 1
0 -0.8671899258097185 0.5618428644015054 0.35 0.35 1.2 1
0 -2.157987597046752 1.9460031818521975 0.35 0.35 1.2 1
0 1.9722077114752663 2.1130930469693396 0.35 0.35 1.2 1
0 -0.5926322867777257 -0.5158638771799848 0.35 0.35 1.2 1
0 -0.8178598881102194 -0.0741330468793705 0.35 0.35 1.2 1
0 -1.6814208249554197 0.034055432242839245 0.35 0.35 1.2 1
0 -1.0485892828626169 -0.4360192385970043 0.35 0.35 1.2 1
0 -1.5204249314381806 -1.2239028408443664 0.35 0.35 1.2 1
0 3.1221433470534143 2.672079055190928 0.35 0.35 1.2 1
0 -0.5276736423569095 -2.1511343108466243 0.35 0.35 1.2 1
0 -1.6783004087933355 1.88751350758595 0.35 0.35 1.2 1
0 -1.968309324226404 1.6521694048322135 0.35 0.35 1.2 1
0 -0.319060460720837 -0.5242975930253311 0.35 0.35 1.2 1
0 -0.5043425118300958 0.35598734513426866 0.35 0.35 1.2 1
0 0.8469948586063745 1.0572649157649463 0.35 0.35 1.2 1
0 -0.3591545019165587 0.8345684797536141 0.35 0.35 1.2 1
0 -0.1830286581820093 1.4146614585922748 0.35 0.35 1.2 1
0 -1.610259835155242 2.011734432252741 0.35 0.35 1.2 1
0 0.6778478638333765 1.6195798283941363 0.35 0.35 1.2 1
0 -0.18962521717110686 -1.584245560382623 0.35 0.35 1.2 1
0 -1.4045488582636259 -2.5978060105731116 0.35 0.35 1.2 1
0 0.622110355350499 2.1444646943377963 0.35 0.35 1.2 1
0 2.240257259923506 -0.41197198037454674 0.35 0.35 1.2 1
0 1.3818188634378492 1.1634225212308074 0.35 0.35 1.2 1
0 -0.4842076711552533 0.6068288175197798 0.35 0.35 1.2 1
0 -0.5015634901345569 2.0935220215598687 0.35 0.35 1.2 1
0 -1.0188239449788878 -1.8489818904013 0.35 0.35 1.2 1
0 1.8332931061818232 2.4804556581910244 0.35 0.35 1.2 1
0 -0.5785691440107499 2.472410680916846 0.35 0.35 1.2 1
0 -0.40623831980203673 2.003226122553967 0.35 0.35 1.2 1
0 -1.0340329387911884 -2.154153977429584 0.35 0.35 1.2 1
0 -0.84282275787678 -0.0941998646833786 0.35 0.35 1.2 1
0 0.6885505359911681 0.5757745126362874 0.35 0.35 1.2 1
0 2.0512078907384588 0.246716477231278 0.35 0.35 1.2 1
0 -1.6823442299299025 0.9706890849853387 0.35 0.35 1.2 1
0 -3.141592653589793 -2.3402728349631463 0.35 0.35 1.2 1
0 1.9570004874703388 1.601632356850223 0.35 0.35 1.2 1
0 0.8320616876013142 -0.2065610991082509 0.35 0.35 1.2 1
0 -1.2496867846107236 -1.6685322415947605 0.35 0.35 1.2 1
0 -1.9276410239745372 0.14024462805452748 0.35 0.35 1.2 1
0 -0.7637877498263217 3.141592653589793 0.35 0.35 1.2 1
0 1.6122040511363862 -1.0002785576053146 0.35 0.35 1.2 1
0 2.6117263501556303 0.4098665959798918 0.35 0.35 1.2 1
0 1.249516165488363 -1.9794805214546578 0.35 0.35 1.2 1
0 0.9630441925326508 3.141592653589793 0.35 0.35 1.2 1
0 -2.6557743748267595 1.443449812456398 0.35 0.35 1.2 1
0 -1.6973910718179235 1.3475261268108518 0.35 0.35 1.2 1
0 0.026796860189981217 -0.3913189636251182 0.35 0.35 1.2 1
0 -1.2974116117113015 1.092913220355429 0.35 0.35 1.2 1
0 2.2175049852842843 1.1394301719237945 0.35 0.35 1.2 1
0 -1.2156362153587161 1.4776013661172664 0.35 0.35 1.2 1
0 -2.7190473236024215 0.17992859598887967 0.35 0.35 1.2 1
0 -1.1375979184668519 -1.5849675862152994 0.35 0.35 1.2 1
0 -2.8986036036518827 0.73363654930543 0.35 0.35 1.2 1
0 -2.6606507812534668 -1.4273807290296054 0.35 0.35 1.2 1
0 -1.4200030768011753 -2.8523085211826342 0.35 0.35 1.2 1
0 1.8011338040182294 0.3709484457714356 0.35 0.35 1.2 1
0 0.13584001483889763 3.141592653589793 0.35 0.35 1.2 1
0 -3.141592653589793 -2.100342487364765 0.35 0.35 1.2 1
0 -1.5939787753462116 -0.36950425620706295 0.35 0.35 1.2 1
0 -0.6632547565596757 1.1566058655875242 0.35 0.35 1.2 1
0 -1.850112960864137 -1.2397210562239003 0.35 0.35 1.2 1
0 -0.44996164318670284 -0.7469413075989327 0.35 0.35 1.2 1
0 0.8374756583975935 -2.286808929172679 0.35 0.35 1.2 1
0 1.0723828437507343 1.3763583352464888 0.35 0.35 1.2 1
0 0.4167996807729796 2.660990860706077 0.35 0.35 1.2 1
0 2.2575000769764766 2.9859375436897926 0.35 0.35 1.2 1
0 2.726738949251966 1.829497619959506 0.35 0.35 1.2 1
0 -1.1290331313964297 -2.6499825362882072 0.35 0.35 1.2 1
0 -1.5820450251935598 1.9577251145482393 0.35 0.35 1.2 1
0 -2.4776150397083017 0.9572241720988548 0.35 0.35 1.2 1
0 -1.9056684486517899 -2.4395709685415925 0.35 0.35 1.2 1
0 -3.141592653589793 1.7902973623505831 0.35 0.35 1.2 1
0 0.7201492311705264 0.450608920547615 0.35 0.35 1.2 1
0 -0.017436962917677157 2.54060638764408 0.35 0.35 1.2 1
0 0.9401008910709828 -1.6101365631332092 0.35 0.35 1.2 1
0 0.6954384526685121 -2.080444282547872 0.35 0.35 1.2 1
0 2.1582173760650214 2.0128006700160697 0.35 0.35 1.2 1
0 -1.698831160216955 1.4343892163319776 0.35 0.35 1.2 1
0 1.9179982044503359 0.7635466837668672 0.35 0.35 1.2 1
0 -1.1889892063472414 0.7986724797830032 0.35 0.35 1.2 1
0 0.4459434274821359 -0.16268747776155215 0.35 0.35 1.2 1
0 0.47855143844417447 0.2578343763010471 0.35 0.35 1.2 1
0 -0.8744796076151384 -0.8111925394215813 0.35 0.35 1.2 1
0 -3.024047238823595 -0.5123970826451163 0.35 0.35 1.2 1
0 -0.44113405703767883 3.141592653589793 0.35 0.35 1.2 1
0 1.6356918612476004 -3.0705010854345103 0.35 0.35 1.2 1
0 0.8730356574461405 -1.3480456138649959 0.35 0.35 1.2 1
0 -0.755410081077295 1.7982669112085512 0.35 0.35 1.2 1
0 2.0927918717013796 1.1700375063716724 0.35 0.35 1.2 1
0 -2.1313687887454638 -0.8384502642721721 0.35 0.35 1.2 1
0 1.3475366543436924 -1.1647948472703833 0.35 0.35 1.2 1
0 -0.3292609566000543 0.17804030725243858 0.35 0.35 1.2 1
0 -1.2408640963761883 -0.1011486025660408 0.35 0.35 1.2 1
0 0.5067003377605902 -0.1894953336998273 0.35 0.35 1.2 1
0 0.4737108169195069 0.5096645026281588 0.35 0.35 1.2 1
0 -1.269717448025332 1.465651302409149 0.35 0.35 1.2 1
0 -0.8718567911990964 2.6886394682311927 0.35 0.35 1.2 1
0 1.0568675732978783 -0.6757350772219414 0.35 0.35 1.2 1
0 0.7607809039270945 -1.3419674274883535 0.35 0.35 1.2 1
0 2.870514999173796 1.5568247462162181 0.35 0.35 1.2 1
0 -0.9165512734301902 0.6050221947682244 0.35 0.35 1.2 1
0 -0.6357283827268418 -2.404699675580452 0.35 0.35 1.2 1
0 1.964697143287517 1.7172274776803826 0.35 0.35 1.2 1
0 0.25455497204176325 2.2965618833200163 0.35 0.35 1.2 1
0 -0.46276842916748295 0.3355173587254989 0.35 0.35 1.2 1
0 1.5720964942102753 -2.097929167381799 0.35 0.35 1.2 1
0 -1.865788323471814 1.5223345784223319 0.35 0.35 1.2 1
0 -2.319928688040033 -2.616319194170274 0.35 0.35 1.2 1
0 -2.7472748492831816 2.0961007254984914 0.35 0.35 1.2 1
0 -1.8399865294589675 -2.8108448828702306 0.35 0.35 1.2 1
0 -2.3908090152940984 -3.141592653589793 0.35 0.35 1.2 1
0 -2.8353774851729145 1.5078402145668441 0.35 0.35 1.2 1
0 1.2078741358055902 0.6547671658987461 0.35 0.35 1.2 1
0 2.2114087288393063 0.17445213972240084 0.35 0.35 1.2 1
0 -0.6265772187110512 0.05008605438653391 0.35 0.35 1.2 1
0 -1.531408735055188 0.44432554679284153 0.35 0.35 1.2 1
0 -0.4263628997484066 -1.234587079472031 0.35 0.35 1.2 1
0 0.27116096625122366 0.6506446993017618 0.35 0.35 1.2 1
0 0.7089907357942797 -2.7078837944633936 0.35 0.35 1.2 1
0 1.6116077242331177 1.9596298399682428 0.35 0.35 1.2 1
0 -2.8689286056477457 -1.7352152298488404 0.35 0.35 1.2 1
0 1.4287895237326436 1.6449433991676958 0.35 0.35 1.2 1
0 -1.7750904730646688 0.46545254980293704 0.35 0.35 1.2 1
0 2.5115568515278355 0.7045113175455612 0.35 0.35 1.2 1
0 -2.5868071549528246 -0.3556921741685999 0.35 0.35 1.2 1
0 -1.1645919316139746 0.3265738614995505 0.35 0.35 1.2 1
0 -0.5505748756008791 1.1018408169140022 0.35 0.35 1.2 1
0 -2.9441195652818313 -1.9777209270219815 0.35 0.35 1.2 1
0 0.0778821250837205 1.107739401994611 0.35 0.35 1.2 1
0 -2.2025423053988162 0.7539671111659291 0.35 0.35 1.2 1
0 -0.3028136322257381 1.3458810566502915 0.35 0.35 1.2 1
0 0.6923639137817059 3.050412626469574 0.35 0.35 1.2 1
0 0.46757785799530294 2.8877934057785044 0.35 0.35 1.2 1
0 0.13319868088679532 -0.5708368717700243 0.35 0.35 1.2 1
0 2.1218813833397108 0.42092856455748906 0.35 0.35 1.2 1
0 0.20884125571460355 -1.5373085350857585 0.35 0.35 1.2 1
0 -1.0076231751008575 0.8565793212577713 0.35 0.35 1.2 1
0 1.4721164160701163 1.9650160720606242 0.35 0.35 1.2 1
0 -1.1295604697747283 0.5948466009766568 0.35 0.35 1.2 1
0 0.9946858849328706 1.216003383430827 0.35 0.35 1.2 1
0 -1.2937359275686142 -0.43838215346457343 0.35 0.35 1.2 1
0 -1.078023393185794 1.294824984847079 0.35 0.35 1.2 1
0 0.9061335153421736 -1.3450440457497275 0.35 0.35 1.2 1
0 -2.0979474094366894 2.47234311571289 0.35 0.35 1.2 1
0 0.7341631743220953 1.83017739358408 0.35 0.35 1.2 1
0 -0.45903357979066106 1.1944055034676406 0.35 0.35 1.2 1
0 -1.936052025954867 3.141592653589793 0.35 0.35 1.2 1
0 0.6199648817015198 1.5803591500965712 0.35 0.35 1.2 1
0 -2.202006926275091 0.02106712692132573 0.35 0.35 1.2 1
0 -0.419324522292835 -0.5229407129103538 0.35 0.35 1.2 1
0 -0.11715900292414072 2.9325360185810805 0.35 0.35 1.2 1
0 0.05160142980024052 3.141592653589793 0.35 0.35 1.2 1
0 -1.5985598624318667 1.1075549117663586 0.35 0.35 1.2 1
0 -1.4098000361803202 -0.49780943354685236 0.35 0.35 1.2 1
0 0.6417974305849448 -2.0929795824935824 0.35 0.35 1.2 1
0 1.8526439748363572 -1.0749453426237268 0.35 0.35 1.2 1
0 -1.2445420628701223 3.1276407744114003 0.35 0.35 1.2 1
0 1.241219910859747 -0.5509486279515845 0.35 0.35 1.2 1
0 -1.2564631750006816 -1.9716981797661117 0.35 0.35 1.2 1
0 -0.16108631253580064 -0.5260025121440448 0.35 0.35 1.2 1
0 0.5582243220166266 0.5633329643301708 0.35 0.35 1.2 1
0 0.32319011938379894 0.0974822888283901 0.35 0.35 1.2 1
0 -1.2469444871066682 -1.1948301973589182 0.35 0.35 1.2 1
0 0.11998401203308445 2.0016266702022047 0.35 0.35 1.2 1
0 -0.22793059598956805 -0.6370373626933239 0.35 0.35 1.2 1
0 -2.3733717791471727 2.54194455963906 0.35 0.35 1.2 1
0 -0.8062963877367385 1.5607987543409338 0.35 0.35 1.2 1
0 0.7102935906057095 0.8352790539197207 0.35 0.35 1.2 1
0 -0.1362913506420741 1.2768261407715022 0.35 0.35 1.2 1
0 0.6466526574965756 -2.3851882005004246 0.35 0.35 1.2 1
0 -1.1839805372870633 0.46657252369498114 0.35 0.35 1.2 1
0 -0.7376933862482478 -0.6559796044657286 0.35 0.35 1.2 1
0 -0.5330939104687962 1.904582099623717 0.35 0.35 1.2 1
0 -0.22551264853757746 2.2107419790944784 0.35 0.35 1.2 1
0 -3.141592653589793 2.212366425767188 0.35 0.35 1.2 1
0 0.17691826137883598 -1.049552021260849 0.35 0.35 1.2 1
0 -3.141592653589793 1.484906615695787 0.35 0.35 1.2 1
0 -1.069608772618947 -2.415836535899176 0.35 0.35 1.2 1
0 1.0442768914196616 1.8727577222682847 0.35 0.35 1.2 1
0 1.4190136622049634 1.1071788211282771 0.35 0.35 1.2 1
0 -2.546339430648837 -0.1022868985245578 0.35 0.35 1.2 1
0 -1.5423973150136618 0.9311445093517645 0.35 0.35 1.2 1
0 -0.10471669703732561 2.306827520192614 0.35 0.35 1.2 1
0 -1.5064254747044588 0.5602177109512676 0.35 0.35 1.2 1
0 -0.6745380673929967 0.8703157412644134 0.35 0.35 1.2 1
0 0.522375660193223 1.2464928047877 0.35 0.35 1.2 1
0 0.06150790913376844 -0.3359604498666941 0.35 0.35 1.2 1
0 -2.0296244162093062 1.1884840882534766 0.35 0.35 1.2 1
0 1.2132146477151773 1.5733118978322738 0.35 0.35 1.2 1
0 -0.5543582567570553 2.0467156278860568 0.35 0.35 1.2 1
0 0.42386504746825854 -0.7929907766041968 0.35 0.35 1.2 1
0 1.2034906102425778 -0.7711327603441229 0.35 0.35 1.2 1
0 -1.0494564294844415 2.2107090037412225 0.35 0.35 1.2 1
0 2.5433497902350597 2.1288577408451186 0.35 0.35 1.2 1
0 0.5598309922824624 0.5360814388586138 0.35 0.35 1.2 1
0 -0.21322070195574694 -2.6873223354519538 0.35 0.35 1.2 1
0 -1.1191683982929728 -1.3185482139132538 0.35 0.35 1.2 1
0 -2.4466075578603625 -1.9892811967388446 0.35 0.35 1.2 1
0 -2.987061644652128 1.9542950129376644 0.35 0.35 1.2 1
0 0.12381664562182623 1.0900073073718464 0.35 0.35 1.2 1
0 1.9825196420114986 2.455115679522012 0.35 0.35 1.2 1
0 -0.6722286880826124 -0.5645761948123719 0.35 0.35 1.2 1
0 -0.4436636355246084 2.106802765277801 0.35 0.35 1.2 1
0 -0.8260873404217652 1.0852336656837698 0.35 0.35 1.2 1
0 -2.4332081608929457 -0.38429327776320676 0.35 0.35 1.2 1
0 -1.058187939403683 0.7283810075710133 0.35 0.35 1.2 1
0 -3.141592653589793 1.315251529449888 0.35 0.35 1.2 1
0 -2.3599229263638044 0.3542025568604671 0.35 0.35 1.2 1
0 1.2135279138063673 0.725676405963676 0.35 0.35 1.2 1
0 -0.0054877424728071444 -0.17339358775401253 0.35 0.35 1.2 1
0 -1.642945704018627 0.08694088238659625 0.35 0.35 1.2 1
0 1.5748812452796748 1.6085988105598004 0.35 0.35 1.2 1
0 1.600646107556802 2.5251672512020007 0.35 0.35 1.2 1
0 1.618286047153609 0.34935605543084436 0.35 0.35 1.2 1
0 -2.0387653585427175 1.2904025866271636 0.35 0.35 1.2 1
0 -1.919661251583786 0.20445051508193995 0.35 0.35 1.2 1
0 -2.2427261170623356 -1.774636607552122 0.35 0.35 1.2 1
0 -0.5110272810839376 -1.7204646149375629 0.35 0.35 1.2 1
0 1.2848703026712458 1.2747956877000706 0.35 0.35 1.2 1
0 -0.36805892773603377 -1.0821553104219244 0.35 0.35 1.2 1
0 -0.331603020129417 -2.022426596192004 0.35 0.35 1.2 1
0 -1.0704637784867863 -2.9852984029347716 0.35 0.35 1.2 1
0 0.27765614755032764 2.636487948334037 0.35 0.35 1.2 1
0 1.150199064668524 2.6907842627629455 0.35 0.35 1.2 1
0 0.4248948740634413 0.7208230855940493 0.35 0.35 1.2 1
0 -0.2215948791467084 -0.4980953811048275 0.35 0.35 1.2 1
0 2.951395224483121 -3.141592653589793 0.35 0.35 1.2 1
0 -1.587640305054388 0.6230604720049528 0.35 0.35 1.2 1
0 0.5692880129203496 2.26989593361936 0.35 0.35 1.2 1
0 1.2424876359732147 -1.3636519497985546 0.35 0.35 1.2 1
0 3.141592653589793 1.463590826407085 0.35 0.35 1.2 1
0 1.3698328932872785 1.0164851436506972 0.35 0.35 1.2 1
0 -0.6695541426790901 0.31358794232284726 0.35 0.35 1.2 1
0 0.17417696221872947 1.8915734415089442 0.35 0.35 1.2 1
0 -1.5994163446386553 -3.070722840627226 0.35 0.35 1.2 1
0 0.29840300991356616 -0.5461014273761164 0.35 0.35 1.2 1
0 1.1338896147808606 1.0403798356812137 0.35 0.35 1.2 1
0 2.3164148168560756 1.6082978235471455 0.35 0.35 1.2 1
0 3.141592653589793 -0.5028705101267281 0.35 0.35 1.2 1
0 -0.14865647555916128 -3.141592653589793 0.35 0.35 1.2 1
0 -1.3554102070857112 2.5688782373969046 0.35 0.35 1.2 1
0 -3.141592653589793 -1.7833412099586337 0.35 0.35 1.2 1
0 -0.5978026930612556 -1.0031755325790086 0.35 0.35 1.2 1
0 -0.7425932447912797 1.1851995754147493 0.35 0.35 1.2 1
0 0.20892896024781926 2.5913479369427783 0.35 0.35 1.2 1
0 -2.5163188936662593 3.141592653589793 0.35 0.35 1.2 1
0 1.7811471108785693 1.7830299182418787 0.35 0.35 1.2 1
0 -1.5767612092565904 0.033267307001549534 0.35 0.35 1.2 1
0 -1.5068919763935584 0.221573369786785 0.35 0.35 1.2 1
0 -0.5736466202753565 0.698454401860358 0.35 0.35 1.2 1
0 -1.4725427489099512 1.1624459911687977 0.35 0.35 1.2 1
0 0.576059162323683 1.0699408839396227 0.35 0.35 1.2 1
0 1.1231291089661593 0.40516410417865956 0.35 0.35 1.2 1
0 -0.9349098812503833 2.222835761809982 0.35 0.35 1.2 1
0 0.64470179027689 -0.017224669581286545 0.35 0.35 1.2 1
0 0.057099233342833566 -2.5435397459149502 0.35 0.35 1.2 1
0 -0.7474891381996249 1.7980407209269127 0.35 0.35 1.2 1
0 -2.121391171430599 0.6128587666952588 0.35 0.35 1.2 1
0 -2.189804562497491 -1.2763897709627772 0.35 0.35 1.2 1
0 2.1176342270600843 3.0055482791578827 0.35 0.35 1.2 1
0 3.141592653589793 -0.3643331376405608 0.35 0.35 1.2 1
0 -1.6118698757089283 0.7903048692097647 0.35 0.35 1.2 1
0 0.5932872107393812 -2.5963393012675553 0.35 0.35 1.2 1
0 -0.5602566961385006 2.300778128025057 0.35 0.35 1.2 1
0 -3.141592653589793 -0.47726936619210847 0.35 0.35 1.2 1
0 -2.8204711224423216 -1.7700226129890853 0.35 0.35 1.2 1
0 -0.7699477675145088 -2.5485900289841776 0.35 0.35 1.2 1
0 -1.0672667423024949 2.3576295636120284 0.35 0.35 1.2 1
0 -0.4339336676831297 1.361685852502481 0.35 0.35 1.2 1
0 -2.43972232933025 -1.4962043185225096 0.35 0.35 1.2 1
0 -1.4356630256326586 2.9737444268051516 0.35 0.35 1.2 1
0 -2.095475331617158 1.72310022197688 0.35 0.35 1.2 1
0 -3.141592653589793 0.46480182358021593 0.35 0.35 1.2 1
0 1.6153545006939423 2.001834870482186 0.35 0.35 1.2 1
0 1.6203416656949245 -1.17529860907952 0.35 0.35 1.2 1
0 1.6641484062971528 -0.8087569993991476 0.35 0.35 1.2 1
0 0.5339632434463155 0.8795924932214606 0.35 0.35 1.2 1
0 0.8789621424996441 3.141592653589793 0.35 0.35 1.2 1
0 -0.4683330880240657 2.1567013501419434 0.35 0.35 1.2 1
0 1.9005817172474178 1.40236421903869 0.35 0.35 1.2 1
0 3.0984851138211438 0.17062958021872282 0.35 0.35 1.2 1
0 -0.2206177422198808 -0.16824929380041853 0.35 0.35 1.2 1
0 0.031146202502713327 -0.27718584292946075 0.35 0.35 1.2 1
0 -0.36412578409089846 0.6287056012654746 0.35 0.35 1.2 1
0 0.9113688245732368 0.8582734309159717 0.35 0.35 1.2 1
0 1.9791824518974517 1.1799388124103873 0.35 0.35 1.2 1
0 -1.5892474830421186 -1.685922058485772 0.35 0.35 1.2 1
0 0.012858087385073436 0.4252829207874109 0.35 0.35 1.2 1
0 -1.8242734345565546 -0.4842878496837232 0.35 0.35 1.2 1
0 0.6440722647615502 0.22503367735407576 0.35 0.35 1.2 1
0 0.30124320272055294 -0.37312150787759013 0.35 0.35 1.2 1
0 0.7916014406270944 0.2141024662651102 0.35 0.35 1.2 1
0 2.634401423162811 -0.18839592829961127 0.35 0.35 1.2 1
0 -2.484483512283555 -2.7377406826662525 0.35 0.35 1.2 1
0 -1.300132327800446 2.146578074208327 0.35 0.35 1.2 1
0 0.11644984614396092 -1.179002430888723 0.35 0.35 1.2 1
0 1.0009531564837475 2.876012519365557 0.35 0.35 1.2 1
0 -3.141592653589793 1.1478704954397636 0.35 0.35 1.2 1
0 1.590840719414141 2.493623354373522 0.35 0.35 1.2 1
0 -1.0235632494622842 1.183086860816526 0.35 0.35 1.2 1
0 -1.694705217488754 0.7197673330339818 0.35 0.35 1.2 1
0 0.39068526487565913 0.22804509994450994 0.35 0.35 1.2 1
0 -3.141592653589793 -0.07137299828616106 0.35 0.35 1.2 1
0 -0.25445083194288554 -0.2711324209739414 0.35 0.35 1.2 1
0 1.3777908931106058 -0.4492796319267378 0.35 0.35 1.2 1
0 -0.12685838147977302 2.576455935958041 0.35 0.35 1.2 1
0 0.14265201366299718 1.6108782404542215 0.35 0.35 1.2 1
0 -2.656627499450618 3.141592653589793 0.35 0.35 1.2 1
0 -2.021084389230287 -0.0711033491406019 0.35 0.35 1.2 1
0 -1.0601659459774273 3.023804247615189 0.35 0.35 1.2 1
0 -1.1028780556267364 2.809233816475689 0.35 0.35 1.2 1
0 -3.141592653589793 0.6688942242445891 0.35 0.35 1.2 1
0 1.3264912043879802 1.0014610145749567 0.35 0.35 1.2 1
0 -0.6347475454196355 1.1156384117975082 0.35 0.35 1.2 1
0 0.4357742191702504 2.0251436531237457 0.35 0.35 1.2 1
0 0.709660157288056 0.23567371817648264 0.35 0.35 1.2 1
0 -1.0644130645342664 -0.9249481967485609 0.35 0.35 1.2 1
0 -3.141592653589793 -2.312510704948037 0.35 0.35 1.2 1
0 0.299440158048774 0.4951797752876351 0.35 0.35 1.2 1
0 1.6783850468194759 0.674623804528762 0.35 0.35 1.2 1
0 -2.086271325288247 -1.8044992716424382 0.35 0.35 1.2 1
0 -1.2868677803693833 -1.5211812103506852 0.35 0.35 1.2 1
0 -2.787728768748521 0.2286468431674441 0.35 0.35 1.2 1
0 0.9214529687582516 -0.03168453154178169 0.35 0.35 1.2 1
0 -3.141592653589793 0.3243972097570152 0.35 0.35 1.2 1
0 0.46877132394768184 -0.36710265981244405 0.35 0.35 1.2 1
0 -1.9760139848192795 -1.0786140403702555 0.35 0.35 1.2 1
0 -0.8175211675661093 1.8833466035919277 0.35 0.35 1.2 1
0 -3.141592653589793 -3.141592653589793 0.35 0.35 1.2 1
0 -0.15136874019268876 0.8043277130722781 0.35 0.35 1.2 1
0 1.0727772332742367 0.7665260037114615 0.35 0.35 1.2 1
0 1.4263428950994341 -0.03541445339936056 0.35 0.35 1.2 1
0 -3.141592653589793 2.0965883426599174 0.35 0.35 1.2 1
0 -3.141592653589793 0.262681644329836 0.35 0.35 1.2 1
0 0.48338107010197345 0.7907440836222601 0.35 0.35 1.2 1
0 -1.272844817882722 1.3172500116933346 0.35 0.35 1.2 1
0 -0.6506358291434661 2.9977825862234875 0.35 0.35 1.2 1
0 2.48561855065824 -0.2169149886781433 0.35 0.35 1.2 1
0 -1.6483279924188836 2.737731505680413 0.35 0.35 1.2 1
0 0.05906431650127297 1.7947945178954512 0.35 0.35 1.2 1
0 0.6085533010015904 0.3397418673570929 0.35 0.35 1.2 1
0 -1.7047556637706642 0.9596848010218968 0.35 0.35 1.2 1
0 0.3885445178893499 -0.6113625298070241 0.35 0.35 1.2 1
0 -2.8170879712491996 2.8141489290067847 0.35 0.35 1.2 1
0 0.8207169302885208 1.185049191044854 0.35 0.35 1.2 1
0 -3.1365271248745064 -1.716251575269214 0.35 0.35 1.2 1
0 0.8231804378592148 1.1350050377144385 0.35 0.35 1.2 1
0 2.210787911611298 0.14684644942471903 0.35 0.35 1.2 1
0 0.5845947405988015 2.62907811642762 0.35 0.35 1.2 1
0 2.010181817856546 0.006082601982944746 0.35 0.35 1.2 1
0 -0.6845648388380857 2.7170836331102515 0.35 0.35 1.2 1
0 -1.24056836473807 -0.4995382520104725 0.35 0.35 1.2 1
0 -0.05205170164025086 2.3671183566456855 0.35 0.35 1.2 1
0 -1.1780745255975917 0.22697341874613375 0.35 0.35 1.2 1
0 -0.8142140797502444 0.25058681809211336 0.35 0.35 1.2 1
0 1.1091202593386622 -1.1759843400916485 0.35 0.35 1.2 1
0 -1.108887411357297 -0.9926113518010079 0.35 0.35 1.2 1
0 -1.272974063331106 -0.9672121879353248 0.35 0.35 1.2 1
0 -1.9356394944359736 -2.5110788185071775 0.35 0.35 1.2 1
0 -0.8007223914553654 1.550459194281227 0.35 0.35 1.2 1
0 0.1469944185828044 3.050494194717593 0.35 0.35 1.2 1
0 -0.527433092664024 -1.1298154494652368 0.35 0.35 1.2 1
0 -2.1450048150199788 0.7152564801994621 0.35 0.35 1.2 1
0 -0.8607941986305194 -0.3221515788043246 0.35 0.35 1.2 1
0 0.028636156993705253 -1.5091493582318203 0.35 0.35 1.2 1
0 -0.733654456003197 1.245326980732007 0.35 0.35 1.2 1
0 -1.885679342504074 3.141592653589793 0.35 0.35 1.2 1
0 2.5752967058882286 0.4485065790167972 0.35 0.35 1.2 1
0 -2.3636765058465343 -0.5494489896738082 0.35 0.35 1.2 1
0 1.139381744392233 1.0058095677857821 0.35 0.35 1.2 1
0 2.470735462405496 1.1281211193153413 0.35 0.35 1.2 1
0 -0.016505548715978133 0.8716540542185571 0.35 0.35 1.2 1
0 -1.8322592447948547 -0.967524322228174 0.35 0.35 1.2 1
0 0.2372954232950112 -1.8641464908734457 0.35 0.35 1.2 1
0 -1.9743704483839744 0.3799162572739525 0.35 0.35 1.2 1
0 -1.1208198065501325 2.7600270684172084 0.35 0.35 1.2 1
0 1.4618952535289877 -2.5304629551326223 0.35 0.35 1.2 1
0 1.6919148998206137 0.806465194080318 0.35 0.35 1.2 1
0 -1.6162336335401017 3.030004074890403 0.35 0.35 1.2 1
