#! FIELDS time phi psi sigma_phi sigma_psi height biasf
                        #! SET multivariate false
                        #! SET kerneltype stretched-gaussian
                        #! SET min_phi -pi
                        #! SET max_phi pi
                        #! SET min_psi -pi
                        #! SET max_psi pi
0 -2.816322007333765 1.951316650297821 0.35 0.35 1.2 1
0 2.2972647613019213 -0.03297638886888432 0.35 0.35 1.2 1
0 1.1975639257534025 0.2812610464341669 0.35 0.35 1.2 1
0 -2.6081366454433494 -0.6094128305568622 0.35 0.35 1.2 1
0 0.7609282217886058 1.4842358906578652 0.35 0.35 1.2 1
0 -1.9455398948659668 -2.8202796889408734 0.35 0.35 1.2 1
0 0.9787768819786448 1.6659455945179944 0.35 0.35 1.2 1
0 -1.5164923127327354 0.5235454319510969 0.35 0.35 1.2 1
0 -1.3630750960975562 -1.8635747561088791 0.35 0.35 1.2 1
0 -0.3252839565937329 -1.1294165450432327 0.35 0.35 1.2 1
0 -1.4237561239984995 1.7906317383235573 0.35 0.35 1.2 1
0 -1.5495147084267147 -0.4321206754412091 0.35 0.35 1.2 1
0 -0.9779395837728484 -2.1080035358167812 0.35 0.35 1.2 1
0 -0.7905531501395082 -2.285331276357626 0.35 0.35 1.2 1
0 2.6862128479977705 2.6184878281076296 0.35 0.35 1.2 1
0 -0.2567762474801115 0.9072398195207125 0.35 0.35 1.2 1
0 0.4499105275128068 -0.04513256040017688 0.35 0.35 1.2 1
0 1.0181898812611627 0.6704831061276277 0.35 0.35 1.2 1
0 -2.4067595636469914 -2.3224929046514298 0.35 0.35 1.2 1
0 -0.17809715177575147 -0.33234034193273126 0.35 0.35 1.2 1
0 0.8162258460936649 -0.2764030542611542 0.35 0.35 1.2 1
0 0.6243666953189728 0.4831939982821495 0.35 0.35 1.2 1
0 0.46088219517852547 1.0570559352935789 0.35 0.35 1.2 1
0 -1.6130923947684446 -3.1266361755910026 0.35 0.35 1.2 1
0 -2.6083122296954233 -2.1592766749457533 0.35 0.35 1.2 1
0 0.22806937445596032 3.141592653589793 0.35 0.35 1.2 1
0 -1.551417918413748 3.141592653589793 0.35 0.35 1.2 1
0 0.8837845980038599 1.1703042863910413 0.35 0.35 1.2 1
0 -1.5248453060242615 1.1976515465927857 0.35 0.35 1.2 1
0 0.03815453175723765 2.465253501361907 0.35 0.35 1.2 1
0 -1.495624978310352 -0.7888517011384956 0.35 0.35 1.2 1
0 0.17271457532589457 3.141592653589793 0.35 0.35 1.2 1
0 -1.294941190657478 1.9381196974649788 0.35 0.35 1.2 1
0 -0.9413249087534579 1.6371670490127797 0.35 0.35 1.2 1
0 1.6967963122646648 2.2208643173560496 0.35 0.35 1.2 1
0 -1.436066285400892 0.5336920375010391 0.35 0.35 1.2 1
0 -2.961266837862202 -1.929788319900842 0.35 0.35 1.2 1
0 -1.803496586829066 -0.5275485479467092 0.35 0.35 1.2 1
0 3.141592653589793 0.7622681287731321 0.35 0.35 1.2 1
0 -2.1738884426411387 0.37826468096790045 0.35 0.35 1.2 1
0 -0.07638859033450385 2.5347549419681052 0.35 0.35 1.2 1
0 -1.9189350581012068 1.7607966944965339 0.35 0.35 1.2 1
0 -0.60419761345977 2.825581146320177 0.35 0.35 1.2 1
0 0.7997544125665399 -1.6787563228746731 0.35 0.35 1.2 1
0 -1.6425369301013524 3.141592653589793 0.35 0.35 1.2 1
0 -3.141592653589793 1.9549344798050958 0.35 0.35 1.2 1
0 -1.7754564862757602 0.8549953328474872 0.35 0.35 1.2 1
0 0.1026504446687595 -2.710233878371123 0.35 0.35 1.2 1
0 -0.5517968413587284 1.8815795805623374 0.35 0.35 1.2 1
0 1.225213006159359 -2.622506344305455 0.35 0.35 1.2 1
0 0.0884371149027865 0.4079975514692913 0.35 0.35 1.2 1
0 -0.004411108035694555 -1.3636715166855513 0.35 0.35 1.2 1
0 -0.715212450353786 -2.3693578451903488 0.35 0.35 1.2 1
0 -0.3211766716563429 2.647091787295751 0.35 0.35 1.2 1
0 -1.84001248595467 0.2359812074396087 0.35 0.35 1.2 1
0 -1.6565132855458886 -0.9801927734664855 0.35 0.35 1.2 1
0 -1.6838505773279686 0.3525210513031941 0.35 0.35 1.2 1
0 -1.0340605783031185 2.5162714024183206 0.35 0.35 1.2 1
0 -1.703800954124857 2.5996423671683218 0.35 0.35 1.2 1
0 -2.9200975386498094 -0.6524119132080484 0.35 0.35 1.2 1
0 3.141592653589793 1.5772920970710895 0.35 0.35 1.2 1
0 -0.14945412726461946 -2.6645039288503907 0.35 0.35 1.2 1
0 0.00585646477586714 1.6887187170059126 0.35 0.35 1.2 1
0 0.23966705288795553 2.7088185191221226 0.35 0.35 1.2 1
0 -0.29133463782617164 0.3142237401217138 0.35 0.35 1.2 1
0 -0.9890694227872288 3.141592653589793 0.35 0.35 1.2 1
0 0.0511477665800385 1.681305156226994 0.35 0.35 1.2 1
0 0.8728250834053869 0.7345187153106456 0.35 0.35 1.2 1
0 -2.552779269919611 1.9556850734293252 0.35 0.35 1.2 1
0 1.0657952048021593 -3.141592653589793 0.35 0.35 1.2 1
0 0.4178540263488749 0.42970899801054796 0.35 0.35 1.2 1
0 0.9723489601359545 -1.2177068606310557 0.35 0.35 1.2 1
0 -1.590347108329756 -1.1831206186716148 0.35 0.35 1.2 1
0 1.5349809371721834 0.8804790632986492 0.35 0.35 1.2 1
0 -2.51192251790455 -0.37055964918321327 0.35 0.35 1.2 1
0 0.2647215930809698 1.1931124212522057 0.35 0.35 1.2 1
0 -0.8036800213973933 -2.358203245254722 0.35 0.35 1.2 1
0 1.0023832247115463 0.278106376030753 0.35 0.35 1.2 1
0 1.1008420101990621 1.6672812185928079 0.35 0.35 1.2 1
0 -3.141592653589793 -0.03992978982771911 0.35 0.35 1.2 1
0 1.968057860392711 0.11020176285250516 0.35 0.35 1.2 1
0 -3.141592653589793 -3.068221066405149 0.35 0.35 1.2 1
0 0.3325328211674097 -0.4305978327678517 0.35 0.35 1.2 1
0 -1.7063611160889267 2.9839435070010074 0.35 0.35 1.2 1
0 -0.9412913381442425 -0.21231475771949332 0.35 0.35 1.2 1
0 -1.5415472292108912 1.6907582573335822 0.35 0.35 1.2 1
0 -0.8324555236693187 -0.18114651215181052 0.35 0.35 1.2 1
0 -0.16147260205285519 0.48028471017748164 0.35 0.35 1.2 1
0 0.1625024604645357 -0.24866654357446816 0.35 0.35 1.2 1
0 -0.22200943447444038 1.4399720195038466 0.35 0.35 1.2 1
0 -1.7557886103039289 -0.32434135874685577 0.35 0.35 1.2 1
0 -0.9083011810778683 2.399535173624099 0.35 0.35 1.2 1
0 2.1550884354120683 0.42160988580634573 0.35 0.35 1.2 1
0 2.695187879354339 1.8990553448197296 0.35 0.35 1.2 1
0 -2.0801653186292284 1.523739001044926 0.35 0.35 1.2 1
0 0.5042760620358221 -2.0303237276096913 0.35 0.35 1.2 1
0 -0.6701972941501069 -3.0646180669964576 0.35 0.35 1.2 1
0 -1.4223573869966228 -2.6571793307530402 0.35 0.35 1.2 1
0 -1.3939729223441866 -1.8373806853705879 0.35 0.35 1.2 1
0 -0.8255534052858787 -0.060754069954206735 0.35 0.35 1.2 1
0 -0.18539284523163224 -0.17100102812819867 0.35 0.35 1.2 1
0 -1.4507345787969927 -0.1705698507461485 0.35 0.35 1.2 1
0 -0.9645337648051417 -0.5638124171010626 0.35 0.35 1.2 1
0 -1.4231196757530313 -0.08378089219227036 0.35 0.35 1.2 1
0 0.5731986880283315 1.1221712859598527 0.35 0.35 1.2 1
0 0.5308150522511051 -2.6092158860682906 0.35 0.35 1.2 1
0 -1.1898528559612007 -1.1981470925069253 0.35 0.35 1.2 1
0 -0.3698188434867703 -0.09433127520315598 0.35 0.35 1.2 1
0 -3.141592653589793 -0.5588874993827228 0.35 0.35 1.2 1
0 2.3944095276896085 -1.2032787919540062 0.35 0.35 1.2 1
0 0.41758868871712884 -0.029548651516341895 0.35 0.35 1.2 1
0 0.3020629293263273 -0.4507615335635964 0.35 0.35 1.2 1
0 -1.4261392509490856 3.141592653589793 0.35 0.35 1.2 1
0 -1.624715941169304 -1.8013827607729112 0.35 0.35 1.2 1
0 -2.4688499327952993 -1.3851525201114223 0.35 0.35 1.2 1
0 1.8562549895797482 0.3341799858329082 0.35 0.35 1.2 1
0 -2.6442832817062127 0.31552451434100204 0.35 0.35 1.2 1
0 -1.0910142289772322 -0.9948090466603721 0.35 0.35 1.2 1
0 -0.714362039938544 3.141592653589793 0.35 0.35 1.2 1
0 -1.367339782481595 -2.1187722677390357 0.35 0.35 1.2 1
0 -2.0137391868596244 0.5036338569778225 0.35 0.35 1.2 1
0 -0.0955205520908593 2.9305258302429484 0.35 0.35 1.2 1
0 1.2525318086562722 1.1985547227743123 0.35 0.35 1.2 1
0 0.900679796343705 -3.141592653589793 0.35 0.35 1.2 1
0 -0.7285223724735178 0.5865732720414767 0.35 0.35 1.2 1
0 -3.141592653589793 -2.6804450985869597 0.35 0.35 1.2 1
0 -0.30264022943667623 1.6298587136964566 0.35 0.35 1.2 1
0 -1.2858798624106444 0.07729793770680593 0.35 0.35 1.2 1
0 2.1137963111617704 0.87149866662111 0.35 0.35 1.2 1
0 0.426493493888089 0.024683395646697415 0.35 0.35 1.2 1
0 0.16418410680608225 2.5599809038468586 0.35 0.35 1.2 1
0 -3.141592653589793 1.9912427543460969 0.35 0.35 1.2 1
0 0.3641026317086694 0.5333063944832107 0.35 0.35 1.2 1
0 -2.8093195327120677 1.0757028111599578 0.35 0.35 1.2 1
0 0.09336483592378853 -1.0749821480427784 0.35 0.35 1.2 1
0 -1.368321936751715 -0.11498072206627069 0.35 0.35 1.2 1
0 -2.0631412248467367 -0.22848915072568032 0.35 0.35 1.2 1
0 -0.36347618699003037 -0.6504073292983521 0.35 0.35 1.2 1
0 0.7351136180512428 -1.500176874892235 0.35 0.35 1.2 1
0 -1.510126102344985 -1.8997800890831977 0.35 0.35 1.2 1
0 0.1736438986804687 -2.0350566653257682 0.35 0.35 1.2 1
0 -1.5325876901484614 -0.018058509219668673 0.35 0.35 1.2 1
0 2.187494162429838 0.949129539976958 0.35 0.35 1.2 1
0 2.169580466549525 2.7391280925322117 0.35 0.35 1.2 1
0 -1.4122622283212158 1.5577255945049826 0.35 0.35 1.2 1
0 -1.6068930122626772 1.5643718065776113 0.35 0.35 1.2 1
0 0.5609860145968847 -1.6732836307369883 0.35 0.35 1.2 1
0 0.7778476488563446 0.45763347258661 0.35 0.35 1.2 1
0 -0.7501498805305848 2.973923875839108 0.35 0.35 1.2 1
0 -0.9587009602214174 1.8140881732112204 0.35 0.35 1.2 1
0 -0.9845553989514347 -1.0474086386670125 0.35 0.35 1.2 1
0 -2.616446341232896 -0.0036376329606289115 0.35 0.35 1.2 1
0 1.2201951850829889 1.9788287408269936 0.35 0.35 1.2 1
0 1.115796005053777 -1.9645290327322682 0.35 0.35 1.2 1
0 0.39703088776326534 1.782107014982885 0.35 0.35 1.2 1
0 -3.141592653589793 -1.718511410616284 0.35 0.35 1.2 1
0 2.3020490987204405 0.8148457874741188 0.35 0.35 1.2 1
0 -0.9420910989486336 -0.23329162709693266 0.35 0.35 1.2 1
0 -1.9836266887250689 -1.2860826837717112 0.35 0.35 1.2 1
0 0.8359021177409867 1.0843514367230607 0.35 0.35 1.2 1
0 1.1815916685286523 2.3639067775136935 0.35 0.35 1.2 1
0 1.2254910947499338 0.3398937621329188 0.35 0.35 1.2 1
0 1.060351839223124 1.0235001908792882 0.35 0.35 1.2 1
0 0.9701376469330774 -0.3525900430310819 0.35 0.35 1.2 1
0 1.0866445923271655 2.420408407819036 0.35 0.35 1.2 1
0 -1.4287340012412233 0.8817215125436615 0.35 0.35 1.2 1
0 -2.422532519260398 2.4225615258558664 0.35 0.35 1.2 1
0 -0.6584859930201113 -0.51985896854559 0.35 0.35 1.2 1
0 1.2587283518812318 3.141592653589793 0.35 0.35 1.2 1
0 1.5441708437120663 0.33250404242187 0.35 0.35 1.2 1
0 -2.782716101454889 -2.0342822796361784 0.35 0.35 1.2 1
0 -1.623410683209881 1.2116997220672692 0.35 0.35 1.2 1
0 1.4379277937195984 1.2722134148393698 0.35 0.35 1.2 1
0 -1.4654874258921753 1.86883678022923 0.35 0.35 1.2 1
0 -2.13389847433423 -1.850889723698991 0.35 0.35 1.2 1
0 -2.430258011758128 -3.141592653589793 0.35 0.35 1.2 1
0 0.45182424065588866 -0.6106579488013161 0.35 0.35 1.2 1
0 0.4114713519421447 2.1594222382407966 0.35 0.35 1.2 1
0 -3.141592653589793 -2.2817660550249057 0.35 0.35 1.2 1
0 -2.0701406343252686 -1.4631745188531617 0.35 0.35 1.2 1
0 1.544306490810091 1.8738790008005894 0.35 0.35 1.2 1
0 -1.3695184389878579 1.2509743355002798 0.35 0.35 1.2 1
0 -2.7001782944023893 -1.418115208379653 0.35 0.35 1.2 1
0 0.3390425572638588 0.6922037883116077 0.35 0.35 1.2 1
0 -0.006603344748102424 0.6386030800190071 0.35 0.35 1.2 1
0 -1.3761982312850063 -0.20569310475235625 0.35 0.35 1.2 1
0 0.2410244013389271 2.1493239015977084 0.35 0.35 1.2 1
0 2.0832481279214035 0.4812236197394161 0.35 0.35 1.2 1
0 -3.067892449620227 -0.2319764959221548 0.35 0.35 1.2 1
0 -2.6205275043947758 -0.7329799667182184 0.35 0.35 1.2 1
0 -1.1866403552663747 -0.4304295505327706 0.35 0.35 1.2 1
0 -2.8139142481201365 -1.1027452356669132 0.35 0.35 1.2 1
0 -0.7016124148977947 0.5006468951616829 0.35 0.35 1.2 1
0 1.963858772526019 -0.5056909843939332 0.35 0.35 1.2 1
0 -3.141592653589793 2.8186531035690234 0.35 0.35 1.2 1
0 1.3096013848736998 1.2454877011605023 0.35 0.35 1.2 1
0 0.2176830268372691 -1.0028290971299718 0.35 0.35 1.2 1
0 2.813820458147908 1.409917966613669 0.35 0.35 1.2 1
0 -1.116493329779039 0.5594652702419094 0.35 0.35 1.2 1
0 0.030456846434828266 1.7886246548541302 0.35 0.35 1.2 1
0 0.4522042360650841 2.2603539035064264 0.35 0.35 1.2 1
0 0.24222746639680692 0.5332590935495997 0.35 0.35 1.2 1
0 -0.6337793537240581 -0.6165099432200022 0.35 0.35 1.2 1
0 1.198773543630828 2.9188014827387545 0.35 0.35 1.2 1
0 -2.6852540782852454 -0.250582860216782 0.35 0.35 1.2 1
0 -1.6991009079760797 -0.7032076612055291 0.35 0.35 1.2 1
0 0.2685210604682226 -3.141592653589793 0.35 0.35 1.2 1
0 -0.9717305404638986 -0.6725032008742274 0.35 0.35 1.2 1
0 -1.309611092757588 -2.534721023601947 0.35 0.35 1.2 1
0 0.04414704194922092 0.07387971723389986 0.35 0.35 1.2 1
0 -1.5291796630897707 -2.125165244762851 0.35 0.35 1.2 1
0 2.816657372425802 0.9511024104777235 0.35 0.35 1.2 1
0 0.15975272353876574 -0.709360477795177 0.35 0.35 1.2 1
0 -1.2847146547902608 -0.5331440083123312 0.35 0.35 1.2 1
0 2.201775987214548 -0.4250007636679376 0.35 0.35 1.2 1
0 0.3992756466734066 2.536388721697448 0.35 0.35 1.2 1
0 -0.23503923244940045 0.9930346307391079 0.35 0.35 1.2 1
0 0.1442908444679828 1.473560195581795 0.35 0.35 1.2 1
0 1.2118376781148907 0.8041799501497291 0.35 0.35 1.2 1
0 0.5669966307158292 -0.15392708883939535 0.35 0.35 1.2 1
0 1.0606275948264197 2.992260354000888 0.35 0.35 1.2 1
0 -0.006238000704573948 1.335547785261342 0.35 0.35 1.2 1
0 1.140199666305021 0.07616382363463203 0.35 0.35 1.2 1
0 3.1162218239752226 0.4851963591806418 0.35 0.35 1.2 1
0 -1.5507156559200195 2.7791919533612144 0.35 0.35 1.2 1
0 0.5445473997883256 -1.025880197172743 0.35 0.35 1.2 1
0 3.141592653589793 -2.2595755898690357 0.35 0.35 1.2 1
0 -0.3815840026641397 2.308247768762298 0.35 0.35 1.2 1
0 -2.03888547401456 0.9798392915778477 0.35 0.35 1.2 1
0 -1.352771725192107 0.8087169573590747 0.35 0.35 1.2 1
0 0.5568605455819986 -2.8480676834964895 0.35 0.35 1.2 1
0 -2.2357746931379117 -1.660992626681672 0.35 0.35 1.2 1
0 -2.079844341815754 2.518901548090937 0.35 0.35 1.2 1
0 -0.39827928790248585 -0.9359870545222824 0.35 0.35 1.2 1
0 1.649434605619788 0.1390185197927607 0.35 0.35 1.2 1
0 -0.24926883198760696 0.9082478015507948 0.35 0.35 1.2 1
0 -0.6153527202634694 0.6249670540327694 0.35 0.35 1.2 1
0 -0.1381399127377565 0.27775068168844375 0.35 0.35 1.2 1
0 0.4177774718831707 2.2913022476506564 0.35 0.35 1.2 1
0 -0.7921951615942877 -0.884038592763671 0.35 0.35 1.2 1
0 0.4580990999755895 -0.006536983697986942 0.35 0.35 1.2 1
0 -2.3275086560908376 1.089711727155687 0.35 0.35 1.2 1
0 -0.672631893312158 1.1408451204804282 0.35 0.35 1.2 1
0 -1.9774261712220322 -0.2329692224253856 0.35 0.35 1.2 1
0 1.682406224537225 -0.24666352707338557 0.35 0.35 1.2 1
0 -2.515592071626998 0.5342525471632803 0.35 0.35 1.2 1
0 -0.8403416876368796 -1.5700547790398698 0.35 0.35 1.2 1
0 -0.12120998987345444 0.43401118190159915 0.35 0.35 1.2 1
0 -3.141592653589793 0.8220794834252687 0.35 0.35 1.2 1
0 0.7981092574609735 3.0141700628826076 0.35 0.35 1.2 1
0 -1.9445849067172423 1.5670569072648461 0.35 0.35 1.2 1
0 0.3173036639303425 2.1725920669788374 0.35 0.35 1.2 1
0 -3.0038361455270417 2.2195696048447173 0.35 0.35 1.2 1
0 3.141592653589793 1.227189519969055 0.35 0.35 1.2 1
0 0.5126039134995463 0.1144525774899312 0.35 0.35 1.2 1
0 3.141592653589793 2.5426586344740474 0.35 0.35 1.2 1
0 -1.313852642721068 0.45663784334511215 0.35 0.35 1.2 1
0 -2.2851147407934143 1.3570641297543764 0.35 0.35 1.2 1
0 1.1272020701779788 0.8225201076079616 0.35 0.35 1.2 1
0 0.22028797792463306 0.7800102439556694 0.35 0.35 1.2 1
0 -0.6450517142454408 2.9666319258581315 0.35 0.35 1.2 1
0 -3.141592653589793 0.013520928030455126 0.35 0.35 1.2 1
0 -1.410848706574963 -1.7245310375487393 0.35 0.35 1.2 1
0 -0.2520463673447505 -0.2526080089270607 0.35 0.35 1.2 1
0 -3.141592653589793 2.504699835184514 0.35 0.35 1.2 1
0 -1.0122145289629194 1.8789442415945026 0.35 0.35 1.2 1
0 1.6338824030263361 -0.09509165617937287 0.35 0.35 1.2 1
0 -1.7087799810806885 1.3526539090651846 0.35 0.35 1.2 1
0 -1.0000916610264305 1.6946394153206106 0.35 0.35 1.2 1
0 -2.5429316242989763 1.6247494574996724 0.35 0.35 1.2 1
0 2.059552846505363 -1.4435025774324832 0.35 0.35 1.2 1
0 0.3108443523861748 2.5796006463760657 0.35 0.35 1.2 1
0 -1.5643676129537358 2.04281396505088 0.35 0.35 1.2 1
0 -2.6099015810252717 0.038840504932640796 0.35 0.35 1.2 1
0 -2.367361712142227 0.6124063897696248 0.35 0.35 1.2 1
0 -1.7225828798188 0.3587451554608041 0.35 0.35 1.2 1
0 3.141592653589793 1.118401387196018 0.35 0.35 1.2 1
0 -2.3958337185796665 0.8331108026611327 0.35 0.35 1.2 1
0 3.141592653589793 -0.7629934734248491 0.35 0.35 1.2 1
0 0.482646200809429 -0.8625087199085855 0.35 0.35 1.2 1
0 -0.022359725767746808 0.05449063553076153 0.35 0.35 1.2 1
0 0.04990456406924837 1.6785168300612066 0.35 0.35 1.2 1
0 -1.2850585139966622 0.17414127183124034 0.35 0.35 1.2 1
0 -2.7670985258008054 -2.863943216645526 0.35 0.35 1.2 1
0 -2.903732011861986 1.1122753051149745 0.35 0.35 1.2 1
0 -0.33855245345131246 -0.8799126162400764 0.35 0.35 1.2 1
0 -2.950143446881264 3.141592653589793 0.35 0.35 1.2 1
0 -2.4666103519113065 1.0386486274726654 0.35 0.35 1.2 1
0 -0.3489253798862746 -0.5379241045159965 0.35 0.35 1.2 1
0 -0.8870629970755316 -0.03511912178767829 0.35 0.35 1.2 1
0 -1.0881242256986323 0.8927074153988983 0.35 0.35 1.2 1
0 -0.04530008225470383 3.141592653589793 0.35 0.35 1.2 1
0 0.2448701656915402 -0.8752579665789086 0.35 0.35 1.2 1
0 0.2879297904859723 2.8666836431623235 0.35 0.35 1.2 1
0 -1.9706254305878317 1.9539928734206726 0.35 0.35 1.2 1
0 -1.7261497374377224 1.3096018989401246 0.35 0.35 1.2 1
0 -0.7793144552446903 0.4187306966162919 0.35 0.35 1.2 1
0 -0.5116177633704437 0.03733550388113405 0.35 0.35 1.2 1
0 0.14255742679265615 -2.3040706482137603 0.35 0.35 1.2 1
0 0.5525823807200053 0.5843323670211353 0.35 0.35 1.2 1
0 2.9933427263157255 1.703023814630574 0.35 0.35 1.2 1
0 -1.831811111302502 1.637090568829701 0.35 0.35 1.2 1
0 -1.4288626925170913 -0.8529239363023698 0.35 0.35 1.2 1
0 -0.7598456546217508 0.17222663224818371 0.35 0.35 1.2 1
0 -0.08907815510377592 -2.086273170945069 0.35 0.35 1.2 1
0 0.6000911715355564 1.2655019382474144 0.35 0.35 1.2 1
0 0.37679373924259996 1.2906434354620147 0.35 0.35 1.2 1
0 -0.15767212800213698 0.021735447826787047 0.35 0.35 1.2 1
0 -0.5683006271310693 1.6382499807491346 0.35 0.35 1.2 1
0 -1.3205395320995625 2.53322580839247 0.35 0.35 1.2 1
0 1.705848831451679 2.331090380499962 0.35 0.35 1.2 1
0 0.00029265487930754674 2.3460453295690096 0.35 0.35 1.2 1
0 -2.6938916277078104 -3.141592653589793 0.35 0.35 1.2 1
0 -2.379876072877134 1.2165655616053175 0.35 0.35 1.2 1
0 2.190039631974981 0.1364244720641441 0.35 0.35 1.2 1
0 -0.07584383440198139 -0.48138176202297644 0.35 0.35 1.2 1
0 0.5816802985249047 -1.0322134036149895 0.35 0.35 1.2 1
0 -2.199712201229908 -0.8111848005746329 0.35 0.35 1.2 1
0 -3.141592653589793 0.841979057073449 0.35 0.35 1.2 1
0 -1.8118732955876746 0.30728219572434956 0.35 0.35 1.2 1
0 -0.5337853717413263 1.7966025119274238 0.35 0.35 1.2 1
0 0.5635302779327478 0.5770773732602617 0.35 0.35 1.2 1
0 -1.7814625166206641 -0.7804480727167291 0.35 0.35 1.2 1
0 -2.2108452545347212 3.141592653589793 0.35 0.35 1.2 1
0 -2.499502238777753 1.6947580058743243 0.35 0.35 1.2 1
0 0.4359745719742929 1.875127568293886 0.35 0.35 1.2 1
0 -1.4788657760772073 0.10681538241055977 0.35 0.35 1.2 1
0 -3.0351671512607057 -0.5111816557430006 0.35 0.35 1.2 1
0 -2.029775196911705 0.9477169419430831 0.35 0.35 1.2 1
0 0.31720275739061937 2.517356749751182 0.35 0.35 1.2 1
0 -0.5876979112340677 -0.8998442361688999 0.35 0.35 1.2 1
0 -2.2328339913362827 0.24809353339007656 0.35 0.35 1.2 1
0 0.04801791081631723 0.8802961900934656 0.35 0.35 1.2 1
0 2.1959501564059147 2.492473859329524 0.35 0.35 1.2 1
0 0.8397146066219819 -1.6172035189789875 0.35 0.35 1.2 1
0 -1.2750575564637925 1.3443590920607358 0.35 0.35 1.2 1
0 -0.3133130485528126 2.122130865723457 0.35 0.35 1.2 1
0 -0.30696519073003126 -1.0051222786998286 0.35 0.35 1.2 1
0 0.15326098980852765 -1.0525574093320698 0.35 0.35 1.2 1
0 -0.9163833544720169 1.5484773286962679 0.35 0.35 1.2 1
0 -0.7813080364449413 -0.4475050594735545 0.35 0.35 1.2 1
0 -0.6469099504498212 1.3971583792847662 0.35 0.35 1.2 1
0 1.1169221728128158 0.6802708202785978 0.35 0.35 1.2 1
0 -0.2935372704101453 2.330870664393093 0.35 0.35 1.2 1
0 -1.6126018658504266 2.4761281281590293 0.35 0.35 1.2 1
0 -0.7698607865829485 0.231393616055807 0.35 0.35 1.2 1
0 -0.5711713671249586 1.0153742660005354 0.35 0.35 1.2 1
0 1.9053518062366863 -1.3298423762028202 0.35 0.35 1.2 1
0 -1.5927526941319967 -0.40667109801906287 0.35 0.35 1.2 1
0 -0.4562984458753044 3.066116829388319 0.35 0.35 1.2 1
0 0.07768261412257349 -0.15225531672814271 0.35 0.35 1.2 1
0 -0.02845229773753563 0.8870066903226711 0.35 0.35 1.2 1
0 0.042871431830006745 -0.5907857761379245 0.35 0.35 1.2 1
0 -1.2167286967668205 -1.9643280800803442 0.35 0.35 1.2 1
0 0.2661101758964737 0.9306649892467592 0.35 0.35 1.2 1
0 0.6739337281811246 -1.576200648435703 0.35 0.35 1.2 1
0 -0.9806653157859258 -0.15525880951943838 0.35 0.35 1.2 1
0 -0.9591873649643045 2.022799697684845 0.35 0.35 1.2 1
0 -0.5260614568659386 1.7230241206720363 0.35 0.35 1.2 1
0 2.3682350776251817 -0.6568325184126301 0.35 0.35 1.2 1
0 0.20170768338115086 0.9583709605752123 0.35 0.35 1.2 1
0 -1.5343405393768368 3.141592653589793 0.35 0.35 1.2 1
0 -2.11726902223545 0.47282629642181756 0.35 0.35 1.2 1
0 -1.5653988768429514 -3.0842055329272045 0.35 0.35 1.2 1
0 -1.8539661401819085 0.843485014235299 0.35 0.35 1.2 1
0 -0.08257230173732427 2.325799544472058 0.35 0.35 1.2 1
0 -0.7163117768845293 0.34345181298284455 0.35 0.35 1.2 1
0 2.099190321209782 0.13506310268559218 0.35 0.35 1.2 1
0 -1.3303592167866942 -1.7704890581886366 0.35 0.35 1.2 1
0 -1.348725756455571 -0.8126000052815188 0.35 0.35 1.2 1
0 0.14903700700804165 -2.0441977694367695 0.35 0.35 1.2 1
0 -2.9171933622185198 0.6046405315244383 0.35 0.35 1.2 1
0 0.8763912628766058 0.7497815490999806 0.35 0.35 1.2 1
0 2.4827305529587904 2.730232084271518 0.35 0.35 1.2 1
0 -3.141592653589793 -0.20915485593978533 0.35 0.35 1.2 1
0 -0.5607041297672728 2.4113308958363486 0.35 0.35 1.2 1
0 2.006786012353966 -3.141592653589793 0.35 0.35 1.2 1
0 -3.141592653589793 2.5956064487923074 0.35 0.35 1.2 1
0 -0.5804678393410472 1.7170921559296815 0.35 0.35 1.2 1
0 -1.638547309886305 0.45434360034688437 0.35 0.35 1.2 1
0 0.23520698646132032 1.3091827460629808 0.35 0.35 1.2 1
0 1.4553875000804744 -0.8992905875282995 0.35 0.35 1.2 1
0 -2.2625169362463113 1.9652943662023996 0.35 0.35 1.2 1
0 1.0241221993772407 0.1275123807483819 0.35 0.35 1.2 1
0 1.9579822755417653 0.785381320843799 0.35 0.35 1.2 1
0 -3.141592653589793 -1.656105248946869 0.35 0.35 1.2 1
0 -2.2779571814275545 -2.2761693008869113 0.35 0.35 1.2 1
0 -1.2475597931926805 -0.29314552871941413 0.35 0.35 1.2 1
0 -1.9506532265865906 0.8155340856511671 0.35 0.35 1.2 1
0 0.6559807432312768 2.191197188889185 0.35 0.35 1.2 1
0 -0.8546730226755601 0.02769223915138891 0.35 0.35 1.2 1
0 -2.965705150018209 1.292160586369957 0.35 0.35 1.2 1
0 0.39581007699648163 0.8765922637134556 0.35 0.35 1.2 1
0 -2.3059009823771444 -0.002597374878256037 0.35 0.35 1.2 1
0 0.2436002369474869 0.9488852888919492 0.35 0.35 1.2 1
0 -0.13766037623245353 0.5919558443526268 0.35 0.35 1.2 1
0 3.141592653589793 -2.0682389239235883 0.35 0.35 1.2 1
0 0.9324135411465315 -0.37487390418694855 0.35 0.35 1.2 1
0 2.847941016391092 0.9046316907105294 0.35 0.35 1.2 1
0 -3.141592653589793 -0.11492685217909324 0.35 0.35 1.2 1
0 0.3202655100029632 1.171275809871222 0.35 0.35 1.2 1
0 1.810566171548436 0.9324825100256305 0.35 0.35 1.2 1
0 0.3109767647698682 1.2151734871747257 0.35 0.35 1.2 1
0 1.5375247548628193 -0.38122461013736664 0.35 0.35 1.2 1
0 1.2235552588729321 3.141592653589793 0.35 0.35 1.2 1
0 3.141592653589793 -0.14453503522540428 0.35 0.35 1.2 1
0 2.6570950713183086 2.56516403385316 0.35 0.35 1.2 1
0 -2.046430509282522 -1.6061509297240297 0.35 0.35 1.2 1
0 -1.2806029742710345 0.5436170658692615 0.35 0.35 1.2 1
0 -0.4334417205504338 -0.14793961578760995 0.35 0.35 1.2 1
0 0.1276638431931293 0.7868929580533619 0.35 0.35 1.2 1
0 -2.731803026201857 1.1168957578346792 0.35 0.35 1.2 1
0 0.2905496713012586 -2.1244939777887994 0.35 0.35 1.2 1
0 1.531683647499251 1.8991367214888841 0.35 0.35 1.2 1
0 -0.38490112165244317 -2.8239535073191604 0.35 0.35 1.2 1
0 0.38875226242934346 -1.0139598823655744 0.35 0.35 1.2 1
0 -0.060526044750321084 -2.8071031933752835 0.35 0.35 1.2 1
0 -0.20805874706061567 2.958357953138145 0.35 0.35 1.2 1
0 -3.1251589501249866 1.4182106544285227 0.35 0.35 1.2 1
0 0.3050033009789004 3.0842407714596427 0.35 0.35 1.2 1
0 -1.5489257410138126 3.141592653589793 0.35 0.35 1.2 1
0 -0.11234037191720181 -0.5366381910842608 0.35 0.35 1.2 1
0 0.36090366827011733 -0.38400536684062414 0.35 0.35 1.2 1
0 -3.141592653589793 1.8013317292536666 0.35 0.35 1.2 1
0 0.4668914325979928 0.9900195018369466 0.35 0.35 1.2 1
0 1.293955617266241 0.9722645572323212 0.35 0.35 1.2 1
0 2.12424257336453 1.73324950347348 0.35 0.35 1.2 1
0 0.2897265420296189 1.9648428938953075 0.35 0.35 1.2 1
0 -1.7834638794200588 3.141592653589793 0.35 0.35 1.2 1
0 -2.68570843537944 -1.0492173215719593 0.35 0.35 1.2 1
0 -2.089611210473984 2.081277733587491 0.35 0.35 1.2 1
0 -0.4774673992178171 3.141592653589793 0.35 0.35 1.2 1
0 -2.6867951717481002 1.3110442851813655 0.35 0.35 1.2 1
0 -0.5588784764218682 2.771825648806418 0.35 0.35 1.2 1
0 -0.6416158148201709 2.8919105469535236 0.35 0.35 1.2 1
0 1.1242416191409892 1.8480326495635642 0.35 0.35 1.2 1
0 1.8846903130029093 -1.540479509859206 0.35 0.35 1.2 1
0 -0.5457221496901712 -0.7038747863347437 0.35 0.35 1.2 1
0 -1.0560422335730137 -1.3125710693978676 0.35 0.35 1.2 1
0 -0.08004243853548898 0.548708595572438 0.35 0.35 1.2 1
0 -1.7112653118884769 0.419005749211441 0.35 0.35 1.2 1
0 0.3492924380643443 -3.141592653589793 0.35 0.35 1.2 1
0 -1.0522560338671858 1.4773441398445881 0.35 0.35 1.2 1
0 -0.4244081421528141 1.113573139480077 0.35 0.35 1.2 1
0 2.7384673294272717 -0.6686985807337219 0.35 0.35 1.2 1
0 -2.0716608296217776 -0.07647666844350887 0.35 0.35 1.2 1
0 -0.6663167560419069 -2.5724945489638316 0.35 0.35 1.2 1
0 -1.6816555121738956 -1.7221994752139078 0.35 0.35 1.2 1
0 -2.2881159527120296 0.11425126735113933 0.35 0.35 1.2 1
0 -0.4879746565753723 -0.9682637508273202 0.35 0.35 1.2 1
0 -0.2965669579508995 1.6796312362553403 0.35 0.35 1.2 1
0 0.9562855160725625 1.573417968165981 0.35 0.35 1.2 1
0 0.838515862342909 1.7120444642664614 0.35 0.35 1.2 1
0 -2.9388331677542885 2.537418336271524 0.35 0.35 1.2 1
0 -1.7134971872316176 -1.4862562637600023 0.35 0.35 1.2 1
0 -0.8128011105574633 -0.8100791587520018 0.35 0.35 1.2 1
0 0.03281785849037622 0.8980418110146455 0.35 0.35 1.2 1
0 -1.8499579011652996 0.557119396504627 0.35 0.35 1.2 1
0 0.8518716033342413 2.5060849349915384 0.35 0.35 1.2 1
0 -1.29901711481355 0.9153419530839424 0.35 0.35 1.2 1
0 -1.4325786392651993 0.5698454742176196 0.35 0.35 1.2 1
0 2.1109451239148807 3.0479462824704697 0.35 0.35 1.2 1
0 -1.3322173394764514 0.8930133766566144 0.35 0.35 1.2 1
0 -0.02073657105781407 0.193942277011055 0.35 0.35 1.2 1
0 -3.141592653589793 1.4326101285773336 0.35 0.35 1.2 1
0 0.5917057160342392 2.2356664410256006 0.35 0.35 1.2 1
0 -2.268897613419126 -0.9850577568941667 0.35 0.35 1.2 1
0 1.001447953084793 2.3637282849839503 0.35 0.35 1.2 1
0 3.141592653589793 1.0806479988505722 0.35 0.35 1.2 1
0 -0.07757571517721173 3.141592653589793 0.35 0.35 1.2 1
0 1.1463900783631167 -1.1551372973191918 0.35 0.35 1.2 1
0 -2.1858853055501832 1.7220578663050647 0.35 0.35 1.2 1
0 -2.7905061836884615 -0.03572453801522818 0.35 0.35 1.2 1
0 2.649909010745441 1.2920510314889486 0.35 0.35 1.2 1
0 -0.07031561396214625 -1.5670288694937167 0.35 0.35 1.2 1
0 0.7196522971437286 -0.2773598575395244 0.35 0.35 1.2 1
0 -1.6273934486185055 -1.745518141709442 0.35 0.35 1.2 1
0 -1.5389431454236329 -0.8821948876601379 0.35 0.35 1.2 1
0 0.23800563506394323 -1.3464134493956526 0.35 0.35 1.2 1
0 -0.8008619888889607 1.9916241630490656 0.35 0.35 1.2 1
0 0.6204712123775362 1.5800115023243988 0.35 0.35 1.2 1
0 0.9959332913593265 0.6817261433979553 0.35 0.35 1.2 1
0 -1.627431196086407 -1.2607866824393563 0.35 0.35 1.2 1
0 -0.70251014723153 1.8952808684050595 0.35 0.35 1.2 1
0 -2.4249383338051063 0.9105088266216588 0.35 0.35 1.2 1
0 -1.4059013708707058 -1.6769348253129532 0.35 0.35 1.2 1
0 -3.141592653589793 1.296359012717794 0.35 0.35 1.2 1
0 -2.7843166577887017 2.529861326576607 0.35 0.35 1.2 1
0 2.006832354437393 -0.3001957300119396 0.35 0.35 1.2 1
0 -1.1155380611654995 2.2201780543046876 0.35 0.35 1.2 1
0 0.769253941755316 -0.02526457521839881 0.35 0.35 1.2 1
0 -1.6540459326212895 -0.45780065237009904 0.35 0.35 1.2 1
0 0.5963505686576125 0.8830010966600891 0.35 0.35 1.2 1
0 -2.51618311697521 -0.6539544118235056 0.35 0.35 1.2 1
0 0.12776981195264436 -2.2006186990262524 0.35 0.35 1.2 1
0 -2.700510831818725 1.5097493173895986 0.35 0.35 1.2 1
0 -0.01900350378946672 0.7361630512050559 0.35 0.35 1.2 1
0 1.7335087434400989 0.0796291411558907 0.35 0.35 1.2 1
0 0.48649378017395195 0.17652092387575294 0.35 0.35 1.2 1
0 -2.0204325179780227 1.7745710581231633 0.35 0.35 1.2 1
