#! FIELDS time phi psi sigma_phi sigma_psi height biasf
                        #! SET multivariate false
                        #! SET kerneltype stretched-gaussian
                        #! SET min_phi -pi
                        #! SET max_phi pi
                        #! SET min_psi -pi
                        #! SET max_psi pi
0 -3.141592653589793 1.567450434171767 0.35 0.35 1.2 1
0 -0.9602160137222908 3.141592653589793 0.35 0.35 1.2 1
0 -1.6408091915535687 0.7358651245226181 0.35 0.35 1.2 1
0 -0.481902711409261 1.455155273158867 0.35 0.35 1.2 1
0 -3.141592653589793 0.8414735120077488 0.35 0.35 1.2 1
0 -2.0133241138004987 1.4434460502165671 0.35 0.35 1.2 1
0 -2.6841098285816507 0.5114823493440976 0.35 0.35 1.2 1
0 -3.141592653589793 0.12060374245386513 0.35 0.35 1.2 1
0 -2.664694766076663 2.0902782967768956 0.35 0.35 1.2 1
0 1.6224744972949483 -1.6674771765953962 0.35 0.35 1.2 1
0 -0.6154560547970889 1.448000765788322 0.35 0.35 1.2 1
0 -3.141592653589793 3.141592653589793 0.35 0.35 1.2 1
0 1.9391976270483622 1.6036421943387265 0.35 0.35 1.2 1
0 -3.141592653589793 2.34992343613688 0.35 0.35 1.2 1
0 -1.5428642258022072 1.7167543929760987 0.35 0.35 1.2 1
0 0.16767331451071743 -0.08493822721293576 0.35 0.35 1.2 1
0 1.0346924908874473 1.8237739537907987 0.35 0.35 1.2 1
0 0.3979845976261006 2.0753556133891466 0.35 0.35 1.2 1
0 0.3574864144113499 -1.0453638246106167 0.35 0.35 1.2 1
0 -1.633744578753819 3.141592653589793 0.35 0.35 1.2 1
0 0.7419812487690916 0.9782578737989721 0.35 0.35 1.2 1
0 -1.1619497374645467 1.0289701682453147 0.35 0.35 1.2 1
0 -2.827969631011963 0.751621881190807 0.35 0.35 1.2 1
0 -2.6481899101488926 0.35150049421990553 0.35 0.35 1.2 1
0 -0.6962156027659712 0.8181636857468966 0.35 0.35 1.2 1
0 -0.5596990808456658 0.795350970821495 0.35 0.35 1.2 1
0 0.19630171445094413 0.4177576933564851 0.35 0.35 1.2 1
0 -0.8317936220875386 1.6558082350725156 0.35 0.35 1.2 1
0 -0.21378167722540686 1.382326657355188 0.35 0.35 1.2 1
0 -0.4476815659820954 1.323491153864828 0.35 0.35 1.2 1
0 -2.4896692151224546 -0.6058820957528861 0.35 0.35 1.2 1
0 -0.9679692666860455 -0.9122100809890656 0.35 0.35 1.2 1
0 -1.8733241608419602 1.3421312125942453 0.35 0.35 1.2 1
0 -1.4611092803634724 1.3215505045225937 0.35 0.35 1.2 1
0 -3.141592653589793 2.644974972528695 0.35 0.35 1.2 1
0 0.15352843177038178 2.6261568386551764 0.35 0.35 1.2 1
0 -2.819451921313801 1.094193819373526 0.35 0.35 1.2 1
0 -0.2993817971719049 1.1901477496456399 0.35 0.35 1.2 1
0 0.090593904256695 -0.7241712662202493 0.35 0.35 1.2 1
0 -2.697647626033918 3.141592653589793 0.35 0.35 1.2 1
0 0.1264296408902159 3.141592653589793 0.35 0.35 1.2 1
0 -2.2488658854128687 2.688663285831525 0.35 0.35 1.2 1
0 -0.6246484198169381 1.151382741870139 0.35 0.35 1.2 1
0 -2.233426220951105 -0.3898519894719885 0.35 0.35 1.2 1
0 -2.252362882354598 1.7432045524100745 0.35 0.35 1.2 1
0 -1.8841267784969156 0.9128537509400289 0.35 0.35 1.2 1
0 -2.512702364261212 2.7278644549438114 0.35 0.35 1.2 1
0 -2.7428892144694643 2.495279822307731 0.35 0.35 1.2 1
0 -3.141592653589793 1.6811819057087103 0.35 0.35 1.2 1
0 1.0964648491993427 0.5299224297455711 0.35 0.35 1.2 1
0 -0.6165299070996442 1.1839522656440082 0.35 0.35 1.2 1
0 1.5932473315865663 1.6756479022239468 0.35 0.35 1.2 1
0 -2.8277484547992167 1.7356635677651115 0.35 0.35 1.2 1
0 -1.4328441093142705 3.141592653589793 0.35 0.35 1.2 1
0 -2.4480126922664645 1.5454754396296004 0.35 0.35 1.2 1
0 -2.0303610993135504 3.141592653589793 0.35 0.35 1.2 1
0 0.5023015747316449 2.8163875233271427 0.35 0.35 1.2 1
0 -3.141592653589793 -0.5049170716663541 0.35 0.35 1.2 1
0 -3.141592653589793 1.5825925091003326 0.35 0.35 1.2 1
0 -2.897305777544895 -0.06281998176631498 0.35 0.35 1.2 1
0 1.8000319596803616 3.141592653589793 0.35 0.35 1.2 1
0 -0.899778175404971 2.3879142265140922 0.35 0.35 1.2 1
0 -1.7830118021628034 0.03155221288704224 0.35 0.35 1.2 1
0 -1.648662581166592 2.2996472592591783 0.35 0.35 1.2 1
0 -1.95428011707927 3.141592653589793 0.35 0.35 1.2 1
0 1.342639424345124 1.8479675771133979 0.35 0.35 1.2 1
0 -2.512167518743945 1.849810444255787 0.35 0.35 1.2 1
0 1.6212756458845252 0.7108114461551553 0.35 0.35 1.2 1
0 -1.465272945857051 -0.4881221480501907 0.35 0.35 1.2 1
0 -3.0731103236853667 2.9217913011775876 0.35 0.35 1.2 1
0 -3.141592653589793 0.9118813428477428 0.35 0.35 1.2 1
0 -2.956966717299747 2.585299569993186 0.35 0.35 1.2 1
0 -2.1714007806294426 1.7165861511264184 0.35 0.35 1.2 1
0 -3.141592653589793 0.895628324525614 0.35 0.35 1.2 1
0 -2.2820887391231865 -0.4399854694499199 0.35 0.35 1.2 1
0 -3.141592653589793 2.3348544485518987 0.35 0.35 1.2 1
0 -1.8344368046027422 2.8897723229895416 0.35 0.35 1.2 1
0 0.5551020303146526 3.141592653589793 0.35 0.35 1.2 1
0 -0.6908131774817797 -0.6588171668708072 0.35 0.35 1.2 1
0 -0.36147440177008205 1.970944151639889 0.35 0.35 1.2 1
0 -0.4365259705365845 -0.33832161257673543 0.35 0.35 1.2 1
0 0.4759232116778256 -0.7429466045131652 0.35 0.35 1.2 1
0 -1.9490460991884937 1.4298677871269176 0.35 0.35 1.2 1
0 -0.7372333810040641 1.2157419850272086 0.35 0.35 1.2 1
0 -2.9384976936755898 1.8829641895629083 0.35 0.35 1.2 1
0 -2.698291421003408 0.20698797353677767 0.35 0.35 1.2 1
0 -2.6146834544283037 -1.3268972021032475 0.35 0.35 1.2 1
0 -2.0486145869051056 2.941424513326285 0.35 0.35 1.2 1
0 -2.003130075698636 2.3929600045641455 0.35 0.35 1.2 1
0 -1.339674093946088 0.17355960947512938 0.35 0.35 1.2 1
0 -3.141592653589793 2.1636202002228337 0.35 0.35 1.2 1
0 -2.554819467391064 -0.8463386714339527 0.35 0.35 1.2 1
0 -0.6740202827041365 1.3443339253429747 0.35 0.35 1.2 1
0 0.09408342039937145 -0.754803724488111 0.35 0.35 1.2 1
0 0.8727431400138207 2.005463044246564 0.35 0.35 1.2 1
0 -0.35812962153228156 1.452029733617085 0.35 0.35 1.2 1
0 1.6495680175449388 0.8857448311918937 0.35 0.35 1.2 1
0 -2.534229057267395 -1.753751388135581 0.35 0.35 1.2 1
0 -2.8157896186404185 3.141592653589793 0.35 0.35 1.2 1
0 0.1257628167938335 3.141592653589793 0.35 0.35 1.2 1
0 -0.12861183742873505 3.141592653589793 0.35 0.35 1.2 1
0 -2.6334416956845406 1.331041394087051 0.35 0.35 1.2 1
0 -3.141592653589793 2.7085972106821856 0.35 0.35 1.2 1
0 -1.9305815608907642 3.141592653589793 0.35 0.35 1.2 1
0 -1.5364621651961217 1.662899337922695 0.35 0.35 1.2 1
0 -1.7776793702862896 -0.8550801541381017 0.35 0.35 1.2 1
0 -3.141592653589793 1.1128928547377879 0.35 0.35 1.2 1
0 -3.09332844023339 2.4788120550948283 0.35 0.35 1.2 1
0 -2.4558584211065253 1.5338521603137343 0.35 0.35 1.2 1
0 -0.9310319043239611 0.3107987460818731 0.35 0.35 1.2 1
0 -2.3210980917897346 0.6271341215729787 0.35 0.35 1.2 1
0 -2.7247318520295 0.17817569081157103 0.35 0.35 1.2 1
0 -0.7688531960988926 1.0841571024486463 0.35 0.35 1.2 1
0 -3.141592653589793 2.4028584314024153 0.35 0.35 1.2 1
0 -0.21983413496004323 -0.8339983339482755 0.35 0.35 1.2 1
0 -1.251059896678315 -0.24620910328422374 0.35 0.35 1.2 1
0 -1.8967574645199679 1.5442049710523142 0.35 0.35 1.2 1
0 0.12146476437063558 2.7737318453941837 0.35 0.35 1.2 1
0 -3.141592653589793 2.375996442183461 0.35 0.35 1.2 1
0 -1.6860324657933472 3.141592653589793 0.35 0.35 1.2 1
0 -1.349680129423301 2.9540388665511665 0.35 0.35 1.2 1
0 -1.1797489929793503 3.141592653589793 0.35 0.35 1.2 1
0 -0.8710688595969633 0.18092356761034806 0.35 0.35 1.2 1
0 -3.141592653589793 2.145670230514328 0.35 0.35 1.2 1
0 -0.10971662192138476 0.7320604215031801 0.35 0.35 1.2 1
0 -0.9800474148951379 -0.2658835054581754 0.35 0.35 1.2 1
0 -1.243754888931099 1.2234957825376374 0.35 0.35 1.2 1
0 -2.1501882124750016 3.141592653589793 0.35 0.35 1.2 1
0 -0.6730732002597121 1.2058948928825513 0.35 0.35 1.2 1
0 -2.8590241288603613 2.1971680491869963 0.35 0.35 1.2 1
0 -3.141592653589793 2.7376495636872864 0.35 0.35 1.2 1
0 0.03681282783072448 0.5341605620764684 0.35 0.35 1.2 1
0 -0.4890305238777348 3.141592653589793 0.35 0.35 1.2 1
0 -2.5355256803665673 3.141592653589793 0.35 0.35 1.2 1
0 0.29982771226698895 3.141592653589793 0.35 0.35 1.2 1
0 -3.141592653589793 1.1668248633921277 0.35 0.35 1.2 1
0 -0.39770042361174696 2.463763586713547 0.35 0.35 1.2 1
0 1.5055432650157963 0.3123362697537171 0.35 0.35 1.2 1
0 1.0118203886018367 1.0706260742131593 0.35 0.35 1.2 1
0 1.1077099573924718 -1.0936206182211898 0.35 0.35 1.2 1
0 -2.400423563728369 -1.9904391412225297 0.35 0.35 1.2 1
0 1.5497458692871373 1.0295846522055534 0.35 0.35 1.2 1
0 -0.5187842410919101 3.141592653589793 0.35 0.35 1.2 1
0 -2.1602789649489034 0.009256119747576452 0.35 0.35 1.2 1
0 -1.077058225611479 0.20706487221586944 0.35 0.35 1.2 1
0 -2.7705512530112344 1.405766173113108 0.35 0.35 1.2 1
0 -1.474105000781955 -0.3781098861575891 0.35 0.35 1.2 1
0 -3.141592653589793 -0.9837812013597551 0.35 0.35 1.2 1
0 0.13089628682269583 1.120790428597035 0.35 0.35 1.2 1
0 -1.165379163648744 2.4289007477001188 0.35 0.35 1.2 1
0 -1.4653036963077375 -1.0831563621974627 0.35 0.35 1.2 1
0 -0.8737893349151977 1.7981652603718286 0.35 0.35 1.2 1
0 0.5903161928752731 1.5935554056216743 0.35 0.35 1.2 1
0 -3.141592653589793 0.24230240749093657 0.35 0.35 1.2 1
0 -1.9424823020383437 1.0108492802367557 0.35 0.35 1.2 1
0 -3.141592653589793 1.925131738865083 0.35 0.35 1.2 1
0 -1.4639422085744795 -0.8965077625902464 0.35 0.35 1.2 1
0 -3.141592653589793 2.8451146879068188 0.35 0.35 1.2 1
0 -1.9376356822511298 0.6002453926454554 0.35 0.35 1.2 1
0 -0.7045554719103844 -0.5736177583295019 0.35 0.35 1.2 1
0 -1.9834524388626034 1.2745717665705498 0.35 0.35 1.2 1
0 -1.1636856566986071 3.141592653589793 0.35 0.35 1.2 1
0 -0.053855060729305626 0.5299408347613612 0.35 0.35 1.2 1
0 -2.685148303868568 -0.6421354101985647 0.35 0.35 1.2 1
0 -0.37065860165453 1.3695739891561076 0.35 0.35 1.2 1
0 1.3234014492902566 1.8491920356408111 0.35 0.35 1.2 1
0 -2.6989109287793984 2.8137293706344133 0.35 0.35 1.2 1
0 0.9947522040164472 -2.3071211858996143 0.35 0.35 1.2 1
0 -2.5917198903238274 1.6020144393665487 0.35 0.35 1.2 1
0 -0.9541474556925834 1.2633615357747023 0.35 0.35 1.2 1
0 -1.6696892840952684 2.291609767676198 0.35 0.35 1.2 1
0 -2.4287960469233725 2.1114507666842486 0.35 0.35 1.2 1
0 1.9887551379459851 -0.5603861157721879 0.35 0.35 1.2 1
0 -2.3512617390290718 2.188904557070812 0.35 0.35 1.2 1
0 -3.141592653589793 0.32663421937767023 0.35 0.35 1.2 1
0 -3.141592653589793 -2.4122694487491647 0.35 0.35 1.2 1
0 -0.20848045075744392 1.9322596483082477 0.35 0.35 1.2 1
0 -2.752303464174987 0.554106047693143 0.35 0.35 1.2 1
0 -0.9273678423676582 -1.6890379199185617 0.35 0.35 1.2 1
0 -2.6118879920826013 3.141592653589793 0.35 0.35 1.2 1
0 -0.8798769566746519 2.1175982429592004 0.35 0.35 1.2 1
0 -3.141592653589793 0.6800067939065322 0.35 0.35 1.2 1
0 0.4030857318129457 0.4029854749360522 0.35 0.35 1.2 1
0 -3.141592653589793 -1.404707660511197 0.35 0.35 1.2 1
0 -0.2860033419451189 1.5507080085514162 0.35 0.35 1.2 1
0 0.43816213816611826 2.7919836607246156 0.35 0.35 1.2 1
0 -1.0567182450361494 0.18602886670885066 0.35 0.35 1.2 1
0 0.6316784568409964 0.1950164336896303 0.35 0.35 1.2 1
0 -2.4120117447355462 3.141592653589793 0.35 0.35 1.2 1
0 -1.2632130839524496 1.9001994461118137 0.35 0.35 1.2 1
0 -0.7736119561396005 0.1674901774251658 0.35 0.35 1.2 1
0 -1.2240160503340902 1.0538124643614133 0.35 0.35 1.2 1
0 -3.0778589123427755 2.4009828819542345 0.35 0.35 1.2 1
0 -1.1546748591964384 1.6475579741261521 0.35 0.35 1.2 1
0 -0.12542268038191512 2.2790764104113848 0.35 0.35 1.2 1
0 -1.193167859612358 -1.7922811440519433 0.35 0.35 1.2 1
0 -1.6810280402327593 -1.8362822548439353 0.35 0.35 1.2 1
0 -1.766153460878465 3.141592653589793 0.35 0.35 1.2 1
0 2.5046417760418564 1.2984589142550653 0.35 0.35 1.2 1
0 -0.2595453211364691 3.141592653589793 0.35 0.35 1.2 1
0 -0.9681062974063945 2.6179774682390433 0.35 0.35 1.2 1
0 -1.5535808163839928 0.9900900678894391 0.35 0.35 1.2 1
0 -1.0614235348201109 0.4557912595977738 0.35 0.35 1.2 1
0 -2.557950174934457 0.050485859226639285 0.35 0.35 1.2 1
0 -2.7723128975258193 1.5060485849906087 0.35 0.35 1.2 1
0 -0.7628635996968111 0.988299697458461 0.35 0.35 1.2 1
0 -0.7716078897502429 0.9505560641073264 0.35 0.35 1.2 1
0 -0.5566315234359986 0.5041836543911259 0.35 0.35 1.2 1
0 -3.141592653589793 1.1878764251250333 0.35 0.35 1.2 1
0 -1.4090573685818557 -0.6556138305564992 0.35 0.35 1.2 1
0 -2.3278498322170114 1.882790010091752 0.35 0.35 1.2 1
0 -0.8597128799763412 0.9450815783461144 0.35 0.35 1.2 1
0 -0.814689898515256 2.635115419933938 0.35 0.35 1.2 1
0 -0.31765518069743326 -2.1482599629681363 0.35 0.35 1.2 1
0 -2.518164068752894 2.809490232654487 0.35 0.35 1.2 1
0 -3.141592653589793 0.9933015437912395 0.35 0.35 1.2 1
0 -2.579022886463917 2.321129566613736 0.35 0.35 1.2 1
0 -1.3573012548408077 2.8754125785211113 0.35 0.35 1.2 1
0 -0.6829526718640573 1.420407960098319 0.35 0.35 1.2 1
0 -1.5333870598193369 1.2257355757624404 0.35 0.35 1.2 1
0 0.18622368793967792 0.46031817753192594 0.35 0.35 1.2 1
0 -1.0111701504253499 0.3423489141176651 0.35 0.35 1.2 1
0 -0.7455971755142945 3.141592653589793 0.35 0.35 1.2 1
0 -0.6049429953309902 2.2784388903673864 0.35 0.35 1.2 1
0 0.5684876531778147 1.0412797587959686 0.35 0.35 1.2 1
0 -2.4971414806873415 3.141592653589793 0.35 0.35 1.2 1
0 -0.5585339949396817 0.20359168655189186 0.35 0.35 1.2 1
0 -1.364487072967412 0.4003341948263729 0.35 0.35 1.2 1
0 -1.3730544823939566 2.51244035718769 0.35 0.35 1.2 1
0 -2.3504647706769775 1.6861760499982474 0.35 0.35 1.2 1
0 -2.172657992499124 3.141592653589793 0.35 0.35 1.2 1
0 -1.5783416954238534 -1.3219395775966114 0.35 0.35 1.2 1
0 -0.6495734595059937 1.726906723789011 0.35 0.35 1.2 1
0 -3.0359341657142256 1.2450033948581096 0.35 0.35 1.2 1
0 -0.16505014553581976 0.268526509690038 0.35 0.35 1.2 1
0 -1.9232230076907075 -0.9519501921665123 0.35 0.35 1.2 1
0 0.10026420762783983 3.141592653589793 0.35 0.35 1.2 1
0 -0.15323610216218392 0.19063791966437527 0.35 0.35 1.2 1
0 -3.141592653589793 1.5832301023915685 0.35 0.35 1.2 1
0 -1.5128314937278895 2.061117644640881 0.35 0.35 1.2 1
0 -2.120603420089063 0.809166117234482 0.35 0.35 1.2 1
0 0.6491866258087158 0.6025213857080977 0.35 0.35 1.2 1
0 -1.5400438800591525 0.33018028494447127 0.35 0.35 1.2 1
0 -1.292212223185325 -1.3811247149044112 0.35 0.35 1.2 1
0 0.1417951574033809 2.7174080683359585 0.35 0.35 1.2 1
0 -0.761580143512993 2.396212997647719 0.35 0.35 1.2 1
0 0.6436180196624828 3.003553262133089 0.35 0.35 1.2 1
0 -1.238345012064705 0.9121423295290246 0.35 0.35 1.2 1
0 -2.194500466882222 -0.7516942343256724 0.35 0.35 1.2 1
0 1.7841409108815198 1.233188504919605 0.35 0.35 1.2 1
0 -3.141592653589793 2.0297716554633327 0.35 0.35 1.2 1
0 0.437728872659361 0.8407744052852988 0.35 0.35 1.2 1
0 1.4449797399430877 3.141592653589793 0.35 0.35 1.2 1
0 -2.940938401204143 1.7619461361460673 0.35 0.35 1.2 1
0 -3.141592653589793 0.7906148219625295 0.35 0.35 1.2 1
0 -2.539939022855571 2.4457894974790984 0.35 0.35 1.2 1
0 -3.141592653589793 1.1992101975442089 0.35 0.35 1.2 1
0 -3.141592653589793 0.52392570982597 0.35 0.35 1.2 1
0 -3.141592653589793 2.3229701643681873 0.35 0.35 1.2 1
0 -2.0961536661316345 1.7154134792739277 0.35 0.35 1.2 1
0 -0.7081902924115672 2.1200018461210552 0.35 0.35 1.2 1
0 -0.8603451577150368 0.9008489969507951 0.35 0.35 1.2 1
0 -2.6501140425798106 1.9117850536151013 0.35 0.35 1.2 1
0 -0.3080758531269629 1.4288753684334294 0.35 0.35 1.2 1
0 -3.141592653589793 0.8173778696959686 0.35 0.35 1.2 1
0 -1.9201981233343113 0.627867190829956 0.35 0.35 1.2 1
0 -1.3695325843103354 -1.277422639994933 0.35 0.35 1.2 1
0 0.18730779742475467 2.0528014857242574 0.35 0.35 1.2 1
0 -1.8889685818440212 2.8139156309150906 0.35 0.35 1.2 1
0 -0.34729863922535276 0.6072580683046416 0.35 0.35 1.2 1
0 -1.1958079288933168 2.5366805694074284 0.35 0.35 1.2 1
0 0.7773496624089956 0.414017880636137 0.35 0.35 1.2 1
0 -1.2738595714335488 1.8789516276360159 0.35 0.35 1.2 1
0 -1.4437392674831648 2.3146138197109862 0.35 0.35 1.2 1
0 -3.141592653589793 0.4964113592190684 0.35 0.35 1.2 1
0 -0.2900606825503096 -1.5053910392802445 0.35 0.35 1.2 1
0 -3.141592653589793 -2.101365405778448 0.35 0.35 1.2 1
0 -2.1479337337293685 3.141592653589793 0.35 0.35 1.2 1
0 0.24896205344505357 -1.107404732634273 0.35 0.35 1.2 1
0 -0.5309562849605147 0.7438514935579696 0.35 0.35 1.2 1
0 -3.141592653589793 2.804871919111675 0.35 0.35 1.2 1
0 -3.0729474944857524 2.1578505455309367 0.35 0.35 1.2 1
0 0.9210012564567602 0.26029082385817115 0.35 0.35 1.2 1
0 2.641813508439645 -0.18321100621231146 0.35 0.35 1.2 1
0 -1.7139063146980005 2.9498932197413676 0.35 0.35 1.2 1
0 -0.7935365177056981 0.8436793553986077 0.35 0.35 1.2 1
0 -0.5801606275915907 3.141592653589793 0.35 0.35 1.2 1
0 -1.5014544736100075 0.036620070368966195 0.35 0.35 1.2 1
0 -3.141592653589793 2.3174231749876526 0.35 0.35 1.2 1
0 -1.9094675741639529 3.141592653589793 0.35 0.35 1.2 1
0 -1.1975800495616324 1.6039275873793766 0.35 0.35 1.2 1
0 -1.6980795199894798 1.8952196718130243 0.35 0.35 1.2 1
0 -0.5109154649659049 2.5869539220097906 0.35 0.35 1.2 1
0 -1.6591111446268472 0.921085514574671 0.35 0.35 1.2 1
0 -1.8868611239689392 1.668705658576957 0.35 0.35 1.2 1
0 -1.526815405124625 -0.397735082306111 0.35 0.35 1.2 1
0 -3.141592653589793 -0.5380585964818337 0.35 0.35 1.2 1
0 -1.7160460533317392 1.7759254953597272 0.35 0.35 1.2 1
0 -2.5259638803430065 2.007588653627287 0.35 0.35 1.2 1
0 -2.8781429476966753 1.8094112643628606 0.35 0.35 1.2 1
0 -0.9144806472840256 0.4012184529704519 0.35 0.35 1.2 1
0 -2.86516755502139 1.6621274775785384 0.35 0.35 1.2 1
0 -1.86308594225081 3.104131979124266 0.35 0.35 1.2 1
0 -1.9542770033279437 1.1465610691420247 0.35 0.35 1.2 1
0 -0.8371505068459055 1.239952077675842 0.35 0.35 1.2 1
0 -1.9677196620002952 2.085822086995554 0.35 0.35 1.2 1
0 -0.2823437151522681 3.141592653589793 0.35 0.35 1.2 1
0 -2.4319044678597614 1.6610443300261917 0.35 0.35 1.2 1
0 1.8267659265646365 2.014167595900549 0.35 0.35 1.2 1
0 -0.12181594331234669 -1.1641644229978654 0.35 0.35 1.2 1
0 -3.141592653589793 2.4512841951986424 0.35 0.35 1.2 1
0 -1.937999361345622 0.6393305876433786 0.35 0.35 1.2 1
0 0.053172035282322394 0.3664956723461157 0.35 0.35 1.2 1
0 0.4910603230311037 0.35456121675674923 0.35 0.35 1.2 1
0 0.13480240496773588 1.481641893186642 0.35 0.35 1.2 1
0 0.03243101148041927 0.6764669062297913 0.35 0.35 1.2 1
0 -2.9862615486066404 1.518714212523985 0.35 0.35 1.2 1
0 -2.3147527665225507 1.029025830360756 0.35 0.35 1.2 1
0 -0.6202025305357668 1.4024653049912907 0.35 0.35 1.2 1
0 -0.21676362537221638 0.05805054449088831 0.35 0.35 1.2 1
0 -1.0534063271620608 1.3224816213983206 0.35 0.35 1.2 1
0 0.3536937119901381 -0.9315207480754599 0.35 0.35 1.2 1
0 -1.1254160207948356 3.141592653589793 0.35 0.35 1.2 1
0 -3.141592653589793 1.8864224886132015 0.35 0.35 1.2 1
0 -0.4943294396587327 1.133949771829756 0.35 0.35 1.2 1
0 -1.7327170486894814 1.7164671190701923 0.35 0.35 1.2 1
0 -1.0179181130732209 0.6421637363646933 0.35 0.35 1.2 1
0 -1.8094798970356984 0.9033907492138108 0.35 0.35 1.2 1
0 -2.570413924221266 2.4976835311197263 0.35 0.35 1.2 1
0 -3.141592653589793 1.3229672845242626 0.35 0.35 1.2 1
0 0.4313233366025743 0.2894629310406064 0.35 0.35 1.2 1
0 -2.783814708465453 1.2801053277708627 0.35 0.35 1.2 1
0 -1.9011441022495947 3.080385775346756 0.35 0.35 1.2 1
0 -3.141592653589793 0.8259169062217488 0.35 0.35 1.2 1
0 -3.061269396330938 2.144179946108548 0.35 0.35 1.2 1
0 -1.668682056682308 3.141592653589793 0.35 0.35 1.2 1
0 -1.0460430507577476 0.9298292584573843 0.35 0.35 1.2 1
0 0.46275907387885334 -0.07400707954174801 0.35 0.35 1.2 1
0 2.4336754809153263 3.141592653589793 0.35 0.35 1.2 1
0 -2.0596564796452186 0.4284927349892296 0.35 0.35 1.2 1
0 -1.6554604453639796 -1.169777398080175 0.35 0.35 1.2 1
0 -2.047957766057185 -0.2607940459384652 0.35 0.35 1.2 1
0 -0.48412911089994515 1.320098867813953 0.35 0.35 1.2 1
0 -2.299511635128171 3.141592653589793 0.35 0.35 1.2 1
0 -3.141592653589793 0.6100839201714058 0.35 0.35 1.2 1
0 -2.2023759799083162 -0.9320960801113451 0.35 0.35 1.2 1
0 -1.3491886738036885 0.757767558112312 0.35 0.35 1.2 1
0 -2.8281654683218327 1.5869742952607302 0.35 0.35 1.2 1
0 -1.5069429047105218 -1.346638203866787 0.35 0.35 1.2 1
0 -1.9923253080781267 2.0436554517836165 0.35 0.35 1.2 1
0 -0.9864736193644579 -2.005082601450823 0.35 0.35 1.2 1
0 -1.1534861985933769 -0.6655196506313514 0.35 0.35 1.2 1
0 -3.141592653589793 0.23793955862840765 0.35 0.35 1.2 1
0 -1.9754157790867928 1.0865158748898265 0.35 0.35 1.2 1
0 -0.7074794561244474 0.3370548006683499 0.35 0.35 1.2 1
0 -3.141592653589793 2.1220759450621816 0.35 0.35 1.2 1
0 0.008882248150901884 1.3376046007517488 0.35 0.35 1.2 1
0 -2.197233757692861 -0.7886854844384426 0.35 0.35 1.2 1
0 -0.8545590327301371 3.141592653589793 0.35 0.35 1.2 1
0 -0.9077633917044748 2.0586060457286344 0.35 0.35 1.2 1
0 -0.22609780058982043 0.9806922317144708 0.35 0.35 1.2 1
0 1.251101520952799 0.24322059050399214 0.35 0.35 1.2 1
0 -1.1321945833923974 2.18628597888712 0.35 0.35 1.2 1
0 1.1305981945393817 3.0255065516872617 0.35 0.35 1.2 1
0 -0.12848165854055105 1.8278364789792318 0.35 0.35 1.2 1
0 -0.9746139693183257 1.738364215569555 0.35 0.35 1.2 1
0 -1.0409721611393115 2.7545122130801225 0.35 0.35 1.2 1
0 -1.3267487629697756 1.7028565148885635 0.35 0.35 1.2 1
0 -0.8432826061010635 0.8794081758297092 0.35 0.35 1.2 1
0 -2.9563875535931983 -1.0701146256478504 0.35 0.35 1.2 1
0 -3.119365155086156 -1.509167124104057 0.35 0.35 1.2 1
0 -1.7449386789525028 2.769713378911004 0.35 0.35 1.2 1
0 -2.430138759597575 0.8231458861944483 0.35 0.35 1.2 1
0 1.685964467676704 0.7362656950660587 0.35 0.35 1.2 1
0 0.7737476133119789 0.1568737078721094 0.35 0.35 1.2 1
0 -2.4487116962309137 2.456980234301569 0.35 0.35 1.2 1
0 0.7861767138053566 -0.6757883028441648 0.35 0.35 1.2 1
0 -1.544013350319556 1.8866608014154425 0.35 0.35 1.2 1
0 -1.782764354595088 2.9734571501779863 0.35 0.35 1.2 1
0 -1.8155881316260793 1.001650520631523 0.35 0.35 1.2 1
0 1.5423752406964413 1.4667270245656803 0.35 0.35 1.2 1
0 0.6768264634308462 1.4241842932636237 0.35 0.35 1.2 1
0 -2.077348001272266 0.8457059594364776 0.35 0.35 1.2 1
0 -0.5913006980870601 1.5397465504399068 0.35 0.35 1.2 1
0 -1.6195756017576208 1.7002189974261528 0.35 0.35 1.2 1
0 -0.6831867511371582 2.6145245306850216 0.35 0.35 1.2 1
0 -0.48677628798036254 0.4537784088379768 0.35 0.35 1.2 1
0 -1.7968379188880768 1.20334534360371 0.35 0.35 1.2 1
0 -1.5025606486835792 1.7409909141572637 0.35 0.35 1.2 1
0 -3.141592653589793 3.141592653589793 0.35 0.35 1.2 1
0 -1.7759708597150767 -1.0815091603845146 0.35 0.35 1.2 1
0 -1.6360870195740687 2.6125415616938192 0.35 0.35 1.2 1
0 0.24572589465804426 0.8481456990272288 0.35 0.35 1.2 1
0 0.42903328945031804 -1.258519651068609 0.35 0.35 1.2 1
0 -0.3311337077431452 0.17407090665122804 0.35 0.35 1.2 1
0 -0.9979071336160646 1.191864171858486 0.35 0.35 1.2 1
0 -0.6719608964698542 -1.0570963067464239 0.35 0.35 1.2 1
0 -2.258441181945477 0.4020132556487591 0.35 0.35 1.2 1
0 -0.9538724792595806 -1.493446109996114 0.35 0.35 1.2 1
0 -2.832765139187346 1.620557134056292 0.35 0.35 1.2 1
0 -2.014570668553934 -0.015737346032744404 0.35 0.35 1.2 1
0 0.3534179416235843 1.3696677216646158 0.35 0.35 1.2 1
0 -3.0987502183216753 2.3537305925758556 0.35 0.35 1.2 1
0 -2.698438164440263 1.9972393310156378 0.35 0.35 1.2 1
0 -0.9927372022556754 2.0270046255940652 0.35 0.35 1.2 1
0 -1.678210411765324 -1.4874537279215103 0.35 0.35 1.2 1
0 -0.4196198341929607 -1.6683474369534461 0.35 0.35 1.2 1
0 1.0838293429998842 3.0614667708209473 0.35 0.35 1.2 1
0 -0.145451564416881 2.244201083019543 0.35 0.35 1.2 1
0 -2.1327144266185365 0.7651657132874046 0.35 0.35 1.2 1
0 -1.5003949557978273 1.6759976788469784 0.35 0.35 1.2 1
0 -3.141592653589793 -0.5462966463790049 0.35 0.35 1.2 1
0 -1.9330155776655933 3.141592653589793 0.35 0.35 1.2 1
0 -1.6506254489294807 0.4017143477154307 0.35 0.35 1.2 1
0 -2.36075228880489 0.04648890496603281 0.35 0.35 1.2 1
0 -2.698404429024372 -0.5440157952208031 0.35 0.35 1.2 1
0 1.0425675361621585 -0.45579541474157337 0.35 0.35 1.2 1
0 -1.1458715572406863 1.8762674412284897 0.35 0.35 1.2 1
0 -2.690514063378966 1.8813614810758166 0.35 0.35 1.2 1
0 -2.1687821205777893 1.4402981198694542 0.35 0.35 1.2 1
0 -0.943173836728679 1.208108679567499 0.35 0.35 1.2 1
0 -2.82850558296407 2.1280823839194576 0.35 0.35 1.2 1
0 -0.13989499961056073 3.141592653589793 0.35 0.35 1.2 1
0 -2.469265150020527 2.5910550388845097 0.35 0.35 1.2 1
0 1.7894426014908142 3.141592653589793 0.35 0.35 1.2 1
0 -2.820364914860886 0.2421583679577275 0.35 0.35 1.2 1
0 -0.7459509063463342 3.141592653589793 0.35 0.35 1.2 1
0 0.7456105565424269 2.4318035319729407 0.35 0.35 1.2 1
0 -3.141592653589793 2.987679189316569 0.35 0.35 1.2 1
0 -1.491121674767155 -0.443391684842122 0.35 0.35 1.2 1
0 -0.8148451176850179 0.6757060503325995 0.35 0.35 1.2 1
0 -1.9116532937972814 -0.843704878732046 0.35 0.35 1.2 1
0 -2.269504528575511 3.141592653589793 0.35 0.35 1.2 1
0 -0.8047188781273137 0.49794840408044716 0.35 0.35 1.2 1
0 -1.2715453090853888 -0.40903249604125125 0.35 0.35 1.2 1
0 0.3597563373898232 3.141592653589793 0.35 0.35 1.2 1
0 -0.7289488996093144 0.7594339182592228 0.35 0.35 1.2 1
0 1.0550081997703515 0.45712795549715945 0.35 0.35 1.2 1
0 -0.10772276450182727 -0.8148608413026032 0.35 0.35 1.2 1
0 -1.6656992763235083 1.8643686391210246 0.35 0.35 1.2 1
0 -3.141592653589793 1.3840583613527861 0.35 0.35 1.2 1
0 -1.6445230566739795 3.141592653589793 0.35 0.35 1.2 1
0 -3.141592653589793 1.3056514032685154 0.35 0.35 1.2 1
0 -2.2932250308592286 1.4887956059023955 0.35 0.35 1.2 1
0 0.22171105103695 2.0829650577471113 0.35 0.35 1.2 1
0 -1.4462044748721237 1.887332040462582 0.35 0.35 1.2 1
0 -2.587974091193318 0.09660581333653298 0.35 0.35 1.2 1
0 0.08989306210124948 -0.048408709058221255 0.35 0.35 1.2 1
0 -0.7058399742335794 1.2269900594845522 0.35 0.35 1.2 1
0 -0.8940315101104718 -0.5405990827520935 0.35 0.35 1.2 1
0 -2.8535574701250987 1.5541806244018788 0.35 0.35 1.2 1
0 -2.822910576149193 1.9455482379119997 0.35 0.35 1.2 1
0 0.9986804336523012 2.9502799952718264 0.35 0.35 1.2 1
0 -3.141592653589793 2.3510578998235876 0.35 0.35 1.2 1
0 -0.22042288531426857 1.6969377241705144 0.35 0.35 1.2 1
0 -2.0180302348787005 0.24561136805177197 0.35 0.35 1.2 1
0 -3.141592653589793 1.2171054989819572 0.35 0.35 1.2 1
0 -2.3129116934902147 2.5951095405571767 0.35 0.35 1.2 1
0 0.34132362749405165 -0.2517386536272106 0.35 0.35 1.2 1
0 -0.9062622087217793 0.830202200440971 0.35 0.35 1.2 1
0 -0.39686977090466824 -0.30906513135206826 0.35 0.35 1.2 1
0 1.3230480858859963 2.9415119931939935 0.35 0.35 1.2 1
0 0.6654670556404709 0.8567667437696539 0.35 0.35 1.2 1
0 -1.7546017988815676 0.685087780295708 0.35 0.35 1.2 1
0 -1.8793132021641072 2.7979869981553676 0.35 0.35 1.2 1
0 -0.9867267075066775 2.3960918229998356 0.35 0.35 1.2 1
0 -3.141592653589793 2.204994533378297 0.35 0.35 1.2 1
0 -2.440766398544083 -0.04479307384330733 0.35 0.35 1.2 1
0 -3.141592653589793 -1.3634091699874853 0.35 0.35 1.2 1
0 -1.5670836238629287 3.141592653589793 0.35 0.35 1.2 1
0 -3.141592653589793 -1.153480562148125 0.35 0.35 1.2 1
0 -0.6528151717463754 2.151391601820255 0.35 0.35 1.2 1
0 -3.1037651824547705 2.5124936152016315 0.35 0.35 1.2 1
0 -3.141592653589793 -3.141592653589793 0.35 0.35 1.2 1
0 0.15141651752980767 1.8908027351532692 0.35 0.35 1.2 1
0 -3.141592653589793 1.7977770121413799 0.35 0.35 1.2 1
0 0.7848191053407441 2.5172903736063805 0.35 0.35 1.2 1
0 -3.141592653589793 2.8733140932497507 0.35 0.35 1.2 1
0 -1.1271851350249078 0.960768519632393 0.35 0.35 1.2 1
0 -2.731121642955893 0.9180126624557654 0.35 0.35 1.2 1
0 -3.0885541080429295 2.618548963990702 0.35 0.35 1.2 1
0 -1.932774666195531 3.141592653589793 0.35 0.35 1.2 1
0 -1.928786706768014 2.036515480595008 0.35 0.35 1.2 1
0 0.4829976969219394 2.380586878492992 0.35 0.35 1.2 1
0 0.4428848952701263 -0.15391104034032743 0.35 0.35 1.2 1
0 -1.5296912249967247 3.141592653589793 0.35 0.35 1.2 1
0 -1.785333700465965 -1.662475725228981 0.35 0.35 1.2 1
0 -0.16499509461396555 1.1354783911079143 0.35 0.35 1.2 1
0 -1.4947942114024313 2.269200168211974 0.35 0.35 1.2 1
0 -1.082978057873242 2.012858589076874 0.35 0.35 1.2 1
0 -2.3451339302585077 1.6001157141079132 0.35 0.35 1.2 1
0 -1.7779464187234821 2.322265850617659 0.35 0.35 1.2 1
0 -1.0412356114691668 1.5833227973267263 0.35 0.35 1.2 1
0 -2.758717847722763 -2.1992393858528216 0.35 0.35 1.2 1
0 -1.9379627369085088 1.174036221708478 0.35 0.35 1.2 1
0 -0.0305358846637116 2.2441484072812425 0.35 0.35 1.2 1
0 -0.8351528136239705 1.4112160185260454 0.35 0.35 1.2 1
0 -0.18295203718189101 0.7413788544020479 0.35 0.35 1.2 1
0 0.38106895025849097 0.11072514549178292 0.35 0.35 1.2 1
0 -2.135801585773424 2.1881736840600796 0.35 0.35 1.2 1
