#! FIELDS time phi psi sigma_phi sigma_psi height biasf
                        #! SET multivariate false
                        #! SET kerneltype stretched-gaussian
                        #! SET min_phi -pi
                        #! SET max_phi pi
                        #! SET min_psi -pi
                        #! SET max_psi pi
0 -3.141592653589793 -3.141592653589793 0.15 0.15 5.807694978954508 1
0 -3.141592653589793 -2.0943951023931957 0.15 0.15 5.523212751189076 1
0 -3.141592653589793 -1.0471975511965983 0.15 0.15 4.950604125623582 1
0 -3.141592653589793 -8.881784197001252e-16 0.15 0.15 5.079259632774653 1
0 -3.141592653589793 1.0471975511965965 0.15 0.15 6.557427595436968 1
0 -3.141592653589793 2.094395102393194 0.15 0.15 4.558300359125732 1
0 -2.0943951023931957 -3.141592653589793 0.15 0.15 7.040407709264305 1
0 -2.0943951023931957 -2.0943951023931957 0.15 0.15 5.085854408870778 1
0 -2.0943951023931957 -1.0471975511965983 0.15 0.15 5.048751659698497 1
0 -2.0943951023931957 -8.881784197001252e-16 0.15 0.15 5.327634111047091 1
0 -2.0943951023931957 1.0471975511965965 0.15 0.15 5.424187209887755 1
0 -2.0943951023931957 2.094395102393194 0.15 0.15 5.660552655079879 1
0 -1.0471975511965983 -3.141592653589793 0.15 0.15 4.631260564662019 1
0 -1.0471975511965983 -2.0943951023931957 0.15 0.15 5.327877482988011 1
0 -1.0471975511965983 -1.0471975511965983 0.15 0.15 5.546514811919174 1
0 -1.0471975511965983 -8.881784197001252e-16 0.15 0.15 6.943615730094718 1
0 -1.0471975511965983 1.0471975511965965 0.15 0.15 7.702006248156069 1
0 -1.0471975511965983 2.094395102393194 0.15 0.15 5.008991005304314 1
0 -8.881784197001252e-16 -3.141592653589793 0.15 0.15 6.854048046857033 1
0 -8.881784197001252e-16 -2.0943951023931957 0.15 0.15 7.67271387637599 1
0 -8.881784197001252e-16 -1.0471975511965983 0.15 0.15 5.250172641425685 1
0 -8.881784197001252e-16 -8.881784197001252e-16 0.15 0.15 5.007935142481891 1
0 -8.881784197001252e-16 1.0471975511965965 0.15 0.15 6.515057912209801 1
0 -8.881784197001252e-16 2.094395102393194 0.15 0.15 6.455395307368857 1
0 1.0471975511965965 -3.141592653589793 0.15 0.15 6.277429902288123 1
0 1.0471975511965965 -2.0943951023931957 0.15 0.15 6.441333625475955 1
0 1.0471975511965965 -1.0471975511965983 0.15 0.15 6.230832584148923 1
0 1.0471975511965965 -8.881784197001252e-16 0.15 0.15 8.328954139409007 1
0 1.0471975511965965 1.0471975511965965 0.15 0.15 5.5673899529651205 1
0 1.0471975511965965 2.094395102393194 0.15 0.15 7.7792218380959754 1
0 2.094395102393194 -3.141592653589793 0.15 0.15 6.465711409570163 1
0 2.094395102393194 -2.0943951023931957 0.15 0.15 5.446772901863329 1
0 2.094395102393194 -1.0471975511965983 0.15 0.15 5.275165892647701 1
0 2.094395102393194 -8.881784197001252e-16 0.15 0.15 6.354208926021875 1
0 2.094395102393194 1.0471975511965965 0.15 0.15 6.414048531083209 1
0 2.094395102393194 2.094395102393194 0.15 0.15 5.839739565427887 1
