#! FIELDS time phi psi sigma_phi sigma_psi height biasf
                        #! SET multivariate false
                        #! SET kerneltype stretched-gaussian
                        #! SET min_phi -pi
                        #! SET max_phi pi
                        #! SET min_psi -pi
                        #! SET max_psi pi
0 -3.141592653589793 -3.141592653589793 0.15 0.15 6.09399215234279 1
0 -3.141592653589793 -2.0943951023931957 0.15 0.15 5.464594807189024 1
0 -3.141592653589793 -1.0471975511965983 0.15 0.15 5.988679389814063 1
0 -3.141592653589793 -8.881784197001252e-16 0.15 0.15 5.483023694781833 1
0 -3.141592653589793 1.0471975511965965 0.15 0.15 6.397609633607178 1
0 -3.141592653589793 2.094395102393194 0.15 0.15 4.595559314135748 1
0 -2.0943951023931957 -3.141592653589793 0.15 0.15 6.597915633300301 1
0 -2.0943951023931957 -2.0943951023931957 0.15 0.15 5.236877545324003 1
0 -2.0943951023931957 -1.0471975511965983 0.15 0.15 5.059307460963969 1
0 -2.0943951023931957 -8.881784197001252e-16 0.15 0.15 5.66291605688094 1
0 -2.0943951023931957 1.0471975511965965 0.15 0.15 3.8861230474488515 1
0 -2.0943951023931957 2.094395102393194 0.15 0.15 4.238446877773528 1
0 -1.0471975511965983 -3.141592653589793 0.15 0.15 5.664543833272822 1
0 -1.0471975511965983 -2.0943951023931957 0.15 0.15 4.620889095770225 1
0 -1.0471975511965983 -1.0471975511965983 0.15 0.15 5.005384788610241 1
0 -1.0471975511965983 -8.881784197001252e-16 0.15 0.15 6.511763977767294 1
0 -1.0471975511965983 1.0471975511965965 0.15 0.15 6.789938495533853 1
0 -1.0471975511965983 2.094395102393194 0.15 0.15 5.912611977872599 1
0 -8.881784197001252e-16 -3.141592653589793 0.15 0.15 6.920073052274446 1
0 -8.881784197001252e-16 -2.0943951023931957 0.15 0.15 7.362838341252494 1
0 -8.881784197001252e-16 -1.0471975511965983 0.15 0.15 5.128412815667634 1
0 -8.881784197001252e-16 -8.881784197001252e-16 0.15 0.15 4.574617252596282 1
0 -8.881784197001252e-16 1.0471975511965965 0.15 0.15 5.953190096896139 1
0 -8.881784197001252e-16 2.094395102393194 0.15 0.15 5.898304029557077 1
0 1.0471975511965965 -3.141592653589793 0.15 0.15 7.536527790241827 1
0 1.0471975511965965 -2.0943951023931957 0.15 0.15 7.13976004585752 1
0 1.0471975511965965 -1.0471975511965983 0.15 0.15 6.510562623313604 1
0 1.0471975511965965 -8.881784197001252e-16 0.15 0.15 7.408261965301347 1
0 1.0471975511965965 1.0471975511965965 0.15 0.15 6.56909873111926 1
0 1.0471975511965965 2.094395102393194 0.15 0.15 5.484993630880861 1
0 2.094395102393194 -3.141592653589793 0.15 0.15 6.07516491627551 1
0 2.094395102393194 -2.0943951023931957 0.15 0.15 5.556214221687181 1
0 2.094395102393194 -1.0471975511965983 0.15 0.15 4.94161517133898 1
0 2.094395102393194 -8.881784197001252e-16 0.15 0.15 5.445807008141517 1
0 2.094395102393194 1.0471975511965965 0.15 0.15 5.5674228104223 1
0 2.094395102393194 2.094395102393194 0.15 0.15 5.391922783010023 1
