#! FIELDS time phi psi sigma_phi sigma_psi height biasf
                        #! SET multivariate false
                        #! SET kerneltype stretched-gaussian
                        #! SET min_phi -pi
                        #! SET max_phi pi
                        #! SET min_psi -pi
                        #! SET max_psi pi
0 -3.141592653589793 -3.141592653589793 0.3 0.3 2.466052605693664 1
0 -3.141592653589793 -2.827433388230814 0.3 0.3 6.296426888587901 1
0 -3.141592653589793 -2.5132741228718345 0.3 0.3 5.6353539876879974 1
0 -3.141592653589793 -2.199114857512855 0.3 0.3 7.122698144509426 1
0 -3.141592653589793 -1.8849555921538759 0.3 0.3 9.03056416522246 1
0 -3.141592653589793 -1.5707963267948966 0.3 0.3 11.788577920460979 1
0 -3.141592653589793 -1.2566370614359172 0.3 0.3 0.0 1
0 -3.141592653589793 -0.9424777960769379 0.3 0.3 5.043013886198283 1
0 -3.141592653589793 -0.6283185307179586 0.3 0.3 3.2994569900504316 1
0 -3.141592653589793 -0.3141592653589793 0.3 0.3 2.3197009544404317 1
0 -3.141592653589793 0.0 0.3 0.3 0.0 1
0 -3.141592653589793 0.3141592653589793 0.3 0.3 0.0 1
0 -3.141592653589793 0.6283185307179586 0.3 0.3 12.428469068002322 1
0 -3.141592653589793 0.9424777960769379 0.3 0.3 4.548412416707274 1
0 -3.141592653589793 1.2566370614359172 0.3 0.3 5.958195179368826 1
0 -3.141592653589793 1.5707963267948966 0.3 0.3 0.8609016198657264 1
0 -3.141592653589793 1.8849555921538759 0.3 0.3 6.388079586955074 1
0 -3.141592653589793 2.199114857512855 0.3 0.3 5.973136077046833 1
0 -3.141592653589793 2.5132741228718345 0.3 0.3 4.319419021990673 1
0 -3.141592653589793 2.827433388230814 0.3 0.3 4.065147134316561 1
0 -2.827433388230814 -3.141592653589793 0.3 0.3 7.579274494990312 1
0 -2.827433388230814 -2.827433388230814 0.3 0.3 0.2664294437294559 1
0 -2.827433388230814 -2.5132741228718345 0.3 0.3 2.3037505360390313 1
0 -2.827433388230814 -2.199114857512855 0.3 0.3 9.66102726638443 1
0 -2.827433388230814 -1.8849555921538759 0.3 0.3 8.672101824843601 1
0 -2.827433388230814 -1.5707963267948966 0.3 0.3 4.701196744860762 1
0 -2.827433388230814 -1.2566370614359172 0.3 0.3 0.0 1
0 -2.827433388230814 -0.9424777960769379 0.3 0.3 7.405458701969081 1
0 -2.827433388230814 -0.6283185307179586 0.3 0.3 6.229579900884617 1
0 -2.827433388230814 -0.3141592653589793 0.3 0.3 3.300655683069437 1
0 -2.827433388230814 0.0 0.3 0.3 7.964192421819483 1
0 -2.827433388230814 0.3141592653589793 0.3 0.3 5.722805760308635 1
0 -2.827433388230814 0.6283185307179586 0.3 0.3 12.880737238215445 1
0 -2.827433388230814 0.9424777960769379 0.3 0.3 0.0 1
0 -2.827433388230814 1.2566370614359172 0.3 0.3 5.825243614881473 1
0 -2.827433388230814 1.5707963267948966 0.3 0.3 0.0 1
0 -2.827433388230814 1.8849555921538759 0.3 0.3 6.054955220860002 1
0 -2.827433388230814 2.199114857512855 0.3 0.3 0.9475349197760823 1
0 -2.827433388230814 2.5132741228718345 0.3 0.3 7.037168337308275 1
0 -2.827433388230814 2.827433388230814 0.3 0.3 8.601196082556715 1
0 -2.5132741228718345 -3.141592653589793 0.3 0.3 7.158144318212695 1
0 -2.5132741228718345 -2.827433388230814 0.3 0.3 3.0997783188078714 1
0 -2.5132741228718345 -2.5132741228718345 0.3 0.3 0.0668397752403812 1
0 -2.5132741228718345 -2.199114857512855 0.3 0.3 3.1260969916960866 1
0 -2.5132741228718345 -1.8849555921538759 0.3 0.3 2.993447324410997 1
0 -2.5132741228718345 -1.5707963267948966 0.3 0.3 7.434730879804273 1
0 -2.5132741228718345 -1.2566370614359172 0.3 0.3 6.552756843607449 1
0 -2.5132741228718345 -0.9424777960769379 0.3 0.3 6.07214902759948 1
0 -2.5132741228718345 -0.6283185307179586 0.3 0.3 5.045643580745152 1
0 -2.5132741228718345 -0.3141592653589793 0.3 0.3 2.0175054704172997 1
0 -2.5132741228718345 0.0 0.3 0.3 2.961889985246537 1
0 -2.5132741228718345 0.3141592653589793 0.3 0.3 4.425914651374393 1
0 -2.5132741228718345 0.6283185307179586 0.3 0.3 4.9035846848789255 1
0 -2.5132741228718345 0.9424777960769379 0.3 0.3 6.212616232699655 1
0 -2.5132741228718345 1.2566370614359172 0.3 0.3 12.753583389503154 1
0 -2.5132741228718345 1.5707963267948966 0.3 0.3 5.093334013045562 1
0 -2.5132741228718345 1.8849555921538759 0.3 0.3 11.718283387631029 1
0 -2.5132741228718345 2.199114857512855 0.3 0.3 5.250890980423911 1
0 -2.5132741228718345 2.5132741228718345 0.3 0.3 6.067448839724136 1
0 -2.5132741228718345 2.827433388230814 0.3 0.3 4.133906756992388 1
0 -2.199114857512855 -3.141592653589793 0.3 0.3 4.37826342660728 1
0 -2.199114857512855 -2.827433388230814 0.3 0.3 8.748131465135653 1
0 -2.199114857512855 -2.5132741228718345 0.3 0.3 8.355496960095897 1
0 -2.199114857512855 -2.199114857512855 0.3 0.3 5.226810998566842 1
0 -2.199114857512855 -1.8849555921538759 0.3 0.3 5.618890765048749 1
0 -2.199114857512855 -1.5707963267948966 0.3 0.3 0.29532552470944484 1
0 -2.199114857512855 -1.2566370614359172 0.3 0.3 3.6763679388458925 1
0 -2.199114857512855 -0.9424777960769379 0.3 0.3 12.647239017720931 1
0 -2.199114857512855 -0.6283185307179586 0.3 0.3 0.0 1
0 -2.199114857512855 -0.3141592653589793 0.3 0.3 6.210546882192925 1
0 -2.199114857512855 0.0 0.3 0.3 5.922129656813787 1
0 -2.199114857512855 0.3141592653589793 0.3 0.3 2.4210792147758493 1
0 -2.199114857512855 0.6283185307179586 0.3 0.3 5.096581383759315 1
0 -2.199114857512855 0.9424777960769379 0.3 0.3 6.268019958377339 1
0 -2.199114857512855 1.2566370614359172 0.3 0.3 2.033051623304851 1
0 -2.199114857512855 1.5707963267948966 0.3 0.3 4.543382469680425 1
0 -2.199114857512855 1.8849555921538759 0.3 0.3 9.68250894234295 1
0 -2.199114857512855 2.199114857512855 0.3 0.3 10.169435378683136 1
0 -2.199114857512855 2.5132741228718345 0.3 0.3 6.153416828915053 1
0 -2.199114857512855 2.827433388230814 0.3 0.3 12.237374232972808 1
0 -1.8849555921538759 -3.141592653589793 0.3 0.3 1.8740233586687078 1
0 -1.8849555921538759 -2.827433388230814 0.3 0.3 6.118625757586477 1
0 -1.8849555921538759 -2.5132741228718345 0.3 0.3 6.9470645119184 1
0 -1.8849555921538759 -2.199114857512855 0.3 0.3 4.629348318619822 1
0 -1.8849555921538759 -1.8849555921538759 0.3 0.3 9.804550135007148 1
0 -1.8849555921538759 -1.5707963267948966 0.3 0.3 3.1388103578902613 1
0 -1.8849555921538759 -1.2566370614359172 0.3 0.3 0.4245117508462428 1
0 -1.8849555921538759 -0.9424777960769379 0.3 0.3 7.727461563383906 1
0 -1.8849555921538759 -0.6283185307179586 0.3 0.3 4.241426768946249 1
0 -1.8849555921538759 -0.3141592653589793 0.3 0.3 3.7198266233254103 1
0 -1.8849555921538759 0.0 0.3 0.3 7.1033663194083605 1
0 -1.8849555921538759 0.3141592653589793 0.3 0.3 3.9938020512244425 1
0 -1.8849555921538759 0.6283185307179586 0.3 0.3 2.8842986015491485 1
0 -1.8849555921538759 0.9424777960769379 0.3 0.3 4.86769142135664 1
0 -1.8849555921538759 1.2566370614359172 0.3 0.3 2.080409479687738 1
0 -1.8849555921538759 1.5707963267948966 0.3 0.3 2.1163554245874585 1
0 -1.8849555921538759 1.8849555921538759 0.3 0.3 10.528806577185858 1
0 -1.8849555921538759 2.199114857512855 0.3 0.3 6.173373109710653 1
0 -1.8849555921538759 2.5132741228718345 0.3 0.3 4.709323400865743 1
0 -1.8849555921538759 2.827433388230814 0.3 0.3 11.688494388131621 1
0 -1.5707963267948966 -3.141592653589793 0.3 0.3 7.655951916929953 1
0 -1.5707963267948966 -2.827433388230814 0.3 0.3 4.090451913520311 1
0 -1.5707963267948966 -2.5132741228718345 0.3 0.3 0.0 1
0 -1.5707963267948966 -2.199114857512855 0.3 0.3 2.290809277015574 1
0 -1.5707963267948966 -1.8849555921538759 0.3 0.3 0.0 1
0 -1.5707963267948966 -1.5707963267948966 0.3 0.3 4.325677104513605 1
0 -1.5707963267948966 -1.2566370614359172 0.3 0.3 4.495755303470592 1
0 -1.5707963267948966 -0.9424777960769379 0.3 0.3 4.0416207289736334 1
0 -1.5707963267948966 -0.6283185307179586 0.3 0.3 10.275528979258578 1
0 -1.5707963267948966 -0.3141592653589793 0.3 0.3 1.7876093468450955 1
0 -1.5707963267948966 0.0 0.3 0.3 2.1001154258401025 1
0 -1.5707963267948966 0.3141592653589793 0.3 0.3 8.489624668598957 1
0 -1.5707963267948966 0.6283185307179586 0.3 0.3 1.4372652646699833 1
0 -1.5707963267948966 0.9424777960769379 0.3 0.3 1.9256970203465422 1
0 -1.5707963267948966 1.2566370614359172 0.3 0.3 9.853242444227664 1
0 -1.5707963267948966 1.5707963267948966 0.3 0.3 0.27412746289436907 1
0 -1.5707963267948966 1.8849555921538759 0.3 0.3 5.075115999036037 1
0 -1.5707963267948966 2.199114857512855 0.3 0.3 7.038030814576303 1
0 -1.5707963267948966 2.5132741228718345 0.3 0.3 4.024055177869388 1
0 -1.5707963267948966 2.827433388230814 0.3 0.3 0.0 1
0 -1.2566370614359172 -3.141592653589793 0.3 0.3 6.388292243867383 1
0 -1.2566370614359172 -2.827433388230814 0.3 0.3 1.1260615326430612 1
0 -1.2566370614359172 -2.5132741228718345 0.3 0.3 1.58663965294379 1
0 -1.2566370614359172 -2.199114857512855 0.3 0.3 4.784251998220438 1
0 -1.2566370614359172 -1.8849555921538759 0.3 0.3 1.7077799438564498 1
0 -1.2566370614359172 -1.5707963267948966 0.3 0.3 0.0 1
0 -1.2566370614359172 -1.2566370614359172 0.3 0.3 8.132389600227906 1
0 -1.2566370614359172 -0.9424777960769379 0.3 0.3 2.009238205154526 1
0 -1.2566370614359172 -0.6283185307179586 0.3 0.3 0.0 1
0 -1.2566370614359172 -0.3141592653589793 0.3 0.3 2.4569998160181297 1
0 -1.2566370614359172 0.0 0.3 0.3 3.3405173884672896 1
0 -1.2566370614359172 0.3141592653589793 0.3 0.3 1.365917143586246 1
0 -1.2566370614359172 0.6283185307179586 0.3 0.3 1.1060335796238965 1
0 -1.2566370614359172 0.9424777960769379 0.3 0.3 10.868136304392095 1
0 -1.2566370614359172 1.2566370614359172 0.3 0.3 0.0 1
0 -1.2566370614359172 1.5707963267948966 0.3 0.3 2.9664075521651054 1
0 -1.2566370614359172 1.8849555921538759 0.3 0.3 2.1070093409384962 1
0 -1.2566370614359172 2.199114857512855 0.3 0.3 4.3115030816772295 1
0 -1.2566370614359172 2.5132741228718345 0.3 0.3 0.653641925500716 1
0 -1.2566370614359172 2.827433388230814 0.3 0.3 3.6481604897458437 1
0 -0.9424777960769379 -3.141592653589793 0.3 0.3 8.355539637797127 1
0 -0.9424777960769379 -2.827433388230814 0.3 0.3 3.6641783782352877 1
0 -0.9424777960769379 -2.5132741228718345 0.3 0.3 0.0 1
0 -0.9424777960769379 -2.199114857512855 0.3 0.3 4.998390363782195 1
0 -0.9424777960769379 -1.8849555921538759 0.3 0.3 6.593127296732142 1
0 -0.9424777960769379 -1.5707963267948966 0.3 0.3 10.289499553988232 1
0 -0.9424777960769379 -1.2566370614359172 0.3 0.3 3.807021127059854 1
0 -0.9424777960769379 -0.9424777960769379 0.3 0.3 9.016859697715148 1
0 -0.9424777960769379 -0.6283185307179586 0.3 0.3 2.286604932250446 1
0 -0.9424777960769379 -0.3141592653589793 0.3 0.3 2.8016210024521184 1
0 -0.9424777960769379 0.0 0.3 0.3 4.135433356940367 1
0 -0.9424777960769379 0.3141592653589793 0.3 0.3 2.940175704196741 1
0 -0.9424777960769379 0.6283185307179586 0.3 0.3 12.170433649404613 1
0 -0.9424777960769379 0.9424777960769379 0.3 0.3 1.078295060250777 1
0 -0.9424777960769379 1.2566370614359172 0.3 0.3 5.254740213332642 1
0 -0.9424777960769379 1.5707963267948966 0.3 0.3 8.422866498170555 1
0 -0.9424777960769379 1.8849555921538759 0.3 0.3 3.6667160509018624 1
0 -0.9424777960769379 2.199114857512855 0.3 0.3 5.2971104680410885 1
0 -0.9424777960769379 2.5132741228718345 0.3 0.3 0.0 1
0 -0.9424777960769379 2.827433388230814 0.3 0.3 5.827584635764101 1
0 -0.6283185307179586 -3.141592653589793 0.3 0.3 3.4660449637035913 1
0 -0.6283185307179586 -2.827433388230814 0.3 0.3 5.752219379141467 1
0 -0.6283185307179586 -2.5132741228718345 0.3 0.3 7.109114429313155 1
0 -0.6283185307179586 -2.199114857512855 0.3 0.3 0.9480305936125069 1
0 -0.6283185307179586 -1.8849555921538759 0.3 0.3 10.260568993996948 1
0 -0.6283185307179586 -1.5707963267948966 0.3 0.3 6.55053439350629 1
0 -0.6283185307179586 -1.2566370614359172 0.3 0.3 3.9310177134386013 1
0 -0.6283185307179586 -0.9424777960769379 0.3 0.3 7.674974354052883 1
0 -0.6283185307179586 -0.6283185307179586 0.3 0.3 8.818923924900394 1
0 -0.6283185307179586 -0.3141592653589793 0.3 0.3 5.364356732235618 1
0 -0.6283185307179586 0.0 0.3 0.3 5.879957017499615 1
0 -0.6283185307179586 0.3141592653589793 0.3 0.3 4.84401055435725 1
0 -0.6283185307179586 0.6283185307179586 0.3 0.3 10.006100322529374 1
0 -0.6283185307179586 0.9424777960769379 0.3 0.3 7.934950224376897 1
0 -0.6283185307179586 1.2566370614359172 0.3 0.3 0.0 1
0 -0.6283185307179586 1.5707963267948966 0.3 0.3 7.029128475769106 1
0 -0.6283185307179586 1.8849555921538759 0.3 0.3 5.623342162284105 1
0 -0.6283185307179586 2.199114857512855 0.3 0.3 3.953427754817703 1
0 -0.6283185307179586 2.5132741228718345 0.3 0.3 8.280642076227094 1
0 -0.6283185307179586 2.827433388230814 0.3 0.3 0.0 1
0 -0.3141592653589793 -3.141592653589793 0.3 0.3 3.0630939872318788 1
0 -0.3141592653589793 -2.827433388230814 0.3 0.3 1.8341576912742548 1
0 -0.3141592653589793 -2.5132741228718345 0.3 0.3 7.099730315253744 1
0 -0.3141592653589793 -2.199114857512855 0.3 0.3 3.912936023214166 1
0 -0.3141592653589793 -1.8849555921538759 0.3 0.3 3.605448606635295 1
0 -0.3141592653589793 -1.5707963267948966 0.3 0.3 5.863058203225175 1
0 -0.3141592653589793 -1.2566370614359172 0.3 0.3 4.096116113005518 1
0 -0.3141592653589793 -0.9424777960769379 0.3 0.3 1.010134093379758 1
0 -0.3141592653589793 -0.6283185307179586 0.3 0.3 2.857940909134413 1
0 -0.3141592653589793 -0.3141592653589793 0.3 0.3 6.273967528614355 1
0 -0.3141592653589793 0.0 0.3 0.3 3.2878775173226855 1
0 -0.3141592653589793 0.3141592653589793 0.3 0.3 3.8361674915203263 1
0 -0.3141592653589793 0.6283185307179586 0.3 0.3 0.1566889677491139 1
0 -0.3141592653589793 0.9424777960769379 0.3 0.3 7.571969261587151 1
0 -0.3141592653589793 1.2566370614359172 0.3 0.3 9.248041282049247 1
0 -0.3141592653589793 1.5707963267948966 0.3 0.3 0.7555286209701175 1
0 -0.3141592653589793 1.8849555921538759 0.3 0.3 4.2375749113938594 1
0 -0.3141592653589793 2.199114857512855 0.3 0.3 3.0591383492958375 1
0 -0.3141592653589793 2.5132741228718345 0.3 0.3 2.268837317532983 1
0 -0.3141592653589793 2.827433388230814 0.3 0.3 2.350359426821314 1
0 0.0 -3.141592653589793 0.3 0.3 8.262998936231781 1
0 0.0 -2.827433388230814 0.3 0.3 4.075198427712408 1
0 0.0 -2.5132741228718345 0.3 0.3 7.040250347609726 1
0 0.0 -2.199114857512855 0.3 0.3 4.259386339356024 1
0 0.0 -1.8849555921538759 0.3 0.3 8.504663125938036 1
0 0.0 -1.5707963267948966 0.3 0.3 3.0877944351673525 1
0 0.0 -1.2566370614359172 0.3 0.3 1.1366607843556138 1
0 0.0 -0.9424777960769379 0.3 0.3 2.732084809942217 1
0 0.0 -0.6283185307179586 0.3 0.3 4.7032230613155015 1
0 0.0 -0.3141592653589793 0.3 0.3 9.290645782590126 1
0 0.0 0.0 0.3 0.3 0.46592490161302313 1
0 0.0 0.3141592653589793 0.3 0.3 7.244043677092994 1
0 0.0 0.6283185307179586 0.3 0.3 9.713940804175463 1
0 0.0 0.9424777960769379 0.3 0.3 1.1400395319048373 1
0 0.0 1.2566370614359172 0.3 0.3 8.902390298805438 1
0 0.0 1.5707963267948966 0.3 0.3 1.6748786982810815 1
0 0.0 1.8849555921538759 0.3 0.3 5.51015406019124 1
0 0.0 2.199114857512855 0.3 0.3 4.356736530349618 1
0 0.0 2.5132741228718345 0.3 0.3 0.0 1
0 0.0 2.827433388230814 0.3 0.3 0.0 1
0 0.3141592653589793 -3.141592653589793 0.3 0.3 1.2558422323203176 1
0 0.3141592653589793 -2.827433388230814 0.3 0.3 7.487195699374816 1
0 0.3141592653589793 -2.5132741228718345 0.3 0.3 5.350453423343091 1
0 0.3141592653589793 -2.199114857512855 0.3 0.3 6.273678460763207 1
0 0.3141592653589793 -1.8849555921538759 0.3 0.3 9.158050930364407 1
0 0.3141592653589793 -1.5707963267948966 0.3 0.3 7.053356298207642 1
0 0.3141592653589793 -1.2566370614359172 0.3 0.3 4.122580965385921 1
0 0.3141592653589793 -0.9424777960769379 0.3 0.3 2.482656297516406 1
0 0.3141592653589793 -0.6283185307179586 0.3 0.3 9.792786435162633 1
0 0.3141592653589793 -0.3141592653589793 0.3 0.3 6.798864012892618 1
0 0.3141592653589793 0.0 0.3 0.3 0.0 1
0 0.3141592653589793 0.3141592653589793 0.3 0.3 0.0 1
0 0.3141592653589793 0.6283185307179586 0.3 0.3 3.499310850558593 1
0 0.3141592653589793 0.9424777960769379 0.3 0.3 0.0 1
0 0.3141592653589793 1.2566370614359172 0.3 0.3 0.04793552524025291 1
0 0.3141592653589793 1.5707963267948966 0.3 0.3 0.46564448198853947 1
0 0.3141592653589793 1.8849555921538759 0.3 0.3 3.5450755384402344 1
0 0.3141592653589793 2.199114857512855 0.3 0.3 6.656950463943313 1
0 0.3141592653589793 2.5132741228718345 0.3 0.3 8.489021030233259 1
0 0.3141592653589793 2.827433388230814 0.3 0.3 4.584879835822603 1
0 0.6283185307179586 -3.141592653589793 0.3 0.3 4.379707859310927 1
0 0.6283185307179586 -2.827433388230814 0.3 0.3 5.52110908278773 1
0 0.6283185307179586 -2.5132741228718345 0.3 0.3 9.704257342218353 1
0 0.6283185307179586 -2.199114857512855 0.3 0.3 4.061924033287551 1
0 0.6283185307179586 -1.8849555921538759 0.3 0.3 3.826373280812002 1
0 0.6283185307179586 -1.5707963267948966 0.3 0.3 4.199692943387287 1
0 0.6283185307179586 -1.2566370614359172 0.3 0.3 5.891334178469384 1
0 0.6283185307179586 -0.9424777960769379 0.3 0.3 2.9614446377287083 1
0 0.6283185307179586 -0.6283185307179586 0.3 0.3 5.602585014645625 1
0 0.6283185307179586 -0.3141592653589793 0.3 0.3 8.791794207251744 1
0 0.6283185307179586 0.0 0.3 0.3 12.427865832286196 1
0 0.6283185307179586 0.3141592653589793 0.3 0.3 4.079566476377599 1
0 0.6283185307179586 0.6283185307179586 0.3 0.3 4.00474753430982 1
0 0.6283185307179586 0.9424777960769379 0.3 0.3 3.6742506344005164 1
0 0.6283185307179586 1.2566370614359172 0.3 0.3 0.5774252310770756 1
0 0.6283185307179586 1.5707963267948966 0.3 0.3 2.6545802430938488 1
0 0.6283185307179586 1.8849555921538759 0.3 0.3 2.9322074581986945 1
0 0.6283185307179586 2.199114857512855 0.3 0.3 5.063886268449334 1
0 0.6283185307179586 2.5132741228718345 0.3 0.3 12.012296448422973 1
0 0.6283185307179586 2.827433388230814 0.3 0.3 6.999614220092181 1
0 0.9424777960769379 -3.141592653589793 0.3 0.3 4.163773545649245 1
0 0.9424777960769379 -2.827433388230814 0.3 0.3 3.9788587481133044 1
0 0.9424777960769379 -2.5132741228718345 0.3 0.3 0.0 1
0 0.9424777960769379 -2.199114857512855 0.3 0.3 8.038781077551986 1
0 0.9424777960769379 -1.8849555921538759 0.3 0.3 3.6193442358621146 1
0 0.9424777960769379 -1.5707963267948966 0.3 0.3 0.0 1
0 0.9424777960769379 -1.2566370614359172 0.3 0.3 10.11692477919992 1
0 0.9424777960769379 -0.9424777960769379 0.3 0.3 9.904926484934881 1
0 0.9424777960769379 -0.6283185307179586 0.3 0.3 2.0770369175878094 1
0 0.9424777960769379 -0.3141592653589793 0.3 0.3 3.9034414857301583 1
0 0.9424777960769379 0.0 0.3 0.3 1.3833391139191786 1
0 0.9424777960769379 0.3141592653589793 0.3 0.3 8.009456524599274 1
0 0.9424777960769379 0.6283185307179586 0.3 0.3 6.705798881409481 1
0 0.9424777960769379 0.9424777960769379 0.3 0.3 0.7267073893847598 1
0 0.9424777960769379 1.2566370614359172 0.3 0.3 11.05394045847725 1
0 0.9424777960769379 1.5707963267948966 0.3 0.3 11.12597425114769 1
0 0.9424777960769379 1.8849555921538759 0.3 0.3 5.1531681033111045 1
0 0.9424777960769379 2.199114857512855 0.3 0.3 4.819348019971892 1
0 0.9424777960769379 2.5132741228718345 0.3 0.3 2.6092174642233434 1
0 0.9424777960769379 2.827433388230814 0.3 0.3 9.394519923092998 1
0 1.2566370614359172 -3.141592653589793 0.3 0.3 1.2362947678670315 1
0 1.2566370614359172 -2.827433388230814 0.3 0.3 2.5587582143338823 1
0 1.2566370614359172 -2.5132741228718345 0.3 0.3 6.820212239196836 1
0 1.2566370614359172 -2.199114857512855 0.3 0.3 3.785332325479585 1
0 1.2566370614359172 -1.8849555921538759 0.3 0.3 5.357516462024931 1
0 1.2566370614359172 -1.5707963267948966 0.3 0.3 12.901305345555413 1
0 1.2566370614359172 -1.2566370614359172 0.3 0.3 2.790682614301697 1
0 1.2566370614359172 -0.9424777960769379 0.3 0.3 9.260954630924696 1
0 1.2566370614359172 -0.6283185307179586 0.3 0.3 10.420929044172103 1
0 1.2566370614359172 -0.3141592653589793 0.3 0.3 9.07749222324973 1
0 1.2566370614359172 0.0 0.3 0.3 0.0 1
0 1.2566370614359172 0.3141592653589793 0.3 0.3 5.047551284117152 1
0 1.2566370614359172 0.6283185307179586 0.3 0.3 1.299270159314161 1
0 1.2566370614359172 0.9424777960769379 0.3 0.3 2.6925136607243108 1
0 1.2566370614359172 1.2566370614359172 0.3 0.3 4.372019463060228 1
0 1.2566370614359172 1.5707963267948966 0.3 0.3 2.3816301659262824 1
0 1.2566370614359172 1.8849555921538759 0.3 0.3 4.936170010804851 1
0 1.2566370614359172 2.199114857512855 0.3 0.3 3.4140628429779096 1
0 1.2566370614359172 2.5132741228718345 0.3 0.3 3.136515799835611 1
0 1.2566370614359172 2.827433388230814 0.3 0.3 0.0 1
0 1.5707963267948966 -3.141592653589793 0.3 0.3 10.670844831891241 1
0 1.5707963267948966 -2.827433388230814 0.3 0.3 6.962731321328564 1
0 1.5707963267948966 -2.5132741228718345 0.3 0.3 1.9548113919147223 1
0 1.5707963267948966 -2.199114857512855 0.3 0.3 6.055767202945289 1
0 1.5707963267948966 -1.8849555921538759 0.3 0.3 6.942085525452676 1
0 1.5707963267948966 -1.5707963267948966 0.3 0.3 7.369921336665108 1
0 1.5707963267948966 -1.2566370614359172 0.3 0.3 3.319359206729585 1
0 1.5707963267948966 -0.9424777960769379 0.3 0.3 4.345728730806834 1
0 1.5707963267948966 -0.6283185307179586 0.3 0.3 13.62025728430834 1
0 1.5707963267948966 -0.3141592653589793 0.3 0.3 7.653260616963977 1
0 1.5707963267948966 0.0 0.3 0.3 4.065844712532707 1
0 1.5707963267948966 0.3141592653589793 0.3 0.3 9.157289372572091 1
0 1.5707963267948966 0.6283185307179586 0.3 0.3 10.029854821501798 1
0 1.5707963267948966 0.9424777960769379 0.3 0.3 1.0544737979783836 1
0 1.5707963267948966 1.2566370614359172 0.3 0.3 7.458483718642869 1
0 1.5707963267948966 1.5707963267948966 0.3 0.3 2.1839727538848535 1
0 1.5707963267948966 1.8849555921538759 0.3 0.3 8.309346605902991 1
0 1.5707963267948966 2.199114857512855 0.3 0.3 2.563824584327972 1
0 1.5707963267948966 2.5132741228718345 0.3 0.3 9.997321167465536 1
0 1.5707963267948966 2.827433388230814 0.3 0.3 1.5868692200176322 1
0 1.8849555921538759 -3.141592653589793 0.3 0.3 6.129666993358084 1
0 1.8849555921538759 -2.827433388230814 0.3 0.3 1.105015614905838 1
0 1.8849555921538759 -2.5132741228718345 0.3 0.3 8.023148795261912 1
0 1.8849555921538759 -2.199114857512855 0.3 0.3 6.032959127869697 1
0 1.8849555921538759 -1.8849555921538759 0.3 0.3 0.2205497758906425 1
0 1.8849555921538759 -1.5707963267948966 0.3 0.3 1.2103618152544617 1
0 1.8849555921538759 -1.2566370614359172 0.3 0.3 0.0 1
0 1.8849555921538759 -0.9424777960769379 0.3 0.3 0.0 1
0 1.8849555921538759 -0.6283185307179586 0.3 0.3 8.159837878920987 1
0 1.8849555921538759 -0.3141592653589793 0.3 0.3 5.723881207124588 1
0 1.8849555921538759 0.0 0.3 0.3 5.799337247766392 1
0 1.8849555921538759 0.3141592653589793 0.3 0.3 1.911773892635223 1
0 1.8849555921538759 0.6283185307179586 0.3 0.3 12.574975398290938 1
0 1.8849555921538759 0.9424777960769379 0.3 0.3 5.485244775043236 1
0 1.8849555921538759 1.2566370614359172 0.3 0.3 0.8843521039158826 1
0 1.8849555921538759 1.5707963267948966 0.3 0.3 1.0200849121888658 1
0 1.8849555921538759 1.8849555921538759 0.3 0.3 7.906403628261722 1
0 1.8849555921538759 2.199114857512855 0.3 0.3 12.814016234122981 1
0 1.8849555921538759 2.5132741228718345 0.3 0.3 7.847162445003645 1
0 1.8849555921538759 2.827433388230814 0.3 0.3 3.329397566730099 1
0 2.199114857512855 -3.141592653589793 0.3 0.3 10.498930840427946 1
0 2.199114857512855 -2.827433388230814 0.3 0.3 4.683142552589757 1
0 2.199114857512855 -2.5132741228718345 0.3 0.3 0.8633631828896571 1
0 2.199114857512855 -2.199114857512855 0.3 0.3 0.0 1
0 2.199114857512855 -1.8849555921538759 0.3 0.3 3.2662230782255497 1
0 2.199114857512855 -1.5707963267948966 0.3 0.3 7.507045791677211 1
0 2.199114857512855 -1.2566370614359172 0.3 0.3 0.0 1
0 2.199114857512855 -0.9424777960769379 0.3 0.3 0.8322791697543404 1
0 2.199114857512855 -0.6283185307179586 0.3 0.3 2.1485072906723426 1
0 2.199114857512855 -0.3141592653589793 0.3 0.3 1.4529373962490872 1
0 2.199114857512855 0.0 0.3 0.3 3.219970122429423 1
0 2.199114857512855 0.3141592653589793 0.3 0.3 4.510473316957917 1
0 2.199114857512855 0.6283185307179586 0.3 0.3 3.9230662111214176 1
0 2.199114857512855 0.9424777960769379 0.3 0.3 15.0 1
0 2.199114857512855 1.2566370614359172 0.3 0.3 4.445666969072029 1
0 2.199114857512855 1.5707963267948966 0.3 0.3 0.6393045409846823 1
0 2.199114857512855 1.8849555921538759 0.3 0.3 2.4696631734619627 1
0 2.199114857512855 2.199114857512855 0.3 0.3 5.280189387583808 1
0 2.199114857512855 2.5132741228718345 0.3 0.3 12.257083679133034 1
0 2.199114857512855 2.827433388230814 0.3 0.3 1.7484050448888366 1
0 2.5132741228718345 -3.141592653589793 0.3 0.3 5.031314445237352 1
0 2.5132741228718345 -2.827433388230814 0.3 0.3 11.033890912400341 1
0 2.5132741228718345 -2.5132741228718345 0.3 0.3 5.806465661556185 1
0 2.5132741228718345 -2.199114857512855 0.3 0.3 9.201265160897961 1
0 2.5132741228718345 -1.8849555921538759 0.3 0.3 6.5989603254514435 1
0 2.5132741228718345 -1.5707963267948966 0.3 0.3 8.739340463366872 1
0 2.5132741228718345 -1.2566370614359172 0.3 0.3 2.9830964912702767 1
0 2.5132741228718345 -0.9424777960769379 0.3 0.3 3.908835101605052 1
0 2.5132741228718345 -0.6283185307179586 0.3 0.3 6.785241744669772 1
0 2.5132741228718345 -0.3141592653589793 0.3 0.3 2.4346859847015567 1
0 2.5132741228718345 0.0 0.3 0.3 8.898150350640446 1
0 2.5132741228718345 0.3141592653589793 0.3 0.3 3.603536230696332 1
0 2.5132741228718345 0.6283185307179586 0.3 0.3 0.0 1
0 2.5132741228718345 0.9424777960769379 0.3 0.3 0.0 1
0 2.5132741228718345 1.2566370614359172 0.3 0.3 3.2060819427211174 1
0 2.5132741228718345 1.5707963267948966 0.3 0.3 10.763980458443314 1
0 2.5132741228718345 1.8849555921538759 0.3 0.3 5.444769538554441 1
0 2.5132741228718345 2.199114857512855 0.3 0.3 6.895255245498463 1
0 2.5132741228718345 2.5132741228718345 0.3 0.3 6.23065031579811 1
0 2.5132741228718345 2.827433388230814 0.3 0.3 3.195798189575835 1
0 2.827433388230814 -3.141592653589793 0.3 0.3 3.992951482369027 1
0 2.827433388230814 -2.827433388230814 0.3 0.3 6.365407577591931 1
0 2.827433388230814 -2.5132741228718345 0.3 0.3 8.262112685548477 1
0 2.827433388230814 -2.199114857512855 0.3 0.3 3.2906969187346653 1
0 2.827433388230814 -1.8849555921538759 0.3 0.3 9.74825751782295 1
0 2.827433388230814 -1.5707963267948966 0.3 0.3 7.572398634705201 1
0 2.827433388230814 -1.2566370614359172 0.3 0.3 7.357595954069747 1
0 2.827433388230814 -0.9424777960769379 0.3 0.3 0.5678931998435429 1
0 2.827433388230814 -0.6283185307179586 0.3 0.3 4.655287140206035 1
0 2.827433388230814 -0.3141592653589793 0.3 0.3 7.670927715952589 1
0 2.827433388230814 0.0 0.3 0.3 3.3317191508792234 1
0 2.827433388230814 0.3141592653589793 0.3 0.3 12.198143221201434 1
0 2.827433388230814 0.6283185307179586 0.3 0.3 4.678694074373206 1
0 2.827433388230814 0.9424777960769379 0.3 0.3 10.449656637684178 1
0 2.827433388230814 1.2566370614359172 0.3 0.3 0.38558783092993454 1
0 2.827433388230814 1.5707963267948966 0.3 0.3 2.493416932682188 1
0 2.827433388230814 1.8849555921538759 0.3 0.3 3.2240850756173374 1
0 2.827433388230814 2.199114857512855 0.3 0.3 6.872112226815503 1
0 2.827433388230814 2.5132741228718345 0.3 0.3 3.9628121552273985 1
0 2.827433388230814 2.827433388230814 0.3 0.3 2.722514638757741 1
