#! FIELDS time phi psi sigma_phi sigma_psi height biasf
                        #! SET multivariate false
                        #! SET kerneltype stretched-gaussian
                        #! SET min_phi -pi
                        #! SET max_phi pi
                        #! SET min_psi -pi
                        #! SET max_psi pi
0 -3.141592653589793 -3.141592653589793 0.15 0.15 6.07842405877298 1
0 -3.141592653589793 -2.0943951023931957 0.15 0.15 6.109018311984691 1
0 -3.141592653589793 -1.0471975511965983 0.15 0.15 5.101134429220726 1
0 -3.141592653589793 -8.881784197001252e-16 0.15 0.15 5.3207418595109965 1
0 -3.141592653589793 1.0471975511965965 0.15 0.15 4.993974366320509 1
0 -3.141592653589793 2.094395102393194 0.15 0.15 4.397114681087311 1
0 -2.0943951023931957 -3.141592653589793 0.15 0.15 7.3911602210765714 1
0 -2.0943951023931957 -2.0943951023931957 0.15 0.15 4.794521524251591 1
0 -2.0943951023931957 -1.0471975511965983 0.15 0.15 4.804921520241044 1
0 -2.0943951023931957 -8.881784197001252e-16 0.15 0.15 4.278714246121807 1
0 -2.0943951023931957 1.0471975511965965 0.15 0.15 4.675903761450767 1
0 -2.0943951023931957 2.094395102393194 0.15 0.15 5.188884065914248 1
0 -1.0471975511965983 -3.141592653589793 0.15 0.15 6.238345341207782 1
0 -1.0471975511965983 -2.0943951023931957 0.15 0.15 4.716432757774618 1
0 -1.0471975511965983 -1.0471975511965983 0.15 0.15 6.340821436928897 1
0 -1.0471975511965983 -8.881784197001252e-16 0.15 0.15 6.002979834142099 1
0 -1.0471975511965983 1.0471975511965965 0.15 0.15 7.722406776173273 1
0 -1.0471975511965983 2.094395102393194 0.15 0.15 5.534794858657682 1
0 -8.881784197001252e-16 -3.141592653589793 0.15 0.15 7.834187158801107 1
0 -8.881784197001252e-16 -2.0943951023931957 0.15 0.15 7.7954511659256305 1
0 -8.881784197001252e-16 -1.0471975511965983 0.15 0.15 4.929712004179869 1
0 -8.881784197001252e-16 -8.881784197001252e-16 0.15 0.15 5.0363996110747635 1
0 -8.881784197001252e-16 1.0471975511965965 0.15 0.15 6.977485842719392 1
0 -8.881784197001252e-16 2.094395102393194 0.15 0.15 5.951029078906163 1
0 1.0471975511965965 -3.141592653589793 0.15 0.15 7.071680399097695 1
0 1.0471975511965965 -2.0943951023931957 0.15 0.15 6.3512483537689075 1
0 1.0471975511965965 -1.0471975511965983 0.15 0.15 6.685679793753799 1
0 1.0471975511965965 -8.881784197001252e-16 0.15 0.15 8.246377328985002 1
0 1.0471975511965965 1.0471975511965965 0.15 0.15 5.20632860941919 1
0 1.0471975511965965 2.094395102393194 0.15 0.15 7.317099907644676 1
0 2.094395102393194 -3.141592653589793 0.15 0.15 6.2430308528481575 1
0 2.094395102393194 -2.0943951023931957 0.15 0.15 5.870853257340279 1
0 2.094395102393194 -1.0471975511965983 0.15 0.15 6.43524586059947 1
0 2.094395102393194 -8.881784197001252e-16 0.15 0.15 5.032022115282863 1
0 2.094395102393194 1.0471975511965965 0.15 0.15 6.230859198918608 1
0 2.094395102393194 2.094395102393194 0.15 0.15 5.2839982668380765 1
