#! FIELDS time phi psi sigma_phi sigma_psi height biasf
                        #! SET multivariate false
                        #! SET kerneltype stretched-gaussian
                        #! SET min_phi -pi
                        #! SET max_phi pi
                        #! SET min_psi -pi
                        #! SET max_psi pi
0 -3.141592653589793 -3.141592653589793 0.3 0.3 3.977741451270099 1
0 -3.141592653589793 -2.827433388230814 0.3 0.3 1.2997521704037154 1
0 -3.141592653589793 -2.5132741228718345 0.3 0.3 0.0 1
0 -3.141592653589793 -2.199114857512855 0.3 0.3 6.182774912550036 1
0 -3.141592653589793 -1.8849555921538759 0.3 0.3 10.935311485543195 1
0 -3.141592653589793 -1.5707963267948966 0.3 0.3 7.285229680563055 1
0 -3.141592653589793 -1.2566370614359172 0.3 0.3 2.4462360797947875 1
0 -3.141592653589793 -0.9424777960769379 0.3 0.3 0.024919312273329552 1
0 -3.141592653589793 -0.6283185307179586 0.3 0.3 0.0 1
0 -3.141592653589793 -0.3141592653589793 0.3 0.3 2.1132372460105318 1
0 -3.141592653589793 0.0 0.3 0.3 6.43850649480519 1
0 -3.141592653589793 0.3141592653589793 0.3 0.3 4.34937451557512 1
0 -3.141592653589793 0.6283185307179586 0.3 0.3 10.14814419130774 1
0 -3.141592653589793 0.9424777960769379 0.3 0.3 5.829057709684062 1
0 -3.141592653589793 1.2566370614359172 0.3 0.3 2.269861637708832 1
0 -3.141592653589793 1.5707963267948966 0.3 0.3 2.386347568407733 1
0 -3.141592653589793 1.8849555921538759 0.3 0.3 0.0 1
0 -3.141592653589793 2.199114857512855 0.3 0.3 4.728079997878514 1
0 -3.141592653589793 2.5132741228718345 0.3 0.3 6.003215393017488 1
0 -3.141592653589793 2.827433388230814 0.3 0.3 1.4781591082680208 1
0 -2.827433388230814 -3.141592653589793 0.3 0.3 5.521624931133587 1
0 -2.827433388230814 -2.827433388230814 0.3 0.3 7.089693103978654 1
0 -2.827433388230814 -2.5132741228718345 0.3 0.3 8.177849684296282 1
0 -2.827433388230814 -2.199114857512855 0.3 0.3 7.003468576366597 1
0 -2.827433388230814 -1.8849555921538759 0.3 0.3 6.0359018366549435 1
0 -2.827433388230814 -1.5707963267948966 0.3 0.3 4.779043159786765 1
0 -2.827433388230814 -1.2566370614359172 0.3 0.3 0.7292759817591787 1
0 -2.827433388230814 -0.9424777960769379 0.3 0.3 7.00906889893911 1
0 -2.827433388230814 -0.6283185307179586 0.3 0.3 6.637765604570617 1
0 -2.827433388230814 -0.3141592653589793 0.3 0.3 0.0 1
0 -2.827433388230814 0.0 0.3 0.3 9.168304226739124 1
0 -2.827433388230814 0.3141592653589793 0.3 0.3 8.089973215676322 1
0 -2.827433388230814 0.6283185307179586 0.3 0.3 11.948828527026361 1
0 -2.827433388230814 0.9424777960769379 0.3 0.3 5.319257686860937 1
0 -2.827433388230814 1.2566370614359172 0.3 0.3 7.601761071622871 1
0 -2.827433388230814 1.5707963267948966 0.3 0.3 4.8656240790745375 1
0 -2.827433388230814 1.8849555921538759 0.3 0.3 0.0 1
0 -2.827433388230814 2.199114857512855 0.3 0.3 0.8347991581538659 1
0 -2.827433388230814 2.5132741228718345 0.3 0.3 5.915543748958288 1
0 -2.827433388230814 2.827433388230814 0.3 0.3 6.47251773495499 1
0 -2.5132741228718345 -3.141592653589793 0.3 0.3 4.197978288251769 1
0 -2.5132741228718345 -2.827433388230814 0.3 0.3 0.31905935095510296 1
0 -2.5132741228718345 -2.5132741228718345 0.3 0.3 2.81050237566277 1
0 -2.5132741228718345 -2.199114857512855 0.3 0.3 2.2485339499592145 1
0 -2.5132741228718345 -1.8849555921538759 0.3 0.3 2.3197698173815886 1
0 -2.5132741228718345 -1.5707963267948966 0.3 0.3 6.681316191323325 1
0 -2.5132741228718345 -1.2566370614359172 0.3 0.3 2.837860441335269 1
0 -2.5132741228718345 -0.9424777960769379 0.3 0.3 3.652631158453809 1
0 -2.5132741228718345 -0.6283185307179586 0.3 0.3 0.9454266905485258 1
0 -2.5132741228718345 -0.3141592653589793 0.3 0.3 5.381525970573971 1
0 -2.5132741228718345 0.0 0.3 0.3 4.749051835802662 1
0 -2.5132741228718345 0.3141592653589793 0.3 0.3 0.0 1
0 -2.5132741228718345 0.6283185307179586 0.3 0.3 1.4019803610343318 1
0 -2.5132741228718345 0.9424777960769379 0.3 0.3 1.9088984472729582 1
0 -2.5132741228718345 1.2566370614359172 0.3 0.3 1.8802839110602134 1
0 -2.5132741228718345 1.5707963267948966 0.3 0.3 4.963383954380942 1
0 -2.5132741228718345 1.8849555921538759 0.3 0.3 9.810886456734623 1
0 -2.5132741228718345 2.199114857512855 0.3 0.3 7.351202080215454 1
0 -2.5132741228718345 2.5132741228718345 0.3 0.3 8.726238760397317 1
0 -2.5132741228718345 2.827433388230814 0.3 0.3 10.244839563699816 1
0 -2.199114857512855 -3.141592653589793 0.3 0.3 11.888295929409193 1
0 -2.199114857512855 -2.827433388230814 0.3 0.3 12.641649860115859 1
0 -2.199114857512855 -2.5132741228718345 0.3 0.3 8.522099586780294 1
0 -2.199114857512855 -2.199114857512855 0.3 0.3 5.97278062363623 1
0 -2.199114857512855 -1.8849555921538759 0.3 0.3 0.8791964230958196 1
0 -2.199114857512855 -1.5707963267948966 0.3 0.3 0.779618076747258 1
0 -2.199114857512855 -1.2566370614359172 0.3 0.3 7.66562230752374 1
0 -2.199114857512855 -0.9424777960769379 0.3 0.3 9.897997518717514 1
0 -2.199114857512855 -0.6283185307179586 0.3 0.3 4.898168054868572 1
0 -2.199114857512855 -0.3141592653589793 0.3 0.3 3.5848045628072107 1
0 -2.199114857512855 0.0 0.3 0.3 5.8836911822663565 1
0 -2.199114857512855 0.3141592653589793 0.3 0.3 6.992596945579079 1
0 -2.199114857512855 0.6283185307179586 0.3 0.3 11.532009622267008 1
0 -2.199114857512855 0.9424777960769379 0.3 0.3 7.6477931342370775 1
0 -2.199114857512855 1.2566370614359172 0.3 0.3 9.123550492555863 1
0 -2.199114857512855 1.5707963267948966 0.3 0.3 13.976242652976712 1
0 -2.199114857512855 1.8849555921538759 0.3 0.3 9.163741002292925 1
0 -2.199114857512855 2.199114857512855 0.3 0.3 9.883841845640593 1
0 -2.199114857512855 2.5132741228718345 0.3 0.3 7.509570408521993 1
0 -2.199114857512855 2.827433388230814 0.3 0.3 10.156266459538415 1
0 -1.8849555921538759 -3.141592653589793 0.3 0.3 3.7974765181875156 1
0 -1.8849555921538759 -2.827433388230814 0.3 0.3 8.187128833183884 1
0 -1.8849555921538759 -2.5132741228718345 0.3 0.3 0.9961094464336261 1
0 -1.8849555921538759 -2.199114857512855 0.3 0.3 7.539539268059548 1
0 -1.8849555921538759 -1.8849555921538759 0.3 0.3 8.147219573471125 1
0 -1.8849555921538759 -1.5707963267948966 0.3 0.3 2.2497849227311617 1
0 -1.8849555921538759 -1.2566370614359172 0.3 0.3 1.7506732018048108 1
0 -1.8849555921538759 -0.9424777960769379 0.3 0.3 9.804768296638203 1
0 -1.8849555921538759 -0.6283185307179586 0.3 0.3 5.284551551202895 1
0 -1.8849555921538759 -0.3141592653589793 0.3 0.3 7.978343525295901 1
0 -1.8849555921538759 0.0 0.3 0.3 9.916997575409141 1
0 -1.8849555921538759 0.3141592653589793 0.3 0.3 6.30971941543101 1
0 -1.8849555921538759 0.6283185307179586 0.3 0.3 9.075204022248279 1
0 -1.8849555921538759 0.9424777960769379 0.3 0.3 5.208185946816265 1
0 -1.8849555921538759 1.2566370614359172 0.3 0.3 2.8779956267372504 1
0 -1.8849555921538759 1.5707963267948966 0.3 0.3 4.2449863058737485 1
0 -1.8849555921538759 1.8849555921538759 0.3 0.3 12.124197225702863 1
0 -1.8849555921538759 2.199114857512855 0.3 0.3 4.951183342795985 1
0 -1.8849555921538759 2.5132741228718345 0.3 0.3 0.9356690173603335 1
0 -1.8849555921538759 2.827433388230814 0.3 0.3 9.91025217983476 1
0 -1.5707963267948966 -3.141592653589793 0.3 0.3 0.0 1
0 -1.5707963267948966 -2.827433388230814 0.3 0.3 6.024756576997416 1
0 -1.5707963267948966 -2.5132741228718345 0.3 0.3 4.938027147999342 1
0 -1.5707963267948966 -2.199114857512855 0.3 0.3 1.6710532528004172 1
0 -1.5707963267948966 -1.8849555921538759 0.3 0.3 4.288782907991125 1
0 -1.5707963267948966 -1.5707963267948966 0.3 0.3 7.141404988486694 1
0 -1.5707963267948966 -1.2566370614359172 0.3 0.3 6.274497730657976 1
0 -1.5707963267948966 -0.9424777960769379 0.3 0.3 4.772111199545068 1
0 -1.5707963267948966 -0.6283185307179586 0.3 0.3 14.221297838980544 1
0 -1.5707963267948966 -0.3141592653589793 0.3 0.3 3.1892481438232485 1
0 -1.5707963267948966 0.0 0.3 0.3 3.089559789294166 1
0 -1.5707963267948966 0.3141592653589793 0.3 0.3 9.498870450160435 1
0 -1.5707963267948966 0.6283185307179586 0.3 0.3 2.589660551141533 1
0 -1.5707963267948966 0.9424777960769379 0.3 0.3 5.819029587913983 1
0 -1.5707963267948966 1.2566370614359172 0.3 0.3 13.760021988828587 1
0 -1.5707963267948966 1.5707963267948966 0.3 0.3 7.780525488089032 1
0 -1.5707963267948966 1.8849555921538759 0.3 0.3 4.595569340940365 1
0 -1.5707963267948966 2.199114857512855 0.3 0.3 6.169807508440923 1
0 -1.5707963267948966 2.5132741228718345 0.3 0.3 12.88185385799877 1
0 -1.5707963267948966 2.827433388230814 0.3 0.3 5.545145290171267 1
0 -1.2566370614359172 -3.141592653589793 0.3 0.3 4.250499037305511 1
0 -1.2566370614359172 -2.827433388230814 0.3 0.3 3.216571486466374 1
0 -1.2566370614359172 -2.5132741228718345 0.3 0.3 1.2986223457205566 1
0 -1.2566370614359172 -2.199114857512855 0.3 0.3 3.765696353150246 1
0 -1.2566370614359172 -1.8849555921538759 0.3 0.3 3.5891844421508994 1
0 -1.2566370614359172 -1.5707963267948966 0.3 0.3 0.3596530128347757 1
0 -1.2566370614359172 -1.2566370614359172 0.3 0.3 4.78800327831206 1
0 -1.2566370614359172 -0.9424777960769379 0.3 0.3 5.466112377104074 1
0 -1.2566370614359172 -0.6283185307179586 0.3 0.3 0.07140295618698955 1
0 -1.2566370614359172 -0.3141592653589793 0.3 0.3 3.9865528826939673 1
0 -1.2566370614359172 0.0 0.3 0.3 6.044856088434457 1
0 -1.2566370614359172 0.3141592653589793 0.3 0.3 7.278217926733658 1
0 -1.2566370614359172 0.6283185307179586 0.3 0.3 0.0 1
0 -1.2566370614359172 0.9424777960769379 0.3 0.3 5.753252563834758 1
0 -1.2566370614359172 1.2566370614359172 0.3 0.3 2.989472797196784 1
0 -1.2566370614359172 1.5707963267948966 0.3 0.3 3.2465533764347683 1
0 -1.2566370614359172 1.8849555921538759 0.3 0.3 3.2040152369262627 1
0 -1.2566370614359172 2.199114857512855 0.3 0.3 0.0 1
0 -1.2566370614359172 2.5132741228718345 0.3 0.3 2.8179870580754303 1
0 -1.2566370614359172 2.827433388230814 0.3 0.3 7.111719049275239 1
0 -0.9424777960769379 -3.141592653589793 0.3 0.3 11.453591821070901 1
0 -0.9424777960769379 -2.827433388230814 0.3 0.3 8.19211065153499 1
0 -0.9424777960769379 -2.5132741228718345 0.3 0.3 5.25305818487457 1
0 -0.9424777960769379 -2.199114857512855 0.3 0.3 4.39250497176196 1
0 -0.9424777960769379 -1.8849555921538759 0.3 0.3 2.014320094782254 1
0 -0.9424777960769379 -1.5707963267948966 0.3 0.3 11.330534764019047 1
0 -0.9424777960769379 -1.2566370614359172 0.3 0.3 7.250670855303668 1
0 -0.9424777960769379 -0.9424777960769379 0.3 0.3 7.017918205454171 1
0 -0.9424777960769379 -0.6283185307179586 0.3 0.3 5.773314922272152 1
0 -0.9424777960769379 -0.3141592653589793 0.3 0.3 4.043102775083853 1
0 -0.9424777960769379 0.0 0.3 0.3 12.400455073416927 1
0 -0.9424777960769379 0.3141592653589793 0.3 0.3 5.021806163009117 1
0 -0.9424777960769379 0.6283185307179586 0.3 0.3 11.731582574064907 1
0 -0.9424777960769379 0.9424777960769379 0.3 0.3 3.3783734717085583 1
0 -0.9424777960769379 1.2566370614359172 0.3 0.3 9.388175129537974 1
0 -0.9424777960769379 1.5707963267948966 0.3 0.3 14.614125096759523 1
0 -0.9424777960769379 1.8849555921538759 0.3 0.3 0.8892266061759728 1
0 -0.9424777960769379 2.199114857512855 0.3 0.3 7.96631388595306 1
0 -0.9424777960769379 2.5132741228718345 0.3 0.3 0.2260831459998367 1
0 -0.9424777960769379 2.827433388230814 0.3 0.3 6.6628005298564315 1
0 -0.6283185307179586 -3.141592653589793 0.3 0.3 4.473550891948217 1
0 -0.6283185307179586 -2.827433388230814 0.3 0.3 8.319540253155129 1
0 -0.6283185307179586 -2.5132741228718345 0.3 0.3 0.0 1
0 -0.6283185307179586 -2.199114857512855 0.3 0.3 5.3112876497822885 1
0 -0.6283185307179586 -1.8849555921538759 0.3 0.3 7.842533094642746 1
0 -0.6283185307179586 -1.5707963267948966 0.3 0.3 4.140549630918622 1
0 -0.6283185307179586 -1.2566370614359172 0.3 0.3 5.177212138790763 1
0 -0.6283185307179586 -0.9424777960769379 0.3 0.3 12.02803827768297 1
0 -0.6283185307179586 -0.6283185307179586 0.3 0.3 4.927053317177759 1
0 -0.6283185307179586 -0.3141592653589793 0.3 0.3 8.936642301956539 1
0 -0.6283185307179586 0.0 0.3 0.3 9.63085564880368 1
0 -0.6283185307179586 0.3141592653589793 0.3 0.3 5.591544172170643 1
0 -0.6283185307179586 0.6283185307179586 0.3 0.3 5.905808149254741 1
0 -0.6283185307179586 0.9424777960769379 0.3 0.3 5.692248377004125 1
0 -0.6283185307179586 1.2566370614359172 0.3 0.3 3.0938819222931158 1
0 -0.6283185307179586 1.5707963267948966 0.3 0.3 7.21117465078017 1
0 -0.6283185307179586 1.8849555921538759 0.3 0.3 6.328684670785438 1
0 -0.6283185307179586 2.199114857512855 0.3 0.3 6.833643412899551 1
0 -0.6283185307179586 2.5132741228718345 0.3 0.3 8.830127674352951 1
0 -0.6283185307179586 2.827433388230814 0.3 0.3 6.853230101476625 1
0 -0.3141592653589793 -3.141592653589793 0.3 0.3 0.0 1
0 -0.3141592653589793 -2.827433388230814 0.3 0.3 7.791092166043644 1
0 -0.3141592653589793 -2.5132741228718345 0.3 0.3 9.588449767789722 1
0 -0.3141592653589793 -2.199114857512855 0.3 0.3 8.390400253085172 1
0 -0.3141592653589793 -1.8849555921538759 0.3 0.3 4.3796715339106544 1
0 -0.3141592653589793 -1.5707963267948966 0.3 0.3 13.895124939520091 1
0 -0.3141592653589793 -1.2566370614359172 0.3 0.3 9.662466339276778 1
0 -0.3141592653589793 -0.9424777960769379 0.3 0.3 0.0 1
0 -0.3141592653589793 -0.6283185307179586 0.3 0.3 5.344547032537708 1
0 -0.3141592653589793 -0.3141592653589793 0.3 0.3 3.711696762371652 1
0 -0.3141592653589793 0.0 0.3 0.3 3.1800741067821887 1
0 -0.3141592653589793 0.3141592653589793 0.3 0.3 2.364832290824903 1
0 -0.3141592653589793 0.6283185307179586 0.3 0.3 0.7451236782542776 1
0 -0.3141592653589793 0.9424777960769379 0.3 0.3 5.653234867595761 1
0 -0.3141592653589793 1.2566370614359172 0.3 0.3 9.106656525865779 1
0 -0.3141592653589793 1.5707963267948966 0.3 0.3 3.937795889768352 1
0 -0.3141592653589793 1.8849555921538759 0.3 0.3 8.740702314654403 1
0 -0.3141592653589793 2.199114857512855 0.3 0.3 10.533154239050578 1
0 -0.3141592653589793 2.5132741228718345 0.3 0.3 3.637392102898472 1
0 -0.3141592653589793 2.827433388230814 0.3 0.3 5.882024126284692 1
0 0.0 -3.141592653589793 0.3 0.3 3.821228844077816 1
0 0.0 -2.827433388230814 0.3 0.3 6.234402664660394 1
0 0.0 -2.5132741228718345 0.3 0.3 2.425935617383829 1
0 0.0 -2.199114857512855 0.3 0.3 9.6502870023794 1
0 0.0 -1.8849555921538759 0.3 0.3 3.7548026333299824 1
0 0.0 -1.5707963267948966 0.3 0.3 4.398451797781731 1
0 0.0 -1.2566370614359172 0.3 0.3 2.0960708144386007 1
0 0.0 -0.9424777960769379 0.3 0.3 5.82317111926754 1
0 0.0 -0.6283185307179586 0.3 0.3 5.567448486194614 1
0 0.0 -0.3141592653589793 0.3 0.3 10.130521553558737 1
0 0.0 0.0 0.3 0.3 1.2922213749300273 1
0 0.0 0.3141592653589793 0.3 0.3 2.5089332624166865 1
0 0.0 0.6283185307179586 0.3 0.3 14.484031912183715 1
0 0.0 0.9424777960769379 0.3 0.3 3.1336325675195864 1
0 0.0 1.2566370614359172 0.3 0.3 2.0810925022500246 1
0 0.0 1.5707963267948966 0.3 0.3 8.83094515925051 1
0 0.0 1.8849555921538759 0.3 0.3 7.471239947185795 1
0 0.0 2.199114857512855 0.3 0.3 1.3274518101447152 1
0 0.0 2.5132741228718345 0.3 0.3 4.137631519673207 1
0 0.0 2.827433388230814 0.3 0.3 3.504386491664696 1
0 0.3141592653589793 -3.141592653589793 0.3 0.3 5.4403282199097935 1
0 0.3141592653589793 -2.827433388230814 0.3 0.3 6.471433918292579 1
0 0.3141592653589793 -2.5132741228718345 0.3 0.3 1.6710989152272302 1
0 0.3141592653589793 -2.199114857512855 0.3 0.3 8.140723606688358 1
0 0.3141592653589793 -1.8849555921538759 0.3 0.3 6.954753072204257 1
0 0.3141592653589793 -1.5707963267948966 0.3 0.3 6.860820803678866 1
0 0.3141592653589793 -1.2566370614359172 0.3 0.3 4.079922919162343 1
0 0.3141592653589793 -0.9424777960769379 0.3 0.3 0.3995820513961088 1
0 0.3141592653589793 -0.6283185307179586 0.3 0.3 8.732176512948023 1
0 0.3141592653589793 -0.3141592653589793 0.3 0.3 6.179580460142448 1
0 0.3141592653589793 0.0 0.3 0.3 4.374947528094294 1
0 0.3141592653589793 0.3141592653589793 0.3 0.3 4.275846746310165 1
0 0.3141592653589793 0.6283185307179586 0.3 0.3 3.8080066946295483 1
0 0.3141592653589793 0.9424777960769379 0.3 0.3 1.0222327202234687 1
0 0.3141592653589793 1.2566370614359172 0.3 0.3 4.588738555562999 1
0 0.3141592653589793 1.5707963267948966 0.3 0.3 3.5221857580704703 1
0 0.3141592653589793 1.8849555921538759 0.3 0.3 2.030020903006343 1
0 0.3141592653589793 2.199114857512855 0.3 0.3 2.370674770208309 1
0 0.3141592653589793 2.5132741228718345 0.3 0.3 4.864325466444072 1
0 0.3141592653589793 2.827433388230814 0.3 0.3 9.999212962431049 1
0 0.6283185307179586 -3.141592653589793 0.3 0.3 3.4044690201368724 1
0 0.6283185307179586 -2.827433388230814 0.3 0.3 8.039930916389373 1
0 0.6283185307179586 -2.5132741228718345 0.3 0.3 12.373572991424826 1
0 0.6283185307179586 -2.199114857512855 0.3 0.3 3.410715540618302 1
0 0.6283185307179586 -1.8849555921538759 0.3 0.3 2.4495641133060793 1
0 0.6283185307179586 -1.5707963267948966 0.3 0.3 2.9822125066989456 1
0 0.6283185307179586 -1.2566370614359172 0.3 0.3 2.68461334115688 1
0 0.6283185307179586 -0.9424777960769379 0.3 0.3 3.7802012228230226 1
0 0.6283185307179586 -0.6283185307179586 0.3 0.3 4.34925119333054 1
0 0.6283185307179586 -0.3141592653589793 0.3 0.3 7.356190218513489 1
0 0.6283185307179586 0.0 0.3 0.3 12.19287318623794 1
0 0.6283185307179586 0.3141592653589793 0.3 0.3 0.8983269308610167 1
0 0.6283185307179586 0.6283185307179586 0.3 0.3 7.119393867305515 1
0 0.6283185307179586 0.9424777960769379 0.3 0.3 5.20442834620183 1
0 0.6283185307179586 1.2566370614359172 0.3 0.3 4.7220113584030345 1
0 0.6283185307179586 1.5707963267948966 0.3 0.3 0.0 1
0 0.6283185307179586 1.8849555921538759 0.3 0.3 9.261055825348443 1
0 0.6283185307179586 2.199114857512855 0.3 0.3 6.162426058733069 1
0 0.6283185307179586 2.5132741228718345 0.3 0.3 6.630695511245826 1
0 0.6283185307179586 2.827433388230814 0.3 0.3 4.881420506464549 1
0 0.9424777960769379 -3.141592653589793 0.3 0.3 3.44570147823318 1
0 0.9424777960769379 -2.827433388230814 0.3 0.3 4.587243483934509 1
0 0.9424777960769379 -2.5132741228718345 0.3 0.3 2.9536266979059183 1
0 0.9424777960769379 -2.199114857512855 0.3 0.3 6.1530910038452085 1
0 0.9424777960769379 -1.8849555921538759 0.3 0.3 5.123471956797319 1
0 0.9424777960769379 -1.5707963267948966 0.3 0.3 6.290440268469373 1
0 0.9424777960769379 -1.2566370614359172 0.3 0.3 11.468202836674902 1
0 0.9424777960769379 -0.9424777960769379 0.3 0.3 9.061331208605903 1
0 0.9424777960769379 -0.6283185307179586 0.3 0.3 2.235949037708472 1
0 0.9424777960769379 -0.3141592653589793 0.3 0.3 7.981375645031954 1
0 0.9424777960769379 0.0 0.3 0.3 4.370678692443239 1
0 0.9424777960769379 0.3141592653589793 0.3 0.3 8.090199972535176 1
0 0.9424777960769379 0.6283185307179586 0.3 0.3 13.903412254586065 1
0 0.9424777960769379 0.9424777960769379 0.3 0.3 3.1529300646532428 1
0 0.9424777960769379 1.2566370614359172 0.3 0.3 5.819957919974129 1
0 0.9424777960769379 1.5707963267948966 0.3 0.3 7.759586055247835 1
0 0.9424777960769379 1.8849555921538759 0.3 0.3 7.117688569112982 1
0 0.9424777960769379 2.199114857512855 0.3 0.3 6.24582849527428 1
0 0.9424777960769379 2.5132741228718345 0.3 0.3 1.922623889474591 1
0 0.9424777960769379 2.827433388230814 0.3 0.3 13.38979457623754 1
0 1.2566370614359172 -3.141592653589793 0.3 0.3 1.075292104971381 1
0 1.2566370614359172 -2.827433388230814 0.3 0.3 0.8193944734582502 1
0 1.2566370614359172 -2.5132741228718345 0.3 0.3 2.3348366116291026 1
0 1.2566370614359172 -2.199114857512855 0.3 0.3 10.634236803938721 1
0 1.2566370614359172 -1.8849555921538759 0.3 0.3 4.5763308880235 1
0 1.2566370614359172 -1.5707963267948966 0.3 0.3 10.490228800431137 1
0 1.2566370614359172 -1.2566370614359172 0.3 0.3 7.760010488608454 1
0 1.2566370614359172 -0.9424777960769379 0.3 0.3 10.892129059366356 1
0 1.2566370614359172 -0.6283185307179586 0.3 0.3 8.134780014260503 1
0 1.2566370614359172 -0.3141592653589793 0.3 0.3 6.477537151988584 1
0 1.2566370614359172 0.0 0.3 0.3 1.840819523943862 1
0 1.2566370614359172 0.3141592653589793 0.3 0.3 1.8418534532617654 1
0 1.2566370614359172 0.6283185307179586 0.3 0.3 2.6138274586595855 1
0 1.2566370614359172 0.9424777960769379 0.3 0.3 0.0 1
0 1.2566370614359172 1.2566370614359172 0.3 0.3 0.0 1
0 1.2566370614359172 1.5707963267948966 0.3 0.3 4.973184240306443 1
0 1.2566370614359172 1.8849555921538759 0.3 0.3 4.688311611560218 1
0 1.2566370614359172 2.199114857512855 0.3 0.3 6.746458035532516 1
0 1.2566370614359172 2.5132741228718345 0.3 0.3 6.581508817133804 1
0 1.2566370614359172 2.827433388230814 0.3 0.3 3.7801844603411863 1
0 1.5707963267948966 -3.141592653589793 0.3 0.3 9.31584499038716 1
0 1.5707963267948966 -2.827433388230814 0.3 0.3 3.813208189338969 1
0 1.5707963267948966 -2.5132741228718345 0.3 0.3 3.6551857989388914 1
0 1.5707963267948966 -2.199114857512855 0.3 0.3 5.458183540523845 1
0 1.5707963267948966 -1.8849555921538759 0.3 0.3 8.58137374899553 1
0 1.5707963267948966 -1.5707963267948966 0.3 0.3 7.305601762746639 1
0 1.5707963267948966 -1.2566370614359172 0.3 0.3 7.038439663656868 1
0 1.5707963267948966 -0.9424777960769379 0.3 0.3 8.823507695438554 1
0 1.5707963267948966 -0.6283185307179586 0.3 0.3 8.112359643381671 1
0 1.5707963267948966 -0.3141592653589793 0.3 0.3 6.264558581482624 1
0 1.5707963267948966 0.0 0.3 0.3 5.394315783396696 1
0 1.5707963267948966 0.3141592653589793 0.3 0.3 12.035956980562325 1
0 1.5707963267948966 0.6283185307179586 0.3 0.3 5.616349374700797 1
0 1.5707963267948966 0.9424777960769379 0.3 0.3 4.060493560448767 1
0 1.5707963267948966 1.2566370614359172 0.3 0.3 12.145859106006741 1
0 1.5707963267948966 1.5707963267948966 0.3 0.3 3.8169550555911815 1
0 1.5707963267948966 1.8849555921538759 0.3 0.3 6.1197135802721565 1
0 1.5707963267948966 2.199114857512855 0.3 0.3 4.991972903561576 1
0 1.5707963267948966 2.5132741228718345 0.3 0.3 8.18710014057075 1
0 1.5707963267948966 2.827433388230814 0.3 0.3 2.095468301560612 1
0 1.8849555921538759 -3.141592653589793 0.3 0.3 4.8474232572121725 1
0 1.8849555921538759 -2.827433388230814 0.3 0.3 4.3186999275341575 1
0 1.8849555921538759 -2.5132741228718345 0.3 0.3 3.6963912338798965 1
0 1.8849555921538759 -2.199114857512855 0.3 0.3 3.9594544523561033 1
0 1.8849555921538759 -1.8849555921538759 0.3 0.3 6.019252502709675 1
0 1.8849555921538759 -1.5707963267948966 0.3 0.3 1.165850295692187 1
0 1.8849555921538759 -1.2566370614359172 0.3 0.3 5.223706892378671 1
0 1.8849555921538759 -0.9424777960769379 0.3 0.3 1.459035941362592 1
0 1.8849555921538759 -0.6283185307179586 0.3 0.3 7.1191314481119505 1
0 1.8849555921538759 -0.3141592653589793 0.3 0.3 10.383389152703456 1
0 1.8849555921538759 0.0 0.3 0.3 5.6473559488918665 1
0 1.8849555921538759 0.3141592653589793 0.3 0.3 3.616953595304727 1
0 1.8849555921538759 0.6283185307179586 0.3 0.3 9.454654656051474 1
0 1.8849555921538759 0.9424777960769379 0.3 0.3 4.829933315338199 1
0 1.8849555921538759 1.2566370614359172 0.3 0.3 1.3981632284981276 1
0 1.8849555921538759 1.5707963267948966 0.3 0.3 2.9697371447686707 1
0 1.8849555921538759 1.8849555921538759 0.3 0.3 11.460629427545424 1
0 1.8849555921538759 2.199114857512855 0.3 0.3 13.30248750311396 1
0 1.8849555921538759 2.5132741228718345 0.3 0.3 4.374621705850895 1
0 1.8849555921538759 2.827433388230814 0.3 0.3 6.718074578397838 1
0 2.199114857512855 -3.141592653589793 0.3 0.3 10.328570611391246 1
0 2.199114857512855 -2.827433388230814 0.3 0.3 3.7714528542078627 1
0 2.199114857512855 -2.5132741228718345 0.3 0.3 3.235426642065541 1
0 2.199114857512855 -2.199114857512855 0.3 0.3 5.147057651339567 1
0 2.199114857512855 -1.8849555921538759 0.3 0.3 6.293142537788988 1
0 2.199114857512855 -1.5707963267948966 0.3 0.3 12.409163877156795 1
0 2.199114857512855 -1.2566370614359172 0.3 0.3 0.0 1
0 2.199114857512855 -0.9424777960769379 0.3 0.3 5.813806367821201 1
0 2.199114857512855 -0.6283185307179586 0.3 0.3 3.913658376301562 1
0 2.199114857512855 -0.3141592653589793 0.3 0.3 0.0 1
0 2.199114857512855 0.0 0.3 0.3 0.0 1
0 2.199114857512855 0.3141592653589793 0.3 0.3 0.0 1
0 2.199114857512855 0.6283185307179586 0.3 0.3 5.366556670232892 1
0 2.199114857512855 0.9424777960769379 0.3 0.3 9.973305168604394 1
0 2.199114857512855 1.2566370614359172 0.3 0.3 0.0 1
0 2.199114857512855 1.5707963267948966 0.3 0.3 5.024818825452795 1
0 2.199114857512855 1.8849555921538759 0.3 0.3 7.60680493156646 1
0 2.199114857512855 2.199114857512855 0.3 0.3 8.540898761009707 1
0 2.199114857512855 2.5132741228718345 0.3 0.3 9.917325850073198 1
0 2.199114857512855 2.827433388230814 0.3 0.3 6.658548463088091 1
0 2.5132741228718345 -3.141592653589793 0.3 0.3 3.2024906236701423 1
0 2.5132741228718345 -2.827433388230814 0.3 0.3 11.885303951464273 1
0 2.5132741228718345 -2.5132741228718345 0.3 0.3 2.108775402341135 1
0 2.5132741228718345 -2.199114857512855 0.3 0.3 5.406018939643848 1
0 2.5132741228718345 -1.8849555921538759 0.3 0.3 3.2959232104935405 1
0 2.5132741228718345 -1.5707963267948966 0.3 0.3 12.220317753632113 1
0 2.5132741228718345 -1.2566370614359172 0.3 0.3 6.566467840988059 1
0 2.5132741228718345 -0.9424777960769379 0.3 0.3 12.823228572809954 1
0 2.5132741228718345 -0.6283185307179586 0.3 0.3 6.726368766282418 1
0 2.5132741228718345 -0.3141592653589793 0.3 0.3 3.6690606166151096 1
0 2.5132741228718345 0.0 0.3 0.3 13.50996191963985 1
0 2.5132741228718345 0.3141592653589793 0.3 0.3 2.4120906059485936 1
0 2.5132741228718345 0.6283185307179586 0.3 0.3 1.1271063804162202 1
0 2.5132741228718345 0.9424777960769379 0.3 0.3 9.332697778924839 1
0 2.5132741228718345 1.2566370614359172 0.3 0.3 5.468597247528559 1
0 2.5132741228718345 1.5707963267948966 0.3 0.3 8.173722174162478 1
0 2.5132741228718345 1.8849555921538759 0.3 0.3 0.36799371179510576 1
0 2.5132741228718345 2.199114857512855 0.3 0.3 11.446287476727797 1
0 2.5132741228718345 2.5132741228718345 0.3 0.3 4.540397543879524 1
0 2.5132741228718345 2.827433388230814 0.3 0.3 0.9931017855842286 1
0 2.827433388230814 -3.141592653589793 0.3 0.3 7.09315184673227 1
0 2.827433388230814 -2.827433388230814 0.3 0.3 1.3098000320010588 1
0 2.827433388230814 -2.5132741228718345 0.3 0.3 14.587576454603198 1
0 2.827433388230814 -2.199114857512855 0.3 0.3 3.273968908950361 1
0 2.827433388230814 -1.8849555921538759 0.3 0.3 9.264401352533918 1
0 2.827433388230814 -1.5707963267948966 0.3 0.3 11.391160570521317 1
0 2.827433388230814 -1.2566370614359172 0.3 0.3 6.990056023698852 1
0 2.827433388230814 -0.9424777960769379 0.3 0.3 7.129694655294607 1
0 2.827433388230814 -0.6283185307179586 0.3 0.3 4.541925785779881 1
0 2.827433388230814 -0.3141592653589793 0.3 0.3 7.646003999184116 1
0 2.827433388230814 0.0 0.3 0.3 8.91187774728209 1
0 2.827433388230814 0.3141592653589793 0.3 0.3 12.842421933399764 1
0 2.827433388230814 0.6283185307179586 0.3 0.3 0.06318578562621191 1
0 2.827433388230814 0.9424777960769379 0.3 0.3 8.169885160408732 1
0 2.827433388230814 1.2566370614359172 0.3 0.3 6.941855269280278 1
0 2.827433388230814 1.5707963267948966 0.3 0.3 0.0 1
0 2.827433388230814 1.8849555921538759 0.3 0.3 3.9407265588720026 1
0 2.827433388230814 2.199114857512855 0.3 0.3 4.863141611518012 1
0 2.827433388230814 2.5132741228718345 0.3 0.3 4.706315081121607 1
0 2.827433388230814 2.827433388230814 0.3 0.3 1.812137467111522 1
