#! FIELDS time phi psi sigma_phi sigma_psi height biasf
                        #! SET multivariate false
                        #! SET kerneltype stretched-gaussian
                        #! SET min_phi -pi
                        #! SET max_phi pi
                        #! SET min_psi -pi
                        #! SET max_psi pi
0 -3.141592653589793 -3.141592653589793 0.3 0.3 1.5091450266186093 1
0 -3.141592653589793 -2.827433388230814 0.3 0.3 0.0 1
0 -3.141592653589793 -2.5132741228718345 0.3 0.3 2.542173159520039 1
0 -3.141592653589793 -2.199114857512855 0.3 0.3 11.152974075935225 1
0 -3.141592653589793 -1.8849555921538759 0.3 0.3 14.583163709723875 1
0 -3.141592653589793 -1.5707963267948966 0.3 0.3 10.474029002888326 1
0 -3.141592653589793 -1.2566370614359172 0.3 0.3 1.6053913212926085 1
0 -3.141592653589793 -0.9424777960769379 0.3 0.3 2.65038431826668 1
0 -3.141592653589793 -0.6283185307179586 0.3 0.3 7.335900347620463 1
0 -3.141592653589793 -0.3141592653589793 0.3 0.3 2.355410611657226 1
0 -3.141592653589793 0.0 0.3 0.3 3.2652594431581976 1
0 -3.141592653589793 0.3141592653589793 0.3 0.3 0.0 1
0 -3.141592653589793 0.6283185307179586 0.3 0.3 10.58423222368131 1
0 -3.141592653589793 0.9424777960769379 0.3 0.3 5.466103886621806 1
0 -3.141592653589793 1.2566370614359172 0.3 0.3 5.253611164596201 1
0 -3.141592653589793 1.5707963267948966 0.3 0.3 2.8922197819133664 1
0 -3.141592653589793 1.8849555921538759 0.3 0.3 2.6079402963340104 1
0 -3.141592653589793 2.199114857512855 0.3 0.3 0.5887255450562843 1
0 -3.141592653589793 2.5132741228718345 0.3 0.3 3.657782546376802 1
0 -3.141592653589793 2.827433388230814 0.3 0.3 0.5838221269001962 1
0 -2.827433388230814 -3.141592653589793 0.3 0.3 9.797367174876543 1
0 -2.827433388230814 -2.827433388230814 0.3 0.3 3.0897317650709457 1
0 -2.827433388230814 -2.5132741228718345 0.3 0.3 4.741513529978151 1
0 -2.827433388230814 -2.199114857512855 0.3 0.3 3.870687264141475 1
0 -2.827433388230814 -1.8849555921538759 0.3 0.3 11.487820695495904 1
0 -2.827433388230814 -1.5707963267948966 0.3 0.3 6.359625151373805 1
0 -2.827433388230814 -1.2566370614359172 0.3 0.3 8.04553520343756 1
0 -2.827433388230814 -0.9424777960769379 0.3 0.3 7.702073449869976 1
0 -2.827433388230814 -0.6283185307179586 0.3 0.3 6.1866884668347115 1
0 -2.827433388230814 -0.3141592653589793 0.3 0.3 2.6102181442510295 1
0 -2.827433388230814 0.0 0.3 0.3 10.06295745804531 1
0 -2.827433388230814 0.3141592653589793 0.3 0.3 9.536982675133356 1
0 -2.827433388230814 0.6283185307179586 0.3 0.3 11.236366906979168 1
0 -2.827433388230814 0.9424777960769379 0.3 0.3 3.20199127120737 1
0 -2.827433388230814 1.2566370614359172 0.3 0.3 5.481720687268337 1
0 -2.827433388230814 1.5707963267948966 0.3 0.3 7.02782147450975 1
0 -2.827433388230814 1.8849555921538759 0.3 0.3 3.067931892747644 1
0 -2.827433388230814 2.199114857512855 0.3 0.3 2.557171686570295 1
0 -2.827433388230814 2.5132741228718345 0.3 0.3 0.6964499296796051 1
0 -2.827433388230814 2.827433388230814 0.3 0.3 9.24091960213328 1
0 -2.5132741228718345 -3.141592653589793 0.3 0.3 1.6203543755849066 1
0 -2.5132741228718345 -2.827433388230814 0.3 0.3 6.27382643211389 1
0 -2.5132741228718345 -2.5132741228718345 0.3 0.3 1.4405306938234468 1
0 -2.5132741228718345 -2.199114857512855 0.3 0.3 4.826941158666282 1
0 -2.5132741228718345 -1.8849555921538759 0.3 0.3 1.8610271582692692 1
0 -2.5132741228718345 -1.5707963267948966 0.3 0.3 8.012903154398257 1
0 -2.5132741228718345 -1.2566370614359172 0.3 0.3 0.8919606665125963 1
0 -2.5132741228718345 -0.9424777960769379 0.3 0.3 7.055745335192925 1
0 -2.5132741228718345 -0.6283185307179586 0.3 0.3 2.813535780836337 1
0 -2.5132741228718345 -0.3141592653589793 0.3 0.3 0.6699963101031097 1
0 -2.5132741228718345 0.0 0.3 0.3 3.1252824274734725 1
0 -2.5132741228718345 0.3141592653589793 0.3 0.3 2.05320472114496 1
0 -2.5132741228718345 0.6283185307179586 0.3 0.3 6.621367332985344 1
0 -2.5132741228718345 0.9424777960769379 0.3 0.3 4.706193172041735 1
0 -2.5132741228718345 1.2566370614359172 0.3 0.3 5.88384765717244 1
0 -2.5132741228718345 1.5707963267948966 0.3 0.3 5.045649226557243 1
0 -2.5132741228718345 1.8849555921538759 0.3 0.3 8.934580141559989 1
0 -2.5132741228718345 2.199114857512855 0.3 0.3 4.676289071445017 1
0 -2.5132741228718345 2.5132741228718345 0.3 0.3 8.719180053693028 1
0 -2.5132741228718345 2.827433388230814 0.3 0.3 6.57160358236057 1
0 -2.199114857512855 -3.141592653589793 0.3 0.3 10.36416750178345 1
0 -2.199114857512855 -2.827433388230814 0.3 0.3 9.693545423620584 1
0 -2.199114857512855 -2.5132741228718345 0.3 0.3 8.484291018160592 1
0 -2.199114857512855 -2.199114857512855 0.3 0.3 4.560492920552816 1
0 -2.199114857512855 -1.8849555921538759 0.3 0.3 2.841008010247074 1
0 -2.199114857512855 -1.5707963267948966 0.3 0.3 3.899888930661278 1
0 -2.199114857512855 -1.2566370614359172 0.3 0.3 7.449723995309665 1
0 -2.199114857512855 -0.9424777960769379 0.3 0.3 7.083109600299285 1
0 -2.199114857512855 -0.6283185307179586 0.3 0.3 3.0556911866752205 1
0 -2.199114857512855 -0.3141592653589793 0.3 0.3 2.1609618291550654 1
0 -2.199114857512855 0.0 0.3 0.3 3.0970036159919228 1
0 -2.199114857512855 0.3141592653589793 0.3 0.3 3.220512458301389 1
0 -2.199114857512855 0.6283185307179586 0.3 0.3 13.393424646587835 1
0 -2.199114857512855 0.9424777960769379 0.3 0.3 8.92643772734007 1
0 -2.199114857512855 1.2566370614359172 0.3 0.3 7.443940855241087 1
0 -2.199114857512855 1.5707963267948966 0.3 0.3 8.682579453435272 1
0 -2.199114857512855 1.8849555921538759 0.3 0.3 13.910686786984808 1
0 -2.199114857512855 2.199114857512855 0.3 0.3 11.990388348893761 1
0 -2.199114857512855 2.5132741228718345 0.3 0.3 8.844748401841457 1
0 -2.199114857512855 2.827433388230814 0.3 0.3 6.1349297854786835 1
0 -1.8849555921538759 -3.141592653589793 0.3 0.3 7.036803527787265 1
0 -1.8849555921538759 -2.827433388230814 0.3 0.3 7.138184799188188 1
0 -1.8849555921538759 -2.5132741228718345 0.3 0.3 3.4527345829148315 1
0 -1.8849555921538759 -2.199114857512855 0.3 0.3 7.748737546738949 1
0 -1.8849555921538759 -1.8849555921538759 0.3 0.3 10.267009994407726 1
0 -1.8849555921538759 -1.5707963267948966 0.3 0.3 1.6948202055268131 1
0 -1.8849555921538759 -1.2566370614359172 0.3 0.3 2.856043645221744 1
0 -1.8849555921538759 -0.9424777960769379 0.3 0.3 8.374889292575856 1
0 -1.8849555921538759 -0.6283185307179586 0.3 0.3 6.781453900711745 1
0 -1.8849555921538759 -0.3141592653589793 0.3 0.3 6.038047258539736 1
0 -1.8849555921538759 0.0 0.3 0.3 8.391183107491631 1
0 -1.8849555921538759 0.3141592653589793 0.3 0.3 2.554280694134654 1
0 -1.8849555921538759 0.6283185307179586 0.3 0.3 4.50778101029827 1
0 -1.8849555921538759 0.9424777960769379 0.3 0.3 3.437222452727706 1
0 -1.8849555921538759 1.2566370614359172 0.3 0.3 3.516594799644056 1
0 -1.8849555921538759 1.5707963267948966 0.3 0.3 3.608545469890154 1
0 -1.8849555921538759 1.8849555921538759 0.3 0.3 12.022988403286227 1
0 -1.8849555921538759 2.199114857512855 0.3 0.3 4.633269492386363 1
0 -1.8849555921538759 2.5132741228718345 0.3 0.3 3.2261419339082997 1
0 -1.8849555921538759 2.827433388230814 0.3 0.3 11.068211577450139 1
0 -1.5707963267948966 -3.141592653589793 0.3 0.3 0.0 1
0 -1.5707963267948966 -2.827433388230814 0.3 0.3 7.738850425591186 1
0 -1.5707963267948966 -2.5132741228718345 0.3 0.3 0.0 1
0 -1.5707963267948966 -2.199114857512855 0.3 0.3 0.0 1
0 -1.5707963267948966 -1.8849555921538759 0.3 0.3 4.917278680976986 1
0 -1.5707963267948966 -1.5707963267948966 0.3 0.3 7.923173857177783 1
0 -1.5707963267948966 -1.2566370614359172 0.3 0.3 3.456402837702065 1
0 -1.5707963267948966 -0.9424777960769379 0.3 0.3 5.471244938006489 1
0 -1.5707963267948966 -0.6283185307179586 0.3 0.3 15.0 1
0 -1.5707963267948966 -0.3141592653589793 0.3 0.3 2.6173143095007374 1
0 -1.5707963267948966 0.0 0.3 0.3 4.778186877178394 1
0 -1.5707963267948966 0.3141592653589793 0.3 0.3 9.244740528337505 1
0 -1.5707963267948966 0.6283185307179586 0.3 0.3 1.241747543743979 1
0 -1.5707963267948966 0.9424777960769379 0.3 0.3 3.741260093079802 1
0 -1.5707963267948966 1.2566370614359172 0.3 0.3 13.336932833268623 1
0 -1.5707963267948966 1.5707963267948966 0.3 0.3 1.1491467754585623 1
0 -1.5707963267948966 1.8849555921538759 0.3 0.3 8.889114508087573 1
0 -1.5707963267948966 2.199114857512855 0.3 0.3 4.331583972719962 1
0 -1.5707963267948966 2.5132741228718345 0.3 0.3 11.046172066947385 1
0 -1.5707963267948966 2.827433388230814 0.3 0.3 7.994581190977462 1
0 -1.2566370614359172 -3.141592653589793 0.3 0.3 5.520889650019058 1
0 -1.2566370614359172 -2.827433388230814 0.3 0.3 4.024600412227331 1
0 -1.2566370614359172 -2.5132741228718345 0.3 0.3 0.0 1
0 -1.2566370614359172 -2.199114857512855 0.3 0.3 2.330876362676886 1
0 -1.2566370614359172 -1.8849555921538759 0.3 0.3 2.407573482713377 1
0 -1.2566370614359172 -1.5707963267948966 0.3 0.3 2.1273522078065543 1
0 -1.2566370614359172 -1.2566370614359172 0.3 0.3 6.455234947813951 1
0 -1.2566370614359172 -0.9424777960769379 0.3 0.3 1.6866042623514759 1
0 -1.2566370614359172 -0.6283185307179586 0.3 0.3 5.896248771696242 1
0 -1.2566370614359172 -0.3141592653589793 0.3 0.3 2.2364211545390877 1
0 -1.2566370614359172 0.0 0.3 0.3 0.8903575864687715 1
0 -1.2566370614359172 0.3141592653589793 0.3 0.3 2.581032936567081 1
0 -1.2566370614359172 0.6283185307179586 0.3 0.3 0.0 1
0 -1.2566370614359172 0.9424777960769379 0.3 0.3 7.629897783140808 1
0 -1.2566370614359172 1.2566370614359172 0.3 0.3 3.316020921948444 1
0 -1.2566370614359172 1.5707963267948966 0.3 0.3 4.950198263964608 1
0 -1.2566370614359172 1.8849555921538759 0.3 0.3 4.682849158242163 1
0 -1.2566370614359172 2.199114857512855 0.3 0.3 0.0 1
0 -1.2566370614359172 2.5132741228718345 0.3 0.3 3.845835471636607 1
0 -1.2566370614359172 2.827433388230814 0.3 0.3 5.21461836576513 1
0 -0.9424777960769379 -3.141592653589793 0.3 0.3 12.048447893884093 1
0 -0.9424777960769379 -2.827433388230814 0.3 0.3 8.637345798819595 1
0 -0.9424777960769379 -2.5132741228718345 0.3 0.3 1.9735982127293594 1
0 -0.9424777960769379 -2.199114857512855 0.3 0.3 5.627653708454623 1
0 -0.9424777960769379 -1.8849555921538759 0.3 0.3 5.015817235912845 1
0 -0.9424777960769379 -1.5707963267948966 0.3 0.3 0.7387170869166182 1
0 -0.9424777960769379 -1.2566370614359172 0.3 0.3 2.069340663535664 1
0 -0.9424777960769379 -0.9424777960769379 0.3 0.3 10.59349347515318 1
0 -0.9424777960769379 -0.6283185307179586 0.3 0.3 6.716617589406153 1
0 -0.9424777960769379 -0.3141592653589793 0.3 0.3 0.4853746629000585 1
0 -0.9424777960769379 0.0 0.3 0.3 9.577419585680222 1
0 -0.9424777960769379 0.3141592653589793 0.3 0.3 6.374156247922329 1
0 -0.9424777960769379 0.6283185307179586 0.3 0.3 10.392297924722534 1
0 -0.9424777960769379 0.9424777960769379 0.3 0.3 3.888495513620078 1
0 -0.9424777960769379 1.2566370614359172 0.3 0.3 7.976308065663108 1
0 -0.9424777960769379 1.5707963267948966 0.3 0.3 15.0 1
0 -0.9424777960769379 1.8849555921538759 0.3 0.3 0.011709742430425774 1
0 -0.9424777960769379 2.199114857512855 0.3 0.3 0.6388799488093198 1
0 -0.9424777960769379 2.5132741228718345 0.3 0.3 2.541534171964209 1
0 -0.9424777960769379 2.827433388230814 0.3 0.3 9.326182570658935 1
0 -0.6283185307179586 -3.141592653589793 0.3 0.3 4.831412695561452 1
0 -0.6283185307179586 -2.827433388230814 0.3 0.3 6.231613301049748 1
0 -0.6283185307179586 -2.5132741228718345 0.3 0.3 5.102030621008388 1
0 -0.6283185307179586 -2.199114857512855 0.3 0.3 2.5024788592552647 1
0 -0.6283185307179586 -1.8849555921538759 0.3 0.3 9.669833502354178 1
0 -0.6283185307179586 -1.5707963267948966 0.3 0.3 2.0627360673446997 1
0 -0.6283185307179586 -1.2566370614359172 0.3 0.3 4.6812014253875 1
0 -0.6283185307179586 -0.9424777960769379 0.3 0.3 12.621712016269443 1
0 -0.6283185307179586 -0.6283185307179586 0.3 0.3 4.0359722189068385 1
0 -0.6283185307179586 -0.3141592653589793 0.3 0.3 10.099934297788053 1
0 -0.6283185307179586 0.0 0.3 0.3 8.502026425294403 1
0 -0.6283185307179586 0.3141592653589793 0.3 0.3 2.068262116318659 1
0 -0.6283185307179586 0.6283185307179586 0.3 0.3 5.986766773438826 1
0 -0.6283185307179586 0.9424777960769379 0.3 0.3 5.764787876006846 1
0 -0.6283185307179586 1.2566370614359172 0.3 0.3 2.5584741662956687 1
0 -0.6283185307179586 1.5707963267948966 0.3 0.3 11.293091115048428 1
0 -0.6283185307179586 1.8849555921538759 0.3 0.3 8.425848941015985 1
0 -0.6283185307179586 2.199114857512855 0.3 0.3 2.0648454600463406 1
0 -0.6283185307179586 2.5132741228718345 0.3 0.3 10.619632296878049 1
0 -0.6283185307179586 2.827433388230814 0.3 0.3 6.208056208674756 1
0 -0.3141592653589793 -3.141592653589793 0.3 0.3 0.0 1
0 -0.3141592653589793 -2.827433388230814 0.3 0.3 2.3519937848945687 1
0 -0.3141592653589793 -2.5132741228718345 0.3 0.3 9.574559249648498 1
0 -0.3141592653589793 -2.199114857512855 0.3 0.3 10.69257264566767 1
0 -0.3141592653589793 -1.8849555921538759 0.3 0.3 4.3412246623283135 1
0 -0.3141592653589793 -1.5707963267948966 0.3 0.3 6.907365399460149 1
0 -0.3141592653589793 -1.2566370614359172 0.3 0.3 6.2220394593012625 1
0 -0.3141592653589793 -0.9424777960769379 0.3 0.3 0.6815695652756895 1
0 -0.3141592653589793 -0.6283185307179586 0.3 0.3 3.773922105344417 1
0 -0.3141592653589793 -0.3141592653589793 0.3 0.3 7.890607919139962 1
0 -0.3141592653589793 0.0 0.3 0.3 0.0 1
0 -0.3141592653589793 0.3141592653589793 0.3 0.3 7.568226293931717 1
0 -0.3141592653589793 0.6283185307179586 0.3 0.3 1.1942091963866268 1
0 -0.3141592653589793 0.9424777960769379 0.3 0.3 7.102311868034989 1
0 -0.3141592653589793 1.2566370614359172 0.3 0.3 7.201884670177524 1
0 -0.3141592653589793 1.5707963267948966 0.3 0.3 1.8553747908733718 1
0 -0.3141592653589793 1.8849555921538759 0.3 0.3 4.827196517180065 1
0 -0.3141592653589793 2.199114857512855 0.3 0.3 9.849399987649475 1
0 -0.3141592653589793 2.5132741228718345 0.3 0.3 0.0 1
0 -0.3141592653589793 2.827433388230814 0.3 0.3 5.286853421400762 1
0 0.0 -3.141592653589793 0.3 0.3 3.5855788556782837 1
0 0.0 -2.827433388230814 0.3 0.3 6.927764268680113 1
0 0.0 -2.5132741228718345 0.3 0.3 4.479621487567949 1
0 0.0 -2.199114857512855 0.3 0.3 5.3239788180824 1
0 0.0 -1.8849555921538759 0.3 0.3 6.904254437192503 1
0 0.0 -1.5707963267948966 0.3 0.3 4.882042577113969 1
0 0.0 -1.2566370614359172 0.3 0.3 3.621691504080567 1
0 0.0 -0.9424777960769379 0.3 0.3 4.3081524395317885 1
0 0.0 -0.6283185307179586 0.3 0.3 4.898359449915499 1
0 0.0 -0.3141592653589793 0.3 0.3 9.887101702838457 1
0 0.0 0.0 0.3 0.3 3.5809751479445895 1
0 0.0 0.3141592653589793 0.3 0.3 5.0030185085095145 1
0 0.0 0.6283185307179586 0.3 0.3 11.125426070797607 1
0 0.0 0.9424777960769379 0.3 0.3 0.0 1
0 0.0 1.2566370614359172 0.3 0.3 4.661385102281063 1
0 0.0 1.5707963267948966 0.3 0.3 3.5011051650007134 1
0 0.0 1.8849555921538759 0.3 0.3 7.680065642058565 1
0 0.0 2.199114857512855 0.3 0.3 0.41807506992576093 1
0 0.0 2.5132741228718345 0.3 0.3 2.010272451961764 1
0 0.0 2.827433388230814 0.3 0.3 0.0 1
0 0.3141592653589793 -3.141592653589793 0.3 0.3 2.1406501731408345 1
0 0.3141592653589793 -2.827433388230814 0.3 0.3 3.7467453731798774 1
0 0.3141592653589793 -2.5132741228718345 0.3 0.3 7.847905240677605 1
0 0.3141592653589793 -2.199114857512855 0.3 0.3 5.2526080061226 1
0 0.3141592653589793 -1.8849555921538759 0.3 0.3 2.463200632608047 1
0 0.3141592653589793 -1.5707963267948966 0.3 0.3 1.7890937222981895 1
0 0.3141592653589793 -1.2566370614359172 0.3 0.3 1.6452088500200819 1
0 0.3141592653589793 -0.9424777960769379 0.3 0.3 2.231293374811126 1
0 0.3141592653589793 -0.6283185307179586 0.3 0.3 8.652161494405409 1
0 0.3141592653589793 -0.3141592653589793 0.3 0.3 1.7719108320481478 1
0 0.3141592653589793 0.0 0.3 0.3 6.203055781100256 1
0 0.3141592653589793 0.3141592653589793 0.3 0.3 0.0 1
0 0.3141592653589793 0.6283185307179586 0.3 0.3 5.23742746509486 1
0 0.3141592653589793 0.9424777960769379 0.3 0.3 0.0 1
0 0.3141592653589793 1.2566370614359172 0.3 0.3 7.839245248528219 1
0 0.3141592653589793 1.5707963267948966 0.3 0.3 1.7125610775036486 1
0 0.3141592653589793 1.8849555921538759 0.3 0.3 3.0221778867127704 1
0 0.3141592653589793 2.199114857512855 0.3 0.3 6.8604424118135645 1
0 0.3141592653589793 2.5132741228718345 0.3 0.3 3.438642348015618 1
0 0.3141592653589793 2.827433388230814 0.3 0.3 8.996385180786083 1
0 0.6283185307179586 -3.141592653589793 0.3 0.3 4.200130735508662 1
0 0.6283185307179586 -2.827433388230814 0.3 0.3 4.7104925447540325 1
0 0.6283185307179586 -2.5132741228718345 0.3 0.3 9.83599983963733 1
0 0.6283185307179586 -2.199114857512855 0.3 0.3 5.099274931167265 1
0 0.6283185307179586 -1.8849555921538759 0.3 0.3 3.104160028711549 1
0 0.6283185307179586 -1.5707963267948966 0.3 0.3 0.0 1
0 0.6283185307179586 -1.2566370614359172 0.3 0.3 7.132386531120896 1
0 0.6283185307179586 -0.9424777960769379 0.3 0.3 2.9967921985213977 1
0 0.6283185307179586 -0.6283185307179586 0.3 0.3 5.346838593456623 1
0 0.6283185307179586 -0.3141592653589793 0.3 0.3 5.122867289951421 1
0 0.6283185307179586 0.0 0.3 0.3 12.896647691766029 1
0 0.6283185307179586 0.3141592653589793 0.3 0.3 2.7045235774634837 1
0 0.6283185307179586 0.6283185307179586 0.3 0.3 4.021251322014829 1
0 0.6283185307179586 0.9424777960769379 0.3 0.3 6.101712989663737 1
0 0.6283185307179586 1.2566370614359172 0.3 0.3 7.748383097636747 1
0 0.6283185307179586 1.5707963267948966 0.3 0.3 5.337440768619853 1
0 0.6283185307179586 1.8849555921538759 0.3 0.3 3.8982858308755644 1
0 0.6283185307179586 2.199114857512855 0.3 0.3 1.709748039475073 1
0 0.6283185307179586 2.5132741228718345 0.3 0.3 4.609622205819758 1
0 0.6283185307179586 2.827433388230814 0.3 0.3 6.435619435599465 1
0 0.9424777960769379 -3.141592653589793 0.3 0.3 2.8277640869929366 1
0 0.9424777960769379 -2.827433388230814 0.3 0.3 4.876269533326838 1
0 0.9424777960769379 -2.5132741228718345 0.3 0.3 0.924832649417221 1
0 0.9424777960769379 -2.199114857512855 0.3 0.3 14.037763589365115 1
0 0.9424777960769379 -1.8849555921538759 0.3 0.3 1.8786056676607295 1
0 0.9424777960769379 -1.5707963267948966 0.3 0.3 0.42598960104658223 1
0 0.9424777960769379 -1.2566370614359172 0.3 0.3 5.5853308193060105 1
0 0.9424777960769379 -0.9424777960769379 0.3 0.3 15.0 1
0 0.9424777960769379 -0.6283185307179586 0.3 0.3 4.736079879152558 1
0 0.9424777960769379 -0.3141592653589793 0.3 0.3 8.998602219095035 1
0 0.9424777960769379 0.0 0.3 0.3 3.640030471950079 1
0 0.9424777960769379 0.3141592653589793 0.3 0.3 6.836345960870718 1
0 0.9424777960769379 0.6283185307179586 0.3 0.3 8.362366498439151 1
0 0.9424777960769379 0.9424777960769379 0.3 0.3 4.160528631891685 1
0 0.9424777960769379 1.2566370614359172 0.3 0.3 6.337851245524122 1
0 0.9424777960769379 1.5707963267948966 0.3 0.3 12.372944489835634 1
0 0.9424777960769379 1.8849555921538759 0.3 0.3 7.670943292136534 1
0 0.9424777960769379 2.199114857512855 0.3 0.3 0.8767174955969832 1
0 0.9424777960769379 2.5132741228718345 0.3 0.3 2.1448115669485777 1
0 0.9424777960769379 2.827433388230814 0.3 0.3 11.64322569236881 1
0 1.2566370614359172 -3.141592653589793 0.3 0.3 4.602273124971152 1
0 1.2566370614359172 -2.827433388230814 0.3 0.3 1.692638660032196 1
0 1.2566370614359172 -2.5132741228718345 0.3 0.3 8.191427353152266 1
0 1.2566370614359172 -2.199114857512855 0.3 0.3 8.433007306464667 1
0 1.2566370614359172 -1.8849555921538759 0.3 0.3 9.598591125981129 1
0 1.2566370614359172 -1.5707963267948966 0.3 0.3 10.598886816598792 1
0 1.2566370614359172 -1.2566370614359172 0.3 0.3 8.023755861831901 1
0 1.2566370614359172 -0.9424777960769379 0.3 0.3 4.5711826072489865 1
0 1.2566370614359172 -0.6283185307179586 0.3 0.3 13.38693613592489 1
0 1.2566370614359172 -0.3141592653589793 0.3 0.3 1.8394445936209758 1
0 1.2566370614359172 0.0 0.3 0.3 0.23829858344926758 1
0 1.2566370614359172 0.3141592653589793 0.3 0.3 0.0 1
0 1.2566370614359172 0.6283185307179586 0.3 0.3 5.1785441465364785 1
0 1.2566370614359172 0.9424777960769379 0.3 0.3 4.820811945048879 1
0 1.2566370614359172 1.2566370614359172 0.3 0.3 4.537166792624353 1
0 1.2566370614359172 1.5707963267948966 0.3 0.3 1.7074420330467917 1
0 1.2566370614359172 1.8849555921538759 0.3 0.3 7.1304353870454475 1
0 1.2566370614359172 2.199114857512855 0.3 0.3 3.9582613241252 1
0 1.2566370614359172 2.5132741228718345 0.3 0.3 5.354095147062339 1
0 1.2566370614359172 2.827433388230814 0.3 0.3 1.8571722953125527 1
0 1.5707963267948966 -3.141592653589793 0.3 0.3 13.821052202713668 1
0 1.5707963267948966 -2.827433388230814 0.3 0.3 9.420527827570988 1
0 1.5707963267948966 -2.5132741228718345 0.3 0.3 5.885426057118557 1
0 1.5707963267948966 -2.199114857512855 0.3 0.3 0.22012137651381636 1
0 1.5707963267948966 -1.8849555921538759 0.3 0.3 8.937588628977048 1
0 1.5707963267948966 -1.5707963267948966 0.3 0.3 7.223252619990321 1
0 1.5707963267948966 -1.2566370614359172 0.3 0.3 8.201821338909351 1
0 1.5707963267948966 -0.9424777960769379 0.3 0.3 9.65268305948185 1
0 1.5707963267948966 -0.6283185307179586 0.3 0.3 6.339467458812534 1
0 1.5707963267948966 -0.3141592653589793 0.3 0.3 3.522306470321884 1
0 1.5707963267948966 0.0 0.3 0.3 0.0 1
0 1.5707963267948966 0.3141592653589793 0.3 0.3 12.665942968240085 1
0 1.5707963267948966 0.6283185307179586 0.3 0.3 8.139240119672396 1
0 1.5707963267948966 0.9424777960769379 0.3 0.3 2.1990598276262068 1
0 1.5707963267948966 1.2566370614359172 0.3 0.3 10.932874690554716 1
0 1.5707963267948966 1.5707963267948966 0.3 0.3 5.004538820094768 1
0 1.5707963267948966 1.8849555921538759 0.3 0.3 3.2319138430664527 1
0 1.5707963267948966 2.199114857512855 0.3 0.3 10.088616454569065 1
0 1.5707963267948966 2.5132741228718345 0.3 0.3 7.2058609979085135 1
0 1.5707963267948966 2.827433388230814 0.3 0.3 7.629273793117495 1
0 1.8849555921538759 -3.141592653589793 0.3 0.3 0.0 1
0 1.8849555921538759 -2.827433388230814 0.3 0.3 3.8005777616060117 1
0 1.8849555921538759 -2.5132741228718345 0.3 0.3 2.729238171853039 1
0 1.8849555921538759 -2.199114857512855 0.3 0.3 9.305584266017755 1
0 1.8849555921538759 -1.8849555921538759 0.3 0.3 5.377979799659107 1
0 1.8849555921538759 -1.5707963267948966 0.3 0.3 1.5277095477136675 1
0 1.8849555921538759 -1.2566370614359172 0.3 0.3 7.003676605687943 1
0 1.8849555921538759 -0.9424777960769379 0.3 0.3 3.7375788219836434 1
0 1.8849555921538759 -0.6283185307179586 0.3 0.3 11.434476496575305 1
0 1.8849555921538759 -0.3141592653589793 0.3 0.3 10.193185916674988 1
0 1.8849555921538759 0.0 0.3 0.3 5.4383741495574975 1
0 1.8849555921538759 0.3141592653589793 0.3 0.3 4.090560638056021 1
0 1.8849555921538759 0.6283185307179586 0.3 0.3 13.108639510218266 1
0 1.8849555921538759 0.9424777960769379 0.3 0.3 0.0 1
0 1.8849555921538759 1.2566370614359172 0.3 0.3 0.0 1
0 1.8849555921538759 1.5707963267948966 0.3 0.3 4.68032615345004 1
0 1.8849555921538759 1.8849555921538759 0.3 0.3 4.527323384467131 1
0 1.8849555921538759 2.199114857512855 0.3 0.3 12.100966000236443 1
0 1.8849555921538759 2.5132741228718345 0.3 0.3 4.533189306732064 1
0 1.8849555921538759 2.827433388230814 0.3 0.3 2.592302908107376 1
0 2.199114857512855 -3.141592653589793 0.3 0.3 10.231891802657728 1
0 2.199114857512855 -2.827433388230814 0.3 0.3 6.942367751187948 1
0 2.199114857512855 -2.5132741228718345 0.3 0.3 1.8167492695563845 1
0 2.199114857512855 -2.199114857512855 0.3 0.3 0.0 1
0 2.199114857512855 -1.8849555921538759 0.3 0.3 0.0 1
0 2.199114857512855 -1.5707963267948966 0.3 0.3 12.142931325486828 1
0 2.199114857512855 -1.2566370614359172 0.3 0.3 2.655920782880029 1
0 2.199114857512855 -0.9424777960769379 0.3 0.3 4.343156125665844 1
0 2.199114857512855 -0.6283185307179586 0.3 0.3 5.3512503275238705 1
0 2.199114857512855 -0.3141592653589793 0.3 0.3 3.186082351730532 1
0 2.199114857512855 0.0 0.3 0.3 2.4512320135312136 1
0 2.199114857512855 0.3141592653589793 0.3 0.3 3.703934494311055 1
0 2.199114857512855 0.6283185307179586 0.3 0.3 3.800552087313113 1
0 2.199114857512855 0.9424777960769379 0.3 0.3 8.685983168357048 1
0 2.199114857512855 1.2566370614359172 0.3 0.3 3.482148951094413 1
0 2.199114857512855 1.5707963267948966 0.3 0.3 3.895443786434555 1
0 2.199114857512855 1.8849555921538759 0.3 0.3 3.1909775074496496 1
0 2.199114857512855 2.199114857512855 0.3 0.3 8.23413082812572 1
0 2.199114857512855 2.5132741228718345 0.3 0.3 13.472229711334794 1
0 2.199114857512855 2.827433388230814 0.3 0.3 2.9246908262046816 1
0 2.5132741228718345 -3.141592653589793 0.3 0.3 0.0 1
0 2.5132741228718345 -2.827433388230814 0.3 0.3 9.415983719605101 1
0 2.5132741228718345 -2.5132741228718345 0.3 0.3 0.0 1
0 2.5132741228718345 -2.199114857512855 0.3 0.3 3.644107096260872 1
0 2.5132741228718345 -1.8849555921538759 0.3 0.3 1.612862232738114 1
0 2.5132741228718345 -1.5707963267948966 0.3 0.3 6.315363592772606 1
0 2.5132741228718345 -1.2566370614359172 0.3 0.3 6.353920736540903 1
0 2.5132741228718345 -0.9424777960769379 0.3 0.3 0.0 1
0 2.5132741228718345 -0.6283185307179586 0.3 0.3 5.922770231396013 1
0 2.5132741228718345 -0.3141592653589793 0.3 0.3 3.2548905815946823 1
0 2.5132741228718345 0.0 0.3 0.3 10.935028349387638 1
0 2.5132741228718345 0.3141592653589793 0.3 0.3 3.558023649059635 1
0 2.5132741228718345 0.6283185307179586 0.3 0.3 2.179072927931395 1
0 2.5132741228718345 0.9424777960769379 0.3 0.3 5.2654686736032215 1
0 2.5132741228718345 1.2566370614359172 0.3 0.3 6.484157135492138 1
0 2.5132741228718345 1.5707963267948966 0.3 0.3 6.615149039341771 1
0 2.5132741228718345 1.8849555921538759 0.3 0.3 7.150539650160846 1
0 2.5132741228718345 2.199114857512855 0.3 0.3 10.32489629902362 1
0 2.5132741228718345 2.5132741228718345 0.3 0.3 6.520011076673763 1
0 2.5132741228718345 2.827433388230814 0.3 0.3 2.922530543162525 1
0 2.827433388230814 -3.141592653589793 0.3 0.3 3.2110408239848667 1
0 2.827433388230814 -2.827433388230814 0.3 0.3 4.443800759130275 1
0 2.827433388230814 -2.5132741228718345 0.3 0.3 9.314880277803395 1
0 2.827433388230814 -2.199114857512855 0.3 0.3 7.775220099363082 1
0 2.827433388230814 -1.8849555921538759 0.3 0.3 7.712210626300639 1
0 2.827433388230814 -1.5707963267948966 0.3 0.3 15.0 1
0 2.827433388230814 -1.2566370614359172 0.3 0.3 14.25651526117173 1
0 2.827433388230814 -0.9424777960769379 0.3 0.3 0.0 1
0 2.827433388230814 -0.6283185307179586 0.3 0.3 4.620588605538416 1
0 2.827433388230814 -0.3141592653589793 0.3 0.3 4.50891098032304 1
0 2.827433388230814 0.0 0.3 0.3 7.925674059592595 1
0 2.827433388230814 0.3141592653589793 0.3 0.3 12.700134651501171 1
0 2.827433388230814 0.6283185307179586 0.3 0.3 9.110631843889855 1
0 2.827433388230814 0.9424777960769379 0.3 0.3 3.1845674501062433 1
0 2.827433388230814 1.2566370614359172 0.3 0.3 1.8702972032903658 1
0 2.827433388230814 1.5707963267948966 0.3 0.3 1.9983202216334397 1
0 2.827433388230814 1.8849555921538759 0.3 0.3 4.12884053896366 1
0 2.827433388230814 2.199114857512855 0.3 0.3 7.686314675723592 1
0 2.827433388230814 2.5132741228718345 0.3 0.3 2.065970898158486 1
0 2.827433388230814 2.827433388230814 0.3 0.3 0.0 1
