#! FIELDS time phi psi metad.bias
#! SET min_phi -pi
#! SET max_phi pi
#! SET min_psi -pi
#! SET max_psi pi
 0.000000 3.141580 -3.141577 388.657077
 0.020000 -3.028757 1.602492 285.540901
 0.040000 -3.030770 1.606449 285.490188
 0.060000 -3.041264 1.592675 284.838862
 0.080000 -3.050862 1.602004 284.525448
 0.100000 -3.073204 1.580331 283.430709
 0.120000 -3.072987 1.579262 283.428551
 0.140000 -3.061842 1.598905 284.048086
 0.160000 -3.072115 1.614307 283.879934
 0.180000 -3.060031 1.594779 284.069582
 0.200000 -3.073045 1.624963 284.011860
 0.220000 -3.038523 1.631974 285.496200
 0.240000 -3.030852 1.680044 286.803028
 0.260000 -3.025433 1.666648 286.763915
 0.280000 -3.006066 1.653158 287.509415
 0.300000 -3.033309 1.651928 286.089161
 0.320000 -3.037470 1.619717 285.354371
 0.340000 -3.073439 1.619338 283.909904
 0.360000 -3.026933 1.586827 285.468874
 0.380000 -3.006723 1.633963 287.137565
 0.400000 -3.065226 1.681187 285.413286
 0.420000 -3.014438 1.619868 286.501988
 0.440000 -3.102769 1.623347 283.120081
 0.460000 -3.069589 1.589444 283.650595
 0.480000 -3.063768 1.570199 283.691156
 0.500000 -3.037659 1.637185 285.622195
 0.520000 -3.090560 1.566188 282.754102
 0.540000 -3.054243 1.644184 285.038222
 0.560000 3.127608 1.629767 282.396672
 0.580000 -2.993055 1.589805 287.395659
 0.600000 -3.043492 1.639852 285.408179
 0.620000 -3.042829 1.579289 284.642403
 0.640000 -3.022439 1.537870 285.446410
 0.660000 -3.051108 1.569592 284.201279
 0.680000 -3.093257 1.462888 282.751881
 0.700000 -2.985802 1.628163 288.296605
 0.720000 -3.033415 1.606231 285.360451
 0.740000 -3.039704 1.633048 285.460435
 0.760000 -3.016566 1.658398 287.043197
 0.780000 -3.051848 1.626352 284.829049
 0.800000 -3.022924 1.704572 287.797004
 0.820000 -3.035887 1.706599 287.242467
 0.840000 -3.027394 1.696466 287.367796
 0.860000 -3.094812 1.746332 286.429811
 0.880000 -3.045935 1.760154 288.485861
 0.900000 -3.116023 1.682002 284.064255
 0.920000 -3.065432 1.702579 285.959279
 0.940000 -2.982920 1.543129 287.814041
 0.960000 -2.948483 1.512192 290.360575
 0.980000 -3.051769 1.451823 284.482089
 1.000000 -3.021407 1.429879 286.340476
 1.020000 -3.101557 1.403603 283.324756
 1.040000 -3.006446 1.474849 286.622144
 1.060000 -2.997871 1.529607 286.858096
 1.080000 -3.064212 1.539043 283.523583
 1.100000 -3.114377 1.596371 282.456369
 1.120000 3.135688 1.617446 282.249600
 1.140000 -3.104043 1.633139 283.259472
 1.160000 -2.971255 1.785992 293.376452
 1.180000 -2.987979 1.848140 294.951820
 1.200000 -3.061437 1.840259 291.184827
 1.220000 3.140361 1.698099 284.108290
 1.240000 3.062647 1.738684 285.474900
 1.260000 -3.013452 1.633751 286.765126
 1.280000 -2.961695 1.653655 290.325151
 1.300000 -2.938332 1.559870 291.118529
 1.320000 -2.975736 1.533685 288.298257
 1.340000 -3.081930 1.415362 283.775293
 1.360000 -3.051763 1.549545 284.064032
 1.380000 -2.976512 1.457926 288.753046
 1.400000 -2.996033 1.530065 286.971403
 1.420000 -3.046208 1.545274 284.294710
 1.440000 -3.111353 1.572362 282.259030
 1.460000 -3.133067 1.647519 282.990911
 1.480000 -3.038296 1.713575 287.331108
 1.500000 -2.981293 1.765877 292.003913
 1.520000 -2.978141 1.839420 295.146138
 1.540000 -3.095026 1.750235 286.558520
 1.560000 3.086193 1.691447 283.798530
 1.580000 3.132139 1.674285 283.406849
 1.600000 -3.081281 1.642853 284.060900
 1.620000 -2.948012 1.743164 293.516991
 1.640000 -2.948986 1.557161 290.271307
 1.660000 -2.946125 1.654213 291.480211
 1.680000 -3.005749 1.570001 286.490905
 1.700000 -2.967737 1.600523 289.164466
 1.720000 -2.978959 1.438739 288.856136
 1.740000 -2.942905 1.533737 290.736364
 1.760000 -3.007949 1.423009 287.238293
 1.780000 -3.001007 1.521542 286.677400
 1.800000 3.036186 1.531069 281.517219
 1.820000 3.126108 1.546563 281.326181
 1.840000 -3.062727 1.804735 289.576064
 1.860000 -2.947785 1.768677 294.373259
 1.880000 -3.003280 1.862822 294.790544
 1.900000 -3.063379 1.811275 289.828980
 1.920000 -3.095368 1.865526 291.446899
 1.940000 -3.092622 1.858073 291.141994
 1.960000 -2.998620 1.771306 291.169495
 1.980000 -3.100284 1.670398 284.117635
 2.000000 -3.120556 1.602688 282.416990
 2.020000 3.136753 1.547290 281.447341
 2.040000 -3.002671 1.558801 286.613786
 2.060000 -2.922805 1.496050 292.574744
 2.080000 -2.843538 1.565453 300.200945
 2.100000 -2.884177 1.646181 296.710964
 2.120000 -2.945063 1.594634 290.781734
 2.140000 -3.136306 1.499623 281.491907
 2.160000 -3.040062 1.666693 286.082807
 2.180000 -3.126782 1.661267 283.383979
 2.200000 -3.112781 1.717766 285.121499
 2.220000 3.078288 1.636210 282.499288
 2.240000 3.111879 1.648540 282.696660
 2.260000 -3.053900 1.776020 288.753841
 2.280000 -3.034146 1.751115 288.674591
 2.300000 -2.976321 1.614435 288.729647
 2.320000 -3.060897 1.571927 283.815503
 2.340000 3.096315 1.461598 281.126563
 2.360000 -3.137264 1.363302 283.297767
 2.380000 -3.045830 1.437754 284.949833
 2.400000 -3.001197 1.454963 287.163922
 2.420000 -2.895851 1.487269 295.099997
 2.440000 -2.895809 1.497291 295.018817
 2.460000 -2.907955 1.687007 295.268359
 2.480000 -2.840838 1.602675 300.705309
 2.500000 -2.903414 1.738776 297.008947
 2.520000 -3.055648 1.672233 285.557261
 2.540000 -3.104506 1.811706 288.739881
 2.560000 3.002645 1.574543 282.633337
 2.580000 3.068783 1.767918 286.465433
 2.600000 3.120522 1.752027 285.692317
 2.620000 -2.965728 1.798659 294.230705
 2.640000 -3.066459 1.844668 291.224271
 2.660000 -2.960863 1.700006 291.380142
 2.680000 -3.062614 1.669224 285.227329
 2.700000 -2.983543 1.560400 287.816489
 2.720000 -3.084748 1.497268 282.812727
 2.740000 -3.077072 1.335575 285.905794
 2.760000 3.122224 1.359709 282.976838
 2.780000 -3.078342 1.481023 283.121417
 2.800000 -3.034823 1.441300 285.444314
 2.820000 -2.943710 1.558134 290.684964
 2.840000 -2.843971 1.574689 300.185567
 2.860000 -2.915150 1.682284 294.540935
 2.880000 -3.005050 1.619296 287.013077
 2.900000 3.083168 1.735675 285.180235
 2.920000 3.140936 1.687688 283.832705
 2.940000 -3.110570 1.853342 290.536651
 2.960000 -3.093613 1.907079 293.662119
 2.980000 -3.041192 1.861908 292.970162
 3.000000 -3.017143 1.885123 295.195636
 3.020000 -2.976198 1.755167 291.959806
 3.040000 -2.972402 1.819613 294.646364
 3.060000 -3.046526 1.530625 284.255838
 3.080000 -3.094182 1.550021 282.545034
 3.100000 -3.069595 1.407619 284.395593
 3.120000 -3.096695 1.394251 283.664807
 3.140000 -3.013447 1.284616 290.922083
 3.160000 -3.060345 1.357942 285.953830
 3.180000 -2.947751 1.399982 291.922588
 3.200000 -2.954819 1.471511 290.184344
 3.220000 -3.047913 1.482259 284.363909
 3.240000 -3.071936 1.514825 283.219124
 3.260000 -3.055244 1.773722 288.617766
 3.280000 -3.112260 1.691472 284.380711
 3.300000 -3.015800 1.931787 297.783000
 3.320000 -3.126115 1.798820 287.825744
 3.340000 -3.135168 1.918732 293.614388
 3.360000 -3.058542 1.796554 289.386684
 3.380000 -2.960161 1.822930 295.600246
 3.400000 -2.947912 1.665465 291.555181
 3.420000 -2.800424 1.723724 307.487141
 3.440000 -3.038790 1.642096 285.656009
 3.460000 -3.037315 1.667883 286.231532
 3.480000 -3.093730 1.424789 283.208125
 3.500000 -3.030129 1.633884 285.919143
 3.520000 -3.051366 1.648162 285.227839
 3.540000 -2.905406 1.640546 294.638767
 3.560000 3.112659 1.721574 284.646190
 3.580000 -3.000585 1.689080 288.590414
 3.600000 3.108328 1.679016 283.414902
 3.620000 -3.026705 1.688100 287.191775
 3.640000 -3.060901 1.610219 284.230595
 3.660000 -3.024777 1.607396 285.798261
 3.680000 -3.114908 1.568230 282.143307
 3.700000 -3.090851 1.548379 282.634821
 3.720000 -3.122390 1.500161 281.761655
 3.740000 -2.992640 1.541324 287.183930
 3.760000 -2.968542 1.647519 289.739908
 3.780000 -2.908194 1.560667 293.695918
 3.800000 -3.094738 1.545415 282.507992
 3.820000 -3.047513 1.618352 284.888381
 3.840000 -3.103642 1.603403 282.794986
 3.860000 -2.933215 1.701056 293.476622
 3.880000 -3.018551 1.659945 286.971251
 3.900000 -3.021812 1.660962 286.825615
 3.920000 3.111111 1.651095 282.750602
 3.940000 -3.108759 1.663196 283.760555
 3.960000 -2.999354 1.682940 288.515603
 3.980000 -2.966179 1.662323 290.173834
 4.000000 -2.914171 1.694099 294.886930
 4.020000 3.133615 1.726072 284.885707
 4.040000 3.139946 1.500336 281.377472
 4.060000 3.130840 1.620888 282.262498
 4.080000 -2.941647 1.544810 290.828339
 4.100000 -2.987029 1.562567 287.599194
 4.120000 -2.855797 1.515518 298.941907
 4.140000 -3.138280 1.453138 281.717782
 4.160000 -2.968640 1.454816 289.354813
 4.180000 -3.070224 1.390392 284.722416
 4.200000 -2.964334 1.561313 289.141490
 4.220000 -2.993643 1.449704 287.712211
 4.240000 -2.970239 1.608748 289.076628
 4.260000 3.097323 1.436625 281.347159
 4.280000 -3.061313 1.709707 286.303049
 4.300000 -3.115889 1.607651 282.580746
 4.320000 -3.021164 1.768738 289.894811
 4.340000 -2.907194 1.718241 296.094272
 4.360000 -3.028981 1.804929 290.928546
 4.380000 -3.124276 1.706256 284.578296
 4.400000 3.140356 1.739629 285.391101
 4.420000 3.083717 1.776346 286.663877
 4.440000 -2.968011 1.669165 290.185210
 4.460000 -3.014327 1.746163 289.458447
 4.480000 -3.026149 1.509204 285.291289
 4.500000 -2.991403 1.647360 288.258815
 4.520000 -3.039254 1.448921 285.115969
 4.540000 -3.040553 1.610449 285.083355
 4.560000 -2.949048 1.588219 290.423562
 4.580000 -3.088076 1.587429 283.020909
 4.600000 -3.074320 1.652017 284.460492
 4.620000 -3.053934 1.604258 284.426859
 4.640000 -3.128376 1.715457 284.789536
 4.660000 -2.915329 1.743006 296.102655
 4.680000 -2.949900 1.811011 295.825296
 4.700000 -2.967032 1.778418 293.373684
 4.720000 -3.031930 2.000252 301.229612
 4.740000 -3.138878 1.747754 285.709979
 4.760000 3.071042 1.789405 287.292435
 4.780000 -3.097158 1.671539 284.221052
 4.800000 -3.123644 1.655637 283.309252
 4.820000 -2.983633 1.556130 287.794694
 4.840000 -3.034058 1.469195 285.148078
 4.860000 -3.129647 1.373734 283.206500
 4.880000 -3.028929 1.429911 285.928748
 4.900000 -3.019873 1.496124 285.689552
 4.920000 -2.895592 1.408669 296.318047
 4.940000 -2.934535 1.495706 291.582568
 4.960000 -2.998148 1.471241 287.166274
 4.980000 -3.078896 1.577253 283.209387
 5.000000 -3.083314 1.477604 282.967584
 5.020000 -3.043498 1.677131 286.166637
 5.040000 -3.000651 1.613840 287.197222
 5.060000 -3.023115 1.759913 289.486759
 5.080000 -3.055098 1.671988 285.572997
 5.100000 -3.112257 1.656796 283.546091
 5.120000 -3.099617 1.673088 284.196795
 5.140000 -3.068777 1.716738 286.245801
 5.160000 -3.046568 1.721931 287.223253
 5.180000 -3.078767 1.604906 283.524406
 5.200000 -3.064019 1.688186 285.629426
 5.220000 -3.111906 1.667617 283.796419
 5.240000 -3.033071 1.619691 285.559266
 5.260000 -2.992670 1.570710 287.283014
 5.280000 -2.920470 1.726019 295.171436
 5.300000 -2.863382 1.534936 298.063348
 5.320000 -3.129154 1.512665 281.610262
 5.340000 -3.133535 1.467095 281.692846
 5.360000 -3.095784 1.359817 284.516090
 5.380000 -3.046101 1.545646 284.300639
 5.400000 -2.998126 1.530499 286.841721
 5.420000 -3.117775 1.546147 281.931151
 5.440000 3.044298 1.514714 281.322285
 5.460000 -3.029843 1.639624 286.029225
 5.480000 -2.974906 1.590051 288.575956
 5.500000 -2.883522 1.634691 296.607685
 5.520000 -2.957185 1.507055 289.716472
 5.540000 -3.124118 1.620988 282.634455
 5.560000 -3.092572 1.578279 282.798349
 5.580000 -3.055371 1.635703 284.842030
 5.600000 -3.100439 1.649466 283.659656
 5.620000 -2.967905 1.630540 289.516521
 5.640000 -2.902373 1.652794 295.107208
 5.660000 -2.951607 1.522512 290.080143
 5.680000 -2.954482 1.558348 289.856473
 5.700000 3.125180 1.633911 282.458483
 5.720000 -3.124662 1.580563 282.065743
 5.740000 -3.098818 1.638399 283.484618
 5.760000 -2.947648 1.655531 291.388424
 5.780000 3.122334 1.676163 283.387716
 5.800000 -3.038460 1.639706 285.629096
 5.820000 3.101161 1.551759 281.228730
 5.840000 -3.012459 1.491028 286.137346
 5.860000 -3.042410 1.597456 284.839803
 5.880000 -2.943417 1.500581 290.823835
 5.900000 -3.022270 1.529870 285.452613
 5.920000 -2.902361 1.505604 294.344714
 5.940000 -3.062066 1.447876 284.076470
 5.960000 -3.090543 1.525713 282.583057
 5.980000 -3.121513 1.255052 287.482090
 6.000000 3.131735 1.631888 282.470109
 6.020000 -3.066288 1.531684 283.430671
 6.040000 -2.931452 1.764051 295.457761
 6.060000 -2.923075 1.834198 298.843245
 6.080000 -3.038154 1.875115 293.748928
 6.100000 -2.990200 1.895626 297.159935
 6.120000 3.116293 1.837565 289.223230
 6.140000 3.098088 1.779933 286.738763
 6.160000 -3.109561 1.808401 288.499584
 6.180000 -3.138709 1.782338 287.004655
 6.200000 -2.938384 1.718897 293.531777
 6.220000 -2.923279 1.743878 295.465779
 6.240000 -2.989142 1.621394 287.991511
 6.260000 -2.941508 1.690462 292.576124
 6.280000 -3.100835 1.421382 283.034904
 6.300000 -3.037091 1.393463 286.193848
 6.320000 -3.066169 1.341704 286.169154
 6.340000 -3.106604 1.463492 282.348971
 6.360000 3.077318 1.454692 281.164617
 6.380000 -3.100944 1.611772 282.982286
 6.400000 -3.065510 1.640478 284.542784
 6.420000 -2.866505 1.799984 302.561028
 6.440000 -2.981237 1.588202 288.137439
 6.460000 -2.920893 1.575083 292.629794
 6.480000 -3.101283 1.509145 282.270742
 6.500000 -3.042415 1.532403 284.445889
 6.520000 3.122039 1.547762 281.298800
 6.540000 3.127057 1.483826 281.246592
 6.560000 -3.114391 1.601892 282.529796
 6.580000 -2.984084 1.563191 287.793334
 6.600000 -2.954284 1.560827 289.879442
 6.620000 -2.858304 1.530924 298.608851
 6.640000 -2.910340 1.596983 293.696873
 6.660000 -3.002064 1.533461 286.600742
 6.680000 -2.919541 1.650454 293.556455
 6.700000 -3.045463 1.601186 284.747776
 6.720000 -3.105923 1.736464 285.850354
 6.740000 3.073325 1.540523 281.195992
 6.760000 3.094400 1.601522 281.807482
 6.780000 -3.049754 1.540007 284.123356
 6.800000 -2.877668 1.533439 296.604810
 6.820000 -2.977208 1.596740 288.480090
 6.840000 -3.002180 1.540427 286.596898
 6.860000 -3.041428 1.476624 284.714299
 6.880000 -3.021518 1.579482 285.685364
 6.900000 -3.016689 1.602787 286.165352
 6.920000 -3.079867 1.501276 282.966286
 6.940000 3.075877 1.523398 281.084609
 6.960000 -3.031110 1.550549 285.027796
 6.980000 -3.030774 1.667564 286.526736
 7.000000 -2.928394 1.599782 292.167772
 7.020000 -2.840235 1.764624 304.066482
 7.040000 -2.855156 1.860735 306.239502
 7.060000 -2.912028 1.705611 295.345652
 7.080000 -3.049249 1.629186 284.982204
 7.100000 3.013311 1.436917 281.982637
 7.120000 3.133872 1.570679 281.603402
 7.140000 -3.085549 1.584127 283.062720
 7.160000 -3.037806 1.629302 285.485731
 7.180000 -2.966542 1.573115 289.038714
 7.200000 -2.991753 1.785791 292.101775
 7.220000 -3.048005 1.754885 288.219493
 7.240000 -3.020572 1.682982 287.371559
 7.260000 -3.036197 1.644672 285.819639
 7.280000 -3.091170 1.812238 289.060754
 7.300000 -3.124701 1.715891 284.857977
 7.320000 3.095002 1.589106 281.628196
 7.340000 -3.087918 1.670858 284.450668
 7.360000 -2.944470 1.627635 291.191785
 7.380000 -2.929369 1.654495 292.806746
 7.400000 -2.987510 1.553668 287.534403
 7.420000 -3.055229 1.507280 283.907645
 7.440000 -3.107618 1.477874 282.214718
 7.460000 -3.123214 1.530152 281.755221
 7.480000 -3.072372 1.482194 283.335662
 7.500000 -3.069430 1.553267 283.372912
 7.520000 -3.042816 1.611058 284.990145
 7.540000 -2.981242 1.797188 293.173834
 7.560000 -3.078348 1.660602 284.509017
 7.580000 -2.949732 1.686422 291.861183
 7.600000 -3.021927 1.794118 290.820517
 7.620000 -2.907430 1.677862 295.121603
 7.640000 -3.062407 1.732858 286.953361
 7.660000 -3.138025 1.659734 283.192769
 7.680000 3.113733 1.721628 284.649879
 7.700000 -3.090570 1.689428 284.833949
 7.720000 -3.085321 1.607150 283.348190
 7.740000 -3.032168 1.614678 285.530862
 7.760000 -3.079048 1.549741 283.016550
 7.780000 -3.097631 1.562250 282.523062
 7.800000 -3.017572 1.557928 285.762986
 7.820000 -2.995826 1.582547 287.165854
 7.840000 -2.914215 1.692518 294.846945
 7.860000 -3.071719 1.783186 288.415504
 7.880000 -3.046296 1.719274 287.156160
 7.900000 -3.070488 1.711694 286.043229
 7.920000 -3.051460 1.721599 287.017134
 7.940000 -2.912087 1.737944 296.227050
 7.960000 -2.971380 1.645083 289.505034
 7.980000 -2.981917 1.576190 288.006309
 8.000000 -2.970454 1.682125 290.297514
 8.020000 -3.065325 1.475993 283.655927
 8.040000 -3.056050 1.625204 284.641500
 8.060000 -3.076451 1.478840 283.205240
 8.080000 -3.000637 1.469434 287.029848
 8.100000 -3.064867 1.436332 284.114385
 8.120000 -3.034373 1.435141 285.559335
 8.140000 -3.086129 1.468824 282.936429
 8.160000 -2.947813 1.523720 290.371004
 8.180000 -2.939710 1.548405 290.985558
 8.200000 -2.941500 1.747397 294.136073
 8.220000 -3.102864 1.532866 282.241159
 8.240000 3.104237 1.586727 281.600857
 8.260000 -3.057576 1.659456 285.205178
 8.280000 -2.988814 1.686055 289.212518
 8.300000 -3.052769 1.681051 285.875690
 8.320000 -2.996452 1.579450 287.105154
 8.340000 -3.101772 1.626427 283.196498
 8.360000 -3.028159 1.686373 287.080228
 8.380000 -2.999939 1.599617 287.075212
 8.400000 -2.980349 1.636005 288.764157
 8.420000 -2.938379 1.649701 292.001437
 8.440000 -2.993029 1.720069 289.838486
 8.460000 -3.071666 1.758862 287.513364
 8.480000 -3.080159 1.590364 283.298566
 8.500000 -3.068366 1.797170 289.077527
 8.520000 -2.989460 1.768102 291.585004
 8.540000 -3.055351 1.772288 288.560513
 8.560000 -3.093726 1.632644 283.513115
 8.580000 3.091539 1.654881 282.843847
 8.600000 3.134020 1.617944 282.241368
 8.620000 -3.093553 1.553910 282.584018
 8.640000 -3.058092 1.539499 283.768553
 8.660000 -2.961953 1.528441 289.287231
 8.680000 -3.070898 1.463330 283.544455
 8.700000 -3.019132 1.357979 288.069183
 8.720000 -3.080925 1.479138 283.041168
 8.740000 -2.967578 1.327483 292.412846
 8.760000 -3.096180 1.496941 282.448827
 8.780000 -2.995883 1.524642 286.987293
 8.800000 -2.904155 1.740855 297.005265
 8.820000 -2.928045 1.804507 297.217337
 8.840000 -2.869570 1.762281 300.925032
 8.860000 -2.945261 1.866762 298.628224
 8.880000 -3.115728 1.903766 293.046076
 8.900000 -3.048925 1.854537 292.309933
 8.920000 3.045359 1.821162 289.000208
 8.940000 3.117400 1.853388 289.979064
 8.960000 -3.103417 1.900570 293.095850
 8.980000 -3.057089 1.906754 294.688178
 9.000000 -3.079759 1.787439 288.341864
 9.020000 -3.021632 1.670239 287.030224
 9.040000 -3.089273 1.514377 282.622452
 9.060000 -2.890609 1.507628 295.444230
 9.080000 -3.061819 1.219610 291.372513
 9.100000 -2.993335 1.215432 295.371013
 9.120000 -2.953444 1.273999 295.490088
 9.140000 -3.063812 1.244378 290.057778
 9.160000 -3.029629 1.223248 292.794938
 9.180000 -2.993160 1.458368 287.629667
 9.200000 -2.981976 1.490626 288.047273
 9.220000 -2.963254 1.670771 290.547505
 9.240000 -3.023237 1.615095 285.975672
 9.260000 -3.118660 1.859563 290.703734
 9.280000 -3.058348 1.925200 295.669331
 9.300000 -3.038754 1.982851 299.840726
 9.320000 -3.031646 2.179175 314.304306
 9.340000 -3.068154 1.989828 299.255892
 9.360000 3.101208 2.090888 304.765756
 9.380000 3.122579 1.976239 296.880529
 9.400000 -3.065949 1.795075 289.071956
 9.420000 -2.923942 1.784236 296.773957
 9.440000 -2.947595 1.709484 292.581416
 9.460000 -2.911179 1.554231 293.415528
 9.480000 -2.953106 1.446244 290.643261
 9.500000 -3.000645 1.361549 289.090015
 9.520000 -2.982369 1.348315 290.690229
 9.540000 -3.089459 1.220882 290.168575
 9.560000 -3.084113 1.264588 288.292684
 9.580000 3.061895 1.423368 281.519664
 9.600000 -3.096839 1.512393 282.394202
 9.620000 -3.074088 1.642815 284.289590
 9.640000 -3.048494 1.790492 289.520586
 9.660000 -3.112411 1.754042 286.319742
 9.680000 -3.065855 1.786870 288.748826
 9.700000 3.117006 1.829144 288.835639
 9.720000 -3.006264 1.774026 290.848917
 9.740000 -3.083206 1.719020 285.865122
 9.760000 -3.083289 1.701940 285.372958
 9.780000 -2.960048 1.697752 291.381401
 9.800000 -2.962476 1.482756 289.492084
 9.820000 -2.933511 1.396314 293.172028
 9.840000 -2.939617 1.409616 292.374402
 9.860000 -2.938889 1.331431 294.529815
 9.880000 -2.903071 1.429841 295.196835
 9.900000 -3.008052 1.328929 289.619284
 9.920000 3.115116 1.540921 281.207392
 9.940000 -3.098217 1.615128 283.102542
 9.960000 3.103658 1.867403 290.668104
 9.980000 -3.059933 1.815360 290.120573
 10.000000 -3.049312 1.934542 296.521603
 10.020000 3.087516 2.031475 300.554868
 10.040000 -3.053507 1.943489 296.888001
 10.060000 -3.088831 1.970649 297.490589
 10.080000 -2.981161 1.748009 291.409954
 10.100000 -2.964107 1.756120 292.791353
 10.120000 -3.087062 1.495499 282.742391
 10.140000 -3.075481 1.355390 285.381237
 10.160000 -2.963946 1.340614 292.258913
 10.180000 -2.898728 1.326029 298.263952
 10.200000 -2.848438 1.355675 302.461586
 10.220000 -2.959911 1.290335 294.331272
 10.240000 -3.011139 1.530090 286.069031
 10.260000 -3.075787 1.433182 283.722243
 10.280000 -3.109247 1.614197 282.822051
 10.300000 3.141300 1.655526 283.053094
 10.320000 3.140686 1.796179 287.527630
 10.340000 -3.071310 1.856502 291.638752
 10.360000 -3.083059 1.958565 296.890939
 10.380000 -3.071605 1.879404 292.772824
 10.400000 -3.045856 1.920542 295.857317
 10.420000 -3.082046 1.917136 294.504452
 10.440000 -3.027250 1.665317 286.647126
 10.460000 -3.131453 1.545844 281.662388
 10.480000 -3.022145 1.399992 286.857764
 10.500000 -3.116929 1.448895 282.218121
 10.520000 -2.879855 1.312691 300.542397
 10.540000 -2.896093 1.406021 296.326432
 10.560000 -2.823166 1.482185 302.872197
 10.580000 -2.927337 1.431500 292.989335
 10.600000 -3.048087 1.571833 284.349171
 10.620000 -3.138971 1.540709 281.514099
 10.640000 -3.050835 1.683743 286.017462
 10.660000 -3.023850 1.695050 287.502952
 10.680000 -3.108243 1.885223 292.187207
 10.700000 -3.056177 1.822310 290.555185
 10.720000 3.033886 1.866948 291.393183
 10.740000 -3.088761 1.826029 289.729545
 10.760000 -3.089241 1.866981 291.664577
 10.780000 -3.139986 1.697312 284.116544
 10.800000 -3.073854 1.613246 283.804935
 10.820000 -3.038986 1.519660 284.618133
 10.840000 -2.993258 1.353813 289.789434
 10.860000 -2.961120 1.431466 290.264805
 10.880000 -2.966815 1.347916 291.819000
 10.900000 -2.976760 1.487730 288.426426
 10.920000 -2.889787 1.488228 295.674675
 10.940000 -3.009843 1.572138 286.269214
 10.960000 -3.036944 1.621142 285.399633
 10.980000 3.063535 1.689863 283.941878
 11.000000 -3.113631 1.762963 286.619018
 11.020000 -3.135293 1.808595 288.124819
 11.040000 -3.100240 1.776431 287.395954
 11.060000 3.057767 1.866534 290.981862
 11.080000 3.077952 1.883413 291.624123
 11.100000 -3.124209 1.807978 288.239122
 11.120000 -3.087168 1.832095 290.044791
 11.140000 -3.007018 1.636428 287.161384
 11.160000 -3.058957 1.722434 286.757804
 11.180000 -3.030986 1.503036 285.065304
 11.200000 -3.050468 1.402691 285.335831
 11.220000 -2.940461 1.427218 291.963129
 11.240000 -2.961257 1.332837 292.710480
 11.260000 -3.020626 1.386366 287.249371
 11.280000 -2.934088 1.367927 293.835966
 11.300000 -3.000158 1.364469 289.040069
 11.320000 -2.997875 1.522474 286.867465
 11.340000 -3.012745 1.495157 286.094792
 11.360000 3.128779 1.632757 282.462399
 11.380000 -3.072266 1.755993 287.393791
 11.400000 -3.029279 1.789739 290.305559
 11.420000 -3.088812 1.936513 295.438648
 11.440000 -3.065773 1.867531 292.352811
 11.460000 -3.089865 1.874017 292.003675
 11.480000 -3.140304 1.765095 286.321670
 11.500000 -3.010716 1.657271 287.332533
 11.520000 3.084364 1.593573 281.716045
 11.540000 -3.005575 1.475045 286.672618
 11.560000 -2.981279 1.463786 288.352028
 11.580000 -2.961071 1.505042 289.435993
 11.600000 -2.951397 1.354176 292.812097
 11.620000 -3.054157 1.340542 286.747092
 11.640000 3.089271 1.376110 282.294410
 11.660000 -3.003474 1.307153 290.659597
 11.680000 -3.039200 1.353528 287.100174
 11.700000 -3.071154 1.508257 283.262336
 11.720000 -2.973408 1.617053 288.958194
 11.740000 -3.078982 1.724252 286.146415
 11.760000 -3.051194 1.832156 291.179693
 11.780000 -2.973038 1.925613 299.796672
 11.800000 3.131325 1.826520 288.776559
 11.820000 -3.103767 1.858833 290.935112
 11.840000 -3.075709 1.812593 289.495535
 11.860000 3.124251 1.697406 283.963249
 11.880000 -3.009383 1.771919 290.606535
 11.900000 -3.076771 1.707846 285.733294
 11.920000 -2.982101 1.777018 292.354817
 11.940000 -2.875098 1.707461 298.820172
 11.960000 -2.854904 1.681094 300.298947
 11.980000 -2.884547 1.558855 295.915206
 12.000000 -3.001626 1.548714 286.643364
 12.020000 -3.113269 1.537752 281.996491
 12.040000 -3.049752 1.591816 284.455836
 12.060000 3.134991 1.503294 281.301328
 12.080000 -3.065466 1.617652 284.166083
 12.100000 -3.055021 1.649674 285.110485
 12.120000 -3.072425 1.605075 283.739958
 12.140000 -3.006942 1.565990 286.399049
 12.160000 -2.991889 1.489879 287.399071
 12.180000 -3.017015 1.619360 286.357349
 12.200000 -3.069714 1.569800 283.466454
 12.220000 -3.078618 1.496367 283.028846
 12.240000 -3.110313 1.524064 282.033022
 12.260000 -3.074613 1.545462 283.154534
 12.280000 3.134600 1.534985 281.356826
 12.300000 -3.013975 1.501059 285.991592
 12.320000 -2.998917 1.531449 286.792579
 12.340000 -2.859018 1.670243 299.655854
 12.360000 -2.910586 1.716461 295.750318
 12.380000 -2.950420 1.694974 292.009728
 12.400000 -3.042227 1.727702 287.576691
 12.420000 -3.037965 1.717195 287.449322
 12.440000 3.087518 1.759556 285.997962
 12.460000 3.051625 1.631574 282.672011
 12.480000 3.125352 1.677455 283.437543
 12.500000 -3.001520 1.832668 293.483975
 12.520000 -3.014323 1.648654 286.976179
 12.540000 -2.948243 1.778350 294.685158
 12.560000 -2.975839 1.608359 288.690992
 12.580000 -2.957836 1.696437 291.506159
 12.600000 -2.983700 1.368109 290.032789
 12.620000 -3.002331 1.359855 289.030991
 12.640000 -3.108793 1.337163 284.754439
 12.660000 -3.112491 1.411560 282.860799
 12.680000 -3.073240 1.330267 286.230868
 12.700000 -2.911221 1.469492 293.858981
 12.720000 -3.071971 1.511984 283.223079
 12.740000 -2.900943 1.561339 294.360814
 12.760000 -3.078459 1.697688 285.401452
 12.780000 -3.045807 1.586537 284.572481
 12.800000 -3.083421 1.755467 287.042302
 12.820000 -3.041220 1.813942 290.774095
 12.840000 -3.104808 1.874954 291.721519
 12.860000 -2.994362 1.794790 292.296995
 12.880000 -3.121719 1.706210 284.618372
 12.900000 -3.041186 1.886068 294.184147
 12.920000 -3.037948 1.582318 284.893346
 12.940000 -3.035514 1.647878 285.909953
 12.960000 -2.879425 1.634677 297.008902
 12.980000 -3.013940 1.561018 285.977224
 13.000000 -3.003410 1.435743 287.301690
 13.020000 3.072399 1.472954 281.080392
 13.040000 -3.138868 1.412158 282.237632
 13.060000 -3.024640 1.495640 285.434322
 13.080000 -2.914740 1.477190 293.456446
 13.100000 -3.070229 1.578610 283.520724
 13.120000 -2.952754 1.616251 290.419384
 13.140000 -3.118286 1.593236 282.335326
 13.160000 -3.124544 1.766162 286.556616
 13.180000 -3.077193 1.542138 283.053549
 13.200000 3.076394 1.696323 284.002253
 13.220000 -3.087936 1.644397 283.892606
 13.240000 -3.071431 1.618684 283.968746
 13.260000 -3.062464 1.482542 283.725586
 13.280000 -2.969529 1.630264 289.400637
 13.300000 -2.992384 1.627000 287.870078
 13.320000 -2.914828 1.527391 293.113555
 13.340000 -2.969131 1.528213 288.768473
 13.360000 -3.094004 1.519901 282.474422
 13.380000 -3.109377 1.460552 282.299341
 13.400000 -3.099351 1.569906 282.536550
 13.420000 -3.005276 1.693728 288.440305
 13.440000 -2.965396 1.614316 289.478988
 13.460000 -2.994558 1.859705 295.118217
 13.480000 -3.040090 1.797865 290.155287
 13.500000 -3.044032 1.772008 288.992470
 13.520000 -2.978083 1.720343 290.766668
 13.540000 -2.953025 1.797285 295.053903
 13.560000 3.105679 1.657071 282.876348
 13.580000 3.107577 1.508440 281.051741
 13.600000 3.100338 1.456987 281.174872
 13.620000 -3.073399 1.535334 283.171525
 13.640000 -2.906901 1.501509 293.952983
 13.660000 -2.867651 1.401489 299.263147
 13.680000 -2.879595 1.587891 296.521809
 13.700000 -2.880369 1.440928 297.210824
 13.720000 -3.017397 1.549597 285.742620
 13.740000 3.121579 1.575205 281.539187
 13.760000 -3.100770 1.626790 283.227484
 13.780000 -3.124061 1.719461 284.977267
 13.800000 -2.961978 1.908053 299.554366
 13.820000 -3.102227 1.884045 292.242579
 13.840000 -3.088340 1.801316 288.670715
 13.860000 -3.113862 1.890364 292.357935
 13.880000 -3.040703 1.893217 294.575426
 13.900000 -3.110940 1.731269 285.580299
 13.920000 -3.067732 1.649598 284.635586
 13.940000 3.127089 1.616361 282.153947
 13.960000 -3.042777 1.394979 285.871824
 13.980000 -3.062684 1.229129 290.850113
 14.000000 -3.005010 1.360606 288.842453
 14.020000 -2.949375 1.265636 296.163946
 14.040000 -2.858957 1.380548 300.666228
 14.060000 -2.936184 1.560307 291.293711
 14.080000 -2.913874 1.535302 293.180001
 14.100000 -3.070762 1.657175 284.683966
 14.120000 3.073524 1.698484 284.088531
 14.140000 3.115634 1.789176 287.101929
 14.160000 3.093440 1.777640 286.663934
 14.180000 -3.032062 1.929785 296.934892
 14.200000 -3.051437 2.027164 302.265880
 14.220000 -3.019524 1.972211 300.000521
 14.240000 -3.092518 1.919859 294.397482
 14.260000 -2.991525 1.958631 300.604063
 14.280000 -3.007744 1.715247 288.872340
 14.300000 -3.017882 1.647893 286.775166
 14.320000 -2.978112 1.581078 288.291084
 14.340000 -2.902831 1.540380 294.172510
 14.360000 -2.992330 1.350710 289.942093
 14.380000 -2.974118 1.423376 289.456667
 14.400000 -3.000406 1.420941 287.739527
 14.420000 -2.954055 1.497980 290.007337
 14.440000 -3.009402 1.495627 286.285245
 14.460000 -2.962402 1.568069 289.308846
 14.480000 3.094954 1.515952 281.028714
 14.500000 -3.136121 1.741662 285.531086
 14.520000 3.046400 1.656672 283.310177
 14.540000 -3.075063 1.782958 288.303749
 14.560000 3.117333 1.775252 286.551150
 14.580000 -2.994399 1.789146 292.076039
 14.600000 -3.138654 1.745662 285.639805
 14.620000 -2.973516 1.656255 289.560522
 14.640000 -3.014213 1.571428 286.020240
 14.660000 -2.966030 1.576480 289.094615
 14.680000 -3.071602 1.456200 283.591215
 14.700000 -3.062245 1.479591 283.754987
 14.720000 -3.008027 1.485613 286.434919
 14.740000 -2.979073 1.600861 288.396005
 14.760000 -3.017250 1.414043 286.855229
 14.780000 -2.970296 1.631254 289.362406
 14.800000 -2.965727 1.604036 289.340709
 14.820000 -3.082032 1.747055 286.791434
 14.840000 -3.023932 1.735273 288.632536
 14.860000 3.119071 1.827083 288.746853
 14.880000 3.094655 1.792516 287.257661
 14.900000 -3.064204 1.800735 289.360791
 14.920000 -3.120485 1.745145 285.869697
 14.940000 -3.058617 1.605174 284.251568
 14.960000 -3.031259 1.586454 285.250290
 14.980000 -3.062599 1.424148 284.398240
 15.000000 -2.950886 1.514102 290.165533
 15.020000 -2.996147 1.347454 289.788089
 15.040000 -2.977472 1.511697 288.232919
 15.060000 -2.993661 1.285707 292.120565
 15.080000 -3.007550 1.487169 286.451191
 15.100000 -3.002205 1.418888 287.664566
 15.120000 -3.007421 1.540602 286.287574
 15.140000 -3.075454 1.520936 283.084688
 15.160000 -3.027841 1.681227 286.973400
 15.180000 -3.069912 1.699826 285.732195
 15.200000 -3.046044 1.754261 288.276800
 15.220000 3.130356 1.743807 285.454605
 15.240000 -3.028987 1.771911 289.642322
 15.260000 -3.043614 1.779579 289.294559
 15.280000 -2.957182 1.778973 294.067222
 15.300000 -3.057587 1.743724 287.476545
 15.320000 -3.013436 1.609693 286.422310
 15.340000 -3.107775 1.583903 282.457315
 15.360000 -2.903297 1.506161 294.254392
 15.380000 -3.026643 1.486468 285.386449
 15.400000 -3.030187 1.310558 288.969793
 15.420000 -3.070193 1.453363 283.678360
 15.440000 -3.092966 1.377395 284.165020
 15.460000 -3.027873 1.578808 285.354459
 15.480000 -2.991579 1.499691 287.354668
 15.500000 -2.981498 1.654977 289.015575
 15.520000 -3.122272 1.656947 283.361307
 15.540000 -3.050919 1.668950 285.670808
 15.560000 3.060051 1.647236 282.903687
 15.580000 -3.086567 1.607325 283.312864
 15.600000 -3.137031 1.669426 283.432145
 15.620000 -3.002378 1.658577 287.822269
 15.640000 -2.986927 1.680793 289.206556
 15.660000 -2.937237 1.580286 291.296869
 15.680000 -3.035234 1.771203 289.336215
 15.700000 -3.078665 1.656365 284.410062
 15.720000 -3.110542 1.630709 283.067819
 15.740000 -3.013886 1.657492 287.166534
 15.760000 -3.016763 1.659395 287.052812
 15.780000 -3.016640 1.664436 287.162379
 15.800000 -3.063455 1.663442 285.070150
 15.820000 -2.976951 1.796274 293.406205
 15.840000 -2.924671 1.738281 295.182045
 15.860000 -2.896412 1.866193 302.547498
 15.880000 -3.089916 1.566207 282.773334
 15.900000 -3.113156 1.587610 282.376359
 15.920000 -3.064714 1.406900 284.613665
 15.940000 -3.047499 1.541037 284.225700
 15.960000 -2.963231 1.355624 291.857171
 15.980000 3.128946 1.409105 282.030367
 16.000000 -3.127613 1.512887 281.640388
 16.020000 -3.088631 1.473988 282.812097
 16.040000 -3.051741 1.493400 284.120443
 16.060000 -3.051528 1.528865 284.031979
 16.080000 -3.060822 1.637615 284.664817
 16.100000 3.126519 1.623716 282.277463
 16.120000 -3.012400 1.783944 290.898511
 16.140000 -3.058874 1.762468 288.074401
 16.160000 -3.004659 1.864139 294.781181
 16.180000 -2.968590 1.811116 294.541441
 16.200000 -3.000297 1.852132 294.442103
 16.220000 -3.014652 1.652988 287.039210
 16.240000 -2.933515 1.616135 291.914652
 16.260000 -3.100818 1.669252 284.078213
 16.280000 -3.001788 1.604427 287.018798
 16.300000 -2.938800 1.619497 291.531552
 16.320000 -2.959085 1.660028 290.628788
 16.340000 -3.033681 1.715034 287.577793
 16.360000 -3.089319 1.667679 284.339590
 16.380000 -3.104042 1.728549 285.634410
 16.400000 -2.985976 1.701266 289.758074
 16.420000 -3.002222 1.729902 289.597147
 16.440000 -3.108640 1.572421 282.323196
 16.460000 -3.120880 1.673119 283.758356
 16.480000 3.071631 1.539294 281.196862
 16.500000 -3.051315 1.545221 284.069012
 16.520000 -3.062575 1.595268 283.976868
 16.540000 -3.051727 1.482292 284.190122
 16.560000 -3.010059 1.438908 286.850187
 16.580000 -3.062158 1.374017 285.449647
 16.600000 -3.055990 1.507854 283.873107
 16.620000 -2.958863 1.451997 290.118639
 16.640000 -3.050779 1.619925 284.773725
 16.660000 -2.961011 1.671811 290.726764
 16.680000 -2.891938 1.754953 298.545328
 16.700000 -3.063379 1.734629 286.975290
 16.720000 -2.999526 1.786268 291.676143
 16.740000 3.134047 1.766136 286.283841
 16.760000 -3.059201 1.854415 291.930425
 16.780000 -3.046657 1.970299 298.750848
 16.800000 -3.103413 1.898173 292.966513
 16.820000 -3.030809 1.876869 294.149170
 16.840000 -3.017684 1.812661 291.784165
 16.860000 -2.960020 1.725106 292.113085
 16.880000 -3.018288 1.616484 286.250287
 16.900000 -3.050972 1.441876 284.648868
 16.920000 -3.094300 1.373837 284.205735
 16.940000 -3.036519 1.286205 289.559597
 16.960000 -3.048632 1.218241 292.065185
 16.980000 -3.000786 1.272213 292.218201
 17.000000 -3.015671 1.227678 293.364323
 17.020000 -3.062458 1.343254 286.285222
 17.040000 -3.007940 1.360722 288.658445
 17.060000 -3.032135 1.452332 285.433478
 17.080000 3.111319 1.466891 281.177154
 17.100000 -3.064643 1.679202 285.385856
 17.120000 -3.092288 1.729151 285.929379
 17.140000 -3.065107 2.001886 300.130259
 17.160000 -3.023357 1.929271 297.288009
 17.180000 -3.129461 1.941919 295.022741
 17.200000 -3.088183 1.881208 292.412683
 17.220000 -3.012043 1.760587 290.063832
 17.240000 -3.034294 1.770479 289.350808
 17.260000 -2.999545 1.611935 287.238800
 17.280000 3.118982 1.613098 282.045209
 17.300000 -3.077859 1.590679 283.377558
 17.320000 -3.081723 1.595089 283.303689
 17.340000 -3.056763 1.532587 283.811471
 17.360000 -2.944822 1.453016 291.200878
 17.380000 -3.052834 1.437114 284.631221
 17.400000 -3.040125 1.364752 286.741889
 17.420000 -3.069013 1.377518 285.067706
 17.440000 -3.037589 1.425739 285.545810
 17.460000 -2.977963 1.567372 288.219647
 17.480000 -2.932826 1.499742 291.696215
 17.500000 -3.121093 1.643169 283.093474
 17.520000 -3.064079 1.580646 283.767240
 17.540000 -3.089150 1.628668 283.570915
 17.560000 -2.965780 1.723855 291.679438
 17.580000 -2.979149 1.648175 289.043341
 17.600000 -2.950789 1.766556 294.080461
 17.620000 -3.065378 1.710686 286.187192
 17.640000 -3.004596 1.884292 295.785641
 17.660000 -3.091019 1.719356 285.660580
 17.680000 -2.977441 1.745507 291.564884
 17.700000 -3.098542 1.607254 282.977390
 17.720000 -3.002577 1.648727 287.624836
 17.740000 -3.112763 1.517694 281.967068
 17.760000 -3.002775 1.665477 287.938323
 17.780000 -3.053381 1.649841 285.178673
 17.800000 -2.867747 1.848059 304.410319
 17.820000 -3.097884 1.692688 284.731506
 17.840000 -3.076998 1.698423 285.466278
 17.860000 3.099656 1.463758 281.125282
 17.880000 -3.126125 1.544342 281.751900
 17.900000 -3.068221 1.471227 283.578243
 17.920000 -2.972454 1.520217 288.552098
 17.940000 -3.121895 1.537121 281.804993
 17.960000 -3.055527 1.593958 284.239407
 17.980000 -3.101256 1.641021 283.473234
 18.000000 -3.052671 1.579861 284.215396
 18.020000 -2.973573 1.576920 288.571359
 18.040000 -2.968266 1.538350 288.819394
 18.060000 -3.003899 1.611984 286.985260
 18.080000 -3.048988 1.510340 284.173330
 18.100000 -3.071557 1.645253 284.420348
 18.120000 -3.062070 1.682028 285.546392
 18.140000 -2.988093 1.791609 292.540172
 18.160000 -3.020421 1.684193 287.407756
 18.180000 -2.933687 1.634351 292.133892
 18.200000 -3.053487 1.638457 284.965212
 18.220000 -2.951380 1.602694 290.374220
 18.240000 -3.075994 1.572893 283.269303
 18.260000 -2.975497 1.697878 290.336626
 18.280000 -3.072296 1.739472 286.834515
 18.300000 -2.998478 1.715772 289.402366
 18.320000 -3.135993 1.618790 282.410818
 18.340000 -3.058462 1.531651 283.740608
 18.360000 -3.126206 1.505496 281.672738
 18.380000 -2.944830 1.597897 290.828884
 18.400000 -3.045500 1.526683 284.303151
 18.420000 -3.009715 1.554291 286.186464
 18.440000 -3.071047 1.650427 284.537927
 18.460000 -3.064235 1.684117 285.520130
 18.480000 -3.010666 1.537638 286.097170
 18.500000 -3.052414 1.489796 284.110714
 18.520000 -3.085166 1.453560 283.118065
 18.540000 -3.056277 1.503730 283.875095
 18.560000 -2.999346 1.465308 287.154145
 18.580000 -2.990923 1.593720 287.563999
 18.600000 -2.800011 1.708323 307.160491
 18.620000 -3.073185 1.720621 286.216652
 18.640000 -2.979827 1.701904 290.158887
 18.660000 3.115165 1.622928 282.197878
 18.680000 -3.102515 1.665755 283.958017
 18.700000 -3.133217 1.675844 283.637672
 18.720000 -2.965928 1.782322 293.591237
 18.740000 -3.018707 1.693102 287.710679
 18.760000 -2.930586 1.846372 298.783737
 18.780000 -3.109735 1.613439 282.799403
 18.800000 -3.054842 1.691417 286.051397
 18.820000 -3.084547 1.497056 282.820310
 18.840000 -2.945344 1.635631 291.236592
 18.860000 -3.094718 1.439717 282.962589
 18.880000 -3.091171 1.412557 283.496746
 18.900000 3.118295 1.390358 282.229557
 18.920000 -2.980345 1.515887 288.021210
 18.940000 -3.001376 1.466409 287.016234
 18.960000 -2.901381 1.473625 294.717977
 18.980000 -3.082905 1.503887 282.852834
 19.000000 -3.025507 1.436142 286.014578
 19.020000 3.138652 1.536270 281.414265
 19.040000 -3.042514 1.587412 284.728026
 19.060000 -3.028803 1.783383 290.081905
 19.080000 -3.023385 1.802422 291.085371
 19.100000 -3.026554 1.895404 295.291405
 19.120000 -2.937364 1.915874 301.705113
 19.140000 -3.019652 1.869407 294.285772
 19.160000 -2.969477 1.832126 295.372951
 19.180000 -2.986194 1.730938 290.566258
 19.200000 -3.135989 1.710426 284.538311
 19.220000 -3.075667 1.690437 285.297203
 19.240000 3.118405 1.667257 283.149046
 19.260000 -3.019822 1.602590 285.996730
 19.280000 -2.973121 1.576225 288.598049
 19.300000 -2.917925 1.606345 293.117058
 19.320000 -3.034252 1.526567 284.839833
 19.340000 -2.976696 1.445120 288.917160
 19.360000 3.131175 1.469428 281.373033
 19.380000 -2.993429 1.505390 287.205664
 19.400000 -2.994489 1.515634 287.095849
 19.420000 -3.089587 1.541520 282.646555
 19.440000 -3.097782 1.455306 282.682958
 19.460000 3.115602 1.485756 281.123387
 19.480000 -3.135329 1.519016 281.503929
 19.500000 -2.999789 1.529839 286.740385
 19.520000 -3.026743 1.503854 285.281330
 19.540000 -3.020971 1.615759 286.100684
 19.560000 -2.997277 1.702592 289.117793
 19.580000 -3.074300 1.753894 287.257073
 19.600000 -3.059300 1.645039 284.857222
 19.620000 -3.020113 1.791300 290.797196
 19.640000 -3.068218 1.739410 286.965086
 19.660000 -2.982318 1.700505 289.966130
 19.680000 -3.044731 1.660489 285.748204
 19.700000 -2.988081 1.684088 289.211387
 19.720000 -3.038253 1.757757 288.722134
 19.740000 -2.995867 1.747522 290.510751
 19.760000 -3.023611 1.642037 286.377231
 19.780000 -3.046889 1.622157 284.972062
 19.800000 -3.065778 1.503824 283.483709
 19.820000 -3.087470 1.543677 282.719382
 19.840000 -3.031142 1.422583 285.934397
 19.860000 -2.991207 1.566368 287.351175
 19.880000 -2.981560 1.543507 287.904862
 19.900000 -3.048121 1.621630 284.911406
 19.920000 -3.107279 1.523026 282.108071
 19.940000 -3.089318 1.576176 282.873977
 19.960000 -2.948776 1.622122 290.790796
 19.980000 -3.056561 1.523872 283.817085
 20.000000 -3.072779 1.584982 283.490392
