#! FIELDS time phi psi metad.bias
#! SET min_phi -pi
#! SET max_phi pi
#! SET min_psi -pi
#! SET max_psi pi
 0.000000 3.141580 -3.141577 404.435049
 0.020000 -3.078601 2.141969 311.894690
 0.040000 -3.099579 2.142222 311.129489
 0.060000 -3.056141 2.139049 312.869705
 0.080000 -3.048798 2.161996 313.801982
 0.100000 -3.071648 2.174555 313.048794
 0.120000 -3.079304 2.163268 312.403105
 0.140000 -3.115256 2.087471 309.743059
 0.160000 -3.119750 2.134204 310.384384
 0.180000 -3.068062 2.157201 312.722727
 0.200000 -3.090682 2.138011 311.338295
 0.220000 -3.086659 2.089141 310.686142
 0.240000 -3.090944 2.091467 310.549631
 0.260000 -3.080401 2.114005 311.275448
 0.280000 -3.073290 2.094726 311.306248
 0.300000 -3.080609 2.085693 310.894225
 0.320000 -3.077325 2.094033 311.121201
 0.340000 -3.055615 2.127739 312.669477
 0.360000 -3.073939 2.154691 312.398452
 0.380000 -3.081915 2.123539 311.380358
 0.400000 -3.036068 2.149411 314.216385
 0.420000 -3.050651 2.187269 314.448112
 0.440000 -2.989428 2.248013 320.624700
 0.460000 -3.130942 2.127416 310.001868
 0.480000 -3.064555 2.233605 315.549967
 0.500000 -3.050549 2.178968 314.192453
 0.520000 -3.088993 2.132585 311.284319
 0.540000 -3.075017 2.041869 310.914960
 0.560000 -3.060679 2.084160 311.794291
 0.580000 -3.128723 2.088070 309.442954
 0.600000 -3.014425 2.140190 315.416406
 0.620000 -3.107290 2.041733 309.721338
 0.640000 -3.033392 2.100215 313.513823
 0.660000 -3.094046 2.099348 310.533749
 0.680000 -3.092988 2.148730 311.506895
 0.700000 -3.118332 2.126550 310.258292
 0.720000 -3.087991 2.093367 310.682018
 0.740000 -3.109150 2.293657 317.152875
 0.760000 -3.071629 2.260788 316.536786
 0.780000 -3.112700 2.275574 316.029851
 0.800000 -3.112351 2.290243 316.875907
 0.820000 -3.034360 2.265049 318.513624
 0.840000 -3.036234 2.234784 317.011214
 0.860000 -3.055453 2.052487 311.887945
 0.880000 -3.073726 2.053444 310.990608
 0.900000 -3.025060 2.047554 313.719785
 0.920000 -3.067679 1.934674 312.447829
 0.940000 -3.035772 1.924752 314.452589
 0.960000 -3.070472 1.894622 313.344739
 0.980000 -3.101108 2.006973 310.037476
 1.000000 -3.032598 2.064979 313.270650
 1.020000 -3.025356 2.082261 313.850372
 1.040000 -3.056196 2.059917 311.871251
 1.060000 -3.032386 2.325806 322.035049
 1.080000 3.119745 2.251081 314.009622
 1.100000 3.129234 2.366329 321.491356
 1.120000 -3.081991 2.168231 312.436061
 1.140000 -3.031683 2.326753 322.131312
 1.160000 -3.086570 2.121252 311.155159
 1.180000 -3.045623 2.075944 312.542307
 1.200000 -3.096769 2.103403 310.494573
 1.220000 -2.967620 2.131602 319.010435
 1.240000 -3.006259 2.073198 315.148895
 1.260000 -3.066314 2.029766 311.332975
 1.280000 -3.080158 2.055388 310.716525
 1.300000 -3.078584 2.098770 311.126654
 1.320000 -3.096872 2.041289 310.053839
 1.340000 -2.979310 2.111690 317.687684
 1.360000 3.114139 2.177162 310.896303
 1.380000 -3.100382 2.249734 315.002512
 1.400000 3.141448 2.206016 312.174923
 1.420000 -3.066555 2.170631 313.160300
 1.440000 -2.994652 2.202639 318.515392
 1.460000 -3.109671 2.254308 314.979974
 1.480000 -3.092368 2.097587 310.571116
 1.500000 -3.133208 2.137624 310.178622
 1.520000 -3.079832 2.158066 312.240999
 1.540000 -3.043113 2.116243 313.153593
 1.560000 -3.032367 2.141385 314.264354
 1.580000 -3.121618 2.093398 309.655073
 1.600000 -3.000390 2.116090 316.028697
 1.620000 -3.035815 2.170439 314.765356
 1.640000 -3.004206 2.133923 316.031797
 1.660000 -3.071114 2.148079 312.357476
 1.680000 -3.138843 2.287591 316.244720
 1.700000 3.141129 2.218289 312.674141
 1.720000 3.112673 2.228446 312.892795
 1.740000 -3.033493 2.187039 315.397669
 1.760000 -3.013787 2.282717 320.607451
 1.780000 -3.062711 2.188951 313.908209
 1.800000 -2.977718 2.147941 318.419553
 1.820000 -3.076095 2.052990 310.884088
 1.840000 -3.069848 2.073079 311.261757
 1.860000 -2.989625 2.027425 316.451108
 1.880000 3.139225 2.020466 308.985549
 1.900000 -2.997560 2.026055 315.801327
 1.920000 -3.005709 2.032449 315.134304
 1.940000 -3.089002 2.155420 311.818557
 1.960000 -3.058006 2.115455 312.329621
 1.980000 3.109012 2.248654 313.852701
 2.000000 3.112057 2.230458 312.983066
 2.020000 -3.090966 2.260045 315.804810
 2.040000 3.024379 2.127248 310.848750
 2.060000 -3.097030 2.178347 312.208041
 2.080000 -3.104731 2.163949 311.534090
 2.100000 -3.053804 2.147995 313.189830
 2.120000 -2.969516 2.159525 319.379816
 2.140000 -3.019880 2.199840 316.658738
 2.160000 -3.115122 2.139324 310.613410
 2.180000 -3.039995 2.126230 313.505562
 2.200000 3.071046 2.120063 309.679393
 2.220000 -3.005451 2.146393 316.185001
 2.240000 -2.998422 2.140544 316.594075
 2.260000 -3.063661 2.173193 313.368633
 2.280000 -2.986108 2.223790 319.911988
 2.300000 -3.057259 2.294566 318.960918
 2.320000 -3.124844 2.258220 314.843429
 2.340000 -3.034335 2.231109 316.962737
 2.360000 -3.127725 2.265762 315.185187
 2.380000 -3.112283 2.192759 312.255612
 2.400000 -3.099941 2.101399 310.360681
 2.420000 -3.130022 2.067349 309.240574
 2.440000 -3.051097 2.039687 312.112207
 2.460000 -3.075909 2.111362 311.422417
 2.480000 -3.069182 2.178333 313.271794
 2.500000 -3.022371 2.136735 314.807972
 2.520000 3.140003 2.161866 310.647398
 2.540000 -3.047470 2.163262 313.907504
 2.560000 -3.088246 2.154754 311.828921
 2.580000 -3.104107 2.171953 311.790073
 2.600000 -2.971710 2.122540 318.503715
 2.620000 -3.059340 2.089815 311.918278
 2.640000 -3.022415 2.172558 315.653772
 2.660000 -3.119943 2.139505 310.499087
 2.680000 -3.065034 2.235153 315.597339
 2.700000 -3.065425 2.067858 311.439183
 2.720000 -3.016481 2.092194 314.548904
 2.740000 -3.099419 2.019322 310.017533
 2.760000 -3.084507 2.078238 310.668588
 2.780000 3.111858 1.973541 309.284389
 2.800000 -3.007865 2.084536 315.105759
 2.820000 -3.043122 2.139172 313.578586
 2.840000 -3.018357 2.201230 316.804331
 2.860000 3.125177 2.123196 309.558426
 2.880000 -3.019996 2.146176 315.161276
 2.900000 -3.061489 2.103100 311.969718
 2.920000 -2.992429 2.083953 316.307148
 2.940000 -3.072540 2.129631 311.893121
 2.960000 -3.109947 2.152051 311.062323
 2.980000 3.093666 2.224739 312.739740
 3.000000 -2.993125 2.247017 320.309275
 3.020000 -3.111659 2.192164 312.250515
 3.040000 -2.908692 2.380474 334.521702
 3.060000 -3.111970 2.205634 312.745467
 3.080000 -3.039724 2.298288 320.004180
 3.100000 -3.118429 2.023117 309.454749
 3.120000 -3.085620 2.076604 310.611232
 3.140000 -3.085072 1.971821 311.000303
 3.160000 -3.045833 2.002949 312.571726
 3.180000 -3.073987 1.892360 313.251923
 3.200000 -3.002735 1.965459 316.007296
 3.220000 -3.090448 1.988591 310.579795
 3.240000 -3.089780 2.085495 310.529873
 3.260000 -3.066083 2.128217 312.160391
 3.280000 -3.095129 2.109541 310.643663
 3.300000 -3.077466 2.250522 315.803109
 3.320000 -3.057400 2.165362 313.447805
 3.340000 -3.117062 2.299696 317.342182
 3.360000 -3.137719 2.337267 319.476610
 3.380000 -3.092924 2.261174 315.800587
 3.400000 -3.090182 2.382201 323.778079
 3.420000 -3.051964 2.104172 312.479533
 3.440000 -2.995418 2.182075 317.819310
 3.460000 -3.091680 2.119708 310.936961
 3.480000 -3.009446 2.042170 314.831973
 3.500000 -3.037613 2.032149 312.915942
 3.520000 -3.077337 1.960928 311.494873
 3.540000 -3.007713 2.056479 314.973752
 3.560000 -3.112959 2.005423 309.698544
 3.580000 3.116749 1.992750 309.033883
 3.600000 -3.074298 2.030657 310.958599
 3.620000 -3.100145 2.032298 309.952301
 3.640000 -3.047698 2.103576 312.706679
 3.660000 -3.059403 2.130684 312.533206
 3.680000 -3.134215 2.205352 312.263664
 3.700000 -3.094458 2.172629 312.113580
 3.720000 -3.043251 2.271615 318.374572
 3.740000 -3.075907 2.207248 313.988945
 3.760000 -2.929981 2.166195 323.346423
 3.780000 -3.071159 2.153913 312.499470
 3.800000 -2.988553 2.153909 317.645570
 3.820000 -3.015292 2.183466 316.438432
 3.840000 -3.130593 2.197008 312.008115
 3.860000 -3.089723 2.207629 313.490021
 3.880000 -3.103228 2.244123 314.651013
 3.900000 -3.039685 2.192245 315.208433
 3.920000 -3.083323 2.041957 310.562126
 3.940000 -3.029493 2.025836 313.453136
 3.960000 -3.048255 2.183385 314.450075
 3.980000 -3.136008 2.059388 309.092547
 4.000000 -3.099534 2.155902 311.472314
 4.020000 3.138037 2.155593 310.446086
 4.040000 3.123423 2.120175 309.489978
 4.060000 -3.042689 2.130305 313.425040
 4.080000 -3.003581 2.039356 315.283307
 4.100000 -2.986672 2.046233 316.657913
 4.120000 -2.976448 1.923207 319.110457
 4.140000 -3.044085 2.008855 312.629497
 4.160000 -3.126982 2.087587 309.472807
 4.180000 -3.099836 2.109239 310.479747
 4.200000 -3.121798 2.189754 311.921703
 4.220000 -3.041312 2.304905 320.309762
 4.240000 -2.954604 2.223455 322.550410
 4.260000 -2.963902 2.255684 322.982663
 4.280000 -3.083681 2.294771 317.951456
 4.300000 -3.074752 2.181815 313.140468
 4.320000 3.128816 2.277071 315.468802
 4.340000 -3.131612 2.256367 314.625908
 4.360000 3.130708 2.244806 313.774605
 4.380000 -3.066035 2.131929 312.235691
 4.400000 -3.116687 2.147488 310.769746
 4.420000 -3.018488 2.093524 314.421924
 4.440000 -3.056082 1.983242 312.199642
 4.460000 -3.051037 2.092809 312.390396
 4.480000 -3.138501 1.947480 309.983379
 4.500000 -3.056221 2.181064 313.967151
 4.520000 3.137058 1.951321 309.810713
 4.540000 -3.118252 2.112016 309.997908
 4.560000 -3.019678 1.983934 314.466911
 4.580000 -2.991116 2.161991 317.627326
 4.600000 -3.032875 2.167063 314.848178
 4.620000 -2.915297 2.259112 327.687052
 4.640000 3.079406 2.163385 310.583190
 4.660000 -3.052860 2.332148 321.471454
 4.680000 3.124390 2.209931 312.151674
 4.700000 -3.101747 2.269408 315.972328
 4.720000 -3.107399 2.073886 309.836825
 4.740000 -2.999696 2.163091 316.994342
 4.760000 -3.111246 2.172582 311.609507
 4.780000 -2.992785 2.044241 316.144764
 4.800000 3.137866 2.079479 309.087863
 4.820000 -3.072541 2.081052 311.200788
 4.840000 -3.067981 2.025599 311.264504
 4.860000 -2.970407 1.978726 318.622682
 4.880000 -3.093938 1.940058 311.239779
 4.900000 -2.994421 2.003448 316.204922
 4.920000 3.086080 1.991122 309.179234
 4.940000 -3.082419 2.118582 311.270557
 4.960000 -3.118341 2.161261 311.095986
 4.980000 -3.052798 2.354839 323.018268
 5.000000 -3.062954 2.243576 316.068670
 5.020000 -3.004142 2.355852 325.574726
 5.040000 -3.058680 2.181928 313.873010
 5.060000 -2.986229 2.295443 323.127804
 5.080000 -3.070712 2.201433 313.987027
 5.100000 -3.086050 2.067243 310.529617
 5.120000 3.123662 2.066789 308.856937
 5.140000 -2.988032 1.997688 316.802362
 5.160000 -3.026940 1.924984 315.026514
 5.180000 -2.981452 1.945964 318.158863
 5.200000 -3.026233 1.998815 313.849350
 5.220000 -3.060228 2.101351 312.009609
 5.240000 3.062685 1.998599 309.451958
 5.260000 -3.138668 2.139787 310.136610
 5.280000 3.104733 2.168572 310.609129
 5.300000 -3.090797 2.239085 314.790033
 5.320000 -2.996510 2.134403 316.626872
 5.340000 -3.047028 2.211802 315.499662
 5.360000 -3.051203 2.274692 318.144666
 5.380000 -3.122183 2.230281 313.545429
 5.400000 3.089906 2.216685 312.407090
 5.420000 -3.079471 2.167456 312.514053
 5.440000 -3.028388 2.074070 313.591901
 5.460000 -3.062876 2.160657 313.054578
 5.480000 -3.038608 2.141828 313.897307
 5.500000 -3.063984 2.074024 311.547844
 5.520000 -3.041048 2.219493 316.116939
 5.540000 -3.041868 2.067672 312.711901
 5.560000 3.123072 2.208391 312.080446
 5.580000 -3.073928 2.038779 310.964170
 5.600000 -3.124584 2.121693 310.020288
 5.620000 -2.982699 2.047604 317.000557
 5.640000 -3.028299 2.070225 313.575232
 5.660000 -3.121733 2.007689 309.461949
 5.680000 -3.111615 2.099505 309.985146
 5.700000 -3.105192 2.089293 310.046443
 5.720000 -3.076520 2.121010 311.558009
 5.740000 -3.001201 2.247437 319.750786
 5.760000 -3.084912 2.160129 312.096518
 5.780000 -3.010453 2.319600 322.882379
 5.800000 -3.012598 2.219371 317.837080
 5.820000 -2.999871 2.268103 320.787482
 5.840000 -3.096913 2.142997 311.235193
 5.860000 -3.092553 2.174317 312.229833
 5.880000 -3.131221 2.137983 310.223725
 5.900000 -3.102652 2.076717 310.005037
 5.920000 -3.040854 2.000654 312.890740
 5.940000 -3.048851 2.139559 313.266334
 5.960000 3.134863 2.077424 309.033767
 5.980000 -3.077978 2.131593 311.698744
 6.000000 -3.129267 2.117245 309.843179
 6.020000 -3.011142 2.165423 316.223014
 6.040000 -3.109743 2.129712 310.547496
 6.060000 -3.065461 2.017768 311.419450
 6.080000 3.135563 2.094047 309.211963
 6.100000 -3.026895 2.052189 313.602819
 6.120000 -3.006481 2.127803 315.754988
 6.140000 -3.014017 2.123986 315.147594
 6.160000 -3.027640 2.081151 313.690467
 6.180000 -3.056905 2.202481 314.654808
 6.200000 -3.011099 2.259530 319.633115
 6.220000 -3.102676 2.022044 309.900621
 6.240000 -2.999278 2.131556 316.362036
 6.260000 3.138680 2.243774 313.808224
 6.280000 3.107503 2.228004 312.864065
 6.300000 -3.121573 2.194224 312.086842
 6.320000 3.141201 2.334740 319.250001
 6.340000 -2.973479 2.353605 327.459274
 6.360000 -3.007139 2.220805 318.260695
 6.380000 3.119282 2.119448 309.451266
 6.400000 -2.957846 2.063698 319.317105
 6.420000 -3.112502 1.934377 310.790201
 6.440000 -2.913376 1.984886 324.657633
 6.460000 -3.015081 1.864721 317.602610
 6.480000 -3.123081 1.932718 310.575743
 6.500000 -3.126488 2.051482 309.246721
 6.520000 -3.120941 2.079281 309.523788
 6.540000 -3.100274 2.037955 309.940680
 6.560000 -2.939876 2.172626 322.474432
 6.580000 -3.117415 2.292363 316.891716
 6.600000 -3.047827 2.286787 318.956396
 6.620000 -3.114527 2.250524 314.674170
 6.640000 3.080327 2.209735 312.185648
 6.660000 -3.053378 2.230004 315.910223
 6.680000 3.140261 2.224510 312.932787
 6.700000 -3.141577 2.113816 309.574528
 6.720000 -2.924280 2.000167 323.187344
 6.740000 -3.027465 2.079478 313.689165
 6.760000 -2.991785 2.130927 316.938642
 6.780000 -2.984982 2.007616 316.973796
 6.800000 3.135680 2.049635 308.899584
 6.820000 -3.044209 1.947099 313.450862
 6.840000 -3.020664 2.071847 314.098511
 6.860000 -3.132420 2.012138 309.211159
 6.880000 -3.104055 2.132631 310.775215
 6.900000 -3.123978 2.268385 315.395877
 6.920000 -3.137340 2.209215 312.366407
 6.940000 -3.036434 2.193497 315.435943
 6.960000 -3.098640 2.202463 313.000955
 6.980000 -3.076205 2.201894 313.775615
 7.000000 3.132084 2.189471 311.438532
 7.020000 -3.052419 2.169276 313.809924
 7.040000 -2.981549 2.096171 317.320765
 7.060000 -3.055014 2.242486 316.379969
 7.080000 -3.017795 2.137436 315.129416
 7.100000 -3.075201 2.164090 312.595270
 7.120000 -3.053661 2.089445 312.212051
 7.140000 -2.913578 2.103618 324.254618
 7.160000 -3.086352 2.077491 310.589585
 7.180000 3.129705 2.162011 310.532866
 7.200000 3.135844 2.166127 310.718703
 7.220000 -3.108940 2.211508 313.057545
 7.240000 -3.000886 2.207768 318.229375
 7.260000 -3.036406 2.159299 314.433203
 7.280000 3.045627 2.297753 317.230288
 7.300000 -3.075114 2.258401 316.280726
 7.320000 -3.124836 2.066892 309.344049
 7.340000 -3.059821 1.905942 313.545171
 7.360000 -2.961538 2.015397 319.084577
 7.380000 3.110735 2.112147 309.295232
 7.400000 -3.086015 1.968454 311.014259
 7.420000 -3.065483 1.991731 311.619662
 7.440000 -3.074315 2.148011 312.216158
 7.460000 -2.888695 2.163714 327.988941
 7.480000 -3.114554 2.365211 321.899680
 7.500000 -3.092008 2.220982 313.952687
 7.520000 -3.062741 2.259804 316.856521
 7.540000 -3.100595 2.333685 319.929325
 7.560000 -3.075382 2.149785 312.213710
 7.580000 3.126851 2.262581 314.653551
 7.600000 3.127488 2.130519 309.725032
 7.620000 -2.954053 2.210563 322.167989
 7.640000 -3.077698 2.014651 310.869868
 7.660000 -2.967759 2.055971 318.354007
 7.680000 -3.074223 2.113131 311.523820
 7.700000 -2.995038 2.213865 318.871457
 7.720000 -3.051438 1.976305 312.544548
 7.740000 -3.045051 2.115946 313.037572
 7.760000 3.105029 2.042298 308.743834
 7.780000 -3.013923 2.171932 316.202044
 7.800000 3.034828 2.103090 310.171983
 7.820000 -2.939736 2.183959 322.765726
 7.840000 -3.029916 2.208192 316.328393
 7.860000 -3.007129 2.408443 329.228497
 7.880000 -3.067946 2.193944 313.839386
 7.900000 -3.029577 2.294158 320.303289
 7.920000 3.112897 2.165290 310.522766
 7.940000 -2.901658 2.151857 326.234134
 7.960000 3.024273 1.966408 311.046479
 7.980000 -3.061800 2.133018 312.461085
 8.000000 -3.127121 2.087867 309.472947
 8.020000 -3.041231 2.210410 315.759899
 8.040000 -3.044589 2.043766 312.485738
 8.060000 -2.986674 2.152160 317.759563
 8.080000 3.120007 2.215112 312.338805
 8.100000 -2.961036 2.254946 323.195390
 8.120000 3.098094 2.028322 308.790431
 8.140000 -3.087239 2.135379 311.408761
 8.160000 -3.056324 2.148412 313.069668
 8.180000 -3.129921 2.294544 316.792525
 8.200000 -3.099821 2.084432 310.165459
 8.220000 -2.943458 2.209272 323.121966
 8.240000 -3.109980 2.193079 312.327354
 8.260000 -2.876273 2.145435 329.255022
 8.280000 3.098694 2.001187 308.968241
 8.300000 -3.050647 2.130939 312.993270
 8.320000 -3.086009 2.036430 310.456334
 8.340000 -3.068944 2.172723 313.113517
 8.360000 -3.129654 2.087607 309.419760
 8.380000 -3.133150 2.185242 311.540390
 8.400000 3.116976 2.276003 315.339240
 8.420000 -2.963979 2.226368 321.824320
 8.440000 -3.076855 2.154009 312.257576
 8.460000 -2.982879 2.140787 317.843531
 8.480000 3.137775 2.146261 310.198521
 8.500000 3.077752 2.132012 309.825368
 8.520000 -3.082397 2.012609 310.683163
 8.540000 -3.077495 2.033793 310.812037
 8.560000 -2.993355 2.047664 316.096817
 8.580000 -2.979081 2.214804 320.147129
 8.600000 -3.086275 2.087725 310.686402
 8.620000 -2.953104 2.235463 323.121566
 8.640000 -3.044057 2.140485 313.553164
 8.660000 -3.081871 2.212632 313.966869
 8.680000 3.140311 2.130983 309.879744
 8.700000 -3.100291 2.184081 312.293314
 8.720000 -3.042052 2.169724 314.385023
 8.740000 -2.978863 2.003669 317.552222
 8.760000 3.105052 1.963808 309.456250
 8.780000 -3.071734 2.061862 311.111561
 8.800000 -3.133051 2.135887 310.142334
 8.820000 -2.941145 2.049358 321.017516
 8.840000 -3.104375 2.019241 309.859849
 8.860000 -3.062441 2.042326 311.511311
 8.880000 -3.117202 2.081386 309.632741
 8.900000 -3.056453 2.080668 311.981586
 8.920000 -2.999856 2.127678 316.250858
 8.940000 -2.965219 2.227600 321.762152
 8.960000 3.079289 2.212380 312.302818
 8.980000 -3.137283 2.357457 320.955546
 9.000000 3.086556 2.262970 314.660777
 9.020000 -2.998029 2.320432 323.719357
 9.040000 -3.016789 2.173735 316.057588
 9.060000 -3.101339 2.180090 312.129492
 9.080000 3.117895 1.997190 308.989393
 9.100000 -3.105634 2.156790 311.309879
 9.120000 -3.018928 1.951999 315.013348
 9.140000 -2.921019 2.108091 323.445416
 9.160000 -3.133607 2.065625 309.164736
 9.180000 -3.026839 2.039764 313.599971
 9.200000 3.045814 2.098435 309.833173
 9.220000 -2.980865 1.961921 317.917010
 9.240000 -3.080961 2.171990 312.586541
 9.260000 -3.045620 2.148658 313.646867
 9.280000 -3.138891 2.253487 314.366240
 9.300000 -3.101485 2.172744 311.892896
 9.320000 3.119821 2.156139 310.292467
 9.340000 -2.964166 2.314447 325.826733
 9.360000 -3.033525 2.247143 317.709929
 9.380000 -2.998952 2.292600 322.089604
 9.400000 -2.962921 2.119663 319.264849
 9.420000 -3.110106 2.168906 311.528041
 9.440000 -3.035500 2.029292 313.054728
 9.460000 3.118811 2.134052 309.741573
 9.480000 -3.136373 2.108179 309.565726
 9.500000 -2.919880 2.213191 325.619666
 9.520000 -3.020017 2.082563 314.215641
 9.540000 -3.051753 2.153734 313.433679
 9.560000 -3.103628 2.128787 310.708908
 9.580000 3.103486 2.139630 309.835653
 9.600000 -3.111145 2.121551 310.349251
 9.620000 -3.054361 2.123326 312.653674
 9.640000 2.995618 2.209011 314.130759
 9.660000 -3.088021 2.216296 313.893243
 9.680000 3.057492 2.159113 310.767885
 9.700000 -3.000219 2.223702 318.855717
 9.720000 -2.937167 2.170707 322.703975
 9.740000 -2.949096 2.131791 320.766544
 9.760000 -3.056765 2.005506 311.940426
 9.780000 -3.087526 1.983124 310.753817
 9.800000 -3.104668 2.074713 309.925884
 9.820000 -3.044397 1.989516 312.789932
 9.840000 -3.104637 2.019043 309.852743
 9.860000 -3.010646 2.238954 318.748185
 9.880000 -3.008293 2.250039 319.382803
 9.900000 -2.981888 2.290399 323.182598
 9.920000 -3.057537 2.253607 316.784787
 9.940000 3.119904 2.166840 310.599469
 9.960000 3.060886 2.298068 316.986054
 9.980000 -3.136343 2.089368 309.318679
 10.000000 -3.119330 2.113766 310.000776
 10.020000 -3.001783 2.036076 315.430383
 10.040000 -3.067029 1.979234 311.690761
 10.060000 -3.046597 2.044707 312.369084
 10.080000 -3.020137 1.947297 315.015849
 10.100000 -3.013316 2.053409 314.551761
 10.120000 -3.000135 2.016082 315.646266
 10.140000 -3.135972 2.007742 309.180387
 10.160000 3.141585 2.066270 309.041334
 10.180000 -3.133497 2.133553 310.082960
 10.200000 -2.971827 2.167869 319.370582
 10.220000 -2.980537 2.285098 323.014360
 10.240000 -3.070164 2.299197 318.699827
 10.260000 3.085498 2.415064 325.625513
 10.280000 -3.082004 2.337538 320.732974
 10.300000 3.096224 2.133677 309.720763
 10.320000 -2.894372 2.199455 328.079543
 10.340000 -3.100900 2.038449 309.920013
 10.360000 -3.029238 2.048885 313.443468
 10.380000 -3.079720 1.972833 311.203515
 10.400000 -3.044189 2.118254 313.124214
 10.420000 -3.027111 2.085963 313.765543
 10.440000 -2.971447 2.331430 326.238775
 10.460000 3.133263 2.232305 313.203110
 10.480000 -3.005510 2.298017 321.949543
 10.500000 3.122626 2.053617 308.795947
 10.520000 -3.047594 2.186930 314.598582
 10.540000 3.121023 2.159203 310.384767
 10.560000 -3.140277 2.224756 312.979779
 10.580000 3.121769 2.189056 311.338725
 10.600000 -3.044919 2.170673 314.251786
 10.620000 -3.041210 2.079883 312.830352
 10.640000 -2.917273 2.230216 326.435266
 10.660000 -3.023562 2.056738 313.836565
 10.680000 -2.887036 2.131995 327.724982
 10.700000 -3.138471 1.989315 309.318249
 10.720000 -3.096532 2.117698 310.730897
 10.740000 3.031861 2.122105 310.538391
 10.760000 -3.122577 2.256114 314.780213
 10.780000 -3.133532 2.196382 311.932979
 10.800000 -2.931199 2.212491 324.429908
 10.820000 -3.052515 2.139519 313.068699
 10.840000 -2.967288 2.241710 322.124875
 10.860000 -3.074812 2.149176 312.223093
 10.880000 -3.052561 2.123453 312.751117
 10.900000 3.136709 1.909732 310.784122
 10.920000 -3.077453 1.994673 311.035882
 10.940000 3.121136 2.037964 308.774800
 10.960000 -2.996164 1.948242 316.846571
 10.980000 -2.999023 2.014255 315.746894
 11.000000 -2.950092 2.112611 320.411997
 11.020000 -3.042083 2.238781 316.866047
 11.040000 -3.076775 2.217939 314.376310
 11.060000 3.132498 2.269969 315.102915
 11.080000 -3.014328 2.214174 317.528340
 11.100000 -3.081425 2.207826 313.796378
 11.120000 -3.100022 2.114547 310.560240
 11.140000 -3.037438 2.199991 315.599067
 11.160000 3.131541 2.170130 310.791670
 11.180000 -2.989192 2.220232 319.542770
 11.200000 -3.058677 2.226839 315.524212
 11.220000 -3.086608 2.126260 311.247673
 11.240000 -3.136417 2.123491 309.828351
 11.260000 -3.116104 2.130099 310.385949
 11.280000 3.124306 1.968959 309.389800
 11.300000 -3.047392 2.036295 312.324530
 11.320000 3.135333 2.079842 309.060147
 11.340000 -3.045068 2.136524 313.412860
 11.360000 -3.087439 2.215523 313.881989
 11.380000 -2.992870 2.194987 318.403798
 11.400000 -3.033942 2.184884 315.302849
 11.420000 -3.042826 2.132021 313.450305
 11.440000 -3.052068 2.065118 312.116199
 11.460000 -3.059663 2.007911 311.770841
 11.480000 -3.084056 1.953127 311.352657
 11.500000 -3.040957 2.091532 312.953875
 11.520000 3.115788 2.028942 308.771454
 11.540000 -3.065433 2.218390 314.869228
 11.560000 -3.089900 2.209881 313.571573
 11.580000 -2.959727 2.283918 324.609723
 11.600000 -3.023998 2.299587 320.918801
 11.620000 -3.070927 2.336707 321.055352
 11.640000 3.088320 2.267443 314.894203
 11.660000 3.140734 2.193141 311.676084
 11.680000 3.074047 2.014769 309.099546
 11.700000 -3.017651 2.115825 314.763723
 11.720000 -3.009367 1.999253 315.058105
 11.740000 -2.938557 2.052045 321.289883
 11.760000 -2.955195 1.981487 320.073224
 11.780000 -2.980061 2.051785 317.232296
 11.800000 -3.052234 1.970160 312.588902
 11.820000 -3.106107 1.989912 310.039424
 11.840000 -3.120045 2.013968 309.459715
 11.860000 -3.028936 2.215299 316.648289
 11.880000 -3.121416 2.164933 311.130478
 11.900000 -3.040511 2.284147 319.175461
 11.920000 -3.116039 2.340871 320.077735
 11.940000 -3.125163 2.375272 322.496730
 11.960000 -3.041140 2.341120 322.597791
 11.980000 -3.129085 2.280070 315.953971
 12.000000 -3.102285 2.049676 309.882838
 12.020000 -3.076787 2.013152 310.918000
 12.040000 3.125308 1.879237 311.624480
 12.060000 -2.992208 1.890768 318.583311
 12.080000 -3.054724 1.896553 314.076551
 12.100000 -2.998118 2.025683 315.757922
 12.120000 -2.999773 2.018329 315.662015
 12.140000 -3.056726 2.109408 312.301233
 12.160000 -3.111732 2.121973 310.341062
 12.180000 -3.077214 2.196646 313.543968
 12.200000 -3.101637 2.219863 313.606294
 12.220000 -3.079303 2.291684 317.922850
 12.240000 -3.026620 2.322390 322.126174
 12.260000 -3.106876 2.342002 320.354901
 12.280000 -3.124223 2.235544 313.744949
 12.300000 3.105541 2.216112 312.342038
 12.320000 -3.050465 2.142678 313.246292
 12.340000 -3.020467 2.083876 314.195152
 12.360000 -2.993535 2.053466 316.086009
 12.380000 -2.994792 1.900595 318.085985
 12.400000 -3.055752 2.050365 311.867429
 12.420000 3.096180 1.980994 309.226515
 12.440000 -3.037796 2.074343 312.997293
 12.460000 -3.123841 2.054887 309.312607
 12.480000 -2.948037 2.183729 321.947655
 12.500000 -2.954503 2.081561 319.714511
 12.520000 -3.059856 2.124370 312.390764
 12.540000 -3.077068 2.020870 310.867063
 12.560000 -3.125106 2.185701 311.709578
 12.580000 3.036977 2.124658 310.444729
 12.600000 -3.135671 2.238638 313.684880
 12.620000 -3.122523 2.291253 316.724359
 12.640000 -3.008617 2.294404 321.553382
 12.660000 -3.058283 2.273243 317.742510
 12.680000 -3.078559 2.141040 311.875618
 12.700000 -3.027820 2.116718 314.097087
 12.720000 -3.020781 2.135836 314.896226
 12.740000 -3.050929 2.059728 312.156148
 12.760000 -3.018819 1.988808 314.470200
 12.780000 3.103047 2.061065 308.784435
 12.800000 -3.037773 2.055893 312.914430
 12.820000 -3.048527 1.972792 312.759748
 12.840000 -2.991330 2.066969 316.301002
 12.860000 -2.973862 2.187396 319.711233
 12.880000 -3.034387 2.187262 315.351960
 12.900000 3.040729 2.089169 309.860785
 12.920000 -3.134473 2.176706 311.233206
 12.940000 3.016970 2.186991 312.613438
 12.960000 3.132788 2.372038 321.960836
 12.980000 -3.103019 2.268866 315.908383
 13.000000 -3.032710 2.264684 318.586601
 13.020000 -3.029208 2.110971 313.921267
 13.040000 -2.989748 2.087514 316.554260
 13.060000 -3.051116 1.881886 314.715597
 13.080000 -3.089124 1.855269 313.858938
 13.100000 -3.097663 1.882750 312.626909
 13.120000 -2.998627 2.010730 315.802493
 13.140000 -3.070794 1.948978 312.006427
 13.160000 -2.955761 2.030060 319.569918
 13.180000 -2.996320 2.261340 320.716340
 13.200000 -3.013632 2.365252 325.667824
 13.220000 -3.118963 2.189881 311.990107
 13.240000 3.132770 2.329130 318.779229
 13.260000 3.085545 2.326472 318.586190
 13.280000 3.135594 2.297167 316.721921
 13.300000 3.052380 2.131162 310.209676
 13.320000 -3.001544 2.122789 316.042153
 13.340000 -2.989506 2.164708 317.819715
 13.360000 -2.906923 2.018463 325.069883
 13.380000 -3.059957 1.965718 312.242923
 13.400000 -3.096868 1.963663 310.694397
 13.420000 -3.054144 2.107834 312.413845
 13.440000 -3.023579 2.052386 313.826170
 13.460000 -3.027692 2.048162 313.544482
 13.480000 -3.062115 2.035041 311.530742
 13.500000 -3.078838 2.234860 315.022235
 13.520000 -3.118704 2.321521 318.699131
 13.540000 -3.020571 2.219295 317.316068
 13.560000 3.091964 2.326246 318.528525
 13.580000 -3.060671 2.407430 326.728235
 13.600000 3.140025 2.274949 315.461156
 13.620000 -3.114915 2.170044 311.436799
 13.640000 -2.998083 2.003323 315.905960
 13.660000 -2.962357 2.106415 319.155733
 13.680000 -3.132348 1.944853 310.134691
 13.700000 -2.999011 2.014597 315.745628
 13.720000 3.070606 2.079121 309.166158
 13.740000 -2.973353 2.087075 317.964506
 13.760000 -3.063235 2.034104 311.475712
 13.780000 -3.004777 1.983758 315.582319
 13.800000 -3.090929 1.962036 310.931340
 13.820000 -3.121168 2.138235 310.441355
 13.840000 3.095371 2.217794 312.430449
 13.860000 -3.083018 2.231527 314.717968
 13.880000 -3.110095 2.299684 317.494532
 13.900000 -3.077973 2.397023 325.307741
 13.920000 -3.065660 2.314566 319.811824
 13.940000 -3.055606 2.209100 314.963357
 13.960000 -2.977021 2.144054 318.402773
 13.980000 -2.963145 2.131147 319.412850
 14.000000 -3.084415 2.022300 310.552609
 14.020000 3.130943 1.964518 309.509817
 14.040000 3.054172 2.064037 309.378121
 14.060000 -3.077541 2.183381 313.076075
 14.080000 -3.002747 2.034931 315.357561
 14.100000 -3.018351 2.164732 315.711400
 14.120000 -2.891239 2.210331 328.731052
 14.140000 3.130232 2.154453 310.327281
 14.160000 -3.135613 2.079289 309.230094
 14.180000 3.116471 2.024667 308.788267
 14.200000 3.108428 2.237663 313.313677
 14.220000 -3.045720 2.235470 316.529795
 14.240000 -3.090325 2.213879 313.716135
 14.260000 -3.109617 2.024991 309.681573
 14.280000 -2.946549 2.296441 326.356767
 14.300000 -3.043797 2.260394 317.783790
 14.320000 -2.963033 2.162176 320.021471
 14.340000 -3.061962 1.986116 311.857535
 14.360000 -3.027605 2.184969 315.688985
 14.380000 -3.114852 2.118912 310.201656
 14.400000 -3.117411 2.112792 310.031343
 14.420000 3.136410 2.105506 309.375186
 14.440000 -2.898606 2.348345 333.605232
 14.460000 -3.075069 2.166368 312.664556
 14.480000 -3.063704 2.125145 312.215936
 14.500000 3.122773 2.073257 308.893294
 14.520000 3.109698 2.248292 313.835460
 14.540000 -3.042997 1.929959 313.886236
 14.560000 -3.123737 2.061696 309.340299
 14.580000 -3.134934 2.016194 309.142455
 14.600000 -3.107509 2.013201 309.798269
 14.620000 -3.079086 2.107160 311.223082
 14.640000 -2.965199 2.026541 318.661642
 14.660000 -2.984583 2.142770 317.739646
 14.680000 -3.056011 2.136132 312.814940
 14.700000 -3.025880 2.236850 317.698136
 14.720000 3.125513 2.094712 309.120564
 14.740000 -2.969232 2.129659 318.833853
 14.760000 -3.046408 2.167655 314.085093
 14.780000 -3.086192 2.187007 312.864882
 14.800000 3.138443 2.101358 309.342298
 14.820000 -3.130622 2.326481 318.826459
 14.840000 -3.096797 2.325628 319.486695
 14.860000 -2.980203 2.369704 328.048767
 14.880000 3.122352 2.305413 317.137320
 14.900000 -3.067589 2.285968 318.039383
 14.920000 3.129153 1.999810 309.026077
 14.940000 -3.108659 2.042322 309.681375
 14.960000 -3.067866 1.911721 312.993301
 14.980000 -2.977343 1.964635 318.190797
 15.000000 3.123215 1.943849 309.855564
 15.020000 -2.971785 1.889342 320.449023
 15.040000 -3.137481 1.965743 309.662298
 15.060000 -2.903936 2.111791 325.452765
 15.080000 -3.077280 2.135602 311.810915
 15.100000 -3.046155 2.204371 315.272299
 15.120000 -3.100181 2.280339 316.615566
 15.140000 3.103050 2.286010 315.903642
 15.160000 3.075609 2.324456 318.536558
 15.180000 -3.097809 2.410850 325.936855
 15.200000 3.122962 2.409771 325.051729
 15.220000 -2.834007 2.300083 338.769824
 15.240000 -3.072018 2.129399 311.911678
 15.260000 -3.018299 2.143581 315.220246
 15.280000 -3.024086 1.868688 316.829037
 15.300000 -3.052751 2.028323 312.037201
 15.320000 -3.017479 1.849093 317.979558
 15.340000 -2.944409 1.973081 321.314343
 15.360000 3.076368 1.831145 313.831155
 15.380000 -3.115234 2.092118 309.795913
 15.400000 -3.058881 1.959695 312.398419
 15.420000 -3.112606 2.189259 312.123462
 15.440000 -3.022697 2.291627 320.550363
 15.460000 -3.065957 2.356342 322.604175
 15.480000 3.015070 2.270379 316.365703
 15.500000 -3.134766 2.104429 309.537246
 15.520000 -3.116237 2.251403 314.678515
 15.540000 -3.014549 2.084736 314.617979
 15.560000 -3.098186 2.191275 312.605914
 15.580000 -2.975585 1.988122 318.018591
 15.600000 -2.922200 2.116511 323.395732
 15.620000 -2.948381 2.090299 320.383027
 15.640000 -2.984700 2.055935 316.831777
 15.660000 -3.045054 2.190709 314.859550
 15.680000 3.122782 2.109328 309.302889
 15.700000 -3.051923 2.079979 312.218788
 15.720000 -3.085975 2.089099 310.712356
 15.740000 3.137826 2.128031 309.785682
 15.760000 -3.091633 2.154538 311.701300
 15.780000 3.113566 2.185151 311.163094
 15.800000 -3.112095 2.137768 310.657210
 15.820000 3.128307 2.070190 308.913235
 15.840000 -3.112930 2.216854 313.174551
 15.860000 -3.078053 2.142460 311.928464
 15.880000 -3.095875 2.004278 310.233442
 15.900000 -3.115501 1.946879 310.449094
 15.920000 -3.001510 2.015514 315.540354
 15.940000 -3.135184 2.017078 309.133596
 15.960000 -3.001097 2.079402 315.584286
 15.980000 -2.982175 2.237049 320.728044
 16.000000 -2.964441 2.337384 327.125264
 16.020000 -2.967098 2.175913 319.986654
 16.040000 -3.108252 2.269969 315.830516
 16.060000 3.053025 2.343778 320.224853
 16.080000 -3.036501 2.288536 319.621633
 16.100000 3.108634 2.198668 311.642665
 16.120000 -2.962387 2.175133 320.388606
 16.140000 3.103058 2.145052 309.964773
 16.160000 3.140577 2.232080 313.278435
 16.180000 3.120499 2.066758 308.838143
 16.200000 -3.020104 2.116258 314.601937
 16.220000 -3.082270 1.982997 310.963555
 16.240000 -2.974713 2.090076 317.865281
 16.260000 3.034365 1.873501 313.333530
 16.280000 -2.970340 1.890439 320.553490
 16.300000 -3.090007 1.900271 312.370343
 16.320000 -2.977342 2.129906 318.122911
 16.340000 -3.053591 2.089248 312.213792
 16.360000 3.121960 2.246895 313.811483
 16.380000 -3.124447 2.208860 312.584931
 16.400000 -2.976319 2.356789 327.461738
 16.420000 3.131361 2.144221 310.073978
 16.440000 -2.973534 2.393626 330.179090
 16.460000 3.118807 2.297078 316.597542
 16.480000 -3.037884 2.340211 322.693576
 16.500000 -3.109264 2.162523 311.364695
 16.520000 -3.023419 2.234814 317.760747
 16.540000 -3.068075 2.167359 312.997736
 16.560000 -3.058934 2.213874 314.986995
 16.580000 -3.036799 1.987770 313.275371
 16.600000 -2.858049 2.006588 331.642255
 16.620000 -3.028078 1.929374 314.847778
 16.640000 -3.058332 1.941292 312.776101
 16.660000 3.070309 1.954272 310.015772
 16.680000 3.062165 1.948010 310.314315
 16.700000 -3.132080 2.101922 309.549747
 16.720000 -2.999573 2.243157 319.682773
 16.740000 -3.097853 2.286259 317.016668
 16.760000 -3.038540 2.291320 319.669458
 16.780000 -3.094156 2.238650 314.661815
 16.800000 -3.045062 2.306386 320.214394
 16.820000 -3.128587 2.014412 309.270102
 16.840000 -3.108886 2.079497 309.839241
 16.860000 -3.099267 2.107862 310.476984
 16.880000 -3.051769 2.056266 312.098144
 16.900000 -2.992632 1.926783 317.598043
 16.920000 -2.974885 2.072758 317.743949
 16.940000 -3.045083 2.165109 314.087933
 16.960000 -3.007336 2.161847 316.402999
 16.980000 -3.099405 2.150933 311.347348
 17.000000 -3.068713 2.053852 311.223018
 17.020000 3.106360 2.157228 310.281282
 17.040000 3.108115 2.143776 309.933475
 17.060000 3.091862 2.210153 312.125378
 17.080000 -3.093378 2.043927 310.178081
 17.100000 -3.016780 2.255493 319.084923
 17.120000 -3.044169 2.278648 318.695840
 17.140000 -3.067366 2.178832 313.368532
 17.160000 -3.062779 2.088095 311.727407
 17.180000 -3.108484 2.125440 310.497848
 17.200000 -2.995229 2.025909 315.991724
 17.220000 3.134771 1.940105 310.017976
 17.240000 3.106535 1.983015 309.152988
 17.260000 -3.018513 2.011496 314.284055
 17.280000 -3.001890 2.237200 319.271900
 17.300000 -3.007891 2.063626 314.981539
 17.320000 -3.027480 2.277231 319.512462
 17.340000 -3.028644 2.205815 316.319743
 17.360000 -3.050691 2.299161 319.523163
 17.380000 -3.014857 2.148798 315.567606
 17.400000 -3.133815 2.075078 309.225439
 17.420000 -3.122586 2.147034 310.619200
 17.440000 3.126200 2.087862 309.048239
 17.460000 -3.066957 2.135044 312.255939
 17.480000 -3.038413 2.023401 312.893186
 17.500000 -2.904299 2.190106 326.701851
 17.520000 -3.050560 2.074054 312.249629
 17.540000 -3.054075 2.098974 312.298622
 17.560000 3.126580 1.884252 311.466502
 17.580000 -2.982098 2.213715 319.866333
 17.600000 -3.097910 2.137017 311.066056
 17.620000 -3.033461 2.281651 319.411998
 17.640000 3.106249 2.145012 309.962467
 17.660000 -3.027825 2.442052 330.965505
 17.680000 3.110461 2.247172 313.780686
 17.700000 -2.957550 2.250157 323.299631
 17.720000 3.137529 2.154400 310.407319
 17.740000 -2.914253 2.314360 330.261569
 17.760000 3.099752 2.017084 308.836805
 17.780000 -3.006711 2.015676 315.133101
 17.800000 3.101000 1.955195 309.632296
 17.820000 -2.907779 2.052726 324.790328
 17.840000 3.093257 2.031342 308.808210
 17.860000 -2.916890 2.053111 323.710465
 17.880000 3.137093 2.005649 309.053185
 17.900000 -3.000360 2.210533 318.363523
 17.920000 -3.097241 2.119065 310.731009
 17.940000 -3.018346 2.228841 317.831847
 17.960000 3.104025 2.041652 308.745831
 17.980000 -2.975336 2.269415 322.657244
 18.000000 3.087713 2.219514 312.540693
 18.020000 -3.046316 2.224255 316.027680
 18.040000 -3.124120 2.185627 311.727648
 18.060000 -3.033180 2.352667 323.767434
 18.080000 -3.010888 2.175157 316.500091
 18.100000 -3.086223 2.189876 312.962466
 18.120000 -3.026722 2.021761 313.654707
 18.140000 -3.034417 2.191505 315.487525
 18.160000 3.140368 1.972354 309.482789
 18.180000 -3.081923 2.067699 310.698412
 18.200000 -3.089223 2.038176 310.331032
 18.220000 -3.133669 2.137122 310.158897
 18.240000 -2.938902 2.064423 321.258598
 18.260000 -3.042821 2.112214 313.107877
 18.280000 -3.074130 2.180823 313.134915
 18.300000 -3.082891 2.093402 310.882096
 18.320000 3.112806 2.231597 313.037499
 18.340000 -3.109620 2.031052 309.664700
 18.360000 -3.061514 2.171404 313.417914
 18.380000 -3.063305 2.185314 313.760576
 18.400000 -3.059742 2.199755 314.420499
 18.420000 -3.060077 2.053731 311.648820
 18.440000 -3.012069 2.268639 320.007104
 18.460000 -3.079660 2.162041 312.354979
 18.480000 -2.978045 2.213440 320.184330
 18.500000 3.131281 2.037532 308.849826
 18.520000 -3.042002 2.163084 314.206562
 18.540000 -3.105879 2.059250 309.798439
 18.560000 -3.129670 1.996107 309.394286
 18.580000 -3.136478 2.113030 309.640794
 18.600000 -2.925111 2.202476 324.758364
 18.620000 -3.069544 2.251163 316.145880
 18.640000 -2.979003 2.157635 318.515604
 18.660000 3.133500 2.218312 312.582458
 18.680000 -3.084949 2.243786 315.208417
 18.700000 3.139566 2.160446 310.600980
 18.720000 -2.976465 2.123555 318.099418
 18.740000 -3.127147 2.054318 309.239808
 18.760000 -3.092816 2.152784 311.614630
 18.780000 -3.122019 2.078154 309.489172
 18.800000 -3.075140 2.222150 314.615481
 18.820000 -2.986067 1.997082 316.978914
 18.840000 -2.965310 2.232924 321.952279
 18.860000 -3.004924 2.136842 316.032844
 18.880000 -3.106695 2.135222 310.752480
 18.900000 -3.106044 1.985885 310.086900
 18.920000 -3.086966 2.080617 310.592006
 18.940000 -3.087330 2.195194 313.110409
 18.960000 -3.108754 2.156336 311.208354
 18.980000 -3.091393 2.282447 316.992853
 19.000000 -3.083921 2.291113 317.729938
 19.020000 -3.065424 2.340432 321.513171
 19.040000 -3.034141 2.145770 314.250590
 19.060000 -3.083518 2.202812 313.528177
 19.080000 -3.080164 1.975772 311.143264
 19.100000 -3.091436 2.014865 310.319090
 19.120000 -3.085023 1.925163 311.909748
 19.140000 -3.095676 1.936948 311.246133
 19.160000 -2.985661 1.912845 318.539380
 19.180000 -2.982933 2.084876 317.107000
 19.200000 -2.921164 2.150021 323.983951
 19.220000 -2.908200 2.087860 324.785681
 19.240000 -3.059867 2.147454 312.869865
 19.260000 -3.056665 2.218130 315.262984
 19.280000 3.140904 2.244522 313.872438
 19.300000 3.110903 2.126364 309.553254
 19.320000 -3.130258 2.239393 313.811520
 19.340000 -3.121899 2.231351 313.599946
 19.360000 -3.088809 2.324196 319.623035
 19.380000 -3.036626 2.318800 321.381282
 19.400000 -3.031281 2.268315 318.845810
 19.420000 -3.025996 2.171619 315.398744
 19.440000 -3.041318 2.184407 314.862126
 19.460000 -3.136701 2.006427 309.178588
 19.480000 -3.120526 1.885119 311.926182
 19.500000 -3.084084 1.974946 310.994462
 19.520000 -3.052732 2.000180 312.202750
 19.540000 -3.016730 2.115927 314.829208
 19.560000 -3.070863 2.175635 313.115470
 19.580000 -3.074926 2.350719 321.885370
 19.600000 -3.082514 2.242108 315.217038
 19.620000 -3.136135 2.292538 316.577407
 19.640000 -3.137584 2.133765 310.018031
 19.660000 -3.107170 2.305181 317.901894
 19.680000 3.041544 2.083965 309.793072
 19.700000 3.094477 2.096847 309.105003
 19.720000 3.134283 2.080024 309.049716
 19.740000 -2.971487 2.257527 322.433481
 19.760000 -2.979376 2.198480 319.584236
 19.780000 -2.921571 2.213797 325.460223
 19.800000 -3.054021 2.156965 313.396062
 19.820000 -3.011222 2.052395 314.703783
 19.840000 -3.086283 1.970075 310.978973
 19.860000 -3.116617 1.997329 309.672960
 19.880000 -3.045845 2.082446 312.580112
 19.900000 -3.011606 2.162690 316.121287
 19.920000 -3.075141 2.129329 311.773747
 19.940000 -3.031828 2.244991 317.708288
 19.960000 -3.130066 2.256810 314.675118
 19.980000 -3.026845 2.241914 317.859966
 20.000000 -3.058697 2.234297 315.842999
