#! FIELDS time phi psi metad.bias
#! SET min_phi -pi
#! SET max_phi pi
#! SET min_psi -pi
#! SET max_psi pi
 0.000000 3.141580 -3.141577 9.166775
 0.020000 -2.693047 2.845732 0.381721
 0.040000 -2.680565 2.862706 0.386184
 0.060000 -2.705474 2.822292 0.410720
 0.080000 -2.735669 2.864453 0.257005
 0.100000 -2.671373 2.903897 0.401239
 0.120000 -2.697231 2.874404 0.330683
 0.140000 -2.653420 2.929580 0.494754
 0.160000 -2.649296 2.930785 0.510717
 0.180000 -2.611052 2.981142 0.831290
 0.200000 -2.695224 2.918682 0.364819
 0.220000 -2.724776 2.929615 0.329954
 0.240000 -2.773961 2.976989 0.442200
 0.260000 -2.763238 2.916060 0.276255
 0.280000 -2.831131 2.851198 0.245200
 0.300000 -2.809161 2.817288 0.223730
 0.320000 -2.805273 2.783581 0.276119
 0.340000 -2.847184 2.754331 0.324991
 0.360000 -2.782749 2.694481 0.722133
 0.380000 -2.779424 2.658160 0.970364
 0.400000 -2.722141 2.716944 1.011301
 0.420000 -2.750329 2.719028 0.773512
 0.440000 -2.719429 2.724302 0.968345
 0.460000 -2.667577 2.861738 0.426984
 0.480000 -2.647398 2.836049 0.567497
 0.500000 -2.557184 2.897661 0.671075
 0.520000 -2.593324 2.834071 0.749801
 0.540000 -2.577918 2.911934 0.657768
 0.560000 -2.601587 2.863145 0.612869
 0.580000 -2.698755 2.879188 0.325765
 0.600000 -2.729597 2.822301 0.334289
 0.620000 -2.752869 2.868259 0.232975
 0.640000 -2.837516 2.898975 0.364982
 0.660000 -2.755175 2.916646 0.278736
 0.680000 -2.887263 2.886842 0.549259
 0.700000 -2.761963 2.918971 0.281789
 0.720000 -2.692800 2.933244 0.398783
 0.740000 -2.683163 2.846372 0.411807
 0.760000 -2.602908 2.846558 0.662896
 0.780000 -2.579288 2.850812 0.702870
 0.800000 -2.602971 2.789483 1.085757
 0.820000 -2.546517 2.855692 0.737545
 0.840000 -2.587900 2.835900 0.753814
 0.860000 -2.542549 2.939390 0.796765
 0.880000 -2.509968 2.928378 0.769892
 0.900000 -2.519824 2.939439 0.811807
 0.920000 -2.464772 2.913240 0.688455
 0.940000 -2.417925 2.894323 0.567935
 0.960000 -2.446957 2.862608 0.663639
 0.980000 -2.304279 2.830655 0.332024
 1.000000 -2.219138 2.849827 0.218801
 1.020000 -2.260911 2.989005 0.438663
 1.040000 -2.250460 2.908958 0.247376
 1.060000 -2.414942 2.891336 0.559450
 1.080000 -2.491481 2.898502 0.694409
 1.100000 -2.551339 2.836810 0.822130
 1.120000 -2.624443 2.767434 1.231240
 1.140000 -2.693752 2.708534 1.374133
 1.160000 -2.783854 2.651722 0.976138
 1.180000 -2.849018 2.536390 1.106037
 1.200000 -2.825113 2.563556 1.107649
 1.220000 -2.888292 2.471371 1.191745
 1.240000 -2.798116 2.543323 1.328347
 1.260000 -2.782522 2.714932 0.606786
 1.280000 -2.802202 2.886311 0.251068
 1.300000 -2.715151 2.856523 0.303728
 1.320000 -2.570690 2.897083 0.650024
 1.340000 -2.534216 3.063677 1.525770
 1.360000 -2.352932 -3.135002 1.038687
 1.380000 -2.267225 3.127976 0.742316
 1.400000 -2.291763 3.122772 0.766725
 1.420000 -2.204826 3.092824 0.946482
 1.440000 -2.386910 3.060372 1.076786
 1.460000 -2.472344 3.072987 1.530103
 1.480000 -2.572618 2.968818 0.886030
 1.500000 -2.623786 3.008300 0.913221
 1.520000 -2.659769 2.955208 0.550569
 1.540000 -2.626450 2.941982 0.615514
 1.560000 -2.742785 2.799916 0.366447
 1.580000 -2.676369 2.864641 0.395817
 1.600000 -2.730073 2.638014 1.681066
 1.620000 -2.695464 2.528521 3.152041
 1.640000 -2.889492 2.535975 1.233012
 1.660000 -2.797540 2.501097 1.356472
 1.680000 -2.905104 2.453910 1.259077
 1.700000 -2.813141 2.439975 1.096093
 1.720000 -2.765419 2.467483 1.671720
 1.740000 -2.716047 2.533912 2.659738
 1.760000 -2.721702 2.602464 2.142466
 1.780000 -2.697514 2.653734 2.005102
 1.800000 -2.688244 2.589686 2.937351
 1.820000 -2.702127 2.545585 2.937939
 1.840000 -2.659295 2.504647 4.084151
 1.860000 -2.791700 2.392319 1.019106
 1.880000 -2.673366 2.533159 3.692949
 1.900000 -2.833401 2.515781 1.142817
 1.920000 -2.716093 2.500501 2.674402
 1.940000 -2.746144 2.458079 1.935515
 1.960000 -2.675839 2.694550 1.761890
 1.980000 -2.719056 2.753225 0.734368
 2.000000 -2.701316 2.919612 0.353311
 2.020000 -2.723646 2.902817 0.289973
 2.040000 -2.636281 2.959036 0.642643
 2.060000 -2.695559 3.009232 0.626420
 2.080000 -2.754935 3.065742 0.695132
 2.100000 -2.740637 2.927564 0.307736
 2.120000 -2.777999 2.986903 0.483564
 2.140000 -2.653768 3.031528 0.884999
 2.160000 -2.754154 2.968515 0.402390
 2.180000 -2.689834 2.946763 0.439279
 2.200000 -2.713875 2.824101 0.374870
 2.220000 -2.637248 2.953962 0.620604
 2.240000 -2.691288 2.703284 1.464028
 2.260000 -2.746787 2.823197 0.290122
 2.280000 -2.836889 2.700699 0.508429
 2.300000 -2.703568 2.799564 0.519194
 2.320000 -2.711799 2.669217 1.613336
 2.340000 -2.726816 2.578370 2.229453
 2.360000 -2.702104 2.689394 1.504663
 2.380000 -2.600787 2.856871 0.631773
 2.400000 -2.621219 2.814105 0.788114
 2.420000 -2.572372 2.675623 3.379669
 2.440000 -2.611224 2.829164 0.724781
 2.460000 -2.781329 2.693145 0.738464
 2.480000 -2.742204 2.785188 0.427722
 2.500000 -2.865044 2.627222 0.848121
 2.520000 -2.869458 2.654006 0.734132
 2.540000 -2.874090 2.635950 0.830203
 2.560000 -2.808029 2.838118 0.215585
 2.580000 -2.749363 2.678525 1.089868
 2.600000 -2.581700 2.995257 1.007330
 2.620000 -2.481914 2.925099 0.742348
 2.640000 -2.278195 3.066303 0.659417
 2.660000 -2.325364 -3.097674 0.854497
 2.680000 -2.234810 3.128477 0.808370
 2.700000 -2.255796 -3.139135 0.754114
 2.720000 -2.135263 2.943949 0.842564
 2.740000 -2.121149 2.896082 0.656149
 2.760000 -2.062929 2.887522 1.052731
 2.780000 -2.120526 2.847312 0.490751
 2.800000 -2.176954 2.647166 1.064623
 2.820000 -2.154228 2.647285 1.198675
 2.840000 -2.358844 2.528093 3.868898
 2.860000 -2.393033 2.556791 4.561643
 2.880000 -2.548413 2.427059 5.403337
 2.900000 -2.728289 2.439330 2.141524
 2.920000 -2.707404 2.338649 1.469547
 2.940000 -2.865872 2.239589 0.265364
 2.960000 -2.818313 2.132237 0.352142
 2.980000 -2.686074 2.285354 1.136887
 3.000000 -2.804673 2.250276 0.312418
 3.020000 -2.792588 2.224556 0.294805
 3.040000 -2.656788 2.354099 2.375535
 3.060000 -2.811655 2.336478 0.612607
 3.080000 -2.589339 2.471484 5.541754
 3.100000 -2.744831 2.399741 1.569230
 3.120000 -2.831183 2.463761 1.087730
 3.140000 -2.840231 2.366215 0.689445
 3.160000 -2.957186 2.513479 1.961673
 3.180000 -2.852948 2.731124 0.393222
 3.200000 -2.633637 2.855042 0.545456
 3.220000 -2.661271 2.848906 0.475971
 3.240000 -2.533190 3.063113 1.524192
 3.260000 -2.353549 3.122251 1.034539
 3.280000 -2.617012 -3.053809 1.168921
 3.300000 -2.348269 -2.997587 0.638010
 3.320000 -2.648968 -3.120741 1.182709
 3.340000 -2.618154 -3.041241 1.103038
 3.360000 -2.697257 -3.137449 0.925595
 3.380000 -2.745564 3.100103 0.762508
 3.400000 -2.807209 3.123447 0.995997
 3.420000 -2.651105 -3.085617 1.100370
 3.440000 -2.778956 3.089123 0.790048
 3.460000 -2.786494 3.006158 0.573397
 3.480000 -2.716586 3.045642 0.688821
 3.500000 -2.969191 2.893615 1.269301
 3.520000 -2.706137 2.910204 0.329451
 3.540000 -2.879576 2.616083 0.938326
 3.560000 -2.693187 2.728540 1.154243
 3.580000 -2.622822 2.661223 3.084121
 3.600000 -2.577496 2.703737 2.682323
 3.620000 -2.562240 2.644103 4.246790
 3.640000 -2.432765 2.580128 5.135387
 3.660000 -2.223323 2.796204 0.284945
 3.680000 -2.205739 2.774837 0.342696
 3.700000 -1.984443 2.791383 1.428242
 3.720000 -2.178776 2.737054 0.519428
 3.740000 -2.041636 2.744563 1.392814
 3.760000 -2.052131 2.658074 2.471025
 3.780000 -2.155969 2.744406 0.555310
 3.800000 -2.284650 2.629660 1.648988
 3.820000 -2.322150 2.771609 0.692729
 3.840000 -2.406005 2.760912 1.340054
 3.860000 -2.524731 2.820376 0.966961
 3.880000 -2.338626 2.827386 0.456096
 3.900000 -2.729308 2.824946 0.327989
 3.920000 -2.543953 3.044935 1.402737
 3.940000 -2.691168 2.920720 0.377460
 3.960000 -2.839880 2.853417 0.264160
 3.980000 -2.808545 2.857601 0.223402
 4.000000 -2.926497 2.920321 1.127534
 4.020000 -2.960328 2.957441 2.088082
 4.040000 -2.830307 3.052626 1.032003
 4.060000 -2.797622 3.015757 0.650973
 4.080000 -2.706466 3.104423 0.859154
 4.100000 -2.611137 -3.115464 1.403486
 4.120000 -2.820341 3.022228 0.812641
 4.140000 -2.517232 3.038986 1.396084
 4.160000 -2.575427 2.954070 0.806617
 4.180000 -2.456820 2.893868 0.649584
 4.200000 -2.416787 2.836241 0.690661
 4.220000 -2.457777 2.842283 0.762565
 4.240000 -2.437358 2.688562 2.918787
 4.260000 -2.229058 2.782172 0.327020
 4.280000 -2.241833 2.518739 1.678464
 4.300000 -2.244652 2.683893 0.879961
 4.320000 -2.125006 2.764853 0.602525
 4.340000 -2.343798 2.673492 1.975889
 4.360000 -2.112422 2.645582 1.659778
 4.380000 -2.272451 2.428030 1.733212
 4.400000 -2.190438 2.563252 1.451212
 4.420000 -2.241337 2.610084 1.355344
 4.440000 -2.211550 2.677930 0.820845
 4.460000 -2.290627 2.497388 2.330064
 4.480000 -2.111753 2.606573 2.035126
 4.500000 -2.388269 2.529579 4.611969
 4.520000 -2.320865 2.590936 2.589065
 4.540000 -2.339881 2.618035 2.668512
 4.560000 -2.449741 2.540642 5.891360
 4.580000 -2.204132 2.749682 0.433661
 4.600000 -2.424353 2.623657 4.189489
 4.620000 -2.442037 2.823506 0.841621
 4.640000 -2.588596 2.760642 1.531878
 4.660000 -2.643059 2.955813 0.606528
 4.680000 -2.800783 2.883968 0.245647
 4.700000 -2.612356 3.026766 1.058920
 4.720000 -2.938600 2.856116 0.696007
 4.740000 -2.704766 2.982158 0.508031
 4.760000 -2.738722 2.952663 0.366408
 4.780000 -2.802609 2.837534 0.214398
 4.800000 -2.620410 3.057371 1.167241
 4.820000 -2.682483 2.834909 0.448424
 4.840000 -2.678522 3.105026 0.989882
 4.860000 -2.710576 2.993604 0.530858
 4.880000 -2.682908 3.018809 0.707018
 4.900000 -2.804153 2.853432 0.217704
 4.920000 -2.608043 2.979757 0.835415
 4.940000 -2.791057 2.711321 0.586003
 4.960000 -2.625834 2.680917 2.649380
 4.980000 -2.655682 2.641860 2.892821
 5.000000 -2.664095 2.613994 3.161402
 5.020000 -2.583410 2.714526 2.404588
 5.040000 -2.645439 2.690618 2.211849
 5.060000 -2.663875 2.878041 0.418187
 5.080000 -2.765702 2.881067 0.228783
 5.100000 -2.739740 2.987841 0.464706
 5.120000 -2.839533 2.911396 0.415897
 5.140000 -2.615874 3.034948 1.082830
 5.160000 -2.623209 2.975764 0.760445
 5.180000 -2.540303 2.968080 0.939650
 5.200000 -2.391941 3.010136 0.873852
 5.220000 -2.405232 3.120537 1.350427
 5.240000 -2.344082 -3.048594 0.812920
 5.260000 -2.349022 3.097837 0.973892
 5.280000 -2.373592 -3.080301 1.070885
 5.300000 -2.525230 -3.067251 1.554574
 5.320000 -2.520942 3.079656 1.617242
 5.340000 -2.709591 2.908523 0.320661
 5.360000 -2.677330 2.795792 0.664809
 5.380000 -2.696851 2.718395 1.230376
 5.400000 -2.782859 2.609252 1.232553
 5.420000 -2.777729 2.472261 1.522097
 5.440000 -2.862668 2.480533 1.105957
 5.460000 -2.832275 2.567017 1.073787
 5.480000 -2.885639 2.637152 0.864564
 5.500000 -2.748402 2.633032 1.471779
 5.520000 -2.815785 2.631239 0.890886
 5.540000 -2.641663 2.819419 0.673112
 5.560000 -2.734748 2.821510 0.322839
 5.580000 -2.587244 2.927570 0.677616
 5.600000 -2.628226 2.982022 0.769191
 5.620000 -2.522274 3.042452 1.414798
 5.640000 -2.493732 3.105754 1.699528
 5.660000 -2.545225 3.018833 1.241746
 5.680000 -2.683834 2.939279 0.435110
 5.700000 -2.671033 3.083284 0.983468
 5.720000 -2.766080 2.976854 0.432116
 5.740000 -2.772154 2.927253 0.302007
 5.760000 -2.685082 2.840898 0.420598
 5.780000 -2.813755 3.012579 0.725332
 5.800000 -2.725455 2.973967 0.440668
 5.820000 -2.816059 2.820792 0.221929
 5.840000 -2.745108 2.890940 0.251380
 5.860000 -2.649065 2.959010 0.598090
 5.880000 -2.585069 2.893955 0.621148
 5.900000 -2.698466 2.780228 0.660853
 5.920000 -2.556495 2.791788 1.219449
 5.940000 -2.688430 2.773336 0.768180
 5.960000 -2.685471 2.777797 0.750348
 5.980000 -2.637137 2.700829 2.137536
 6.000000 -2.713976 2.668022 1.597566
 6.020000 -2.581412 2.867251 0.649029
 6.040000 -2.630588 2.791020 0.939678
 6.060000 -2.581925 2.647483 3.953845
 6.080000 -2.532229 2.819955 0.965548
 6.100000 -2.364583 2.951695 0.531193
 6.120000 -2.445170 2.995892 1.011959
 6.140000 -2.266392 2.915773 0.261169
 6.160000 -2.406923 2.930780 0.601989
 6.180000 -2.373618 3.122921 1.156752
 6.200000 -2.417379 2.948047 0.690755
 6.220000 -2.514034 2.888654 0.697005
 6.240000 -2.574215 2.931075 0.716650
 6.260000 -2.502683 2.890178 0.695373
 6.280000 -2.716359 2.858661 0.298732
 6.300000 -2.746902 2.661552 1.255141
 6.320000 -2.663940 2.787393 0.796152
 6.340000 -2.795306 2.713031 0.559139
 6.360000 -2.656937 2.777552 0.921885
 6.380000 -2.788263 2.626268 1.090675
 6.400000 -2.832262 2.740618 0.364296
 6.420000 -2.827731 2.835404 0.228779
 6.440000 -2.672705 2.828799 0.506642
 6.460000 -2.731490 2.802710 0.393097
 6.480000 -2.547750 2.905049 0.691418
 6.500000 -2.535864 3.130026 1.738654
 6.520000 -2.578493 2.966224 0.858216
 6.540000 -2.417613 3.104162 1.394380
 6.560000 -2.556854 3.066215 1.489784
 6.580000 -2.601590 3.104028 1.436672
 6.600000 -2.645547 3.081390 1.119832
 6.620000 -2.903662 2.937508 1.050309
 6.640000 -2.949009 2.871985 0.878817
 6.660000 -2.921870 2.898384 0.877767
 6.680000 -3.010423 2.732736 1.073417
 6.700000 -2.828756 2.730353 0.400867
 6.720000 -2.720325 2.912303 0.307030
 6.740000 -2.688326 2.770606 0.790742
 6.760000 -2.474400 2.873902 0.684416
 6.780000 -2.458263 2.803097 1.062859
 6.800000 -2.471769 2.882286 0.672187
 6.820000 -2.273873 3.007736 0.495559
 6.840000 -2.444114 2.825416 0.833641
 6.860000 -2.266946 2.840265 0.241192
 6.880000 -2.328487 2.871281 0.329591
 6.900000 -2.328380 2.818418 0.453030
 6.920000 -2.391000 2.754942 1.316085
 6.940000 -2.188497 2.820687 0.266326
 6.960000 -2.384353 2.631810 3.315931
 6.980000 -2.255397 2.776091 0.391565
 7.000000 -2.496859 2.622785 4.988607
 7.020000 -2.602538 2.568845 5.123381
 7.040000 -2.576198 2.818001 0.905592
 7.060000 -2.628445 2.720335 1.895409
 7.080000 -2.606909 2.883412 0.571896
 7.100000 -2.654086 2.791549 0.814814
 7.120000 -2.483591 2.841631 0.805072
 7.140000 -2.632371 3.020659 0.934376
 7.160000 -2.455855 2.913880 0.675201
 7.180000 -2.626748 2.856853 0.560892
 7.200000 -2.717978 2.998474 0.529798
 7.220000 -2.929920 2.994489 2.100783
 7.240000 -2.974519 2.912442 1.576738
 7.260000 -3.136452 2.823082 1.416663
 7.280000 -2.935895 2.827434 0.552275
 7.300000 -2.861894 2.947200 0.730315
 7.320000 -2.848623 2.662178 0.676046
 7.340000 -2.519618 2.796343 1.214480
 7.360000 -2.473364 2.832186 0.848463
 7.380000 -2.190016 2.794386 0.304538
 7.400000 -2.245193 2.848105 0.215752
 7.420000 -2.197579 2.715153 0.598830
 7.440000 -2.309863 2.839705 0.325731
 7.460000 -2.012182 2.782168 1.297732
 7.480000 -2.286026 2.704300 0.994814
 7.500000 -2.006022 2.549297 5.096918
 7.520000 -2.249058 2.717607 0.678276
 7.540000 -2.181385 2.638149 1.104740
 7.560000 -2.232162 2.610503 1.297207
 7.580000 -2.204895 2.473351 1.461118
 7.600000 -2.317738 2.519136 2.891915
 7.620000 -2.327803 2.708883 1.328866
 7.640000 -2.566794 2.688668 3.111537
 7.660000 -2.653930 2.774422 0.970256
 7.680000 -2.594238 2.727745 2.060309
 7.700000 -2.796320 2.771217 0.320873
 7.720000 -2.769216 2.979560 0.444034
 7.740000 -2.884938 3.012454 1.502351
 7.760000 -2.767299 3.079264 0.739787
 7.780000 -2.709144 -3.086332 0.817325
 7.800000 -2.650274 -3.088732 1.113654
 7.820000 -2.795970 -3.022734 0.669367
 7.840000 -2.672318 -2.875287 0.373506
 7.860000 -2.844146 -3.008359 0.950139
 7.880000 -2.694438 -2.919822 0.360625
 7.900000 -2.835250 -2.977964 0.705654
 7.920000 -2.844515 -2.980694 0.792532
 7.940000 -2.805088 -3.094276 0.937969
 7.960000 -2.717168 -3.134840 0.847245
 7.980000 -2.557236 3.122181 1.675362
 8.000000 -2.516306 2.897670 0.701019
 8.020000 -2.483517 2.963792 0.912995
 8.040000 -2.492662 2.940388 0.808792
 8.060000 -2.416240 2.813411 0.834406
 8.080000 -2.526026 2.653467 4.220230
 8.100000 -2.434630 2.765605 1.440930
 8.120000 -2.582378 2.587548 5.211361
 8.140000 -2.490802 2.556563 6.215684
 8.160000 -2.604861 2.517929 5.434491
 8.180000 -2.636761 2.252896 1.230560
 8.200000 -2.639952 2.374984 3.003631
 8.220000 -2.646945 2.232148 1.023737
 8.240000 -2.723595 2.334702 1.244146
 8.260000 -2.659783 2.196847 0.858599
 8.280000 -2.714352 2.343420 1.436340
 8.300000 -2.783395 2.346356 0.803972
 8.320000 -2.633886 2.459957 4.453591
 8.340000 -2.827002 2.331408 0.547944
 8.360000 -2.754237 2.505409 1.928024
 8.380000 -2.843354 2.542569 1.101515
 8.400000 -2.827472 2.630970 0.849504
 8.420000 -2.865502 2.681524 0.598059
 8.440000 -2.706915 2.915610 0.335623
 8.460000 -2.777901 3.125586 0.832610
 8.480000 -2.605480 -3.091181 1.379204
 8.500000 -2.536629 -2.921267 0.720922
 8.520000 -2.606594 -2.710403 2.025426
 8.540000 -2.599919 -2.748395 1.471477
 8.560000 -2.708910 -2.838295 0.320999
 8.580000 -2.804829 -2.825278 0.214589
 8.600000 -3.018111 -2.920661 2.275230
 8.620000 -2.946776 -2.975846 2.148636
 8.640000 -2.992986 -3.058254 4.806255
 8.660000 -2.749877 -2.958645 0.374399
 8.680000 -2.546453 -2.918905 0.704538
 8.700000 -2.479582 -2.961025 0.886084
 8.720000 -2.309907 -3.090832 0.780555
 8.740000 -2.463597 -3.004472 1.112718
 8.760000 -2.394685 -3.034944 1.004482
 8.780000 -2.479316 3.017621 1.230493
 8.800000 -2.518017 2.841034 0.824214
 8.820000 -2.386246 2.781844 0.977091
 8.840000 -2.384451 2.741623 1.444247
 8.860000 -2.384898 2.413021 3.637323
 8.880000 -2.415008 2.180735 1.144837
 8.900000 -2.464964 2.117569 1.935447
 8.920000 -2.410335 2.166227 1.176503
 8.940000 -2.260624 2.057637 0.870606
 8.960000 -2.338094 2.023285 2.064834
 8.980000 -2.295182 2.114033 0.740784
 9.000000 -2.403637 2.255613 1.349121
 9.020000 -2.481805 2.177420 1.405182
 9.040000 -2.383232 2.323489 2.060065
 9.060000 -2.250908 2.334722 0.859305
 9.080000 -2.090576 2.560361 2.797245
 9.100000 -2.088494 2.556942 2.864306
 9.120000 -2.095689 2.588882 2.481221
 9.140000 -2.037210 2.690722 2.188918
 9.160000 -1.946233 2.819124 1.520624
 9.180000 -2.105649 2.852249 0.577937
 9.200000 -2.062741 2.879635 0.996417
 9.220000 -2.435694 3.026952 1.154631
 9.240000 -2.487284 3.110208 1.699748
 9.260000 -2.560865 3.076502 1.526029
 9.280000 -2.593185 3.113862 1.503994
 9.300000 -2.735700 -3.131914 0.801820
 9.320000 -2.693526 -2.955361 0.450545
 9.340000 -2.834629 -3.042057 1.029698
 9.360000 -2.766170 3.119318 0.797109
 9.380000 -2.772252 3.120857 0.812098
 9.400000 -2.958187 3.118462 4.298204
 9.420000 -2.739991 -3.100335 0.767357
 9.440000 -2.881118 3.011745 1.437056
 9.460000 -2.761601 2.968655 0.404686
 9.480000 -2.718638 2.947953 0.380611
 9.500000 -2.708666 2.913228 0.328733
 9.520000 -2.729558 2.861457 0.269344
 9.540000 -2.578743 2.652159 3.880490
 9.560000 -2.710945 2.525687 2.791208
 9.580000 -2.549321 2.556670 6.105448
 9.600000 -2.577734 2.448228 5.437350
 9.620000 -2.687384 2.319416 1.485467
 9.640000 -2.535164 2.353036 3.694511
 9.660000 -2.673258 2.221881 0.820393
 9.680000 -2.547353 2.300542 2.446255
 9.700000 -2.648744 2.222324 0.969577
 9.720000 -2.623992 2.256680 1.352014
 9.740000 -2.468732 2.326802 2.954152
 9.760000 -2.399144 2.370076 3.117084
 9.780000 -2.465953 2.197727 1.329524
 9.800000 -2.382350 2.278983 1.434519
 9.820000 -2.487769 2.298947 2.442813
 9.840000 -2.488214 2.237720 1.558118
 9.860000 -2.488979 2.330573 3.136157
 9.880000 -2.658982 2.138366 1.083624
 9.900000 -2.781603 2.256332 0.387992
 9.920000 -2.878454 2.193226 0.269279
 9.940000 -2.889711 2.338204 0.625397
 9.960000 -2.780716 2.305779 0.592934
 9.980000 -2.617301 2.293940 1.866382
 10.000000 -2.745846 2.277932 0.640637
 10.020000 -2.583247 2.366981 3.667608
 10.040000 -2.657502 2.402925 3.151840
 10.060000 -2.629186 2.464701 4.613443
 10.080000 -2.549437 2.592655 5.532272
 10.100000 -2.708728 2.794953 0.521087
 10.120000 -2.733770 2.905647 0.279271
 10.140000 -2.777110 2.914032 0.276399
 10.160000 -2.801115 3.077134 0.871503
 10.180000 -2.671893 3.109019 1.032267
 10.200000 -2.628252 -2.983162 0.771531
 10.220000 -2.698309 -3.080480 0.846141
 10.240000 -2.710828 -3.076053 0.788793
 10.260000 -2.752853 -2.971175 0.409478
 10.280000 -2.932529 -3.023011 2.548924
 10.300000 -2.821050 -3.077464 1.029943
 10.320000 -2.942885 -3.131888 3.819396
 10.340000 -2.795091 -3.109784 0.897780
 10.360000 -2.742062 3.026087 0.586074
 10.380000 -2.636413 3.056243 1.078855
 10.400000 -2.720556 2.869028 0.282768
 10.420000 -2.449543 2.969535 0.878994
 10.440000 -2.448262 2.751841 1.726510
 10.460000 -2.342657 2.748905 1.021347
 10.480000 -2.212902 2.659091 0.940123
 10.500000 -2.343712 2.687629 1.777775
 10.520000 -2.088835 2.700515 1.379449
 10.540000 -2.133195 2.579947 1.888840
 10.560000 -1.905672 2.601572 6.044807
 10.580000 -2.071547 2.701036 1.578649
 10.600000 -1.981434 2.692717 2.934963
 10.620000 -2.123556 2.589853 1.972469
 10.640000 -2.079070 2.743614 1.057364
 10.660000 -2.136172 2.641656 1.407030
 10.680000 -2.288506 2.814186 0.338997
 10.700000 -2.330751 2.762641 0.813052
 10.720000 -2.509713 2.852001 0.770678
 10.740000 -2.429327 2.814521 0.871447
 10.760000 -2.650318 2.939261 0.529346
 10.780000 -2.718148 2.917097 0.317744
 10.800000 -2.770288 2.968291 0.410382
 10.820000 -2.851643 3.040979 1.222053
 10.840000 -2.927798 2.851916 0.606952
 10.860000 -2.915346 2.806166 0.423634
 10.880000 -2.993318 2.889502 1.453926
 10.900000 -2.767642 3.007321 0.535032
 10.920000 -2.748392 2.810831 0.316816
 10.940000 -2.650994 2.836920 0.551396
 10.960000 -2.572764 2.921423 0.689980
 10.980000 -2.595943 2.889068 0.596549
 11.000000 -2.569014 2.981604 0.964570
 11.020000 -2.542991 2.847311 0.776266
 11.040000 -2.401733 2.879494 0.528009
 11.060000 -2.564794 2.911196 0.679491
 11.080000 -2.476236 2.868714 0.695981
 11.100000 -2.528096 2.742346 2.070866
 11.120000 -2.452109 2.985028 0.970104
 11.140000 -2.455216 2.811208 0.976379
 11.160000 -2.321947 2.902415 0.320620
 11.180000 -2.476867 2.815166 0.985974
 11.200000 -2.537214 2.822538 0.939597
 11.220000 -2.581665 2.904317 0.637616
 11.240000 -2.780170 2.753452 0.424685
 11.260000 -2.849776 2.827232 0.255752
 11.280000 -2.831639 2.744441 0.353045
 11.300000 -3.008698 2.810265 0.900168
 11.320000 -2.831616 2.777468 0.272996
 11.340000 -2.857177 2.708225 0.476999
 11.360000 -2.808272 2.764631 0.319618
 11.380000 -2.564923 2.876605 0.663025
 11.400000 -2.644656 2.854500 0.513306
 11.420000 -2.588274 2.883971 0.614177
 11.440000 -2.576437 2.978186 0.926681
 11.460000 -2.687130 2.862709 0.366651
 11.480000 -2.573361 2.838379 0.774016
 11.500000 -2.591161 2.776932 1.288652
 11.520000 -2.545241 2.914512 0.712516
 11.540000 -2.495340 2.806488 1.093510
 11.560000 -2.422086 2.881144 0.579069
 11.580000 -2.429873 2.846879 0.678023
 11.600000 -2.387141 2.959912 0.634593
 11.620000 -2.485563 2.902939 0.694977
 11.640000 -2.554581 2.858684 0.717333
 11.660000 -2.617232 2.851667 0.603985
 11.680000 -2.632896 2.847104 0.572588
 11.700000 -2.752167 2.822722 0.279799
 11.720000 -2.827702 2.631329 0.847207
 11.740000 -2.811732 2.759396 0.329591
 11.760000 -2.984292 2.737472 0.881796
 11.780000 -2.778734 2.797037 0.285351
 11.800000 -2.870258 2.752314 0.353531
 11.820000 -2.757595 2.804633 0.311171
 11.840000 -2.679841 2.907865 0.384801
 11.860000 -2.665347 3.030488 0.827484
 11.880000 -2.671690 2.872411 0.400086
 11.900000 -2.607322 2.956392 0.730093
 11.920000 -2.619678 2.902469 0.545822
 11.940000 -2.657221 2.909055 0.446746
 11.960000 -2.625339 2.901645 0.529770
 11.980000 -2.746510 2.687833 1.041560
 12.000000 -2.568820 2.877279 0.655973
 12.020000 -2.637949 2.669228 2.700947
 12.040000 -2.607580 2.744033 1.677571
 12.060000 -2.746383 2.674627 1.151398
 12.080000 -2.800100 2.746333 0.394796
 12.100000 -2.855512 2.750736 0.339092
 12.120000 -2.799629 2.643626 0.913477
 12.140000 -2.871816 2.664013 0.691643
 12.160000 -2.755839 2.834031 0.253493
 12.180000 -2.731253 2.909731 0.287764
 12.200000 -2.767936 2.875449 0.224622
 12.220000 -2.620436 3.019293 0.983079
 12.240000 -2.679509 2.979146 0.571182
 12.260000 -2.665080 3.059437 0.941188
 12.280000 -2.754695 2.961083 0.381576
 12.300000 -2.748494 2.988476 0.461798
 12.320000 -2.804947 2.938109 0.385391
 12.340000 -2.678130 2.956308 0.498645
 12.360000 -2.739752 2.853885 0.256489
 12.380000 -2.585891 2.927622 0.680835
 12.400000 -2.512085 2.945110 0.837398
 12.420000 -2.453922 2.888369 0.643321
 12.440000 -2.420435 2.857404 0.616528
 12.460000 -2.338811 2.719446 1.314295
 12.480000 -2.339331 2.889924 0.352373
 12.500000 -2.363496 2.760492 1.052114
 12.520000 -2.337718 2.600642 2.831773
 12.540000 -2.483450 2.739679 2.092602
 12.560000 -2.415191 2.696547 2.515150
 12.580000 -2.349213 2.737523 1.196450
 12.600000 -2.267018 2.631982 1.428389
 12.620000 -2.222954 2.663714 0.930850
 12.640000 -2.220239 2.860169 0.218854
 12.660000 -2.241349 2.760655 0.423757
 12.680000 -2.341901 2.719729 1.340726
 12.700000 -2.279041 2.695985 1.009988
 12.720000 -2.395448 2.746465 1.464939
 12.740000 -2.320102 2.878718 0.307247
 12.760000 -2.499480 2.684094 3.419607
 12.780000 -2.386140 2.759668 1.221853
 12.800000 -2.399106 2.816813 0.745178
 12.820000 -2.422613 2.838613 0.695939
 12.840000 -2.477535 2.772726 1.497467
 12.860000 -2.620618 2.872581 0.546373
 12.880000 -2.771383 2.905347 0.257967
 12.900000 -2.726281 2.889255 0.274661
 12.920000 -2.873884 2.893829 0.508489
 12.940000 -2.828764 2.922602 0.413055
 12.960000 -2.756738 3.009096 0.530643
 12.980000 -2.880916 3.000734 1.340730
 13.000000 -2.677581 2.877482 0.378819
 13.020000 -2.730094 2.996877 0.503203
 13.040000 -2.743946 3.040092 0.627275
 13.060000 -2.662743 3.066163 0.976316
 13.080000 -2.764879 3.059060 0.687960
 13.100000 -2.739316 3.003588 0.515691
 13.120000 -2.669079 3.139180 1.073415
 13.140000 -2.757654 2.920599 0.285380
 13.160000 -2.623750 2.954452 0.668873
 13.180000 -2.510421 2.997669 1.134660
 13.200000 -2.558582 2.902315 0.674147
 13.220000 -2.386674 2.881336 0.485226
 13.240000 -2.484114 2.792251 1.241966
 13.260000 -2.546529 2.825725 0.903659
 13.280000 -2.450650 2.932212 0.717120
 13.300000 -2.587234 2.775403 1.326420
 13.320000 -2.628510 2.717201 1.948062
 13.340000 -2.590478 2.745161 1.772259
 13.360000 -2.745860 2.818869 0.302180
 13.380000 -2.781865 2.752035 0.424920
 13.400000 -2.721503 2.666863 1.511280
 13.420000 -2.791018 2.947415 0.380652
 13.440000 -2.679162 2.926527 0.417654
 13.460000 -2.715809 3.010237 0.574289
 13.480000 -2.797574 3.010527 0.630994
 13.500000 -2.705552 3.076629 0.808674
 13.520000 -2.795432 3.090416 0.867486
 13.540000 -2.800912 3.033983 0.734634
 13.560000 -2.838573 3.021035 0.964901
 13.580000 -2.823848 2.965551 0.572232
 13.600000 -2.756962 3.061510 0.685808
 13.620000 -2.680116 2.934497 0.433002
 13.640000 -2.672584 2.874522 0.395520
 13.660000 -2.606021 2.889998 0.573024
 13.680000 -2.577296 2.829859 0.816457
 13.700000 -2.616123 2.786421 1.057584
 13.720000 -2.445077 2.718704 2.332133
 13.740000 -2.524830 2.752041 1.888721
 13.760000 -2.494703 2.741029 2.091219
 13.780000 -2.424011 2.675006 3.071681
 13.800000 -2.512065 2.645330 4.448085
 13.820000 -2.392499 2.738006 1.563908
 13.840000 -2.359006 2.756456 1.062186
 13.860000 -2.469342 2.738784 2.061838
 13.880000 -2.443249 2.800160 1.048306
 13.900000 -2.431304 2.932488 0.673818
 13.920000 -2.553688 2.934797 0.764896
 13.940000 -2.531680 2.891841 0.692210
 13.960000 -2.649936 2.951913 0.570226
 13.980000 -2.700354 3.048673 0.749197
 14.000000 -2.715107 -3.136967 0.854459
 14.020000 -2.750183 2.947570 0.346845
 14.040000 -2.727533 2.989539 0.484357
 14.060000 -2.727176 3.076100 0.743776
 14.080000 -2.672672 3.065179 0.922264
 14.100000 -2.731045 3.114013 0.797874
 14.120000 -2.679591 2.934966 0.435489
 14.140000 -2.796470 2.922788 0.320037
 14.160000 -2.813094 2.987766 0.613997
 14.180000 -2.881965 2.880204 0.488620
 14.200000 -2.834363 2.819882 0.233047
 14.220000 -2.723033 2.856830 0.286028
 14.240000 -2.639282 2.767811 1.133077
 14.260000 -2.520751 2.765043 1.662872
 14.280000 -2.426940 2.807032 0.926064
 14.300000 -2.374572 2.867455 0.464483
 14.320000 -2.335005 2.733446 1.122428
 14.340000 -2.276104 2.853159 0.238578
 14.360000 -2.298363 2.699122 1.145790
 14.380000 -2.236953 2.886802 0.223986
 14.400000 -2.331807 2.823039 0.447578
 14.420000 -2.198746 2.847378 0.240646
 14.440000 -2.256699 2.862078 0.215123
 14.460000 -2.167264 2.766618 0.426203
 14.480000 -2.263438 2.828122 0.255523
 14.500000 -2.311030 2.777419 0.595877
 14.520000 -2.220787 2.746065 0.454847
 14.540000 -2.277327 2.690993 1.037873
 14.560000 -2.263019 2.690178 0.940568
 14.580000 -2.436728 2.667182 3.399812
 14.600000 -2.383268 2.705641 1.983597
 14.620000 -2.525703 2.662072 3.995493
 14.640000 -2.474124 2.781806 1.358369
 14.660000 -2.570734 2.668215 3.574371
 14.680000 -2.716647 2.796728 0.477806
 14.700000 -2.736167 2.764848 0.560199
 14.720000 -2.762066 2.818044 0.270059
 14.740000 -2.864543 2.858195 0.339808
 14.760000 -2.843529 2.866269 0.295769
 14.780000 -2.966543 2.929332 1.729571
 14.800000 -3.012966 2.963578 3.149881
 14.820000 -2.858232 3.032818 1.261033
 14.840000 -2.797649 3.100493 0.899391
 14.860000 -2.627574 3.008807 0.898236
 14.880000 -2.560451 2.997505 1.078334
 14.900000 -2.499014 3.131839 1.752084
 14.920000 -2.577103 3.047429 1.322111
 14.940000 -2.342709 3.016663 0.688431
 14.960000 -2.441160 2.780226 1.270924
 14.980000 -2.301570 2.872465 0.270296
 15.000000 -2.282393 2.671903 1.246414
 15.020000 -2.344187 2.679395 1.898286
 15.040000 -2.184910 2.551830 1.504920
 15.060000 -2.190927 2.516522 1.533703
 15.080000 -2.246494 2.541181 1.692041
 15.100000 -2.206792 2.393094 1.092179
 15.120000 -2.352037 2.404914 2.855874
 15.140000 -2.523609 2.256310 1.774167
 15.160000 -2.291988 2.245599 0.564611
 15.180000 -2.533887 2.146241 1.647836
 15.200000 -2.428958 2.179436 1.216803
 15.220000 -2.487949 2.025396 3.949477
 15.240000 -2.499656 2.198897 1.393233
 15.260000 -2.529846 2.217119 1.435342
 15.280000 -2.441038 2.203116 1.246891
 15.300000 -2.585776 2.305088 2.314537
 15.320000 -2.587137 2.339454 3.003353
 15.340000 -2.595905 2.604472 4.677288
 15.360000 -2.888173 2.509243 1.238799
 15.380000 -2.719456 2.661218 1.597322
 15.400000 -2.999090 2.700334 1.238600
 15.420000 -2.772446 3.034803 0.632185
 15.440000 -2.771914 2.964627 0.401239
 15.460000 -2.628598 -3.116835 1.302215
 15.480000 -2.681967 -3.082079 0.924367
 15.500000 -2.569999 -3.046018 1.339568
 15.520000 -2.776005 -2.915614 0.275953
 15.540000 -2.761521 -3.036545 0.620459
 15.560000 -2.845014 -2.971554 0.743532
 15.580000 -2.898085 -2.950766 1.112515
 15.600000 -2.830745 -3.092295 1.173537
 15.620000 -2.779705 -3.141121 0.843968
 15.640000 -2.634066 -3.025652 0.950025
 15.660000 -2.506317 -3.086515 1.646787
 15.680000 -2.427736 3.018989 1.078368
 15.700000 -2.420414 2.968879 0.789634
 15.720000 -2.544057 2.950792 0.845813
 15.740000 -2.653943 2.772882 0.985475
 15.760000 -2.777582 2.543892 1.549690
 15.780000 -2.832198 2.634379 0.821964
 15.800000 -2.877950 2.392923 0.852906
 15.820000 -2.723821 2.465640 2.390408
 15.840000 -2.868776 2.268048 0.320510
 15.860000 -2.592593 2.366432 3.542579
 15.880000 -2.597379 2.294544 2.040582
 15.900000 -2.548562 2.407699 4.975164
 15.920000 -2.533682 2.297357 2.424362
 15.940000 -2.534033 2.232835 1.525126
 15.960000 -2.718452 2.318608 1.147392
 15.980000 -2.649177 2.240842 1.058873
 16.000000 -2.733323 2.097756 0.836927
 16.020000 -2.832847 2.174098 0.255165
 16.040000 -2.648218 2.186071 0.932492
 16.060000 -2.635695 2.217471 1.029322
 16.080000 -2.434593 2.298194 2.143900
 16.100000 -2.525507 2.265124 1.889895
 16.120000 -2.291456 2.337853 1.186838
 16.140000 -2.337792 2.473189 3.243125
 16.160000 -2.254727 2.427378 1.530867
 16.180000 -2.136035 2.417916 1.664581
 16.200000 -2.253640 2.572080 1.661322
 16.220000 -2.218516 2.703697 0.673143
 16.240000 -2.329512 2.673544 1.779162
 16.260000 -2.226159 2.685563 0.799844
 16.280000 -2.278750 2.860651 0.236260
 16.300000 -1.937249 2.906006 2.334471
 16.320000 -2.082080 2.862074 0.758177
 16.340000 -1.983484 2.834411 1.336829
 16.360000 -2.139085 2.860851 0.429282
 16.380000 -2.206471 2.883309 0.256242
 16.400000 -2.412820 2.800854 0.926105
 16.420000 -2.490387 2.822368 0.942016
 16.440000 -2.626970 2.919791 0.553499
 16.460000 -2.747953 3.028662 0.591381
 16.480000 -2.706609 2.976087 0.484242
 16.500000 -2.862900 2.912667 0.538435
 16.520000 -2.687050 3.030837 0.737549
 16.540000 -2.608332 3.017244 1.028204
 16.560000 -2.529695 2.868935 0.713163
 16.580000 -2.452147 2.802800 1.048973
 16.600000 -2.498157 2.887866 0.693425
 16.620000 -2.626658 2.791142 0.957962
 16.640000 -2.462662 2.972596 0.925961
 16.660000 -2.666536 2.783924 0.810057
 16.680000 -2.509259 2.822933 0.948289
 16.700000 -2.544330 2.889392 0.681928
 16.720000 -2.658707 2.707514 1.777240
 16.740000 -2.567806 2.637338 4.355767
 16.760000 -2.579859 2.720484 2.306800
 16.780000 -2.726030 2.645859 1.663392
 16.800000 -2.636554 2.651000 3.064491
 16.820000 -2.850728 2.766906 0.299412
 16.840000 -2.914311 2.854524 0.543516
 16.860000 -2.741398 2.983166 0.449422
 16.880000 -2.875158 2.885417 0.476885
 16.900000 -2.647878 3.099276 1.153436
 16.920000 -2.672664 3.087126 0.984486
 16.940000 -2.608750 3.081595 1.328777
 16.960000 -2.703449 2.895028 0.319751
 16.980000 -2.658553 2.968178 0.600598
 17.000000 -2.903283 2.946219 1.127786
 17.020000 -2.692522 3.036484 0.737151
 17.040000 -2.919664 2.853434 0.567430
 17.060000 -2.786959 2.921152 0.301297
 17.080000 -2.679064 2.988553 0.606890
 17.100000 -2.720452 2.978942 0.463900
 17.120000 -2.554759 2.900746 0.677349
 17.140000 -2.399740 2.844261 0.602138
 17.160000 -2.387019 2.922182 0.521495
 17.180000 -2.380888 2.810036 0.716374
 17.200000 -2.325788 2.864095 0.328915
 17.220000 -2.505696 2.827128 0.914667
 17.240000 -2.281774 2.821301 0.302930
 17.260000 -2.324837 2.789328 0.587455
 17.280000 -2.291749 2.589073 2.077309
 17.300000 -2.291152 2.671845 1.335179
 17.320000 -2.297599 2.555574 2.376831
 17.340000 -2.328841 2.395461 2.305445
 17.360000 -2.311236 2.115460 0.840339
 17.380000 -2.324968 2.173523 0.648975
 17.400000 -2.451082 2.080538 2.499792
 17.420000 -2.390153 2.172889 1.033610
 17.440000 -2.526920 2.107770 2.192332
 17.460000 -2.313578 2.197119 0.562026
 17.480000 -2.325021 2.151073 0.726160
 17.500000 -2.213795 2.203044 0.272894
 17.520000 -2.333418 2.162128 0.730466
 17.540000 -2.074625 2.172934 0.596084
 17.560000 -1.984629 2.210971 1.133270
 17.580000 -1.898317 2.326317 3.376181
 17.600000 -1.853564 2.248461 1.743011
 17.620000 -2.016927 2.327861 2.322089
 17.640000 -2.069535 2.392100 2.494761
 17.660000 -2.024486 2.414023 3.790886
 17.680000 -2.026897 2.295249 1.671091
 17.700000 -2.043213 2.266668 1.171897
 17.720000 -2.047284 2.279397 1.270957
 17.740000 -2.106480 2.216532 0.485209
 17.760000 -2.223195 2.103696 0.460437
 17.780000 -2.080609 2.120837 0.736696
 17.800000 -2.262084 2.203934 0.362667
 17.820000 -2.250005 2.308507 0.688549
 17.840000 -2.462672 2.331131 3.013380
 17.860000 -2.489809 2.450951 5.937540
 17.880000 -2.557801 2.591539 5.471137
 17.900000 -2.661939 2.557215 3.852295
 17.920000 -2.876425 2.477307 1.143791
 17.940000 -2.900628 2.659143 0.819084
 17.960000 -2.956787 2.746237 0.686874
 17.980000 -2.869685 2.872224 0.400456
 18.000000 -2.791142 2.914493 0.290757
 18.020000 -2.839559 2.967570 0.680626
 18.040000 -2.812497 -3.111208 1.026387
 18.060000 -2.805667 -2.977219 0.534294
 18.080000 -2.832754 -3.088209 1.185748
 18.100000 -2.638244 3.117850 1.244835
 18.120000 -2.693968 -3.085363 0.875951
 18.140000 -2.560688 -3.034224 1.299802
 18.160000 -2.558789 3.118760 1.664820
 18.180000 -2.433793 3.132760 1.529652
 18.200000 -2.438435 3.069829 1.388221
 18.220000 -2.308121 3.123920 0.815333
 18.240000 -2.485315 3.022876 1.273780
 18.260000 -2.457611 2.923609 0.703117
 18.280000 -2.528719 2.896607 0.696476
 18.300000 -2.476126 2.786225 1.303645
 18.320000 -2.535848 2.728959 2.332794
 18.340000 -2.351227 2.631753 2.697579
 18.360000 -2.468523 2.565921 5.892809
 18.380000 -2.586506 2.523678 5.802083
 18.400000 -2.650934 2.418075 3.518761
 18.420000 -2.778299 2.407091 1.220267
 18.440000 -2.788541 2.422863 1.207541
 18.460000 -2.801525 2.419702 1.087369
 18.480000 -2.821330 2.382388 0.807124
 18.500000 -2.863834 2.372435 0.723558
 18.520000 -2.868968 2.272928 0.332797
 18.540000 -2.684786 2.285750 1.151750
 18.560000 -2.548440 2.347049 3.485050
 18.580000 -2.424095 2.251789 1.440617
 18.600000 -2.281972 2.371297 1.391041
 18.620000 -2.359900 2.448005 3.558854
 18.640000 -2.307105 2.383981 1.829979
 18.660000 -2.127899 2.497019 2.162080
 18.680000 -2.082919 2.451350 2.867759
 18.700000 -1.986719 2.727049 2.200188
 18.720000 -1.635226 2.613690 1.664280
 18.740000 -1.594727 2.580948 1.495824
 18.760000 -1.330204 2.566835 5.977914
 18.780000 -1.193680 2.650398 4.335392
 18.800000 -1.102645 2.612365 3.419225
 18.820000 -1.104773 2.710838 1.823247
 18.840000 -0.805757 2.637696 1.495495
 18.860000 -0.985445 2.747485 0.477296
 18.880000 -1.032298 2.957367 0.507046
 18.900000 -1.194870 2.847877 0.908258
 18.920000 -1.020718 2.713995 0.896095
 18.940000 -1.169383 2.764230 1.580803
 18.960000 -1.342097 2.823148 0.955383
 18.980000 -1.503297 2.678885 1.141192
 19.000000 -1.578044 2.589666 1.396864
 19.020000 -1.599707 2.456350 1.571957
 19.040000 -1.622992 2.559971 1.827795
 19.060000 -1.596689 2.495144 1.658740
 19.080000 -1.747622 2.416222 3.879776
 19.100000 -1.678923 2.463251 2.780415
 19.120000 -1.764904 2.435611 4.610498
 19.140000 -1.587750 2.427048 1.372204
 19.160000 -1.661354 2.327789 1.186774
 19.180000 -1.547641 2.288463 0.528677
 19.200000 -1.501748 2.358660 1.249806
 19.220000 -1.458420 2.231241 0.612664
 19.240000 -1.422260 2.262030 1.047899
 19.260000 -1.524290 2.034474 0.728580
 19.280000 -1.468392 2.080356 0.785701
 19.300000 -1.606508 2.053134 0.637191
 19.320000 -1.430536 1.976216 1.985975
 19.340000 -1.401304 1.909551 2.872952
 19.360000 -1.387700 1.853958 3.089944
 19.380000 -1.239675 1.659067 1.583114
 19.400000 -1.400295 1.630296 0.802543
 19.420000 -1.310503 1.537586 1.015398
 19.440000 -1.247374 1.630393 1.278216
 19.460000 -1.172785 1.555165 0.870649
 19.480000 -1.173252 1.339975 3.323972
 19.500000 -1.106358 1.468195 1.060241
 19.520000 -1.079522 1.274237 2.298764
 19.540000 -1.012452 1.263910 1.449101
 19.560000 -0.938095 1.145628 0.978413
 19.580000 -1.085942 1.098310 1.393388
 19.600000 -1.235965 1.104614 2.719072
 19.620000 -1.306230 0.940557 1.357077
 19.640000 -1.382409 0.923679 1.101261
 19.660000 -1.459569 0.923801 0.619500
 19.680000 -1.585197 0.862597 0.465029
 19.700000 -1.626107 0.763715 1.175058
 19.720000 -1.652142 0.784696 1.206667
 19.740000 -1.491010 0.831237 1.063230
 19.760000 -1.651463 0.658425 2.044162
 19.780000 -1.580908 0.537560 1.314252
 19.800000 -1.636023 0.498184 1.284531
 19.820000 -1.287183 0.308106 1.437892
 19.840000 -1.230206 0.305137 1.435799
 19.860000 -0.947142 0.170728 0.613391
 19.880000 -0.907942 0.162362 0.729848
 19.900000 -0.990304 0.140661 0.870472
 19.920000 -0.930279 0.092751 1.000624
 19.940000 -1.102020 0.200882 1.310562
 19.960000 -1.335815 0.255278 1.369643
 19.980000 -1.415482 0.257577 0.880056
 20.000000 -1.379682 0.315035 1.063545
