#! FIELDS time phi psi sigma_phi sigma_psi height biasf
                        #! SET multivariate false
                        #! SET kerneltype stretched-gaussian
                        #! SET min_phi -pi
                        #! SET max_phi pi
                        #! SET min_psi -pi
                        #! SET max_psi pi
0 -3.141592653589793 -3.141592653589793 0.15 0.15 8.63515293902678 1
0 -3.141592653589793 -2.5132741228718345 0.15 0.15 4.245118630268794 1
0 -3.141592653589793 -1.8849555921538759 0.15 0.15 7.439072757021732 1
0 -3.141592653589793 -1.2566370614359172 0.15 0.15 7.344975109696934 1
0 -3.141592653589793 -0.6283185307179586 0.15 0.15 8.305745705232395 1
0 -3.141592653589793 0.0 0.15 0.15 8.00019404489278 1
0 -3.141592653589793 0.6283185307179586 0.15 0.15 4.842821937018773 1
0 -3.141592653589793 1.2566370614359172 0.15 0.15 6.113712816425515 1
0 -3.141592653589793 1.8849555921538759 0.15 0.15 6.082006490070503 1
0 -3.141592653589793 2.5132741228718345 0.15 0.15 2.2171210589262293 1
0 -2.5132741228718345 -3.141592653589793 0.15 0.15 1.4162741928427902 1
0 -2.5132741228718345 -2.5132741228718345 0.15 0.15 6.591295757200062 1
0 -2.5132741228718345 -1.8849555921538759 0.15 0.15 4.5439932440529365 1
0 -2.5132741228718345 -1.2566370614359172 0.15 0.15 5.396312058965542 1
0 -2.5132741228718345 -0.6283185307179586 0.15 0.15 4.8981132651802985 1
0 -2.5132741228718345 0.0 0.15 0.15 4.357488064354657 1
0 -2.5132741228718345 0.6283185307179586 0.15 0.15 4.811924310024463 1
0 -2.5132741228718345 1.2566370614359172 0.15 0.15 5.202215914233129 1
0 -2.5132741228718345 1.8849555921538759 0.15 0.15 8.058219874558336 1
0 -2.5132741228718345 2.5132741228718345 0.15 0.15 6.5437900172335945 1
0 -1.8849555921538759 -3.141592653589793 0.15 0.15 8.004256053436901 1
0 -1.8849555921538759 -2.5132741228718345 0.15 0.15 3.672275037810148 1
0 -1.8849555921538759 -1.8849555921538759 0.15 0.15 9.386735802001127 1
0 -1.8849555921538759 -1.2566370614359172 0.15 0.15 8.611173628976804 1
0 -1.8849555921538759 -0.6283185307179586 0.15 0.15 6.6166777017914935 1
0 -1.8849555921538759 0.0 0.15 0.15 7.641695049891251 1
0 -1.8849555921538759 0.6283185307179586 0.15 0.15 8.387504162082593 1
0 -1.8849555921538759 1.2566370614359172 0.15 0.15 6.70621291394645 1
0 -1.8849555921538759 1.8849555921538759 0.15 0.15 5.036366118634827 1
0 -1.8849555921538759 2.5132741228718345 0.15 0.15 5.871877795413752 1
0 -1.2566370614359172 -3.141592653589793 0.15 0.15 6.291770088828048 1
0 -1.2566370614359172 -2.5132741228718345 0.15 0.15 6.96144724602255 1
0 -1.2566370614359172 -1.8849555921538759 0.15 0.15 4.047413289517985 1
0 -1.2566370614359172 -1.2566370614359172 0.15 0.15 5.633701925402789 1
0 -1.2566370614359172 -0.6283185307179586 0.15 0.15 7.614317268724819 1
0 -1.2566370614359172 0.0 0.15 0.15 6.985595357286382 1
0 -1.2566370614359172 0.6283185307179586 0.15 0.15 7.502362783189521 1
0 -1.2566370614359172 1.2566370614359172 0.15 0.15 7.273771337196036 1
0 -1.2566370614359172 1.8849555921538759 0.15 0.15 6.386947765103989 1
0 -1.2566370614359172 2.5132741228718345 0.15 0.15 5.757495541395285 1
0 -0.6283185307179586 -3.141592653589793 0.15 0.15 6.764046008483123 1
0 -0.6283185307179586 -2.5132741228718345 0.15 0.15 2.798519856301751 1
0 -0.6283185307179586 -1.8849555921538759 0.15 0.15 6.611123790537195 1
0 -0.6283185307179586 -1.2566370614359172 0.15 0.15 5.393967291912688 1
0 -0.6283185307179586 -0.6283185307179586 0.15 0.15 5.871506739432549 1
0 -0.6283185307179586 0.0 0.15 0.15 1.7255991213493447 1
0 -0.6283185307179586 0.6283185307179586 0.15 0.15 6.027382380233805 1
0 -0.6283185307179586 1.2566370614359172 0.15 0.15 7.124601459288897 1
0 -0.6283185307179586 1.8849555921538759 0.15 0.15 6.002146752857062 1
0 -0.6283185307179586 2.5132741228718345 0.15 0.15 9.0618135056934 1
0 0.0 -3.141592653589793 0.15 0.15 3.1172678203115947 1
0 0.0 -2.5132741228718345 0.15 0.15 6.706982018390347 1
0 0.0 -1.8849555921538759 0.15 0.15 4.19597563808126 1
0 0.0 -1.2566370614359172 0.15 0.15 4.769072166188313 1
0 0.0 -0.6283185307179586 0.15 0.15 9.76512520615844 1
0 0.0 0.0 0.15 0.15 9.280635190993499 1
0 0.0 0.6283185307179586 0.15 0.15 4.656727974650116 1
0 0.0 1.2566370614359172 0.15 0.15 7.163953347257898 1
0 0.0 1.8849555921538759 0.15 0.15 3.6247930416023815 1
0 0.0 2.5132741228718345 0.15 0.15 7.784054805892004 1
0 0.6283185307179586 -3.141592653589793 0.15 0.15 6.904503205837372 1
0 0.6283185307179586 -2.5132741228718345 0.15 0.15 7.185652250442144 1
0 0.6283185307179586 -1.8849555921538759 0.15 0.15 8.301783574893332 1
0 0.6283185307179586 -1.2566370614359172 0.15 0.15 3.487287566447045 1
0 0.6283185307179586 -0.6283185307179586 0.15 0.15 8.559203673364202 1
0 0.6283185307179586 0.0 0.15 0.15 6.131369212395759 1
0 0.6283185307179586 0.6283185307179586 0.15 0.15 5.478839018610958 1
0 0.6283185307179586 1.2566370614359172 0.15 0.15 4.332427411436656 1
0 0.6283185307179586 1.8849555921538759 0.15 0.15 6.185128225171713 1
0 0.6283185307179586 2.5132741228718345 0.15 0.15 10.224530371951008 1
0 1.2566370614359172 -3.141592653589793 0.15 0.15 6.267985160062663 1
0 1.2566370614359172 -2.5132741228718345 0.15 0.15 5.861937470329649 1
0 1.2566370614359172 -1.8849555921538759 0.15 0.15 3.132035355545158 1
0 1.2566370614359172 -1.2566370614359172 0.15 0.15 8.702584173367205 1
0 1.2566370614359172 -0.6283185307179586 0.15 0.15 5.593222964482101 1
0 1.2566370614359172 0.0 0.15 0.15 8.91623070908933 1
0 1.2566370614359172 0.6283185307179586 0.15 0.15 7.211871714830471 1
0 1.2566370614359172 1.2566370614359172 0.15 0.15 5.954852016081926 1
0 1.2566370614359172 1.8849555921538759 0.15 0.15 1.0519570960419737 1
0 1.2566370614359172 2.5132741228718345 0.15 0.15 5.303297548094067 1
0 1.8849555921538759 -3.141592653589793 0.15 0.15 3.832268381757468 1
0 1.8849555921538759 -2.5132741228718345 0.15 0.15 4.115397739462582 1
0 1.8849555921538759 -1.8849555921538759 0.15 0.15 7.1966594757898825 1
0 1.8849555921538759 -1.2566370614359172 0.15 0.15 4.390517919049288 1
0 1.8849555921538759 -0.6283185307179586 0.15 0.15 7.186658098713492 1
0 1.8849555921538759 0.0 0.15 0.15 4.486496701493428 1
0 1.8849555921538759 0.6283185307179586 0.15 0.15 8.030981798712457 1
0 1.8849555921538759 1.2566370614359172 0.15 0.15 6.392262039858284 1
0 1.8849555921538759 1.8849555921538759 0.15 0.15 5.759525073290526 1
0 1.8849555921538759 2.5132741228718345 0.15 0.15 5.891080107859576 1
0 2.5132741228718345 -3.141592653589793 0.15 0.15 8.66666899959515 1
0 2.5132741228718345 -2.5132741228718345 0.15 0.15 7.985859827433921 1
0 2.5132741228718345 -1.8849555921538759 0.15 0.15 6.1084718208113244 1
0 2.5132741228718345 -1.2566370614359172 0.15 0.15 8.167552162152505 1
0 2.5132741228718345 -0.6283185307179586 0.15 0.15 5.8108398531499725 1
0 2.5132741228718345 0.0 0.15 0.15 5.616444489887672 1
0 2.5132741228718345 0.6283185307179586 0.15 0.15 8.273620465277519 1
0 2.5132741228718345 1.2566370614359172 0.15 0.15 6.667093530384386 1
0 2.5132741228718345 1.8849555921538759 0.15 0.15 7.300829095346942 1
0 2.5132741228718345 2.5132741228718345 0.15 0.15 10.812958603764761 1
