#! FIELDS time phi psi metad.bias
#! SET min_phi -pi
#! SET max_phi pi
#! SET min_psi -pi
#! SET max_psi pi
 0.000000 3.141580 -3.141577 81.835121
 0.020000 -2.661065 -2.252614 2.258259
 0.040000 -2.654994 -2.254319 2.281768
 0.060000 -2.631275 -2.237429 1.967071
 0.080000 -2.678624 -2.259263 2.402077
 0.100000 -2.694184 -2.270053 2.634332
 0.120000 -2.581883 -2.221125 1.672701
 0.140000 -2.647135 -2.271613 2.602190
 0.160000 -2.630754 -2.222639 1.742159
 0.180000 -2.692527 -2.220533 1.769593
 0.200000 -2.665559 -2.245491 2.138499
 0.220000 -2.646155 -2.243533 2.083468
 0.240000 -2.687068 -2.312913 3.625528
 0.260000 -2.756246 -2.361903 5.276613
 0.280000 -2.701716 -2.321606 3.888716
 0.300000 -2.796816 -2.367331 5.552715
 0.320000 -2.656024 -2.314626 3.613113
 0.340000 -2.628369 -2.258786 2.329961
 0.360000 -2.629658 -2.202044 1.465605
 0.380000 -2.514354 -2.197223 1.314116
 0.400000 -2.515250 -2.088470 0.515694
 0.420000 -2.565603 -2.083232 0.504530
 0.440000 -2.555518 -2.045331 0.385956
 0.460000 -2.596338 -2.159762 0.998817
 0.480000 -2.613961 -2.089202 0.541889
 0.500000 -2.554199 -2.109959 0.628844
 0.520000 -2.623877 -2.249747 2.163381
 0.540000 -2.668285 -2.249565 2.212518
 0.560000 -2.670823 -2.231139 1.909315
 0.580000 -2.768264 -2.339501 4.541667
 0.600000 -2.667886 -2.348142 4.613325
 0.620000 -2.637797 -2.292635 3.040056
 0.640000 -2.664630 -2.405495 6.746998
 0.660000 -2.585511 -2.383901 5.621600
 0.680000 -2.580873 -2.381943 5.534822
 0.700000 -2.545757 -2.407615 6.410633
 0.720000 -2.587792 -2.452956 8.683301
 0.740000 -2.594194 -2.376362 5.373105
 0.760000 -2.686243 -2.459192 9.480502
 0.780000 -2.568735 -2.410727 6.625493
 0.800000 -2.679478 -2.384299 5.923768
 0.820000 -2.624235 -2.269725 2.532165
 0.840000 -2.645978 -2.267481 2.518367
 0.860000 -2.719184 -2.235964 2.033892
 0.880000 -2.670459 -2.212029 1.630079
 0.900000 -2.748903 -2.175890 1.244318
 0.920000 -2.742540 -2.247300 2.251944
 0.940000 -2.706566 -2.068217 0.475142
 0.960000 -2.637015 -2.077125 0.495449
 0.980000 -2.682822 -2.087228 0.550937
 1.000000 -2.661276 -2.078488 0.506510
 1.020000 -2.546856 -2.029095 0.363419
 1.040000 -2.624939 -2.133439 0.803773
 1.060000 -2.452065 -2.137007 0.750108
 1.080000 -2.686920 -2.203190 1.526233
 1.100000 -2.523513 -2.238708 1.864447
 1.120000 -2.542002 -2.246495 2.008018
 1.140000 -2.620374 -2.350527 4.573716
 1.160000 -2.493320 -2.355264 4.388825
 1.180000 -2.606876 -2.391933 5.996557
 1.200000 -2.585089 -2.343076 4.257216
 1.220000 -2.519357 -2.367198 4.837923
 1.240000 -2.526534 -2.323344 3.573485
 1.260000 -2.606951 -2.375067 5.364543
 1.280000 -2.562753 -2.267273 2.397253
 1.300000 -2.628374 -2.361597 4.956197
 1.320000 -2.605643 -2.265061 2.416232
 1.340000 -2.651165 -2.324683 3.875603
 1.360000 -2.761476 -2.382758 6.078880
 1.380000 -2.688991 -2.303834 3.394853
 1.400000 -2.891318 -2.384144 6.329866
 1.420000 -2.882402 -2.296792 3.436207
 1.440000 -2.832386 -2.271230 2.805454
 1.460000 -2.748958 -2.152624 1.014686
 1.480000 -2.627476 -2.132166 0.795771
 1.500000 -2.451167 -2.065569 0.449292
 1.520000 -2.556904 -2.103769 0.596901
 1.540000 -2.617595 -2.037793 0.369561
 1.560000 -2.597030 -2.128593 0.758382
 1.580000 -2.656362 -2.113429 0.683923
 1.600000 -2.608651 -2.080235 0.501586
 1.620000 -2.746046 -2.203931 1.579414
 1.640000 -2.639600 -2.178442 1.204253
 1.660000 -2.737038 -2.268007 2.645686
 1.680000 -2.636213 -2.145357 0.898950
 1.700000 -2.631867 -2.352098 4.652655
 1.720000 -2.630052 -2.135266 0.819156
 1.740000 -2.638069 -2.221052 1.726523
 1.760000 -2.518997 -2.334907 3.864853
 1.780000 -2.564391 -2.250435 2.100904
 1.800000 -2.640685 -2.224552 1.779746
 1.820000 -2.574852 -2.368168 5.030191
 1.840000 -2.609839 -2.353152 4.630452
 1.860000 -2.650479 -2.316491 3.651718
 1.880000 -2.703925 -2.363291 5.208738
 1.900000 -2.795746 -2.377972 5.959872
 1.920000 -2.783355 -2.347372 4.823631
 1.940000 -2.829329 -2.270170 2.780358
 1.960000 -2.779088 -2.268922 2.709995
 1.980000 -2.822537 -2.209237 1.699947
 2.000000 -2.747902 -2.130751 0.835059
 2.020000 -2.625313 -2.143585 0.879807
 2.040000 -2.447039 -2.217594 1.494437
 2.060000 -2.445797 -2.144356 0.796171
 2.080000 -2.469693 -2.180654 1.108290
 2.100000 -2.484848 -2.320897 3.422658
 2.120000 -2.500706 -2.091355 0.524486
 2.140000 -2.498546 -2.269694 2.348607
 2.160000 -2.482126 -2.278769 2.493773
 2.180000 -2.508773 -2.268488 2.341506
 2.200000 -2.514987 -2.227626 1.694558
 2.220000 -2.488066 -2.170060 1.023332
 2.240000 -2.643348 -2.214390 1.638266
 2.260000 -2.723432 -2.210975 1.658617
 2.280000 -2.748749 -2.271910 2.740749
 2.300000 -2.767737 -2.247833 2.285123
 2.320000 -2.728620 -2.384468 6.066395
 2.340000 -2.752606 -2.321073 3.960993
 2.360000 -2.798611 -2.524029 14.260367
 2.380000 -2.598830 -2.372483 5.248919
 2.400000 -2.604503 -2.431031 7.673303
 2.420000 -2.453453 -2.406491 6.021378
 2.440000 -2.320369 -2.320153 3.063186
 2.460000 -2.342387 -2.190514 1.114099
 2.480000 -2.347444 -2.183240 1.052340
 2.500000 -2.220684 -2.107168 0.563316
 2.520000 -2.181158 -2.029565 0.379940
 2.540000 -2.188385 -2.093558 0.507356
 2.560000 -2.128366 -2.082701 0.460591
 2.580000 -2.191304 -2.009660 0.371226
 2.600000 -2.210886 -1.967149 0.390613
 2.620000 -2.302752 -2.052356 0.423655
 2.640000 -2.284036 -1.952448 0.408759
 2.660000 -2.292315 -1.979531 0.382816
 2.680000 -2.224220 -1.864679 0.629815
 2.700000 -2.126373 -1.982294 0.368732
 2.720000 -2.265828 -2.062338 0.438993
 2.740000 -2.309453 -1.927662 0.447981
 2.760000 -2.517200 -2.219345 1.584955
 2.780000 -2.447969 -2.125804 0.679812
 2.800000 -2.654929 -2.398089 6.401947
 2.820000 -2.534835 -2.325279 3.641886
 2.840000 -2.683756 -2.421052 7.513311
 2.860000 -2.651605 -2.387962 5.983467
 2.880000 -2.734311 -2.435910 8.424183
 2.900000 -2.890302 -2.324704 4.213547
 2.920000 -3.057635 -2.385240 6.154533
 2.940000 -3.090290 -2.334772 4.282860
 2.960000 3.031587 -2.246034 1.828473
 2.980000 3.082465 -2.290356 2.778725
 3.000000 -3.083415 -2.219956 1.803005
 3.020000 -3.047093 -2.054814 0.457151
 3.040000 -2.679166 -2.025530 0.348439
 3.060000 -2.702712 -2.082303 0.533393
 3.080000 -2.427128 -1.788136 0.875828
 3.100000 -2.249085 -1.897666 0.527515
 3.120000 -2.112951 -1.731628 1.119911
 3.140000 -2.044212 -1.701084 1.195096
 3.160000 -1.864671 -1.602410 1.392144
 3.180000 -1.690367 -1.665788 1.101482
 3.200000 -1.552167 -1.572455 1.374840
 3.220000 -1.313289 -1.691079 0.983378
 3.240000 -1.324172 -1.618880 1.185780
 3.260000 -1.270744 -1.493848 1.454486
 3.280000 -1.185984 -1.612576 1.024973
 3.300000 -1.253460 -1.322012 1.862651
 3.320000 -1.006769 -1.364623 1.259036
 3.340000 -1.277255 -1.072184 2.489974
 3.360000 -1.180452 -0.953903 2.792130
 3.380000 -1.328788 -0.661834 3.608655
 3.400000 -1.284304 -0.545202 4.085459
 3.420000 -1.403901 -0.311277 6.160764
 3.440000 -1.392951 -0.131882 8.149632
 3.460000 -1.328599 -0.022060 8.859817
 3.480000 -1.153385 0.168804 9.471699
 3.500000 -1.031260 0.291800 10.226210
 3.520000 -1.182133 0.423885 13.924063
 3.540000 -1.197922 0.692290 17.985242
 3.560000 -1.139381 0.630502 16.769025
 3.580000 -1.238663 0.879426 19.679088
 3.600000 -1.230659 1.001608 19.993489
 3.620000 -1.370114 1.066699 21.477433
 3.640000 -1.335315 1.150803 21.222677
 3.660000 -1.312871 1.245241 21.102339
 3.680000 -1.272476 1.386294 20.933087
 3.700000 -1.151059 1.364007 20.077819
 3.720000 -1.127992 1.348947 19.921368
 3.740000 -1.214721 1.532555 21.005074
 3.760000 -1.033130 1.386059 19.729383
 3.780000 -1.048497 1.618559 21.133783
 3.800000 -1.154059 1.555714 20.891717
 3.820000 -1.342218 1.653901 22.197793
 3.840000 -1.488855 1.624391 23.290083
 3.860000 -1.524107 1.685411 23.859566
 3.880000 -1.364648 1.574016 22.061125
 3.900000 -1.213995 1.556954 21.112542
 3.920000 -1.131327 1.382974 20.042633
 3.940000 -1.156334 1.388953 20.180086
 3.960000 -1.047491 1.230037 19.299518
 3.980000 -1.011626 1.150005 19.021670
 4.000000 -0.955336 1.122541 18.781598
 4.020000 -1.164278 1.039510 19.583977
 4.040000 -1.208134 0.981970 19.777275
 4.060000 -1.285131 1.052532 20.563667
 4.080000 -1.340286 0.910041 20.738052
 4.100000 -1.304877 0.934193 20.469628
 4.120000 -1.378096 0.892705 21.075395
 4.140000 -1.397236 0.797836 20.797706
 4.160000 -1.362230 0.813142 20.498628
 4.180000 -1.420378 0.960098 21.809615
 4.200000 -1.283703 0.734073 19.134752
 4.220000 -1.185351 0.836130 19.061617
 4.240000 -1.110102 0.717415 17.577491
 4.260000 -1.004942 0.637165 15.768408
 4.280000 -1.063238 0.679859 16.800383
 4.300000 -1.165459 0.649536 17.226315
 4.320000 -1.174514 0.571607 16.241587
 4.340000 -1.219344 0.629274 17.433695
 4.360000 -1.309988 0.538623 17.139062
 4.380000 -1.186638 0.356197 12.807112
 4.400000 -1.308332 0.394073 14.868164
 4.420000 -1.324306 0.238963 12.542360
 4.440000 -1.057154 0.056005 7.182949
 4.460000 -1.011687 -0.106154 5.353244
 4.480000 -1.099765 -0.013670 6.795052
 4.500000 -0.851791 -0.308417 3.195773
 4.520000 -1.172600 -0.070099 6.839112
 4.540000 -0.936693 -0.367563 3.416766
 4.560000 -1.032935 -0.365389 3.950392
 4.580000 -1.122800 -0.447856 4.041974
 4.600000 -1.197027 -0.299365 5.170160
 4.620000 -0.973142 -0.598965 2.957977
 4.640000 -1.170707 -0.407964 4.416233
 4.660000 -1.224990 -0.393405 4.715339
 4.680000 -1.227435 -0.404400 4.661367
 4.700000 -1.360942 -0.260101 6.437612
 4.720000 -1.049151 -0.285077 4.429389
 4.740000 -1.048537 -0.332745 4.183242
 4.760000 -0.993889 -0.202963 4.574888
 4.780000 -1.018658 -0.284876 4.254757
 4.800000 -0.987061 -0.322910 3.887527
 4.820000 -0.919161 -0.252557 3.847216
 4.840000 -1.027086 -0.228730 4.619802
 4.860000 -1.032156 -0.168789 5.035175
 4.880000 -1.076846 -0.115030 5.727393
 4.900000 -0.999050 -0.191231 4.680088
 4.920000 -1.102558 -0.091558 6.103792
 4.940000 -1.155529 0.076207 8.270406
 4.960000 -1.217868 0.133026 9.643800
 4.980000 -1.018300 0.080432 7.152261
 5.000000 -1.112863 0.399630 12.824508
 5.020000 -1.090570 0.272922 10.453377
 5.040000 -1.173123 0.421795 13.796768
 5.060000 -0.991977 0.326759 10.466460
 5.080000 -1.170428 0.308052 11.819889
 5.100000 -1.090362 0.288281 10.702684
 5.120000 -1.146818 0.336511 12.060391
 5.140000 -1.170474 0.292355 11.558976
 5.160000 -1.229487 0.267165 11.794967
 5.180000 -1.413598 0.511553 18.093533
 5.200000 -1.204980 0.301711 12.084843
 5.220000 -1.160307 0.355045 12.514160
 5.240000 -1.007872 0.270486 9.679436
 5.260000 -1.074767 0.315164 11.007012
 5.280000 -0.864959 0.088711 6.183764
 5.300000 -0.935441 0.094758 6.712059
 5.320000 -0.807615 -0.109166 4.117648
 5.340000 -1.030717 0.075534 7.192425
 5.360000 -1.159727 0.005160 7.493572
 5.380000 -0.981167 0.005357 6.097716
 5.400000 -0.986183 -0.093776 5.280710
 5.420000 -1.191720 0.008021 7.816419
 5.440000 -1.135417 -0.056213 6.669680
 5.460000 -1.210547 0.008012 7.995086
 5.480000 -1.131386 -0.040199 6.790065
 5.500000 -1.115675 -0.002781 7.033759
 5.520000 -1.241030 0.015253 8.381902
 5.540000 -1.288296 -0.065007 7.927869
 5.560000 -0.970984 -0.120400 4.984557
 5.580000 -1.090320 -0.235759 4.959625
 5.600000 -1.043848 -0.164546 5.139251
 5.620000 -1.089335 -0.198978 5.194955
 5.640000 -1.022113 -0.292942 4.232851
 5.660000 -0.938013 -0.149450 4.578481
 5.680000 -0.794097 -0.396657 2.530857
 5.700000 -1.121066 -0.066172 6.465264
 5.720000 -0.963506 -0.190004 4.470505
 5.740000 -1.075697 -0.121211 5.670762
 5.760000 -1.089408 -0.111231 5.846160
 5.780000 -1.170702 -0.038520 7.133610
 5.800000 -1.165848 -0.162494 5.976297
 5.820000 -1.221010 -0.065319 7.299072
 5.840000 -0.941843 -0.108849 4.886288
 5.860000 -1.125724 -0.070833 6.459102
 5.880000 -1.020201 0.001146 6.333960
 5.900000 -1.057107 -0.055320 6.083515
 5.920000 -1.014985 -0.155740 5.015032
 5.940000 -1.021417 -0.049381 5.881035
 5.960000 -1.026691 -0.023921 6.144833
 5.980000 -1.153760 -0.002375 7.360471
 6.000000 -1.145145 0.032453 7.663898
 6.020000 -1.134662 0.008165 7.307336
 6.040000 -1.342203 -0.005991 9.219298
 6.060000 -1.150198 0.100166 8.517395
 6.080000 -1.250569 -0.105073 7.153345
 6.100000 -1.206701 -0.023241 7.612782
 6.120000 -1.097470 -0.064696 6.298921
 6.140000 -1.176750 0.006691 7.663447
 6.160000 -1.027095 -0.119467 5.354484
 6.180000 -0.943991 -0.095438 4.998917
 6.200000 -1.006049 -0.179237 4.800816
 6.220000 -1.012040 -0.153923 5.008798
 6.240000 -0.866528 -0.179632 3.966966
 6.260000 -0.978925 -0.261862 4.145007
 6.280000 -0.937587 -0.166668 4.462319
 6.300000 -1.083800 -0.208024 5.099168
 6.320000 -1.225528 -0.137747 6.632232
 6.340000 -1.049450 -0.208690 4.880836
 6.360000 -1.262901 -0.071819 7.610730
 6.380000 -1.065306 -0.224572 4.877805
 6.400000 -1.167401 -0.023790 7.255464
 6.420000 -1.105113 -0.181793 5.416682
 6.440000 -1.161502 -0.021046 7.232663
 6.460000 -1.052488 0.048565 7.064351
 6.480000 -1.365366 0.119247 11.266624
 6.500000 -1.363057 0.229642 12.941254
 6.520000 -1.309762 0.364732 14.402495
 6.540000 -1.356748 0.208525 12.515504
 6.560000 -1.228919 0.530360 16.139654
 6.580000 -1.029793 0.359908 11.367612
 6.600000 -1.017750 0.324433 10.651887
 6.620000 -0.877382 0.416978 11.005332
 6.640000 -0.882287 0.443544 11.503045
 6.660000 -0.952358 0.348285 10.490071
 6.680000 -0.948069 0.342179 10.350089
 6.700000 -1.163889 0.388946 13.136129
 6.720000 -1.395067 0.271307 14.087575
 6.740000 -1.324455 0.251447 12.743611
 6.760000 -1.406581 0.158584 12.459875
 6.780000 -1.313492 -0.115998 7.594707
 6.800000 -1.366618 0.097135 10.956810
 6.820000 -1.307499 -0.215852 6.515458
 6.840000 -1.110767 -0.175908 5.496514
 6.860000 -1.001265 -0.348571 3.851284
 6.880000 -1.177734 -0.281979 5.178997
 6.900000 -0.960742 -0.580044 2.934500
 6.920000 -1.261044 -0.338294 5.226427
 6.940000 -0.870551 -0.742875 2.223457
 6.960000 -1.066392 -0.542708 3.501923
 6.980000 -0.952772 -0.660469 2.750732
 7.000000 -1.133127 -0.601958 3.577022
 7.020000 -0.877998 -0.612691 2.449038
 7.040000 -1.027382 -0.507618 3.425754
 7.060000 -1.089013 -0.457995 3.859752
 7.080000 -0.899215 -0.477635 2.848243
 7.100000 -1.061550 -0.336657 4.235000
 7.120000 -0.952514 -0.310797 3.747963
 7.140000 -0.967912 -0.219450 4.318544
 7.160000 -1.177214 -0.003663 7.554974
 7.180000 -1.186988 -0.035255 7.308386
 7.200000 -1.132595 0.073878 8.030165
 7.220000 -1.213643 0.221599 10.893465
 7.240000 -1.168817 0.282667 11.381941
 7.260000 -1.057112 0.294149 10.494987
 7.280000 -1.187100 0.495422 15.172998
 7.300000 -0.938360 0.409337 11.419060
 7.320000 -1.045835 0.610001 15.719149
 7.340000 -1.109819 0.640007 16.656143
 7.360000 -1.275999 0.595126 17.541037
 7.380000 -1.214793 0.620994 17.286920
 7.400000 -1.541491 0.960745 23.334299
 7.420000 -1.063062 0.577599 15.376607
 7.440000 -1.264506 0.831315 19.653253
 7.460000 -1.323627 0.834855 20.221973
 7.480000 -1.369002 0.851904 20.787093
 7.500000 -1.352993 0.870713 20.705828
 7.520000 -1.263142 0.964369 20.176681
 7.540000 -1.169827 0.886758 19.204846
 7.560000 -1.298440 1.027084 20.644005
 7.580000 -1.254198 0.849503 19.663759
 7.600000 -1.109683 0.927961 18.987121
 7.620000 -1.213270 0.923142 19.649784
 7.640000 -1.247180 0.950624 20.002819
 7.660000 -1.181992 0.875778 19.239591
 7.680000 -1.479351 1.100069 22.859179
 7.700000 -1.114905 0.871894 18.783491
 7.720000 -1.346495 1.137862 21.326691
 7.740000 -1.298381 1.003793 20.595180
 7.760000 -1.401317 1.045770 21.800762
 7.780000 -1.022769 0.843534 18.049404
 7.800000 -1.272850 0.953806 20.232886
 7.820000 -0.974742 0.871455 17.922499
 7.840000 -1.202590 0.863797 19.331241
 7.860000 -1.200221 0.794690 18.907509
 7.880000 -1.293805 0.840928 19.967923
 7.900000 -1.379172 0.876722 21.018243
 7.920000 -1.319741 0.826931 20.139001
 7.940000 -1.349495 0.644888 18.939382
 7.960000 -1.325489 0.759164 19.746398
 7.980000 -1.272484 0.663167 18.329747
 8.000000 -0.983586 0.533862 13.979937
 8.020000 -1.168360 0.566506 16.111003
 8.040000 -1.209782 0.473513 15.041520
 8.060000 -1.098019 0.274347 10.546196
 8.080000 -1.212170 0.378211 13.458733
 8.100000 -0.841901 -0.066265 4.620002
 8.120000 -1.095119 0.149752 8.656538
 8.140000 -1.056964 -0.080118 5.870851
 8.160000 -1.122368 -0.003095 7.085919
 8.180000 -0.888892 -0.274443 3.562316
 8.200000 -1.203145 -0.042753 7.373816
 8.220000 -0.841374 -0.394092 2.792523
 8.240000 -0.950964 -0.278661 3.894970
 8.260000 -0.965196 -0.354664 3.626085
 8.280000 -0.921671 -0.331918 3.479658
 8.300000 -1.100328 -0.330968 4.470818
 8.320000 -1.199799 -0.352127 4.849864
 8.340000 -1.230368 -0.272539 5.544384
 8.360000 -1.113703 -0.471455 3.915213
 8.380000 -1.244549 -0.162291 6.553354
 8.400000 -1.010419 -0.418469 3.623735
 8.420000 -1.300690 -0.080598 7.871246
 8.440000 -1.141897 -0.240462 5.243926
 8.460000 -1.143243 -0.030410 6.983368
 8.480000 -1.269740 -0.077929 7.608240
 8.500000 -1.273048 0.067849 9.384825
 8.520000 -1.342302 -0.036742 8.825120
 8.540000 -1.479224 0.021259 11.343445
 8.560000 -1.427387 0.148449 12.610711
 8.580000 -1.316570 -0.130386 7.464329
 8.600000 -1.350505 0.006774 9.484573
 8.620000 -1.086550 -0.091252 5.989792
 8.640000 -1.032595 -0.035918 6.078401
 8.660000 -0.980485 -0.100230 5.194318
 8.680000 -0.732859 -0.048697 4.220558
 8.700000 -0.864035 -0.175342 3.979713
 8.720000 -0.884354 -0.122861 4.442198
 8.740000 -0.951416 -0.028566 5.588626
 8.760000 -1.149905 -0.029283 7.050297
 8.780000 -1.280001 0.102550 9.933132
 8.800000 -1.215785 -0.057564 7.332725
 8.820000 -1.386439 0.106685 11.370510
 8.840000 -1.273926 -0.141047 6.989125
 8.860000 -1.155833 0.016878 7.586568
 8.880000 -1.108840 -0.258392 4.930190
 8.900000 -1.179886 -0.047994 7.116933
 8.920000 -0.850565 -0.325064 3.114921
 8.940000 -1.094432 -0.106088 5.923778
 8.960000 -0.736941 -0.298437 2.649819
 8.980000 -1.005887 -0.286430 4.173057
 9.000000 -1.113743 -0.226428 5.163782
 9.020000 -1.141179 -0.353606 4.560570
 9.040000 -1.276737 -0.199388 6.450848
 9.060000 -1.383613 -0.211280 7.119684
 9.080000 -1.381733 -0.066402 8.874684
 9.100000 -1.372677 -0.145194 7.798154
 9.120000 -1.290184 -0.163870 6.893149
 9.140000 -1.192951 -0.093623 6.782398
 9.160000 -1.290819 -0.151519 7.022542
 9.180000 -1.169705 -0.035464 7.155971
 9.200000 -0.977505 -0.163492 4.726961
 9.220000 -0.858724 -0.142785 4.160678
 9.240000 -0.863242 -0.111797 4.399792
 9.260000 -0.998850 -0.037189 5.830893
 9.280000 -0.946181 -0.171108 4.485460
 9.300000 -1.045974 -0.127900 5.416975
 9.320000 -1.076718 -0.315775 4.422383
 9.340000 -1.442398 -0.062926 9.602331
 9.360000 -1.232052 -0.278217 5.511806
 9.380000 -1.461790 -0.154187 8.504887
 9.400000 -1.154770 -0.366737 4.556439
 9.420000 -1.214391 -0.251020 5.610667
 9.440000 -0.987167 -0.541528 3.147950
 9.460000 -1.118338 -0.338596 4.525017
 9.480000 -1.056550 -0.506966 3.559585
 9.500000 -1.035307 -0.384519 3.882709
 9.520000 -0.991523 -0.443597 3.440157
 9.540000 -0.929050 -0.319265 3.576348
 9.560000 -0.997108 -0.392209 3.651122
 9.580000 -1.079062 -0.198535 5.132640
 9.600000 -1.047198 -0.254129 4.590369
 9.620000 -1.238775 -0.036661 7.766610
 9.640000 -1.085451 -0.050135 6.338809
 9.660000 -1.277544 0.128858 10.271274
 9.680000 -1.220542 0.216342 10.890072
 9.700000 -1.313342 0.313350 13.599634
 9.720000 -1.089715 0.255818 10.171091
 9.740000 -1.059935 0.261588 9.991576
 9.760000 -1.010284 0.237116 9.180744
 9.780000 -1.086674 0.293420 10.753299
 9.800000 -0.964311 0.233316 8.747913
 9.820000 -0.894983 0.263593 8.661435
 9.840000 -0.994076 0.185476 8.294730
 9.860000 -1.190121 0.346449 12.677578
 9.880000 -1.224136 0.240921 11.313909
 9.900000 -1.292991 0.229412 11.973326
 9.920000 -1.161447 0.032644 7.813346
 9.940000 -1.313700 0.197799 11.753765
 9.960000 -1.278473 -0.033344 8.193459
 9.980000 -1.316425 0.031437 9.408967
 10.000000 -1.212973 -0.070754 7.173513
 10.020000 -1.198639 -0.231614 5.658566
 10.040000 -1.170126 -0.185187 5.826163
 10.060000 -1.170001 -0.356906 4.681881
 10.080000 -1.128614 -0.326790 4.642011
 10.100000 -1.073915 -0.439846 3.857846
 10.120000 -0.984804 -0.459833 3.354244
 10.140000 -1.079369 -0.443407 3.869740
 10.160000 -1.043772 -0.524494 3.454241
 10.180000 -1.157431 -0.460849 4.125970
 10.200000 -1.098618 -0.477089 3.833414
 10.220000 -1.155947 -0.434906 4.230616
 10.240000 -1.332824 -0.296323 5.924669
 10.260000 -1.429659 -0.193689 7.694497
 10.280000 -1.372529 -0.180930 7.377865
 10.300000 -1.300352 -0.010217 8.698505
 10.320000 -1.060195 -0.164293 5.246829
 10.340000 -1.300905 0.094748 10.077047
 10.360000 -1.095468 0.011715 7.017828
 10.380000 -1.230738 0.221727 11.089758
 10.400000 -0.854826 0.048784 5.707626
 10.420000 -0.936193 0.258645 8.906670
 10.440000 -0.988190 0.095153 7.094543
 10.460000 -1.184794 0.343281 12.566906
 10.480000 -1.087532 0.236992 9.856059
 10.500000 -1.125129 0.287614 11.023509
 10.520000 -1.170367 0.374617 12.954363
 10.540000 -1.272709 0.503178 16.188266
 10.560000 -1.289836 0.440425 15.394162
 10.580000 -1.180844 0.372492 13.026156
 10.600000 -1.115792 0.418700 13.185743
 10.620000 -1.131992 0.361062 12.336268
 10.640000 -1.066694 0.381525 12.078209
 10.660000 -1.027313 0.398958 12.029006
 10.680000 -0.912308 0.321514 9.707757
 10.700000 -1.118267 0.386853 12.652461
 10.720000 -1.224972 0.216196 10.938156
 10.740000 -1.313049 0.305662 13.469289
 10.760000 -1.059538 0.063045 7.280473
 10.780000 -1.108241 0.183337 9.245967
 10.800000 -1.040009 -0.044956 6.051194
 10.820000 -1.238682 0.009133 8.285888
 10.840000 -1.142477 -0.279178 4.997274
 10.860000 -1.233797 -0.144970 6.630156
 10.880000 -0.980578 -0.449671 3.363983
 10.900000 -1.243116 -0.229340 5.960859
 10.920000 -0.936387 -0.531330 2.914313
 10.940000 -1.090356 -0.360954 4.269584
 10.960000 -0.957968 -0.478491 3.160194
 10.980000 -0.967057 -0.489970 3.176108
 11.000000 -1.068704 -0.329652 4.307986
 11.020000 -0.997768 -0.451173 3.447828
 11.040000 -0.966301 -0.255130 4.107496
 11.060000 -0.889582 -0.297448 3.454852
 11.080000 -1.056110 -0.052141 6.104162
 11.100000 -1.084459 -0.005448 6.755443
 11.120000 -1.139619 -0.033990 6.917922
 11.140000 -1.090074 0.046386 7.344920
 11.160000 -1.314469 0.121629 10.626802
 11.180000 -1.320046 0.170946 11.427731
 11.200000 -1.383810 0.294423 14.292946
 11.220000 -1.269446 0.274156 12.388326
 11.240000 -1.274466 0.331989 13.406290
 11.260000 -1.248603 0.429097 14.725187
 11.280000 -1.201649 0.314330 12.258876
 11.300000 -1.139589 0.295682 11.299829
 11.320000 -1.102540 0.458959 13.762705
 11.340000 -1.089169 0.174530 8.946094
 11.360000 -0.868629 0.362373 10.014918
 11.380000 -0.957515 0.292215 9.605840
 11.400000 -1.078199 0.278257 10.425851
 11.420000 -1.054336 0.393187 12.170551
 11.440000 -1.104383 0.351996 11.913949
 11.460000 -1.285221 0.435551 15.259351
 11.480000 -1.227351 0.408806 14.146692
 11.500000 -1.110483 0.331337 11.617011
 11.520000 -1.258428 0.339274 13.331342
 11.540000 -0.891094 0.068720 6.133473
 11.560000 -1.233120 0.175285 10.416868
 11.580000 -1.338841 0.057582 10.032233
 11.600000 -1.221195 0.078411 8.953163
 11.620000 -1.229224 -0.002577 8.056208
 11.640000 -1.175240 -0.008074 7.489851
 11.660000 -1.265257 -0.113018 7.199327
 11.680000 -1.265234 -0.272871 5.743484
 11.700000 -1.161261 -0.376547 4.534908
 11.720000 -1.074912 -0.472615 3.746994
 11.740000 -1.142704 -0.586271 3.647089
 11.760000 -1.103786 -0.536523 3.664869
 11.780000 -1.066333 -0.568298 3.435896
 11.800000 -1.084564 -0.583921 3.466495
 11.820000 -0.849544 -0.512298 2.492307
 11.840000 -0.888519 -0.599935 2.526035
 11.860000 -0.755538 -0.524931 1.968788
 11.880000 -0.633694 -0.618838 1.235007
 11.900000 -0.783670 -0.522101 2.119570
 11.920000 -1.016490 -0.300543 4.162137
 11.940000 -0.781776 -0.373121 2.553276
 11.960000 -0.989592 -0.142727 4.943862
 11.980000 -0.921955 -0.109272 4.761531
 12.000000 -1.065359 -0.000331 6.657470
 12.020000 -1.319665 0.067897 9.936361
 12.040000 -1.327041 0.157100 11.312411
 12.060000 -1.305542 0.144465 10.844305
 12.080000 -1.228364 0.247676 11.469341
 12.100000 -1.304662 0.387556 14.713711
 12.120000 -1.414789 0.432942 16.965661
 12.140000 -1.437981 0.429060 17.256239
 12.160000 -1.368275 0.462614 16.753215
 12.180000 -1.271255 0.426536 14.944996
 12.200000 -1.260293 0.442161 15.074345
 12.220000 -0.762031 0.301746 8.260176
 12.240000 -0.743058 0.302860 8.147786
 12.260000 -0.444656 0.214284 5.850023
 12.280000 -0.868896 0.430525 11.158750
 12.300000 -1.108247 0.348110 11.883599
 12.320000 -1.298610 0.500062 16.437520
 12.340000 -1.347196 0.299075 13.833095
 12.360000 -1.401544 0.433505 16.779109
 12.380000 -1.258832 0.228946 11.535203
 12.400000 -1.177824 0.130638 9.188634
 12.420000 -1.189498 -0.046818 7.211762
 12.440000 -1.119156 0.045072 7.577149
 12.460000 -1.118132 -0.197249 5.391621
 12.480000 -1.008065 -0.092475 5.435026
 12.500000 -0.916226 -0.310518 3.543615
 12.520000 -1.056100 -0.300933 4.384849
 12.540000 -1.053202 -0.335629 4.194793
 12.560000 -1.148363 -0.448716 4.141718
 12.580000 -1.202396 -0.461442 4.279679
 12.600000 -1.337885 -0.510653 4.341414
 12.620000 -1.360193 -0.634763 3.707691
 12.640000 -1.524104 -0.604878 3.763236
 12.660000 -1.357648 -0.692361 3.468595
 12.680000 -1.506959 -0.649817 3.485336
 12.700000 -1.436407 -0.521060 4.377021
 12.720000 -1.305174 -0.580775 3.944992
 12.740000 -1.393537 -0.588036 3.933320
 12.760000 -1.331579 -0.528058 4.234026
 12.780000 -1.456617 -0.631029 3.652841
 12.800000 -1.634535 -0.454023 5.298702
 12.820000 -1.472246 -0.431328 5.205241
 12.840000 -1.518340 -0.382405 5.875020
 12.860000 -1.252853 -0.373245 4.952704
 12.880000 -1.275321 -0.215958 6.290545
 12.900000 -1.110025 -0.305819 4.658775
 12.920000 -1.127667 -0.122720 6.026813
 12.940000 -0.860756 -0.163016 4.039493
 12.960000 -1.005887 0.039527 6.613909
 12.980000 -0.803720 -0.027460 4.729965
 13.000000 -1.082542 0.222498 9.588661
 13.020000 -0.848637 0.041289 5.597583
 13.040000 -1.058216 0.296880 10.550173
 13.060000 -1.157282 0.284655 11.295737
 13.080000 -1.309779 0.317465 13.619943
 13.100000 -1.291960 0.385030 14.510651
 13.120000 -1.159545 0.276012 11.177111
 13.140000 -0.836089 0.246312 7.978806
 13.160000 -0.748216 0.277423 7.827976
 13.180000 -0.837069 0.181162 7.106147
 13.200000 -0.851728 0.252570 8.178562
 13.220000 -0.968997 0.145942 7.571857
 13.240000 -1.106818 0.263390 10.452377
 13.260000 -1.147090 0.149911 9.145112
 13.280000 -1.409483 0.326117 15.197770
 13.300000 -1.305805 0.126525 10.587213
 13.320000 -1.186079 0.132364 9.296640
 13.340000 -1.248601 0.016613 8.475934
 13.360000 -1.382658 -0.038728 9.252008
 13.380000 -1.374932 -0.076299 8.673463
 13.400000 -1.434931 -0.028224 10.018420
 13.420000 -1.114885 -0.229947 5.147598
 13.440000 -1.000782 -0.223761 4.490584
 13.460000 -1.075686 -0.259073 4.730215
 13.480000 -1.044447 -0.341890 4.117617
 13.500000 -0.940337 -0.440613 3.178715
 13.520000 -1.003410 -0.484275 3.375808
 13.540000 -0.931131 -0.560291 2.824182
 13.560000 -0.904962 -0.452789 2.949759
 13.580000 -0.824437 -0.445568 2.532261
 13.600000 -0.755895 -0.382956 2.384572
 13.620000 -0.821147 -0.326629 2.949086
 13.640000 -1.089873 -0.122618 5.758481
 13.660000 -1.155470 -0.149539 6.007547
 13.680000 -1.306030 -0.019032 8.651526
 13.700000 -1.289523 0.082648 9.774015
 13.720000 -1.353597 0.116997 11.073070
 13.740000 -1.492202 0.228080 14.922540
 13.760000 -1.534456 0.274879 16.384046
 13.780000 -1.404734 0.237460 13.688488
 13.800000 -1.544267 0.317486 17.238195
 13.820000 -1.394002 0.290697 14.386235
 13.840000 -1.425010 0.320992 15.356868
 13.860000 -1.182543 0.142938 9.404814
 13.880000 -1.113582 0.318193 11.423245
 13.900000 -0.787245 -0.004562 4.842546
 13.920000 -1.061361 0.135931 8.178461
 13.940000 -0.894169 0.006868 5.543012
 13.960000 -0.973363 0.008763 6.076383
 13.980000 -0.969574 -0.101505 5.114606
 14.000000 -0.941313 -0.067659 5.197419
 14.020000 -1.073095 -0.066623 6.101510
 14.040000 -1.263303 -0.105733 7.257031
 14.060000 -1.101061 -0.066479 6.310131
 14.080000 -1.021891 -0.233698 4.558819
 14.100000 -0.870679 -0.296163 3.356030
 14.120000 -0.804434 -0.201449 3.501577
 14.140000 -0.594523 -0.432060 1.506655
 14.160000 -0.701386 -0.219176 2.907733
 14.180000 -0.551991 -0.326650 1.779241
 14.200000 -0.931153 -0.170172 4.401131
 14.220000 -0.997839 -0.166385 4.834418
 14.240000 -1.195138 0.004103 7.804755
 14.260000 -1.209458 -0.074078 7.109937
 14.280000 -1.280614 0.067514 9.467004
 14.300000 -1.411626 0.040261 10.726706
 14.320000 -1.550556 0.138046 14.326211
 14.340000 -1.379263 0.011191 9.893352
 14.360000 -1.396703 0.156443 12.280429
 14.380000 -1.175575 -0.095749 6.623014
 14.400000 -1.371697 0.071049 10.644916
 14.420000 -1.374495 -0.005802 9.601379
 14.440000 -1.200482 0.019795 8.032750
 14.460000 -0.890422 -0.190505 4.035891
 14.480000 -1.117993 -0.064061 6.460699
 14.500000 -0.904312 -0.289088 3.577045
 14.520000 -1.012232 -0.212946 4.625389
 14.540000 -0.976236 -0.350887 3.703027
 14.560000 -0.655415 -0.446068 1.703804
 14.580000 -0.715670 -0.382154 2.192378
 14.600000 -0.847644 -0.225990 3.590265
 14.620000 -0.657104 -0.343150 2.090381
 14.640000 -0.722737 -0.208136 3.066649
 14.660000 -0.833546 -0.362440 2.868212
 14.680000 -1.071240 -0.071864 6.042897
 14.700000 -1.125497 -0.242758 5.128889
 14.720000 -1.142126 -0.064732 6.643405
 14.740000 -1.020282 -0.197630 4.770614
 14.760000 -1.351404 0.059966 10.223749
 14.780000 -1.266670 -0.063699 7.734617
 14.800000 -1.425050 -0.005784 10.223830
 14.820000 -1.154129 -0.014660 7.235117
 14.840000 -1.213019 0.020918 8.167623
 14.860000 -1.072787 -0.031342 6.415753
 14.880000 -1.332523 0.097955 10.518823
 14.900000 -0.976205 -0.079378 5.328191
 14.920000 -1.091754 0.065030 7.569207
 14.940000 -1.125601 0.009224 7.241426
 14.960000 -1.119712 0.061977 7.775134
 14.980000 -1.078289 -0.117602 5.717133
 15.000000 -1.191652 0.047844 8.275519
 15.020000 -0.918290 -0.096871 4.830302
 15.040000 -0.916035 -0.056375 5.130718
 15.060000 -0.902101 -0.129946 4.496559
 15.080000 -0.964142 -0.056465 5.434668
 15.100000 -0.965853 -0.171458 4.602885
 15.120000 -0.977034 -0.135212 4.917205
 15.140000 -0.842529 -0.214696 3.626311
 15.160000 -0.842075 -0.340597 3.002275
 15.180000 -0.923661 -0.201904 4.160204
 15.200000 -0.945164 -0.335149 3.597109
 15.220000 -0.900023 -0.289899 3.549036
 15.240000 -1.283822 -0.193527 6.556668
 15.260000 -1.135609 -0.221641 5.332749
 15.280000 -1.298753 -0.183763 6.762659
 15.300000 -1.170138 -0.096105 6.576822
 15.320000 -1.009269 -0.222206 4.551172
 15.340000 -1.272842 -0.042587 8.030771
 15.360000 -1.425201 0.143522 12.499865
 15.380000 -1.305912 -0.180278 6.852559
 15.400000 -1.433896 0.192232 13.411096
 15.420000 -1.209261 -0.156401 6.341290
 15.440000 -1.214113 0.070512 8.778980
 15.460000 -1.015379 -0.118398 5.285152
 15.480000 -1.068103 -0.000567 6.676321
 15.500000 -0.826493 -0.208395 3.576589
 15.520000 -1.109193 -0.043216 6.584700
 15.540000 -0.878095 -0.056278 4.904038
 15.560000 -0.970453 -0.053124 5.503690
 15.580000 -0.887385 0.002915 5.465475
 15.600000 -1.059073 0.158938 8.465955
 15.620000 -1.154874 0.067239 8.155896
 15.640000 -1.382122 0.337778 14.972114
 15.660000 -1.222507 0.236169 11.220559
 15.680000 -1.355504 0.325155 14.378246
 15.700000 -1.239587 0.322664 12.827936
 15.720000 -1.035754 0.365917 11.525491
 15.740000 -1.025659 0.241244 9.374040
 15.760000 -1.045468 0.355563 11.432866
 15.780000 -1.131225 0.210258 9.860757
 15.800000 -1.239302 0.323274 12.834820
 15.820000 -1.105826 0.187467 9.283169
 15.840000 -1.196805 0.214517 10.598934
 15.860000 -1.211659 0.125196 9.469101
 15.880000 -1.444599 0.267035 14.791749
 15.900000 -1.149847 -0.066934 6.684435
 15.920000 -1.226963 -0.001665 8.044465
 15.940000 -1.018125 -0.180633 4.867195
 15.960000 -1.243086 -0.118399 6.957851
 15.980000 -0.897005 -0.317217 3.406066
 16.000000 -0.830533 -0.251247 3.360730
 16.020000 -0.805028 -0.393213 2.600559
 16.040000 -0.843123 -0.272679 3.318660
 16.060000 -1.134032 -0.331371 4.644914
 16.080000 -1.132886 -0.333275 4.628553
 16.100000 -1.112540 -0.399702 4.199571
 16.120000 -1.157255 -0.440574 4.211087
 16.140000 -1.269015 -0.369399 5.045213
 16.160000 -1.172861 -0.427929 4.328875
 16.180000 -1.223520 -0.412920 4.598768
 16.200000 -1.234896 -0.345041 5.058251
 16.220000 -1.174637 -0.400626 4.469357
 16.240000 -1.410976 -0.366738 5.637013
 16.260000 -1.197874 -0.376722 4.697741
 16.280000 -1.267933 -0.440196 4.594503
 16.300000 -1.146385 -0.329025 4.721813
 16.320000 -1.183397 -0.337416 4.859545
 16.340000 -1.215047 -0.328563 5.070957
 16.360000 -1.194991 -0.095354 6.782699
 16.380000 -1.022010 -0.196284 4.789913
 16.400000 -0.963549 0.016081 6.079562
 16.420000 -0.872627 -0.135726 4.286526
 16.440000 -0.840709 -0.017668 5.011608
 16.460000 -1.024537 -0.026336 6.107370
 16.480000 -1.134384 0.249591 10.499295
 16.500000 -1.060238 0.124273 8.018750
 16.520000 -1.207608 0.289285 11.908117
 16.540000 -1.175770 0.325398 12.167645
 16.560000 -1.292939 0.321549 13.466899
 16.580000 -1.032880 0.241540 9.440550
 16.600000 -1.115050 0.316368 11.406501
 16.620000 -0.924511 0.206192 8.048443
 16.640000 -1.154764 0.348816 12.350979
 16.660000 -0.783197 0.311970 8.557570
 16.680000 -1.031646 0.388366 11.881506
 16.700000 -1.083312 0.385517 12.300881
 16.720000 -1.329186 0.490964 16.670423
 16.740000 -1.201089 0.337607 12.645386
 16.760000 -1.171218 0.343439 12.427175
 16.780000 -1.400633 0.320172 14.965744
 16.800000 -1.451239 0.177764 13.446500
 16.820000 -1.508766 0.222666 15.100884
 16.840000 -1.259631 0.048687 8.987840
 16.860000 -1.342131 -0.000975 9.284031
 16.880000 -1.254192 -0.025729 8.038227
 16.900000 -1.336074 -0.124761 7.702833
 16.920000 -1.067486 -0.306981 4.417147
 16.940000 -0.968531 -0.327571 3.761779
 16.960000 -0.949874 -0.391535 3.398338
 16.980000 -0.723240 -0.474529 1.929764
 17.000000 -0.744179 -0.450458 2.101060
 17.020000 -0.549942 -0.559234 1.019758
 17.040000 -0.673129 -0.480048 1.683743
 17.060000 -0.741422 -0.348263 2.449926
 17.080000 -1.035995 -0.262778 4.475175
 17.100000 -0.729203 -0.374865 2.284522
 17.120000 -1.038418 -0.073322 5.796799
 17.140000 -1.078860 -0.106096 5.812957
 17.160000 -1.223713 0.133825 9.719110
 17.180000 -1.336491 0.195031 12.019769
 17.200000 -1.302450 0.222180 11.983710
 17.220000 -1.263178 0.147560 10.365383
 17.240000 -1.484924 0.447037 18.251594
 17.260000 -1.432618 0.245810 14.256889
 17.280000 -1.354513 0.336204 14.544959
 17.300000 -1.361381 0.336382 14.646161
 17.320000 -1.137337 0.249869 10.532893
 17.340000 -1.150855 0.265615 10.919934
 17.360000 -1.068246 0.212898 9.315951
 17.380000 -0.874699 0.177501 7.307470
 17.400000 -0.847770 0.030091 5.484636
 17.420000 -0.959765 0.108659 7.044751
 17.440000 -0.922856 -0.057742 5.161750
 17.460000 -1.102632 0.121988 8.356515
 17.480000 -1.121178 0.046039 7.605587
 17.500000 -1.075326 0.051803 7.283306
 17.520000 -1.154100 -0.076740 6.627350
 17.540000 -1.168403 -0.026454 7.236706
 17.560000 -0.982717 -0.148623 4.859797
 17.580000 -0.991333 -0.093426 5.317082
 17.600000 -0.745370 -0.160581 3.465368
 17.620000 -0.747441 -0.204615 3.201205
 17.640000 -0.780379 -0.141274 3.759630
 17.660000 -0.975143 -0.017051 5.848481
 17.680000 -0.978830 -0.181916 4.615053
 17.700000 -1.249977 -0.072933 7.479839
 17.720000 -1.380724 -0.095154 8.493254
 17.740000 -1.326368 -0.212324 6.684739
 17.760000 -1.465532 -0.070928 9.750148
 17.780000 -1.295539 -0.092931 7.684464
 17.800000 -1.316310 -0.281477 5.965519
 17.820000 -1.342633 -0.123015 7.783321
 17.840000 -1.279219 -0.204925 6.417668
 17.860000 -1.158472 -0.235197 5.381696
 17.880000 -1.117632 -0.303863 4.711467
 17.900000 -1.168842 -0.255121 5.307687
 17.920000 -1.022324 -0.528808 3.345999
 17.940000 -1.206601 -0.348604 4.903207
 17.960000 -0.878233 -0.618134 2.441302
 17.980000 -1.150249 -0.424163 4.255265
 18.000000 -0.909150 -0.504399 2.833401
 18.020000 -1.040094 -0.400287 3.844239
 18.040000 -0.860953 -0.441890 2.741378
 18.060000 -0.845952 -0.421128 2.724992
 18.080000 -1.035986 -0.298401 4.283847
 18.100000 -1.135289 -0.189785 5.557411
 18.120000 -1.263301 -0.223317 6.144392
 18.140000 -1.274043 -0.038020 8.094940
 18.160000 -1.345021 -0.129363 7.732022
 18.180000 -1.412376 0.040092 10.734190
 18.200000 -1.382382 -0.002921 9.736068
 18.220000 -1.294955 -0.049349 8.173826
 18.240000 -1.277931 0.041505 9.098710
 18.260000 -1.150443 -0.078660 6.580783
 18.280000 -1.124045 0.028990 7.440865
 18.300000 -0.975634 -0.158833 4.746421
 18.320000 -0.766675 -0.149603 3.637811
 18.340000 -0.942404 -0.193451 4.322204
 18.360000 -1.012451 -0.177971 4.849154
 18.380000 -1.210966 -0.171402 6.224585
 18.400000 -1.212470 -0.312467 5.164339
 18.420000 -1.199097 -0.214599 5.791163
 18.440000 -1.210440 -0.378292 4.743145
 18.460000 -1.338380 -0.179646 7.115289
 18.480000 -1.201369 -0.332153 4.980421
 18.500000 -1.196048 -0.230368 5.651515
 18.520000 -1.264898 -0.234644 6.057515
 18.540000 -1.131029 -0.205930 5.413252
 18.560000 -1.104256 -0.324171 4.527499
 18.580000 -1.055949 -0.316618 4.303347
 18.600000 -1.081520 -0.269368 4.704451
 18.620000 -1.173158 -0.238850 5.446834
 18.640000 -1.194461 -0.072988 6.993124
 18.660000 -1.140054 -0.106507 6.254384
 18.680000 -1.065585 -0.044253 6.243679
 18.700000 -1.081695 0.102660 7.930168
 18.720000 -1.103819 0.202816 9.489236
 18.740000 -0.967208 0.183086 8.050549
 18.760000 -1.191446 0.512413 15.489326
 18.780000 -1.253868 0.397123 14.251028
 18.800000 -1.356950 0.544581 17.789829
 18.820000 -1.098549 0.501440 14.451839
 18.840000 -1.199933 0.424296 14.114887
 18.860000 -0.981830 0.444065 12.417000
 18.880000 -1.009457 0.290556 10.016202
 18.900000 -1.190629 0.392333 13.469973
 18.920000 -1.213725 0.244429 11.251357
 18.940000 -1.228402 0.413160 14.231952
 18.960000 -1.187580 0.293937 11.766107
 18.980000 -1.087479 0.226135 9.688922
 19.000000 -1.120878 0.264210 10.600437
 19.020000 -1.246062 0.143404 10.105647
 19.040000 -1.072180 0.016813 6.883975
 19.060000 -1.161542 -0.028760 7.154117
 19.080000 -1.096652 -0.107575 5.927519
 19.100000 -1.213555 -0.161720 6.326722
 19.120000 -1.092954 -0.191674 5.268213
 19.140000 -1.044910 -0.312062 4.264824
 19.160000 -1.001343 -0.325728 3.954681
 19.180000 -1.030392 -0.314792 4.169914
 19.200000 -0.982357 -0.457096 3.350037
 19.220000 -1.007467 -0.284471 4.192274
 19.240000 -0.902609 -0.527950 2.743274
 19.260000 -0.962651 -0.336047 3.691154
 19.280000 -0.913812 -0.452760 2.998040
 19.300000 -1.201191 -0.228136 5.701010
 19.320000 -1.002342 -0.427238 3.550994
 19.340000 -1.249796 -0.132268 6.877991
 19.360000 -0.894978 -0.416581 3.008793
 19.380000 -1.039911 -0.053792 5.973252
 19.400000 -0.747597 -0.235621 3.024247
 19.420000 -1.144215 0.027234 7.597484
 19.440000 -0.962237 -0.037551 5.581634
 19.460000 -1.289466 0.144991 10.648926
 19.480000 -1.161823 0.041599 7.919176
 19.500000 -1.305995 0.286307 13.057657
 19.520000 -1.203561 0.021160 8.078153
 19.540000 -1.420743 0.176144 12.951147
 19.560000 -1.296308 -0.055975 8.110400
 19.580000 -1.442848 0.089030 11.902106
 19.600000 -1.173784 -0.071457 6.835850
 19.620000 -1.166573 0.128670 9.048874
 19.640000 -0.946238 -0.080588 5.126566
 19.660000 -0.875999 0.005673 5.422026
 19.680000 -0.821296 -0.218147 3.492961
 19.700000 -1.026581 -0.056623 5.854914
 19.720000 -0.939960 -0.269207 3.879750
 19.740000 -1.204842 -0.142151 6.433137
 19.760000 -1.127975 -0.250617 5.093096
 19.780000 -1.217193 -0.140870 6.538905
 19.800000 -1.217982 -0.196428 6.064034
 19.820000 -1.282135 -0.023343 8.348052
 19.840000 -1.085480 -0.243045 4.884900
 19.860000 -1.316012 -0.044886 8.442903
 19.880000 -1.022291 -0.271618 4.346265
 19.900000 -1.100875 -0.120023 5.856708
 19.920000 -0.907456 -0.282402 3.627308
 19.940000 -0.984089 -0.075486 5.410774
 19.960000 -0.842644 -0.327818 3.059781
 19.980000 -1.190102 0.014416 7.872879
 20.000000 -1.130922 -0.199927 5.455290
