#! FIELDS time phi psi metad.bias
#! SET min_phi -pi
#! SET max_phi pi
#! SET min_psi -pi
#! SET max_psi pi
 0.000000 3.141580 -3.141577 10.065594
 0.020000 -2.691152 3.047062 12.351882
 0.040000 -2.693148 3.041633 12.400610
 0.060000 -2.725737 3.015702 12.564034
 0.080000 -2.728445 3.007987 12.624210
 0.100000 -2.768821 3.023907 12.392401
 0.120000 -2.743887 3.016580 12.513993
 0.140000 -2.731511 2.966164 12.945473
 0.160000 -2.798994 2.933451 12.991633
 0.180000 -2.764458 2.941922 13.029067
 0.200000 -2.795171 2.943827 12.936569
 0.220000 -2.741093 2.902184 13.322822
 0.240000 -2.733685 2.847275 13.601123
 0.260000 -2.735554 2.899802 13.348933
 0.280000 -2.650373 2.900611 13.537068
 0.300000 -2.650604 2.849078 13.755506
 0.320000 -2.604842 2.829388 13.889554
 0.340000 -2.530905 2.811984 14.013842
 0.360000 -2.554330 2.826040 13.963747
 0.380000 -2.582187 2.767609 14.033965
 0.400000 -2.500494 2.688520 14.063342
 0.420000 -2.647294 2.683502 14.106432
 0.440000 -2.558387 2.665958 14.091314
 0.460000 -2.597386 2.563179 14.134478
 0.480000 -2.685209 2.545319 14.247367
 0.500000 -2.618605 2.518130 14.168405
 0.520000 -2.639437 2.515126 14.199597
 0.540000 -2.670847 2.481781 14.257407
 0.560000 -2.663213 2.521372 14.232558
 0.580000 -2.612931 2.544707 14.156747
 0.600000 -2.604471 2.667599 14.112006
 0.620000 -2.484955 2.763978 14.073869
 0.640000 -2.537336 2.776050 14.052304
 0.660000 -2.462073 2.888475 13.935931
 0.680000 -2.551868 2.935591 13.570827
 0.700000 -2.567151 2.958102 13.401374
 0.720000 -2.593159 2.876796 13.755122
 0.740000 -2.694611 2.946469 13.169698
 0.760000 -2.723742 2.952393 13.060371
 0.780000 -2.812404 2.891198 13.195357
 0.800000 -2.907668 2.830856 13.159272
 0.820000 -2.900206 2.820483 13.234915
 0.840000 -2.897452 2.911951 12.801296
 0.860000 -2.897433 3.025364 12.054153
 0.880000 -2.824201 3.057195 11.966100
 0.900000 -2.758746 3.122588 11.390724
 0.920000 -2.693278 -3.111792 10.864503
 0.940000 -2.669343 -3.001854 9.266944
 0.960000 -2.589843 -2.986871 9.140120
 0.980000 -2.620353 -2.980367 8.982728
 1.000000 -2.521187 -2.880354 7.565320
 1.020000 -2.519393 -2.890624 7.732303
 1.040000 -2.654441 -2.824843 6.609224
 1.060000 -2.635076 -2.801286 6.297144
 1.080000 -2.692482 -2.761628 5.843915
 1.100000 -2.701250 -2.722022 5.430422
 1.120000 -2.686718 -2.768039 5.912606
 1.140000 -2.715532 -2.808006 6.426159
 1.160000 -2.742973 -2.785052 6.173305
 1.180000 -2.694659 -2.840512 6.840279
 1.200000 -2.745322 -2.995100 9.136363
 1.220000 -2.755158 -2.992576 9.099765
 1.240000 -2.754001 -2.967009 8.719286
 1.260000 -2.747852 -2.969839 8.759301
 1.280000 -2.794198 -3.065464 10.136864
 1.300000 -2.806856 -3.083717 10.374157
 1.320000 -2.744592 -3.017539 9.469447
 1.340000 -2.738391 -3.077558 10.337179
 1.360000 -2.679035 3.037217 12.476658
 1.380000 -2.584176 3.003514 13.024211
 1.400000 -2.666436 2.868582 13.650398
 1.420000 -2.581559 2.861104 13.830914
 1.440000 -2.545015 2.807564 14.007580
 1.460000 -2.527347 2.777306 14.056347
 1.480000 -2.435951 2.722103 14.041527
 1.500000 -2.428109 2.743898 14.052352
 1.520000 -2.460759 2.779762 14.073056
 1.540000 -2.436353 2.746230 14.057895
 1.560000 -2.315184 2.647898 13.834231
 1.580000 -2.485777 2.535983 13.998177
 1.600000 -2.332794 2.542456 13.862318
 1.620000 -2.416818 2.512602 13.941603
 1.640000 -2.367795 2.515995 13.909730
 1.660000 -2.370644 2.327862 14.289168
 1.680000 -2.424199 2.481309 13.965854
 1.700000 -2.598450 2.408668 14.116813
 1.720000 -2.539680 2.517122 14.061260
 1.740000 -2.746980 2.479800 14.386590
 1.760000 -2.733063 2.599146 14.224325
 1.780000 -2.691530 2.570659 14.232643
 1.800000 -2.804658 2.599080 14.221305
 1.820000 -2.683872 2.657276 14.135625
 1.840000 -2.578512 2.750299 14.055791
 1.860000 -2.532749 2.846475 13.945829
 1.880000 -2.472431 2.953060 13.659158
 1.900000 -2.280171 -3.140811 12.612331
 1.920000 -2.443909 -3.013182 10.034098
 1.940000 -2.411953 -2.944312 8.996466
 1.960000 -2.415616 -2.928490 8.710799
 1.980000 -2.476074 -2.911886 8.204609
 2.000000 -2.395720 -2.893654 8.203240
 2.020000 -2.400329 -2.875442 7.882594
 2.040000 -2.536246 -3.014037 9.718262
 2.060000 -2.585448 -3.014627 9.598929
 2.080000 -2.648487 -2.927918 8.124012
 2.100000 -2.917551 -3.010736 9.383747
 2.120000 -2.929305 -2.888102 7.759438
 2.140000 -3.106512 -2.881246 7.512430
 2.160000 -3.036509 -2.800537 6.650683
 2.180000 -2.827000 -2.757322 5.979935
 2.200000 -2.766296 -2.818243 6.620624
 2.220000 -2.567858 -2.855660 7.097527
 2.240000 -2.525129 -2.812503 6.549254
 2.260000 -2.391984 -2.822058 7.074462
 2.280000 -2.307412 -3.002540 10.466758
 2.300000 -2.294705 -2.844266 7.830790
 2.320000 -2.413645 -3.011655 10.136408
 2.340000 -2.424211 -2.976728 9.499633
 2.360000 -2.623690 -3.079910 10.533316
 2.380000 -2.638394 -3.134892 11.283300
 2.400000 -2.671318 2.996113 12.861002
 2.420000 -2.717572 2.929341 13.223198
 2.440000 -2.632659 2.931399 13.409256
 2.460000 -2.605250 2.763795 14.023685
 2.480000 -2.589501 2.725170 14.074757
 2.500000 -2.702124 2.661805 14.127238
 2.520000 -2.620738 2.801645 13.937667
 2.540000 -2.699426 2.843532 13.686151
 2.560000 -2.682200 2.808743 13.835135
 2.580000 -2.600710 2.819047 13.921487
 2.600000 -2.779652 2.815699 13.623210
 2.620000 -2.714361 2.926563 13.247656
 2.640000 -2.768976 2.734358 13.911209
 2.660000 -2.783802 2.632324 14.153280
 2.680000 -2.634098 2.532323 14.187594
 2.700000 -2.611154 2.622727 14.133990
 2.720000 -2.819360 2.545096 14.346426
 2.740000 -2.683390 2.459242 14.283896
 2.760000 -2.749048 2.459346 14.406422
 2.780000 -2.703331 2.595385 14.216137
 2.800000 -2.548735 2.536225 14.074057
 2.820000 -2.501549 2.585657 14.023701
 2.840000 -2.402773 2.785477 14.067584
 2.860000 -2.197342 2.758565 13.787792
 2.880000 -2.028738 2.797892 13.592736
 2.900000 -2.154021 2.671784 13.583642
 2.920000 -1.834784 2.877277 13.924619
 2.940000 -1.924892 3.043696 13.886948
 2.960000 -1.889652 2.919807 13.917941
 2.980000 -1.805203 2.900903 14.081781
 3.000000 -1.870008 2.914381 13.939269
 3.020000 -1.865957 3.014574 14.043959
 3.040000 -1.762606 2.835051 14.081584
 3.060000 -1.885424 2.744706 13.516305
 3.080000 -1.877390 2.589420 13.924479
 3.100000 -1.862702 2.659355 13.649170
 3.120000 -2.030156 2.404796 15.094156
 3.140000 -2.013415 2.386883 15.379809
 3.160000 -2.113174 2.315341 15.609311
 3.180000 -2.282021 2.359212 14.464562
 3.200000 -2.203695 2.410584 14.420750
 3.220000 -2.308888 2.252793 14.806591
 3.240000 -2.295249 2.344605 14.485620
 3.260000 -2.243944 2.446987 14.139080
 3.280000 -2.127772 2.464247 14.241423
 3.300000 -2.224997 2.402326 14.411207
 3.320000 -2.100717 2.556714 13.743222
 3.340000 -2.121009 2.640500 13.542652
 3.360000 -2.156464 2.768959 13.732565
 3.380000 -2.097221 2.830550 13.773133
 3.400000 -2.227170 2.744883 13.815184
 3.420000 -2.242041 2.966373 13.961652
 3.440000 -2.430654 3.031639 13.239706
 3.460000 -2.558625 3.027463 12.888167
 3.480000 -2.743242 2.880925 13.426959
 3.500000 -2.743591 2.969086 12.894847
 3.520000 -2.880264 3.002861 12.278342
 3.540000 -2.874368 2.834340 13.270824
 3.560000 -2.941439 2.928797 12.527607
 3.580000 -2.989291 2.990785 11.944067
 3.600000 -2.853777 3.136899 11.090507
 3.620000 -2.971876 2.983677 12.068935
 3.640000 -2.854011 3.057380 11.898207
 3.660000 -2.845543 -3.057063 10.006445
 3.680000 -2.726553 -2.947212 8.413417
 3.700000 -2.747024 3.129599 11.324536
 3.720000 -2.506990 -3.031682 10.100978
 3.740000 -2.508336 -2.875031 7.514023
 3.760000 -2.339573 -2.943798 9.310475
 3.780000 -2.197359 -3.031734 11.410628
 3.800000 -2.265334 -3.053138 11.467684
 3.820000 -2.279209 -2.870269 8.329198
 3.840000 -2.497850 -3.037797 10.232714
 3.860000 -2.579258 -3.066179 10.430440
 3.880000 -2.642352 3.123053 11.604285
 3.900000 -2.693212 -3.024622 9.598361
 3.920000 -2.914689 3.052101 11.786092
 3.940000 -2.863533 2.933719 12.796518
 3.960000 -2.747482 3.064995 12.047203
 3.980000 -2.732561 3.007029 12.622638
 4.000000 -2.422608 3.028806 13.287344
 4.020000 -2.556934 2.839122 13.930801
 4.040000 -2.619769 2.983308 13.090955
 4.060000 -2.665252 2.966505 13.102909
 4.080000 -2.838093 2.835221 13.386463
 4.100000 -2.786739 2.720736 13.920834
 4.120000 -2.736863 2.813071 13.725356
 4.140000 -2.741426 2.757720 13.889647
 4.160000 -2.678192 2.652774 14.141030
 4.180000 -2.589265 2.543454 14.126319
 4.200000 -2.642156 2.437611 14.203649
 4.220000 -2.515482 2.638611 14.055410
 4.240000 -2.601362 2.610104 14.129681
 4.260000 -2.553105 2.522955 14.078806
 4.280000 -2.582077 2.700123 14.091102
 4.300000 -2.614386 2.761504 14.020722
 4.320000 -2.628142 2.922367 13.471010
 4.340000 -2.621420 2.924668 13.473281
 4.360000 -2.588041 3.065472 12.425020
 4.380000 -2.401459 -3.084070 11.350771
 4.400000 -2.293344 -3.087117 11.855708
 4.420000 -2.537851 3.083165 12.382248
 4.440000 -2.516714 -3.020840 9.890811
 4.460000 -2.786863 -3.079524 10.330273
 4.480000 -2.854614 -3.112332 10.695601
 4.500000 -2.938952 3.132844 10.980305
 4.520000 -3.092682 3.111841 10.583876
 4.540000 -3.052692 -2.998604 9.062288
 4.560000 -2.967121 -3.016362 9.423479
 4.580000 -2.975814 -3.119236 10.577641
 4.600000 -2.743295 -3.093884 10.557994
 4.620000 -2.683219 -3.055084 10.066071
 4.640000 -2.660463 -3.139237 11.293804
 4.660000 -2.490581 3.106489 12.267331
 4.680000 -2.551107 3.066472 12.524300
 4.700000 -2.428209 3.064829 12.946003
 4.720000 -2.401030 2.941140 13.860513
 4.740000 -2.385395 2.904715 13.993807
 4.760000 -2.427416 2.890161 13.977921
 4.780000 -2.523912 2.872188 13.890535
 4.800000 -2.529599 2.765336 14.064168
 4.820000 -2.631334 2.627338 14.145807
 4.840000 -2.583103 2.583675 14.115900
 4.860000 -2.626776 2.514232 14.180761
 4.880000 -2.681486 2.498428 14.269930
 4.900000 -2.681915 2.460719 14.280913
 4.920000 -2.684663 2.529549 14.257759
 4.940000 -2.547378 2.548540 14.073193
 4.960000 -2.514157 2.654671 14.059795
 4.980000 -2.486871 2.609992 14.016239
 5.000000 -2.506230 2.632779 14.045041
 5.020000 -2.451280 2.716102 14.047745
 5.040000 -2.595628 2.644705 14.116392
 5.060000 -2.505920 2.794454 14.053120
 5.080000 -2.668489 2.684099 14.102804
 5.100000 -2.619968 2.817086 13.900985
 5.120000 -2.700124 2.806977 13.811941
 5.140000 -2.749274 2.871337 13.458874
 5.160000 -2.731564 3.043054 12.299214
 5.180000 -2.782883 -3.042212 9.818592
 5.200000 -2.697183 -3.036062 9.767976
 5.220000 -2.675491 -3.091558 10.609182
 5.240000 -2.617922 -2.927346 8.139469
 5.260000 -2.678900 -2.800120 6.295936
 5.280000 -2.609307 -2.833427 6.735409
 5.300000 -2.583210 -2.899207 7.740719
 5.320000 -2.459728 -2.784078 6.315036
 5.340000 -2.456649 -2.648363 4.918333
 5.360000 -2.573347 -2.761938 5.837514
 5.380000 -2.588814 -2.828308 6.679061
 5.400000 -2.640752 -2.632392 4.670021
 5.420000 -2.680061 -2.672522 4.969538
 5.440000 -2.804967 -2.855355 7.169102
 5.460000 -2.834478 -2.930017 8.245240
 5.480000 -2.951393 -2.935030 8.388401
 5.500000 -2.889225 -3.038855 9.755352
 5.520000 -2.938184 3.010139 12.031364
 5.540000 -2.928632 3.017093 12.015512
 5.560000 -2.815253 -3.123677 10.873302
 5.580000 -2.707465 3.131155 11.369573
 5.600000 -2.604251 3.035789 12.681046
 5.620000 -2.576022 2.963526 13.343986
 5.640000 -2.508803 2.956394 13.555466
 5.660000 -2.595205 2.897977 13.663442
 5.680000 -2.453525 2.741483 14.063285
 5.700000 -2.595110 2.530575 14.134654
 5.720000 -2.519215 2.548315 14.038302
 5.740000 -2.627259 2.458688 14.181347
 5.760000 -2.756529 2.419601 14.442746
 5.780000 -2.805171 2.305365 14.526850
 5.800000 -2.828599 2.300969 14.592238
 5.820000 -2.669708 2.378175 14.229426
 5.840000 -2.630831 2.430291 14.180315
 5.860000 -2.407496 2.425189 14.027251
 5.880000 -2.438020 2.462604 13.984523
 5.900000 -2.170040 2.596174 13.651491
 5.920000 -2.236842 2.625156 13.708438
 5.940000 -2.162167 2.708605 13.632140
 5.960000 -2.116246 2.763740 13.646308
 5.980000 -2.166943 2.913896 14.001742
 6.000000 -1.968254 2.953865 13.912138
 6.020000 -2.031194 2.962065 13.923501
 6.040000 -1.941041 3.129029 13.447563
 6.060000 -2.039321 3.128634 13.300266
 6.080000 -1.777757 -3.096164 13.439659
 6.100000 -1.882127 3.079701 13.847185
 6.120000 -1.749894 -3.140993 13.954184
 6.140000 -1.960528 3.125071 13.441968
 6.160000 -2.026759 -3.117379 12.984326
 6.180000 -1.934396 3.057987 13.831692
 6.200000 -2.022368 3.026830 13.850782
 6.220000 -2.156246 3.035664 13.766550
 6.240000 -2.257113 2.829011 14.007572
 6.260000 -2.471505 2.767903 14.073683
 6.280000 -2.624000 2.570554 14.163307
 6.300000 -2.584398 2.546184 14.119953
 6.320000 -2.881380 2.358116 14.724744
 6.340000 -2.810655 2.420000 14.552175
 6.360000 -2.737787 2.315232 14.333866
 6.380000 -2.923968 2.290300 14.802499
 6.400000 -2.816944 2.328609 14.583175
 6.420000 -2.858434 2.259638 14.623587
 6.440000 -2.818401 2.582318 14.256516
 6.460000 -2.676667 2.549540 14.234287
 6.480000 -2.559869 2.775222 14.039596
 6.500000 -2.651210 2.608104 14.170618
 6.520000 -2.408797 2.870823 14.033862
 6.540000 -2.555553 2.792066 14.021237
 6.560000 -2.307384 3.072332 13.255976
 6.580000 -2.255341 2.910150 14.045713
 6.600000 -2.141999 2.851366 13.891809
 6.620000 -2.160992 2.895382 13.983620
 6.640000 -2.197236 2.894928 14.017035
 6.660000 -2.144172 2.944597 13.986477
 6.680000 -2.008353 2.822337 13.636481
 6.700000 -1.887206 2.891929 13.853963
 6.720000 -2.033127 2.745479 13.484637
 6.740000 -2.121254 2.881212 13.917849
 6.760000 -2.174886 2.766006 13.761297
 6.780000 -2.161879 2.685263 13.605436
 6.800000 -1.957362 2.656342 13.471887
 6.820000 -2.152481 2.626544 13.591936
 6.840000 -2.137231 2.537219 13.817416
 6.860000 -2.422322 2.384519 14.073514
 6.880000 -2.300081 2.448763 14.060080
 6.900000 -2.454105 2.228857 14.112007
 6.920000 -2.322589 2.403644 14.178951
 6.940000 -2.627396 2.270080 13.985028
 6.960000 -2.620930 2.467812 14.171884
 6.980000 -2.682886 2.478606 14.279016
 7.000000 -2.649050 2.531031 14.208748
 7.020000 -2.557629 2.506911 14.083566
 7.040000 -2.596384 2.604099 14.126584
 7.060000 -2.572902 2.866978 13.826051
 7.080000 -2.617568 2.825533 13.881965
 7.100000 -2.524206 2.949741 13.556777
 7.120000 -2.677961 2.851197 13.697529
 7.140000 -2.516060 3.137544 11.782760
 7.160000 -2.715884 -3.077878 10.362624
 7.180000 -2.603360 -2.891632 7.597591
 7.200000 -2.690434 -2.878156 7.371460
 7.220000 -2.635374 -2.827811 6.648966
 7.240000 -2.710496 -2.734346 5.564895
 7.260000 -2.788398 -2.827279 6.770575
 7.280000 -2.798818 -2.764204 6.012318
 7.300000 -2.923151 -2.926445 8.267381
 7.320000 -2.944596 -2.838340 7.121298
 7.340000 -3.065812 -2.833716 7.020789
 7.360000 -2.980648 -2.792396 6.566813
 7.380000 -2.896042 -2.816728 6.797729
 7.400000 -2.777386 -2.752601 5.848471
 7.420000 -2.668191 -2.804032 6.340020
 7.440000 -2.654583 -2.818123 6.519291
 7.460000 -2.588072 -2.797072 6.259504
 7.480000 -2.636519 -2.983197 9.006628
 7.500000 -2.694006 -2.996467 9.167439
 7.520000 -2.745317 3.084322 11.848115
 7.540000 -2.634238 3.093866 11.980370
 7.560000 -2.704153 2.977080 12.931112
 7.580000 -2.666262 2.859761 13.686537
 7.600000 -2.790864 2.750302 13.824611
 7.620000 -2.746194 2.770801 13.844439
 7.640000 -2.663674 2.804255 13.875292
 7.660000 -2.649843 2.510761 14.216391
 7.680000 -2.517468 2.568975 14.038720
 7.700000 -2.621819 2.517793 14.173055
 7.720000 -2.665025 2.603872 14.183320
 7.740000 -2.697317 2.444205 14.312655
 7.760000 -2.643313 2.533009 14.200133
 7.780000 -2.658770 2.460419 14.237834
 7.800000 -2.489649 2.655462 14.040552
 7.820000 -2.654450 2.504170 14.225236
 7.840000 -2.549841 2.562734 14.077224
 7.860000 -2.459790 2.565883 13.972476
 7.880000 -2.446746 2.607580 13.971620
 7.900000 -2.413392 2.608334 13.934168
 7.920000 -2.433548 2.446177 13.997193
 7.940000 -2.531866 2.572958 14.056480
 7.960000 -2.541777 2.561980 14.067307
 7.980000 -2.432321 2.581897 13.946263
 8.000000 -2.555339 2.476835 14.077693
 8.020000 -2.260566 2.801451 13.970768
 8.040000 -2.309726 2.792947 14.013713
 8.060000 -2.194972 2.724890 13.719709
 8.080000 -2.263836 2.637311 13.750153
 8.100000 -2.376387 2.748903 14.021631
 8.120000 -2.368964 2.826726 14.074644
 8.140000 -2.522693 2.706813 14.077985
 8.160000 -2.672462 2.671891 14.117746
 8.180000 -2.716629 2.706948 14.039864
 8.200000 -2.833425 2.876801 13.206912
 8.220000 -2.918611 2.695787 13.672404
 8.240000 -2.788002 2.715817 13.932975
 8.260000 -2.786849 2.734771 13.879608
 8.280000 -2.624159 2.822675 13.880422
 8.300000 -2.655090 2.690601 14.097473
 8.320000 -2.682097 2.651360 14.142999
 8.340000 -2.649513 2.851572 13.748525
 8.360000 -2.647278 2.977453 13.066387
 8.380000 -2.587226 3.045773 12.630989
 8.400000 -2.703001 2.996456 12.781490
 8.420000 -2.647471 -2.889311 7.533636
 8.440000 -2.771134 -2.808975 6.508858
 8.460000 -2.554394 -2.914494 8.034856
 8.480000 -2.614706 -2.999643 9.300358
 8.500000 -2.536609 -2.841840 6.946033
 8.520000 -2.512257 -2.909589 8.057115
 8.540000 -2.799705 3.047343 12.111015
 8.560000 -2.901431 -3.121236 10.741521
 8.580000 -3.079903 -3.137441 10.377183
 8.600000 -3.109456 3.120238 10.424731
 8.620000 3.101840 2.968019 10.727548
 8.640000 -3.024997 -3.100850 10.254409
 8.660000 -3.083796 -3.077559 9.808857
 8.680000 -2.830597 -3.115245 10.754658
 8.700000 -2.886756 3.002853 12.258445
 8.720000 -2.663772 3.070256 12.175147
 8.740000 -2.684490 3.029111 12.540364
 8.760000 -2.635747 2.958857 13.227844
 8.780000 -2.751802 2.707926 14.003825
 8.800000 -2.742720 2.794392 13.777482
 8.820000 -2.816073 2.857177 13.352988
 8.840000 -2.820633 2.728859 13.831647
 8.860000 -2.627614 2.804977 13.921299
 8.880000 -2.549147 2.857854 13.893025
 8.900000 -2.307890 2.737059 13.931126
 8.920000 -2.444626 2.545772 13.955584
 8.940000 -2.437874 2.574304 13.950649
 8.960000 -2.619008 2.521859 14.168533
 8.980000 -2.611459 2.458299 14.154715
 9.000000 -2.712250 2.289945 14.214468
 9.020000 -2.740359 2.334071 14.366175
 9.040000 -2.832615 2.445614 14.553288
 9.060000 -2.805042 2.559069 14.314071
 9.080000 -2.799008 2.551122 14.330277
 9.100000 -2.577004 2.435614 14.097609
 9.120000 -2.343767 2.683419 13.908891
 9.140000 -2.417399 2.697756 14.006796
 9.160000 -2.368880 2.745606 14.011301
 9.180000 -2.566673 2.711491 14.085010
 9.200000 -2.563300 2.792471 14.014071
 9.220000 -2.597207 2.748222 14.049359
 9.240000 -2.597537 2.715892 14.080869
 9.260000 -2.871592 2.711910 13.763631
 9.280000 -2.666520 2.926176 13.362229
 9.300000 -2.692556 3.033359 12.481352
 9.320000 -2.679574 2.898794 13.482666
 9.340000 -2.507870 2.823759 14.017234
 9.360000 -2.607787 2.978709 13.156297
 9.380000 -2.560431 3.133065 11.697338
 9.400000 -2.641406 2.952368 13.257733
 9.420000 -2.669662 2.844427 13.738085
 9.440000 -2.715703 2.994521 12.766684
 9.460000 -2.617987 -3.109023 10.971438
 9.480000 -2.807472 3.057024 12.003434
 9.500000 -2.705524 3.096166 11.794030
 9.520000 -2.665931 2.994832 12.884576
 9.540000 -2.731051 3.076451 11.961069
 9.560000 -2.681647 -3.074564 10.355124
 9.580000 -2.791399 2.937988 12.983943
 9.600000 -2.986478 2.838782 12.742320
 9.620000 -3.040262 2.935480 11.968981
 9.640000 -3.061866 2.992367 11.537621
 9.660000 -3.129588 2.796415 11.849080
 9.680000 -2.851652 2.949381 12.737596
 9.700000 -2.694198 2.972981 12.985758
 9.720000 -2.401393 -3.134447 12.068832
 9.740000 -2.339171 -3.118585 12.107397
 9.760000 -2.355073 3.127761 12.517055
 9.780000 -2.251610 -3.038299 11.295637
 9.800000 -2.325918 -3.100869 11.917556
 9.820000 -2.422063 3.118837 12.369955
 9.840000 -2.500293 3.106916 12.228334
 9.860000 -2.617040 3.070020 12.295352
 9.880000 -2.634259 3.010302 12.833701
 9.900000 -2.514689 2.959994 13.519849
 9.920000 -2.750980 2.925128 13.167674
 9.940000 -2.774912 3.109507 11.517008
 9.960000 -2.755512 3.136118 11.232621
 9.980000 -2.900467 3.026214 12.038255
 10.000000 -2.756804 3.095688 11.702327
 10.020000 -2.805567 3.111007 11.451429
 10.040000 -2.859685 -3.106947 10.625843
 10.060000 -2.791264 3.088313 11.720917
 10.080000 -2.665591 3.065243 12.224675
 10.100000 -2.693070 3.117630 11.564011
 10.120000 -2.341335 -3.025977 10.700317
 10.140000 -2.520776 3.087169 12.391984
 10.160000 -2.384014 -3.127105 12.040752
 10.180000 -2.367340 3.121069 12.551056
 10.200000 -2.613879 2.916594 13.533690
 10.220000 -2.617745 2.863745 13.760109
 10.240000 -2.876569 2.870218 13.095571
 10.260000 -2.999099 2.907122 12.353253
 10.280000 -3.103618 2.790257 12.110389
 10.300000 -3.032122 2.812097 12.574648
 10.320000 3.105629 2.767641 11.474755
 10.340000 -2.831110 3.036359 12.139359
 10.360000 -2.700097 2.928148 13.271949
 10.380000 -2.623324 2.978422 13.118769
 10.400000 -2.348418 3.003834 13.658058
 10.420000 -2.499805 3.035373 12.992170
 10.440000 -2.466909 3.080054 12.654108
 10.460000 -2.394736 2.866946 14.049330
 10.480000 -2.542677 2.845139 13.935684
 10.500000 -2.584021 2.893361 13.705841
 10.520000 -2.586922 2.840180 13.885759
 10.540000 -2.820973 2.703160 13.912694
 10.560000 -2.734216 2.734364 13.960885
 10.580000 -2.551518 2.692151 14.087066
 10.600000 -2.620201 2.671091 14.114515
 10.620000 -2.325025 2.658352 13.857176
 10.640000 -2.470475 2.708138 14.054971
 10.660000 -2.486477 2.776577 14.070906
 10.680000 -2.576092 2.674752 14.098570
 10.700000 -2.564557 2.569379 14.095201
 10.720000 -2.665124 2.586106 14.196359
 10.740000 -2.521304 2.680933 14.072806
 10.760000 -2.630800 2.545266 14.179550
 10.780000 -2.635168 2.484696 14.196645
 10.800000 -2.587814 2.438857 14.113198
 10.820000 -2.646666 2.413877 14.203589
 10.840000 -2.449070 2.474110 13.981668
 10.860000 -2.648665 2.299244 14.080382
 10.880000 -2.694044 2.399095 14.297956
 10.900000 -2.772957 2.504996 14.393051
 10.920000 -2.769646 2.630089 14.165497
 10.940000 -2.908765 2.470225 14.521084
 10.960000 -2.725665 2.567065 14.265013
 10.980000 -2.695438 2.756302 13.955748
 11.000000 -2.548155 2.948932 13.503915
 11.020000 -2.440470 2.973057 13.623746
 11.040000 -2.434302 2.890330 13.968771
 11.060000 -2.545622 -3.102503 11.077870
 11.080000 -2.666069 3.079283 12.070609
 11.100000 -2.822282 -3.124975 10.881472
 11.120000 -2.924860 3.121236 11.128018
 11.140000 -2.834822 -2.969628 8.804901
 11.160000 -2.876639 -2.935173 8.355711
 11.180000 -2.732903 -2.925812 8.095864
 11.200000 -2.692318 -3.061442 10.149883
 11.220000 -2.595686 -2.775699 5.986908
 11.240000 -2.468587 -2.767631 6.079900
 11.260000 -2.456619 -2.816027 6.766457
 11.280000 -2.527258 -2.827674 6.758766
 11.300000 -2.462180 -2.599626 4.620084
 11.320000 -2.658598 -2.699187 5.182832
 11.340000 -2.758965 -2.934673 8.243565
 11.360000 -2.664515 -2.713034 5.314548
 11.380000 -2.752014 -2.903869 7.786809
 11.400000 -2.798230 -2.972490 8.822327
 11.420000 -2.760333 -3.063108 10.120078
 11.440000 -2.980873 -3.061795 9.943403
 11.460000 -2.896964 3.050837 11.847442
 11.480000 -2.916100 3.019261 12.041983
 11.500000 -2.881484 3.009735 12.222952
 11.520000 -2.789851 2.973353 12.748294
 11.540000 -2.564557 3.111995 11.954979
 11.560000 -2.636863 2.864809 13.721995
 11.580000 -2.320305 2.947553 13.953113
 11.600000 -2.403755 2.790645 14.070166
 11.620000 -2.359649 2.846023 14.074336
 11.640000 -2.230787 2.582649 13.731248
 11.660000 -2.436507 2.546299 13.947572
 11.680000 -2.367813 2.488167 13.943581
 11.700000 -2.426828 2.374237 14.082011
 11.720000 -2.488414 2.276398 14.031828
 11.740000 -2.531310 2.277104 13.971132
 11.760000 -2.514063 2.233695 13.942547
 11.780000 -2.566749 2.185235 13.758381
 11.800000 -2.607209 2.358333 14.094017
 11.820000 -2.544481 2.147154 13.691410
 11.840000 -2.537619 2.245814 13.922316
 11.860000 -2.614809 2.323160 14.063408
 11.880000 -2.635479 2.203660 13.816075
 11.900000 -2.558320 2.477667 14.081553
 11.920000 -2.563192 2.488279 14.089151
 11.940000 -2.539780 2.759086 14.064487
 11.960000 -2.504267 2.735565 14.076178
 11.980000 -2.505121 2.859054 13.952575
 12.000000 -2.600562 2.946931 13.390582
 12.020000 -2.468064 3.084849 12.597445
 12.040000 -2.648221 3.094273 11.941385
 12.060000 -2.654863 3.083298 12.051797
 12.080000 -2.731058 3.139555 11.225610
 12.100000 -2.843122 -3.122858 10.833303
 12.120000 -2.992844 -2.940212 8.442339
 12.140000 -2.991611 -3.092055 10.254801
 12.160000 -2.884425 -2.783621 6.374373
 12.180000 -2.871265 -2.801128 6.568651
 12.200000 -2.669970 -2.765867 5.875965
 12.220000 -2.713268 -2.781899 6.100394
 12.240000 -2.568552 -2.515285 4.280338
 12.260000 -2.590367 -2.583411 4.430757
 12.280000 -2.518255 -2.699670 5.242149
 12.300000 -2.575653 -2.593395 4.477517
 12.320000 -2.539773 -2.644511 4.778041
 12.340000 -2.647812 -2.702160 5.204990
 12.360000 -2.633201 -2.822142 6.572180
 12.380000 -2.609172 -2.546672 4.309518
 12.400000 -2.639144 -2.773576 5.954570
 12.420000 -2.643876 -2.785556 6.100318
 12.440000 -2.695936 -2.757005 5.794906
 12.460000 -2.665225 -2.825879 6.626046
 12.480000 -2.758185 -3.019788 9.500545
 12.500000 -2.788220 -3.078205 10.311804
 12.520000 -2.831708 -3.065160 10.117987
 12.540000 -2.784320 3.053507 12.085470
 12.560000 -2.655006 3.028318 12.619412
 12.580000 -2.695294 2.814200 13.797105
 12.600000 -2.598256 2.898633 13.654268
 12.620000 -2.599567 2.886784 13.703262
 12.640000 -2.690148 2.768629 13.932938
 12.660000 -2.606470 2.586388 14.140095
 12.680000 -2.601317 2.573092 14.137360
 12.700000 -2.633431 2.708803 14.081071
 12.720000 -2.659868 2.519686 14.228412
 12.740000 -2.777093 2.404172 14.493513
 12.760000 -2.718819 2.443084 14.356201
 12.780000 -2.610230 2.511466 14.156799
 12.800000 -2.558485 2.536623 14.086587
 12.820000 -2.532520 2.556868 14.055345
 12.840000 -2.535946 2.723725 14.079522
 12.860000 -2.446595 2.719203 14.046710
 12.880000 -2.525386 2.837992 13.973667
 12.900000 -2.442468 2.736581 14.055299
 12.920000 -2.410476 2.927688 13.894212
 12.940000 -2.195173 3.089295 13.375167
 12.960000 -2.194544 3.085287 13.408297
 12.980000 -2.016680 2.995931 13.906641
 13.000000 -2.115344 2.996060 13.913243
 13.020000 -2.209029 -3.031676 11.364532
 13.040000 -2.126587 2.999618 13.905082
 13.060000 -2.343416 -3.134717 12.303135
 13.080000 -2.327047 -3.105372 11.975713
 13.100000 -2.598890 -2.907798 7.853796
 13.120000 -2.609906 -2.992913 9.200547
 13.140000 -2.875458 -2.988625 9.088758
 13.160000 -2.813057 -2.931171 8.240222
 13.180000 -2.802918 -2.859106 7.217114
 13.200000 -2.914924 -2.985413 9.052546
 13.220000 -2.749395 3.139933 11.194269
 13.240000 -2.794035 -2.931773 8.230460
 13.260000 -2.783840 -3.054202 9.985947
 13.280000 -2.725848 3.127168 11.387516
 13.300000 -2.752793 -3.022507 9.540999
 13.320000 -2.757849 -2.838909 6.881600
 13.340000 -2.661901 -3.014975 9.478148
 13.360000 -2.879117 -3.089233 10.393622
 13.380000 -2.701605 -2.899054 7.683007
 13.400000 -2.746128 -3.023451 9.556154
 13.420000 -2.601956 3.061222 12.430999
 13.440000 -2.561862 2.846434 13.905226
 13.460000 -2.576553 2.914970 13.622469
 13.480000 -2.687657 2.896925 13.474110
 13.500000 -2.760584 2.864399 13.464440
 13.520000 -2.792027 2.567208 14.295351
 13.540000 -2.603470 2.690838 14.098621
 13.560000 -2.594700 2.745790 14.053333
 13.580000 -2.707271 2.685939 14.085723
 13.600000 -2.554673 2.642267 14.088323
 13.620000 -2.522793 2.571610 14.045456
 13.640000 -2.373527 2.542523 13.892401
 13.660000 -2.333522 2.425744 14.092813
 13.680000 -2.414479 2.487066 13.957723
 13.700000 -2.597320 2.472011 14.134954
 13.720000 -2.411917 2.590270 13.926038
 13.740000 -2.526531 2.559901 14.048428
 13.760000 -2.423555 2.492769 13.957563
 13.780000 -2.451316 2.609357 13.977629
 13.800000 -2.623432 2.633632 14.137617
 13.820000 -2.504569 2.745107 14.075874
 13.840000 -2.445545 2.535815 13.957246
 13.860000 -2.469501 2.611099 13.998395
 13.880000 -2.560427 2.701408 14.087660
 13.900000 -2.560266 2.840581 13.922627
 13.920000 -2.711433 2.788416 13.849827
 13.940000 -2.609421 2.932292 13.457408
 13.960000 -2.643731 2.877735 13.656531
 13.980000 -2.614544 3.119222 11.721892
 14.000000 -2.599357 -3.093122 10.786158
 14.020000 -2.665910 3.068541 12.188612
 14.040000 -2.630938 3.113319 11.753844
 14.060000 -2.691285 3.098817 11.792476
 14.080000 -2.817905 3.097226 11.579925
 14.100000 -2.874074 3.068312 11.751391
 14.120000 -2.918176 -3.131729 10.829168
 14.140000 -2.970247 3.001673 11.960872
 14.160000 -2.954318 2.994655 12.074272
 14.180000 -2.970126 3.135618 10.874985
 14.200000 -2.859876 -3.082266 10.322666
 14.220000 -2.687947 -3.093606 10.619729
 14.240000 -2.478857 3.114470 12.211367
 14.260000 -2.456951 3.124384 12.167854
 14.280000 -2.437857 -3.062671 10.865149
 14.300000 -2.440443 -3.037577 10.451655
 14.320000 -2.411458 2.966678 13.725286
 14.340000 -2.351596 2.902959 14.028201
 14.360000 -2.466165 2.979911 13.518204
 14.380000 -2.574677 2.889888 13.738194
 14.400000 -2.631522 2.708438 14.081933
 14.420000 -2.545715 2.706018 14.083858
 14.440000 -2.630434 2.623658 14.147165
 14.460000 -2.582040 2.599942 14.113604
 14.480000 -2.770507 2.569461 14.285784
 14.500000 -2.779964 2.644005 14.128616
 14.520000 -2.760564 2.546342 14.319939
 14.540000 -2.745423 2.597386 14.230330
 14.560000 -2.761138 2.632671 14.163493
 14.580000 -2.644525 2.640293 14.144488
 14.600000 -2.612264 2.798938 13.953497
 14.620000 -2.506463 2.848856 13.973657
 14.640000 -2.379457 2.817990 14.074424
 14.660000 -2.367636 2.912029 13.996140
 14.680000 -2.448618 3.065608 12.868557
 14.700000 -2.504872 2.939698 13.655722
 14.720000 -2.671550 2.906084 13.462743
 14.740000 -2.751063 2.842339 13.583115
 14.760000 -2.755904 2.908256 13.253001
 14.780000 -2.836167 2.892555 13.117333
 14.800000 -2.874985 2.805591 13.392248
 14.820000 -2.857871 2.822502 13.378794
 14.840000 -2.863772 2.893769 13.020805
 14.860000 -2.865966 3.005729 12.299107
 14.880000 -2.828394 3.071809 11.817834
 14.900000 -2.767049 3.126949 11.326690
 14.920000 -2.728484 -3.120177 10.927447
 14.940000 -2.771493 -3.095533 10.554708
 14.960000 -2.780074 -3.100214 10.609383
 14.980000 -2.737365 -3.101189 10.663180
 15.000000 -2.698372 -3.056411 10.069623
 15.020000 -2.615738 -3.045078 10.017813
 15.040000 -2.652089 -3.100840 10.781791
 15.060000 -2.718790 -3.025711 9.599188
 15.080000 -2.616441 -2.912620 7.909456
 15.100000 -2.728775 -2.973250 8.806628
 15.120000 -2.679078 -2.976239 8.861955
 15.140000 -2.755010 -3.065631 10.158395
 15.160000 -2.840986 -3.011608 9.394045
 15.180000 -2.783344 -3.049962 9.927085
 15.200000 -2.697376 3.080191 11.990728
 15.220000 -2.767300 2.930120 13.095981
 15.240000 -2.567538 3.079465 12.331704
 15.260000 -2.609010 3.045382 12.574228
 15.280000 -2.603167 2.974979 13.195509
 15.300000 -2.403730 2.934484 13.881061
 15.320000 -2.549702 2.876141 13.835270
 15.340000 -2.505367 2.849153 13.974338
 15.360000 -2.637398 2.882851 13.646838
 15.380000 -2.721333 2.664409 14.117450
 15.400000 -2.744351 2.667839 14.099443
 15.420000 -2.779988 2.619108 14.185123
 15.440000 -2.864431 2.534665 14.361615
 15.460000 -2.693503 2.637493 14.161533
 15.480000 -2.786885 2.498555 14.417763
 15.500000 -2.765995 2.687254 14.038344
 15.520000 -2.620772 2.700542 14.091429
 15.540000 -2.753124 2.748122 13.897814
 15.560000 -2.631887 2.924672 13.449705
 15.580000 -2.524830 2.942492 13.595678
 15.600000 -2.547133 2.871173 13.856037
 15.620000 -2.489597 2.905598 13.836691
 15.640000 -2.529254 3.010973 13.116535
 15.660000 -2.598693 3.076371 12.275622
 15.680000 -2.467360 -3.114776 11.532882
 15.700000 -2.529849 2.957857 13.495324
 15.720000 -2.536534 3.088643 12.323928
 15.740000 -2.660443 -3.077541 10.429793
 15.760000 -2.795633 3.074532 11.855401
 15.780000 -2.857902 3.132647 11.131716
 15.800000 -2.925834 -3.141514 10.918193
 15.820000 -2.991847 3.100433 11.128573
 15.840000 -2.854533 3.124485 11.226399
 15.860000 -2.794944 3.084565 11.753588
 15.880000 -2.676453 3.091809 11.905384
 15.900000 -2.506618 3.072163 12.604510
 15.920000 -2.469615 3.040465 13.040388
 15.940000 -2.367345 -3.077011 11.391747
 15.960000 -2.402640 -3.111934 11.754545
 15.980000 -2.344579 3.090483 12.970184
 16.000000 -2.408460 3.078205 12.878911
 16.020000 -2.376577 3.040161 13.331210
 16.040000 -2.526596 -3.124826 11.461559
 16.060000 -2.433320 2.928414 13.852248
 16.080000 -2.449931 2.893602 13.939026
 16.100000 -2.542693 2.738300 14.074748
 16.120000 -2.512893 2.717545 14.076412
 16.140000 -2.711506 2.702721 14.052117
 16.160000 -2.716903 2.536903 14.291381
 16.180000 -2.630102 2.669712 14.117699
 16.200000 -2.701777 2.536478 14.274190
 16.220000 -2.591862 2.526182 14.130405
 16.240000 -2.705237 2.623000 14.182749
 16.260000 -2.495702 2.585902 14.017181
 16.280000 -2.489025 2.530412 14.001753
 16.300000 -2.246815 2.556305 13.786190
 16.320000 -2.427129 2.418342 14.027168
 16.340000 -2.414517 2.679877 13.987815
 16.360000 -2.506815 2.544221 14.023067
 16.380000 -2.518684 2.612186 14.050127
 16.400000 -2.368740 2.525913 13.900913
 16.420000 -2.561176 2.643715 14.093240
 16.440000 -2.495465 2.746166 14.075366
 16.460000 -2.604571 2.732863 14.063437
 16.480000 -2.460779 2.699248 14.043233
 16.500000 -2.483791 2.622665 14.018711
 16.520000 -2.334969 2.806050 14.049853
 16.540000 -2.566464 2.823459 13.954474
 16.560000 -2.546465 2.921063 13.657458
 16.580000 -2.567411 2.887113 13.763115
 16.600000 -2.574726 2.800558 13.989937
 16.620000 -2.557415 2.797935 14.011016
 16.640000 -2.758386 2.836117 13.591981
 16.660000 -2.718586 2.846821 13.634919
 16.680000 -2.875949 2.682879 13.855736
 16.700000 -2.726182 2.670823 14.103577
 16.720000 -2.939353 2.501669 14.374973
 16.740000 -2.737791 2.600958 14.222786
 16.760000 -2.804289 2.530690 14.374114
 16.780000 -2.573038 2.637458 14.102416
 16.800000 -2.509763 2.496872 14.025305
 16.820000 -2.450913 2.603819 13.974598
 16.840000 -2.498990 2.564146 14.016105
 16.860000 -2.492543 2.636147 14.033708
 16.880000 -2.462232 2.738560 14.065776
 16.900000 -2.511988 2.576551 14.033479
 16.920000 -2.423170 2.717459 14.028794
 16.940000 -2.662323 2.553594 14.214875
 16.960000 -2.576315 2.796263 13.995931
 16.980000 -2.631492 2.699946 14.090942
 17.000000 -2.593752 2.725466 14.073595
 17.020000 -2.589620 2.797665 13.980259
 17.040000 -2.455123 2.837959 14.040971
 17.060000 -2.609268 3.050083 12.526232
 17.080000 -2.662624 2.974835 13.048407
 17.100000 -2.627170 2.970247 13.169063
 17.120000 -2.765575 2.984748 12.723790
 17.140000 -2.751226 3.033936 12.341123
 17.160000 -2.885743 2.955231 12.588635
 17.180000 -2.938024 2.978833 12.243446
 17.200000 -2.918411 2.963604 12.416581
 17.220000 -2.766901 2.988257 12.693408
 17.240000 -2.756035 2.940011 13.062671
 17.260000 -2.623747 -3.043407 9.976286
 17.280000 -2.554301 3.110456 12.005976
 17.300000 -2.601167 3.063262 12.411547
 17.320000 -2.686293 -3.139249 11.243943
 17.340000 -2.686923 3.045590 12.376332
 17.360000 -2.762232 3.081968 11.841385
 17.380000 -2.677586 2.937866 13.265400
 17.400000 -2.574366 2.925891 13.571791
 17.420000 -2.616384 2.880900 13.695603
 17.440000 -2.669464 2.918309 13.400766
 17.460000 -2.756402 2.920527 13.181465
 17.480000 -2.782183 2.929852 13.058942
 17.500000 -2.660052 3.049269 12.403621
 17.520000 -2.802356 3.015895 12.383261
 17.540000 -2.628807 2.962327 13.220931
 17.560000 -2.845667 3.039698 12.075324
 17.580000 -2.691512 3.061247 12.206736
 17.600000 -2.699531 2.990728 12.836229
 17.620000 -2.615555 3.050438 12.505528
 17.640000 -2.554733 3.039692 12.785069
 17.660000 -2.554645 -3.002184 9.471945
 17.680000 -2.561225 -3.130894 11.434737
 17.700000 -2.603394 -3.079713 10.576316
 17.720000 -2.521049 -2.960847 8.880374
 17.740000 -2.615949 -2.920544 8.034236
 17.760000 -2.464893 -2.830574 6.954773
 17.780000 -2.683030 -3.029601 9.682443
 17.800000 -2.725817 -3.007285 9.320655
 17.820000 -2.936440 -3.024260 9.547221
 17.840000 -3.021035 -3.127899 10.531876
 17.860000 -3.023565 3.063808 11.290674
 17.880000 -2.933719 -3.036648 9.703768
 17.900000 -2.915244 -3.099090 10.470507
 17.920000 -2.775338 3.135585 11.211776
 17.940000 -2.790363 -3.135454 11.045364
 17.960000 -2.659406 -3.080639 10.476915
 17.980000 -2.528716 -3.135913 11.608204
 18.000000 -2.602895 3.070656 12.327005
 18.020000 -2.401741 3.101736 12.648136
 18.040000 -2.560043 3.029610 12.864334
 18.060000 -2.492242 3.005484 13.266967
 18.080000 -2.444500 2.783407 14.073134
 18.100000 -2.433171 2.745036 14.055651
 18.120000 -2.489975 2.636151 14.031279
 18.140000 -2.399966 2.647425 13.943667
 18.160000 -2.461066 2.662712 14.019471
 18.180000 -2.463426 2.547044 13.974405
 18.200000 -2.373058 2.612870 13.890004
 18.220000 -2.514563 2.453897 14.032056
 18.240000 -2.389603 2.581748 13.900069
 18.260000 -2.475398 2.498045 13.991386
 18.280000 -2.419071 2.416170 14.033485
 18.300000 -2.365996 2.440499 14.025803
 18.320000 -2.330748 2.530912 13.873651
 18.340000 -2.292474 2.532294 13.853166
 18.360000 -2.309100 2.565803 13.823466
 18.380000 -2.332789 2.595176 13.837577
 18.400000 -2.443961 2.656816 13.999225
 18.420000 -2.448313 2.712951 14.043657
 18.440000 -2.704601 2.673182 14.108552
 18.460000 -2.657231 2.806521 13.877917
 18.480000 -2.846613 2.724729 13.785029
 18.500000 -2.883401 2.891400 12.963693
 18.520000 -2.905268 2.909698 12.783372
 18.540000 -2.884233 3.092499 11.499830
 18.560000 -2.784298 -3.072628 10.238698
 18.580000 -2.750237 -2.965219 8.691272
 18.600000 -2.785714 -2.888078 7.596149
 18.620000 -2.732269 -2.813526 6.515409
 18.640000 -2.704645 -2.565167 4.356734
 18.660000 -2.688820 -2.743900 5.645139
 18.680000 -2.445081 -2.633959 4.842034
 18.700000 -2.599559 -2.681889 5.024584
 18.720000 -2.459987 -2.738709 5.753915
 18.740000 -2.519103 -2.838583 6.933947
 18.760000 -2.605709 -2.939280 8.344260
 18.780000 -2.552242 -2.954324 8.689121
 18.800000 -2.622201 -2.963780 8.714608
 18.820000 -2.751185 -3.098724 10.615753
 18.840000 -2.725914 -3.022782 9.552433
 18.860000 -2.724636 -3.070568 10.250366
 18.880000 -2.788892 3.028990 12.301529
 18.900000 -2.653786 3.054261 12.368058
 18.920000 -2.676784 2.872785 13.611484
 18.940000 -2.595650 2.870699 13.773537
 18.960000 -2.594069 2.722198 14.076279
 18.980000 -2.703810 2.559972 14.254346
 19.000000 -2.603719 2.677756 14.106511
 19.020000 -2.750200 2.578981 14.261953
 19.040000 -2.706159 2.534061 14.281568
 19.060000 -2.693056 2.450222 14.303631
 19.080000 -2.569797 2.623476 14.100611
 19.100000 -2.658075 2.484279 14.235151
 19.120000 -2.451100 2.558662 13.962395
 19.140000 -2.520692 2.371959 14.031299
 19.160000 -2.371092 2.495366 13.934702
 19.180000 -2.301662 2.628839 13.803316
 19.200000 -2.402529 2.626882 13.932056
 19.220000 -2.424249 2.637103 13.963615
 19.240000 -2.357133 2.805446 14.061779
 19.260000 -2.409909 2.863846 14.042704
 19.280000 -2.402465 2.934528 13.883001
 19.300000 -2.487721 2.943228 13.675723
 19.320000 -2.531983 2.988871 13.281407
 19.340000 -2.493714 3.111318 12.197445
 19.360000 -2.583221 3.051600 12.583850
 19.380000 -2.591736 3.094921 12.081964
 19.400000 -2.692209 -3.057428 10.090899
 19.420000 -2.734085 -3.008529 9.337555
 19.440000 -2.810572 -2.870988 7.390565
 19.460000 -2.851240 -2.947749 8.509519
 19.480000 -2.921556 -2.798210 6.597628
 19.500000 -2.960858 -2.860398 7.413315
 19.520000 -2.979569 -2.973349 8.874335
 19.540000 -2.842239 -2.865150 7.355507
 19.560000 -2.825561 -2.949486 8.512493
 19.580000 -2.724895 -2.903204 7.756384
 19.600000 -2.613623 -2.927734 8.150420
 19.620000 -2.631054 -2.895557 7.635132
 19.640000 -2.492248 -2.844969 7.093672
 19.660000 -2.512513 -2.859415 7.261532
 19.680000 -2.451538 -2.916653 8.369953
 19.700000 -2.419469 -2.932376 8.761212
 19.720000 -2.420211 -3.014673 10.158609
 19.740000 -2.422892 3.051854 13.087315
 19.760000 -2.454855 2.969792 13.607839
 19.780000 -2.550721 2.944873 13.521476
 19.800000 -2.657020 2.743754 14.018714
 19.820000 -2.817941 2.591961 14.232268
 19.840000 -2.954203 2.512355 14.298910
 19.860000 -2.952036 2.410110 14.651149
 19.880000 -2.916524 2.528970 14.319823
 19.900000 -2.774680 2.495569 14.408070
 19.920000 -2.706677 2.429103 14.332629
 19.940000 -2.452911 2.414772 14.022802
 19.960000 -2.350110 2.535479 13.880257
 19.980000 -2.214314 2.595485 13.697599
 20.000000 -2.081252 2.601147 13.583526
