#! FIELDS time phi psi metad.bias
#! SET min_phi -pi
#! SET max_phi pi
#! SET min_psi -pi
#! SET max_psi pi
 0.000000 3.141580 -3.141577 6.661414
 0.020000 -2.702964 2.871149 8.258236
 0.040000 -2.736279 2.886189 8.165480
 0.060000 -2.731179 2.857165 8.313696
 0.080000 -2.755555 2.869518 8.240961
 0.100000 -2.741206 2.907650 8.066521
 0.120000 -2.669409 2.938899 8.047178
 0.140000 -2.724877 2.919874 8.032559
 0.160000 -2.709811 2.921150 8.044855
 0.180000 -2.689642 2.962593 7.941127
 0.200000 -2.758712 2.944314 7.907157
 0.220000 -2.726792 2.928214 7.999203
 0.240000 -2.703429 2.997787 7.821339
 0.260000 -2.760852 2.946749 7.896301
 0.280000 -2.633110 2.988885 7.995754
 0.300000 -2.670432 2.946028 8.024111
 0.320000 -2.674858 2.915569 8.112982
 0.340000 -2.533494 2.933853 8.383633
 0.360000 -2.590867 2.792351 8.717990
 0.380000 -2.603651 2.832092 8.529198
 0.400000 -2.616396 2.716128 9.180612
 0.420000 -2.697378 2.706585 9.384053
 0.440000 -2.608163 2.700037 9.288112
 0.460000 -2.510650 2.729777 9.039570
 0.480000 -2.464609 2.686407 9.215851
 0.500000 -2.401711 2.667781 9.222624
 0.520000 -2.405990 2.608675 9.479793
 0.540000 -2.477194 2.538961 10.141867
 0.560000 -2.415371 2.539873 9.887769
 0.580000 -2.501033 2.400746 11.423603
 0.600000 -2.505620 2.485837 10.705614
 0.620000 -2.563611 2.514059 10.764223
 0.640000 -2.627938 2.692941 9.373335
 0.660000 -2.617179 2.737574 9.032492
 0.680000 -2.573277 2.854167 8.491812
 0.700000 -2.520839 2.911768 8.462106
 0.720000 -2.489071 2.982550 8.434340
 0.740000 -2.503449 3.052091 8.257339
 0.760000 -2.553457 3.088518 8.003760
 0.780000 -2.548807 3.126336 7.912372
 0.800000 -2.675841 3.104073 7.630744
 0.820000 -2.766070 -3.141116 7.381083
 0.840000 -2.941517 3.100811 7.274965
 0.860000 -2.952226 -3.062529 6.985826
 0.880000 -2.968291 -2.997161 6.784680
 0.900000 -2.870386 -3.007046 6.902833
 0.920000 -2.862527 -3.067744 7.092211
 0.940000 -2.674878 -3.043358 7.202866
 0.960000 -2.643866 -3.089728 7.437894
 0.980000 -2.657776 3.016244 7.873116
 1.000000 -2.651567 2.967936 8.002929
 1.020000 -2.706494 2.979402 7.864753
 1.040000 -2.785794 2.910160 8.027740
 1.060000 -2.709119 2.868637 8.265854
 1.080000 -2.698077 2.794107 8.692036
 1.100000 -2.649884 2.786199 8.733150
 1.120000 -2.495665 2.818607 8.728103
 1.140000 -2.507008 2.713745 9.115295
 1.160000 -2.382506 2.705419 9.087621
 1.180000 -2.326489 2.724473 9.013234
 1.200000 -2.343332 2.639993 9.218005
 1.220000 -2.391577 2.651073 9.269053
 1.240000 -2.431427 2.587809 9.657631
 1.260000 -2.483527 2.734414 9.018879
 1.280000 -2.464309 2.757384 8.942163
 1.300000 -2.487953 2.729807 9.037646
 1.320000 -2.583337 2.708161 9.201325
 1.340000 -2.569655 2.753932 8.919971
 1.360000 -2.676021 2.683328 9.554059
 1.380000 -2.710427 2.508375 11.703190
 1.400000 -2.801091 2.492907 12.492416
 1.420000 -2.851587 2.514238 12.458229
 1.440000 -2.891978 2.702143 9.861948
 1.460000 -2.809450 2.578763 11.287495
 1.480000 -2.758450 2.756604 9.035856
 1.500000 -2.631803 2.946986 8.101236
 1.520000 -2.540521 3.066712 8.099203
 1.540000 -2.461012 3.060876 8.382665
 1.560000 -2.436038 -3.123223 8.161021
 1.580000 -2.385432 -3.059724 8.010463
 1.600000 -2.343193 -3.117498 8.424908
 1.620000 -2.414476 -3.102088 8.138276
 1.640000 -2.421428 3.065789 8.504784
 1.660000 -2.371477 -3.040470 7.940022
 1.680000 -2.475135 3.140666 8.105313
 1.700000 -2.637391 3.089023 7.758939
 1.720000 -2.808033 3.088432 7.453807
 1.740000 -2.997628 3.096813 7.194904
 1.760000 -3.001487 2.989935 7.518301
 1.780000 -2.937977 2.843418 8.435248
 1.800000 -2.865267 2.854358 8.343862
 1.820000 -2.764550 2.777305 8.866675
 1.840000 -2.655696 2.823138 8.525285
 1.860000 -2.620857 2.772988 8.811860
 1.880000 -2.436259 2.955251 8.638019
 1.900000 -2.422776 2.962616 8.669412
 1.920000 -2.415157 2.910186 8.743546
 1.940000 -2.496417 2.960042 8.447032
 1.960000 -2.508663 2.972968 8.387445
 1.980000 -2.552947 2.912481 8.376391
 2.000000 -2.513112 2.772050 8.859606
 2.020000 -2.517860 2.748009 8.956595
 2.040000 -2.445534 2.804666 8.833335
 2.060000 -2.537961 2.870731 8.512814
 2.080000 -2.619549 2.678019 9.478942
 2.100000 -2.639081 2.838139 8.465143
 2.120000 -2.736695 2.874214 8.223248
 2.140000 -2.675830 2.964218 7.962239
 2.160000 -2.764966 2.918860 8.001519
 2.180000 -2.781157 2.970828 7.793366
 2.200000 -2.792743 2.904015 8.053689
 2.220000 -2.639580 2.928770 8.134626
 2.240000 -2.712840 2.884724 8.188907
 2.260000 -2.473473 2.897832 8.611384
 2.280000 -2.528950 2.968560 8.331821
 2.300000 -2.584022 2.978319 8.149530
 2.320000 -2.659240 2.958764 8.010473
 2.340000 -2.716825 2.904418 8.101656
 2.360000 -2.796190 3.044429 7.570319
 2.380000 -2.635675 2.942268 8.105201
 2.400000 -2.670470 2.877382 8.262286
 2.420000 -2.579333 2.820638 8.604571
 2.440000 -2.455552 2.827311 8.771457
 2.460000 -2.544021 2.840081 8.587353
 2.480000 -2.430288 2.815426 8.832698
 2.500000 -2.508772 2.765169 8.889247
 2.520000 -2.514602 2.789311 8.794724
 2.540000 -2.655296 2.901678 8.191682
 2.560000 -2.697507 2.837659 8.429424
 2.580000 -2.750211 2.760477 8.991133
 2.600000 -2.645461 2.771206 8.825376
 2.620000 -2.645234 2.809511 8.601831
 2.640000 -2.622738 2.777263 8.787027
 2.660000 -2.516076 2.859869 8.586180
 2.680000 -2.554759 2.850436 8.536715
 2.700000 -2.434512 2.830095 8.800893
 2.720000 -2.469764 2.818701 8.767457
 2.740000 -2.579802 2.900507 8.341571
 2.760000 -2.647982 2.961665 8.026963
 2.780000 -2.703179 2.859167 8.315613
 2.800000 -2.761519 2.823285 8.520010
 2.820000 -2.659398 2.726987 9.149174
 2.840000 -2.706080 2.837874 8.425757
 2.860000 -2.718458 2.869291 8.256992
 2.880000 -2.651805 2.854027 8.381661
 2.900000 -2.703513 2.913558 8.080697
 2.920000 -2.675481 2.948991 8.006081
 2.940000 -2.655872 3.066590 7.764702
 2.960000 -2.779690 3.034374 7.614275
 2.980000 -2.611196 3.078593 7.854212
 3.000000 -2.734291 3.005540 7.749803
 3.020000 -2.647345 -3.106237 7.487737
 3.040000 -2.670992 3.098185 7.655761
 3.060000 -2.732081 3.003807 7.757726
 3.080000 -2.728531 2.975472 7.841520
 3.100000 -2.687129 2.960485 7.951631
 3.120000 -2.882181 2.863664 8.282173
 3.140000 -2.782298 2.843771 8.391720
 3.160000 -2.821996 2.895000 8.091660
 3.180000 -2.768977 2.936580 7.926972
 3.200000 -2.558625 2.816342 8.646508
 3.220000 -2.651910 2.728925 9.125304
 3.240000 -2.519941 2.852660 8.596283
 3.260000 -2.479264 2.823651 8.740966
 3.280000 -2.430832 2.790841 8.879674
 3.300000 -2.372376 2.583261 9.507138
 3.320000 -2.280670 2.577762 9.253133
 3.340000 -2.531425 2.645700 9.546025
 3.360000 -2.480123 2.580918 9.852935
 3.380000 -2.528252 2.576203 10.055671
 3.400000 -2.491559 2.557831 10.059307
 3.420000 -2.412798 2.737646 9.013260
 3.440000 -2.516882 2.612405 9.743709
 3.460000 -2.560886 2.581310 10.133911
 3.480000 -2.617528 2.662338 9.605543
 3.500000 -2.420677 2.634159 9.392716
 3.520000 -2.643083 2.657756 9.709657
 3.540000 -2.381323 2.746939 8.994022
 3.560000 -2.746547 2.809183 8.610081
 3.580000 -2.632956 2.956146 8.074993
 3.600000 -2.760430 2.913072 8.029256
 3.620000 -2.806217 2.848656 8.366096
 3.640000 -2.723565 3.019122 7.732284
 3.660000 -2.803247 -3.094922 7.219513
 3.680000 -2.815391 3.050845 7.533459
 3.700000 -2.865569 2.957899 7.779137
 3.720000 -2.811693 3.110778 7.398930
 3.740000 -2.955529 3.058013 7.363203
 3.760000 -2.661102 -3.121304 7.506418
 3.780000 -2.798322 2.989920 7.715663
 3.800000 -2.584998 3.067012 7.957666
 3.820000 -2.635680 3.134621 7.644740
 3.840000 -2.733482 3.041040 7.663243
 3.860000 -2.660732 -3.076917 7.357968
 3.880000 -2.572090 3.101542 7.911470
 3.900000 -2.565454 2.973227 8.213213
 3.920000 -2.479922 2.939500 8.529517
 3.940000 -2.572456 2.867995 8.449542
 3.960000 -2.727516 2.755071 9.007512
 3.980000 -2.585733 2.649446 9.638102
 4.000000 -2.689305 2.558391 10.956913
 4.020000 -2.604682 2.551570 10.604374
 4.040000 -2.661438 2.639693 9.937562
 4.060000 -2.801572 2.706413 9.618039
 4.080000 -2.543137 2.744646 8.968431
 4.100000 -2.506101 2.686209 9.257231
 4.120000 -2.485825 2.734471 9.018542
 4.140000 -2.350291 2.816692 8.923533
 4.160000 -2.430709 2.850389 8.776998
 4.180000 -2.406989 2.898361 8.773655
 4.200000 -2.357714 2.832713 8.906368
 4.220000 -2.489867 2.881989 8.597960
 4.240000 -2.643480 2.921605 8.148041
 4.260000 -2.634346 3.003892 7.958537
 4.280000 -2.868446 3.080844 7.406320
 4.300000 -2.759632 3.061466 7.576283
 4.320000 -2.853797 2.875666 8.201409
 4.340000 -2.812510 3.084324 7.458102
 4.360000 -2.869771 3.059876 7.455431
 4.380000 -2.668099 2.997481 7.893473
 4.400000 -2.787973 2.918451 7.989213
 4.420000 -2.713730 3.030982 7.720950
 4.440000 -2.730996 3.017006 7.725507
 4.460000 -2.799609 3.125055 7.380038
 4.480000 -2.650463 -3.133551 7.566374
 4.500000 -2.637641 3.130588 7.651215
 4.520000 -2.518688 -3.083089 7.730030
 4.540000 -2.458535 -2.983359 7.337491
 4.560000 -2.430847 -3.133118 8.217332
 4.580000 -2.522640 -3.136067 7.927178
 4.600000 -2.395206 3.130339 8.406046
 4.620000 -2.570275 2.994524 8.156161
 4.640000 -2.688144 2.864698 8.299888
 4.660000 -2.803734 2.940054 7.888303
 4.680000 -2.916041 2.986141 7.634407
 4.700000 -2.780316 2.935910 7.920808
 4.720000 -2.844535 2.887872 8.128548
 4.740000 -2.655878 2.944460 8.056768
 4.760000 -2.588974 2.921351 8.266517
 4.780000 -2.368595 2.928952 8.840958
 4.800000 -2.542083 2.770226 8.848969
 4.820000 -2.322856 2.794776 8.951750
 4.840000 -2.597075 2.872728 8.388694
 4.860000 -2.491422 2.792089 8.810167
 4.880000 -2.486609 2.736565 9.010067
 4.900000 -2.551725 2.793049 8.745060
 4.920000 -2.578836 2.779647 8.786347
 4.940000 -2.624283 2.751414 8.945254
 4.960000 -2.663075 2.716758 9.236308
 4.980000 -2.639451 2.681098 9.493423
 5.000000 -2.472876 2.596826 9.724913
 5.020000 -2.672532 2.597502 10.425138
 5.040000 -2.646366 2.593983 10.353494
 5.060000 -2.700572 2.706525 9.390860
 5.080000 -2.760952 2.834689 8.444941
 5.100000 -2.612083 2.991425 8.044190
 5.120000 -2.556333 2.945224 8.296555
 5.140000 -2.568991 -3.136918 7.788560
 5.160000 -2.625804 -2.947638 6.788572
 5.180000 -2.586462 -2.999109 7.144309
 5.200000 -2.645794 -3.123715 7.547160
 5.220000 -2.650298 -3.001976 7.053169
 5.240000 -2.876608 -3.111843 7.190712
 5.260000 -2.994564 -3.102546 7.011929
 5.280000 -3.137082 3.126066 6.716619
 5.300000 3.135441 3.076986 6.801341
 5.320000 -3.002860 -3.110459 7.013226
 5.340000 -2.941915 -3.130290 7.157994
 5.360000 -2.710627 3.021053 7.750273
 5.380000 -2.625059 3.015848 7.955945
 5.400000 -2.552831 2.966650 8.263432
 5.420000 -2.590526 2.814637 8.617113
 5.440000 -2.502006 2.764164 8.897250
 5.460000 -2.423494 2.790632 8.887384
 5.480000 -2.361802 2.721217 9.039607
 5.500000 -2.342032 2.538172 9.623235
 5.520000 -2.458815 2.579760 9.791019
 5.540000 -2.388899 2.635403 9.324683
 5.560000 -2.493016 2.603355 9.739840
 5.580000 -2.297311 2.505976 9.618946
 5.600000 -2.458125 2.550002 9.986038
 5.620000 -2.433765 2.576763 9.728896
 5.640000 -2.617141 2.665466 9.578200
 5.660000 -2.678466 2.602412 10.395387
 5.680000 -2.687862 2.672717 9.685315
 5.700000 -2.589252 2.844364 8.500201
 5.720000 -2.561732 3.057048 8.052638
 5.740000 -2.689938 2.999905 7.841657
 5.760000 -2.634157 3.015417 7.933197
 5.780000 -2.717978 -3.020633 7.053984
 5.800000 -2.748205 -3.039571 7.097616
 5.820000 -2.863360 3.084884 7.402245
 5.840000 -2.900319 3.128014 7.264215
 5.860000 -2.939367 -3.039896 6.942816
 5.880000 -2.891432 -3.138311 7.236349
 5.900000 -2.956665 3.059341 7.358022
 5.920000 -2.946720 3.044979 7.411186
 5.940000 -2.692657 -2.968071 6.834457
 5.960000 -2.640659 -3.134164 7.590853
 5.980000 -2.542873 2.968671 8.289297
 6.000000 -2.536961 2.995476 8.257640
 6.020000 -2.611593 3.018280 7.987143
 6.040000 -2.606918 2.888435 8.320498
 6.060000 -2.540433 2.650792 9.529531
 6.080000 -2.570146 2.744623 8.970616
 6.100000 -2.586929 2.744660 8.974166
 6.120000 -2.632323 2.807152 8.620560
 6.140000 -2.775452 2.584861 11.045785
 6.160000 -2.493157 2.685357 9.248430
 6.180000 -2.528587 2.657682 9.460314
 6.200000 -2.446428 2.672179 9.260663
 6.220000 -2.462206 2.622363 9.541707
 6.240000 -2.649002 2.627250 10.021068
 6.260000 -2.539427 2.649399 9.537162
 6.280000 -2.431695 2.599569 9.592739
 6.300000 -2.479488 2.521473 10.284125
 6.320000 -2.465192 2.554024 9.985327
 6.340000 -2.409355 2.868464 8.796709
 6.360000 -2.662966 2.713067 9.266575
 6.380000 -2.321147 2.699780 9.045063
 6.400000 -2.469666 2.687197 9.216890
 6.420000 -2.470418 2.986856 8.487939
 6.440000 -2.483133 3.008133 8.411462
 6.460000 -2.646068 3.057364 7.809681
 6.480000 -2.599257 3.087285 7.867163
 6.500000 -2.567210 -3.034693 7.371362
 6.520000 -2.690380 -2.970429 6.848474
 6.540000 -2.887143 3.134259 7.264875
 6.560000 -2.626178 -3.032009 7.235673
 6.580000 -2.899527 -3.108551 7.159644
 6.600000 -2.624921 -3.032631 7.240874
 6.620000 -2.746683 2.928915 7.976080
 6.640000 -2.812268 3.008591 7.646912
 6.660000 -2.690911 2.954435 7.962788
 6.680000 -2.681018 2.925351 8.070411
 6.700000 -2.836473 2.657323 10.307369
 6.720000 -2.708310 2.658233 9.892403
 6.740000 -2.698157 2.819658 8.531501
 6.760000 -2.656267 2.815537 8.564903
 6.780000 -2.365455 2.499089 9.932194
 6.800000 -2.513510 2.424504 11.294949
 6.820000 -2.321776 2.673462 9.094333
 6.840000 -2.222753 2.683466 8.903807
 6.860000 -2.282294 2.566449 9.298220
 6.880000 -2.174822 2.550288 9.017463
 6.900000 -2.109062 2.718908 8.682354
 6.920000 -2.148733 2.909277 9.088979
 6.940000 -2.228945 2.776289 8.926367
 6.960000 -2.067464 2.787609 8.753250
 6.980000 -2.223208 2.853269 8.994727
 7.000000 -1.983330 2.990268 9.467102
 7.020000 -2.339705 2.758271 8.976948
 7.040000 -2.310845 2.641143 9.147695
 7.060000 -2.496429 2.665792 9.358420
 7.080000 -2.373964 2.826248 8.892038
 7.100000 -2.695534 2.553734 11.046027
 7.120000 -2.575484 2.588327 10.127286
 7.140000 -2.836965 2.750652 9.212958
 7.160000 -2.669908 2.951455 8.009411
 7.180000 -2.619918 2.849156 8.439079
 7.200000 -2.631887 2.625646 9.979334
 7.220000 -2.497364 2.900372 8.545623
 7.240000 -2.609304 2.990378 8.053915
 7.260000 -2.599110 2.918930 8.249286
 7.280000 -2.633438 2.763697 8.869775
 7.300000 -2.519471 2.846161 8.613995
 7.320000 -2.648098 2.935862 8.096939
 7.340000 -2.614025 2.969651 8.088111
 7.360000 -2.836546 2.800059 8.748552
 7.380000 -2.751332 2.866629 8.257458
 7.400000 -2.761606 3.069594 7.554901
 7.420000 -2.788681 2.852078 8.340448
 7.440000 -2.617241 2.821850 8.559765
 7.460000 -2.669182 2.766277 8.867367
 7.480000 -2.458489 3.045021 8.425739
 7.500000 -2.581053 2.886508 8.377491
 7.520000 -2.452886 2.920419 8.633717
 7.540000 -2.562473 2.968801 8.230847
 7.560000 -2.391982 3.124585 8.436266
 7.580000 -2.604103 2.926843 8.217108
 7.600000 -2.522693 2.869538 8.548922
 7.620000 -2.665455 2.874954 8.278107
 7.640000 -2.585960 2.884598 8.373017
 7.660000 -2.632989 2.753254 8.937011
 7.680000 -2.655050 2.517777 11.246140
 7.700000 -2.722735 2.590095 10.734104
 7.720000 -2.813445 2.570896 11.418769
 7.740000 -2.826155 2.606461 10.965154
 7.760000 -2.839599 2.573479 11.498922
 7.780000 -2.689417 2.749633 9.006820
 7.800000 -2.615121 2.948258 8.136736
 7.820000 -2.430004 3.007091 8.587952
 7.840000 -2.554037 2.892196 8.422222
 7.860000 -2.437546 2.985577 8.595328
 7.880000 -2.417702 -3.045289 7.833451
 7.900000 -2.642965 3.085139 7.754009
 7.920000 -2.631396 3.074862 7.808045
 7.940000 -2.764033 3.065180 7.561689
 7.960000 -2.850023 3.137594 7.296648
 7.980000 -2.827245 3.115323 7.371426
 8.000000 -2.860784 3.042023 7.509826
 8.020000 -2.873992 3.105755 7.343078
 8.040000 -2.695286 -3.060168 7.237830
 8.060000 -2.814797 3.056098 7.521418
 8.080000 -2.758718 2.890889 8.131228
 8.100000 -2.825997 2.841334 8.422322
 8.120000 -2.824808 2.845611 8.392250
 8.140000 -2.796520 2.805731 8.668110
 8.160000 -2.692494 2.707769 9.363887
 8.180000 -2.796903 2.728004 9.375794
 8.200000 -2.699369 2.825694 8.496030
 8.220000 -2.666821 2.850844 8.381842
 8.240000 -2.659172 2.891803 8.221014
 8.260000 -2.484853 2.837606 8.699214
 8.280000 -2.421788 2.856047 8.786472
 8.300000 -2.486807 2.904565 8.565833
 8.320000 -2.433652 2.744373 8.992311
 8.340000 -2.522202 2.799479 8.751102
 8.360000 -2.546968 2.792434 8.751846
 8.380000 -2.521147 2.922112 8.441098
 8.400000 -2.606489 2.908961 8.260347
 8.420000 -2.636572 3.011878 7.934954
 8.440000 -2.714751 3.075409 7.617508
 8.460000 -2.697608 -3.133029 7.467637
 8.480000 -2.825324 3.045398 7.536408
 8.500000 -2.817444 3.017345 7.617466
 8.520000 -2.912881 3.038705 7.467834
 8.540000 -2.831073 3.004165 7.642411
 8.560000 -2.927401 2.798674 8.825567
 8.580000 -2.763509 2.897543 8.097287
 8.600000 -2.772386 3.031183 7.631214
 8.620000 -2.681622 2.946133 8.003517
 8.640000 -2.669707 2.939397 8.045134
 8.660000 -2.656064 3.002078 7.909875
 8.680000 -2.723020 2.948871 7.931861
 8.700000 -2.727785 2.877210 8.213143
 8.720000 -2.771156 2.778769 8.861703
 8.740000 -2.594525 2.708100 9.213563
 8.760000 -2.563999 2.770038 8.839411
 8.780000 -2.639308 2.740816 9.025887
 8.800000 -2.469105 2.799578 8.815542
 8.820000 -2.484526 2.974223 8.462033
 8.840000 -2.423504 3.043887 8.544576
 8.860000 -2.255363 2.993183 9.048259
 8.880000 -2.232523 2.916005 9.054880
 8.900000 -2.351378 2.992666 8.838103
 8.920000 -2.195731 2.974869 9.133360
 8.940000 -2.357110 2.803761 8.927517
 8.960000 -2.469014 2.721797 9.067913
 8.980000 -2.289272 2.781665 8.957415
 9.000000 -2.428007 2.641757 9.371291
 9.020000 -2.507360 2.686314 9.257958
 9.040000 -2.480245 2.614642 9.631884
 9.060000 -2.594267 2.634789 9.781269
 9.080000 -2.550566 2.785896 8.775724
 9.100000 -2.565327 2.590390 10.071706
 9.120000 -2.592615 2.664387 9.534062
 9.140000 -2.658084 2.765032 8.870201
 9.160000 -2.588408 2.703330 9.239637
 9.180000 -2.778582 2.686298 9.786119
 9.200000 -2.739107 2.837142 8.426581
 9.220000 -2.775290 2.976463 7.781063
 9.240000 -2.729943 -3.093403 7.300133
 9.260000 -2.723450 3.069928 7.613900
 9.280000 -2.774708 -3.100790 7.265597
 9.300000 -2.753670 -2.919139 6.552762
 9.320000 -2.845564 -3.003386 6.904133
 9.340000 -2.691115 -3.042220 7.174383
 9.360000 -2.836612 3.091781 7.414657
 9.380000 -2.773211 -3.005228 6.948328
 9.400000 -2.848066 -3.010238 6.926441
 9.420000 -2.778750 -3.090116 7.231216
 9.440000 -2.655569 -3.091277 7.419601
 9.460000 -2.576427 -3.022235 7.287428
 9.480000 -2.567532 -3.124049 7.749193
 9.500000 -2.523114 2.957453 8.369750
 9.520000 -2.587020 2.941814 8.221909
 9.540000 -2.715058 2.851283 8.350397
 9.560000 -2.622928 2.705688 9.265884
 9.580000 -2.824203 2.410364 13.842792
 9.600000 -2.575909 2.483057 11.140327
 9.620000 -2.478061 2.593612 9.761093
 9.640000 -2.565097 2.503164 10.877721
 9.660000 -2.440369 2.386833 11.144747
 9.680000 -2.369431 2.478090 10.080707
 9.700000 -2.300662 2.637676 9.134120
 9.720000 -2.207434 2.546748 9.131087
 9.740000 -2.225955 2.580985 9.077037
 9.760000 -2.369915 2.495677 9.972183
 9.780000 -2.233343 2.726555 8.912320
 9.800000 -2.392159 2.643056 9.300762
 9.820000 -2.202914 2.634341 8.901217
 9.840000 -2.348342 2.603553 9.354232
 9.860000 -2.324841 2.851754 8.936511
 9.880000 -2.359413 2.907651 8.870510
 9.900000 -2.347144 2.803944 8.934490
 9.920000 -2.553270 2.738521 9.000760
 9.940000 -2.667891 2.928367 8.082351
 9.960000 -2.744677 3.071796 7.574692
 9.980000 -2.954264 2.868072 8.242368
 10.000000 -2.794911 2.934074 7.918360
 10.020000 -2.838136 -3.140970 7.298313
 10.040000 -2.808080 -3.039338 7.048895
 10.060000 -2.737285 3.108640 7.502811
 10.080000 -2.784880 -3.128158 7.325752
 10.100000 -2.806682 -3.016318 6.970513
 10.120000 -2.775623 3.080199 7.511965
 10.140000 -2.918436 2.982845 7.644684
 10.160000 -2.922915 2.885030 8.136387
 10.180000 -2.747559 2.961422 7.860237
 10.200000 -2.945183 2.825541 8.583986
 10.220000 -2.614368 2.818803 8.576294
 10.240000 -2.630153 2.867038 8.355436
 10.260000 -2.550504 3.056160 8.090649
 10.280000 -2.471898 2.910870 8.595397
 10.300000 -2.472171 2.774741 8.882699
 10.320000 -2.610692 2.753476 8.927469
 10.340000 -2.587989 2.746217 8.965259
 10.360000 -2.628923 2.674545 9.527121
 10.380000 -2.755562 2.580285 11.013213
 10.400000 -2.501819 2.571912 9.992632
 10.420000 -2.591158 2.660388 9.562629
 10.440000 -2.436583 2.664413 9.282339
 10.460000 -2.295018 2.599154 9.225301
 10.480000 -2.364768 2.627218 9.305688
 10.500000 -2.227096 2.665362 8.925698
 10.520000 -2.315552 2.614404 9.232626
 10.540000 -2.570051 2.588818 10.102632
 10.560000 -2.675012 2.536498 11.141871
 10.580000 -2.553227 2.764593 8.869444
 10.600000 -2.838345 2.547123 11.888210
 10.620000 -2.621262 2.690656 9.380144
 10.640000 -2.814930 2.724906 9.444401
 10.660000 -2.745732 3.029712 7.671496
 10.680000 -2.587385 3.010926 8.071912
 10.700000 -2.667480 3.004066 7.879153
 10.720000 -2.652270 2.997374 7.929745
 10.740000 -2.687246 -2.986967 6.933963
 10.760000 -2.899729 -2.933240 6.612785
 10.780000 -2.964707 -3.057632 6.956215
 10.800000 -2.910318 -2.999658 6.851705
 10.820000 -2.945800 -2.912101 6.503045
 10.840000 -2.747083 -2.852606 6.168475
 10.860000 -2.672187 -3.060675 7.276325
 10.880000 -2.643993 -3.121491 7.544277
 10.900000 -2.485607 -3.067149 7.751790
 10.920000 -2.776616 3.000299 7.708040
 10.940000 -2.721429 3.050691 7.661339
 10.960000 -2.927137 2.847663 8.402343
 10.980000 -2.911261 2.859536 8.313080
 11.000000 -2.860361 2.742600 9.334398
 11.020000 -2.786411 2.774903 8.911998
 11.040000 -2.770742 2.802303 8.674783
 11.060000 -2.504028 2.919252 8.493945
 11.080000 -2.491990 2.836299 8.689352
 11.100000 -2.412068 2.843528 8.819011
 11.120000 -2.381027 2.833047 8.877057
 11.140000 -2.507178 2.842062 8.647439
 11.160000 -2.434556 2.830199 8.800649
 11.180000 -2.475031 2.729554 9.038168
 11.200000 -2.497750 2.831946 8.689814
 11.220000 -2.599370 2.709297 9.210604
 11.240000 -2.655062 2.778363 8.782067
 11.260000 -2.798425 2.774940 8.926205
 11.280000 -2.725923 2.858601 8.307813
 11.300000 -2.794825 2.786296 8.823994
 11.320000 -2.717085 2.963548 7.893751
 11.340000 -2.701388 2.949565 7.960671
 11.360000 -2.687651 2.977326 7.903983
 11.380000 -2.677889 3.037000 7.779536
 11.400000 -2.776953 3.000317 7.707604
 11.420000 -2.734448 3.035299 7.675324
 11.440000 -2.760279 3.092936 7.503783
 11.460000 -2.750062 3.102309 7.497510
 11.480000 -2.747991 3.043397 7.635213
 11.500000 -2.676097 3.058987 7.734181
 11.520000 -2.710762 2.954996 7.929437
 11.540000 -2.561629 3.000311 8.170925
 11.560000 -2.654389 2.807472 8.609463
 11.580000 -2.624278 2.813599 8.593187
 11.600000 -2.665204 2.630252 10.046096
 11.620000 -2.656772 2.732638 9.102347
 11.640000 -2.755935 2.618932 10.517490
 11.660000 -2.590366 2.737266 9.019960
 11.680000 -2.461851 2.770439 8.903654
 11.700000 -2.305179 2.895275 8.964307
 11.720000 -2.160625 2.854326 8.986648
 11.740000 -2.079191 2.798651 8.796270
 11.760000 -2.050936 2.852626 8.935251
 11.780000 -1.858233 2.706859 8.427960
 11.800000 -1.930934 2.643633 8.320771
 11.820000 -1.996932 2.607135 8.431487
 11.840000 -1.963650 2.524168 8.663588
 11.860000 -1.995757 2.533181 8.654853
 11.880000 -1.974000 2.495873 8.844054
 11.900000 -1.877865 2.306310 11.357050
 11.920000 -1.956260 2.468166 9.045224
 11.940000 -1.793653 2.359720 10.709327
 11.960000 -1.826856 2.402368 9.948066
 11.980000 -1.646920 2.348947 11.373146
 12.000000 -1.722528 2.457727 9.512985
 12.020000 -1.443610 2.499512 10.131237
 12.040000 -1.510738 2.667669 9.827208
 12.060000 -1.335563 2.601795 10.551212
 12.080000 -1.440664 2.844169 12.055127
 12.100000 -1.440440 2.923803 12.997993
 12.120000 -1.401160 2.878000 12.750350
 12.140000 -1.403234 2.807098 11.878595
 12.160000 -1.297382 2.719047 11.550581
 12.180000 -1.307129 2.746139 11.771467
 12.200000 -1.247579 2.732147 11.921203
 12.220000 -1.336124 2.542033 10.452234
 12.240000 -1.370043 2.366552 11.517850
 12.260000 -1.448601 2.407690 10.912273
 12.280000 -1.567738 2.345522 11.629033
 12.300000 -1.474760 2.351107 11.671043
 12.320000 -1.621737 2.191190 14.950341
 12.340000 -1.425821 2.143547 15.807947
 12.360000 -1.369895 2.265025 13.088903
 12.380000 -1.178675 2.032235 16.525219
 12.400000 -1.143196 2.102825 15.046601
 12.420000 -0.993069 2.107817 14.730207
 12.440000 -1.073971 2.243463 12.874469
 12.460000 -1.112644 2.324358 12.047176
 12.480000 -0.965837 2.268056 12.916110
 12.500000 -1.114329 2.442281 11.398391
 12.520000 -1.208180 2.572246 11.037092
 12.540000 -1.284522 2.592593 10.765569
 12.560000 -1.271256 2.498054 10.750842
 12.580000 -1.392961 2.693827 10.773087
 12.600000 -1.461339 2.542466 9.891152
 12.620000 -1.490352 2.660960 9.922226
 12.640000 -1.791066 2.501412 8.918232
 12.660000 -1.659459 2.616787 8.844213
 12.680000 -1.899561 2.666774 8.321702
 12.700000 -1.979968 2.659521 8.379983
 12.720000 -2.193949 2.554228 9.062550
 12.740000 -2.259566 2.531127 9.363917
 12.760000 -2.411003 2.722801 9.053177
 12.780000 -2.493395 2.565359 10.010411
 12.800000 -2.539455 2.489618 10.860627
 12.820000 -2.761459 2.460433 12.689714
 12.840000 -2.651508 2.723943 9.163152
 12.860000 -2.861442 2.513904 12.513076
 12.880000 -2.842883 2.741031 9.323048
 12.900000 -2.954214 2.750706 9.341329
 12.920000 -2.916624 2.907570 8.000646
 12.940000 -2.863616 -3.124708 7.234209
 12.960000 -2.904803 3.108668 7.302619
 12.980000 -2.909404 3.020006 7.526394
 13.000000 -2.848407 -3.049437 7.051535
 13.020000 -2.795258 -2.853034 6.192757
 13.040000 -2.795728 3.110810 7.417347
 13.060000 -2.499728 -3.030356 7.516994
 13.080000 -2.789443 -3.129484 7.323768
 13.100000 -2.474087 -2.838386 6.241527
 13.120000 -2.594497 -3.101265 7.594096
 13.140000 -2.464439 -3.071139 7.834991
 13.160000 -2.411601 -3.023724 7.722946
 13.180000 -2.361507 -3.141425 8.468422
 13.200000 -2.428452 -3.114405 8.148735
 13.220000 -2.581238 2.898529 8.343670
 13.240000 -2.626194 2.857533 8.397445
 13.260000 -2.860954 2.756764 9.185102
 13.280000 -2.745126 2.658396 10.005557
 13.300000 -2.935497 2.454065 13.802404
 13.320000 -2.751704 2.619611 10.492195
 13.340000 -2.787363 2.485703 12.510150
 13.360000 -2.535259 2.430267 11.388735
 13.380000 -2.486727 2.417676 11.179259
 13.400000 -2.329400 2.469607 9.957521
 13.420000 -2.168112 2.604572 8.853733
 13.440000 -2.146734 2.531338 9.004220
 13.460000 -2.073186 2.501632 8.954134
 13.480000 -2.139536 2.372515 10.068009
 13.500000 -1.860751 2.655927 8.322662
 13.520000 -1.971267 2.567898 8.483353
 13.540000 -1.642739 2.586901 8.938203
 13.560000 -1.632792 2.566595 9.027914
 13.580000 -1.581831 2.646216 9.295275
 13.600000 -1.611184 2.695644 9.340402
 13.620000 -1.584231 2.479883 9.740192
 13.640000 -1.573998 2.561794 9.306069
 13.660000 -1.582175 2.498579 9.593199
 13.680000 -1.326333 2.625634 10.700281
 13.700000 -1.408530 2.481135 10.360392
 13.720000 -1.259429 2.508866 10.773531
 13.740000 -1.352920 2.370604 11.476418
 13.760000 -1.421275 2.643617 10.260717
 13.780000 -1.416771 2.423211 10.805556
 13.800000 -1.326932 2.406347 11.122839
 13.820000 -1.279348 2.396083 11.273245
 13.840000 -1.370603 2.459320 10.613140
 13.860000 -1.175202 2.387682 11.478664
 13.880000 -1.314630 2.219755 13.737144
 13.900000 -1.200120 2.369620 11.574414
 13.920000 -1.470870 2.368793 11.400176
 13.940000 -1.359602 2.413566 11.007326
 13.960000 -1.346228 2.309078 12.314725
 13.980000 -1.202244 2.392005 11.404791
 14.000000 -1.328472 2.462235 10.710723
 14.020000 -1.408574 2.584979 10.134507
 14.040000 -1.388134 2.507168 10.309360
 14.060000 -1.448353 2.739737 10.818653
 14.080000 -1.275357 2.680278 11.321123
 14.100000 -1.355130 2.745967 11.498604
 14.120000 -1.377401 2.745009 11.351096
 14.140000 -1.506382 2.704357 10.097625
 14.160000 -1.611113 2.813900 10.317984
 14.180000 -1.692492 2.719108 9.007044
 14.200000 -1.859796 2.704232 8.418289
 14.220000 -1.953658 2.654052 8.344203
 14.240000 -2.118787 2.684468 8.673046
 14.260000 -2.182395 2.535359 9.095583
 14.280000 -2.256289 2.491705 9.542794
 14.300000 -2.401566 2.439334 10.507830
 14.320000 -2.472566 2.419998 11.069125
 14.340000 -2.664020 2.438114 12.243679
 14.360000 -2.781058 2.437438 13.149130
 14.380000 -2.889211 2.554152 12.000023
 14.400000 -2.913551 2.627852 10.933545
 14.420000 -2.879474 2.777572 8.996850
 14.440000 -2.817251 2.901454 8.058859
 14.460000 -2.714378 2.963845 7.896905
 14.480000 -2.573087 3.083105 7.955646
 14.500000 -2.560433 -3.065067 7.533041
 14.520000 -2.570155 -3.049610 7.437082
 14.540000 -2.480827 -2.996210 7.363289
 14.560000 -2.590999 -2.996671 7.122470
 14.580000 -2.615512 -3.063797 7.396987
 14.600000 -2.742723 -2.858402 6.202303
 14.620000 -2.743541 -3.023346 7.040566
 14.640000 -2.779229 -3.079828 7.200679
 14.660000 -2.708710 -3.059709 7.217068
 14.680000 -2.809618 -3.140894 7.328465
 14.700000 -2.796231 3.128631 7.375743
 14.720000 -2.743984 3.004510 7.738261
 14.740000 -2.861989 2.824501 8.565981
 14.760000 -2.624059 2.778386 8.780456
 14.780000 -2.683833 2.718088 9.257640
 14.800000 -2.630476 2.723875 9.139467
 14.820000 -2.598506 2.662264 9.563338
 14.840000 -2.550119 2.586276 10.051970
 14.860000 -2.590713 2.578331 10.279020
 14.880000 -2.409599 2.606025 9.501672
 14.900000 -2.534507 2.570356 10.126809
 14.920000 -2.415358 2.607427 9.509299
 14.940000 -2.313722 2.583223 9.333152
 14.960000 -2.227417 2.593323 9.048120
 14.980000 -2.237141 2.672008 8.941483
 15.000000 -2.257897 2.593419 9.136787
 15.020000 -2.293786 2.711289 8.998736
 15.040000 -2.279790 2.726964 8.970376
 15.060000 -2.237725 2.556793 9.190837
 15.080000 -2.214899 2.600944 8.993623
 15.100000 -2.422762 2.666350 9.255749
 15.120000 -2.191665 2.712961 8.841282
 15.140000 -2.250467 2.703471 8.944231
 15.160000 -2.184415 2.547394 9.056961
 15.180000 -2.322486 2.567722 9.421189
 15.200000 -2.357827 2.782918 8.946924
 15.220000 -2.547815 2.716440 9.121455
 15.240000 -2.530951 2.797299 8.749045
 15.260000 -2.658056 2.630221 10.021955
 15.280000 -2.689828 2.827487 8.487713
 15.300000 -2.756709 2.827624 8.489533
 15.320000 -2.955816 2.778537 9.035014
 15.340000 -2.767006 2.951507 7.873395
 15.360000 -2.865712 3.083787 7.402319
 15.380000 -2.748841 2.983697 7.789822
 15.400000 -2.747036 3.084171 7.543100
 15.420000 -2.788255 -3.122607 7.307948
 15.440000 -2.855241 -3.051841 7.053403
 15.460000 -2.674016 -3.041663 7.197188
 15.480000 -2.917916 3.056659 7.413401
 15.500000 -2.726308 -2.999052 6.954250
 15.520000 -2.710069 -2.972712 6.843921
 15.540000 -2.798473 -3.100553 7.239544
 15.560000 -2.566627 3.057738 8.035571
 15.580000 -2.675448 3.102410 7.635641
 15.600000 -2.667486 3.083521 7.698285
 15.620000 -2.653330 2.945259 8.059691
 15.640000 -2.738592 2.731000 9.235851
 15.660000 -2.824335 2.700377 9.740297
 15.680000 -2.536844 2.849366 8.572734
 15.700000 -2.798573 2.640113 10.407850
 15.720000 -2.500399 2.660729 9.393591
 15.740000 -2.479923 2.727733 9.045613
 15.760000 -2.313084 2.857383 8.948930
 15.780000 -2.230026 2.813288 8.955969
 15.800000 -2.156781 2.711434 8.772661
 15.820000 -2.282523 2.702428 8.993444
 15.840000 -2.151712 2.875523 9.025258
 15.860000 -2.370373 2.781020 8.943047
 15.880000 -2.428409 2.622903 9.462920
 15.900000 -2.475012 2.607981 9.660108
 15.920000 -2.558786 2.703307 9.208771
 15.940000 -2.534637 2.776498 8.826828
 15.960000 -2.612721 2.587726 10.278548
 15.980000 -2.601676 2.676013 9.460577
 16.000000 -2.612227 2.718979 9.156034
 16.020000 -2.531047 2.852605 8.574800
 16.040000 -2.785737 2.658180 10.137987
 16.060000 -2.685428 2.663573 9.769851
 16.080000 -2.842996 2.822655 8.569216
 16.100000 -2.816883 2.843923 8.401024
 16.120000 -2.933394 2.834951 8.504315
 16.140000 -2.904911 2.929567 7.887257
 16.160000 -2.867912 3.031095 7.532477
 16.180000 -2.687051 3.080110 7.662438
 16.200000 -2.697376 3.027837 7.759661
 16.220000 -2.643878 2.951003 8.063935
 16.240000 -2.605700 3.134347 7.722605
 16.260000 -2.697878 3.088699 7.620288
 16.280000 -2.523491 3.030641 8.234366
 16.300000 -2.571258 2.992274 8.157748
 16.320000 -2.571823 3.067504 7.996891
 16.340000 -2.502071 3.099627 8.143621
 16.360000 -2.429176 3.061427 8.488938
 16.380000 -2.496675 3.073465 8.230887
 16.400000 -2.354629 3.036039 8.771965
 16.420000 -2.488729 3.022756 8.366608
 16.440000 -2.512565 2.805815 8.741889
 16.460000 -2.579905 2.905808 8.327435
 16.480000 -2.842476 2.680064 10.031725
 16.500000 -3.004179 2.735821 9.517873
 16.520000 -3.075492 2.688698 10.050227
 16.540000 3.131937 2.744366 9.051655
 16.560000 -2.879205 2.819968 8.612582
 16.580000 -2.755424 2.829870 8.474568
 16.600000 -2.575318 2.803972 8.677436
 16.620000 -2.483477 2.964339 8.480610
 16.640000 -2.428500 3.011938 8.585131
 16.660000 -2.483252 3.000943 8.423293
 16.680000 -2.454054 2.927228 8.621501
 16.700000 -2.535996 2.865006 8.531839
 16.720000 -2.628998 3.019819 7.936799
 16.740000 -2.654600 2.825878 8.511963
 16.760000 -2.768496 2.801196 8.681513
 16.780000 -2.660061 2.827682 8.499617
 16.800000 -2.671821 2.888224 8.217291
 16.820000 -2.564365 2.891921 8.399112
 16.840000 -2.679608 2.785508 8.742298
 16.860000 -2.645787 2.839175 8.454285
 16.880000 -2.835052 2.947652 7.838540
 16.900000 -2.851783 2.925821 7.927364
 16.920000 -2.981619 2.796166 8.851405
 16.940000 -2.818764 3.005268 7.650315
 16.960000 -2.852882 2.959082 7.781947
 16.980000 -2.655529 2.933818 8.088304
 17.000000 -2.639780 2.902005 8.216710
 17.020000 -2.450090 2.961816 8.587999
 17.040000 -2.393934 2.975847 8.738783
 17.060000 -2.471005 2.970133 8.511288
 17.080000 -2.586522 2.682583 9.384588
 17.100000 -2.751895 2.854013 8.327243
 17.120000 -2.764674 2.802741 8.667205
 17.140000 -2.804886 2.793623 8.772771
 17.160000 -2.690605 2.692047 9.505269
 17.180000 -2.651624 2.641064 9.893000
 17.200000 -2.480474 2.891474 8.604070
 17.220000 -2.534658 2.871769 8.517339
 17.240000 -2.573228 2.743004 8.980330
 17.260000 -2.576454 2.747241 8.957030
 17.280000 -2.530499 2.944703 8.371304
 17.300000 -2.601777 2.926966 8.222176
 17.320000 -2.644759 2.907030 8.191497
 17.340000 -2.796954 2.943429 7.879255
 17.360000 -2.759381 2.984174 7.775202
 17.380000 -2.797006 2.970599 7.779388
 17.400000 -2.790058 2.925385 7.957852
 17.420000 -2.689578 2.956104 7.960102
 17.440000 -2.665234 2.965001 7.981351
 17.460000 -2.615593 2.957775 8.112293
 17.480000 -2.718431 2.891134 8.156111
 17.500000 -2.734388 2.978036 7.825794
 17.520000 -2.796511 3.133301 7.364564
 17.540000 -2.692084 3.125491 7.543297
 17.560000 -2.730793 3.052188 7.641607
 17.580000 -2.668127 3.030911 7.815394
 17.600000 -2.684302 -3.121965 7.461565
 17.620000 -2.659176 3.113723 7.644414
 17.640000 -2.588265 3.043227 8.001163
 17.660000 -2.603671 3.052525 7.935175
 17.680000 -2.732952 2.958717 7.887005
 17.700000 -2.831594 2.898502 8.071244
 17.720000 -2.945851 2.856031 8.335189
 17.740000 -2.937086 2.908514 7.985529
 17.760000 -2.809819 2.814895 8.607290
 17.780000 -2.789121 2.830858 8.479709
 17.800000 -2.705041 2.744005 9.070460
 17.820000 -2.655991 2.880387 8.268527
 17.840000 -2.697667 2.807522 8.605368
 17.860000 -2.608839 2.794485 8.697559
 17.880000 -2.515589 2.742478 8.981589
 17.900000 -2.584651 2.890605 8.358287
 17.920000 -2.543143 2.930874 8.362672
 17.940000 -2.742375 2.908818 8.060650
 17.960000 -2.755465 2.903781 8.073203
 17.980000 -2.585774 2.908471 8.307084
 18.000000 -2.579391 2.981719 8.155618
 18.020000 -2.541222 2.897284 8.440805
 18.040000 -2.532947 2.933207 8.386453
 18.060000 -2.594898 2.814672 8.612703
 18.080000 -2.632499 2.882221 8.296386
 18.100000 -2.699521 2.792575 8.702818
 18.120000 -2.815361 2.784003 8.865957
 18.140000 -2.734094 2.966334 7.861489
 18.160000 -2.732663 3.010427 7.739584
 18.180000 -2.638324 2.920393 8.161752
 18.200000 -2.638695 2.995782 7.966101
 18.220000 -2.659043 3.132873 7.594341
 18.240000 -2.557141 3.122361 7.898582
 18.260000 -2.547016 3.082443 8.039910
 18.280000 -2.630154 2.878048 8.314939
 18.300000 -2.581473 3.011712 8.087785
 18.320000 -2.801067 3.021867 7.621894
 18.340000 -2.810434 2.882127 8.163556
 18.360000 -2.788184 2.840667 8.413406
 18.380000 -2.813238 2.919682 7.971524
 18.400000 -2.789487 2.961989 7.815837
 18.420000 -2.731426 2.832983 8.451344
 18.440000 -2.766926 2.814700 8.581797
 18.460000 -2.583826 2.861245 8.450068
 18.480000 -2.561302 2.725163 9.078291
 18.500000 -2.542177 2.736701 9.008771
 18.520000 -2.461281 2.813841 8.791341
 18.540000 -2.490227 2.827872 8.712764
 18.560000 -2.373661 2.852383 8.872397
 18.580000 -2.357695 2.862074 8.891443
 18.600000 -2.418991 2.912719 8.731619
 18.620000 -2.372589 3.030783 8.727939
 18.640000 -2.483325 2.940667 8.517720
 18.660000 -2.580598 2.722389 9.106777
 18.680000 -2.628521 2.714986 9.202994
 18.700000 -2.739327 2.824867 8.502777
 18.720000 -2.857044 2.676652 10.112192
 18.740000 -2.773540 2.680502 9.837926
 18.760000 -2.904838 2.647625 10.623780
 18.780000 -2.701296 2.767728 8.879840
 18.800000 -2.698677 2.852444 8.351731
 18.820000 -2.605056 2.881886 8.344657
 18.840000 -2.516582 2.951082 8.400792
 18.860000 -2.402454 3.040454 8.619078
 18.880000 -2.580308 2.951656 8.217249
 18.900000 -2.537836 2.929931 8.379301
 18.920000 -2.780909 2.980317 7.763060
 18.940000 -2.740096 3.138387 7.426796
 18.960000 -2.695875 3.052834 7.705391
 18.980000 -2.723231 2.994204 7.797013
 19.000000 -2.674838 3.080057 7.689457
 19.020000 -2.662700 -3.126544 7.518821
 19.040000 -2.650555 3.106813 7.682343
 19.060000 -2.680788 2.993785 7.875403
 19.080000 -2.640742 3.018565 7.909408
 19.100000 -2.813414 3.029142 7.590032
 19.120000 -2.755551 3.070205 7.562099
 19.140000 -2.870428 3.033955 7.522243
 19.160000 -2.686212 3.021990 7.796204
 19.180000 -2.709782 3.045087 7.695718
 19.200000 -2.695493 3.051316 7.709612
 19.220000 -2.753783 2.891555 8.130445
 19.240000 -2.841820 2.936485 7.882704
 19.260000 -2.948958 2.796814 8.849055
 19.280000 -2.928611 2.746858 9.370245
 19.300000 -2.928120 2.648593 10.657147
 19.320000 -2.861733 2.766491 9.086920
 19.340000 -2.778843 2.720720 9.414524
 19.360000 -2.579740 2.831292 8.562617
 19.380000 -2.434715 2.815644 8.826035
 19.400000 -2.366341 2.876525 8.870801
 19.420000 -2.262920 2.911085 9.021795
 19.440000 -2.215719 2.854762 8.996550
 19.460000 -2.113526 2.816352 8.876212
 19.480000 -2.049027 2.685528 8.522300
 19.500000 -1.982629 2.730547 8.499206
 19.520000 -1.984345 2.689695 8.416826
 19.540000 -1.824075 2.570724 8.461620
 19.560000 -1.892733 2.674261 8.331788
 19.580000 -1.858557 2.595430 8.359341
 19.600000 -1.840494 2.589784 8.386206
 19.620000 -1.949907 2.503502 8.778359
 19.640000 -2.026419 2.481222 8.997998
 19.660000 -2.005495 2.423871 9.457895
 19.680000 -2.034152 2.452451 9.221035
 19.700000 -2.037560 2.345934 10.331263
 19.720000 -1.991347 2.398184 9.731713
 19.740000 -2.011335 2.434735 9.356415
 19.760000 -1.968882 2.393972 9.797004
 19.780000 -1.967483 2.587091 8.424618
 19.800000 -2.027249 2.472271 9.061883
 19.820000 -2.140475 2.628282 8.742847
 19.840000 -2.132648 2.676027 8.702437
 19.860000 -2.305658 2.735359 8.986674
 19.880000 -2.219509 2.888798 9.035773
 19.900000 -2.319449 2.948828 8.939572
 19.920000 -2.386922 2.979006 8.755231
 19.940000 -2.368961 3.057703 8.689074
 19.960000 -2.512765 3.042436 8.246343
 19.980000 -2.718619 3.004790 7.776728
 20.000000 -2.793184 3.073424 7.505567
