#! FIELDS time phi psi metad.bias
#! SET min_phi -pi
#! SET max_phi pi
#! SET min_psi -pi
#! SET max_psi pi
 0.000000 3.141580 -3.141577 9.787698
 0.020000 -2.463500 2.783583 9.060813
 0.040000 -2.508091 2.758767 9.480793
 0.060000 -2.538107 2.754118 9.777725
 0.080000 -2.527795 2.782098 9.612737
 0.100000 -2.588534 2.752754 10.299890
 0.120000 -2.504683 2.763284 9.441150
 0.140000 -2.508159 2.759207 9.480593
 0.160000 -2.486904 2.807243 9.210767
 0.180000 -2.450094 2.755922 8.981631
 0.200000 -2.425872 2.801291 8.772016
 0.220000 -2.455308 2.733589 9.043240
 0.240000 -2.406495 2.721770 8.651734
 0.260000 -2.510335 2.715386 9.579733
 0.280000 -2.554095 2.694443 10.084998
 0.300000 -2.503838 2.735447 9.482324
 0.320000 -2.617251 2.720962 10.726853
 0.340000 -2.515292 2.827769 9.394963
 0.360000 -2.504250 2.711947 9.524422
 0.380000 -2.429322 2.827700 8.776929
 0.400000 -2.396818 2.801958 8.588350
 0.420000 -2.315547 2.855121 8.262634
 0.440000 -2.405624 2.809116 8.640341
 0.460000 -2.421719 2.840066 8.721921
 0.480000 -2.544480 2.761933 9.821275
 0.500000 -2.671448 2.654959 11.619531
 0.520000 -2.675689 2.701053 11.496139
 0.540000 -2.790311 2.611969 13.288207
 0.560000 -2.653038 2.671979 11.328483
 0.580000 -2.669243 2.506777 11.903716
 0.600000 -2.467467 2.608787 9.254249
 0.620000 -2.480746 2.663061 9.347901
 0.640000 -2.369563 2.731619 8.393376
 0.660000 -2.447276 2.744907 8.967110
 0.680000 -2.486990 2.696951 9.373777
 0.700000 -2.450984 2.824989 8.920707
 0.720000 -2.558844 2.895234 9.511304
 0.740000 -2.361995 2.870896 8.427876
 0.760000 -2.443019 2.830705 8.861477
 0.780000 -2.172168 2.990210 8.549928
 0.800000 -2.185806 2.934789 8.394400
 0.820000 -2.055078 2.844010 8.469621
 0.840000 -2.187952 2.677233 7.482192
 0.860000 -2.225551 2.677052 7.585030
 0.880000 -2.337262 2.806529 8.283194
 0.900000 -2.376337 2.628598 8.392240
 0.920000 -2.453854 2.617363 9.107465
 0.940000 -2.585839 2.624562 10.613801
 0.960000 -2.539939 2.809638 9.651074
 0.980000 -2.672073 2.659639 11.611220
 1.000000 -2.507069 2.620027 9.678622
 1.020000 -2.524303 2.631740 9.860146
 1.040000 -2.444854 2.740131 8.950499
 1.060000 -2.438076 2.842558 8.817773
 1.080000 -2.595604 2.771880 10.308635
 1.100000 -2.605618 2.790694 10.340470
 1.120000 -2.481193 3.013718 8.603200
 1.140000 -2.575671 3.016924 9.006009
 1.160000 -2.581311 3.056454 8.779996
 1.180000 -2.567015 -3.098746 7.733305
 1.200000 -2.740917 -3.048313 7.766828
 1.220000 -2.553125 -2.952934 6.299976
 1.240000 -2.583520 -3.131653 8.062713
 1.260000 -2.736531 -3.107634 8.398415
 1.280000 -2.678161 -2.967852 6.696854
 1.300000 -2.939318 -3.081489 8.869796
 1.320000 -2.952597 3.132294 9.792246
 1.340000 -3.012453 -3.131290 9.682290
 1.360000 -2.894726 -2.946216 7.114017
 1.380000 -2.857719 -3.021250 7.871155
 1.400000 -2.562673 -3.022030 7.009444
 1.420000 -2.650696 -3.047104 7.459456
 1.440000 -2.452066 -2.906490 5.798104
 1.460000 -2.474568 -3.036069 7.048311
 1.480000 -2.397312 3.062524 8.201817
 1.500000 -2.358329 2.985659 8.355346
 1.520000 -2.414357 2.974561 8.505467
 1.540000 -2.487614 2.773577 9.272703
 1.560000 -2.556852 2.746646 9.986062
 1.580000 -2.464672 2.599837 9.230617
 1.600000 -2.444282 2.692668 8.973730
 1.620000 -2.267991 2.666857 7.732519
 1.640000 -2.411629 2.489264 8.727025
 1.660000 -2.478997 2.483079 9.449488
 1.680000 -2.644686 2.374175 11.478389
 1.700000 -2.647736 2.296134 11.310023
 1.720000 -2.538198 2.241498 9.928878
 1.740000 -2.596151 2.367007 10.835620
 1.760000 -2.637127 2.349457 11.327371
 1.780000 -2.686015 2.383783 12.046664
 1.800000 -2.755150 2.395083 12.978674
 1.820000 -2.629884 2.361709 11.259902
 1.840000 -2.325106 2.557153 7.969825
 1.860000 -2.359647 2.599989 8.248446
 1.880000 -2.125014 2.586602 7.125613
 1.900000 -2.173503 2.724850 7.624520
 1.920000 -2.127412 2.687926 7.449374
 1.940000 -1.950967 2.699030 7.932564
 1.960000 -1.919080 2.853092 9.447263
 1.980000 -1.950707 2.804503 8.782067
 2.000000 -1.931458 2.989155 10.314180
 2.020000 -1.997013 2.882723 9.073277
 2.040000 -2.077371 2.812021 8.179192
 2.060000 -2.025190 2.839032 8.591213
 2.080000 -2.087627 2.685784 7.454489
 2.100000 -2.240288 2.796674 7.965030
 2.120000 -2.205499 2.574213 7.312808
 2.140000 -2.414871 2.559756 8.738714
 2.160000 -2.466170 2.564770 9.268487
 2.180000 -2.455680 2.686487 9.082323
 2.200000 -2.562310 2.604361 10.357031
 2.220000 -2.458626 2.596879 9.168555
 2.240000 -2.586786 2.529903 10.765636
 2.260000 -2.672703 2.382985 11.867787
 2.280000 -2.720091 2.565915 12.516896
 2.300000 -2.688422 2.503119 12.170716
 2.320000 -2.637661 2.597221 11.340495
 2.340000 -2.436662 2.620934 8.934279
 2.360000 -2.536336 2.626773 10.007450
 2.380000 -2.499763 2.697746 9.500451
 2.400000 -2.592069 2.736057 10.392620
 2.420000 -2.534666 2.809601 9.604737
 2.440000 -2.395343 2.869435 8.567677
 2.460000 -2.310889 2.792807 8.156017
 2.480000 -2.329128 2.701316 8.112751
 2.500000 -2.304465 2.883222 8.269938
 2.520000 -2.276658 2.869737 8.201204
 2.540000 -2.083923 2.911590 8.704161
 2.560000 -2.056228 2.749414 7.862607
 2.580000 -2.096987 2.878349 8.475840
 2.600000 -2.278471 2.926407 8.286963
 2.620000 -2.468899 2.823783 9.047661
 2.640000 -2.683495 2.690685 11.634734
 2.660000 -2.622797 2.646504 11.026682
 2.680000 -2.726648 2.558959 12.619191
 2.700000 -2.582191 2.516219 10.715575
 2.720000 -2.490562 2.301714 9.537297
 2.740000 -2.496247 2.324683 9.612659
 2.760000 -2.315956 2.221091 8.386438
 2.780000 -2.403452 2.241552 8.805219
 2.800000 -2.332458 2.203264 8.500134
 2.820000 -2.240215 2.403177 7.547235
 2.840000 -2.250503 2.428258 7.552956
 2.860000 -2.352771 2.411325 8.243296
 2.880000 -2.373762 2.316308 8.513032
 2.900000 -2.364367 2.489105 8.290029
 2.920000 -2.350328 2.558913 8.164244
 2.940000 -1.926111 2.567698 7.320836
 2.960000 -1.995305 2.557286 7.103968
 2.980000 -1.860199 2.625557 7.889278
 3.000000 -1.981743 2.613190 7.319217
 3.020000 -2.104706 2.543031 7.032457
 3.040000 -2.157438 2.478163 7.127877
 3.060000 -2.124041 2.598907 7.151790
 3.080000 -2.332723 2.636246 8.068280
 3.100000 -2.374450 2.639294 8.380619
 3.120000 -2.606341 2.520991 11.033989
 3.140000 -2.782048 2.558356 13.344309
 3.160000 -2.642437 2.744185 10.925491
 3.180000 -2.688487 2.721387 11.559682
 3.200000 -2.512783 2.696355 9.635937
 3.220000 -2.534645 2.737210 9.782264
 3.240000 -2.605622 2.757508 10.466483
 3.260000 -2.647846 2.808055 10.692565
 3.280000 -2.642918 2.740761 10.945123
 3.300000 -2.592424 2.814218 10.118266
 3.320000 -2.501529 3.014599 8.677505
 3.340000 -2.682883 2.961125 10.057180
 3.360000 -2.750472 2.976039 10.433757
 3.380000 -2.855133 3.058883 10.262012
 3.400000 -2.863143 3.079060 10.072917
 3.420000 -2.662460 3.116116 8.670810
 3.440000 -2.553379 2.968988 9.146736
 3.460000 -2.420839 3.058343 8.253567
 3.480000 -2.376640 -3.129295 7.746714
 3.500000 -2.337366 3.023521 8.268304
 3.520000 -2.432020 2.973347 8.565576
 3.540000 -2.365243 2.983810 8.369491
 3.560000 -2.429894 2.998439 8.488591
 3.580000 -2.534343 2.981552 8.982688
 3.600000 -2.723030 2.937514 10.545269
 3.620000 -2.825437 2.936854 11.354007
 3.640000 -2.786207 3.065472 9.805344
 3.660000 -2.767792 2.882323 11.363022
 3.680000 -2.558766 2.889562 9.533706
 3.700000 -2.541220 2.821581 9.627962
 3.720000 -2.426721 2.771256 8.792842
 3.740000 -2.597738 2.674820 10.639958
 3.760000 -2.511056 2.648894 9.687203
 3.780000 -2.574345 2.622678 10.474407
 3.800000 -2.371902 2.836874 8.461026
 3.820000 -2.449488 2.755828 8.976823
 3.840000 -2.492743 2.733484 9.380303
 3.860000 -2.538502 2.789120 9.693885
 3.880000 -2.557278 2.917445 9.406978
 3.900000 -2.500395 2.894576 9.112216
 3.920000 -2.292129 2.755640 8.015045
 3.940000 -2.281171 2.779194 8.023831
 3.960000 -2.235437 2.916148 8.274176
 3.980000 -2.331212 2.892524 8.338628
 4.000000 -2.463792 2.814745 9.023513
 4.020000 -2.436662 2.901895 8.733487
 4.040000 -2.441166 2.956195 8.643047
 4.060000 -2.583516 3.039757 8.901317
 4.080000 -2.671159 2.999415 9.689914
 4.100000 -2.730609 3.087042 9.279312
 4.120000 -2.743395 -3.048540 7.778224
 4.140000 -2.717419 -3.083401 8.063376
 4.160000 -2.612677 3.075865 8.782370
 4.180000 -2.655069 3.067233 9.058856
 4.200000 -2.611550 -3.080911 7.684880
 4.220000 -2.768203 -3.109477 8.551820
 4.240000 -2.924147 3.000438 11.293006
 4.260000 -2.859813 3.006604 10.868525
 4.280000 -2.756962 -2.959137 6.829637
 4.300000 -2.808479 3.088690 9.680285
 4.320000 -2.639779 3.094868 8.754143
 4.340000 -2.751778 3.068466 9.578597
 4.360000 -2.625899 -3.071344 7.632771
 4.380000 -2.497998 -3.118932 7.758520
 4.400000 -2.550098 2.868827 9.546613
 4.420000 -2.544300 2.825890 9.641571
 4.440000 -2.475346 2.955701 8.791964
 4.460000 -2.568010 2.826010 9.848962
 4.480000 -2.477243 2.715649 9.258186
 4.500000 -2.228377 2.763279 7.841441
 4.520000 -2.225543 2.879164 8.190413
 4.540000 -2.123262 2.915264 8.536662
 4.560000 -2.114029 2.554769 7.057114
 4.580000 -2.222487 2.512122 7.349262
 4.600000 -2.192292 2.650958 7.417860
 4.620000 -2.212099 2.561532 7.325455
 4.640000 -2.324597 2.617250 7.997169
 4.660000 -2.371805 2.530859 8.344300
 4.680000 -2.402502 2.664238 8.616538
 4.700000 -2.442271 2.693607 8.955213
 4.720000 -2.542499 2.518809 10.200538
 4.740000 -2.525117 2.615168 9.892367
 4.760000 -2.360888 2.793548 8.384750
 4.780000 -2.357178 2.850368 8.401794
 4.800000 -2.261852 2.631372 7.642016
 4.820000 -2.362295 2.648306 8.290396
 4.840000 -2.398508 2.740000 8.594260
 4.860000 -2.352607 2.902640 8.400001
 4.880000 -2.381801 2.839029 8.508615
 4.900000 -2.423445 2.760430 8.773096
 4.920000 -2.528002 3.018569 8.769629
 4.940000 -2.611688 3.020030 9.179452
 4.960000 -2.774223 2.775437 12.222553
 4.980000 -2.609892 2.833037 10.203687
 5.000000 -2.609890 2.934995 9.691487
 5.020000 -2.543222 3.098802 8.343045
 5.040000 -2.637105 3.045728 9.134582
 5.060000 -2.715536 3.014042 9.861716
 5.080000 -2.732556 3.107443 9.087530
 5.100000 -2.570918 -3.058585 7.375673
 5.120000 -2.745289 3.009101 10.101710
 5.140000 -2.580357 3.056566 8.774936
 5.160000 -2.671220 -3.123146 8.293209
 5.180000 -2.618140 -3.073916 7.635913
 5.200000 -2.438031 3.061855 8.271105
 5.220000 -2.589518 2.896695 9.736411
 5.240000 -2.432760 2.968065 8.581664
 5.260000 -2.498149 3.051354 8.484070
 5.280000 -2.640495 2.823479 10.542277
 5.300000 -2.731155 2.770310 11.788456
 5.320000 -2.666383 2.864677 10.561810
 5.340000 -2.568690 2.804739 9.928416
 5.360000 -2.425252 2.772390 8.781720
 5.380000 -2.368452 2.622341 8.326427
 5.400000 -2.291426 2.759932 8.020732
 5.420000 -2.191582 2.898130 8.277236
 5.440000 -2.203762 2.581189 7.315119
 5.460000 -2.136202 2.574026 7.119658
 5.480000 -2.126446 2.595840 7.147654
 5.500000 -2.284131 2.618678 7.743442
 5.520000 -2.365337 2.462421 8.309833
 5.540000 -2.582176 2.449050 10.729147
 5.560000 -2.476649 2.555030 9.390309
 5.580000 -2.381846 2.640810 8.440807
 5.600000 -2.342119 2.528410 8.097154
 5.620000 -2.398086 2.414365 8.629541
 5.640000 -2.204901 2.431092 7.344897
 5.660000 -2.388566 2.459393 8.517809
 5.680000 -2.258741 2.487542 7.539478
 5.700000 -2.252828 2.365085 7.692185
 5.720000 -2.324921 2.601759 7.988357
 5.740000 -2.245421 2.628657 7.560068
 5.760000 -2.347160 2.646662 8.177765
 5.780000 -2.330040 2.565850 8.008730
 5.800000 -2.236782 2.841391 8.089237
 5.820000 -2.137154 2.985322 8.693057
 5.840000 -2.257200 2.840386 8.110005
 5.860000 -2.156993 2.745026 7.697540
 5.880000 -2.384945 2.607101 8.460349
 5.900000 -2.334915 2.735678 8.187800
 5.920000 -2.419187 2.568134 8.778814
 5.940000 -2.592725 2.573107 10.792697
 5.960000 -2.587947 2.617329 10.654778
 5.980000 -2.697931 2.812279 11.182297
 6.000000 -2.768889 2.896837 11.254590
 6.020000 -2.773177 2.713367 12.599675
 6.040000 -2.660104 3.046256 9.257054
 6.060000 -2.674295 3.032696 9.448449
 6.080000 -2.441695 3.045398 8.350736
 6.100000 -2.581196 3.074094 8.657213
 6.120000 -2.543121 -3.108506 7.762473
 6.140000 -2.352155 -2.987932 6.714798
 6.160000 -2.320685 -2.747312 4.531441
 6.180000 -2.273508 -2.809841 5.271638
 6.200000 -2.298915 -2.748291 4.615845
 6.220000 -2.455273 -2.531018 2.926075
 6.240000 -2.553887 -2.596335 3.302961
 6.260000 -2.601790 -2.668909 3.807191
 6.280000 -2.775681 -2.724374 4.754537
 6.300000 -2.722451 -2.679436 4.278703
 6.320000 -2.685655 -2.897332 5.969135
 6.340000 -2.724134 -2.912507 6.231107
 6.360000 -2.728547 -2.957691 6.728101
 6.380000 -2.733348 -2.939786 6.548038
 6.400000 -2.729820 -3.041146 7.648507
 6.420000 -2.642224 3.118531 8.561244
 6.440000 -2.706190 3.131625 8.720193
 6.460000 -2.890050 2.990784 11.220662
 6.480000 -2.928879 2.913423 12.293040
 6.500000 -3.010187 2.701135 14.647095
 6.520000 -2.823921 2.529425 13.909254
 6.540000 -2.516298 2.490019 9.888507
 6.560000 -2.496859 2.480354 9.658009
 6.580000 -2.350179 2.369720 8.269487
 6.600000 -2.184047 2.345740 7.509743
 6.620000 -2.140877 2.353284 7.399299
 6.640000 -1.905202 2.404844 7.413666
 6.660000 -1.732091 2.338084 8.442491
 6.680000 -1.915267 2.360072 7.584004
 6.700000 -1.812558 2.498215 7.638810
 6.720000 -1.658950 2.390354 8.576753
 6.740000 -1.323520 2.270645 12.045781
 6.760000 -1.316426 2.324566 11.735235
 6.780000 -1.265831 2.363697 12.070011
 6.800000 -1.432095 2.426949 10.114555
 6.820000 -1.331664 2.363877 11.332223
 6.840000 -1.293046 2.277458 12.344962
 6.860000 -1.250870 2.257659 13.011115
 6.880000 -1.308406 2.432094 11.295988
 6.900000 -1.399696 2.385438 10.538520
 6.920000 -1.447260 2.403702 10.040680
 6.940000 -1.504439 2.316997 9.975936
 6.960000 -1.511605 2.321774 9.889786
 6.980000 -1.599523 2.376853 8.988093
 7.000000 -1.466719 2.324200 10.241647
 7.020000 -1.672891 2.351905 8.669316
 7.040000 -1.601394 2.292839 9.460223
 7.060000 -1.745431 2.344122 8.343132
 7.080000 -1.675313 2.115162 10.788628
 7.100000 -1.804360 2.241456 8.876232
 7.120000 -1.843109 2.340654 7.945348
 7.140000 -1.924424 2.479008 7.201640
 7.160000 -1.885721 2.278406 8.234959
 7.180000 -1.867346 2.261585 8.444533
 7.200000 -2.032523 2.327182 7.524344
 7.220000 -2.053386 2.432335 7.074960
 7.240000 -2.098118 2.459429 7.041857
 7.260000 -2.098159 2.447425 7.061795
 7.280000 -2.096360 2.524263 7.009482
 7.300000 -2.296960 2.661523 7.873129
 7.320000 -2.419774 2.727988 8.753990
 7.340000 -2.526316 2.861416 9.388991
 7.360000 -2.424718 2.942268 8.609601
 7.380000 -2.429362 3.091626 8.113509
 7.400000 -2.426770 3.069465 8.215676
 7.420000 -2.613516 3.063714 8.878239
 7.440000 -2.716857 3.117789 8.907047
 7.460000 -2.795156 -3.129604 8.894681
 7.480000 -2.907268 3.036547 10.788093
 7.500000 -2.948178 3.093574 10.266637
 7.520000 -3.039669 -3.020171 8.273806
 7.540000 -3.010696 -2.934368 7.225020
 7.560000 -2.986331 -3.023110 8.244852
 7.580000 -2.801328 -2.927893 6.627708
 7.600000 -2.714818 -2.842906 5.504306
 7.620000 -2.530386 -2.822285 4.952749
 7.640000 -2.558350 -2.918663 5.951667
 7.660000 -2.413539 -2.985796 6.603755
 7.680000 -2.494493 -2.971901 6.449686
 7.700000 -2.356772 -2.963092 6.478440
 7.720000 -2.472542 3.082854 8.242172
 7.740000 -2.412389 3.059938 8.232995
 7.760000 -2.369524 3.112360 7.971322
 7.780000 -2.434013 2.959850 8.606470
 7.800000 -2.408506 2.686266 8.667283
 7.820000 -2.535088 2.604969 10.023955
 7.840000 -2.691065 2.690074 11.730271
 7.860000 -2.655817 2.559173 11.657502
 7.880000 -2.674206 2.434285 11.964289
 7.900000 -2.694132 2.339837 12.036184
 7.920000 -2.509447 2.378654 9.793164
 7.940000 -2.372820 2.467651 8.372246
 7.960000 -2.383687 2.312436 8.591177
 7.980000 -2.123785 2.491535 7.045558
 8.000000 -2.037145 2.446248 7.049364
 8.020000 -1.982038 2.693159 7.756462
 8.040000 -2.023152 2.459691 7.035272
 8.060000 -1.980239 2.497018 7.062949
 8.080000 -1.911516 2.597081 7.490754
 8.100000 -1.688388 2.613244 8.849146
 8.120000 -1.567574 2.512475 9.106754
 8.140000 -1.613981 2.518587 8.813016
 8.160000 -1.550078 2.547668 9.363103
 8.180000 -1.504663 2.568361 9.795218
 8.200000 -1.343123 2.417195 10.984314
 8.220000 -1.456741 2.391110 10.000167
 8.240000 -1.424731 2.461053 10.136741
 8.260000 -1.523364 2.444443 9.354190
 8.280000 -1.509656 2.409623 9.514956
 8.300000 -1.440740 2.222400 11.248462
 8.320000 -1.461817 2.400007 9.927388
 8.340000 -1.442323 2.323894 10.458152
 8.360000 -1.432328 2.303412 10.682492
 8.380000 -1.301020 2.178957 13.101930
 8.400000 -1.424713 2.332495 10.567552
 8.420000 -1.340303 2.365594 11.230694
 8.440000 -1.448970 2.389032 10.074676
 8.460000 -1.551593 2.435300 9.158275
 8.480000 -1.631479 2.491600 8.636708
 8.500000 -1.648048 2.634112 9.296985
 8.520000 -1.647615 2.527216 8.625140
 8.540000 -1.642798 2.603951 9.083061
 8.560000 -1.653565 2.421638 8.519845
 8.580000 -1.739050 2.592782 8.380924
 8.600000 -1.728929 2.559135 8.256927
 8.620000 -1.761634 2.440346 7.900053
 8.640000 -1.870588 2.529979 7.430018
 8.660000 -1.850799 2.563176 7.615913
 8.680000 -2.023271 2.638803 7.330510
 8.700000 -2.051581 2.572651 7.067879
 8.720000 -2.150403 2.596591 7.189301
 8.740000 -2.177949 2.642793 7.360412
 8.760000 -2.250684 2.633024 7.591440
 8.780000 -2.311195 2.536892 7.865635
 8.800000 -2.250348 2.504557 7.487681
 8.820000 -2.328458 2.524899 7.991477
 8.840000 -2.369463 2.625273 8.335590
 8.860000 -2.501650 2.550137 9.680853
 8.880000 -2.557749 2.617811 10.278898
 8.900000 -2.569680 2.803704 9.941187
 8.920000 -2.583632 2.960626 9.372455
 8.940000 -2.715469 2.832821 11.230665
 8.960000 -2.647691 2.964528 9.779505
 8.980000 -2.746081 3.005596 10.138816
 9.000000 -2.725738 3.063720 9.476139
 9.020000 -2.601448 -3.018401 7.045030
 9.040000 -2.739622 3.122772 8.966713
 9.060000 -2.609820 -3.044671 7.326665
 9.080000 -2.623124 -2.863200 5.480047
 9.100000 -2.712494 -2.880341 5.866329
 9.120000 -2.700097 -2.900753 6.042214
 9.140000 -2.696083 -2.853268 5.552266
 9.160000 -2.736411 -2.893965 6.073055
 9.180000 -2.572021 -2.944939 6.240510
 9.200000 -2.544569 -3.055234 7.296326
 9.220000 -2.563696 -3.022216 7.012911
 9.240000 -2.200119 -2.969830 7.127726
 9.260000 -2.293788 3.100135 8.092296
 9.280000 -2.283076 -3.098555 7.719747
 9.300000 -2.272223 -3.060236 7.509435
 9.320000 -2.588304 -3.123437 8.006614
 9.340000 -2.604385 2.995527 9.296993
 9.360000 -2.661185 2.896942 10.319927
 9.380000 -2.838409 2.835459 12.387445
 9.400000 -2.709012 2.914122 10.608040
 9.420000 -2.661722 2.671813 11.437612
 9.440000 -2.634270 2.583671 11.323284
 9.460000 -2.443510 2.568062 9.024919
 9.480000 -2.535892 2.464436 10.135663
 9.500000 -2.535749 2.495144 10.127095
 9.520000 -2.438529 2.591520 8.963835
 9.540000 -2.514895 2.489625 9.871550
 9.560000 -2.334278 2.601335 8.055075
 9.580000 -2.415914 2.460010 8.779957
 9.600000 -2.381350 2.484875 8.441309
 9.620000 -2.183456 2.468835 7.214869
 9.640000 -2.043044 2.458882 7.025062
 9.660000 -2.047444 2.415039 7.122738
 9.680000 -1.816400 2.351814 7.985697
 9.700000 -2.117176 2.423879 7.134124
 9.720000 -2.082314 2.390254 7.205536
 9.740000 -2.002766 2.367921 7.347858
 9.760000 -2.048393 2.540493 7.012374
 9.780000 -2.106299 2.618139 7.188373
 9.800000 -2.068137 2.605706 7.149008
 9.820000 -2.253475 2.680112 7.695654
 9.840000 -2.236896 2.642181 7.548333
 9.860000 -1.999955 2.701182 7.740801
 9.880000 -2.085000 2.697027 7.511696
 9.900000 -2.077031 2.589611 7.101493
 9.920000 -2.011840 2.867585 8.868073
 9.940000 -2.346701 2.698290 8.218366
 9.960000 -2.266520 2.608863 7.634340
 9.980000 -2.331358 2.592864 8.029331
 10.000000 -2.569689 2.697309 10.253195
 10.020000 -2.523514 2.735691 9.673965
 10.040000 -2.724625 2.603437 12.480351
 10.060000 -2.858907 2.555775 14.249608
 10.080000 -2.605408 2.682450 10.710680
 10.100000 -2.715903 2.719478 11.894083
 10.120000 -2.697783 2.700104 11.768649
 10.140000 -2.659541 2.776462 10.970025
 10.160000 -2.862061 2.851128 12.449060
 10.180000 -2.745920 3.024585 9.963722
 10.200000 -2.720385 3.070976 9.377818
 10.220000 -2.670292 -3.086928 7.929268
 10.240000 -2.469606 -2.919255 5.919934
 10.260000 -2.364443 -2.898111 5.835799
 10.280000 -2.313484 -2.956311 6.525985
 10.300000 -2.314165 -2.886755 5.862033
 10.320000 -2.321859 -2.850250 5.481866
 10.340000 -2.390912 -2.933727 6.134967
 10.360000 -2.332194 -3.023167 7.059465
 10.380000 -2.487064 -3.002344 6.742615
 10.400000 -2.687478 -2.885273 5.849816
 10.420000 -2.807031 -3.026154 7.752197
 10.440000 -2.861669 -3.051929 8.251201
 10.460000 -2.869368 -3.125520 9.170357
 10.480000 -2.728132 3.111232 9.027422
 10.500000 -2.783701 3.057004 9.878298
 10.520000 -2.695456 2.823337 11.090572
 10.540000 -2.696743 2.802146 11.229708
 10.560000 -2.739018 2.747642 12.009797
 10.580000 -2.596767 2.828655 10.100675
 10.600000 -2.535465 2.761735 9.733652
 10.620000 -2.469446 2.730379 9.170563
 10.640000 -2.394769 2.703692 8.560082
 10.660000 -2.338630 2.560501 8.072481
 10.680000 -2.310098 2.399844 7.945960
 10.700000 -2.161820 2.378395 7.344443
 10.720000 -2.073133 2.404599 7.154114
 10.740000 -1.918069 2.320288 7.815295
 10.760000 -1.935431 2.341827 7.630625
 10.780000 -1.998486 2.286933 7.845596
 10.800000 -1.902970 2.431058 7.339924
 10.820000 -1.785857 2.432647 7.798343
 10.840000 -1.943898 2.554886 7.225661
 10.860000 -1.649810 2.580721 8.874423
 10.880000 -1.699403 2.763805 10.361966
 10.900000 -1.676052 2.661045 9.358085
 10.920000 -1.550918 2.588348 9.595699
 10.940000 -1.542196 2.652922 10.210066
 10.960000 -1.536769 2.622374 9.960441
 10.980000 -1.344513 2.719484 12.162378
 11.000000 -1.550522 2.520679 9.250910
 11.020000 -1.458177 2.464126 9.855148
 11.040000 -1.546719 2.458680 9.177802
 11.060000 -1.659433 2.372159 8.646217
 11.080000 -1.727466 2.317037 8.600996
 11.100000 -1.515829 2.218738 10.664292
 11.120000 -1.672011 2.161163 10.292973
 11.140000 -1.438352 2.204630 11.431888
 11.160000 -1.491808 2.120757 11.831718
 11.180000 -1.631551 2.131907 10.822286
 11.200000 -1.569988 2.321216 9.470058
 11.220000 -1.453342 2.310764 10.443484
 11.240000 -1.428740 2.438248 10.123967
 11.260000 -1.321885 2.398585 11.272723
 11.280000 -1.364652 2.535245 10.741212
 11.300000 -1.483672 2.627551 10.373094
 11.320000 -1.311250 2.625353 11.573413
 11.340000 -1.255573 2.565559 11.759443
 11.360000 -1.394147 2.572657 10.645828
 11.380000 -1.394316 2.635152 11.055792
 11.400000 -1.740820 2.590316 8.354706
 11.420000 -1.689666 2.529146 8.371171
 11.440000 -1.802026 2.493924 7.684676
 11.460000 -1.860150 2.589455 7.685988
 11.480000 -2.068266 2.576086 7.069761
 11.500000 -1.983316 2.532919 7.082611
 11.520000 -2.090380 2.444297 7.061013
 11.540000 -2.070898 2.598773 7.127318
 11.560000 -2.053487 2.484361 6.995083
 11.580000 -2.330032 2.495566 8.008727
 11.600000 -2.467572 2.371135 9.329441
 11.620000 -2.512719 2.423471 9.848328
 11.640000 -2.703621 2.453547 12.380331
 11.660000 -2.698175 2.329923 12.055067
 11.680000 -2.624283 2.496245 11.292175
 11.700000 -2.658821 2.540909 11.725877
 11.720000 -2.499635 2.565501 9.645719
 11.740000 -2.491217 2.612122 9.509306
 11.760000 -2.503795 2.443748 9.744635
 11.780000 -2.443115 2.709720 8.954083
 11.800000 -2.551790 2.747651 9.931467
 11.820000 -2.505879 2.809912 9.359143
 11.840000 -2.504372 2.863396 9.223054
 11.860000 -2.422727 2.890419 8.680967
 11.880000 -2.452055 3.054515 8.335743
 11.900000 -2.311190 -3.026319 7.137680
 11.920000 -2.342584 3.095601 8.053503
 11.940000 -2.096557 -3.043589 8.402817
 11.960000 -2.208617 -3.024316 7.525339
 11.980000 -2.378224 -3.046934 7.169788
 12.000000 -2.470455 -3.123773 7.753608
 12.020000 -2.619857 3.085721 8.738144
 12.040000 -2.719923 3.025367 9.791104
 12.060000 -2.787419 3.035644 10.117956
 12.080000 -2.825915 3.042075 10.283118
 12.100000 -2.864681 2.903589 11.971791
 12.120000 -2.822984 2.923918 11.458811
 12.140000 -2.742459 2.929561 10.765209
 12.160000 -2.684293 2.906349 10.454603
 12.180000 -2.555430 2.939511 9.297496
 12.200000 -2.605634 2.849086 10.092337
 12.220000 -2.447143 2.885735 8.814268
 12.240000 -2.527386 2.822834 9.506836
 12.260000 -2.368678 2.928207 8.438133
 12.280000 -2.351366 2.907851 8.396399
 12.300000 -2.109275 2.909506 8.571948
 12.320000 -2.107343 2.808460 8.067052
 12.340000 -1.859501 2.674982 8.251419
 12.360000 -1.936217 2.498141 7.165456
 12.380000 -1.782773 2.468776 7.770220
 12.400000 -1.818725 2.262646 8.625993
 12.420000 -1.668086 2.211857 9.786156
 12.440000 -1.717420 2.165089 10.032336
 12.460000 -1.674532 2.160264 10.290147
 12.480000 -1.709441 2.212982 9.571814
 12.500000 -1.614028 2.140654 10.820913
 12.520000 -1.466965 2.013276 13.268861
 12.540000 -1.307544 2.033673 14.526429
 12.560000 -1.195543 1.957043 16.663086
 12.580000 -1.117888 1.904504 18.083642
 12.600000 -1.021941 1.925463 18.583352
 12.620000 -1.139299 2.042823 16.343510
 12.640000 -1.280261 2.106438 14.052611
 12.660000 -1.257726 2.173158 13.671651
 12.680000 -1.518433 2.226983 10.569819
 12.700000 -1.288925 2.319648 12.082499
 12.720000 -1.458584 2.255797 10.804532
 12.740000 -1.344908 2.354690 11.240244
 12.760000 -1.594716 2.472727 8.853407
 12.780000 -1.444650 2.562797 10.208245
 12.800000 -1.667708 2.614100 8.994098
 12.820000 -1.548502 2.654745 10.185256
 12.840000 -1.897368 2.765933 8.809789
 12.860000 -1.938969 2.915925 9.785138
 12.880000 -2.180892 2.875290 8.218293
 12.900000 -2.291637 2.891895 8.258575
 12.920000 -2.497200 2.914380 9.034634
 12.940000 -2.567687 2.960391 9.274190
 12.960000 -2.751752 3.030579 9.944685
 12.980000 -2.759676 2.890979 11.221854
 13.000000 -2.821360 2.964498 11.054542
 13.020000 -2.888122 3.101504 9.926782
 13.040000 -2.886162 3.021191 10.856839
 13.060000 -2.903491 3.073939 10.326587
 13.080000 -2.862546 -3.047823 8.204946
 13.100000 -2.775007 -3.109415 8.580125
 13.120000 -2.788362 -2.999690 7.384287
 13.140000 -2.748952 -2.950088 6.706166
 13.160000 -2.710341 -2.823532 5.309609
 13.180000 -2.650613 -2.709929 4.210861
 13.200000 -2.489323 -2.817670 4.896981
 13.220000 -2.402895 -2.837258 5.161570
 13.240000 -2.332823 -2.849892 5.444949
 13.260000 -2.429833 -2.863162 5.380774
 13.280000 -2.375008 -3.039911 7.117672
 13.300000 -2.278109 -3.095354 7.715498
 13.320000 -2.317896 -2.997980 6.884962
 13.340000 -2.346394 -2.982662 6.680040
 13.360000 -2.260375 3.112307 8.126212
 13.380000 -2.362595 3.118587 7.942881
 13.400000 -2.390506 3.025527 8.318084
 13.420000 -2.531586 2.946241 9.123041
 13.440000 -2.698550 2.818587 11.150678
 13.460000 -2.769473 2.622454 12.991772
 13.480000 -2.752982 2.607644 12.835726
 13.500000 -2.891863 2.547310 14.596759
 13.520000 -2.804342 2.445202 13.686312
 13.540000 -2.808127 2.356415 13.501218
 13.560000 -2.687963 2.620112 11.946513
 13.580000 -2.466896 2.689890 9.185874
 13.600000 -2.346762 2.683071 8.204795
 13.620000 -2.328176 2.592209 8.005956
 13.640000 -2.184524 2.747327 7.721460
 13.660000 -2.198924 2.805976 7.952382
 13.680000 -2.139227 2.660561 7.351634
 13.700000 -2.035383 2.753989 7.959725
 13.720000 -2.087349 2.727442 7.665564
 13.740000 -2.026710 2.862010 8.738719
 13.760000 -2.201654 2.790047 7.895637
 13.780000 -2.242433 2.713099 7.734405
 13.800000 -2.273986 2.759445 7.955606
 13.820000 -2.301441 2.810241 8.151463
 13.840000 -2.412254 2.684545 8.698385
 13.860000 -2.448801 2.681074 9.021531
 13.880000 -2.611942 2.697232 10.743756
 13.900000 -2.606117 2.603752 10.913685
 13.920000 -2.470188 2.720365 9.187768
 13.940000 -2.558356 2.679907 10.165376
 13.960000 -2.493455 2.843626 9.190833
 13.980000 -2.528079 2.900063 9.276402
 14.000000 -2.548023 2.993658 8.993970
 14.020000 -2.496940 2.939516 8.953213
 14.040000 -2.441318 3.011130 8.481017
 14.060000 -2.491695 2.976231 8.796553
 14.080000 -2.514453 2.963907 8.956366
 14.100000 -2.545254 2.785788 9.765672
 14.120000 -2.579735 2.910261 9.598729
 14.140000 -2.492273 2.853874 9.160020
 14.160000 -2.556308 2.692296 10.114573
 14.180000 -2.571043 2.818200 9.903966
 14.200000 -2.599579 2.855883 10.008029
 14.220000 -2.617863 2.871672 10.090917
 14.240000 -2.703259 2.867914 10.881308
 14.260000 -2.646113 2.885221 10.261001
 14.280000 -2.696003 2.795063 11.262870
 14.300000 -2.604284 2.917683 9.744110
 14.320000 -2.606016 2.792737 10.336401
 14.340000 -2.522614 2.825171 9.461122
 14.360000 -2.455142 2.877974 8.872607
 14.380000 -2.250377 2.953484 8.320331
 14.400000 -2.293878 2.841634 8.185120
 14.420000 -2.206118 2.843472 8.085716
 14.440000 -2.368242 2.864025 8.451008
 14.460000 -2.362955 2.796658 8.397611
 14.480000 -2.385003 2.664463 8.473501
 14.500000 -2.432975 2.686130 8.876001
 14.520000 -2.356786 2.663397 8.259045
 14.540000 -2.303168 2.594397 7.836110
 14.560000 -2.340493 2.488912 8.092751
 14.580000 -2.298181 2.523137 7.774879
 14.600000 -2.125645 2.580474 7.114236
 14.620000 -2.182041 2.662236 7.424319
 14.640000 -2.185712 2.463255 7.228440
 14.660000 -2.198128 2.669100 7.482559
 14.680000 -2.449118 2.592838 9.071567
 14.700000 -2.392185 2.576179 8.523195
 14.720000 -2.382613 2.383054 8.514178
 14.740000 -2.314821 2.632603 7.945649
 14.760000 -2.189991 2.641820 7.388160
 14.780000 -2.094414 2.553272 7.035750
 14.800000 -2.273292 2.446311 7.655202
 14.820000 -2.136750 2.443618 7.125016
 14.840000 -2.182533 2.474009 7.206913
 14.860000 -2.278356 2.400728 7.749053
 14.880000 -2.226428 2.474114 7.382292
 14.900000 -2.382408 2.388267 8.508076
 14.920000 -2.483896 2.542774 9.479703
 14.940000 -2.533910 2.343140 10.046153
 14.960000 -2.622346 2.372895 11.182854
 14.980000 -2.490715 2.554774 9.550398
 15.000000 -2.443784 2.586309 9.019690
 15.020000 -2.176474 2.647360 7.369502
 15.040000 -2.313545 2.471416 7.897612
 15.060000 -2.121023 2.642549 7.275127
 15.080000 -2.311525 2.651974 7.945970
 15.100000 -2.159384 2.838387 8.106173
 15.120000 -2.334370 2.677581 8.118264
 15.140000 -2.264704 2.943063 8.302334
 15.160000 -2.450989 2.970809 8.641777
 15.180000 -2.610682 3.056180 8.920137
 15.200000 -2.727028 2.857971 11.172362
 15.220000 -2.724541 2.858166 11.147468
 15.240000 -2.703442 2.884881 10.767776
 15.260000 -2.672014 2.759368 11.190085
 15.280000 -2.568984 2.808443 9.918684
 15.300000 -2.766345 2.693379 12.629684
 15.320000 -2.612935 2.809464 10.336198
 15.340000 -2.706497 2.767396 11.532818
 15.360000 -2.593354 2.744818 10.377982
 15.380000 -2.588626 2.894152 9.741458
 15.400000 -2.540782 2.957697 9.127160
 15.420000 -2.630003 2.985389 9.521103
 15.440000 -2.648685 2.959391 9.820934
 15.460000 -2.579638 2.960431 9.348252
 15.480000 -2.525334 3.133819 8.042583
 15.500000 -2.347502 -3.132897 7.788789
 15.520000 -2.377118 3.014370 8.326879
 15.540000 -2.323078 -3.094228 7.596183
 15.560000 -2.509035 -3.010032 6.829111
 15.580000 -2.482271 3.129606 7.978288
 15.600000 -2.688220 3.027188 9.577640
 15.620000 -2.701141 3.076608 9.220485
 15.640000 -2.798332 3.047664 10.060882
 15.660000 -2.861905 2.976850 11.201641
 15.680000 -2.933474 2.768535 13.720673
 15.700000 -2.797435 2.777647 12.450763
 15.720000 -2.623137 2.815247 10.410986
 15.740000 -2.565847 2.802911 9.907788
 15.760000 -2.420854 2.810089 8.734607
 15.780000 -2.616117 2.630231 10.983744
 15.800000 -2.398921 2.859836 8.588811
 15.820000 -2.464431 2.714656 9.140731
 15.840000 -2.266809 2.635294 7.672846
 15.860000 -2.272814 2.677645 7.775647
 15.880000 -2.176902 2.732163 7.655911
 15.900000 -2.357858 2.643147 8.254000
 15.920000 -2.124264 2.485770 7.049688
 15.940000 -2.277975 2.428197 7.704911
 15.960000 -2.139140 2.407087 7.212304
 15.980000 -2.097872 2.578412 7.081890
 16.000000 -2.287651 2.418708 7.776227
 16.020000 -2.199678 2.405831 7.376583
 16.040000 -2.262777 2.379381 7.706716
 16.060000 -2.294270 2.415870 7.821275
 16.080000 -2.220958 2.341725 7.631822
 16.100000 -2.053484 2.494520 6.990100
 16.120000 -2.145892 2.466059 7.111515
 16.140000 -1.937851 2.494095 7.160288
 16.160000 -2.036108 2.430481 7.084899
 16.180000 -2.136655 2.427977 7.155960
 16.200000 -2.004355 2.564252 7.103744
 16.220000 -2.164512 2.496377 7.137085
 16.240000 -2.282950 2.538562 7.677933
 16.260000 -2.291538 2.340948 7.943773
 16.280000 -2.494025 2.471489 9.626613
 16.300000 -2.536506 2.439528 10.141631
 16.320000 -2.455770 2.502769 9.182645
 16.340000 -2.615680 2.331876 11.014541
 16.360000 -2.485102 2.437864 9.526819
 16.380000 -2.563480 2.409083 10.467224
 16.400000 -2.635825 2.456405 11.452378
 16.420000 -2.542538 2.399034 10.199092
 16.440000 -2.475912 2.582737 9.364044
 16.460000 -2.471505 2.694471 9.225831
 16.480000 -2.382491 2.791029 8.502546
 16.500000 -2.386026 2.812287 8.527479
 16.520000 -2.431049 2.873279 8.743637
 16.540000 -2.147113 3.103393 8.648530
 16.560000 -2.293888 2.905224 8.277683
 16.580000 -2.155301 2.800929 7.945335
 16.600000 -2.154384 2.794229 7.915999
 16.620000 -2.176256 2.847032 8.118951
 16.640000 -2.136692 2.882583 8.350452
 16.660000 -2.191694 2.754192 7.754476
 16.680000 -2.247043 2.738842 7.817346
 16.700000 -2.184243 2.785893 7.871856
 16.720000 -2.310840 2.698969 8.005449
 16.740000 -2.440422 2.528269 9.008377
 16.760000 -2.368108 2.617908 8.322146
 16.780000 -2.570634 2.548002 10.536643
 16.800000 -2.449221 2.528675 9.101841
 16.820000 -2.488239 2.408949 9.561145
 16.840000 -2.506738 2.423967 9.777410
 16.860000 -2.463335 2.557353 9.241594
 16.880000 -2.448532 2.416054 9.127296
 16.900000 -2.518451 2.451277 9.920708
 16.920000 -2.436175 2.597803 8.937915
 16.940000 -2.455099 2.697819 9.068960
 16.960000 -2.504964 2.579914 9.695552
 16.980000 -2.395548 2.584486 8.553413
 17.000000 -2.413629 2.553059 8.728213
 17.020000 -2.244093 2.714415 7.743292
 17.040000 -2.206954 2.626121 7.403623
 17.060000 -2.128321 2.615113 7.198212
 17.080000 -2.190324 2.723246 7.639664
 17.100000 -2.142337 2.708575 7.539307
 17.120000 -2.263535 2.727506 7.843760
 17.140000 -2.209512 2.731797 7.702854
 17.160000 -2.303406 2.730379 8.017887
 17.180000 -2.296236 2.963779 8.313832
 17.200000 -2.313235 2.825881 8.215901
 17.220000 -2.352384 2.714396 8.269585
 17.240000 -2.435525 2.770691 8.857998
 17.260000 -2.429674 2.815266 8.788338
 17.280000 -2.489924 2.857661 9.135160
 17.300000 -2.556383 2.700336 10.096887
 17.320000 -2.575911 2.632670 10.474279
 17.340000 -2.746365 2.770638 11.953041
 17.360000 -2.719903 2.754264 11.756047
 17.380000 -2.755233 2.728221 12.307598
 17.400000 -2.699148 2.821438 11.139391
 17.420000 -2.640514 2.797450 10.668748
 17.440000 -2.608649 2.912904 9.802500
 17.460000 -2.699263 2.775292 11.409339
 17.480000 -2.650217 2.759973 10.944421
 17.500000 -2.624965 2.864206 10.190876
 17.520000 -2.602559 2.956803 9.517165
 17.540000 -2.488834 2.961997 8.835133
 17.560000 -2.573451 2.949032 9.367544
 17.580000 -2.595160 -3.132471 8.105953
 17.600000 -2.592077 -3.038210 7.222754
 17.620000 -2.607843 3.121776 8.395247
 17.640000 -2.607153 3.040555 9.014062
 17.660000 -2.512305 -3.091823 7.565869
 17.680000 -2.582672 3.086325 8.575136
 17.700000 -2.493912 3.017634 8.633683
 17.720000 -2.489011 2.795662 9.247696
 17.740000 -2.483595 2.875190 9.053567
 17.760000 -2.459088 2.887827 8.877703
 17.780000 -2.552153 2.812657 9.751004
 17.800000 -2.563203 2.752029 10.036717
 17.820000 -2.552325 2.749109 9.933139
 17.840000 -2.620703 2.702001 10.832002
 17.860000 -2.624062 2.633625 11.076803
 17.880000 -2.587565 2.536002 10.770290
 17.900000 -2.586491 2.520478 10.769426
 17.920000 -2.425066 2.557822 8.840071
 17.940000 -2.456381 2.422095 9.209550
 17.960000 -2.390015 2.498773 8.516354
 17.980000 -2.388880 2.499907 8.505456
 18.000000 -2.276147 2.673008 7.782954
 18.020000 -2.096473 2.724535 7.636979
 18.040000 -2.095339 2.590592 7.107931
 18.060000 -1.980254 2.766551 8.294707
 18.080000 -2.078598 2.783366 8.003376
 18.100000 -1.931579 2.737056 8.331356
 18.120000 -1.907196 2.605832 7.550858
 18.140000 -1.843598 2.680004 8.391063
 18.160000 -1.962333 2.649082 7.561752
 18.180000 -1.918935 2.656775 7.793997
 18.200000 -2.198837 2.542699 7.259333
 18.220000 -2.140342 2.691184 7.467205
 18.240000 -2.209074 2.553219 7.306363
 18.260000 -2.329464 2.515435 7.999861
 18.280000 -2.322733 2.580969 7.961250
 18.300000 -2.454279 2.401545 9.189854
 18.320000 -2.345217 2.456399 8.146951
 18.340000 -2.337119 2.443762 8.092563
 18.360000 -2.260672 2.489312 7.549553
 18.380000 -2.321499 2.609658 7.970121
 18.400000 -2.438125 2.602118 8.955770
 18.420000 -2.639908 2.548210 11.458390
 18.440000 -2.592822 2.705621 10.494969
 18.460000 -2.694810 2.806115 11.186409
 18.480000 -2.627057 2.869177 10.183564
 18.500000 -2.529235 2.843578 9.464307
 18.520000 -2.573470 2.899153 9.602858
 18.540000 -2.401324 3.045032 8.272405
 18.560000 -2.465781 2.930454 8.818414
 18.580000 -2.432865 2.968970 8.579743
 18.600000 -2.559865 2.975586 9.150825
 18.620000 -2.597507 3.123802 8.340369
 18.640000 -2.818466 -3.127297 8.972774
 18.660000 -2.897462 3.114225 9.813665
 18.680000 -2.891268 3.128108 9.618996
 18.700000 -2.817128 -3.041700 7.969156
 18.720000 -2.639733 -3.061890 7.578488
 18.740000 -2.577736 3.113905 8.349073
 18.760000 -2.516965 -3.075494 7.434772
 18.780000 -2.621417 -3.082153 7.725148
 18.800000 -2.668429 3.133095 8.540053
 18.820000 -2.893316 2.968242 11.488913
 18.840000 -2.850600 3.106039 9.698573
 18.860000 -2.958019 2.996908 11.488580
 18.880000 -2.870479 3.034249 10.623330
 18.900000 -2.851213 3.020070 10.670415
 18.920000 -2.718057 3.015295 9.867290
 18.940000 -2.535265 3.091148 8.368934
 18.960000 -2.494182 2.981454 8.787662
 18.980000 -2.333553 2.984723 8.325939
 19.000000 -2.425815 2.967419 8.559111
 19.020000 -2.401345 3.019298 8.356061
 19.040000 -2.496875 2.837123 9.230140
 19.060000 -2.379032 2.884111 8.493029
 19.080000 -2.508417 2.760000 9.481462
 19.100000 -2.292779 2.724883 7.958530
 19.120000 -2.326740 2.597305 7.998503
 19.140000 -2.380111 2.508597 8.422775
 19.160000 -2.297775 2.526270 7.772232
 19.180000 -2.519663 2.403928 9.924975
 19.200000 -2.505035 2.408383 9.754082
 19.220000 -2.481056 2.307437 9.446160
 19.240000 -2.633798 2.355564 11.297909
 19.260000 -2.693265 2.334285 12.007287
 19.280000 -2.658208 2.385081 11.678732
 19.300000 -2.743676 2.272442 12.358091
 19.320000 -2.417659 2.567786 8.763962
 19.340000 -2.240676 2.619991 7.524341
 19.360000 -2.148370 2.651548 7.331829
 19.380000 -1.988272 2.702056 7.790397
 19.400000 -2.094222 2.649998 7.296708
 19.420000 -1.984061 2.786063 8.425996
 19.440000 -1.900896 2.779683 8.912856
 19.460000 -1.875091 2.748020 8.799195
 19.480000 -1.981536 2.814079 8.661197
 19.500000 -2.001678 2.861948 8.894740
 19.520000 -2.070332 2.803103 8.149796
 19.540000 -2.037951 2.750423 7.927372
 19.560000 -1.827178 2.588632 7.849213
 19.580000 -2.198403 2.838966 8.072056
 19.600000 -2.098277 2.758961 7.816819
 19.620000 -2.400324 2.541446 8.602849
 19.640000 -2.325396 2.629342 8.012473
 19.660000 -2.558719 2.476501 10.424510
 19.680000 -2.331903 2.625740 8.054295
 19.700000 -2.625021 2.554025 11.249191
 19.720000 -2.452359 2.647755 9.075264
 19.740000 -2.442834 2.566752 9.018444
 19.760000 -2.415574 2.594355 8.738393
 19.780000 -2.394427 2.751772 8.567859
 19.800000 -2.194353 2.770171 7.816733
 19.820000 -2.265336 2.799347 8.024972
 19.840000 -2.172213 2.737459 7.672711
 19.860000 -2.214155 2.763259 7.816018
 19.880000 -2.376513 2.760213 8.454080
 19.900000 -2.090737 2.787667 7.994480
 19.920000 -2.267843 2.723139 7.849870
 19.940000 -2.106232 2.662086 7.342540
 19.960000 -2.278644 2.775657 8.007792
 19.980000 -2.491918 2.568880 9.554014
 20.000000 -2.499398 2.736987 9.437498
