#! FIELDS time phi psi metad.bias
#! SET min_phi -pi
#! SET max_phi pi
#! SET min_psi -pi
#! SET max_psi pi
 0.000000 3.141580 -3.141577 6.041609
 0.020000 -2.684007 2.730670 8.020005
 0.040000 -2.631851 2.732307 8.260303
 0.060000 -2.623301 2.723792 8.288535
 0.080000 -2.595181 2.753288 8.515421
 0.100000 -2.630584 2.729902 8.262273
 0.120000 -2.685958 2.711870 7.988671
 0.140000 -2.670718 2.702146 8.033694
 0.160000 -2.751919 2.694273 7.789496
 0.180000 -2.769760 2.745195 7.781758
 0.200000 -2.802043 2.675962 7.716168
 0.220000 -2.770724 2.698176 7.758333
 0.240000 -2.816793 2.662737 7.706299
 0.260000 -2.714164 2.695626 7.880018
 0.280000 -2.690859 2.724919 7.986765
 0.300000 -2.641248 2.796778 8.328339
 0.320000 -2.645368 2.813926 8.333119
 0.340000 -2.591507 2.844984 8.750012
 0.360000 -2.643785 2.841522 8.385091
 0.380000 -2.645394 2.887753 8.429058
 0.400000 -2.657799 2.873235 8.335740
 0.420000 -2.723483 2.836918 7.970543
 0.440000 -2.695314 2.873454 8.121221
 0.460000 -2.769322 2.847847 7.809957
 0.480000 -2.808289 2.908358 7.659355
 0.500000 -2.837894 2.812817 7.674278
 0.520000 -2.811169 2.866784 7.690315
 0.540000 -2.816694 2.825658 7.700652
 0.560000 -2.735839 2.821939 7.915266
 0.580000 -2.756798 2.757030 7.816252
 0.600000 -2.701882 2.754072 7.980357
 0.620000 -2.631096 2.753113 8.304352
 0.640000 -2.585456 2.677722 8.397032
 0.660000 -2.541012 2.640295 8.568820
 0.680000 -2.521273 2.588985 8.583985
 0.700000 -2.570743 2.651786 8.423327
 0.720000 -2.571970 2.567164 8.289726
 0.740000 -2.612003 2.605892 8.145807
 0.760000 -2.637110 2.495685 8.024638
 0.780000 -2.693746 2.591528 7.858880
 0.800000 -2.723566 2.532038 7.802351
 0.820000 -2.724883 2.558675 7.792610
 0.840000 -2.694747 2.550619 7.850357
 0.860000 -2.757198 2.639074 7.754958
 0.880000 -2.685428 2.668921 7.940312
 0.900000 -2.692625 2.778380 8.045024
 0.920000 -2.706387 2.817871 8.028255
 0.940000 -2.619488 2.780144 8.425521
 0.960000 -2.740076 2.904782 7.906966
 0.980000 -2.778468 2.770567 7.774110
 1.000000 -2.742951 2.808772 7.883882
 1.020000 -2.791353 2.788318 7.752606
 1.040000 -2.806376 2.855096 7.708579
 1.060000 -2.784781 2.757017 7.757947
 1.080000 -2.888711 2.919702 7.471456
 1.100000 -2.908976 3.012093 7.173404
 1.120000 -2.764989 3.052622 7.533234
 1.140000 -2.784636 3.069276 7.379190
 1.160000 -2.706057 3.096305 7.732458
 1.180000 -2.675417 3.046436 8.108125
 1.200000 -2.744053 3.091708 7.509777
 1.220000 -2.659904 3.065336 8.174828
 1.240000 -2.705195 2.951714 8.058408
 1.260000 -2.730891 3.021342 7.804943
 1.280000 -2.654813 3.027834 8.304243
 1.300000 -2.637216 -3.135928 8.038210
 1.320000 -2.714572 3.115477 7.597006
 1.340000 -2.669401 3.126365 7.875197
 1.360000 -2.808911 -3.111163 6.774204
 1.380000 -2.783795 3.017031 7.547706
 1.400000 -2.796035 2.955051 7.632615
 1.420000 -2.861785 2.831332 7.634180
 1.440000 -2.787764 2.774134 7.756738
 1.460000 -2.943185 2.746237 7.694110
 1.480000 -2.876127 2.651880 7.712465
 1.500000 -2.829572 2.545036 7.737758
 1.520000 -2.712674 2.690388 7.879464
 1.540000 -2.627519 2.593542 8.069951
 1.560000 -2.375804 2.657703 9.729325
 1.580000 -2.459162 2.671571 9.195157
 1.600000 -2.305197 2.716502 10.523460
 1.620000 -2.315308 2.529694 9.751219
 1.640000 -2.463809 2.520909 8.849040
 1.660000 -2.421735 2.499036 9.099444
 1.680000 -2.520492 2.625549 8.658664
 1.700000 -2.579660 2.562099 8.249553
 1.720000 -2.481828 2.528753 8.746409
 1.740000 -2.483255 2.522710 8.735449
 1.760000 -2.554030 2.556225 8.369143
 1.780000 -2.531785 2.655660 8.661390
 1.800000 -2.637949 2.638367 8.077464
 1.820000 -2.556442 2.660329 8.523716
 1.840000 -2.702549 2.607445 7.844844
 1.860000 -2.843816 2.677446 7.699998
 1.880000 -3.005566 2.624870 7.819902
 1.900000 -3.118931 2.712255 7.763518
 1.920000 -3.092137 2.710740 7.775799
 1.940000 -2.926491 2.857893 7.553176
 1.960000 -2.866245 2.930347 7.487761
 1.980000 -2.654393 3.046682 8.267081
 2.000000 -2.713049 3.096300 7.685481
 2.020000 -2.632988 -3.130589 8.047197
 2.040000 -2.647450 -3.077020 7.615905
 2.060000 -2.693770 3.121327 7.715335
 2.080000 -2.671845 3.112193 7.917379
 2.100000 -2.727276 3.094619 7.600192
 2.120000 -2.828991 3.047623 7.271188
 2.140000 -2.836653 2.927302 7.558042
 2.160000 -2.896364 2.858495 7.570848
 2.180000 -2.902948 2.959117 7.353902
 2.200000 -2.765883 3.033019 7.587991
 2.220000 -2.775194 2.979228 7.670947
 2.240000 -2.712181 2.904994 8.039824
 2.260000 -2.678940 2.928310 8.227403
 2.280000 -2.792954 2.851232 7.742933
 2.300000 -2.670497 2.803597 8.180156
 2.320000 -2.633024 2.723800 8.238171
 2.340000 -2.686936 2.613345 7.887543
 2.360000 -2.681974 2.577908 7.883720
 2.380000 -2.772809 2.575404 7.734950
 2.400000 -2.802578 2.439191 7.846783
 2.420000 -2.629638 2.372494 8.264748
 2.440000 -2.711250 2.429504 7.932052
 2.460000 -2.584884 2.384759 8.401500
 2.480000 -2.603603 2.340597 8.466552
 2.500000 -2.666737 2.305264 8.383258
 2.520000 -2.495647 2.362477 8.934234
 2.540000 -2.341856 2.421858 9.688233
 2.560000 -2.370995 2.529367 9.419347
 2.580000 -2.348045 2.661407 9.936561
 2.600000 -2.266148 2.778492 11.200568
 2.620000 -2.284055 2.943251 11.973948
 2.640000 -2.212933 2.918989 12.516499
 2.660000 -2.282980 2.793509 11.172482
 2.680000 -2.291762 2.944182 11.901944
 2.700000 -2.367033 3.079411 11.163634
 2.720000 -2.401078 2.919045 10.712644
 2.740000 -2.588178 2.871871 8.827027
 2.760000 -2.702526 2.764964 7.989980
 2.780000 -2.892550 2.684520 7.708995
 2.800000 -2.932034 2.709884 7.715985
 2.820000 -3.043918 2.555914 7.870580
 2.840000 -2.951134 2.553210 7.818729
 2.860000 -2.951470 2.580561 7.802569
 2.880000 -2.855291 2.649526 7.705749
 2.900000 -2.729086 2.719335 7.859495
 2.920000 -2.568506 2.831475 8.895437
 2.940000 -2.490664 2.870181 9.673640
 2.960000 -2.430187 2.837848 10.126693
 2.980000 -2.385672 2.783445 10.270027
 3.000000 -2.581704 2.756651 8.610288
 3.020000 -2.403917 2.860565 10.471628
 3.040000 -2.593730 2.693544 8.385582
 3.060000 -2.472728 2.726675 9.300944
 3.080000 -2.621347 2.646226 8.158941
 3.100000 -2.656347 2.615096 7.983425
 3.120000 -2.760870 2.664397 7.759150
 3.140000 -2.759335 2.542102 7.756487
 3.160000 -2.733374 2.553031 7.781117
 3.180000 -2.754460 2.610725 7.751864
 3.200000 -2.800888 2.640021 7.713029
 3.220000 -2.814100 2.570179 7.722872
 3.240000 -2.705810 2.883545 8.070841
 3.260000 -2.714304 2.797810 7.977923
 3.280000 -2.572432 2.869835 8.949590
 3.300000 -2.661473 2.944902 8.339726
 3.320000 -2.704267 3.024734 7.959512
 3.340000 -2.769138 2.953214 7.739242
 3.360000 -2.749507 2.966489 7.808330
 3.380000 -2.770436 2.925129 7.767467
 3.400000 -2.668943 2.816600 8.205866
 3.420000 -2.724996 3.027084 7.825881
 3.440000 -2.708074 2.789360 7.993930
 3.460000 -2.617440 2.801907 8.482309
 3.480000 -2.800193 2.818900 7.734442
 3.500000 -2.659772 2.853169 8.302800
 3.520000 -2.657318 2.829739 8.287753
 3.540000 -2.743552 2.803264 7.878899
 3.560000 -2.725572 2.814510 7.948402
 3.580000 -2.664354 2.843744 8.265244
 3.600000 -2.756855 2.857203 7.850221
 3.620000 -2.694051 2.881633 8.131643
 3.640000 -2.654536 2.812859 8.278977
 3.660000 -2.730438 2.920933 7.943946
 3.680000 -2.760394 2.999658 7.697426
 3.700000 -2.775905 2.862228 7.787295
 3.720000 -2.841163 2.923804 7.553185
 3.740000 -2.716407 2.962844 7.984628
 3.760000 -2.674098 2.772307 8.119132
 3.780000 -2.666351 2.793161 8.186642
 3.800000 -2.661226 2.765391 8.170045
 3.820000 -2.600779 2.656975 8.274370
 3.840000 -2.539384 2.741735 8.858761
 3.860000 -2.526272 2.706103 8.839808
 3.880000 -2.486585 2.555360 8.739971
 3.900000 -2.510946 2.759070 9.126337
 3.920000 -2.688079 2.703611 7.970980
 3.940000 -2.615934 2.610356 8.134226
 3.960000 -2.755463 2.651420 7.761986
 3.980000 -2.707422 2.623626 7.841849
 4.000000 -2.635549 2.697528 8.178428
 4.020000 -2.750775 2.549957 7.761153
 4.040000 -2.826360 2.666381 7.703171
 4.060000 -2.727279 2.784133 7.919441
 4.080000 -2.818734 2.776271 7.708917
 4.100000 -2.710192 2.994196 7.979717
 4.120000 -2.725137 2.905313 7.975495
 4.140000 -2.812566 2.968429 7.550621
 4.160000 -2.711005 3.127259 7.568728
 4.180000 -2.673333 3.059698 8.088422
 4.200000 -2.669138 2.963130 8.279291
 4.220000 -2.603309 3.062496 8.661958
 4.240000 -2.599615 2.975329 8.817112
 4.260000 -2.680396 3.106337 7.876414
 4.280000 -2.530039 3.103744 9.256147
 4.300000 -2.768409 3.101652 7.333579
 4.320000 -2.717684 -3.084142 7.136981
 4.340000 -2.608492 -2.984682 7.255827
 4.360000 -2.834866 -3.081023 6.470665
 4.380000 -2.693394 3.129804 7.679948
 4.400000 -2.754305 -3.132188 7.179679
 4.420000 -2.814773 3.090173 7.160956
 4.440000 -2.784071 2.909780 7.732872
 4.460000 -2.722854 2.947199 7.964411
 4.480000 -2.907612 2.892747 7.502848
 4.500000 -2.617247 2.797414 8.474491
 4.520000 -2.817700 2.807615 7.704967
 4.540000 -2.772282 2.755021 7.781105
 4.560000 -2.518906 2.819462 9.265199
 4.580000 -2.532634 2.716193 8.827181
 4.600000 -2.366832 2.599945 9.581401
 4.620000 -2.311587 2.413193 9.897291
 4.640000 -2.475701 2.533666 8.785188
 4.660000 -2.498875 2.412467 8.760777
 4.680000 -2.407425 2.378199 9.422748
 4.700000 -2.537190 2.486420 8.446805
 4.720000 -2.537372 2.494395 8.441573
 4.740000 -2.636199 2.531752 8.014279
 4.760000 -2.926649 2.451324 7.893542
 4.780000 -2.658562 2.532145 7.944417
 4.800000 -2.822885 2.483858 7.788237
 4.820000 -2.627265 2.577094 8.058778
 4.840000 -2.643739 2.620984 8.034524
 4.860000 -2.709286 2.766172 7.966007
 4.880000 -2.729613 2.666488 7.818596
 4.900000 -2.706015 2.831351 8.041260
 4.920000 -2.872159 2.704379 7.695890
 4.940000 -2.746373 2.936917 7.857637
 4.960000 -2.782003 3.051927 7.451883
 4.980000 -2.838586 2.899412 7.595631
 5.000000 -2.546124 2.914004 9.256566
 5.020000 -2.672165 2.837656 8.214633
 5.040000 -2.588949 2.916757 8.884970
 5.060000 -2.514660 2.929933 9.579575
 5.080000 -2.746128 2.874074 7.889015
 5.100000 -2.757458 2.909099 7.831699
 5.120000 -2.803813 2.866268 7.708351
 5.140000 -2.973972 2.783734 7.663931
 5.160000 -2.795991 2.877231 7.721907
 5.180000 -2.728187 2.665105 7.820817
 5.200000 -2.748876 2.664541 7.779109
 5.220000 -2.528352 2.627175 8.614885
 5.240000 -2.618436 2.539276 8.077576
 5.260000 -2.531043 2.590614 8.531031
 5.280000 -2.485819 2.639660 8.913035
 5.300000 -2.547861 2.549040 8.395292
 5.320000 -2.601839 2.575250 8.160095
 5.340000 -2.579263 2.686325 8.451319
 5.360000 -2.732108 2.561412 7.781178
 5.380000 -2.586466 2.747718 8.556802
 5.400000 -2.494225 2.671008 8.949198
 5.420000 -2.601438 2.658652 8.274126
 5.440000 -2.475356 2.765442 9.432894
 5.460000 -2.807989 2.722481 7.717940
 5.480000 -2.847809 2.869996 7.614344
 5.500000 -2.823899 2.845735 7.677420
 5.520000 -2.910012 2.950735 7.366072
 5.540000 -2.834259 3.043184 7.267967
 5.560000 -2.795334 3.084506 7.270450
 5.580000 -2.845561 3.102069 6.984879
 5.600000 -2.550114 -3.117455 8.756394
 5.620000 -2.616460 3.051430 8.571463
 5.640000 -2.600207 3.057277 8.703342
 5.660000 -2.650661 3.103441 8.120057
 5.680000 -2.833974 -3.128087 6.758075
 5.700000 -2.798698 3.105138 7.167226
 5.720000 -2.755436 -3.134270 7.183916
 5.740000 -2.812188 -3.082904 6.586988
 5.760000 -2.778658 -3.116933 6.960653
 5.780000 -2.657682 -3.119024 7.780812
 5.800000 -2.675543 2.950194 8.242922
 5.820000 -2.603329 2.960722 8.787365
 5.840000 -2.634939 3.098858 8.268475
 5.860000 -2.827699 2.908441 7.608231
 5.880000 -2.624364 2.879820 8.566402
 5.900000 -2.834934 2.716042 7.698765
 5.920000 -2.743916 2.837545 7.892825
 5.940000 -2.779013 2.770149 7.772869
 5.960000 -2.852937 2.684018 7.699136
 5.980000 -2.702918 2.638956 7.862767
 6.000000 -2.474022 2.556458 8.816244
 6.020000 -2.464178 2.397759 9.002704
 6.040000 -2.467475 2.381651 9.034319
 6.060000 -2.504499 2.440544 8.672210
 6.080000 -2.608774 2.440037 8.185376
 6.100000 -2.382836 2.475019 9.346460
 6.120000 -2.432267 2.481624 9.042747
 6.140000 -2.309755 2.548039 9.807599
 6.160000 -2.402843 2.704308 9.740515
 6.180000 -2.556751 2.670262 8.545542
 6.200000 -2.505630 2.628265 8.756506
 6.220000 -2.607806 2.696923 8.316304
 6.240000 -2.748080 2.697504 7.799077
 6.260000 -2.810719 2.743535 7.717829
 6.280000 -2.980741 2.692823 7.759002
 6.300000 3.123193 2.667588 7.759201
 6.320000 -3.107242 2.764223 7.704912
 6.340000 3.105902 2.807536 7.568192
 6.360000 -2.934391 2.987395 7.216492
 6.380000 -2.701285 3.028930 7.969688
 6.400000 -2.598514 3.042087 8.752352
 6.420000 -2.500329 -3.028505 8.646560
 6.440000 -2.522028 -2.854205 6.771812
 6.460000 -2.580520 -2.925576 6.972132
 6.480000 -2.447382 -2.822977 7.076709
 6.500000 -2.581900 -2.821958 5.986022
 6.520000 -2.628441 -2.951742 6.812142
 6.540000 -2.616665 -2.955376 6.938360
 6.560000 -2.690758 -3.024807 6.924490
 6.580000 -2.691300 3.122454 7.728160
 6.600000 -2.644237 3.078385 8.261044
 6.620000 -2.775313 2.963226 7.698566
 6.640000 -2.766754 2.903028 7.799661
 6.660000 -2.748593 3.050636 7.626510
 6.680000 -2.953726 2.758416 7.686652
 6.700000 -2.713988 2.810420 7.990226
 6.720000 -2.696556 2.724390 7.965596
 6.740000 -2.672384 2.681016 7.999331
 6.760000 -2.492828 2.570976 8.722964
 6.780000 -2.635012 2.418896 8.133311
 6.800000 -2.644149 2.419317 8.104142
 6.820000 -2.501570 2.419815 8.728792
 6.840000 -2.659356 2.316166 8.362091
 6.860000 -2.588371 2.145600 9.646320
 6.880000 -2.633213 2.222854 8.903715
 6.900000 -2.707589 2.224154 8.650167
 6.920000 -2.521922 2.263559 9.257675
 6.940000 -2.531556 2.057650 10.792296
 6.960000 -2.471801 2.127990 10.648301
 6.980000 -2.300454 2.232159 11.129265
 7.000000 -2.382115 2.353379 9.694324
 7.020000 -2.402854 2.356912 9.541788
 7.040000 -2.196465 2.462326 10.395740
 7.060000 -2.176696 2.554892 10.508976
 7.080000 -2.122194 2.592265 10.865594
 7.100000 -2.206534 2.644699 10.713784
 7.120000 -2.373337 2.719452 10.037369
 7.140000 -2.345681 2.857109 11.006886
 7.160000 -2.319753 2.753762 10.639058
 7.180000 -2.474835 2.597015 8.879045
 7.200000 -2.609210 2.704390 8.324192
 7.220000 -2.797634 2.746697 7.734802
 7.240000 -2.954780 2.810013 7.624223
 7.260000 -3.082889 2.606753 7.845676
 7.280000 -3.072173 2.750182 7.733100
 7.300000 -3.114174 2.834268 7.564579
 7.320000 -2.976250 2.984269 7.172821
 7.340000 -3.043675 2.980691 7.117348
 7.360000 -2.845244 3.034260 7.261828
 7.380000 -2.724432 -3.112630 7.259570
 7.400000 -2.618163 -2.934406 6.742519
 7.420000 -2.512945 -2.896796 7.282176
 7.440000 -2.401191 -2.878370 8.114586
 7.460000 -2.277999 -2.703690 7.120959
 7.480000 -2.209604 -2.795229 8.819785
 7.500000 -2.211310 -2.721671 7.865743
 7.520000 -2.259193 -2.714406 7.391969
 7.540000 -2.208699 -2.800355 8.896006
 7.560000 -2.075580 -2.737022 9.205312
 7.580000 -2.221906 -2.918654 10.355310
 7.600000 -2.214646 -2.838716 9.357483
 7.620000 -2.265138 -3.067926 11.558119
 7.640000 -2.250509 -2.964392 10.639040
 7.660000 -2.339638 -3.110631 11.051842
 7.680000 -2.472908 -3.081134 9.345708
 7.700000 -2.742839 2.990779 7.802559
 7.720000 -2.749073 2.997666 7.757509
 7.740000 -2.950371 2.831308 7.591525
 7.760000 -3.039439 2.713009 7.771563
 7.780000 -3.014388 2.670012 7.796301
 7.800000 -3.131264 2.488356 7.843600
 7.820000 -2.888969 2.465263 7.846819
 7.840000 -2.879843 2.269149 8.306230
 7.860000 -2.656104 2.419736 8.069202
 7.880000 -2.488611 2.475397 8.716277
 7.900000 -2.390288 2.636312 9.547195
 7.920000 -2.352951 2.539158 9.539218
 7.940000 -2.183639 2.584359 10.559901
 7.960000 -2.320228 2.508389 9.709202
 7.980000 -2.155126 2.603055 10.763427
 8.000000 -2.025089 2.555853 11.145557
 8.020000 -1.981604 2.330547 11.892089
 8.040000 -1.771740 2.567642 12.806845
 8.060000 -1.848779 2.450949 11.920937
 8.080000 -1.715610 2.532065 13.193963
 8.100000 -1.776891 2.404419 12.447966
 8.120000 -1.560954 2.481737 14.897434
 8.140000 -1.647792 2.639660 14.924782
 8.160000 -1.470745 2.563855 16.919165
 8.180000 -1.485093 2.513669 16.250637
 8.200000 -1.536844 2.500691 15.364478
 8.220000 -1.415566 2.512305 17.332367
 8.240000 -1.462907 2.401154 15.912078
 8.260000 -1.333964 2.404136 17.813142
 8.280000 -1.517003 2.401924 15.153248
 8.300000 -1.628691 2.412418 13.780112
 8.320000 -1.584554 2.252561 14.246041
 8.340000 -1.585149 2.273307 14.217516
 8.360000 -1.684003 2.163560 13.949008
 8.380000 -1.748338 2.225982 13.391701
 8.400000 -1.910897 2.286456 12.466353
 8.420000 -2.150405 2.266518 11.783312
 8.440000 -1.857353 2.317652 12.404994
 8.460000 -1.984659 2.313919 12.012994
 8.480000 -2.122519 2.560785 10.760103
 8.500000 -2.073842 2.533484 10.900268
 8.520000 -2.186573 2.542445 10.439343
 8.540000 -2.269791 2.674998 10.517873
 8.560000 -2.266259 2.797373 11.326973
 8.580000 -2.428825 2.777253 9.871901
 8.600000 -2.675212 2.971644 8.231686
 8.620000 -2.672273 -3.111059 7.622349
 8.640000 -2.931328 3.123510 6.604065
 8.660000 -2.994360 -3.016058 5.454320
 8.680000 -2.946527 -2.856628 4.331302
 8.700000 -3.129937 -2.935692 4.427229
 8.720000 -3.044756 -2.916309 4.504752
 8.740000 -2.933423 -2.845354 4.287262
 8.760000 -3.014920 -2.868064 4.199670
 8.780000 -2.812469 -2.767862 4.170004
 8.800000 -2.768135 -2.675515 3.704016
 8.820000 -2.833333 -2.796712 4.300223
 8.840000 -2.738308 -2.725097 4.201921
 8.860000 -2.806361 -2.612470 3.141858
 8.880000 -2.679500 -2.717796 4.461293
 8.900000 -2.546566 -2.860752 6.633948
 8.920000 -2.510380 -2.822301 6.544956
 8.940000 -2.530344 -2.874596 6.906693
 8.960000 -2.490541 3.136152 9.543680
 8.980000 -2.669792 3.067569 8.092212
 9.000000 -2.704307 3.032569 7.941494
 9.020000 -2.723688 2.869830 7.982343
 9.040000 -2.871993 2.825437 7.630125
 9.060000 -2.836086 2.795664 7.683864
 9.080000 -2.703108 2.726333 7.945106
 9.100000 -2.605140 2.709394 8.356832
 9.120000 -2.633242 2.587078 8.043157
 9.140000 -2.597786 2.511116 8.159395
 9.160000 -2.677110 2.564549 7.893316
 9.180000 -2.668430 2.576852 7.920486
 9.200000 -2.661206 2.402255 8.093050
 9.220000 -2.676235 2.458022 7.954533
 9.240000 -2.739955 2.464487 7.840596
 9.260000 -2.773798 2.517478 7.761734
 9.280000 -2.692266 2.462484 7.914130
 9.300000 -2.587599 2.462305 8.237070
 9.320000 -2.463639 2.625863 9.021118
 9.340000 -2.403079 2.637231 9.463817
 9.360000 -2.459689 2.722451 9.384617
 9.380000 -2.610216 2.634222 8.191413
 9.400000 -2.566392 2.695164 8.549014
 9.420000 -2.617797 2.851898 8.572460
 9.440000 -2.728309 2.782068 7.914365
 9.460000 -2.660870 2.774933 8.186734
 9.480000 -2.787720 2.869514 7.749498
 9.500000 -2.785136 2.906674 7.732155
 9.520000 -2.766820 2.870743 7.814122
 9.540000 -2.710522 2.881348 8.046685
 9.560000 -2.730044 2.971371 7.899998
 9.580000 -2.582457 2.957101 8.968290
 9.600000 -2.847306 2.825286 7.655272
 9.620000 -2.834719 2.888493 7.617742
 9.640000 -2.866148 2.883001 7.568899
 9.660000 -2.932010 2.945697 7.351676
 9.680000 -2.702690 2.873801 8.083429
 9.700000 -2.723735 2.748426 7.900298
 9.720000 -2.637522 2.917940 8.505220
 9.740000 -2.559351 2.879208 9.077321
 9.760000 -2.631534 2.772939 8.340327
 9.780000 -2.674274 2.719026 8.042877
 9.800000 -2.509157 2.842445 9.421374
 9.820000 -2.790639 2.818495 7.755097
 9.840000 -2.699525 2.815919 8.056541
 9.860000 -2.865574 2.642697 7.710639
 9.880000 -2.851272 2.675540 7.700429
 9.900000 -2.769713 2.651657 7.742474
 9.920000 -2.700220 2.613896 7.853692
 9.940000 -2.709985 2.541781 7.821510
 9.960000 -2.506965 2.811730 9.340919
 9.980000 -2.636216 2.680495 8.146570
 10.000000 -2.568473 2.735433 8.641344
 10.020000 -2.477665 2.633179 8.948887
 10.040000 -2.600528 2.715114 8.395046
 10.060000 -2.528427 2.873414 9.335332
 10.080000 -2.613052 2.732009 8.361367
 10.100000 -2.658740 2.679241 8.049131
 10.120000 -2.607573 2.639325 8.211465
 10.140000 -2.560803 2.724589 8.662118
 10.160000 -2.645122 2.652610 8.067092
 10.180000 -2.606268 2.693087 8.316608
 10.200000 -2.758583 2.723346 7.792624
 10.220000 -2.790174 2.714706 7.736615
 10.240000 -2.788320 2.691529 7.732395
 10.260000 -2.891651 2.602023 7.740346
 10.280000 -2.686854 2.734103 8.013394
 10.300000 -2.626635 2.793013 8.407685
 10.320000 -2.512931 2.757339 9.105125
 10.340000 -2.526631 2.621717 8.613454
 10.360000 -2.477794 2.865507 9.780262
 10.380000 -2.715825 2.926384 8.015006
 10.400000 -2.555863 3.011039 9.202094
 10.420000 -2.717936 2.803688 7.969153
 10.440000 -2.635535 2.877537 8.485518
 10.460000 -2.753285 2.989711 7.751900
 10.480000 -2.774921 2.904298 7.769089
 10.500000 -2.744124 2.820355 7.885664
 10.520000 -2.660222 2.783016 8.202639
 10.540000 -2.645409 2.827775 8.354710
 10.560000 -2.677331 2.881076 8.224626
 10.580000 -2.763610 2.893935 7.816545
 10.600000 -2.895518 2.889498 7.521109
 10.620000 -2.766170 2.955258 7.748911
 10.640000 -2.842193 2.896829 7.591609
 10.660000 -2.668348 2.859161 8.258895
 10.680000 -2.747649 2.832448 7.878205
 10.700000 -2.511399 2.903531 9.562522
 10.720000 -2.517226 2.731664 8.985809
 10.740000 -2.454932 2.695080 9.312379
 10.760000 -2.508168 2.628174 8.740456
 10.780000 -2.561513 2.854596 9.006262
 10.800000 -2.666881 2.898629 8.297378
 10.820000 -2.762843 2.797628 7.819995
 10.840000 -2.588245 2.948263 8.914393
 10.860000 -2.808261 2.947826 7.603513
 10.880000 -2.549439 3.025095 9.250731
 10.900000 -2.647837 2.862027 8.386433
 10.920000 -2.482162 2.800553 9.512170
 10.940000 -2.574361 2.726719 8.580293
 10.960000 -2.603312 2.741355 8.438074
 10.980000 -2.871135 2.713815 7.692841
 11.000000 -2.914330 2.647254 7.736984
 11.020000 -3.016847 2.679892 7.790381
 11.040000 -2.967871 2.740638 7.710687
 11.060000 -2.799735 2.661509 7.715842
 11.080000 -2.848086 2.620357 7.710587
 11.100000 -2.575435 2.661604 8.417900
 11.120000 -2.529453 2.629659 8.613722
 11.140000 -2.437036 2.671331 9.351542
 11.160000 -2.399898 2.670367 9.612979
 11.180000 -2.386620 2.807743 10.385610
 11.200000 -2.485218 2.912644 9.837352
 11.220000 -2.467805 2.901591 9.983527
 11.240000 -2.616915 2.816546 8.514586
 11.260000 -2.674055 2.826949 8.192107
 11.280000 -2.674600 2.902958 8.251410
 11.300000 -2.658724 2.709073 8.093181
 11.320000 -2.638523 2.627622 8.062010
 11.340000 -2.732103 2.649108 7.802452
 11.360000 -2.651561 2.759665 8.208638
 11.380000 -2.844144 2.787981 7.678420
 11.400000 -2.909238 2.782867 7.654821
 11.420000 -2.878637 2.950178 7.419955
 11.440000 -2.903858 3.056046 7.011072
 11.460000 -2.881961 3.005632 7.255036
 11.480000 -2.716701 3.039368 7.845789
 11.500000 -2.841276 2.960206 7.482271
 11.520000 -2.636815 3.136115 8.095760
 11.540000 -2.552852 -3.120649 8.746516
 11.560000 -2.654918 2.930063 8.385758
 11.580000 -2.514342 3.136423 9.283337
 11.600000 -2.630092 -3.126642 8.051586
 11.620000 -2.704497 3.136871 7.568502
 11.640000 -2.641499 3.018960 8.424430
 11.660000 -2.766550 3.039489 7.565966
 11.680000 -2.760005 3.086101 7.441365
 11.700000 -2.606328 2.892027 8.716203
 11.720000 -2.700904 2.838538 8.070442
 11.740000 -2.600175 2.770443 8.524363
 11.760000 -2.465970 2.907332 10.016874
 11.780000 -2.773436 2.671777 7.744394
 11.800000 -2.554635 2.660356 8.534442
 11.820000 -2.686922 2.683883 7.951870
 11.840000 -2.792009 2.775815 7.749374
 11.860000 -2.726846 2.681823 7.835813
 11.880000 -2.921527 2.582947 7.774692
 11.900000 -2.877021 2.557352 7.753928
 11.920000 -2.762917 2.613994 7.742242
 11.940000 -2.748599 2.500872 7.792531
 11.960000 -2.750758 2.481645 7.809742
 11.980000 -2.626089 2.598345 8.079886
 12.000000 -2.642241 2.685487 8.127853
 12.020000 -2.475537 2.863367 9.794693
 12.040000 -2.400011 2.794086 10.199999
 12.060000 -2.430407 2.885808 10.307986
 12.080000 -2.414726 -3.127643 10.297670
 12.100000 -2.522842 3.105391 9.325910
 12.120000 -2.504230 2.882235 9.579849
 12.140000 -2.581690 2.873619 8.881756
 12.160000 -2.581400 3.003478 8.964944
 12.180000 -2.715300 2.862308 8.017958
 12.200000 -2.782968 2.776526 7.766568
 12.220000 -2.965937 2.874283 7.506924
 12.240000 -2.894400 2.902277 7.498800
 12.260000 -2.790433 3.019573 7.511891
 12.280000 -2.785123 2.922668 7.716034
 12.300000 -2.611024 2.835782 8.591209
 12.320000 -2.633141 2.987127 8.530086
 12.340000 -2.699037 2.854895 8.091452
 12.360000 -2.716099 2.645003 7.834719
 12.380000 -2.743877 2.736947 7.834723
 12.400000 -2.701061 2.721332 7.946547
 12.420000 -2.601032 2.745209 8.460519
 12.440000 -2.778350 2.592772 7.728193
 12.460000 -2.722212 2.705602 7.866550
 12.480000 -2.742474 2.790906 7.875138
 12.500000 -2.673181 2.871973 8.242320
 12.520000 -2.687193 2.674620 7.940734
 12.540000 -2.500259 2.596610 8.720988
 12.560000 -2.668516 2.675886 8.007116
 12.580000 -2.623581 2.646313 8.149160
 12.600000 -2.707995 2.542194 7.825046
 12.620000 -2.802954 2.576564 7.721477
 12.640000 -2.654314 2.781195 8.230310
 12.660000 -2.694624 2.818719 8.081584
 12.680000 -2.693707 2.876432 8.131155
 12.700000 -2.766425 2.809401 7.813996
 12.720000 -2.744065 2.935157 7.869809
 12.740000 -2.826315 2.812892 7.690023
 12.760000 -2.822397 2.727157 7.705839
 12.780000 -2.908007 2.719731 7.698549
 12.800000 -2.919573 2.733109 7.694826
 12.820000 -2.944689 2.880893 7.500927
 12.840000 -2.931774 2.809530 7.624827
 12.860000 -2.698362 2.858340 8.097037
 12.880000 -2.650254 2.908728 8.411038
 12.900000 -2.490196 2.960160 9.865282
 12.920000 -2.459866 2.915703 10.099440
 12.940000 -2.491533 2.822309 9.510155
 12.960000 -2.584163 2.711559 8.481928
 12.980000 -2.512190 2.615895 8.687913
 13.000000 -2.744613 2.610446 7.765295
 13.020000 -2.700203 2.514591 7.851169
 13.040000 -2.849981 2.535685 7.751877
 13.060000 -2.918940 2.563678 7.783638
 13.080000 -2.798670 2.503696 7.766181
 13.100000 -2.693313 2.587012 7.858225
 13.120000 -2.551859 2.569584 8.392129
 13.140000 -2.475090 2.613003 8.913587
 13.160000 -2.532821 2.651942 8.645697
 13.180000 -2.703825 2.581886 7.832772
 13.200000 -2.618674 2.667914 8.206275
 13.220000 -2.768142 2.632315 7.739483
 13.240000 -2.679814 2.699423 7.995476
 13.260000 -2.689736 2.757628 8.031733
 13.280000 -2.670613 2.775045 8.139442
 13.300000 -2.651259 2.761705 8.213637
 13.320000 -2.584045 2.813260 8.734804
 13.340000 -2.484600 2.862397 9.706523
 13.360000 -2.507873 2.821294 9.364989
 13.380000 -2.490956 2.749749 9.247756
 13.400000 -2.697417 2.735352 7.975351
 13.420000 -2.652713 2.748264 8.183906
 13.440000 -2.786640 2.782516 7.760788
 13.460000 -2.710559 2.748002 7.942911
 13.480000 -2.716786 2.810562 7.979258
 13.500000 -2.698792 2.803708 8.047226
 13.520000 -2.773387 2.695644 7.753250
 13.540000 -2.732909 2.759726 7.881901
 13.560000 -2.724260 2.744719 7.895359
 13.580000 -2.723680 2.650339 7.820967
 13.600000 -2.639465 2.662997 8.104996
 13.620000 -2.828645 2.552255 7.733165
 13.640000 -2.867874 2.537897 7.760388
 13.660000 -2.989405 2.647390 7.795814
 13.680000 -2.871858 2.715122 7.692462
 13.700000 -2.757916 2.734378 7.800432
 13.720000 -2.486984 2.753855 9.294429
 13.740000 -2.509072 2.695620 8.925168
 13.760000 -2.329880 2.887118 11.299840
 13.780000 -2.410485 2.801479 10.143632
 13.800000 -2.376429 2.666189 9.761193
 13.820000 -2.419236 2.574668 9.184549
 13.840000 -2.504163 2.583533 8.674786
 13.860000 -2.685211 2.616723 7.894457
 13.880000 -2.755934 2.549886 7.756198
 13.900000 -2.849718 2.477930 7.805556
 13.920000 -2.771717 2.476537 7.801680
 13.940000 -2.722958 2.621138 7.806740
 13.960000 -2.716314 2.592682 7.809630
 13.980000 -2.485386 2.721797 9.186211
 14.000000 -2.560666 2.644508 8.464449
 14.020000 -2.508686 2.624023 8.727514
 14.040000 -2.663956 2.689724 8.043140
 14.060000 -2.866651 2.748072 7.680993
 14.080000 -2.816503 2.953748 7.566920
 14.100000 -2.872046 2.959611 7.410179
 14.120000 -2.845446 2.953706 7.485623
 14.140000 -2.692837 2.867032 8.130633
 14.160000 -2.769115 2.971458 7.711147
 14.180000 -2.632306 2.971892 8.546799
 14.200000 -2.528832 2.870439 9.324355
 14.220000 -2.679445 2.739042 8.049566
 14.240000 -2.632373 2.864397 8.490819
 14.260000 -2.786349 2.855455 7.759034
 14.280000 -2.896950 2.931562 7.433338
 14.300000 -2.843073 2.884733 7.605551
 14.320000 -2.709529 2.772182 7.971123
 14.340000 -2.606039 2.924045 8.750845
 14.360000 -2.551023 2.782569 8.897193
 14.380000 -2.420672 2.704270 9.605968
 14.400000 -2.506364 2.672251 8.871189
 14.420000 -2.515322 2.576543 8.599410
 14.440000 -2.637531 2.467840 8.048149
 14.460000 -2.821865 2.500185 7.771015
 14.480000 -2.863031 2.495204 7.794203
 14.500000 -2.858394 2.558414 7.741639
 14.520000 -2.911768 2.467619 7.861639
 14.540000 -2.762035 2.494934 7.787570
 14.560000 -2.590948 2.545283 8.189702
 14.580000 -2.433103 2.677662 9.403933
 14.600000 -2.271606 2.561516 10.048631
 14.620000 -2.209045 2.656701 10.766457
 14.640000 -2.297265 2.656855 10.250271
 14.660000 -2.305321 2.841437 11.284619
 14.680000 -2.330674 2.782711 10.725542
 14.700000 -2.431978 2.750878 9.725847
 14.720000 -2.401343 2.834340 10.380452
 14.740000 -2.399285 2.817901 10.322051
 14.760000 -2.501398 2.833786 9.462402
 14.780000 -2.542800 2.703262 8.720455
 14.800000 -2.534445 2.725253 8.842496
 14.820000 -2.625872 2.608228 8.090640
 14.840000 -2.650694 2.689078 8.096822
 14.860000 -2.895843 2.519767 7.795441
 14.880000 -2.956560 2.656324 7.764851
 14.900000 -3.032446 2.672524 7.802594
 14.920000 -2.999444 2.680108 7.780632
 14.940000 -2.907791 2.705121 7.706475
 14.960000 -2.865931 2.770340 7.671716
 14.980000 -2.682346 2.971821 8.183815
 15.000000 -2.552514 2.949991 9.238669
 15.020000 -2.486931 3.047147 9.874926
 15.040000 -2.524569 3.005578 9.521003
 15.060000 -2.608614 -3.128077 8.249654
 15.080000 -2.767725 3.069927 7.460388
 15.100000 -2.840492 3.098757 7.019410
 15.120000 -2.939370 3.005097 7.144250
 15.140000 -2.844180 3.032847 7.270094
 15.160000 -2.885145 3.002451 7.257988
 15.180000 -2.742255 3.032769 7.712587
 15.200000 -2.700710 3.034523 7.960529
 15.220000 -2.591902 3.057606 8.779251
 15.240000 -2.632943 3.071406 8.376699
 15.260000 -2.666353 3.049251 8.168658
 15.280000 -2.783684 3.051063 7.446857
 15.300000 -2.832791 3.052334 7.240372
 15.320000 -2.912151 2.979023 7.279545
 15.340000 -2.798059 2.965430 7.606826
 15.360000 -2.827911 2.854805 7.663723
 15.380000 -2.634457 2.898914 8.514223
 15.400000 -2.636926 2.808577 8.374112
 15.420000 -2.699042 2.836504 8.077509
 15.440000 -2.720532 2.694347 7.861569
 15.460000 -2.769674 2.805544 7.804471
 15.480000 -2.848813 2.700121 7.696798
 15.500000 -2.729506 2.760192 7.892578
 15.520000 -2.763554 2.739959 7.791658
 15.540000 -2.766345 2.657169 7.748583
 15.560000 -2.588086 2.812006 8.702808
 15.580000 -2.581675 2.757108 8.611653
 15.600000 -2.449387 2.767141 9.654375
 15.620000 -2.333919 2.874325 11.201350
 15.640000 -2.465635 2.836535 9.793641
 15.660000 -2.488694 2.834636 9.578040
 15.680000 -2.581757 2.732386 8.548053
 15.700000 -2.676602 2.779962 8.118228
 15.720000 -2.631313 2.735296 8.268836
 15.740000 -2.658952 2.710302 8.094080
 15.760000 -2.826772 2.550211 7.733913
 15.780000 -2.808699 2.530688 7.744105
 15.800000 -2.918412 2.382248 8.001788
 15.820000 -2.903945 2.366183 8.027629
 15.840000 -2.854393 2.404232 7.921418
 15.860000 -2.799216 2.448957 7.831776
 15.880000 -2.823826 2.530116 7.746337
 15.900000 -2.688694 2.567859 7.864782
 15.920000 -2.607739 2.549856 8.121343
 15.940000 -2.472156 2.715842 9.263560
 15.960000 -2.419447 2.754478 9.844727
 15.980000 -2.374460 2.718641 10.024665
 16.000000 -2.458773 2.682839 9.238379
 16.020000 -2.553243 2.598191 8.420868
 16.040000 -2.542094 2.619007 8.517801
 16.060000 -2.645747 2.576698 7.992180
 16.080000 -2.681078 2.461574 7.938836
 16.100000 -2.625091 2.611624 8.097502
 16.120000 -2.689678 2.592596 7.869385
 16.140000 -2.691365 2.567694 7.858422
 16.160000 -2.662409 2.419856 8.052152
 16.180000 -2.642876 2.606919 8.023940
 16.200000 -2.697243 2.529084 7.850099
 16.220000 -2.596919 2.552357 8.166948
 16.240000 -2.741227 2.575675 7.766776
 16.260000 -2.671739 2.709251 8.039491
 16.280000 -2.733009 2.760901 7.882546
 16.300000 -2.752622 2.769250 7.833636
 16.320000 -2.674687 2.778900 8.125687
 16.340000 -2.602663 2.889008 8.740576
 16.360000 -2.597993 2.975563 8.831160
 16.380000 -2.664461 2.849427 8.271082
 16.400000 -2.642606 2.931695 8.473316
 16.420000 -2.707324 2.960849 8.038422
 16.440000 -2.731204 2.904844 7.946980
 16.460000 -2.805348 2.824885 7.722583
 16.480000 -2.873802 2.864554 7.584237
 16.500000 -2.825878 2.987696 7.462711
 16.520000 -2.802249 2.931796 7.647495
 16.540000 -2.738813 2.744832 7.853595
 16.560000 -2.678206 2.831262 8.175412
 16.580000 -2.596167 2.987362 8.842277
 16.600000 -2.665281 2.828433 8.241206
 16.620000 -2.650639 2.737683 8.176164
 16.640000 -2.641158 2.776889 8.293698
 16.660000 -2.600829 2.778788 8.539412
 16.680000 -2.588837 2.681660 8.386835
 16.700000 -2.686393 2.548755 7.869467
 16.720000 -2.667108 2.531209 7.920752
 16.740000 -2.636955 2.581965 8.026061
 16.760000 -2.696860 2.492605 7.873407
 16.780000 -2.642162 2.405939 8.138710
 16.800000 -2.593552 2.417567 8.285760
 16.820000 -2.536916 2.558919 8.460141
 16.840000 -2.443423 2.502096 8.968205
 16.860000 -2.465251 2.416273 8.946209
 16.880000 -2.349820 2.469222 9.550620
 16.900000 -2.312468 2.648874 10.114948
 16.920000 -2.277130 2.626796 10.233204
 16.940000 -2.323632 2.489205 9.690474
 16.960000 -2.338054 2.565324 9.672905
 16.980000 -2.438879 2.406419 9.131575
 17.000000 -2.429432 2.570558 9.112328
 17.020000 -2.562870 2.379250 8.517333
 17.040000 -2.598624 2.435034 8.232524
 17.060000 -2.588989 2.475946 8.216833
 17.080000 -2.696414 2.596178 7.854336
 17.100000 -2.783482 2.515530 7.759161
 17.120000 -2.814130 2.677747 7.708440
 17.140000 -2.875208 2.750916 7.678296
 17.160000 -2.784450 2.955481 7.674585
 17.180000 -2.690833 2.886776 8.151160
 17.200000 -2.770427 2.817014 7.804959
 17.220000 -2.655533 3.096868 8.105474
 17.240000 -2.821350 -3.141035 6.883399
 17.260000 -2.809542 -3.079039 6.575271
 17.280000 -2.795218 -3.124128 6.914586
 17.300000 -2.821003 -3.033390 6.212766
 17.320000 -2.833503 -2.867733 4.866724
 17.340000 -2.785035 -2.841572 4.885445
 17.360000 -2.979373 3.079176 6.737749
 17.380000 -2.889999 -3.112750 6.453629
 17.400000 -2.840210 -2.991947 5.820741
 17.420000 -2.971211 3.077483 6.762442
 17.440000 -2.842371 3.050586 7.213112
 17.460000 -2.852090 2.968390 7.434967
 17.480000 -2.726537 3.077305 7.668674
 17.500000 -2.626364 2.948460 8.598700
 17.520000 -2.642049 2.825018 8.370678
 17.540000 -2.611461 2.759573 8.430251
 17.560000 -2.583808 2.880975 8.877671
 17.580000 -2.707375 2.666580 7.872975
 17.600000 -2.683778 2.507132 7.889825
 17.620000 -2.776796 2.386815 7.954408
 17.640000 -2.566645 2.455168 8.336753
 17.660000 -2.499624 2.457041 8.674240
 17.680000 -2.637737 2.275125 8.610760
 17.700000 -2.483922 2.192307 10.008732
 17.720000 -2.614626 2.281450 8.671993
 17.740000 -2.571609 2.288863 8.837087
 17.760000 -2.487166 2.261807 9.495723
 17.780000 -2.587583 2.249481 8.964370
 17.800000 -2.696298 2.440426 7.938910
 17.820000 -2.565872 2.521303 8.297269
 17.840000 -2.665833 2.650286 7.986093
 17.860000 -2.648152 2.735251 8.183988
 17.880000 -2.337437 2.957707 11.480935
 17.900000 -2.405128 3.091100 10.694141
 17.920000 -2.351919 -3.009544 10.065896
 17.940000 -2.489085 -3.077405 9.143361
 17.960000 -2.682310 -2.885699 5.846628
 17.980000 -2.831809 -2.891534 5.066870
 18.000000 -2.807774 -3.017309 6.162203
 18.020000 -3.016799 -2.771319 3.439398
 18.040000 -2.985305 -2.766733 3.503892
 18.060000 -2.902792 -2.729934 3.521829
 18.080000 -2.926235 -2.848472 4.337916
 18.100000 -2.714402 -2.786599 4.811508
 18.120000 -2.813062 -2.743954 3.986998
 18.140000 -2.729990 -2.879609 5.498140
 18.160000 -2.660293 -3.034504 7.222272
 18.180000 -2.803110 -3.081988 6.625622
 18.200000 -2.818073 -3.076000 6.514880
 18.220000 -2.870006 3.006609 7.281509
 18.240000 -2.850336 2.867322 7.613232
 18.260000 -2.848142 2.860719 7.623739
 18.280000 -2.719739 2.770781 7.933474
 18.300000 -2.710284 2.592290 7.821747
 18.320000 -2.509471 2.509196 8.585239
 18.340000 -2.377472 2.436502 9.435193
 18.360000 -2.287076 2.384074 10.157336
 18.380000 -2.322713 2.214526 11.118807
 18.400000 -2.478968 2.154245 10.358343
 18.420000 -2.511695 2.058278 10.951944
 18.440000 -2.335826 2.046425 12.783710
 18.460000 -2.358584 2.221219 10.771312
 18.480000 -2.286231 2.040967 13.337243
 18.500000 -2.205812 2.160792 12.580834
 18.520000 -2.148591 2.272252 11.738004
 18.540000 -2.065477 2.334975 11.565646
 18.560000 -1.987593 2.274839 12.349486
 18.580000 -2.133183 2.405723 10.858634
 18.600000 -2.218634 2.652628 10.691797
 18.620000 -2.304293 2.784015 10.945067
 18.640000 -2.538968 2.797110 9.032699
 18.660000 -2.469816 2.867130 9.861172
 18.680000 -2.753787 2.844950 7.860025
 18.700000 -2.808496 2.965460 7.570293
 18.720000 -2.882844 2.860073 7.580620
 18.740000 -2.808167 2.886941 7.681716
 18.760000 -2.859242 2.943182 7.475630
 18.780000 -2.829945 2.987863 7.449294
 18.800000 -2.932720 2.925579 7.405369
 18.820000 -2.925049 3.030258 7.071277
 18.840000 -2.892274 3.107466 6.800760
 18.860000 -2.881449 3.089786 6.920897
 18.880000 -2.662373 -3.098462 7.627333
 18.900000 -2.812429 3.059488 7.292428
 18.920000 -2.494551 -2.962298 8.107015
 18.940000 -2.647870 -3.063100 7.521131
 18.960000 -2.515895 3.062294 9.531407
 18.980000 -2.501059 3.010864 9.763899
 19.000000 -2.499893 2.980918 9.779074
 19.020000 -2.767200 2.827677 7.815587
 19.040000 -2.778700 2.759140 7.769955
 19.060000 -2.978364 2.597975 7.815244
 19.080000 -2.906996 2.536100 7.791810
 19.100000 -2.755929 2.457952 7.835624
 19.120000 -2.859812 2.455746 7.839815
 19.140000 -2.667730 2.503260 7.930947
 19.160000 -2.598563 2.582562 8.180453
 19.180000 -2.474593 2.453601 8.820615
 19.200000 -2.345318 2.628154 9.814585
 19.220000 -2.225694 2.585009 10.355812
 19.240000 -2.452683 2.602887 9.033058
 19.260000 -2.191649 2.653392 10.839930
 19.280000 -2.407797 2.489692 9.186333
 19.300000 -2.390614 2.540128 9.309834
 19.320000 -2.302844 2.574351 9.902918
 19.340000 -2.533533 2.505906 8.457299
 19.360000 -2.521196 2.420836 8.619771
 19.380000 -2.629903 2.657993 8.138782
 19.400000 -2.662172 2.503312 7.945508
 19.420000 -2.629370 2.590611 8.060434
 19.440000 -2.703604 2.593931 7.836771
 19.460000 -2.634841 2.741292 8.261789
 19.480000 -2.564957 2.749687 8.703940
 19.500000 -2.522422 2.795328 9.158695
 19.520000 -2.572081 3.010334 9.046203
 19.540000 -2.414683 3.140576 10.378734
 19.560000 -2.572480 -3.026445 7.915785
 19.580000 -2.713657 3.129147 7.542218
 19.600000 -2.634736 -2.989019 7.074205
 19.620000 -2.962636 -2.938666 4.939249
 19.640000 -2.925037 -2.975462 5.358035
 19.660000 -2.969599 -3.027033 5.610325
 19.680000 -3.094953 -2.992575 4.994026
 19.700000 -3.002744 -3.047856 5.673206
 19.720000 -2.814984 -3.044907 6.321885
 19.740000 -2.953677 3.133092 6.491945
 19.760000 -2.579393 3.066937 8.874271
 19.780000 -2.583245 3.088300 8.773938
 19.800000 -2.715382 2.955161 7.997855
 19.820000 -2.477174 2.940182 9.972389
 19.840000 -2.684224 2.768554 8.068779
 19.860000 -2.608618 2.714751 8.349102
 19.880000 -2.473669 2.653360 9.034220
 19.900000 -2.522715 2.454980 8.552428
 19.920000 -2.577780 2.348793 8.548899
 19.940000 -2.469101 2.231039 9.830276
 19.960000 -2.699824 1.979070 10.488914
 19.980000 -2.587970 1.957693 11.312241
 20.000000 -2.567522 1.970988 11.335218
