#! FIELDS time phi psi metad.bias
#! SET min_phi -pi
#! SET max_phi pi
#! SET min_psi -pi
#! SET max_psi pi
 0.000000 3.141580 -3.141577 30.532024
 0.020000 -2.699870 -2.571827 7.703012
 0.040000 -2.710916 -2.572483 7.719473
 0.060000 -2.743479 -2.593765 8.290247
 0.080000 -2.736880 -2.568604 7.624117
 0.100000 -2.753394 -2.578426 7.880386
 0.120000 -2.712184 -2.528126 6.681865
 0.140000 -2.681665 -2.586355 8.083939
 0.160000 -2.655773 -2.515012 6.425007
 0.180000 -2.682226 -2.531203 6.752645
 0.200000 -2.643518 -2.505215 6.239104
 0.220000 -2.669775 -2.577419 7.851989
 0.240000 -2.680555 -2.545036 7.060554
 0.260000 -2.727480 -2.583059 7.996142
 0.280000 -2.730601 -2.681769 11.099380
 0.300000 -2.703588 -2.726038 12.772790
 0.320000 -2.672707 -2.705107 11.944617
 0.340000 -2.630003 -2.765370 14.384516
 0.360000 -2.637271 -2.830996 17.295492
 0.380000 -2.588645 -2.618454 9.066164
 0.400000 -2.641372 -2.646811 9.894757
 0.420000 -2.568952 -2.680729 11.139893
 0.440000 -2.647370 -2.641326 9.714010
 0.460000 -2.666516 -2.491616 5.973106
 0.480000 -2.746891 -2.612921 8.839709
 0.500000 -2.738383 -2.527344 6.666146
 0.520000 -2.723450 -2.459953 5.429668
 0.540000 -2.704492 -2.565599 7.546436
 0.560000 -2.672895 -2.502036 6.163909
 0.580000 -2.720821 -2.511784 6.345152
 0.600000 -2.684124 -2.502476 6.168743
 0.620000 -2.727976 -2.522827 6.570066
 0.640000 -2.637264 -2.415762 4.830917
 0.660000 -2.635640 -2.519366 6.525955
 0.680000 -2.533668 -2.448359 5.390342
 0.700000 -2.595443 -2.593972 8.354755
 0.720000 -2.546068 -2.498860 6.228902
 0.740000 -2.639176 -2.544577 7.069959
 0.760000 -2.579538 -2.559907 7.494327
 0.780000 -2.559000 -2.519898 6.625782
 0.800000 -2.618526 -2.516880 6.489481
 0.820000 -2.711563 -2.520702 6.525913
 0.840000 -2.751851 -2.548769 7.145942
 0.860000 -2.853644 -2.563335 7.523593
 0.880000 -2.871764 -2.575897 7.847365
 0.900000 -2.837103 -2.545056 7.080185
 0.920000 -2.828865 -2.627357 9.327926
 0.940000 -2.756471 -2.559147 7.394287
 0.960000 -2.784118 -2.632914 9.474958
 0.980000 -2.641132 -2.535343 6.861689
 1.000000 -2.696825 -2.638330 9.605623
 1.020000 -2.662697 -2.613385 8.848426
 1.040000 -2.655030 -2.560687 7.439252
 1.060000 -2.642087 -2.661880 10.395544
 1.080000 -2.623945 -2.568381 7.651773
 1.100000 -2.619455 -2.612591 8.855658
 1.120000 -2.583333 -2.645891 9.929025
 1.140000 -2.643952 -2.671937 10.741118
 1.160000 -2.648096 -2.590599 8.212368
 1.180000 -2.802052 -2.728887 13.004824
 1.200000 -2.716104 -2.695916 11.611889
 1.220000 -2.828185 -2.706749 12.148258
 1.240000 -2.766173 -2.588928 8.165464
 1.260000 -2.731889 -2.724491 12.734099
 1.280000 -2.656260 -2.676396 10.892387
 1.300000 -2.674761 -2.526024 6.644255
 1.320000 -2.704268 -2.501857 6.153289
 1.340000 -2.727661 -2.593371 8.275216
 1.360000 -2.760259 -2.524864 6.616968
 1.380000 -2.751821 -2.409433 4.736159
 1.400000 -2.770841 -2.551016 7.203451
 1.420000 -2.688494 -2.413979 4.792217
 1.440000 -2.752600 -2.386822 4.478353
 1.460000 -2.586682 -2.325967 3.939378
 1.480000 -2.567532 -2.318120 3.891619
 1.500000 -2.649056 -2.267772 3.495517
 1.520000 -2.658531 -2.292615 3.657613
 1.540000 -2.714354 -2.412608 4.773221
 1.560000 -2.707787 -2.355083 4.157826
 1.580000 -2.674100 -2.329064 3.931260
 1.600000 -2.680982 -2.557408 7.350101
 1.620000 -2.661217 -2.606514 8.649625
 1.640000 -2.700218 -2.470178 5.594405
 1.660000 -2.717869 -2.620476 9.055696
 1.680000 -2.786354 -2.716748 12.490622
 1.700000 -2.800855 -2.680823 11.131346
 1.720000 -2.773697 -2.571638 7.711316
 1.740000 -2.799757 -2.745112 13.679841
 1.760000 -2.650380 -2.802737 16.014372
 1.780000 -2.657524 -2.702059 11.830500
 1.800000 -2.526298 -2.699649 11.924731
 1.820000 -2.468734 -2.713405 12.627179
 1.840000 -2.431315 -2.783196 15.677611
 1.860000 -2.536616 -2.703978 12.061580
 1.880000 -2.558099 -2.706928 12.125314
 1.900000 -2.617539 -2.727703 12.844093
 1.920000 -2.688945 -2.747760 13.650539
 1.940000 -2.598997 -2.547917 7.184758
 1.960000 -2.757829 -2.638232 9.627477
 1.980000 -2.659390 -2.469620 5.596820
 2.000000 -2.778292 -2.511702 6.350376
 2.020000 -2.819031 -2.390445 4.526031
 2.040000 -2.859638 -2.476869 5.713700
 2.060000 -2.863096 -2.373755 4.354339
 2.080000 -2.886726 -2.319248 3.892448
 2.100000 -2.790718 -2.418121 4.847330
 2.120000 -2.848025 -2.425566 4.945617
 2.140000 -2.804792 -2.275473 3.585076
 2.160000 -2.604212 -2.339532 4.043256
 2.180000 -2.572762 -2.450200 5.362623
 2.200000 -2.483896 -2.368921 4.469429
 2.220000 -2.539533 -2.430802 5.126652
 2.240000 -2.475783 -2.571417 7.998436
 2.260000 -2.401892 -2.610053 9.305652
 2.280000 -2.369133 -2.671743 11.471461
 2.300000 -2.428073 -2.694630 12.066084
 2.320000 -2.469073 -2.688656 11.691069
 2.340000 -2.402590 -2.736155 13.811297
 2.360000 -2.432940 -2.680179 11.513992
 2.380000 -2.461694 -2.784979 15.620731
 2.400000 -2.668070 -2.777402 14.901831
 2.420000 -2.782124 -2.581386 7.968768
 2.440000 -2.879971 -2.775405 15.138268
 2.460000 -2.785641 -2.726635 12.888734
 2.480000 -2.858178 -2.608268 8.754959
 2.500000 -2.787945 -2.648974 10.002175
 2.520000 -2.791873 -2.724739 12.820340
 2.540000 -2.919290 -2.678656 11.113205
 2.560000 -2.853195 -2.460728 5.450211
 2.580000 -2.941766 -2.508584 6.257359
 2.600000 -2.902506 -2.489756 5.928207
 2.620000 -2.784656 -2.314638 3.838628
 2.640000 -2.671974 -2.262333 3.461150
 2.660000 -2.578234 -2.250490 3.418207
 2.680000 -2.420211 -2.108392 3.003050
 2.700000 -2.425169 -2.203618 3.393339
 2.720000 -2.318206 -2.236214 3.851756
 2.740000 -2.318151 -2.277719 4.097812
 2.760000 -2.579928 -2.241845 3.366996
 2.780000 -2.552736 -2.377445 4.456706
 2.800000 -2.458717 -2.397737 4.842203
 2.820000 -2.547971 -2.311421 3.858330
 2.840000 -2.478019 -2.329297 4.104348
 2.860000 -2.585628 -2.528047 6.759152
 2.880000 -2.720530 -2.471658 5.617096
 2.900000 -2.864217 -2.459978 5.437220
 2.920000 -2.908832 -2.622130 9.175536
 2.940000 -3.056284 -2.698886 11.523040
 2.960000 -2.921604 -2.757043 14.331129
 2.980000 -2.910653 -2.806529 16.625191
 3.000000 -2.794083 -2.867362 19.343790
 3.020000 -2.644201 -2.811534 16.408824
 3.040000 -2.668945 -2.810131 16.357409
 3.060000 -2.541864 -2.773450 14.854684
 3.080000 -2.481884 -2.641355 10.015079
 3.100000 -2.583665 -2.728442 12.914409
 3.120000 -2.585643 -2.688015 11.374108
 3.140000 -2.540603 -2.669066 10.788118
 3.160000 -2.632785 -2.649726 9.996112
 3.180000 -2.560453 -2.654533 10.252877
 3.200000 -2.611923 -2.590227 8.233019
 3.220000 -2.699281 -2.653382 10.097556
 3.240000 -2.460227 -2.505200 6.531094
 3.260000 -2.597480 -2.566643 7.636489
 3.280000 -2.621548 -2.525933 6.674434
 3.300000 -2.733219 -2.425077 4.931684
 3.320000 -2.768864 -2.512885 6.372220
 3.340000 -2.753634 -2.505058 6.215906
 3.360000 -2.747216 -2.526958 6.659111
 3.380000 -2.822805 -2.578211 7.900267
 3.400000 -2.821283 -2.644160 9.867339
 3.420000 -2.767455 -2.537734 6.897722
 3.440000 -2.872774 -2.651536 10.144143
 3.460000 -2.768406 -2.584834 8.055513
 3.480000 -2.767536 -2.728873 12.954485
 3.500000 -2.694903 -2.616203 8.924537
 3.520000 -2.651244 -2.607999 8.697468
 3.540000 -2.630775 -2.625857 9.241905
 3.560000 -2.632630 -2.656286 10.213540
 3.580000 -2.418854 -2.458699 5.795588
 3.600000 -2.392435 -2.567495 8.150761
 3.620000 -2.422691 -2.553581 7.704602
 3.640000 -2.546466 -2.317363 3.906835
 3.660000 -2.680167 -2.377184 4.375400
 3.680000 -2.600450 -2.275602 3.560821
 3.700000 -2.639374 -2.289011 3.636086
 3.720000 -2.599828 -2.219289 3.232180
 3.740000 -2.614786 -2.221544 3.238079
 3.760000 -2.754807 -2.210835 3.213135
 3.780000 -2.813369 -2.187864 3.147412
 3.800000 -2.888167 -2.270343 3.581130
 3.820000 -2.975197 -2.345194 4.045823
 3.840000 -2.905387 -2.324931 3.931544
 3.860000 -2.759082 -2.339814 4.029783
 3.880000 -2.749461 -2.454378 5.345086
 3.900000 -2.708110 -2.414747 4.799843
 3.920000 -2.582968 -2.477890 5.797453
 3.940000 -2.493606 -2.489966 6.162128
 3.960000 -2.499834 -2.676246 11.145711
 3.980000 -2.396110 -2.563475 8.035267
 4.000000 -2.469667 -2.639734 9.999958
 4.020000 -2.590510 -2.777852 14.952790
 4.040000 -2.386521 -2.735401 13.857429
 4.060000 -2.599553 -2.901375 20.583196
 4.080000 -2.563723 -2.885529 19.877802
 4.100000 -2.589704 -2.842573 17.848448
 4.120000 -2.624844 -2.773869 14.750047
 4.140000 -2.696517 -2.814861 16.603766
 4.160000 -2.655844 -2.715542 12.346888
 4.180000 -2.935478 -2.640522 9.753489
 4.200000 -2.843685 -2.510089 6.327080
 4.220000 -2.819318 -2.596845 8.409282
 4.240000 -2.820337 -2.397515 4.604379
 4.260000 -2.677992 -2.309205 3.775713
 4.280000 -2.773720 -2.359482 4.207273
 4.300000 -2.788316 -2.393128 4.551754
 4.320000 -2.774284 -2.381931 4.429295
 4.340000 -2.766186 -2.361786 4.227438
 4.360000 -2.837597 -2.469913 5.598357
 4.380000 -2.587218 -2.289833 3.664942
 4.400000 -2.761108 -2.405114 4.685538
 4.420000 -2.692574 -2.325909 3.905237
 4.440000 -2.623330 -2.462655 5.505990
 4.460000 -2.622452 -2.365842 4.278715
 4.480000 -2.550878 -2.401765 4.734851
 4.500000 -2.327978 -2.526673 7.374741
 4.520000 -2.429234 -2.451443 5.653367
 4.540000 -2.449551 -2.624169 9.571192
 4.560000 -2.344044 -2.624457 9.971545
 4.580000 -2.638300 -2.862666 18.767919
 4.600000 -2.510330 -2.666028 10.758470
 4.620000 -2.539386 -2.897884 20.503155
 4.640000 -2.583846 -2.769926 14.622502
 4.660000 -2.534548 -2.828668 17.315302
 4.680000 -2.472961 -2.837115 17.913988
 4.700000 -2.728812 -2.868365 19.192182
 4.720000 -2.636011 -2.921398 21.537632
 4.740000 -2.782361 -2.837347 17.847499
 4.760000 -2.997034 -2.917985 22.153938
 4.780000 -2.701975 -2.701478 11.814435
 4.800000 -2.842277 -2.799431 16.191021
 4.820000 -2.816574 -2.664612 10.563608
 4.840000 -2.657650 -2.483899 5.839537
 4.860000 -2.796926 -2.445991 5.225546
 4.880000 -2.662201 -2.382363 4.433326
 4.900000 -2.626796 -2.246779 3.373619
 4.920000 -2.653904 -2.167455 2.972164
 4.940000 -2.685675 -2.257399 3.433138
 4.960000 -2.492086 -2.100534 2.810771
 4.980000 -2.605275 -2.113826 2.750655
 5.000000 -2.456978 -2.103296 2.891728
 5.020000 -2.433089 -2.114094 2.989572
 5.040000 -2.641569 -2.077953 2.605316
 5.060000 -2.540338 -2.137441 2.893658
 5.080000 -2.615589 -2.100685 2.695538
 5.100000 -2.693973 -2.146197 2.892728
 5.120000 -2.773855 -2.273713 3.560350
 5.140000 -2.637910 -2.203100 3.139027
 5.160000 -2.768421 -2.330408 3.954832
 5.180000 -2.656848 -2.391802 4.537895
 5.200000 -2.788812 -2.581284 7.968771
 5.220000 -2.903826 -2.540428 6.964910
 5.240000 -2.923181 -2.681494 11.217513
 5.260000 -3.031438 -2.759103 14.167335
 5.280000 -2.911300 -2.697034 11.817723
 5.300000 -2.727019 -2.596760 8.369106
 5.320000 -2.635024 -2.686927 11.280418
 5.340000 -2.354709 -2.526702 7.289133
 5.360000 -2.379388 -2.472675 6.137948
 5.380000 -2.310611 -2.517050 7.218166
 5.400000 -2.213449 -2.562216 8.645893
 5.420000 -2.253137 -2.455695 6.215118
 5.440000 -2.273307 -2.495723 6.890560
 5.460000 -2.394371 -2.573554 8.303046
 5.480000 -2.514084 -2.503863 6.383789
 5.500000 -2.675725 -2.435259 5.074006
 5.520000 -2.544981 -2.565674 7.693964
 5.540000 -2.803356 -2.591949 8.264693
 5.560000 -2.811152 -2.385191 4.468885
 5.580000 -2.917562 -2.499894 6.108267
 5.600000 -2.922132 -2.679179 11.131352
 5.620000 -2.820249 -2.588082 8.165302
 5.640000 -2.821881 -2.486799 5.886836
 5.660000 -2.645914 -2.650235 10.004028
 5.680000 -2.590578 -2.673019 10.832423
 5.700000 -2.502952 -2.350783 4.256527
 5.720000 -2.641188 -2.546473 7.111958
 5.740000 -2.516462 -2.553703 7.460033
 5.760000 -2.603214 -2.478048 5.777849
 5.780000 -2.655134 -2.498654 6.107898
 5.800000 -2.766807 -2.695188 11.629217
 5.820000 -2.650315 -2.604816 8.606726
 5.840000 -2.813948 -2.698855 11.823967
 5.860000 -2.672360 -2.727839 12.831564
 5.880000 -2.583604 -2.764567 14.395499
 5.900000 -2.650452 -2.803348 16.041813
 5.920000 -2.483410 -2.656409 10.508336
 5.940000 -2.445403 -2.762639 14.725634
 5.960000 -2.501610 -2.610058 8.994535
 5.980000 -2.446506 -2.531036 7.110068
 6.000000 -2.341549 -2.533858 7.494533
 6.020000 -2.461753 -2.517615 6.780655
 6.040000 -2.365199 -2.412742 5.257053
 6.060000 -2.564551 -2.439098 5.209053
 6.080000 -2.672859 -2.334444 3.976149
 6.100000 -2.787840 -2.241983 3.388361
 6.120000 -3.051790 -2.340973 3.892352
 6.140000 -2.993855 -2.177833 3.148612
 6.160000 -2.999639 -2.255618 3.460450
 6.180000 -2.864517 -2.245439 3.442892
 6.200000 -2.727054 -2.441820 5.159733
 6.220000 -2.639080 -2.323703 3.894089
 6.240000 -2.686391 -2.344421 4.061421
 6.260000 -2.462018 -2.587821 8.472777
 6.280000 -2.415740 -2.631727 9.925290
 6.300000 -2.368206 -2.606849 9.333679
 6.320000 -2.313467 -2.776846 16.053550
 6.340000 -2.354299 -2.907146 21.891372
 6.360000 -2.435037 -2.854015 18.874113
 6.380000 -2.414283 -2.873141 19.883380
 6.400000 -2.470887 -2.962216 23.700692
 6.420000 -2.633448 -3.001513 25.211182
 6.440000 -2.743693 -2.914409 21.477131
 6.460000 -2.906165 -2.892684 20.928460
 6.480000 -2.966874 -3.056407 29.103782
 6.500000 -2.996772 -2.961809 24.410535
 6.520000 -2.877268 -2.620301 9.123717
 6.540000 -2.803614 -2.756142 14.160128
 6.560000 -2.556447 -2.656811 10.336786
 6.580000 -2.552181 -2.445394 5.317874
 6.600000 -2.520388 -2.190871 3.158049
 6.620000 -2.646864 -2.274156 3.536225
 6.640000 -2.710213 -2.240770 3.344918
 6.660000 -2.812952 -2.037729 2.578238
 6.680000 -2.716911 -2.021646 2.426054
 6.700000 -2.689287 -2.102723 2.715698
 6.720000 -2.730783 -1.981683 2.294028
 6.740000 -2.720698 -1.859762 1.909296
 6.760000 -2.772896 -2.010074 2.436565
 6.780000 -2.748917 -1.820763 1.826328
 6.800000 -2.819989 -1.821172 1.898752
 6.820000 -2.590380 -1.889883 1.990581
 6.840000 -2.563694 -1.783001 1.774319
 6.860000 -2.547241 -1.745628 1.743152
 6.880000 -2.427431 -1.684393 2.020154
 6.900000 -2.491240 -1.761590 1.884678
 6.920000 -2.508907 -1.656730 1.778629
 6.940000 -2.341677 -1.588823 2.415761
 6.960000 -2.421076 -1.468832 2.466021
 6.980000 -2.444593 -1.372891 2.944488
 7.000000 -2.443479 -1.363308 3.016253
 7.020000 -2.481580 -1.328576 3.173721
 7.040000 -2.473026 -1.221877 4.209242
 7.060000 -2.495490 -1.202733 4.349502
 7.080000 -2.563415 -1.310825 3.107235
 7.100000 -2.642330 -0.955091 6.818578
 7.120000 -2.529135 -1.060592 5.976882
 7.140000 -2.533713 -0.839910 8.980162
 7.160000 -2.541521 -0.812229 9.302426
 7.180000 -2.536255 -0.891819 8.252242
 7.200000 -2.685172 -0.740454 9.132633
 7.220000 -2.735620 -0.819403 7.868873
 7.240000 -2.834622 -0.708262 8.354156
 7.260000 -2.978038 -0.765579 6.844267
 7.280000 -2.926131 -0.706988 7.713385
 7.300000 -2.954221 -0.847018 6.320894
 7.320000 -2.845900 -0.829548 7.077644
 7.340000 -2.759666 -0.907112 6.761638
 7.360000 -2.774066 -0.808105 7.737815
 7.380000 -2.707599 -1.028310 5.644300
 7.400000 -2.662503 -1.077409 5.246842
 7.420000 -2.675237 -1.165751 4.232026
 7.440000 -2.667369 -1.439677 2.083269
 7.460000 -2.617897 -1.413722 2.279448
 7.480000 -2.852904 -1.553713 1.715239
 7.500000 -2.646646 -1.658582 1.577265
 7.520000 -2.587081 -1.586146 1.695696
 7.540000 -2.550108 -1.541209 1.856706
 7.560000 -2.396337 -1.621324 2.157351
 7.580000 -2.594358 -1.605906 1.657395
 7.600000 -2.662618 -1.564581 1.660357
 7.620000 -2.657493 -1.763712 1.669465
 7.640000 -2.676459 -1.607652 1.590273
 7.660000 -2.630848 -1.770066 1.689085
 7.680000 -2.544634 -1.691475 1.703147
 7.700000 -2.788585 -1.716808 1.651374
 7.720000 -2.938319 -1.680968 1.750572
 7.740000 -2.802446 -1.688621 1.630630
 7.760000 -2.793674 -1.670483 1.609895
 7.780000 -2.624194 -1.420840 2.230591
 7.800000 -2.610000 -1.481348 1.960039
 7.820000 -2.660860 -1.270108 3.255394
 7.840000 -2.626699 -1.249307 3.512342
 7.860000 -2.738713 -1.239076 3.404930
 7.880000 -2.795977 -1.383472 2.320188
 7.900000 -2.793144 -1.341249 2.576745
 7.920000 -2.824570 -1.428260 2.093003
 7.940000 -2.728587 -1.464570 1.937079
 7.960000 -2.704625 -1.356283 2.533318
 7.980000 -2.728076 -1.473452 1.901778
 8.000000 -2.499880 -1.353523 2.928222
 8.020000 -2.205455 -1.522273 3.122046
 8.040000 -2.201316 -1.289418 4.241854
 8.060000 -2.129354 -1.403684 3.722032
 8.080000 -2.181166 -1.310935 4.117312
 8.100000 -2.411587 -1.190159 4.749552
 8.120000 -2.354102 -1.305799 3.742290
 8.140000 -2.374733 -1.221223 4.505562
 8.160000 -2.659347 -1.276042 3.206474
 8.180000 -2.752667 -1.203972 3.698888
 8.200000 -2.819000 -1.135559 4.217189
 8.220000 -3.025861 -0.980665 4.948543
 8.240000 -2.901792 -1.052657 4.782287
 8.260000 -2.916110 -0.881826 6.225892
 8.280000 -2.953676 -0.857634 6.237157
 8.300000 -2.764713 -0.827598 7.589699
 8.320000 -2.719319 -0.743643 8.833786
 8.340000 -2.813768 -0.781670 7.751741
 8.360000 -2.712662 -0.830435 7.897302
 8.380000 -2.788011 -0.948123 6.187719
 8.400000 -2.816944 -1.059364 4.950829
 8.420000 -2.641443 -1.102395 5.030271
 8.440000 -2.696447 -0.951034 6.590220
 8.460000 -2.597387 -0.945178 7.186882
 8.480000 -2.544567 -1.050357 6.048480
 8.500000 -2.519301 -0.897386 8.271709
 8.520000 -2.420639 -1.118045 5.609837
 8.540000 -2.389495 -1.058877 6.500891
 8.560000 -2.650443 -0.994165 6.294123
 8.580000 -2.724693 -1.173767 4.036988
 8.600000 -2.725746 -1.164295 4.128376
 8.620000 -2.970704 -1.340552 2.539489
 8.640000 -2.919345 -1.432149 2.100850
 8.660000 -2.785672 -1.430294 2.080248
 8.680000 -2.786275 -1.496062 1.823467
 8.700000 -2.785357 -1.219469 3.513462
 8.720000 -2.555660 -1.486000 2.032089
 8.740000 -2.606087 -1.316882 2.964488
 8.760000 -2.579047 -1.484224 1.996014
 8.780000 -2.297071 -1.675021 2.573874
 8.800000 -2.715917 -1.649402 1.565681
 8.820000 -2.928447 -1.809059 1.988684
 8.840000 -3.022716 -2.083159 2.834047
 8.860000 -3.100872 -2.099017 2.794085
 8.880000 -3.053976 -2.016828 2.628600
 8.900000 -2.923123 -2.356255 4.177881
 8.920000 -2.935235 -2.381697 4.409957
 8.940000 -2.881091 -2.289321 3.692245
 8.960000 -2.617081 -2.425439 4.968670
 8.980000 -2.740171 -2.722462 12.661470
 9.000000 -2.383469 -2.573452 8.337307
 9.020000 -2.379649 -2.809541 17.132996
 9.040000 -2.405500 -3.097637 29.527323
 9.060000 -2.299007 -3.065690 29.319631
 9.080000 -2.318878 -3.106419 30.556402
 9.100000 -2.376709 2.908687 34.771928
 9.120000 -2.312354 2.692215 35.027624
 9.140000 -2.320508 2.752040 35.110374
 9.160000 -2.542420 2.628914 35.554582
 9.180000 -2.446253 2.683662 34.984429
 9.200000 -2.787145 2.402199 38.221200
 9.220000 -2.585030 2.400289 36.581732
 9.240000 -2.556453 2.370588 36.486343
 9.260000 -2.603979 2.428691 36.637047
 9.280000 -2.496563 2.413374 35.999477
 9.300000 -2.404045 2.303457 36.128476
 9.320000 -2.388285 2.424030 35.536673
 9.340000 -2.357316 2.457019 35.320952
 9.360000 -2.308433 2.523583 35.065381
 9.380000 -2.586275 2.480263 36.335352
 9.400000 -2.346847 2.801095 35.068621
 9.420000 -2.573979 2.668261 35.703594
 9.440000 -2.451876 2.765191 34.933906
 9.460000 -2.556009 2.705499 35.489011
 9.480000 -2.592633 2.851452 35.296118
 9.500000 -2.623134 2.874311 35.392160
 9.520000 -2.612913 2.917570 34.957497
 9.540000 -2.578065 2.864946 35.120662
 9.560000 -2.566839 2.955354 34.294922
 9.580000 -2.466649 -3.034826 26.829192
 9.600000 -2.692854 -3.081732 28.790404
 9.620000 -2.412648 -2.938854 22.963959
 9.640000 -2.685367 -2.967523 23.808719
 9.660000 -2.510360 -2.534967 7.040766
 9.680000 -2.559871 -2.606875 8.774046
 9.700000 -2.607323 -2.511581 6.393880
 9.720000 -2.598904 -2.375987 4.397323
 9.740000 -2.811289 -2.292612 3.695135
 9.760000 -2.751184 -2.273172 3.547470
 9.780000 -2.958310 -2.213734 3.300764
 9.800000 -2.767001 -1.991721 2.365102
 9.820000 -2.953247 -2.088920 2.860781
 9.840000 -2.748340 -1.904698 2.061760
 9.860000 -2.986892 -1.883251 2.238612
 9.880000 -2.884819 -1.815749 1.959375
 9.900000 -2.731455 -1.717647 1.613493
 9.920000 -2.744751 -1.392201 2.285064
 9.940000 -2.468804 -1.393829 2.732227
 9.960000 -2.547875 -1.332417 2.968569
 9.980000 -2.439826 -1.250660 4.008111
 10.000000 -2.573952 -1.289114 3.268909
 10.020000 -2.437994 -1.168717 4.922933
 10.040000 -2.737120 -1.210813 3.661433
 10.060000 -2.730960 -1.158672 4.173074
 10.080000 -2.533734 -1.080693 5.696433
 10.100000 -2.812066 -0.940943 6.154637
 10.120000 -2.526001 -0.888229 8.361476
 10.140000 -2.668942 -0.863528 7.794001
 10.160000 -2.667343 -0.684928 9.917611
 10.180000 -2.708537 -0.711638 9.278197
 10.200000 -2.733592 -0.582973 10.526362
 10.220000 -2.875621 -0.571311 9.497988
 10.240000 -3.010019 -0.647739 7.629115
 10.260000 -2.886502 -0.562188 9.513543
 10.280000 -3.074845 -0.685665 6.777710
 10.300000 -2.832110 -0.716457 8.288683
 10.320000 -2.886914 -0.653821 8.521170
 10.340000 -2.858988 -0.764818 7.622182
 10.360000 -2.810823 -0.719599 8.411038
 10.380000 -2.779395 -0.931525 6.401580
 10.400000 -2.778485 -0.869787 7.057955
 10.420000 -2.741312 -0.889774 7.051810
 10.440000 -2.557806 -1.087985 5.510728
 10.460000 -2.729374 -1.020095 5.652668
 10.480000 -2.438671 -1.139800 5.275731
 10.500000 -2.357376 -1.184370 4.965455
 10.520000 -2.469259 -1.193326 4.536892
 10.540000 -2.423398 -1.307513 3.521475
 10.560000 -2.620973 -1.474014 1.976108
 10.580000 -2.566770 -1.413995 2.366647
 10.600000 -2.544257 -1.357724 2.784815
 10.620000 -2.592395 -1.529712 1.816619
 10.640000 -2.667107 -1.464819 1.967852
 10.660000 -2.657461 -1.413584 2.229623
 10.680000 -2.657198 -1.465415 1.973774
 10.700000 -2.780548 -1.448715 1.998148
 10.720000 -2.802803 -1.377062 2.355584
 10.740000 -2.931834 -1.532545 1.803382
 10.760000 -2.801084 -1.242583 3.300653
 10.780000 -2.930195 -1.278411 2.939278
 10.800000 -2.735173 -1.404827 2.219186
 10.820000 -2.743568 -1.162105 4.112381
 10.840000 -2.598052 -1.220645 3.861071
 10.860000 -2.537036 -1.027221 6.388119
 10.880000 -2.508710 -1.067983 5.960252
 10.900000 -2.515991 -0.956739 7.456537
 10.920000 -2.408386 -1.088968 6.032023
 10.940000 -2.370060 -0.806842 10.245197
 10.960000 -2.475467 -0.891218 8.593733
 10.980000 -2.466075 -0.820850 9.642439
 11.000000 -2.416731 -0.630833 12.340842
 11.020000 -2.539722 -0.709502 10.637913
 11.040000 -2.464874 -0.560194 12.854760
 11.060000 -2.589407 -0.714849 10.193787
 11.080000 -2.707684 -0.531415 11.336011
 11.100000 -2.768409 -0.463091 11.661934
 11.120000 -2.790760 -0.505408 10.965636
 11.140000 -2.897985 -0.523539 9.871135
 11.160000 -2.961740 -0.610061 8.385338
 11.180000 -2.833529 -0.531731 10.301107
 11.200000 -3.071704 -0.571819 7.810583
 11.220000 -2.859854 -0.657892 8.684690
 11.240000 -2.832367 -0.849967 6.956562
 11.260000 -2.930225 -0.744888 7.338368
 11.280000 -2.774379 -0.934756 6.391239
 11.300000 -2.845367 -1.094394 4.544208
 11.320000 -2.872446 -1.109280 4.350221
 11.340000 -2.658533 -1.395358 2.333599
 11.360000 -2.767918 -1.319727 2.735774
 11.380000 -2.877189 -1.437531 2.066365
 11.400000 -2.557642 -1.663228 1.676143
 11.420000 -2.677035 -1.636634 1.569814
 11.440000 -2.537960 -1.627474 1.730196
 11.460000 -2.435572 -1.866430 2.242797
 11.480000 -2.624656 -1.933318 2.099398
 11.500000 -2.598110 -1.925987 2.088262
 11.520000 -2.488760 -2.163008 3.075966
 11.540000 -2.511014 -2.364429 4.377845
 11.560000 -2.578609 -2.401780 4.703560
 11.580000 -2.589401 -2.633267 9.517796
 11.600000 -2.773983 -2.912390 21.493843
 11.620000 -2.610368 -2.859244 18.606030
 11.640000 -2.740603 -2.884552 20.010864
 11.660000 -2.821781 -3.052145 28.403441
 11.680000 -2.563288 3.141097 30.443173
 11.700000 -2.712859 -3.103356 29.738451
 11.720000 -2.554200 3.103289 31.512051
 11.740000 -2.529431 3.019200 33.296371
 11.760000 -2.585032 2.913883 34.807579
 11.780000 -2.513833 2.898023 34.635353
 11.800000 -2.312034 2.963318 34.896252
 11.820000 -2.637195 2.837520 35.744391
 11.840000 -2.438414 2.860702 34.762994
 11.860000 -2.544317 2.839923 35.055690
 11.880000 -2.516897 3.047064 32.785253
 11.900000 -2.446067 2.919331 34.474234
 11.920000 -2.515526 2.920164 34.478474
 11.940000 -2.637608 2.996893 34.119159
 11.960000 -2.545991 3.016890 33.359856
 11.980000 -2.646334 2.792244 36.040820
 12.000000 -2.687316 2.720731 36.714802
 12.020000 -2.567948 2.761956 35.451891
 12.040000 -2.736342 2.852414 36.746037
 12.060000 -2.654090 2.928836 35.179701
 12.080000 -2.804933 2.723953 38.111765
 12.100000 -2.794816 2.817923 37.664996
 12.120000 -2.662591 2.977442 34.625045
 12.140000 -2.653028 3.088138 32.275290
 12.160000 -2.540416 2.989357 33.774688
 12.180000 -2.492549 2.969220 33.983230
 12.200000 -2.491453 2.994042 33.671792
 12.220000 -2.473105 3.132958 30.807675
 12.240000 -2.419656 -3.105558 29.698863
 12.260000 -2.555025 3.081542 32.059269
 12.280000 -2.322294 -2.853320 19.559656
 12.300000 -2.439527 -2.857279 19.002573
 12.320000 -2.363233 -2.735537 13.981002
 12.340000 -2.484527 -2.712175 12.524631
 12.360000 -2.638541 -2.512508 6.385216
 12.380000 -2.734966 -2.541408 6.974190
 12.400000 -2.682645 -2.541238 6.973869
 12.420000 -2.707047 -2.482757 5.805667
 12.440000 -2.822192 -2.457342 5.397510
 12.460000 -2.757388 -2.468857 5.573115
 12.480000 -2.976392 -2.493130 5.918781
 12.500000 -2.900729 -2.254665 3.497449
 12.520000 -2.920303 -2.454367 5.329185
 12.540000 -2.777354 -2.286093 3.639434
 12.560000 -2.667895 -2.272982 3.527103
 12.580000 -2.693718 -2.114500 2.764218
 12.600000 -2.760635 -2.311165 3.805466
 12.620000 -2.652513 -2.213678 3.191359
 12.640000 -2.685235 -2.264741 3.476958
 12.660000 -2.563607 -2.444180 5.284275
 12.680000 -2.465776 -2.406465 4.935221
 12.700000 -2.678665 -2.638650 9.617134
 12.720000 -2.600891 -2.589978 8.238939
 12.740000 -2.592592 -2.786748 15.335739
 12.760000 -2.600441 -2.743574 13.500647
 12.780000 -2.629873 -2.751239 13.791208
 12.800000 -2.505516 -2.700021 11.996413
 12.820000 -2.659000 -2.729403 12.893034
 12.840000 -2.584507 -2.658286 10.336516
 12.860000 -2.665372 -2.807830 16.250604
 12.880000 -2.791999 -2.795327 15.891734
 12.900000 -2.680960 -2.714343 12.301210
 12.920000 -2.881262 -2.901357 21.321945
 12.940000 -2.780381 -2.891286 20.476152
 12.960000 -2.905463 -2.888741 20.725465
 12.980000 -2.776974 -2.600713 8.498734
 13.000000 -2.800057 -2.750572 13.913533
 13.020000 -2.536939 -2.487105 6.026382
 13.040000 -2.576284 -2.415898 4.880450
 13.060000 -2.519654 -2.309639 3.878936
 13.080000 -2.510123 -2.231744 3.381939
 13.100000 -2.623571 -2.204393 3.147681
 13.120000 -2.531599 -2.171402 3.052753
 13.140000 -2.579816 -2.338818 4.054600
 13.160000 -2.483955 -2.210614 3.310089
 13.180000 -2.601352 -2.450680 5.338967
 13.200000 -2.531662 -2.457641 5.537158
 13.220000 -2.634273 -2.490531 5.971165
 13.240000 -2.693442 -2.420565 4.874679
 13.260000 -2.869733 -2.545286 7.086556
 13.280000 -2.943686 -2.609533 8.761705
 13.300000 -2.847041 -2.526286 6.662047
 13.320000 -2.955356 -2.661454 10.452425
 13.340000 -2.741445 -2.550891 7.193629
 13.360000 -2.597145 -2.625351 9.262450
 13.380000 -2.593135 -2.587464 8.180863
 13.400000 -2.502488 -2.635111 9.756400
 13.420000 -2.486440 -2.647451 10.200565
 13.440000 -2.626094 -2.828307 17.171959
 13.460000 -2.535904 -2.663056 10.592208
 13.480000 -2.550263 -2.706871 12.139630
 13.500000 -2.639061 -2.749485 13.714514
 13.520000 -2.379587 -2.635843 10.195081
 13.540000 -2.622925 -2.712314 12.238441
 13.560000 -2.459335 -2.610940 9.139851
 13.580000 -2.539294 -2.784081 15.319105
 13.600000 -2.666273 -2.680678 11.042296
 13.620000 -2.710795 -2.669159 10.639555
 13.640000 -2.700771 -2.565975 7.555968
 13.660000 -2.769283 -2.717904 12.514142
 13.680000 -2.680861 -2.449258 5.272839
 13.700000 -2.562138 -2.542298 7.106992
 13.720000 -2.674003 -2.590670 8.202049
 13.740000 -2.465076 -2.423832 5.164950
 13.760000 -2.572825 -2.504963 6.305738
 13.780000 -2.699122 -2.520948 6.532178
 13.800000 -2.671798 -2.613316 8.842987
 13.820000 -2.761526 -2.443867 5.191100
 13.840000 -2.851526 -2.621125 9.143680
 13.860000 -2.820176 -2.501067 6.149712
 13.880000 -2.818177 -2.474513 5.673892
 13.900000 -2.838393 -2.436123 5.087884
 13.920000 -2.736078 -2.483706 5.821695
 13.940000 -2.840233 -2.506731 6.260671
 13.960000 -2.761927 -2.363626 4.244181
 13.980000 -2.673486 -2.512591 6.368911
 14.000000 -2.675157 -2.388903 4.501244
 14.020000 -2.573823 -2.475665 5.770757
 14.040000 -2.492917 -2.446874 5.440628
 14.060000 -2.419733 -2.573131 8.208937
 14.080000 -2.309061 -2.513211 7.140228
 14.100000 -2.308472 -2.573101 8.594898
 14.120000 -2.332963 -2.589090 8.948365
 14.140000 -2.282884 -2.557796 8.282301
 14.160000 -2.267426 -2.680260 12.271880
 14.180000 -2.366225 -2.691955 12.232268
 14.200000 -2.375646 -2.782535 15.938073
 14.220000 -2.432363 -2.578495 8.311033
 14.240000 -2.597632 -2.710075 12.179294
 14.260000 -2.390517 -2.536840 7.405961
 14.280000 -2.664402 -2.687247 11.280000
 14.300000 -2.518209 -2.464666 5.673153
 14.320000 -2.778549 -2.642937 9.794958
 14.340000 -2.695695 -2.500971 6.137668
 14.360000 -2.875397 -2.614774 8.953439
 14.380000 -2.740269 -2.501137 6.139495
 14.400000 -2.890478 -2.598527 8.470385
 14.420000 -2.720069 -2.536901 6.872581
 14.440000 -2.840243 -2.657344 10.328016
 14.460000 -2.818377 -2.555603 7.326629
 14.480000 -2.816878 -2.512098 6.365107
 14.500000 -2.781766 -2.653671 10.155397
 14.520000 -2.657238 -2.495848 6.054656
 14.540000 -2.660588 -2.623547 9.152876
 14.560000 -2.534388 -2.508965 6.445416
 14.580000 -2.614265 -2.697279 11.678009
 14.600000 -2.419562 -2.593968 8.776807
 14.620000 -2.474131 -2.665078 10.833698
 14.640000 -2.356797 -2.718100 13.300443
 14.660000 -2.376174 -2.659719 11.014597
 14.680000 -2.474424 -2.639375 9.973672
 14.700000 -2.406691 -2.595422 8.861739
 14.720000 -2.601394 -2.712175 12.254986
 14.740000 -2.539326 -2.480347 5.902418
 14.760000 -2.745797 -2.571061 7.688228
 14.780000 -2.624158 -2.490420 5.976740
 14.800000 -2.789251 -2.598702 8.447412
 14.820000 -2.832317 -2.359077 4.213845
 14.840000 -3.018025 -2.538200 6.750996
 14.860000 -3.069043 -2.505090 5.908809
 14.880000 -3.020361 -2.510128 6.154390
 14.900000 -2.978876 -2.439807 5.058542
 14.920000 -2.759770 -2.462696 5.474637
 14.940000 -2.750896 -2.556925 7.339126
 14.960000 -2.543858 -2.235381 3.360987
 14.980000 -2.641543 -2.566374 7.587531
 15.000000 -2.387161 -2.388965 4.903817
 15.020000 -2.488107 -2.530078 6.983532
 15.040000 -2.415004 -2.467988 5.960193
 15.060000 -2.376265 -2.643528 10.461637
 15.080000 -2.425256 -2.550935 7.632604
 15.100000 -2.466530 -2.666166 10.896212
 15.120000 -2.451536 -2.644465 10.212541
 15.140000 -2.509798 -2.722820 12.860005
 15.160000 -2.559027 -2.785138 15.319964
 15.180000 -2.585803 -2.658867 10.354026
 15.200000 -2.806754 -2.767387 14.658833
 15.220000 -2.822449 -2.650781 10.090354
 15.240000 -2.932628 -2.727222 13.034631
 15.260000 -2.929912 -2.563612 7.505285
 15.280000 -2.840737 -2.659830 10.414859
 15.300000 -2.767514 -2.605982 8.645821
 15.320000 -2.796291 -2.628949 9.357668
 15.340000 -2.673033 -2.527597 6.678195
 15.360000 -2.698048 -2.612533 8.816382
 15.380000 -2.579704 -2.576063 7.899033
 15.400000 -2.521534 -2.444716 5.355736
 15.420000 -2.547977 -2.609856 8.883124
 15.440000 -2.566716 -2.494574 6.117040
 15.460000 -2.631791 -2.501419 6.174561
 15.480000 -2.617413 -2.470879 5.644100
 15.500000 -2.594524 -2.589297 8.228479
 15.520000 -2.517055 -2.522494 6.756098
 15.540000 -2.669602 -2.647579 9.907317
 15.560000 -2.545670 -2.570010 7.801745
 15.580000 -2.753211 -2.711532 12.242967
 15.600000 -2.671571 -2.654738 10.143473
 15.620000 -2.738624 -2.672947 10.788702
 15.640000 -2.692480 -2.764932 14.379010
 15.660000 -2.660421 -2.608957 8.720370
 15.680000 -2.684121 -2.636693 9.554116
 15.700000 -2.731590 -2.516140 6.432823
 15.720000 -2.743717 -2.484071 5.828545
 15.740000 -2.649519 -2.382594 4.439509
 15.760000 -2.732771 -2.547490 7.113123
 15.780000 -2.689035 -2.449936 5.281022
 15.800000 -2.865966 -2.447821 5.252257
 15.820000 -2.845347 -2.419900 4.872696
 15.840000 -2.960842 -2.531094 6.704588
 15.860000 -2.781552 -2.435168 5.070906
 15.880000 -2.940484 -2.426035 4.915695
 15.900000 -2.840718 -2.520975 6.549268
 15.920000 -2.713128 -2.434495 5.057762
 15.940000 -2.650491 -2.451726 5.320719
 15.960000 -2.399536 -2.383142 4.805957
 15.980000 -2.394653 -2.506135 6.727799
 16.000000 -2.291495 -2.471219 6.369972
 16.020000 -2.394811 -2.651097 10.641882
 16.040000 -2.315892 -2.541832 7.768410
 16.060000 -2.560998 -2.768707 14.610218
 16.080000 -2.536125 -2.657902 10.416973
 16.100000 -2.534083 -2.661470 10.542424
 16.120000 -2.566281 -2.696001 11.699806
 16.140000 -2.484861 -2.499950 6.369930
 16.160000 -2.721881 -2.573672 7.750530
 16.180000 -2.795645 -2.559904 7.424686
 16.200000 -2.929902 -2.470668 5.580587
 16.220000 -2.856003 -2.406911 4.713060
 16.240000 -2.913974 -2.586928 8.133456
 16.260000 -2.672540 -2.520383 6.527260
 16.280000 -2.766649 -2.577595 7.862936
 16.300000 -2.649917 -2.477495 5.732930
 16.320000 -2.394446 -2.548127 7.659850
 16.340000 -2.437931 -2.491762 6.327282
 16.360000 -2.327966 -2.335297 4.510462
 16.380000 -2.434394 -2.442437 5.502050
 16.400000 -2.495825 -2.518382 6.715477
 16.420000 -2.705666 -2.537138 6.878323
 16.440000 -2.679572 -2.501627 6.153924
 16.460000 -2.864358 -2.718577 12.660949
 16.480000 -2.694168 -2.544017 7.034278
 16.500000 -2.809513 -2.698874 11.819449
 16.520000 -2.757328 -2.798938 15.982289
 16.540000 -2.671723 -2.781011 15.061161
 16.560000 -2.731081 -2.701092 11.818155
 16.580000 -2.686850 -2.646348 9.864629
 16.600000 -2.542078 -2.732203 13.145608
 16.620000 -2.483596 -2.693369 11.816511
 16.640000 -2.537577 -2.483024 5.952412
 16.660000 -2.523514 -2.666384 10.736329
 16.680000 -2.610653 -2.725778 12.774366
 16.700000 -2.601600 -2.662269 10.446785
 16.720000 -2.676713 -2.676376 10.887870
 16.740000 -2.687421 -2.797358 15.798313
 16.760000 -2.730670 -2.806888 16.294301
 16.780000 -2.858027 -2.713468 12.448014
 16.800000 -2.933570 -2.657391 10.333424
 16.820000 -2.891564 -2.639341 9.735140
 16.840000 -2.870328 -2.609043 8.780093
 16.860000 -2.700508 -2.563362 7.491409
 16.880000 -2.592196 -2.520684 6.595960
 16.900000 -2.472160 -2.647444 10.243950
 16.920000 -2.493473 -2.643633 10.055074
 16.940000 -2.557823 -2.582297 8.097995
 16.960000 -2.388719 -2.673210 11.440102
 16.980000 -2.438464 -2.741155 13.856269
 17.000000 -2.251945 -2.461983 6.325535
 17.020000 -2.472715 -2.627917 9.615419
 17.040000 -2.383676 -2.606200 9.257063
 17.060000 -2.529161 -2.485453 6.010086
 17.080000 -2.606769 -2.408349 4.758332
 17.100000 -2.572725 -2.633696 9.557610
 17.120000 -2.685021 -2.562553 7.473796
 17.140000 -2.855345 -2.525642 6.648189
 17.160000 -2.817305 -2.634206 9.539149
 17.180000 -2.987326 -2.760822 14.412129
 17.200000 -3.036860 -2.666966 10.425893
 17.220000 -2.871194 -2.498750 6.104577
 17.240000 -2.850656 -2.698426 11.846122
 17.260000 -2.718063 -2.592277 8.243546
 17.280000 -2.670610 -2.334772 3.979159
 17.300000 -2.694313 -2.600627 8.474234
 17.320000 -2.527227 -2.678040 11.134744
 17.340000 -2.531408 -2.574170 7.936417
 17.360000 -2.573499 -2.673376 10.872131
 17.380000 -2.580187 -2.828254 17.204252
 17.400000 -2.500543 -2.789120 15.653765
 17.420000 -2.552192 -2.685433 11.341670
 17.440000 -2.495747 -2.711329 12.455773
 17.460000 -2.506030 -2.814546 16.763147
 17.480000 -2.685687 -2.592642 8.253348
 17.500000 -2.708502 -2.450929 5.293047
 17.520000 -2.837648 -2.545765 7.096745
 17.540000 -2.953160 -2.536168 6.827263
 17.560000 -2.959312 -2.391322 4.489488
 17.580000 -2.906508 -2.463694 5.482568
 17.600000 -2.938864 -2.581772 7.972553
 17.620000 -2.804718 -2.397748 4.605517
 17.640000 -2.833683 -2.427027 4.965115
 17.660000 -2.716761 -2.490701 5.945676
 17.680000 -2.546642 -2.426471 5.056875
 17.700000 -2.552942 -2.340860 4.098591
 17.720000 -2.568073 -2.478832 5.832779
 17.740000 -2.451610 -2.513925 6.729735
 17.760000 -2.469319 -2.491503 6.245251
 17.780000 -2.512315 -2.554434 7.486677
 17.800000 -2.371511 -2.635906 10.229472
 17.820000 -2.695128 -2.797695 15.822077
 17.840000 -2.624438 -2.683489 11.164158
 17.860000 -2.664978 -2.795117 15.679925
 17.880000 -2.768289 -2.979111 24.719800
 17.900000 -2.729811 -2.913066 21.362292
 17.920000 -2.673809 -2.559585 7.404667
 17.940000 -2.775738 -2.831027 17.527040
 17.960000 -2.518749 -2.776215 15.035913
 17.980000 -2.578151 -2.632120 9.499362
 18.000000 -2.653431 -2.611615 8.801190
 18.020000 -2.507049 -2.651320 10.269688
 18.040000 -2.831401 -2.692282 11.591548
 18.060000 -2.764372 -2.496588 6.057029
 18.080000 -2.761655 -2.607588 8.689789
 18.100000 -2.780325 -2.635690 9.561072
 18.120000 -2.736683 -2.430173 4.999296
 18.140000 -2.682071 -2.364200 4.244907
 18.160000 -2.750869 -2.577618 7.858542
 18.180000 -2.704527 -2.390982 4.521117
 18.200000 -2.677308 -2.320028 3.858503
 18.220000 -2.684534 -2.406083 4.696610
 18.240000 -2.542240 -2.518821 6.631297
 18.260000 -2.574930 -2.301792 3.759860
 18.280000 -2.575047 -2.413146 4.846800
 18.300000 -2.473369 -2.546193 7.385133
 18.320000 -2.497033 -2.555808 7.555018
 18.340000 -2.409682 -2.592631 8.772421
 18.360000 -2.386172 -2.658310 10.923904
 18.380000 -2.518861 -2.808983 16.472814
 18.400000 -2.621739 -2.637009 9.596197
 18.420000 -2.675812 -2.794418 15.656132
 18.440000 -2.737541 -2.825032 17.149989
 18.460000 -2.655372 -2.798674 15.834243
 18.480000 -2.665831 -2.822888 16.937102
 18.500000 -2.707622 -2.867627 19.103270
 18.520000 -2.653920 -2.899898 20.541961
 18.540000 -2.720124 -2.759337 14.166888
 18.560000 -2.688087 -2.752376 13.842980
 18.580000 -2.661168 -2.728079 12.840129
 18.600000 -2.543315 -2.698429 11.837867
 18.620000 -2.561775 -2.433949 5.139577
 18.640000 -2.477151 -2.434871 5.294987
 18.660000 -2.490730 -2.424273 5.119324
 18.680000 -2.482881 -2.333860 4.135468
 18.700000 -2.508078 -2.329456 4.056510
 18.720000 -2.554939 -2.363174 4.307110
 18.740000 -2.654812 -2.428309 4.986347
 18.760000 -2.830361 -2.298496 3.740515
 18.780000 -2.843969 -2.443606 5.193126
 18.800000 -2.807578 -2.336291 4.012623
 18.820000 -2.834637 -2.321538 3.903842
 18.840000 -2.824565 -2.263293 3.522881
 18.860000 -2.770581 -2.329917 3.951476
 18.880000 -2.680426 -2.166668 2.974560
 18.900000 -2.807536 -2.280207 3.615109
 18.920000 -2.625582 -2.402447 4.674346
 18.940000 -2.566232 -2.427854 5.049859
 18.960000 -2.508855 -2.571040 7.906072
 18.980000 -2.501297 -2.590513 8.440302
 19.000000 -2.552776 -2.768752 14.629207
 19.020000 -2.570831 -2.747253 13.695404
 19.040000 -2.518699 -2.790272 15.645813
 19.060000 -2.545595 -2.759718 14.264295
 19.080000 -2.489522 -2.785000 15.512756
 19.100000 -2.579960 -2.676700 10.978040
 19.120000 -2.688596 -2.712722 12.240438
 19.140000 -2.616064 -2.588589 8.184357
 19.160000 -2.631713 -2.494391 6.043368
 19.180000 -2.624284 -2.569345 7.675643
 19.200000 -2.442127 -2.441925 5.476064
 19.220000 -2.513930 -2.533812 7.007365
 19.240000 -2.414173 -2.440136 5.516994
 19.260000 -2.584204 -2.470436 5.670031
 19.280000 -2.482105 -2.342117 4.210823
 19.300000 -2.595690 -2.400057 4.667558
 19.320000 -2.633933 -2.301241 3.723702
 19.340000 -2.831975 -2.260497 3.510437
 19.360000 -2.836353 -2.317604 3.875194
 19.380000 -2.941132 -2.211255 3.294431
 19.400000 -2.864820 -2.281288 3.640904
 19.420000 -2.752829 -2.270046 3.529010
 19.440000 -2.842943 -2.395292 4.580550
 19.460000 -2.868442 -2.472668 5.641711
 19.480000 -2.864078 -2.555540 7.331242
 19.500000 -2.618312 -2.527216 6.704666
 19.520000 -2.581719 -2.689558 11.436352
 19.540000 -2.300706 -2.660745 11.388844
 19.560000 -2.228703 -2.669385 12.051427
 19.580000 -2.185505 -2.728686 14.700040
 19.600000 -2.183564 -2.652209 11.624297
 19.620000 -2.303242 -2.804363 17.378884
 19.640000 -2.262146 -2.715437 13.697971
 19.660000 -2.443010 -2.837381 18.063954
 19.680000 -2.360477 -2.716369 13.212533
 19.700000 -2.579717 -2.845750 18.006590
 19.720000 -2.579678 -2.830706 17.316688
 19.740000 -2.763513 -2.774726 14.902898
 19.760000 -2.775888 -2.770482 14.737886
 19.780000 -2.864204 -2.748210 13.909131
 19.800000 -2.904178 -2.724007 12.906544
 19.820000 -2.959274 -2.702777 12.004765
 19.840000 -3.016840 -2.731547 13.034813
 19.860000 -2.940339 -2.559862 7.401653
 19.880000 -2.943251 -2.516365 6.412909
 19.900000 -2.580183 -2.432089 5.091559
 19.920000 -2.568738 -2.484794 5.936463
 19.940000 -2.400383 -2.279896 3.890849
 19.960000 -2.446268 -2.429234 5.281489
 19.980000 -2.519786 -2.475951 5.859799
 20.000000 -2.669948 -2.454828 5.359576
