#! FIELDS time phi psi metad.bias
#! SET min_phi -pi
#! SET max_phi pi
#! SET min_psi -pi
#! SET max_psi pi
 0.000000 3.141580 -3.141577 15.550415
 0.020000 -2.713467 -2.687637 7.320451
 0.040000 -2.728572 -2.685179 7.220909
 0.060000 -2.729851 -2.698000 7.553359
 0.080000 -2.705246 -2.660737 6.655083
 0.100000 -2.732221 -2.628462 5.869900
 0.120000 -2.655201 -2.650804 6.517082
 0.140000 -2.651225 -2.610752 5.583704
 0.160000 -2.599372 -2.523442 3.952895
 0.180000 -2.622316 -2.528704 4.031710
 0.200000 -2.565805 -2.521538 3.941683
 0.220000 -2.606514 -2.517942 3.861784
 0.240000 -2.707035 -2.573147 4.785307
 0.260000 -2.746928 -2.575108 4.821499
 0.280000 -2.817122 -2.670746 6.716700
 0.300000 -2.779067 -2.700604 7.507584
 0.320000 -2.839152 -2.755162 8.803787
 0.340000 -2.758556 -2.680645 7.045077
 0.360000 -2.793514 -2.865199 12.345781
 0.380000 -2.702699 -2.872672 13.183928
 0.400000 -2.789640 -2.899646 13.497300
 0.420000 -2.734017 -2.896248 13.771740
 0.440000 -2.788890 -2.988795 16.396576
 0.460000 -2.780144 -3.090970 19.466659
 0.480000 -2.792988 -3.017563 17.247928
 0.500000 -2.730591 -3.044834 18.698574
 0.520000 -2.755757 -3.078136 19.388155
 0.540000 -2.664523 -3.022700 18.731236
 0.560000 -2.640832 -2.960153 16.837873
 0.580000 -2.711060 -2.858619 12.639426
 0.600000 -2.727262 -2.711883 7.936181
 0.620000 -2.845627 -2.652394 6.280474
 0.640000 -2.863045 -2.578205 4.918093
 0.660000 -2.881925 -2.466597 3.634738
 0.680000 -2.821033 -2.374576 2.889526
 0.700000 -2.801965 -2.365011 2.780285
 0.720000 -2.705370 -2.325568 2.272478
 0.740000 -2.639355 -2.309514 1.999572
 0.760000 -2.641036 -2.284136 1.920615
 0.780000 -2.501507 -2.279791 1.610098
 0.800000 -2.512363 -2.456762 3.002906
 0.820000 -2.497008 -2.370988 2.112318
 0.840000 -2.592921 -2.438878 2.808855
 0.860000 -2.693529 -2.446439 3.028830
 0.880000 -2.636445 -2.505737 3.678056
 0.900000 -2.680744 -2.552679 4.426922
 0.920000 -2.627903 -2.614678 5.711229
 0.940000 -2.709541 -2.676254 7.034892
 0.960000 -2.729887 -2.779100 9.909848
 0.980000 -2.939101 -2.938775 13.647486
 1.000000 -2.946346 -2.981811 14.817003
 1.020000 -3.002048 3.130094 18.178124
 1.040000 -3.077878 3.050685 18.072339
 1.060000 -2.842779 3.128250 20.265978
 1.080000 -2.976188 2.975572 20.708645
 1.100000 -2.784579 3.072663 22.059467
 1.120000 -2.782651 3.129486 20.956445
 1.140000 -2.687030 3.101575 22.789278
 1.160000 -2.566411 3.073106 25.138303
 1.180000 -2.408334 3.100749 26.863356
 1.200000 -2.652835 2.985818 25.204382
 1.220000 -2.581868 3.123311 23.805169
 1.240000 -2.821634 2.947679 23.245263
 1.260000 -2.892838 2.908380 22.603388
 1.280000 -2.828323 3.061862 21.683490
 1.300000 -2.982138 3.108531 18.850089
 1.320000 -2.993160 -3.045057 15.984028
 1.340000 -2.843829 -2.846752 11.482502
 1.360000 -3.008399 -2.809122 9.516634
 1.380000 -2.801642 -2.596039 5.198787
 1.400000 -2.763051 -2.593321 5.149218
 1.420000 -2.897676 -2.651430 6.206654
 1.440000 -2.728661 -2.437811 3.024663
 1.460000 -2.843488 -2.553403 4.536948
 1.480000 -2.832932 -2.551109 4.494845
 1.500000 -2.615136 -2.501706 3.614214
 1.520000 -2.572338 -2.479015 3.289424
 1.540000 -2.497360 -2.468658 3.173411
 1.560000 -2.441325 -2.526607 4.226334
 1.580000 -2.537049 -2.543094 4.363531
 1.600000 -2.504358 -2.614627 6.035939
 1.620000 -2.563851 -2.645891 6.653358
 1.640000 -2.583920 -2.727267 8.969295
 1.660000 -2.624998 -2.730828 8.878897
 1.680000 -2.566939 -2.843785 13.202244
 1.700000 -2.617217 -2.822684 12.029342
 1.720000 -2.657107 -2.840738 12.386977
 1.740000 -2.652108 -2.764695 9.825168
 1.760000 -2.884821 -2.881843 12.329676
 1.780000 -2.894517 -2.810556 10.154354
 1.800000 -3.047937 -2.808437 9.235048
 1.820000 3.045088 -2.950331 10.178122
 1.840000 -3.113066 -2.936071 11.779367
 1.860000 3.118332 -2.914039 10.563282
 1.880000 3.136139 -2.943055 11.479455
 1.900000 -2.982318 -2.857902 11.001247
 1.920000 -2.974587 -2.814282 9.853854
 1.940000 -2.838965 -2.806206 10.271327
 1.960000 -2.699314 -2.635199 6.060350
 1.980000 -2.594727 -2.662519 6.997469
 2.000000 -2.537220 -2.706780 8.554340
 2.020000 -2.446569 -2.493430 3.617436
 2.040000 -2.582825 -2.564075 4.704490
 2.060000 -2.410152 -2.556646 4.933442
 2.080000 -2.400386 -2.558671 5.007765
 2.100000 -2.294021 -2.436849 3.042545
 2.120000 -2.181017 -2.469138 3.831636
 2.140000 -2.337247 -2.545584 4.900563
 2.160000 -2.360897 -2.353455 2.035294
 2.180000 -2.498656 -2.298715 1.680695
 2.200000 -2.587345 -2.480923 3.316773
 2.220000 -2.726503 -2.388664 2.652710
 2.240000 -2.766474 -2.366700 2.662221
 2.260000 -2.922038 -2.574154 4.876140
 2.280000 -2.834911 -2.456782 3.446836
 2.300000 -2.883946 -2.544771 4.457791
 2.320000 -2.829570 -2.687903 7.097724
 2.340000 -2.731398 -2.869928 12.890980
 2.360000 -2.808009 -2.880838 12.765639
 2.380000 -2.799623 -2.979126 15.999128
 2.400000 -2.807972 3.117525 20.905568
 2.420000 -2.845841 -3.111981 19.270878
 2.440000 -2.730918 -2.987636 16.887540
 2.460000 -2.777155 -3.130198 20.484845
 2.480000 -2.746834 -3.084574 19.664873
 2.500000 -2.645370 -3.060178 20.158223
 2.520000 -2.606288 -3.074347 21.101507
 2.540000 -2.614662 -3.123743 22.411182
 2.560000 -2.702479 -3.125267 21.273121
 2.580000 -2.856854 3.032823 21.755705
 2.600000 -2.884043 -3.054270 17.411050
 2.620000 -3.027234 3.053051 18.968250
 2.640000 -3.080577 3.011804 18.446332
 2.660000 -3.027328 -3.060728 15.917811
 2.680000 -3.064484 -2.940414 12.481556
 2.700000 -2.770565 -2.794717 10.215836
 2.720000 -2.596998 -2.919825 15.805644
 2.740000 -2.655215 -2.792356 10.724491
 2.760000 -2.517996 -2.618088 6.079485
 2.780000 -2.640177 -2.796128 10.943278
 2.800000 -2.670583 -2.716956 8.267239
 2.820000 -2.699645 -2.713793 8.074743
 2.840000 -2.758679 -2.622422 5.720050
 2.860000 -2.814187 -2.718245 7.883908
 2.880000 -2.713452 -2.593806 5.170942
 2.900000 -2.769800 -2.437065 3.120138
 2.920000 -2.794392 -2.466534 3.438499
 2.940000 -2.805580 -2.454422 3.355623
 2.960000 -2.782669 -2.332426 2.585194
 2.980000 -2.755594 -2.448641 3.184094
 3.000000 -2.617231 -2.478694 3.297977
 3.020000 -2.550592 -2.433484 2.723222
 3.040000 -2.562564 -2.523712 3.981451
 3.060000 -2.409649 -2.543969 4.657171
 3.080000 -2.453179 -2.609219 6.072573
 3.100000 -2.399931 -2.593410 5.851869
 3.120000 -2.378562 -2.690733 8.884683
 3.140000 -2.512008 -2.704699 8.619441
 3.160000 -2.590056 -2.672232 7.283264
 3.180000 -2.722685 -2.760179 9.356259
 3.200000 -2.825994 -2.823725 10.860276
 3.220000 -2.780540 -2.856813 12.148341
 3.240000 -2.885756 -2.786914 9.521333
 3.260000 -2.823217 -2.897384 13.202698
 3.280000 -2.923999 -2.973630 14.787028
 3.300000 -2.911420 -2.892321 12.475981
 3.320000 -2.925589 -2.905832 12.781183
 3.340000 -2.952021 -2.874131 11.668464
 3.360000 -2.980520 -2.938318 13.279119
 3.380000 -2.945731 -2.842797 10.810597
 3.400000 -2.925432 -2.681153 6.777712
 3.420000 -2.778392 -2.721541 8.060270
 3.440000 -2.722269 -2.645289 6.257972
 3.460000 -2.590241 -2.596135 5.366130
 3.480000 -2.457116 -2.564177 4.970921
 3.500000 -2.458957 -2.664787 7.626265
 3.520000 -2.462605 -2.635473 6.748630
 3.540000 -2.645394 -2.606865 5.506991
 3.560000 -2.649302 -2.682106 7.353441
 3.580000 -2.855255 -2.679050 6.851170
 3.600000 -2.778603 -2.553602 4.485121
 3.620000 -2.804433 -2.508828 3.908022
 3.640000 -2.725644 -2.494346 3.608765
 3.660000 -2.638222 -2.447950 2.955219
 3.680000 -2.751888 -2.403700 2.824635
 3.700000 -2.674771 -2.503475 3.668590
 3.720000 -2.822615 -2.553453 4.519252
 3.740000 -2.756909 -2.559237 4.559353
 3.760000 -2.807490 -2.727757 8.150983
 3.780000 -2.632066 -2.748034 9.389343
 3.800000 -2.713126 -2.781450 10.060985
 3.820000 -2.584962 -2.632736 6.246103
 3.840000 -2.746512 -2.814338 10.951232
 3.860000 -2.697586 -2.837514 12.002829
 3.880000 -2.903842 -2.724475 7.820147
 3.900000 -2.852308 -2.759793 8.888993
 3.920000 -2.861227 -2.845433 11.351015
 3.940000 -2.855797 -2.861244 11.866527
 3.960000 -2.684517 -2.759915 9.513527
 3.980000 -2.691466 -2.748978 9.143166
 4.000000 -2.421050 -2.834159 14.105008
 4.020000 -2.362271 -2.692895 9.048761
 4.040000 -2.172049 -2.634895 7.926912
 4.060000 -2.058605 -2.602486 7.259456
 4.080000 -2.115678 -2.576958 6.379971
 4.100000 -2.109531 -2.470936 4.067744
 4.120000 -2.092610 -2.502327 4.695959
 4.140000 -1.908064 -2.499985 5.165231
 4.160000 -1.995563 -2.451861 4.101657
 4.180000 -1.859056 -2.373792 3.630273
 4.200000 -2.080243 -2.381770 2.982497
 4.220000 -2.084692 -2.477919 4.262073
 4.240000 -2.185241 -2.498597 4.355677
 4.260000 -2.400443 -2.515755 4.108636
 4.280000 -2.422540 -2.536100 4.459473
 4.300000 -2.711100 -2.517849 3.899843
 4.320000 -2.552147 -2.463288 3.079728
 4.340000 -2.833660 -2.543210 4.385731
 4.360000 -2.713991 -2.477898 3.397118
 4.380000 -2.835072 -2.518135 4.066681
 4.400000 -2.846257 -2.550246 4.495195
 4.420000 -2.719917 -2.583027 4.963943
 4.440000 -2.925458 -2.652261 6.187890
 4.460000 -2.692294 -2.636137 6.092638
 4.480000 -2.903179 -2.748719 8.430841
 4.500000 -2.769897 -2.736142 8.485837
 4.520000 -2.869051 -2.629449 5.802612
 4.540000 -2.719843 -2.610504 5.501631
 4.560000 -2.945021 -2.651471 6.143700
 4.580000 -2.668023 -2.452869 3.049485
 4.600000 -2.846505 -2.651160 6.253688
 4.620000 -2.739364 -2.638829 6.089656
 4.640000 -2.667385 -2.723911 8.484682
 4.660000 -2.759358 -2.759244 9.186799
 4.680000 -2.496316 -2.763156 10.733218
 4.700000 -2.662288 -2.764943 9.781147
 4.720000 -2.424004 -2.633216 6.845015
 4.740000 -2.608619 -2.620220 5.880241
 4.760000 -2.401850 -2.548738 4.781744
 4.780000 -2.531026 -2.480719 3.324231
 4.800000 -2.480154 -2.417262 2.541940
 4.820000 -2.562765 -2.390458 2.319176
 4.840000 -2.656053 -2.439708 2.896349
 4.860000 -2.617940 -2.373538 2.278383
 4.880000 -2.858480 -2.518406 4.104069
 4.900000 -2.803977 -2.547200 4.411712
 4.920000 -2.923045 -2.603353 5.318823
 4.940000 -2.904254 -2.609393 5.425990
 4.960000 -2.918947 -2.643665 6.030831
 4.980000 -2.897837 -2.712483 7.545802
 5.000000 -3.034781 -2.741485 7.730217
 5.020000 -2.881107 -2.675504 6.732768
 5.040000 -2.878956 -2.784430 9.478432
 5.060000 -2.883017 -2.769056 9.038200
 5.080000 -2.755651 -2.720872 8.103462
 5.100000 -2.783370 -2.834742 11.417680
 5.120000 -2.697579 -2.907215 14.431794
 5.140000 -2.667236 -2.864232 13.146959
 5.160000 -2.611801 -2.827540 12.243958
 5.180000 -2.600201 -2.885358 14.479134
 5.200000 -2.545998 -2.872058 14.473239
 5.220000 -2.582631 -2.744062 9.524081
 5.240000 -2.590715 -2.786431 10.924069
 5.260000 -2.569221 -2.797023 11.450260
 5.280000 -2.643984 -2.729214 8.742297
 5.300000 -2.587277 -2.687981 7.746411
 5.320000 -2.757799 -2.692925 7.356236
 5.340000 -2.737499 -2.823663 11.302777
 5.360000 -2.785975 -2.611263 5.484099
 5.380000 -2.875477 -2.696538 7.218231
 5.400000 -2.798235 -2.703515 7.540994
 5.420000 -2.907441 -2.745809 8.342542
 5.440000 -2.772385 -2.556697 4.528552
 5.460000 -2.809557 -2.658762 6.455825
 5.480000 -2.653044 -2.597629 5.298775
 5.500000 -2.756550 -2.573226 4.791286
 5.520000 -2.533750 -2.549704 4.497116
 5.540000 -2.734641 -2.546167 4.338917
 5.560000 -2.647318 -2.610315 5.579970
 5.580000 -2.702725 -2.571793 4.761456
 5.600000 -2.750894 -2.563032 4.618154
 5.620000 -2.692653 -2.566964 4.676110
 5.640000 -2.653387 -2.572384 4.792633
 5.660000 -2.646510 -2.451610 3.005180
 5.680000 -2.693510 -2.572694 4.779670
 5.700000 -2.474495 -2.525005 4.128424
 5.720000 -2.691033 -2.604626 5.404316
 5.740000 -2.511519 -2.570121 4.964726
 5.760000 -2.686264 -2.644092 6.288991
 5.780000 -2.767725 -2.796556 10.285469
 5.800000 -2.639030 -2.683262 7.418785
 5.820000 -2.806967 -2.844860 11.616780
 5.840000 -2.872632 -2.924581 13.725354
 5.860000 -2.811168 -2.831547 11.175083
 5.880000 -2.983880 -2.816361 9.855831
 5.900000 -2.891685 -2.828504 10.689045
 5.920000 -2.803592 -2.803367 10.338085
 5.940000 -2.879210 -2.776709 9.262257
 5.960000 -2.721040 -2.642556 6.196880
 5.980000 -2.681389 -2.802409 10.911009
 6.000000 -2.737806 -2.789113 10.188092
 6.020000 -2.647192 -2.544198 4.285258
 6.040000 -2.689155 -2.783442 10.243308
 6.060000 -2.573252 -2.679264 7.549508
 6.080000 -2.510583 -2.501732 3.665546
 6.100000 -2.608966 -2.652095 6.673242
 6.120000 -2.578135 -2.642600 6.519605
 6.140000 -2.467446 -2.561119 4.876453
 6.160000 -2.598189 -2.581779 5.042482
 6.180000 -2.487646 -2.551771 4.629580
 6.200000 -2.466315 -2.694021 8.515985
 6.220000 -2.669330 -2.702115 7.844872
 6.240000 -2.551730 -2.552701 4.526369
 6.260000 -2.776255 -2.892712 13.358161
 6.280000 -2.813626 -2.955321 15.129642
 6.300000 -2.890242 -2.759106 8.745466
 6.320000 -2.887182 -2.874409 12.088749
 6.340000 -3.056853 -2.993498 13.917811
 6.360000 -2.869631 -2.844923 11.291520
 6.380000 -3.093509 -2.761284 7.813772
 6.400000 -2.937919 -2.789622 9.375989
 6.420000 -2.830020 -2.860517 11.987408
 6.440000 -2.832698 -2.728848 8.114908
 6.460000 -2.663810 -2.602020 5.378392
 6.480000 -2.589061 -2.717904 8.646592
 6.500000 -2.434431 -2.662654 7.677600
 6.520000 -2.474651 -2.664950 7.557684
 6.540000 -2.265234 -2.545506 5.122875
 6.560000 -2.451861 -2.663899 7.632757
 6.580000 -2.142939 -2.656239 8.736180
 6.600000 -2.270465 -2.569185 5.683250
 6.620000 -2.351933 -2.511526 4.145084
 6.640000 -2.453872 -2.667745 7.741754
 6.660000 -2.458094 -2.546186 4.581666
 6.680000 -2.619316 -2.498988 3.575751
 6.700000 -2.516383 -2.526771 4.090429
 6.720000 -2.615481 -2.473281 3.227593
 6.740000 -2.794305 -2.394498 2.899994
 6.760000 -2.636702 -2.350029 2.177638
 6.780000 -2.846981 -2.521914 4.129184
 6.800000 -2.971955 -2.459533 3.746617
 6.820000 -2.789875 -2.312013 2.555350
 6.840000 -2.994246 -2.623072 5.567234
 6.860000 -2.957851 -2.498827 4.032396
 6.880000 -2.905783 -2.523771 4.226941
 6.900000 -2.991922 -2.714353 7.314503
 6.920000 -2.864039 -2.789880 9.691103
 6.940000 -2.715791 -2.702370 7.708282
 6.960000 -2.806703 -2.844541 11.608026
 6.980000 -2.590944 -2.880632 14.385521
 7.000000 -2.698853 -2.898183 14.104697
 7.020000 -2.668891 -2.789413 10.547975
 7.040000 -2.545804 -2.946933 17.383301
 7.060000 -2.725802 -3.022533 18.061068
 7.080000 -2.586803 -2.794131 11.223024
 7.100000 -2.570569 -2.890987 14.970436
 7.120000 -2.624194 -2.975647 17.569749
 7.140000 -2.629517 -2.911543 15.182248
 7.160000 -2.542383 -2.784131 11.174222
 7.180000 -2.768769 -2.928232 14.593123
 7.200000 -2.630986 -2.794671 10.950628
 7.220000 -2.706200 -2.815168 11.195320
 7.240000 -2.888120 -2.691812 7.084887
 7.260000 -2.731416 -2.712185 7.932741
 7.280000 -2.854735 -2.656930 6.366977
 7.300000 -2.848671 -2.584254 5.008633
 7.320000 -2.808588 -2.534782 4.243163
 7.340000 -2.774111 -2.553118 4.474303
 7.360000 -2.874382 -2.493235 3.859699
 7.380000 -2.696610 -2.497876 3.615271
 7.400000 -2.740150 -2.583491 4.970110
 7.420000 -2.720191 -2.629227 5.899287
 7.440000 -2.610225 -2.637259 6.291023
 7.460000 -2.740760 -2.602886 5.336520
 7.480000 -2.596717 -2.771262 10.358624
 7.500000 -2.781378 -2.730718 8.301928
 7.520000 -2.848549 -2.686793 7.039703
 7.540000 -2.882040 -2.749539 8.519200
 7.560000 -2.803667 -2.875150 12.608036
 7.580000 -2.943026 -2.746203 8.232161
 7.600000 -2.673131 -2.539103 4.200142
 7.620000 -2.814762 -2.867533 12.297171
 7.640000 -2.762704 -2.759731 9.188995
 7.660000 -2.519427 -2.727901 9.345375
 7.680000 -2.609121 -2.674227 7.270118
 7.700000 -2.567117 -2.898073 15.275944
 7.720000 -2.523591 -2.691630 8.145067
 7.740000 -2.757942 -2.672133 6.837437
 7.760000 -2.663188 -2.641144 6.263041
 7.780000 -2.663026 -2.679301 7.235224
 7.800000 -2.794566 -2.552169 4.476228
 7.820000 -2.749822 -2.457203 3.250238
 7.840000 -2.678254 -2.541909 4.246755
 7.860000 -2.865367 -2.433140 3.348949
 7.880000 -2.796975 -2.428783 3.129267
 7.900000 -2.809305 -2.512190 3.955953
 7.920000 -2.818548 -2.625356 5.748042
 7.940000 -2.530093 -2.516341 3.887968
 7.960000 -2.673855 -2.689302 7.474110
 7.980000 -2.605283 -2.721375 8.677280
 8.000000 -2.555771 -2.768576 10.525908
 8.020000 -2.620891 -2.789402 10.832437
 8.040000 -2.682913 -2.816362 11.372194
 8.060000 -2.578287 -2.982017 18.323750
 8.080000 -2.870178 -2.852970 11.533221
 8.100000 -2.865950 -2.889947 12.696615
 8.120000 -2.809719 -2.863859 12.208480
 8.140000 -2.940955 -2.996570 15.280332
 8.160000 -2.849956 -2.886446 12.686724
 8.180000 -2.770781 -2.783595 9.873260
 8.200000 -2.785448 -2.845523 11.753763
 8.220000 -2.715691 -2.900605 14.058458
 8.240000 -2.765522 -2.713535 7.878293
 8.260000 -2.828804 -2.672648 6.744129
 8.280000 -2.671637 -2.702390 7.844861
 8.300000 -2.734348 -2.540306 4.248481
 8.320000 -2.615715 -2.575503 4.889027
 8.340000 -2.584103 -2.460734 3.054677
 8.360000 -2.618759 -2.628955 6.066148
 8.380000 -2.551866 -2.431587 2.703064
 8.400000 -2.548460 -2.594455 5.420677
 8.420000 -2.714936 -2.781551 10.055605
 8.440000 -2.591152 -2.630377 6.169909
 8.460000 -2.676881 -2.714607 8.175851
 8.480000 -2.791277 -2.815311 10.762865
 8.500000 -2.642005 -2.857294 13.091104
 8.520000 -2.859465 -2.730459 8.087586
 8.540000 -2.853511 -2.744188 8.463380
 8.560000 -2.683288 -2.889410 13.918070
 8.580000 -2.851594 -2.910656 13.437080
 8.600000 -2.780415 -2.873824 12.707090
 8.620000 -2.801860 -2.978277 15.953404
 8.640000 -3.022592 -3.087715 16.583017
 8.660000 -2.876926 -3.115548 19.006085
 8.680000 -2.948973 -3.096417 17.733095
 8.700000 -3.008371 -3.001298 14.701864
 8.720000 -2.887380 -2.894155 12.689501
 8.740000 -2.916272 -2.851314 11.227684
 8.760000 -2.798854 -2.882076 12.862514
 8.780000 -2.551317 -2.603101 5.614708
 8.800000 -2.560050 -2.720061 8.861803
 8.820000 -2.473807 -2.624747 6.409512
 8.840000 -2.420552 -2.727706 9.946013
 8.860000 -2.581147 -2.664074 7.088022
 8.880000 -2.513590 -2.601169 5.672543
 8.900000 -2.558090 -2.662173 7.120723
 8.920000 -2.545456 -2.513083 3.817265
 8.940000 -2.355515 -2.412974 2.617977
 8.960000 -2.437534 -2.354378 1.981919
 8.980000 -2.540445 -2.272486 1.640516
 9.000000 -2.610100 -2.277806 1.812065
 9.020000 -2.731323 -2.331773 2.388288
 9.040000 -2.799093 -2.325070 2.627822
 9.060000 -2.799419 -2.388258 2.882616
 9.080000 -2.848978 -2.497881 3.861866
 9.100000 -2.889966 -2.577550 4.918017
 9.120000 -2.685889 -2.575130 4.827029
 9.140000 -2.724279 -2.556733 4.503294
 9.160000 -2.603165 -2.671682 7.220401
 9.180000 -2.525518 -2.594485 5.479996
 9.200000 -2.532405 -2.561459 4.736556
 9.220000 -2.639100 -2.565065 4.663927
 9.240000 -2.638736 -2.698027 7.836936
 9.260000 -2.693320 -2.753374 9.270508
 9.280000 -2.725099 -2.852306 12.332502
 9.300000 -2.725491 -2.877719 13.197453
 9.320000 -2.742653 -2.943030 15.296070
 9.340000 -2.760739 -3.023156 17.728474
 9.360000 -2.825946 -2.905017 13.429468
 9.380000 -2.769441 -2.899458 13.629020
 9.400000 -2.817884 -2.858825 12.001444
 9.420000 -2.833532 -2.675599 6.804771
 9.440000 -2.755982 -2.642726 6.157471
 9.460000 -2.738897 -2.621016 5.705393
 9.480000 -2.664289 -2.550079 4.383208
 9.500000 -2.520109 -2.554408 4.616162
 9.520000 -2.538291 -2.670116 7.428382
 9.540000 -2.556700 -2.732985 9.302492
 9.560000 -2.577313 -2.644234 6.565008
 9.580000 -2.711326 -2.713236 8.021614
 9.600000 -2.743636 -2.756529 9.164268
 9.620000 -2.793272 -2.645834 6.188680
 9.640000 -2.876477 -2.585752 5.040589
 9.660000 -2.931056 -2.645304 6.047004
 9.680000 -2.880296 -2.590171 5.111580
 9.700000 -2.764593 -2.503688 3.782295
 9.720000 -2.693991 -2.577440 4.867179
 9.740000 -2.568669 -2.620562 5.988532
 9.760000 -2.565519 -2.596045 5.416707
 9.780000 -2.526848 -2.565153 4.824751
 9.800000 -2.591716 -2.697779 8.017866
 9.820000 -2.581026 -2.782032 10.833338
 9.840000 -2.645062 -2.694433 7.711453
 9.860000 -2.728026 -2.702389 7.675491
 9.880000 -2.757970 -2.868996 12.687373
 9.900000 -2.777047 -2.876837 12.827473
 9.920000 -2.829131 -2.835915 11.221755
 9.940000 -2.801032 -2.837889 11.426407
 9.960000 -2.777490 -2.948289 15.188425
 9.980000 -2.776169 -2.957912 15.514074
 10.000000 -2.769658 -2.845751 11.848882
 10.020000 -2.660312 -2.771366 9.999676
 10.040000 -2.735351 -2.909561 14.216980
 10.060000 -2.605172 -2.612779 5.713122
 10.080000 -2.666097 -2.561927 4.591870
 10.100000 -2.610983 -2.552621 4.453796
 10.120000 -2.703009 -2.562235 4.592178
 10.140000 -2.767240 -2.416698 2.958163
 10.160000 -2.814418 -2.581048 4.943134
 10.180000 -2.934125 -2.676919 6.671108
 10.200000 -2.855681 -2.640635 6.030021
 10.220000 -2.932317 -2.766659 8.791758
 10.240000 -2.909470 -2.899484 12.704212
 10.260000 -2.872008 -2.970489 15.133830
 10.280000 -2.732500 -2.806227 10.760446
 10.300000 -2.768368 -2.825735 11.206253
 10.320000 -2.623392 -2.901288 14.860741
 10.340000 -2.596577 -2.948764 16.891675
 10.360000 -2.585416 -2.803675 11.574723
 10.380000 -2.500750 -2.828729 13.189131
 10.400000 -2.460742 -3.011753 20.888239
 10.420000 -2.438819 -3.091189 23.943749
 10.440000 -2.483620 -2.976770 19.268740
 10.460000 -2.411161 -2.999770 21.040038
 10.480000 -2.664810 -3.140588 22.152667
 10.500000 -2.645711 -3.067933 20.392464
 10.520000 -2.810225 -2.878280 12.669525
 10.540000 -2.900374 -2.718910 7.693985
 10.560000 -2.959518 -2.893234 12.165850
 10.580000 -2.867330 -2.647358 6.155849
 10.600000 -2.899226 -2.528147 4.269635
 10.620000 -2.767445 -2.598041 5.236546
 10.640000 -2.740922 -2.579871 4.904829
 10.660000 -2.761305 -2.513191 3.896731
 10.680000 -2.626874 -2.418087 2.645341
 10.700000 -2.531006 -2.411629 2.486965
 10.720000 -2.386276 -2.204372 1.413818
 10.740000 -2.384028 -2.184660 1.401096
 10.760000 -2.304917 -2.173392 1.519650
 10.780000 -2.453550 -2.194192 1.392555
 10.800000 -2.450507 -2.126768 1.393865
 10.820000 -2.594985 -2.245337 1.693458
 10.840000 -2.629490 -2.372873 2.298115
 10.860000 -2.732004 -2.418642 2.875635
 10.880000 -2.869649 -2.462867 3.577646
 10.900000 -2.877930 -2.614090 5.516164
 10.920000 -2.899250 -2.720344 7.731633
 10.940000 -2.823363 -2.617835 5.600270
 10.960000 -2.764799 -2.764967 9.336301
 10.980000 -2.680220 -2.747224 9.137533
 11.000000 -2.684952 -2.819419 11.463645
 11.020000 -2.620832 -2.820965 11.941847
 11.040000 -2.701948 -2.845283 12.241209
 11.060000 -2.615640 -2.931372 16.048662
 11.080000 -2.583749 -2.878570 14.373147
 11.100000 -2.586232 -2.955201 17.243720
 11.120000 -2.601649 -2.858985 13.479484
 11.140000 -2.666962 -2.952031 16.286328
 11.160000 -2.782577 -2.947140 15.110295
 11.180000 -2.789849 -2.742170 8.594426
 11.200000 -2.718929 -2.784817 10.140436
 11.220000 -2.799292 -2.792172 10.016344
 11.240000 -2.690190 -2.703238 7.808331
 11.260000 -2.721474 -2.605309 5.394672
 11.280000 -2.723937 -2.733163 8.548166
 11.300000 -2.519326 -2.718987 9.047755
 11.320000 -2.667832 -2.591045 5.147514
 11.340000 -2.518494 -2.542307 4.379049
 11.360000 -2.427250 -2.597400 5.858165
 11.380000 -2.397634 -2.390429 2.318815
 11.400000 -2.384268 -2.328953 1.838898
 11.420000 -2.350215 -2.334784 1.914431
 11.440000 -2.435010 -2.384161 2.229334
 11.460000 -2.473619 -2.325949 1.798748
 11.480000 -2.540230 -2.375270 2.174765
 11.500000 -2.664006 -2.520955 3.913310
 11.520000 -2.601638 -2.444648 2.879235
 11.540000 -2.808749 -2.639957 6.050636
 11.560000 -2.690740 -2.647711 6.367016
 11.580000 -2.831312 -2.781494 9.574874
 11.600000 -2.734927 -2.722584 8.211256
 11.620000 -2.757542 -2.778207 9.763562
 11.640000 -2.654683 -2.822001 11.745223
 11.660000 -2.609898 -2.891764 14.630468
 11.680000 -2.682193 -2.810824 11.189109
 11.700000 -2.563976 -2.857512 13.749374
 11.720000 -2.780750 -3.034921 17.886307
 11.740000 -2.665946 -2.974607 17.087759
 11.760000 -2.754709 -2.918776 14.383326
 11.780000 -2.739700 -2.908787 14.157872
 11.800000 -2.819763 -3.090067 19.013526
 11.820000 -2.857636 -2.965471 15.097841
 11.840000 -3.032341 -2.907359 11.948092
 11.860000 -2.969772 -2.945216 13.570149
 11.880000 -3.022846 -3.074979 16.300462
 11.900000 -2.924617 -3.062442 17.197698
 11.920000 -2.725353 -2.947861 15.606167
 11.940000 -2.775668 -2.946258 15.136222
 11.960000 -2.442747 -2.941044 18.323837
 11.980000 -2.421175 -2.767740 11.441278
 12.000000 -2.210833 -2.694289 9.847402
 12.020000 -2.233503 -2.597795 6.582955
 12.040000 -2.187642 -2.407842 2.936146
 12.060000 -2.148424 -2.490052 4.297993
 12.080000 -2.086761 -2.355930 2.738756
 12.100000 -1.973338 -2.308866 2.862715
 12.120000 -2.241883 -2.343212 2.180660
 12.140000 -2.021944 -2.375783 3.118779
 12.160000 -2.273863 -2.316729 1.935139
 12.180000 -2.293704 -2.384663 2.423461
 12.200000 -2.513251 -2.340369 1.909336
 12.220000 -2.686853 -2.304416 2.134169
 12.240000 -2.720691 -2.467426 3.293931
 12.260000 -2.797404 -2.326485 2.625121
 12.280000 -2.906899 -2.476165 3.763478
 12.300000 -2.916821 -2.457983 3.641544
 12.320000 -2.818487 -2.594015 5.164964
 12.340000 -2.740679 -2.599211 5.264946
 12.360000 -2.646988 -2.775055 10.192708
 12.380000 -2.688414 -2.850545 12.513425
 12.400000 -2.647849 -2.934467 15.844231
 12.420000 -2.722893 -3.003683 17.488546
 12.440000 -2.663106 -3.044141 19.439136
 12.460000 -2.721820 -3.109875 20.636171
 12.480000 -2.720809 -3.011580 17.763952
 12.500000 -2.695317 -3.032478 18.699907
 12.520000 -2.623351 3.100843 23.709684
 12.540000 -2.715469 3.093323 22.572650
 12.560000 -2.787214 -3.138631 20.563480
 12.580000 -2.778285 3.011476 23.095547
 12.600000 -2.789035 3.010108 22.969384
 12.620000 -2.705323 3.083015 22.913670
 12.640000 -2.855490 2.972543 22.523283
 12.660000 -2.885175 -3.100790 18.569385
 12.680000 -3.036604 3.133202 17.591078
 12.700000 -3.080743 -2.994563 13.628067
 12.720000 -3.014006 -2.960373 13.559449
 12.740000 -2.801730 -2.918315 14.024710
 12.760000 -2.683284 -2.868071 13.163693
 12.780000 -2.604202 -2.707000 8.240902
 12.800000 -2.523657 -2.751923 10.147942
 12.820000 -2.604775 -2.743734 9.392249
 12.840000 -2.559435 -2.570155 4.865635
 12.860000 -2.603496 -2.682297 7.517910
 12.880000 -2.533156 -2.534258 4.203254
 12.900000 -2.557736 -2.557062 4.602844
 12.920000 -2.582475 -2.469681 3.166793
 12.940000 -2.560575 -2.463246 3.079747
 12.960000 -2.512151 -2.396207 2.332592
 12.980000 -2.485643 -2.458439 3.040715
 13.000000 -2.609478 -2.391421 2.392639
 13.020000 -2.621032 -2.508292 3.712208
 13.040000 -2.763614 -2.542425 4.304351
 13.060000 -2.932736 -2.610298 5.427114
 13.080000 -3.046134 -2.757643 8.033803
 13.100000 -2.972031 -2.641414 5.914632
 13.120000 -3.006857 -2.778872 8.758476
 13.140000 -2.796889 -2.703982 7.555714
 13.160000 -2.724432 -2.665823 6.742847
 13.180000 -2.844711 -2.722990 7.933075
 13.200000 -2.730408 -2.685604 7.227742
 13.220000 -2.847716 -2.771011 9.216312
 13.240000 -2.759895 -2.829811 11.382686
 13.260000 -2.767624 -2.945560 15.177476
 13.280000 -2.674387 -2.929358 15.413191
 13.300000 -2.572027 -2.873001 14.268245
 13.320000 -2.402498 -2.902052 17.131093
 13.340000 -2.496378 -2.838395 13.607651
 13.360000 -2.357779 -2.686361 8.846330
 13.380000 -2.573815 -2.769650 10.446738
 13.400000 -2.746895 -2.710822 7.853399
 13.420000 -2.794392 -2.640475 6.072688
 13.440000 -3.053228 -2.763767 8.132113
 13.460000 3.124356 -2.812939 8.373489
 13.480000 -2.958753 -2.718905 7.528446
 13.500000 -2.881168 -2.729718 8.011317
 13.520000 -2.779494 -2.737970 8.508202
 13.540000 -2.629753 -2.600668 5.395582
 13.560000 -2.730360 -2.556237 4.497544
 13.580000 -2.646966 -2.533702 4.109951
 13.600000 -2.652293 -2.473347 3.259844
 13.620000 -2.693165 -2.510895 3.786366
 13.640000 -2.689161 -2.560728 4.566009
 13.660000 -2.524418 -2.569255 4.916992
 13.680000 -2.624029 -2.602161 5.437461
 13.700000 -2.546632 -2.733922 9.390759
 13.720000 -2.521123 -2.727870 9.334442
 13.740000 -2.706390 -2.750105 9.116113
 13.760000 -2.653912 -2.706466 8.024280
 13.780000 -2.809760 -2.658128 6.441526
 13.800000 -2.793232 -2.733652 8.348963
 13.820000 -2.817872 -2.657475 6.418173
 13.840000 -2.726565 -2.633691 5.990335
 13.860000 -2.598190 -2.686556 7.660838
 13.880000 -2.455833 -2.716659 9.338064
 13.900000 -2.457800 -2.772448 11.354455
 13.920000 -2.510368 -2.766049 10.741274
 13.940000 -2.693523 -2.742069 8.924682
 13.960000 -2.776492 -2.886573 13.153097
 13.980000 -2.817825 -2.708131 7.616415
 14.000000 -2.826440 -2.574923 4.848850
 14.020000 -2.866529 -2.683973 6.944936
 14.040000 -2.853555 -2.645885 6.138059
 14.060000 -2.831695 -2.639566 6.025864
 14.080000 -2.738810 -2.656006 6.483191
 14.100000 -2.592855 -2.802748 11.488709
 14.120000 -2.596071 -2.713507 8.476460
 14.140000 -2.498404 -2.879278 15.219554
 14.160000 -2.563139 -2.801852 11.670269
 14.180000 -2.622965 -2.765469 10.008452
 14.200000 -2.538418 -2.720669 8.997454
 14.220000 -2.605750 -2.680745 7.465316
 14.240000 -2.523480 -2.517287 3.912247
 14.260000 -2.522705 -2.418788 2.556723
 14.280000 -2.682183 -2.491197 3.513470
 14.300000 -2.751672 -2.477187 3.456228
 14.320000 -2.784234 -2.477438 3.523800
 14.340000 -2.925816 -2.566102 4.765006
 14.360000 -2.883059 -2.620719 5.633213
 14.380000 -2.884621 -2.641451 6.022751
 14.400000 -2.925126 -2.610183 5.429658
 14.420000 -2.742877 -2.537867 4.218636
 14.440000 -2.720347 -2.515195 3.872462
 14.460000 -2.688792 -2.503167 3.676852
 14.480000 -2.579708 -2.439210 2.802095
 14.500000 -2.588952 -2.483722 3.355278
 14.520000 -2.591758 -2.350517 2.080885
 14.540000 -2.564593 -2.530519 4.097753
 14.560000 -2.701043 -2.547234 4.339562
 14.580000 -2.768706 -2.533487 4.179988
 14.600000 -2.668816 -2.739590 8.952327
 14.620000 -2.749225 -2.858538 12.392328
 14.640000 -2.756522 -2.901807 13.798555
 14.660000 -2.732507 -2.832901 11.636106
 14.680000 -2.893960 -2.995672 15.689735
 14.700000 -2.835704 -2.916390 13.726503
 14.720000 -2.790649 -2.910347 13.842062
 14.740000 -2.859447 -2.971741 15.274323
 14.760000 -2.725332 -2.909868 14.304145
 14.780000 -2.692139 -2.886978 13.763224
 14.800000 -2.787168 -2.943217 14.945942
 14.820000 -2.637461 -2.839701 12.491801
 14.840000 -2.781692 -2.905445 13.742834
 14.860000 -2.841707 -2.945586 14.605728
 14.880000 -2.753620 -2.922293 14.509928
 14.900000 -2.850095 -2.757793 8.841264
 14.920000 -2.824150 -2.741662 8.479863
 14.940000 -2.836125 -2.706599 7.539342
 14.960000 -2.897340 -2.565486 4.746024
 14.980000 -2.815062 -2.692614 7.236567
 15.000000 -2.739460 -2.587147 5.037186
 15.020000 -2.749794 -2.526127 4.056117
 15.040000 -2.621934 -2.538988 4.204449
 15.060000 -2.577004 -2.545876 4.362382
 15.080000 -2.598079 -2.439701 2.822320
 15.100000 -2.413296 -2.420073 2.621869
 15.120000 -2.296676 -2.472190 3.574136
 15.140000 -2.349354 -2.543035 4.807369
 15.160000 -2.216979 -2.338236 2.209016
 15.180000 -2.377371 -2.483758 3.583494
 15.200000 -2.426066 -2.520464 4.141228
 15.220000 -2.416720 -2.545836 4.678280
 15.240000 -2.491329 -2.532825 4.245194
 15.260000 -2.579826 -2.602237 5.525592
 15.280000 -2.572546 -2.722230 8.866497
 15.300000 -2.700590 -2.743695 8.945532
 15.320000 -2.851128 -2.893664 12.905956
 15.340000 -2.853569 -2.950506 14.668907
 15.360000 -3.111077 -3.008062 13.506267
 15.380000 -3.081751 -3.119179 16.289325
 15.400000 -3.110522 3.110521 16.640949
 15.420000 -3.103163 3.115706 16.706865
 15.440000 -3.047398 3.079755 18.256225
 15.460000 -2.987853 3.009893 20.152069
 15.480000 -3.000276 3.111157 18.536285
 15.500000 -2.853329 3.089636 20.888979
 15.520000 -2.819082 2.970257 23.045271
 15.540000 -2.839713 3.003346 22.378104
 15.560000 -2.699173 3.015725 24.129730
 15.580000 -2.757592 2.907853 24.483799
 15.600000 -2.681560 2.959271 25.080553
 15.620000 -2.840437 2.825921 23.986648
 15.640000 -2.714272 2.997174 24.166909
 15.660000 -2.804358 3.001123 22.880584
 15.680000 -2.690088 2.997105 24.514222
 15.700000 -2.630947 2.955908 25.868051
 15.720000 -2.553064 3.090429 24.986340
 15.740000 -2.623252 -3.016054 18.991704
 15.760000 -2.635062 -3.121365 22.064224
 15.780000 -2.760573 -3.112559 20.245787
 15.800000 -2.883458 -3.026965 16.674848
 15.820000 -2.858218 -2.958406 14.876664
 15.840000 -2.964595 -3.064778 16.804396
 15.860000 -2.881356 -2.952469 14.514253
 15.880000 -2.910167 -2.892267 12.482701
 15.900000 -2.916982 -2.859482 11.463745
 15.920000 -2.919531 -2.806040 9.910824
 15.940000 -2.855804 -2.723040 7.907228
 15.960000 -2.805026 -2.667685 6.662808
 15.980000 -2.601392 -2.599923 5.428582
 16.000000 -2.521451 -2.488817 3.450892
 16.020000 -2.645442 -2.487111 3.426495
 16.040000 -2.574241 -2.389866 2.328015
 16.060000 -2.603292 -2.419988 2.629292
 16.080000 -2.667435 -2.373001 2.389419
 16.100000 -2.483465 -2.345623 1.923594
 16.120000 -2.489276 -2.377969 2.166242
 16.140000 -2.504147 -2.475332 3.263819
 16.160000 -2.587730 -2.416206 2.574944
 16.180000 -2.638218 -2.402590 2.533028
 16.200000 -2.746197 -2.497336 3.676171
 16.220000 -2.532298 -2.446940 2.874979
 16.240000 -2.691453 -2.456618 3.127465
 16.260000 -2.584074 -2.423701 2.643763
 16.280000 -2.657094 -2.642083 6.298382
 16.300000 -2.785993 -2.599592 5.263572
 16.320000 -2.703330 -2.589283 5.088020
 16.340000 -2.742059 -2.781140 9.919589
 16.360000 -2.775922 -2.858158 12.219262
 16.380000 -2.687709 -2.845186 12.332005
 16.400000 -2.796572 -3.050207 18.173226
 16.420000 -2.927196 3.066246 20.315549
 16.440000 -2.890441 -3.024846 16.549229
 16.460000 -3.051421 -3.099269 16.399602
 16.480000 -2.936033 -3.099476 17.957612
 16.500000 -2.789832 -3.137143 20.498485
 16.520000 -2.775350 3.140724 20.792080
 16.540000 -2.653484 -3.097145 21.151137
 16.560000 -2.675097 3.102287 22.939445
 16.580000 -2.686786 3.100581 22.813570
 16.600000 -2.568884 3.015157 26.091644
 16.620000 -2.732083 -3.141016 21.286639
 16.640000 -2.848640 3.070260 21.284803
 16.660000 -2.826381 -3.141389 20.167779
 16.680000 -2.993839 3.093115 18.930766
 16.700000 -2.872755 -3.002174 16.067320
 16.720000 -2.792400 -3.010246 17.030896
 16.740000 -2.824338 -3.068396 18.395003
 16.760000 -2.699009 -2.892531 13.905356
 16.780000 -2.663935 -3.001702 18.038459
 16.800000 -2.823501 -3.030400 17.339995
 16.820000 -2.761538 -2.895589 13.554375
 16.840000 -2.700077 -2.837890 11.999847
 16.860000 -2.757238 -2.933761 14.866925
 16.880000 -2.567625 -2.639766 6.478985
 16.900000 -2.656600 -2.690182 7.552771
 16.920000 -2.655450 -2.572422 4.791949
 16.940000 -2.517061 -2.478229 3.296455
 16.960000 -2.606685 -2.411243 2.553655
 16.980000 -2.648093 -2.492102 3.494403
 17.000000 -2.805743 -2.492920 3.729409
 17.020000 -2.823350 -2.459235 3.439884
 17.040000 -2.852809 -2.525714 4.183137
 17.060000 -2.695824 -2.480172 3.395548
 17.080000 -2.701561 -2.554102 4.453238
 17.100000 -2.586575 -2.535517 4.165748
 17.120000 -2.599806 -2.681285 7.503074
 17.140000 -2.628333 -2.611044 5.627828
 17.160000 -2.690374 -2.651126 6.449908
 17.180000 -2.795229 -2.723286 8.063328
 17.200000 -2.801418 -2.707266 7.629842
 17.220000 -2.883129 -2.791481 9.660287
 17.240000 -2.752231 -2.857016 12.323119
 17.260000 -2.829552 -2.913835 13.687258
 17.280000 -2.697513 -2.978759 16.913066
 17.300000 -2.732649 3.039515 23.303888
 17.320000 -2.769614 3.082478 22.073437
 17.340000 -2.909434 2.913991 22.312230
 17.360000 -2.874287 2.945294 22.539835
 17.380000 -3.004295 2.818044 21.498078
 17.400000 -2.908854 2.914374 22.317625
 17.420000 -2.912963 2.896099 22.407150
 17.440000 -2.843951 2.751404 24.536686
 17.460000 -2.642562 2.992379 25.276225
 17.480000 -2.579474 2.899506 27.106326
 17.500000 -2.389203 2.825449 29.749811
 17.520000 -2.416946 2.734915 29.325572
 17.540000 -2.431256 2.730196 29.193660
 17.560000 -2.616307 2.682346 27.478843
 17.580000 -2.608440 2.637206 27.738131
 17.600000 -2.823181 2.547792 27.383307
 17.620000 -2.718160 2.619795 27.077163
 17.640000 -2.834288 2.742451 24.737049
 17.660000 -2.985178 2.723684 22.726580
 17.680000 -2.844648 2.812357 24.032698
 17.700000 -2.962074 2.759982 22.747688
 17.720000 -2.776225 3.027321 22.900761
 17.740000 -2.747757 2.996482 23.707796
 17.760000 -2.677601 -3.120039 21.459082
 17.780000 -2.624786 -2.936775 16.155485
 17.800000 -2.568306 -2.737050 9.372124
 17.820000 -2.692989 -2.646050 6.323271
 17.840000 -2.580518 -2.430492 2.709610
 17.860000 -2.641808 -2.275920 1.900697
 17.880000 -2.614323 -2.230739 1.724366
 17.900000 -2.535124 -2.007534 1.659775
 17.920000 -2.707131 -2.089873 2.094488
 17.940000 -2.653469 -1.782978 2.403703
 17.960000 -2.790218 -1.941105 2.680423
 17.980000 -2.724507 -1.872623 2.496007
 18.000000 -2.644592 -1.770394 2.401077
 18.020000 -2.660320 -1.795895 2.401438
 18.040000 -2.638984 -1.763391 2.398506
 18.060000 -2.701679 -1.733958 2.615149
 18.080000 -2.575221 -1.669154 2.426950
 18.100000 -2.620321 -1.673211 2.495114
 18.120000 -2.573426 -1.604334 2.510810
 18.140000 -2.505280 -1.753952 2.221089
 18.160000 -2.535594 -1.608417 2.468758
 18.180000 -2.718482 -1.790451 2.594255
 18.200000 -2.693426 -1.732561 2.592474
 18.220000 -2.764459 -1.778041 2.771804
 18.240000 -2.829194 -1.924428 2.880176
 18.260000 -2.654837 -1.825646 2.334041
 18.280000 -2.713975 -2.081200 2.135252
 18.300000 -2.692056 -1.833378 2.439548
 18.320000 -2.675774 -2.010959 2.064759
 18.340000 -2.550595 -2.067402 1.580063
 18.360000 -2.502908 -2.033579 1.562900
 18.380000 -2.466530 -2.213171 1.419587
 18.400000 -2.522225 -2.322487 1.817750
 18.420000 -2.598876 -2.477944 3.279758
 18.440000 -2.626925 -2.496895 3.548454
 18.460000 -2.743634 -2.807109 10.732825
 18.480000 -2.722492 -2.760827 9.376820
 18.500000 -2.894064 -2.934034 13.857975
 18.520000 -2.846601 3.140125 19.968545
 18.540000 -3.016697 2.894818 20.686768
 18.560000 -3.067772 2.943844 19.312302
 18.580000 -3.008906 2.834276 21.285812
 18.600000 -2.982832 2.520683 26.223092
 18.620000 -2.817685 2.582489 26.841621
 18.640000 -2.659692 2.394419 30.023025
 18.660000 -2.468773 2.609141 28.679928
 18.680000 -2.459627 2.609125 28.726369
 18.700000 -2.225980 2.807644 30.541564
 18.720000 -2.176609 2.678609 29.661079
 18.740000 -2.129861 2.785033 30.241494
 18.760000 -2.068727 2.728714 29.524322
 18.780000 -2.146870 2.652155 29.359582
 18.800000 -2.038646 2.624047 28.579041
 18.820000 -1.936702 2.498289 27.460977
 18.840000 -1.810365 2.537391 27.101520
 18.860000 -1.824756 2.408266 27.230010
 18.880000 -1.696950 2.555542 27.079729
 18.900000 -1.812768 2.392866 27.268747
 18.920000 -1.680476 2.530189 27.126157
 18.940000 -1.637310 2.471624 27.397013
 18.960000 -1.667471 2.519422 27.176310
 18.980000 -1.624121 2.555379 27.320141
 19.000000 -1.591677 2.464252 27.659683
 19.020000 -1.566232 2.481107 27.771484
 19.040000 -1.513018 2.438131 28.305824
 19.060000 -1.323168 2.448916 29.997447
 19.080000 -1.464790 2.341762 29.103554
 19.100000 -1.256164 2.522137 30.547379
 19.120000 -1.364591 2.330093 29.966156
 19.140000 -1.336347 2.401731 29.975816
 19.160000 -1.359474 2.333370 29.994907
 19.180000 -1.567445 2.330296 28.413673
 19.200000 -1.549592 2.406451 28.156951
 19.220000 -1.647854 2.343148 27.895956
 19.240000 -1.574765 2.345016 28.288730
 19.260000 -1.684180 2.237252 28.262149
 19.280000 -1.580109 2.361407 28.170143
 19.300000 -1.765435 2.137429 28.281786
 19.320000 -1.714179 2.239959 28.117343
 19.340000 -1.637916 2.192833 28.700489
 19.360000 -1.701105 2.246648 28.142278
 19.380000 -1.748801 2.338240 27.555320
 19.400000 -1.814205 2.364040 27.350775
 19.420000 -1.829826 2.576993 27.216489
 19.440000 -1.870072 2.585542 27.396229
 19.460000 -1.785489 2.615404 27.196970
 19.480000 -1.819734 2.521742 27.111518
 19.500000 -1.863357 2.748560 28.226020
 19.520000 -1.955428 2.608948 27.960134
 19.540000 -1.968768 2.581998 27.908824
 19.560000 -2.072411 2.695615 29.302371
 19.580000 -2.187650 2.688246 29.761137
 19.600000 -2.231722 2.706315 29.947678
 19.620000 -2.552728 2.795349 27.894612
 19.640000 -2.651403 2.787360 26.660934
 19.660000 -2.828032 2.721716 25.003421
 19.680000 -2.983884 2.674403 23.360633
 19.700000 -2.990780 2.650210 23.588818
 19.720000 -2.987373 2.741726 22.493273
 19.740000 -2.871555 2.883868 23.109724
 19.760000 -2.937604 2.833948 22.513888
 19.780000 -2.876033 2.946336 22.505183
 19.800000 -2.946893 3.125454 19.035079
 19.820000 -2.824375 -2.840118 11.376775
 19.840000 -2.839918 -2.917507 13.732906
 19.860000 -2.670016 -2.781246 10.271882
 19.880000 -2.603865 -2.700061 8.034248
 19.900000 -2.590152 -2.678213 7.452376
 19.920000 -2.657552 -2.588596 5.107730
 19.940000 -2.674213 -2.516602 3.853811
 19.960000 -2.675041 -2.530568 4.064974
 19.980000 -2.656346 -2.420157 2.715004
 20.000000 -2.566921 -2.384084 2.272653
