#! FIELDS time phi psi metad.bias
#! SET min_phi -pi
#! SET max_phi pi
#! SET min_psi -pi
#! SET max_psi pi
 0.000000 3.141580 -3.141577 14.881121
 0.020000 -2.724648 -2.785886 9.798155
 0.040000 -2.746777 -2.814661 10.512389
 0.060000 -2.789975 -2.817700 10.455026
 0.080000 -2.813424 -2.833604 10.794701
 0.100000 -2.830387 -2.889677 12.292727
 0.120000 -2.891284 -2.860773 11.109119
 0.140000 -2.867736 -2.832823 10.495553
 0.160000 -2.920593 -2.864588 10.997527
 0.180000 -2.904744 -2.824321 10.033427
 0.200000 -2.802108 -2.745802 8.566944
 0.220000 -2.793734 -2.739635 8.448710
 0.240000 -2.735337 -2.723352 8.226757
 0.260000 -2.666216 -2.735588 8.640011
 0.280000 -2.602141 -2.702401 7.947230
 0.300000 -2.657027 -2.682060 7.442371
 0.320000 -2.553206 -2.691887 7.767608
 0.340000 -2.686749 -2.721345 8.272472
 0.360000 -2.589672 -2.700632 7.921164
 0.380000 -2.648111 -2.675492 7.315658
 0.400000 -2.667813 -2.700230 7.821449
 0.420000 -2.610706 -2.687074 7.601724
 0.440000 -2.683606 -2.693893 7.660023
 0.460000 -2.564243 -2.610104 6.171144
 0.480000 -2.635219 -2.715002 8.195915
 0.500000 -2.594835 -2.701325 7.931077
 0.520000 -2.633343 -2.700736 7.875176
 0.540000 -2.717571 -2.872014 12.204025
 0.560000 -2.686242 -2.876767 12.410088
 0.580000 -2.752638 -2.980732 15.276253
 0.600000 -2.678267 -2.935875 14.162590
 0.620000 -2.713168 -2.967435 15.008262
 0.640000 -2.684772 -2.904342 13.219476
 0.660000 -2.762672 -2.934211 13.884566
 0.680000 -2.687469 -2.842250 11.417076
 0.700000 -2.740698 -2.898516 12.911687
 0.720000 -2.762851 -2.817167 10.533327
 0.740000 -2.791015 -2.855743 11.506792
 0.760000 -2.760773 -2.882403 12.380361
 0.780000 -2.749488 -2.968296 14.926111
 0.800000 -2.693815 -2.919116 13.635257
 0.820000 -2.574683 -2.833518 11.340764
 0.840000 -2.725001 -2.860088 11.842550
 0.860000 -2.607891 -2.863038 12.140353
 0.880000 -2.675888 -2.816041 10.706199
 0.900000 -2.816978 -2.704013 7.561937
 0.920000 -2.748446 -2.791823 9.894919
 0.940000 -2.814253 -2.774747 9.232945
 0.960000 -2.757533 -2.733145 8.402040
 0.980000 -2.628810 -2.686127 7.561453
 1.000000 -2.612728 -2.746829 8.982619
 1.020000 -2.651096 -2.785047 9.909132
 1.040000 -2.508929 -2.607859 6.194695
 1.060000 -2.617185 -2.727866 8.518069
 1.080000 -2.558618 -2.602553 6.051128
 1.100000 -2.676900 -2.656782 6.901675
 1.120000 -2.791774 -2.508836 4.504276
 1.140000 -2.864768 -2.584994 5.262057
 1.160000 -2.797259 -2.581913 5.402249
 1.180000 -2.912018 -2.710605 7.279810
 1.200000 -2.831661 -2.627974 6.039539
 1.220000 -2.766398 -2.786817 9.711594
 1.240000 -2.860906 -2.901138 12.443906
 1.260000 -2.740951 -2.764347 9.205961
 1.280000 -2.889900 -2.973572 14.309104
 1.300000 -2.867718 -2.850113 10.967762
 1.320000 -2.826783 -2.899757 12.601418
 1.340000 -2.791219 -2.843965 11.174815
 1.360000 -2.754165 -2.873911 12.156928
 1.380000 -2.665918 -2.788022 9.965433
 1.400000 -2.690298 -2.805201 10.384169
 1.420000 -2.595389 -2.869385 12.343510
 1.440000 -2.578046 -2.893600 13.083940
 1.460000 -2.705700 -3.009370 16.237507
 1.480000 -2.596099 -2.816505 10.835296
 1.500000 -2.781415 -3.023987 16.396352
 1.520000 -2.696570 -2.945746 14.413297
 1.540000 -2.707339 -2.944224 14.342970
 1.560000 -2.721765 -2.828349 10.953839
 1.580000 -2.792972 -2.810186 10.240540
 1.600000 -2.659337 -2.800104 10.298740
 1.620000 -2.740214 -2.745495 8.741150
 1.640000 -2.714105 -2.732412 8.483808
 1.660000 -2.644397 -2.718253 8.259849
 1.680000 -2.839643 -2.913350 12.922725
 1.700000 -2.596925 -2.663054 7.116663
 1.720000 -2.663422 -2.827857 11.054879
 1.740000 -2.500982 -2.691902 7.832651
 1.760000 -2.472022 -2.800738 10.599607
 1.780000 -2.373200 -2.558653 5.699888
 1.800000 -2.556042 -2.742357 8.937719
 1.820000 -2.467286 -2.734466 8.876367
 1.840000 -2.709632 -2.581202 5.552710
 1.860000 -2.821269 -2.621862 5.967039
 1.880000 -2.712266 -2.698909 7.722168
 1.900000 -2.866882 -2.896435 12.271686
 1.920000 -2.772288 -2.669794 6.981287
 1.940000 -2.832496 -2.930316 13.454033
 1.960000 -2.815740 -2.988787 15.235008
 1.980000 -2.809255 -3.007908 15.813097
 2.000000 -2.779806 -2.912799 13.194510
 2.020000 -2.912435 -2.939358 13.151375
 2.040000 -2.955816 -3.014765 14.827852
 2.060000 -2.876205 -2.780302 9.078831
 2.080000 -2.981901 -2.691811 6.482838
 2.100000 -2.719154 -2.762353 9.206137
 2.120000 -2.755207 -2.712398 7.929968
 2.140000 -2.471231 -2.445738 4.340356
 2.160000 -2.467924 -2.647776 6.972494
 2.180000 -2.477497 -2.687603 7.774654
 2.200000 -2.498568 -2.656278 7.092419
 2.220000 -2.547978 -2.661217 7.131039
 2.240000 -2.618175 -2.757224 9.235313
 2.260000 -2.622283 -2.846322 11.638977
 2.280000 -2.669415 -2.763347 9.320909
 2.300000 -2.901913 -2.893669 11.947232
 2.320000 -2.793789 -3.009635 15.937654
 2.340000 -2.886429 -3.125964 18.402742
 2.360000 -2.844343 -3.101743 18.124531
 2.380000 -2.660287 -3.105511 18.923953
 2.400000 -2.748323 3.029088 21.777624
 2.420000 -2.644261 2.892079 23.710375
 2.440000 -2.615456 2.870490 23.955292
 2.460000 -2.665234 3.058894 21.466589
 2.480000 -2.763119 2.868555 23.781083
 2.500000 -2.529438 2.921153 23.870121
 2.520000 -2.737169 2.877312 23.726146
 2.540000 -2.449413 3.028409 23.014548
 2.560000 -2.398054 2.781160 25.985300
 2.580000 -2.453414 2.740842 25.528402
 2.600000 -2.463043 2.649036 25.610841
 2.620000 -2.534523 2.651077 25.195793
 2.640000 -2.679006 2.612564 25.243793
 2.660000 -2.711700 2.566128 25.522158
 2.680000 -2.666165 2.534337 25.453053
 2.700000 -2.693203 2.675741 25.021470
 2.720000 -2.551958 2.767047 24.780467
 2.740000 -2.558732 2.724479 24.911264
 2.760000 -2.367282 2.882997 25.786407
 2.780000 -2.381880 2.947266 24.930493
 2.800000 -2.344381 2.869858 26.209208
 2.820000 -2.497850 2.917427 24.114011
 2.840000 -2.688154 2.920783 23.358136
 2.860000 -2.719675 3.012140 22.121439
 2.880000 -2.837314 3.032485 21.364753
 2.900000 -2.921649 -3.116669 17.848022
 2.920000 -2.944626 -3.042662 15.704978
 2.940000 -2.869543 -2.745462 8.273648
 2.960000 -2.991540 -2.888750 10.993482
 2.980000 -2.780588 -2.681696 7.201638
 3.000000 -2.918823 -2.635431 5.830824
 3.020000 -2.851637 -2.709523 7.548209
 3.040000 -2.808372 -2.680180 7.090047
 3.060000 -2.875150 -2.649179 6.256993
 3.080000 -2.896347 -2.538463 4.567952
 3.100000 -2.748544 -2.493549 4.420443
 3.120000 -2.763103 -2.411053 3.773156
 3.140000 -2.476013 -2.248653 3.809752
 3.160000 -2.429017 -2.118303 4.249955
 3.180000 -2.490196 -2.356442 3.874807
 3.200000 -2.444612 -2.212316 3.946462
 3.220000 -2.679125 -2.209803 3.467682
 3.240000 -2.687643 -2.448077 4.102240
 3.260000 -2.759234 -2.538661 4.899300
 3.280000 -2.929702 -2.606864 5.332611
 3.300000 -2.968253 -2.729938 7.338724
 3.320000 -2.738888 -2.824627 10.807520
 3.340000 -2.921210 -2.791966 9.091931
 3.360000 -2.829623 -2.743421 8.406259
 3.380000 -2.744762 -2.917157 13.444579
 3.400000 -3.004854 -2.994745 13.689730
 3.420000 -2.824843 -2.921227 13.232461
 3.440000 -2.894614 -3.025317 15.720385
 3.460000 -3.012474 3.048121 19.278741
 3.480000 -2.715754 3.013474 22.109677
 3.500000 -2.659970 2.875036 23.829243
 3.520000 -2.588819 2.943223 23.357516
 3.540000 -2.366074 2.775352 26.406988
 3.560000 -2.441829 2.758537 25.585408
 3.580000 -2.364337 2.892337 25.744683
 3.600000 -2.192359 2.865346 28.672754
 3.620000 -2.327832 2.734810 27.018949
 3.640000 -2.279551 2.831501 27.446722
 3.660000 -2.333544 2.854936 26.473872
 3.680000 -2.353172 2.949407 25.277904
 3.700000 -2.541940 2.765619 24.832042
 3.720000 -2.408165 2.717925 26.032097
 3.740000 -2.560099 2.886653 24.023123
 3.760000 -2.623022 2.924454 23.450645
 3.780000 -2.633492 2.912750 23.541494
 3.800000 -2.930627 2.862043 23.208865
 3.820000 -2.925467 2.820711 23.734032
 3.840000 -3.001714 3.073630 18.932560
 3.860000 -3.103850 3.023199 18.068557
 3.880000 -3.057737 2.887583 21.226688
 3.900000 -2.970605 3.009828 20.583510
 3.920000 -3.040030 -3.097242 15.802894
 3.940000 -2.761823 -2.983763 15.331108
 3.960000 -2.779990 -2.943934 14.103056
 3.980000 -2.728911 -2.796741 10.075201
 4.000000 -2.414317 -2.514605 5.063747
 4.020000 -2.591556 -2.567262 5.478307
 4.040000 -2.418851 -2.435576 4.378491
 4.060000 -2.482130 -2.375059 3.949826
 4.080000 -2.214083 -2.385003 4.842061
 4.100000 -2.294507 -2.394870 4.549327
 4.120000 -2.244118 -2.287023 4.619560
 4.140000 -2.483646 -2.468414 4.492680
 4.160000 -2.501512 -2.431621 4.195869
 4.180000 -2.310581 -2.401990 4.519761
 4.200000 -2.624533 -2.498158 4.605559
 4.220000 -2.430102 -2.543390 5.370228
 4.240000 -2.675005 -2.565997 5.376513
 4.260000 -2.655776 -2.521633 4.829460
 4.280000 -2.789864 -2.574982 5.319108
 4.300000 -2.843665 -2.661841 6.610446
 4.320000 -2.876594 -2.760481 8.592354
 4.340000 -2.845650 -2.754462 8.600076
 4.360000 -2.755740 -2.878763 12.291758
 4.380000 -2.864077 3.121603 19.407019
 4.400000 -2.702484 3.126559 20.019737
 4.420000 -2.901210 3.140421 18.669863
 4.440000 -2.555471 -3.107052 19.240981
 4.460000 -2.570414 2.687361 24.989341
 4.480000 -2.506484 2.926037 23.966141
 4.500000 -2.579287 2.895079 23.870250
 4.520000 -2.554385 2.773674 24.741850
 4.540000 -2.641636 2.570539 25.289189
 4.560000 -2.530758 2.321992 25.432829
 4.580000 -2.491824 2.330267 25.469960
 4.600000 -2.523905 2.211034 25.430414
 4.620000 -2.379978 2.224444 25.711074
 4.640000 -2.548785 2.077962 25.551028
 4.660000 -2.412810 2.054655 25.758663
 4.680000 -2.291363 2.027532 26.091451
 4.700000 -2.444343 2.095468 25.608331
 4.720000 -2.295315 1.987106 26.233170
 4.740000 -2.344004 2.087219 25.849498
 4.760000 -2.283635 2.028196 26.100657
 4.780000 -2.258423 1.977915 26.315161
 4.800000 -2.077019 2.008847 25.899050
 4.820000 -2.416008 1.940851 26.186501
 4.840000 -2.163880 2.279167 26.631220
 4.860000 -2.234538 2.125331 26.030357
 4.880000 -2.238964 2.267120 26.344920
 4.900000 -2.103374 2.214346 26.298409
 4.920000 -2.286461 2.289573 26.225242
 4.940000 -2.393133 2.301446 25.751311
 4.960000 -2.264637 2.291271 26.331779
 4.980000 -2.231010 2.364952 26.848599
 5.000000 -2.302065 2.466545 26.795248
 5.020000 -2.286720 2.648934 27.552745
 5.040000 -2.532080 2.658191 25.191471
 5.060000 -2.547820 2.937517 23.598697
 5.080000 -2.645440 3.051842 21.639965
 5.100000 -2.663288 3.085807 20.965362
 5.120000 -2.648352 -2.997746 16.033093
 5.140000 -2.751422 -2.934739 13.938568
 5.160000 -2.707833 -2.845862 11.477639
 5.180000 -2.819106 -2.769268 9.075944
 5.200000 -2.810221 -2.716345 7.856407
 5.220000 -2.949522 -2.625580 5.524574
 5.240000 -2.851559 -2.375096 3.468376
 5.260000 -2.788835 -2.335536 3.433895
 5.280000 -2.891997 -2.118897 3.240505
 5.300000 -2.919529 -2.083510 3.217996
 5.320000 -2.828577 -1.953919 3.622918
 5.340000 -2.901494 -1.954536 3.408954
 5.360000 -2.815584 -1.769655 3.814809
 5.380000 -2.737731 -1.917950 3.921790
 5.400000 -2.844786 -1.839614 3.689225
 5.420000 -2.628715 -1.686384 4.478226
 5.440000 -2.560966 -1.863026 4.547070
 5.460000 -2.421959 -1.680648 5.301485
 5.480000 -2.353941 -1.731972 5.590716
 5.500000 -2.310372 -1.509091 5.870735
 5.520000 -2.155460 -1.564705 6.529681
 5.540000 -2.092540 -1.466072 6.828030
 5.560000 -2.113880 -1.420307 6.859046
 5.580000 -2.205913 -1.471734 6.397856
 5.600000 -2.308737 -1.328834 6.224235
 5.620000 -2.381132 -1.383556 5.671567
 5.640000 -2.509008 -1.362402 5.047748
 5.660000 -2.614767 -1.373165 4.534985
 5.680000 -2.803131 -1.219849 4.090102
 5.700000 -2.798425 -1.292482 3.888394
 5.720000 -2.773542 -1.061312 5.059550
 5.740000 -2.767953 -1.007328 5.492087
 5.760000 -2.729616 -0.937732 6.260642
 5.780000 -2.715637 -0.877466 6.923368
 5.800000 -2.763709 -0.797937 7.576649
 5.820000 -2.786004 -0.806756 7.391183
 5.840000 -2.764622 -0.881851 6.667533
 5.860000 -2.928713 -0.806398 6.958706
 5.880000 -2.813099 -1.066455 4.883049
 5.900000 -2.689264 -0.959534 6.244294
 5.920000 -2.675662 -0.893131 6.961373
 5.940000 -2.528461 -0.913565 7.714642
 5.960000 -2.455303 -0.923341 8.193834
 5.980000 -2.570142 -0.760525 9.151501
 6.000000 -2.496858 -0.858652 8.579171
 6.020000 -2.543389 -0.848230 8.325903
 6.040000 -2.783618 -0.805566 7.413382
 6.060000 -2.746663 -0.921378 6.345199
 6.080000 -2.841753 -0.889090 6.328858
 6.100000 -2.930631 -0.920051 5.773950
 6.120000 -2.976373 -0.756093 7.380684
 6.140000 -2.883199 -1.019517 5.017674
 6.160000 -2.924469 -0.735240 7.774674
 6.180000 -2.726917 -0.848311 7.180099
 6.200000 -2.685833 -0.852502 7.337915
 6.220000 -2.756640 -0.699787 8.751609
 6.240000 -2.675420 -0.865230 7.256592
 6.260000 -2.631636 -0.982711 6.342291
 6.280000 -2.694933 -0.958193 6.228955
 6.300000 -2.607983 -1.162680 5.197840
 6.320000 -2.726656 -1.161293 4.643926
 6.340000 -2.861707 -1.074172 4.672420
 6.360000 -2.849687 -1.242037 3.837490
 6.380000 -2.859546 -1.193849 3.994076
 6.400000 -2.863201 -1.046716 4.865762
 6.420000 -2.659722 -1.005892 5.987808
 6.440000 -2.680189 -0.865398 7.228956
 6.460000 -2.667425 -0.859875 7.358589
 6.480000 -2.592494 -0.762458 8.961078
 6.500000 -2.569556 -0.874347 7.835351
 6.520000 -2.690802 -0.777428 8.156266
 6.540000 -2.669261 -0.886830 7.061429
 6.560000 -2.732926 -0.950356 6.128259
 6.580000 -2.736416 -0.861565 6.996043
 6.600000 -2.688900 -0.867942 7.155646
 6.620000 -2.638915 -0.893336 7.168425
 6.640000 -2.546110 -0.810532 8.743279
 6.660000 -2.531362 -0.822560 8.719104
 6.680000 -2.526451 -0.816674 8.828083
 6.700000 -2.684271 -0.716050 8.918213
 6.720000 -2.760587 -0.790119 7.677855
 6.740000 -2.885894 -0.917576 5.919087
 6.760000 -2.897448 -0.935245 5.717800
 6.780000 -3.026697 -0.974804 4.986864
 6.800000 -3.002044 -1.184514 3.548301
 6.820000 -3.041221 -1.101540 3.923593
 6.840000 -2.993155 -1.224306 3.386551
 6.860000 -2.758123 -1.223496 4.251602
 6.880000 -2.612902 -1.192817 5.026919
 6.900000 -2.495704 -1.191701 5.693164
 6.920000 -2.296423 -1.226120 6.784166
 6.940000 -2.409642 -1.152167 6.491613
 6.960000 -2.431274 -1.044164 7.177455
 6.980000 -2.412295 -1.242382 5.961245
 7.000000 -2.493719 -1.122254 6.119389
 7.020000 -2.615463 -1.152941 5.209377
 7.040000 -2.732492 -1.184650 4.510772
 7.060000 -3.001684 -1.028322 4.605388
 7.080000 3.128570 -1.052060 3.855898
 7.100000 -3.029458 -1.023574 4.557113
 7.120000 -2.949678 -0.906682 5.853315
 7.140000 -2.821413 -0.664874 8.923439
 7.160000 -2.642166 -0.862858 7.474472
 7.180000 -2.772866 -0.652080 9.257976
 7.200000 -2.629238 -0.728530 9.109313
 7.220000 -2.519741 -0.896814 7.963730
 7.240000 -2.635546 -0.816556 8.032924
 7.260000 -2.576831 -1.062412 6.012098
 7.280000 -2.700406 -1.006471 5.782703
 7.300000 -2.741722 -0.985272 5.780251
 7.320000 -2.721674 -0.918567 6.480261
 7.340000 -2.810175 -1.121295 4.540122
 7.360000 -2.946225 -1.014914 4.877406
 7.380000 -2.840605 -0.891050 6.312563
 7.400000 -2.751653 -0.956438 5.994949
 7.420000 -2.906265 -0.666953 8.635631
 7.440000 -2.766472 -0.875768 6.722897
 7.460000 -2.851845 -0.835996 6.852412
 7.480000 -2.723264 -0.930712 6.355473
 7.500000 -2.663460 -0.913344 6.821581
 7.520000 -2.608345 -1.145980 5.285026
 7.540000 -2.673579 -1.019487 5.805379
 7.560000 -2.588995 -1.038645 6.121578
 7.580000 -2.537627 -1.107394 5.935279
 7.600000 -2.505739 -1.092261 6.249962
 7.620000 -2.554003 -1.030719 6.408972
 7.640000 -2.495021 -1.107770 6.210607
 7.660000 -2.612571 -1.024721 6.093234
 7.680000 -2.721538 -0.911919 6.546275
 7.700000 -2.616442 -1.123410 5.371662
 7.720000 -2.876404 -0.974516 5.416811
 7.740000 -2.910235 -1.016961 4.961593
 7.760000 -2.928434 -1.225348 3.616274
 7.780000 -2.947742 -1.176816 3.775965
 7.800000 -2.949521 -1.179887 3.754056
 7.820000 -2.787649 -1.273932 3.977083
 7.840000 -2.658940 -1.308043 4.439710
 7.860000 -2.618273 -1.200229 4.966947
 7.880000 -2.298488 -1.417478 6.040281
 7.900000 -2.466439 -1.223821 5.714762
 7.920000 -2.435013 -1.213386 5.961059
 7.940000 -2.352409 -1.368918 5.859779
 7.960000 -2.412516 -1.299517 5.727461
 7.980000 -2.426728 -1.256793 5.808437
 8.000000 -2.430498 -1.339167 5.507319
 8.020000 -2.652590 -1.309270 4.465570
 8.040000 -2.804320 -1.122645 4.552795
 8.060000 -2.689937 -1.390743 4.195190
 8.080000 -2.885558 -1.031064 4.919501
 8.100000 -2.903562 -1.173332 3.942051
 8.120000 -2.807898 -1.100187 4.676499
 8.140000 -2.696682 -0.950022 6.295966
 8.160000 -2.689544 -0.770192 8.247278
 8.180000 -2.576954 -0.872706 7.800167
 8.200000 -2.711018 -0.754808 8.313781
 8.220000 -2.708658 -0.801769 7.783765
 8.240000 -2.728556 -0.800150 7.705330
 8.260000 -2.859898 -0.847599 6.704837
 8.280000 -2.966189 -0.903254 5.841645
 8.300000 -2.998898 -1.074713 4.254536
 8.320000 -3.080476 -1.023974 4.379095
 8.340000 -3.032873 -1.100451 3.959541
 8.360000 -2.885959 -1.133813 4.215320
 8.380000 -2.811089 -1.220078 4.059462
 8.400000 -2.707421 -1.027722 5.579728
 8.420000 -2.534278 -1.118103 5.884964
 8.440000 -2.574567 -1.161962 5.384117
 8.460000 -2.565004 -1.154206 5.480864
 8.480000 -2.561118 -1.355506 4.805088
 8.500000 -2.496815 -1.378711 5.081713
 8.520000 -2.544625 -1.291457 5.025038
 8.540000 -2.519042 -1.590593 4.892759
 8.560000 -2.616848 -1.449414 4.478138
 8.580000 -2.565323 -1.428266 4.708585
 8.600000 -2.542601 -1.449747 4.798835
 8.620000 -2.547672 -1.448332 4.776799
 8.640000 -2.386450 -1.254957 6.062697
 8.660000 -2.545031 -1.141352 5.672695
 8.680000 -2.565761 -1.087309 5.898776
 8.700000 -2.856228 -1.006958 5.198756
 8.720000 -2.884695 -1.100014 4.427918
 8.740000 -2.961850 -1.119445 4.063630
 8.760000 -3.056034 -1.092835 3.934040
 8.780000 -3.110051 -1.120175 3.545942
 8.800000 -2.984128 -1.097049 4.142215
 8.820000 -2.855730 -0.856806 6.619938
 8.840000 -2.705358 -0.921143 6.530470
 8.860000 -2.536609 -0.859660 8.247988
 8.880000 -2.496632 -0.761814 9.736619
 8.900000 -2.516644 -0.784373 9.294012
 8.920000 -2.449650 -0.797393 9.715084
 8.940000 -2.605015 -0.647037 10.257038
 8.960000 -2.622079 -0.702287 9.473167
 8.980000 -2.564262 -0.819800 8.494547
 9.000000 -2.641643 -0.621879 10.306240
 9.020000 -2.715833 -0.696492 8.982753
 9.040000 -2.570394 -0.743614 9.353140
 9.060000 -2.674478 -0.529858 11.175210
 9.080000 -2.603659 -0.624334 10.536354
 9.100000 -2.539641 -0.654044 10.679282
 9.120000 -2.704232 -0.757390 8.318487
 9.140000 -2.874399 -0.810767 7.061058
 9.160000 -2.921627 -0.952817 5.488196
 9.180000 -2.973597 -0.993850 4.978163
 9.200000 -3.012883 -1.053518 4.370341
 9.220000 -2.888384 -1.323220 3.466567
 9.240000 -2.921135 -1.320964 3.341081
 9.260000 -2.938312 -1.270315 3.413357
 9.280000 -2.793276 -1.489321 3.756582
 9.300000 -2.792897 -1.594176 3.823287
 9.320000 -2.699693 -1.426258 4.137279
 9.340000 -2.400328 -1.782691 5.323416
 9.360000 -2.433712 -1.756671 5.201451
 9.380000 -2.603038 -1.777651 4.526138
 9.400000 -2.568195 -2.103649 3.866928
 9.420000 -2.651596 -2.094070 3.713706
 9.440000 -2.583571 -2.223692 3.601415
 9.460000 -2.471357 -2.384627 4.006488
 9.480000 -2.456837 -2.505292 4.881402
 9.500000 -2.539551 -2.550671 5.301806
 9.520000 -2.589814 -2.638503 6.648857
 9.540000 -2.681203 -2.855749 11.813328
 9.560000 -2.865668 -3.083312 17.504853
 9.580000 -2.781784 -2.981826 15.196446
 9.600000 -2.796358 -3.127329 19.021437
 9.620000 -2.811726 2.950305 22.747739
 9.640000 -2.630880 2.780795 24.501988
 9.660000 -2.738255 2.677141 25.113261
 9.680000 -2.660942 2.720567 24.781845
 9.700000 -2.691902 2.555975 25.480736
 9.720000 -2.773413 2.451503 26.231665
 9.740000 -2.720487 2.382345 26.050850
 9.760000 -2.655362 2.350655 25.717676
 9.780000 -2.660605 2.426560 25.657938
 9.800000 -2.555739 2.451812 25.396617
 9.820000 -2.524255 2.430714 25.433036
 9.840000 -2.413415 2.494472 25.945758
 9.860000 -2.259915 2.494922 27.309823
 9.880000 -2.378082 2.368598 25.948552
 9.900000 -2.224381 2.417379 27.192062
 9.920000 -2.417729 2.463751 25.876327
 9.940000 -2.316493 2.526450 26.866941
 9.960000 -2.405025 2.510743 26.029308
 9.980000 -2.490221 2.539064 25.510179
 10.000000 -2.472484 2.732386 25.388919
 10.020000 -2.566489 2.782058 24.655189
 10.040000 -2.655405 2.817093 24.261894
 10.060000 -2.699583 2.919415 23.355129
 10.080000 -2.621965 3.038200 21.935143
 10.100000 -2.848900 3.088662 20.220971
 10.120000 -2.739142 -3.035775 16.881917
 10.140000 -3.044004 3.086303 17.988534
 10.160000 -3.053984 -2.872250 9.854681
 10.180000 -3.018976 -2.759825 7.581838
 10.200000 -3.064113 -2.645969 5.150650
 10.220000 -2.981894 -2.452452 3.543003
 10.240000 -2.882515 -2.347224 3.320234
 10.260000 -2.984947 -2.217081 2.961235
 10.280000 -2.790528 -2.161624 3.367472
 10.300000 -2.549225 -1.984577 4.275290
 10.320000 -2.619240 -2.092246 3.782368
 10.340000 -2.449742 -2.002271 4.567117
 10.360000 -2.545831 -2.066678 4.031935
 10.380000 -2.565516 -2.054883 4.014515
 10.400000 -2.403112 -2.004530 4.754187
 10.420000 -2.342343 -2.110760 4.640339
 10.440000 -2.343989 -2.011788 5.003559
 10.460000 -2.347088 -2.084999 4.714310
 10.480000 -2.429967 -2.248688 3.939615
 10.500000 -2.614883 -2.306238 3.572714
 10.520000 -2.826495 -2.342647 3.400013
 10.540000 -3.060617 -2.624574 4.869431
 10.560000 -3.022474 -2.643628 5.392115
 10.580000 -2.932137 -2.603014 5.265400
 10.600000 -3.122336 -2.876076 9.049138
 10.620000 -2.927045 -2.870275 11.101057
 10.640000 -3.011200 -3.083275 15.905268
 10.660000 -2.956834 -3.138283 17.972417
 10.680000 -2.820942 3.113135 19.869860
 10.700000 -2.811809 3.021956 21.673302
 10.720000 -2.835413 2.843007 23.902731
 10.740000 -2.533678 2.995703 22.940102
 10.760000 -2.643532 2.911228 23.534014
 10.780000 -2.474722 2.765332 25.267427
 10.800000 -2.351633 2.739069 26.686583
 10.820000 -2.383418 2.690757 26.344290
 10.840000 -2.135920 2.741618 29.872926
 10.860000 -2.097117 2.598849 29.602117
 10.880000 -2.148284 2.456637 28.001626
 10.900000 -2.211619 2.432565 27.378222
 10.920000 -2.118195 2.421321 27.865163
 10.940000 -2.440341 2.338405 25.611575
 10.960000 -2.230071 2.294333 26.495015
 10.980000 -2.369087 2.205897 25.733945
 11.000000 -2.429101 2.254368 25.575419
 11.020000 -2.425566 2.177104 25.567183
 11.040000 -2.542190 2.084430 25.538315
 11.060000 -2.583884 2.084269 25.578452
 11.080000 -2.505128 2.196630 25.438403
 11.100000 -2.679622 2.191448 25.870277
 11.120000 -2.724656 2.122779 26.103386
 11.140000 -2.752971 2.329546 26.321720
 11.160000 -2.899016 2.265718 27.208058
 11.180000 -2.725745 2.374477 26.094979
 11.200000 -2.692977 2.464370 25.739361
 11.220000 -2.580603 2.601236 25.180772
 11.240000 -2.495209 2.754650 25.149097
 11.260000 -2.331818 2.941356 25.678649
 11.280000 -2.387412 2.912662 25.250908
 11.300000 -2.217764 2.997658 26.626264
 11.320000 -2.357094 -3.069221 19.429545
 11.340000 -2.425829 -2.957192 15.476826
 11.360000 -2.419152 -2.928417 14.606107
 11.380000 -2.498122 -2.841036 11.686561
 11.400000 -2.463305 -2.743223 9.100519
 11.420000 -2.400556 -2.610304 6.424617
 11.440000 -2.434879 -2.626161 6.629047
 11.460000 -2.400924 -2.499538 4.937055
 11.480000 -2.412947 -2.551876 5.515204
 11.500000 -2.449526 -2.477362 4.627853
 11.520000 -2.614639 -2.535055 5.029353
 11.540000 -2.650658 -2.459192 4.226192
 11.560000 -2.991119 -2.636519 5.471780
 11.580000 -2.884532 -2.684832 6.890922
 11.600000 -3.052682 -2.703819 6.186179
 11.620000 -3.062333 -2.790659 7.843541
 11.640000 -2.847092 -2.808660 9.961550
 11.660000 -2.845643 -3.031424 16.257663
 11.680000 -2.769022 -2.950047 14.324289
 11.700000 -2.731154 -3.039817 17.018375
 11.720000 -2.798723 3.109287 20.065619
 11.740000 -2.784745 2.884111 23.596469
 11.760000 -2.635189 2.992094 22.604869
 11.780000 -2.773236 2.887243 23.583494
 11.800000 -2.553668 2.734927 24.895168
 11.820000 -2.617238 2.750245 24.668389
 11.840000 -2.415371 2.670923 26.012649
 11.860000 -2.354136 2.585970 26.615191
 11.880000 -2.393180 2.369571 25.867045
 11.900000 -2.460357 2.403519 25.596654
 11.920000 -2.426167 2.495855 25.859949
 11.940000 -2.426341 2.403581 25.747559
 11.960000 -2.497765 2.382730 25.476806
 11.980000 -2.380207 2.281343 25.776373
 12.000000 -2.534230 2.514090 25.375849
 12.020000 -2.459476 2.568511 25.676198
 12.040000 -2.510469 2.456899 25.455613
 12.060000 -2.397143 2.435284 25.963349
 12.080000 -2.301911 2.590067 27.219883
 12.100000 -2.426882 2.660943 25.907717
 12.120000 -2.541812 2.557323 25.317026
 12.140000 -2.597778 2.644118 25.062041
 12.160000 -2.687312 2.600695 25.309986
 12.180000 -2.693947 2.692919 24.944211
 12.200000 -2.654032 2.783640 24.464459
 12.220000 -2.854976 2.785037 24.409481
 12.240000 -2.664107 2.980484 22.695942
 12.260000 -2.705896 3.024854 21.951925
 12.280000 -2.720112 3.065813 21.207175
 12.300000 -2.572687 3.079833 21.343368
 12.320000 -2.670619 -2.944301 14.426992
 12.340000 -2.635065 -2.875879 12.473429
 12.360000 -2.458796 -2.857106 12.260114
 12.380000 -2.561901 -2.881311 12.746682
 12.400000 -2.488682 -2.606273 6.195046
 12.420000 -2.352889 -2.504169 5.107841
 12.440000 -2.401122 -2.599589 6.244685
 12.460000 -2.287026 -2.526387 5.560203
 12.480000 -2.375786 -2.379840 4.222507
 12.500000 -2.664066 -2.445266 4.105327
 12.520000 -2.498048 -2.462884 4.425478
 12.540000 -2.663201 -2.391342 3.780615
 12.560000 -2.835479 -2.505497 4.381850
 12.580000 -2.781280 -2.443904 3.956366
 12.600000 -2.904481 -2.512612 4.270102
 12.620000 -3.041352 -2.471967 3.449631
 12.640000 -2.945559 -2.538589 4.396412
 12.660000 -3.049611 -2.649662 5.306108
 12.680000 -2.958855 -2.721431 7.224086
 12.700000 -2.738670 -2.717549 8.085772
 12.720000 -2.887499 -2.838180 10.518051
 12.740000 -2.679304 -2.919705 13.683247
 12.760000 -2.668413 -3.015831 16.507932
 12.780000 -2.591502 -2.994425 16.050964
 12.800000 -2.451773 -3.074251 18.850696
 12.820000 -2.415824 3.026933 23.355232
 12.840000 -2.546622 3.018850 22.525411
 12.860000 -2.487147 2.942985 23.922224
 12.880000 -2.482687 2.785390 25.125960
 12.900000 -2.550479 2.559076 25.296593
 12.920000 -2.399497 2.522633 26.089207
 12.940000 -2.558425 2.501624 25.353374
 12.960000 -2.503817 2.355813 25.459531
 12.980000 -2.408733 2.320413 25.712692
 13.000000 -2.567038 2.295717 25.458919
 13.020000 -2.464481 2.230990 25.482619
 13.040000 -2.467158 2.291131 25.499283
 13.060000 -2.557290 2.210664 25.452554
 13.080000 -2.387976 2.189446 25.668085
 13.100000 -2.247317 2.216790 26.151808
 13.120000 -2.532776 2.223151 25.430216
 13.140000 -2.439614 2.269341 25.555180
 13.160000 -2.540690 2.288278 25.432486
 13.180000 -2.611480 2.391585 25.517728
 13.200000 -2.431026 2.534738 25.860617
 13.220000 -2.587883 2.532467 25.305826
 13.240000 -2.681690 2.515884 25.560062
 13.260000 -2.683213 2.668636 25.033824
 13.280000 -2.750067 2.743818 24.747505
 13.300000 -2.775350 2.739153 24.806371
 13.320000 -2.562526 2.884021 24.033622
 13.340000 -2.805390 2.965324 22.566248
 13.360000 -2.660522 -3.001752 16.123581
 13.380000 -2.625865 -2.903500 13.300526
 13.400000 -2.792031 -2.884437 12.322243
 13.420000 -2.518368 -2.652340 6.989537
 13.440000 -2.663723 -2.588653 5.724487
 13.460000 -2.522064 -2.535813 5.132322
 13.480000 -2.378479 -2.494563 4.943678
 13.500000 -2.316506 -2.394820 4.469732
 13.520000 -2.343724 -2.395374 4.379895
 13.540000 -2.248706 -2.324463 4.589180
 13.560000 -2.275163 -2.323371 4.475842
 13.580000 -2.305209 -2.196594 4.522663
 13.600000 -2.143610 -2.206191 5.275631
 13.620000 -2.482840 -2.256843 3.787147
 13.640000 -2.495171 -2.113801 4.038590
 13.660000 -2.694401 -2.341182 3.558696
 13.680000 -2.703972 -2.298998 3.459255
 13.700000 -2.761303 -2.308618 3.409436
 13.720000 -2.880501 -2.455096 3.847501
 13.740000 -2.931063 -2.590610 5.093971
 13.760000 -3.014716 -2.668651 5.848966
 13.780000 -2.927684 -2.782030 8.803813
 13.800000 -3.031177 -2.959232 12.392423
 13.820000 -2.836396 -2.922869 13.216368
 13.840000 -2.841629 -2.999818 15.399159
 13.860000 -2.734934 -3.037630 16.946451
 13.880000 -2.621751 -3.085160 18.496475
 13.900000 -2.677842 -3.042620 17.234344
 13.920000 -2.570973 -3.097943 18.959293
 13.940000 -2.578039 3.000074 22.672252
 13.960000 -2.546999 2.898383 23.987115
 13.980000 -2.555202 2.827133 24.464549
 14.000000 -2.549685 2.763148 24.806396
 14.020000 -2.754241 2.683480 25.115865
 14.040000 -2.680422 2.569621 25.395839
 14.060000 -2.646984 2.554056 25.344989
 14.080000 -2.619259 2.609183 25.154931
 14.100000 -2.550571 2.562636 25.291735
 14.120000 -2.594213 2.661310 25.017884
 14.140000 -2.650307 2.604419 25.207619
 14.160000 -2.644636 2.549704 25.350454
 14.180000 -2.638169 2.388369 25.611189
 14.200000 -2.717049 2.555816 25.582005
 14.220000 -2.592881 2.632441 25.097028
 14.240000 -2.580463 2.758814 24.711277
 14.260000 -2.588201 2.761650 24.677268
 14.280000 -2.443838 2.774923 25.510311
 14.300000 -2.510064 3.078804 21.651118
 14.320000 -2.510273 -3.130270 20.002850
 14.340000 -2.553421 -3.103471 19.156992
 14.360000 -2.589867 3.113671 20.592289
 14.380000 -2.748908 -3.038135 16.914500
 14.400000 -2.755147 -2.891638 12.666577
 14.420000 -3.013168 -2.881523 10.567906
 14.440000 -3.102217 -2.849742 8.713381
 14.460000 -3.137697 -2.799492 7.191521
 14.480000 -3.134932 -2.579536 3.857094
 14.500000 -2.954338 -2.484830 3.862934
 14.520000 -2.892146 -2.390199 3.453139
 14.540000 -2.770889 -2.357294 3.522136
 14.560000 -2.688944 -2.248982 3.439896
 14.580000 -2.627862 -2.224740 3.528931
 14.600000 -2.667244 -2.335622 3.572545
 14.620000 -2.516239 -2.373001 3.882760
 14.640000 -2.622776 -2.439648 4.105863
 14.660000 -2.470855 -2.570363 5.663809
 14.680000 -2.530644 -2.792805 10.275038
 14.700000 -2.421773 -2.662762 7.357778
 14.720000 -2.417786 -2.910245 14.041880
 14.740000 -2.318907 -2.777589 10.504498
 14.760000 -2.527957 -2.856143 12.066684
 14.780000 -2.553828 -2.878006 12.662799
 14.800000 -2.634744 -3.018299 16.647112
 14.820000 -2.707806 -3.004362 16.089484
 14.840000 -2.759364 -2.982864 15.314122
 14.860000 -2.735836 -3.031126 16.763623
 14.880000 -2.796260 -3.110349 18.610494
 14.900000 -2.676423 -3.123123 19.314900
 14.920000 -2.718159 3.134261 19.806560
 14.940000 -2.774118 -3.112408 18.759378
 14.960000 -2.753736 3.128784 19.820230
 14.980000 -2.856301 -3.109751 18.241858
 15.000000 -2.839107 -3.024613 16.111112
 15.020000 -2.778612 -2.980094 15.159676
 15.040000 -2.859618 -3.023594 15.945791
 15.060000 -2.683263 -2.870489 12.233857
 15.080000 -2.622837 -2.777568 9.751407
 15.100000 -2.494523 -2.820967 11.118096
 15.120000 -2.471701 -2.786526 10.211065
 15.140000 -2.451134 -2.569429 5.682864
 15.160000 -2.529876 -2.658518 7.097597
 15.180000 -2.400835 -2.481778 4.770278
 15.200000 -2.484334 -2.660975 7.206545
 15.220000 -2.561948 -2.382818 3.854630
 15.240000 -2.554094 -2.415467 4.026417
 15.260000 -2.670749 -2.573155 5.483995
 15.280000 -2.644270 -2.469033 4.314445
 15.300000 -2.758873 -2.426583 3.871438
 15.320000 -2.829469 -2.509536 4.435947
 15.340000 -2.921169 -2.539848 4.499699
 15.360000 -2.959301 -2.513985 4.097441
 15.380000 -3.042632 -2.564189 4.233928
 15.400000 -2.965779 -2.472603 3.731967
 15.420000 -3.019086 -2.536925 4.068671
 15.440000 -2.903366 -2.487516 4.042940
 15.460000 -2.739559 -2.435167 3.952037
 15.480000 -2.751021 -2.446190 4.015015
 15.500000 -2.551629 -2.402121 3.957772
 15.520000 -2.620803 -2.425361 4.012275
 15.540000 -2.484108 -2.486042 4.647054
 15.560000 -2.511841 -2.451047 4.314297
 15.580000 -2.492338 -2.506910 4.841614
 15.600000 -2.413157 -2.611632 6.419032
 15.620000 -2.392141 -2.707474 8.410393
 15.640000 -2.287858 -2.643215 7.384831
 15.660000 -2.398903 -2.774358 10.080796
 15.680000 -2.340670 -2.889211 13.792146
 15.700000 -2.483698 -2.993541 16.334097
 15.720000 -2.503648 -2.936661 14.539474
 15.740000 -2.682365 -3.096977 18.658786
 15.760000 -2.704998 -3.069724 17.898306
 15.780000 -2.808980 3.109815 20.004564
 15.800000 -2.741067 3.134937 19.723847
 15.820000 -2.778007 3.092804 20.499372
 15.840000 -2.718266 2.940057 23.097570
 15.860000 -2.607910 2.990845 22.698477
 15.880000 -2.703403 2.875328 23.776170
 15.900000 -2.555665 2.984007 22.992730
 15.920000 -2.745620 2.924936 23.225010
 15.940000 -2.730302 2.969690 22.707202
 15.960000 -2.643601 3.005648 22.389883
 15.980000 -2.528169 3.089321 21.344718
 16.000000 -2.614806 3.081660 21.171467
 16.020000 -2.585888 -3.130889 19.729819
 16.040000 -2.728868 -3.105770 18.754889
 16.060000 -2.799726 3.121875 19.786834
 16.080000 -2.672508 -3.071702 18.029617
 16.100000 -2.879852 -3.118197 18.269406
 16.120000 -2.787877 -3.064239 17.466722
 16.140000 -2.827896 -2.981480 14.958735
 16.160000 -2.844566 -2.858980 11.346534
 16.180000 -2.862183 -2.875808 11.717367
 16.200000 -2.867833 -2.816561 10.059135
 16.220000 -2.891933 -2.704891 7.265033
 16.240000 -2.723873 -2.628052 6.293690
 16.260000 -2.732477 -2.680929 7.298677
 16.280000 -2.712866 -2.610535 6.010482
 16.300000 -2.680330 -2.586451 5.670884
 16.320000 -2.778213 -2.506975 4.508933
 16.340000 -2.543601 -2.543113 5.199117
 16.360000 -2.540535 -2.645010 6.822678
 16.380000 -2.615827 -2.520963 4.860528
 16.400000 -2.490424 -2.515282 4.934709
 16.420000 -2.511235 -2.525104 5.017450
 16.440000 -2.621345 -2.643559 6.711861
 16.460000 -2.661044 -2.567214 5.409532
 16.480000 -2.736004 -2.598660 5.779726
 16.500000 -2.875284 -2.708004 7.411108
 16.520000 -2.718665 -2.742017 8.704853
 16.540000 -2.943442 -2.736173 7.639923
 16.560000 -2.986360 -2.803245 8.861411
 16.580000 -2.789375 -2.828871 10.762989
 16.600000 -2.825846 -2.789427 9.559188
 16.620000 -2.658941 -2.969015 15.177356
 16.640000 -2.545346 -2.863739 12.257546
 16.660000 -2.633130 -2.763750 9.381855
 16.680000 -2.597261 -2.833230 11.301892
 16.700000 -2.480547 -2.970857 15.659038
 16.720000 -2.638820 -2.925405 13.927670
 16.740000 -2.499952 -2.823346 11.174480
 16.760000 -2.553676 -2.899808 13.311378
 16.780000 -2.643216 -3.040201 17.242250
 16.800000 -2.484396 -2.957395 15.234062
 16.820000 -2.582730 -2.898412 13.219185
 16.840000 -2.662521 -2.995068 15.927233
 16.860000 -2.611424 -2.866364 12.231833
 16.880000 -2.709444 -2.899150 13.013260
 16.900000 -2.728015 -2.809381 10.417310
 16.920000 -2.787970 -2.830620 10.816488
 16.940000 -2.857752 -2.808712 9.907445
 16.960000 -2.868334 -2.811510 9.922805
 16.980000 -2.785143 -2.695946 7.488622
 17.000000 -2.865999 -2.784893 9.249085
 17.020000 -2.770758 -2.787290 9.710404
 17.040000 -2.833115 -2.742532 8.371005
 17.060000 -2.836035 -2.756261 8.685857
 17.080000 -2.822965 -2.755879 8.731220
 17.100000 -2.968819 -2.762779 8.054890
 17.120000 -2.837944 -2.601739 5.593393
 17.140000 -2.811979 -2.675332 6.980822
 17.160000 -2.790733 -2.693235 7.414646
 17.180000 -2.772106 -2.581284 5.447295
 17.200000 -2.743055 -2.591037 5.648407
 17.220000 -2.707919 -2.725983 8.344123
 17.240000 -2.604934 -2.637542 6.615811
 17.260000 -2.645831 -2.705233 7.961054
 17.280000 -2.772803 -2.860872 11.720935
 17.300000 -2.734594 -2.773568 9.455678
 17.320000 -2.748246 -2.896063 12.817294
 17.340000 -2.662422 -2.861070 11.999758
 17.360000 -2.497600 -2.922248 14.117880
 17.380000 -2.562299 -2.898494 13.256343
 17.400000 -2.467683 -2.941851 14.817322
 17.420000 -2.556647 -3.104429 19.170471
 17.440000 -2.773030 3.103299 20.301415
 17.460000 -2.752451 3.048031 21.440570
 17.480000 -2.890054 3.101594 19.639600
 17.500000 -2.955688 2.972799 21.392687
 17.520000 -2.801433 2.977075 22.414406
 17.540000 -2.926786 2.982998 21.529899
 17.560000 -2.807669 3.136508 19.418070
 17.580000 -2.706110 -3.102802 18.745014
 17.600000 -2.733382 3.071079 21.073297
 17.620000 -2.561862 -3.122639 19.607118
 17.640000 -2.638256 -3.056859 17.708558
 17.660000 -2.752068 -3.105656 18.676675
 17.680000 -2.680458 -3.093310 18.570564
 17.700000 -2.697676 -3.046798 17.301519
 17.720000 -2.766381 -3.115224 18.859034
 17.740000 -2.648386 -2.869190 12.257774
 17.760000 -2.749470 -2.863514 11.872968
 17.780000 -2.641680 -2.821727 10.917946
 17.800000 -2.471307 -2.737483 8.942797
 17.820000 -2.618356 -2.725969 8.471758
 17.840000 -2.601998 -2.671276 7.278598
 17.860000 -2.672584 -2.743200 8.815012
 17.880000 -2.693616 -2.772382 9.511356
 17.900000 -2.777424 -2.802866 10.099915
 17.920000 -2.776419 -2.733080 8.348257
 17.940000 -2.982167 -2.889371 11.108261
 17.960000 -2.801645 -2.773003 9.237660
 17.980000 -2.774837 -2.792133 9.824126
 18.000000 -2.703015 -2.683089 7.398006
 18.020000 -2.593997 -2.762397 9.395351
 18.040000 -2.679337 -2.817053 10.728070
 18.060000 -2.628877 -2.762478 9.354958
 18.080000 -2.708865 -2.816831 10.664351
 18.100000 -2.822986 -2.950880 14.103002
 18.120000 -2.865578 -2.989478 14.945115
 18.140000 -2.726265 -2.815840 10.597729
 18.160000 -2.821872 -3.073324 17.533356
 18.180000 -2.592632 -2.938655 14.401323
 18.200000 -2.671557 -2.819419 10.806816
 18.220000 -2.750238 -2.865830 11.936974
 18.240000 -2.674845 -2.782355 9.802004
 18.260000 -2.823790 -2.892121 12.397083
 18.280000 -2.902686 -2.891469 11.879671
 18.300000 -2.915151 -2.898625 11.981805
 18.320000 -3.005304 -2.957342 12.676997
 18.340000 -2.991547 -3.088878 16.323793
 18.360000 -2.824354 -2.937478 13.706523
 18.380000 -2.771278 -2.870089 11.989643
 18.400000 -2.648286 -2.917617 13.680204
 18.420000 -2.571023 -2.852055 11.876253
 18.440000 -2.705991 -2.829251 11.014358
 18.460000 -2.605668 -2.601214 5.983715
 18.480000 -2.712409 -2.761275 9.193073
 18.500000 -2.691096 -2.679136 7.334062
 18.520000 -2.578721 -2.648958 6.857994
 18.540000 -2.631838 -2.711032 8.108924
 18.560000 -2.488639 -2.789347 10.252697
 18.580000 -2.586363 -2.786289 10.026384
 18.600000 -2.534219 -2.759103 9.384866
 18.620000 -2.602584 -2.787595 10.040960
 18.640000 -2.534850 -2.843542 11.688098
 18.660000 -2.621992 -2.838881 11.427757
 18.680000 -2.618674 -2.760436 9.315885
 18.700000 -2.770698 -2.838163 11.087632
 18.720000 -2.772681 -2.704460 7.708074
 18.740000 -2.861281 -2.877632 11.774270
 18.760000 -2.906647 -2.854440 10.826823
 18.780000 -2.868347 -2.892528 12.151255
 18.800000 -2.883361 -2.942896 13.484769
 18.820000 -2.873729 -3.003604 15.284335
 18.840000 -2.907850 -2.976807 14.250669
 18.860000 -2.744105 -2.988006 15.514859
 18.880000 -2.728014 -2.955294 14.612972
 18.900000 -2.532687 -2.801050 10.496020
 18.920000 -2.608568 -2.907817 13.456609
 18.940000 -2.546826 -2.743721 8.982486
 18.960000 -2.680943 -2.724757 8.361138
 18.980000 -2.651865 -2.722136 8.340788
 19.000000 -2.608851 -2.821429 10.955362
 19.020000 -2.649101 -2.786458 9.949273
 19.040000 -2.535538 -2.714918 8.306606
 19.060000 -2.677000 -2.739092 8.708566
 19.080000 -2.626103 -2.750076 9.046863
 19.100000 -2.693330 -2.564275 5.330383
 19.120000 -2.695089 -2.607347 5.983819
 19.140000 -2.795021 -2.675041 7.026002
 19.160000 -2.761181 -2.488800 4.356258
 19.180000 -2.960382 -2.605859 5.175348
 19.200000 -2.956357 -2.531308 4.278298
 19.220000 -2.941528 -2.690477 6.706848
 19.240000 -2.924432 -2.664169 6.303984
 19.260000 -2.830179 -2.728874 8.066156
 19.280000 -2.743785 -2.806702 10.304585
 19.300000 -2.722183 -2.798127 10.127852
 19.320000 -2.611872 -2.799452 10.347431
 19.340000 -2.661960 -2.856481 11.868561
 19.360000 -2.708702 -2.829046 11.002792
 19.380000 -2.624464 -2.879748 12.602976
 19.400000 -2.766802 -2.954274 14.455978
 19.420000 -2.616638 -2.847058 11.667990
 19.440000 -2.646193 -3.003042 16.189529
 19.460000 -2.612195 -2.926126 13.994679
 19.480000 -2.656822 -3.028186 16.879988
 19.500000 -2.433202 -2.936980 14.808876
 19.520000 -2.501740 -3.059919 18.193073
 19.540000 -2.427102 -3.008769 17.070779
 19.560000 -2.590687 -2.992783 16.004863
 19.580000 -2.700013 -2.923885 13.761802
 19.600000 -2.636497 -2.943928 14.480588
 19.620000 -2.733721 -3.029098 16.713799
 19.640000 -2.705388 -2.848004 11.543757
 19.660000 -2.818860 -2.904839 12.788724
 19.680000 -2.802507 -2.711232 7.768475
 19.700000 -2.882215 -2.867739 11.363504
 19.720000 -2.761977 -2.637958 6.398036
 19.740000 -2.894354 -2.707787 7.313649
 19.760000 -2.883307 -2.717678 7.580511
 19.780000 -2.851318 -2.623898 5.907176
 19.800000 -2.830467 -2.668502 6.784927
 19.820000 -2.709749 -2.588742 5.666532
 19.840000 -2.639239 -2.657163 6.955258
 19.860000 -2.524796 -2.603514 6.103528
 19.880000 -2.496559 -2.718398 8.440820
 19.900000 -2.412989 -2.573371 5.813784
 19.920000 -2.523572 -2.790437 10.221896
 19.940000 -2.449646 -2.569406 5.685133
 19.960000 -2.624105 -2.655428 6.937318
 19.980000 -2.630975 -2.787244 9.995287
 20.000000 -2.641421 -2.814143 10.708557
