#! FIELDS time phi psi metad.bias
#! SET min_phi -pi
#! SET max_phi pi
#! SET min_psi -pi
#! SET max_psi pi
 0.000000 3.141580 -3.141577 19.664816
 0.020000 -2.801906 2.713259 22.292324
 0.040000 -2.784355 2.738858 22.603484
 0.060000 -2.736554 2.717508 23.091008
 0.080000 -2.721395 2.725659 23.316974
 0.100000 -2.732141 2.700203 23.066517
 0.120000 -2.744537 2.742212 23.095343
 0.140000 -2.796988 2.675941 22.168348
 0.160000 -2.820078 2.665963 21.857032
 0.180000 -2.748842 2.722228 22.959941
 0.200000 -2.706364 2.665229 23.215537
 0.220000 -2.777528 2.663328 22.327507
 0.240000 -2.785623 2.710637 22.468435
 0.260000 -2.780119 2.718147 22.566472
 0.280000 -2.758925 2.685199 22.663716
 0.300000 -2.736083 2.610822 22.520173
 0.320000 -2.715398 2.622791 22.854420
 0.340000 -2.790519 2.705862 22.389622
 0.360000 -2.842185 2.617926 21.346337
 0.380000 -2.823797 2.653441 21.748331
 0.400000 -2.905252 2.598037 20.600462
 0.420000 -2.861700 2.692578 21.548405
 0.440000 -2.884566 2.745584 21.546095
 0.460000 -2.883411 2.739398 21.533747
 0.480000 -2.769502 2.753930 22.836822
 0.500000 -2.726652 2.783750 23.467247
 0.520000 -2.748392 2.721931 22.964174
 0.540000 -2.701340 2.738739 23.630351
 0.560000 -2.863453 2.778315 21.872799
 0.580000 -2.818381 2.806845 22.436284
 0.600000 -2.798758 2.760973 22.519402
 0.620000 -2.882176 2.601700 20.842064
 0.640000 -2.732639 2.738295 23.227702
 0.660000 -2.771515 2.871530 23.112513
 0.680000 -2.727163 2.898396 23.684753
 0.700000 -2.653794 2.642379 23.783553
 0.720000 -2.731381 2.729224 23.206135
 0.740000 -2.698091 2.848011 23.993677
 0.760000 -2.835061 2.898765 22.420386
 0.780000 -2.935303 2.866705 21.392513
 0.800000 -2.884112 2.796700 21.720074
 0.820000 -2.849741 2.797468 22.071939
 0.840000 -2.836230 2.810839 22.250482
 0.860000 -2.763235 2.772775 22.978109
 0.880000 -2.858496 2.696899 21.601945
 0.900000 -2.763697 2.801491 23.060135
 0.920000 -2.818268 2.681166 21.955795
 0.940000 -2.864925 2.595030 20.971226
 0.960000 -2.866627 2.668653 21.378157
 0.980000 -2.875797 2.794357 21.795969
 1.000000 -2.895164 2.727289 21.369831
 1.020000 -2.736726 2.625203 22.601384
 1.040000 -2.737023 2.513072 21.828320
 1.060000 -2.640010 2.591076 23.650092
 1.080000 -2.573232 2.586367 24.566467
 1.100000 -2.713804 2.396983 21.176906
 1.120000 -2.717383 2.328470 20.545690
 1.140000 -2.711279 2.290216 20.290866
 1.160000 -2.728490 2.417005 21.164465
 1.180000 -2.811068 2.274865 19.031840
 1.200000 -2.702549 2.190981 19.562520
 1.220000 -2.769895 2.360968 20.206425
 1.240000 -2.688052 2.241493 20.162238
 1.260000 -2.697864 2.163879 19.403767
 1.280000 -2.790629 2.202876 18.650374
 1.300000 -2.717117 2.211735 19.555411
 1.320000 -2.777796 2.312002 19.702112
 1.340000 -2.912685 2.320459 18.457101
 1.360000 -2.921253 2.346286 18.595020
 1.380000 -2.839248 2.447550 20.171745
 1.400000 -2.896705 2.569012 20.494861
 1.420000 -2.632527 2.611971 23.890115
 1.440000 -2.574013 2.631538 24.847092
 1.460000 -2.511452 2.732234 26.304843
 1.480000 -2.419876 2.814858 27.992223
 1.500000 -2.508236 2.938186 26.740539
 1.520000 -2.655482 2.789361 24.421341
 1.540000 -2.650660 2.842566 24.617280
 1.560000 -2.755778 2.912204 23.338763
 1.580000 -2.877501 2.911206 21.989289
 1.600000 -2.817354 2.912493 22.623512
 1.620000 -2.959059 2.869145 21.187633
 1.640000 -2.820491 3.026046 22.502895
 1.660000 -2.752219 2.885695 23.362895
 1.680000 -2.770610 2.930499 23.165921
 1.700000 -2.797997 2.958762 22.840403
 1.720000 -2.836652 3.000532 22.373550
 1.740000 -2.991735 2.931842 20.971009
 1.760000 -2.874192 2.981601 22.010675
 1.780000 -3.037678 2.831878 20.499301
 1.800000 -2.875792 2.926729 22.013376
 1.820000 -2.797583 2.874524 22.810981
 1.840000 -2.773432 2.822540 22.996120
 1.860000 -2.647600 2.703536 24.194520
 1.880000 -2.683935 2.643920 23.388377
 1.900000 -2.610442 2.811899 25.111324
 1.920000 -2.656232 2.706765 24.091481
 1.940000 -2.656698 2.755575 24.291653
 1.960000 -2.834416 2.590589 21.258903
 1.980000 -2.767499 2.638980 22.309489
 2.000000 -2.906008 2.512377 20.018092
 2.020000 -2.770004 2.571380 21.852128
 2.040000 -2.673413 2.398950 21.708247
 2.060000 -2.674941 2.485047 22.399014
 2.080000 -2.697898 2.543818 22.547245
 2.100000 -2.798474 2.519172 21.156460
 2.120000 -2.901046 2.535269 20.225693
 2.140000 -2.902469 2.553236 20.336042
 2.160000 -2.823161 2.550590 21.111606
 2.180000 -2.887509 2.519075 20.237531
 2.200000 -2.775329 2.530000 21.498496
 2.220000 -2.894989 2.368547 19.001854
 2.240000 -2.706442 2.527456 22.317639
 2.260000 -2.782984 2.366725 20.108274
 2.280000 -2.669324 2.497167 22.568640
 2.300000 -2.702756 2.579328 22.734144
 2.320000 -2.743102 2.626071 22.527975
 2.340000 -2.639362 2.650192 24.026855
 2.360000 -2.669056 2.571448 23.121938
 2.380000 -2.578408 2.666555 24.986356
 2.400000 -2.524013 2.540501 24.970186
 2.420000 -2.374211 2.602196 27.750974
 2.440000 -2.527957 2.488582 24.508160
 2.460000 -2.437731 2.530756 26.229832
 2.480000 -2.681328 2.451740 22.046816
 2.500000 -2.736057 2.506630 21.791214
 2.520000 -2.879939 2.472240 19.962673
 2.540000 -3.043651 2.354653 17.809797
 2.560000 -2.986700 2.600425 19.922771
 2.580000 -3.060873 2.517461 18.886718
 2.600000 -2.905195 2.553984 20.316040
 2.620000 -2.936578 2.546171 19.985414
 2.640000 -2.725589 2.652207 22.898810
 2.660000 -2.809058 2.698866 22.145055
 2.680000 -2.542734 2.923906 26.230840
 2.700000 -2.726467 2.829862 23.591940
 2.720000 -2.491183 2.884054 26.992674
 2.740000 -2.625671 2.925408 25.038951
 2.760000 -2.643415 2.925498 24.794123
 2.780000 -2.629604 2.919011 24.984585
 2.800000 -2.711108 2.816969 23.758022
 2.820000 -2.686516 2.849077 24.147542
 2.840000 -2.711971 2.792217 23.680403
 2.860000 -2.797397 2.821295 22.710702
 2.880000 -2.907198 2.826691 21.573785
 2.900000 -2.868873 2.857067 22.011287
 2.920000 -3.009351 2.886446 20.801397
 2.940000 -2.884348 2.887869 21.900362
 2.960000 -2.826749 2.987831 22.496161
 2.980000 -2.882074 2.900731 21.935864
 3.000000 -2.715515 2.955014 23.831864
 3.020000 -2.724336 2.758603 23.411283
 3.040000 -2.707666 2.793908 23.740893
 3.060000 -2.713395 2.877316 23.840178
 3.080000 -2.756703 2.726540 22.882540
 3.100000 -2.886925 2.756226 21.561939
 3.120000 -2.797164 2.701845 22.294255
 3.140000 -2.908645 2.672974 20.990678
 3.160000 -2.778948 2.770400 22.782332
 3.180000 -2.674243 2.734732 23.972166
 3.200000 -2.585558 2.779544 25.375926
 3.220000 -2.410569 2.695063 27.707369
 3.240000 -2.540103 2.802681 26.114126
 3.260000 -2.587834 2.690763 24.976692
 3.280000 -2.431115 2.861625 27.897228
 3.300000 -2.705099 2.786163 23.751088
 3.320000 -2.607081 2.776758 25.057230
 3.340000 -2.745875 2.782197 23.221556
 3.360000 -2.955301 2.797206 21.063088
 3.380000 -2.940545 2.688756 20.777803
 3.400000 -2.874422 2.616346 21.007019
 3.420000 -2.984398 2.564987 19.721489
 3.440000 -2.694560 2.529565 22.485638
 3.460000 -2.792204 2.495645 21.050072
 3.480000 -2.835857 2.438951 20.138063
 3.500000 -2.724559 2.469040 21.638484
 3.520000 -2.794017 2.362173 19.948763
 3.540000 -2.670829 2.512095 22.664235
 3.560000 -2.514829 2.551006 25.186517
 3.580000 -2.588097 2.534205 23.976595
 3.600000 -2.526146 2.473652 24.413920
 3.620000 -2.409801 2.557197 26.870378
 3.640000 -2.557193 2.517817 24.302529
 3.660000 -2.379889 2.491288 26.840608
 3.680000 -2.544608 2.680925 25.562762
 3.700000 -2.734838 2.645745 22.746338
 3.720000 -2.664773 2.719655 24.034658
 3.740000 -2.883055 2.742807 21.550483
 3.760000 -2.896898 2.652950 20.997367
 3.780000 -2.891767 2.740035 21.453967
 3.800000 -2.899708 2.792588 21.556493
 3.820000 -2.856927 2.802060 22.009442
 3.840000 -2.801340 2.754431 22.466326
 3.860000 -2.979787 2.756460 20.728064
 3.880000 -2.822584 2.936066 22.572197
 3.900000 -2.912281 2.921213 21.656524
 3.920000 -2.931921 3.016122 21.422490
 3.940000 -2.844152 3.008650 22.282146
 3.960000 -2.903267 2.958786 21.742644
 3.980000 -2.846341 3.094855 22.048686
 4.000000 -2.799483 3.030711 22.724866
 4.020000 -2.732369 3.023367 23.528750
 4.040000 -2.702936 2.914232 24.001032
 4.060000 -2.638074 3.005559 24.786153
 4.080000 -2.788208 2.948032 22.957529
 4.100000 -2.711404 3.024478 23.786375
 4.120000 -2.938783 2.893827 21.395785
 4.140000 -2.791681 2.818275 22.770127
 4.160000 -2.834544 2.922481 22.440149
 4.180000 -2.877263 2.938743 22.000343
 4.200000 -2.818867 2.781777 22.360307
 4.220000 -2.743446 2.864691 23.444660
 4.240000 -2.694694 2.845522 24.033386
 4.260000 -2.636446 2.794107 24.697287
 4.280000 -2.637285 2.749565 24.536090
 4.300000 -2.823583 2.683453 21.908780
 4.320000 -2.809614 2.597162 21.569913
 4.340000 -2.943436 2.583888 20.172813
 4.360000 -2.969417 2.461785 19.117520
 4.380000 -3.013359 2.304128 17.598250
 4.400000 -2.948022 2.316956 18.145333
 4.420000 -2.998019 2.338414 17.962137
 4.440000 -2.834213 2.314670 19.130570
 4.460000 -2.736683 2.261260 19.738883
 4.480000 -2.714018 2.456807 21.670825
 4.500000 -2.483718 2.395084 24.394647
 4.520000 -2.604415 2.506098 23.528255
 4.540000 -2.489781 2.494704 25.137984
 4.560000 -2.541935 2.459752 24.063559
 4.580000 -2.421750 2.441576 25.763120
 4.600000 -2.585665 2.430702 23.182470
 4.620000 -2.510873 2.492481 24.797870
 4.640000 -2.578370 2.382321 22.871886
 4.660000 -2.682127 2.504155 22.454479
 4.680000 -2.738975 2.401158 20.905625
 4.700000 -2.729785 2.547432 22.170461
 4.720000 -2.842815 2.457153 20.211064
 4.740000 -2.848690 2.458527 20.162374
 4.760000 -2.753651 2.507362 21.584351
 4.780000 -2.852000 2.514483 20.552652
 4.800000 -2.737854 2.431351 21.169796
 4.820000 -2.792510 2.425897 20.494360
 4.840000 -2.833493 2.513440 20.735838
 4.860000 -2.793015 2.561561 21.519976
 4.880000 -2.755365 2.548431 21.866115
 4.900000 -2.768559 2.564642 21.823028
 4.920000 -2.622353 2.600266 23.956343
 4.940000 -2.626733 2.570523 23.693245
 4.960000 -2.671904 2.650620 23.586619
 4.980000 -2.586757 2.556403 24.159771
 5.000000 -2.557395 2.540263 24.469559
 5.020000 -2.564177 2.618446 24.909880
 5.040000 -2.663888 2.450637 22.267245
 5.060000 -2.668392 2.493702 22.553833
 5.080000 -2.753542 2.494980 21.490954
 5.100000 -2.670913 2.566630 23.063449
 5.120000 -2.694432 2.345218 20.974987
 5.140000 -2.858502 2.306089 18.823014
 5.160000 -2.677938 2.411374 21.754822
 5.180000 -2.755708 2.374210 20.481290
 5.200000 -2.765227 2.399782 20.586237
 5.220000 -2.733833 2.262158 19.780065
 5.240000 -2.747947 2.516652 21.722786
 5.260000 -2.869835 2.362781 19.184718
 5.280000 -2.725935 2.505978 21.910763
 5.300000 -2.899026 2.356965 18.871732
 5.320000 -2.785778 2.469338 20.918337
 5.340000 -2.758780 2.466599 21.206977
 5.360000 -2.940687 2.337242 18.364794
 5.380000 -2.752931 2.391281 20.657654
 5.400000 -2.840930 2.363348 19.469268
 5.420000 -2.685591 2.490564 22.303347
 5.440000 -2.629360 2.375269 22.093871
 5.460000 -2.655589 2.561389 23.232284
 5.480000 -2.750691 2.427380 20.984198
 5.500000 -2.634637 2.654880 24.118909
 5.520000 -2.838667 2.467813 20.336683
 5.540000 -2.696307 2.542667 22.559388
 5.560000 -2.644444 2.540527 23.232627
 5.580000 -2.824860 2.665433 21.801775
 5.600000 -2.683514 2.597302 23.105135
 5.620000 -2.798262 2.528187 21.224817
 5.640000 -2.848068 2.758030 21.964928
 5.660000 -2.720291 2.649348 22.949497
 5.680000 -2.692969 2.865632 24.089587
 5.700000 -2.901741 2.632738 20.839572
 5.720000 -2.757697 2.777994 23.062729
 5.740000 -3.026897 2.701525 20.146814
 5.760000 -2.972323 2.822576 20.985031
 5.780000 -2.920425 2.823594 21.442970
 5.800000 -3.004737 2.674658 20.185528
 5.820000 -2.846338 2.912313 22.310116
 5.840000 -2.776621 2.767531 22.800198
 5.860000 -2.698843 2.919557 24.054959
 5.880000 -2.665059 2.856985 24.447308
 5.900000 -2.482007 3.018074 27.008137
 5.920000 -2.573557 2.886022 25.766998
 5.940000 -2.390645 3.032876 28.365294
 5.960000 -2.654260 2.847498 24.577292
 5.980000 -2.614240 2.845035 25.129040
 6.000000 -2.658256 2.888907 24.578244
 6.020000 -2.793564 2.711212 22.378865
 6.040000 -2.717678 2.627051 22.851466
 6.060000 -2.849403 2.538038 20.748215
 6.080000 -2.972816 2.619147 20.141553
 6.100000 -2.932251 2.541233 19.989002
 6.120000 -2.904029 2.521281 20.099824
 6.140000 -2.992181 2.451064 18.869802
 6.160000 -2.744981 2.475170 21.438474
 6.180000 -2.925072 2.452476 19.404606
 6.200000 -2.893737 2.534805 20.290165
 6.220000 -2.903285 2.427818 19.403073
 6.240000 -2.826240 2.393046 19.863674
 6.260000 -2.736262 2.520786 21.895588
 6.280000 -2.571130 2.393752 23.075568
 6.300000 -2.619989 2.453786 22.890243
 6.320000 -2.604930 2.426159 22.870309
 6.340000 -2.473704 2.413482 24.708760
 6.360000 -2.561802 2.293244 22.326372
 6.380000 -2.546429 2.231140 22.004724
 6.400000 -2.740605 2.233217 19.456910
 6.420000 -2.725289 2.294193 20.154922
 6.440000 -2.831197 2.256883 18.678200
 6.460000 -2.824990 2.193695 18.224583
 6.480000 -2.875047 2.153111 17.456575
 6.500000 -2.865161 2.274033 18.495384
 6.520000 -2.825441 2.338949 19.422409
 6.540000 -2.818315 2.267193 18.893227
 6.560000 -2.679624 2.310122 20.859455
 6.580000 -2.734347 2.309022 20.174437
 6.600000 -2.585525 2.364591 22.614630
 6.620000 -2.725820 2.396471 21.024881
 6.640000 -2.538685 2.367898 23.325573
 6.660000 -2.590661 2.359556 22.497394
 6.680000 -2.523687 2.480746 24.509007
 6.700000 -2.656682 2.410873 22.030577
 6.720000 -2.545731 2.557487 24.768845
 6.740000 -2.620696 2.551300 23.640289
 6.760000 -2.539779 2.689236 25.677902
 6.780000 -2.528702 2.625565 25.483596
 6.800000 -2.718964 2.598470 22.655120
 6.820000 -2.638861 2.787377 24.643855
 6.840000 -2.735173 2.762182 23.287440
 6.860000 -2.740486 2.826293 23.407683
 6.880000 -2.759105 2.768422 23.013475
 6.900000 -2.907869 2.726238 21.243697
 6.920000 -2.941005 2.874467 21.353025
 6.940000 -2.981992 2.954845 21.048877
 6.960000 -2.947249 2.874082 21.297333
 6.980000 -2.898428 2.840735 21.687989
 7.000000 -2.800095 3.082819 22.578712
 7.020000 -2.949344 2.871931 21.275908
 7.040000 -2.824864 3.080347 22.318739
 7.060000 -2.999464 2.991826 20.888053
 7.080000 -2.843544 3.078159 22.130171
 7.100000 -2.955356 2.980266 21.258161
 7.120000 -2.869689 3.013612 22.014050
 7.140000 -2.925690 3.058886 21.392773
 7.160000 -2.803629 3.127885 22.373551
 7.180000 -2.841472 3.046962 22.235026
 7.200000 -2.690517 3.099164 23.820017
 7.220000 -2.715714 3.117327 23.432633
 7.240000 -2.729738 3.082742 23.394518
 7.260000 -2.628241 2.963097 24.983648
 7.280000 -2.725872 2.785045 23.481155
 7.300000 -2.711966 2.832084 23.781983
 7.320000 -2.682749 2.775353 24.010253
 7.340000 -2.883643 2.581250 20.698724
 7.360000 -2.864505 2.654235 21.322606
 7.380000 -2.977005 2.556434 19.723335
 7.400000 -3.000130 2.520388 19.308888
 7.420000 -2.940097 2.408240 18.936524
 7.440000 -2.837237 2.388176 19.711196
 7.460000 -2.725750 2.432590 21.327154
 7.480000 -2.456032 2.425170 25.084019
 7.500000 -2.642128 2.344652 21.653995
 7.520000 -2.545568 2.370429 23.245826
 7.540000 -2.532623 2.440443 24.040937
 7.560000 -2.654123 2.375590 21.762036
 7.580000 -2.576999 2.352341 22.629203
 7.600000 -2.589321 2.372120 22.626302
 7.620000 -2.728016 2.394568 20.982160
 7.640000 -2.626727 2.408949 22.420340
 7.660000 -2.653743 2.261622 20.775691
 7.680000 -2.758479 2.400941 20.673894
 7.700000 -2.573238 2.477131 23.745950
 7.720000 -2.659478 2.672463 23.874379
 7.740000 -2.876258 2.585248 20.796207
 7.760000 -2.771500 2.733506 22.733665
 7.780000 -2.873348 2.823828 21.897011
 7.800000 -2.916340 2.914529 21.615479
 7.820000 -2.841629 2.798079 22.159521
 7.840000 -3.025528 2.803786 20.519735
 7.860000 -2.887662 2.939322 21.897380
 7.880000 -2.822774 2.967969 22.558314
 7.900000 -2.980817 2.871422 21.008513
 7.920000 -2.901551 2.909151 21.751860
 7.940000 -3.054109 3.019538 20.458444
 7.960000 -3.091189 2.930031 20.261925
 7.980000 -2.902297 2.932025 21.754753
 8.000000 -2.940977 2.823571 21.256911
 8.020000 -2.752425 2.836204 23.281586
 8.040000 -2.573599 2.844865 25.712749
 8.060000 -2.608833 2.787491 25.066063
 8.080000 -2.392301 2.755253 28.253253
 8.100000 -2.358795 2.738384 28.722075
 8.120000 -2.378891 2.742880 28.419969
 8.140000 -2.272102 2.569933 29.164921
 8.160000 -2.375990 2.535537 27.249493
 8.180000 -2.585373 2.391576 22.851670
 8.200000 -2.615739 2.342334 21.994548
 8.220000 -2.740849 2.069634 18.211193
 8.240000 -2.790513 2.141502 18.179299
 8.260000 -2.862028 2.014968 16.672554
 8.280000 -2.875444 2.055811 16.796279
 8.300000 -2.915584 2.101106 16.762780
 8.320000 -2.886427 1.968079 16.235300
 8.340000 -2.801739 2.049941 17.439100
 8.360000 -2.751310 2.113214 18.395523
 8.380000 -2.779405 2.170231 18.513966
 8.400000 -2.683642 2.113342 19.193440
 8.420000 -2.721785 2.147715 18.991078
 8.440000 -2.592019 2.181820 20.936832
 8.460000 -2.570709 2.176728 21.195045
 8.480000 -2.728531 2.208601 19.393809
 8.500000 -2.686458 2.127198 19.261884
 8.520000 -2.772816 2.254091 19.266001
 8.540000 -2.594276 2.312327 22.030368
 8.560000 -2.546634 2.416788 23.632242
 8.580000 -2.601720 2.428920 22.938940
 8.600000 -2.606239 2.614023 24.272831
 8.620000 -2.590355 2.718846 25.073435
 8.640000 -2.619465 2.630542 24.188394
 8.660000 -2.632489 2.749823 24.603823
 8.680000 -2.748047 2.852683 23.368081
 8.700000 -2.890614 2.921941 21.864929
 8.720000 -2.898199 2.914121 21.787331
 8.740000 -3.109388 2.829960 20.024772
 8.760000 -2.955429 2.904347 21.258978
 8.780000 -2.979336 2.986031 21.053130
 8.800000 -2.913642 3.004013 21.605984
 8.820000 -2.934248 2.838297 21.349494
 8.840000 -2.868178 2.903211 22.077781
 8.860000 -2.889313 2.939987 21.881204
 8.880000 -2.732260 2.933406 23.630540
 8.900000 -2.818476 2.857328 22.546880
 8.920000 -2.727953 2.817781 23.544820
 8.940000 -2.676276 2.740532 23.968727
 8.960000 -2.724073 2.642768 22.863918
 8.980000 -2.621096 2.507196 23.302585
 9.000000 -2.564332 2.527146 24.268703
 9.020000 -2.469624 2.530768 25.730179
 9.040000 -2.494453 2.357947 23.903781
 9.060000 -2.496805 2.230057 22.731551
 9.080000 -2.691187 2.220987 19.949738
 9.100000 -2.590049 2.273533 21.748534
 9.120000 -2.631261 2.236144 20.855146
 9.140000 -2.649461 2.067448 19.298968
 9.160000 -2.599428 2.080515 20.053283
 9.180000 -2.811480 2.100273 17.672448
 9.200000 -2.874505 2.008587 16.532745
 9.220000 -3.000485 1.956490 15.435675
 9.240000 -2.991550 2.005663 15.704693
 9.260000 -2.900464 2.198064 17.579754
 9.280000 -2.762419 2.373257 20.395723
 9.300000 -2.908106 2.282764 18.188639
 9.320000 -2.788622 2.287946 19.379499
 9.340000 -2.830833 2.315857 19.174357
 9.360000 -2.662664 2.464833 22.399341
 9.380000 -2.530418 2.481481 24.413672
 9.400000 -2.544287 2.555685 24.777269
 9.420000 -2.430824 2.695876 27.391280
 9.440000 -2.431263 2.758707 27.649972
 9.460000 -2.525330 2.712370 26.007300
 9.480000 -2.485111 2.879297 27.081569
 9.500000 -2.479847 2.842323 27.114659
 9.520000 -2.411020 2.931941 28.236892
 9.540000 -2.491715 2.829460 26.909132
 9.560000 -2.501467 2.675355 26.186966
 9.580000 -2.702769 2.778261 23.756468
 9.600000 -2.712465 2.787845 23.661017
 9.620000 -2.899679 2.690730 21.163220
 9.640000 -2.821613 2.822624 22.437760
 9.660000 -2.967737 2.692259 20.561721
 9.680000 -2.947180 2.792102 21.119186
 9.700000 -3.072059 2.634083 19.517732
 9.720000 -2.989533 2.617481 20.000185
 9.740000 -2.982054 2.602347 19.970323
 9.760000 -2.821494 2.692979 21.978569
 9.780000 -2.825031 2.617799 21.528911
 9.800000 -2.848030 2.583513 21.070378
 9.820000 -2.875393 2.491827 20.153984
 9.840000 -2.837719 2.558517 21.011579
 9.860000 -2.708957 2.510816 22.160365
 9.880000 -2.721024 2.440918 21.453870
 9.900000 -2.480002 2.583622 25.953483
 9.920000 -2.485490 2.563565 25.726943
 9.940000 -2.386935 2.528469 27.020475
 9.960000 -2.364620 2.528909 27.381502
 9.980000 -2.271216 2.623215 29.532408
 10.000000 -2.115495 2.708338 32.375466
 10.020000 -2.146964 2.739285 32.037621
 10.040000 -2.221017 2.747290 30.936671
 10.060000 -2.431735 2.826624 27.831662
 10.080000 -2.479536 2.694275 26.622030
 10.100000 -2.834336 2.533812 20.874604
 10.120000 -2.723880 2.610265 22.668980
 10.140000 -3.061781 2.502952 18.784070
 10.160000 -3.019270 2.548398 19.359817
 10.180000 -3.130499 2.393990 17.679873
 10.200000 -3.030038 2.459150 18.673084
 10.220000 -3.022538 2.482870 18.891957
 10.240000 -2.940472 2.546637 19.955435
 10.260000 -2.863649 2.573338 20.844447
 10.280000 -2.892352 2.522046 20.213025
 10.300000 -2.763038 2.571536 21.935507
 10.320000 -2.781336 2.733212 22.616110
 10.340000 -2.678861 2.699283 23.750035
 10.360000 -2.715061 2.623629 22.863843
 10.380000 -2.465166 2.726193 26.992029
 10.400000 -2.486157 2.590629 25.906056
 10.420000 -2.360837 2.678155 28.412821
 10.440000 -2.439571 2.702240 27.284177
 10.460000 -2.469071 2.773433 27.109915
 10.480000 -2.610634 2.653080 24.446369
 10.500000 -2.731193 2.593357 22.468176
 10.520000 -2.781887 2.667689 22.299822
 10.540000 -3.006830 2.797340 20.642738
 10.560000 -3.007515 2.659086 20.087497
 10.580000 -2.981673 2.666071 20.322302
 10.600000 -2.966447 2.769112 20.882071
 10.620000 -2.928913 2.691203 20.893365
 10.640000 -2.725701 2.928115 23.712737
 10.660000 -2.865580 2.693339 21.512439
 10.680000 -2.762681 2.767709 22.967531
 10.700000 -2.895946 2.796248 21.603260
 10.720000 -2.970287 2.763888 20.832284
 10.740000 -2.912058 2.827805 21.530576
 10.760000 -2.890171 2.749396 21.505124
 10.780000 -2.709054 2.822188 23.797216
 10.800000 -2.706194 2.693075 23.361330
 10.820000 -2.557038 2.638056 25.136523
 10.840000 -2.688270 2.605818 23.098019
 10.860000 -2.445397 2.858144 27.670662
 10.880000 -2.614525 2.649285 24.369211
 10.900000 -2.549763 2.656881 25.354440
 10.920000 -2.672896 2.637861 23.499347
 10.940000 -2.852072 2.690239 21.636568
 10.960000 -2.837585 2.762286 22.091417
 10.980000 -3.055140 2.586840 19.359627
 11.000000 -2.940585 2.646294 20.562795
 11.020000 -2.857934 2.551573 20.755627
 11.040000 -2.656430 2.691727 24.015648
 11.060000 -2.808526 2.568230 21.392036
 11.080000 -2.611431 2.591116 24.049413
 11.100000 -2.878611 2.516486 20.304025
 11.120000 -2.672420 2.681200 23.745705
 11.140000 -2.839453 2.523328 20.745778
 11.160000 -2.885812 2.557926 20.523925
 11.180000 -2.895385 2.615296 20.797886
 11.200000 -2.858031 2.576305 20.920750
 11.220000 -2.779675 2.625419 22.085261
 11.240000 -2.760011 2.431004 20.904859
 11.260000 -2.645064 2.630291 23.830929
 11.280000 -2.708310 2.634832 23.017758
 11.300000 -2.572701 2.790544 25.597563
 11.320000 -2.759121 2.758686 22.978963
 11.340000 -2.599088 2.823548 25.301514
 11.360000 -2.683380 2.867227 24.218041
 11.380000 -2.713594 2.933013 23.865168
 11.400000 -2.749650 2.962676 23.405237
 11.420000 -2.879464 2.845445 21.883240
 11.440000 -2.768977 2.903557 23.175591
 11.460000 -2.803166 2.845380 22.697317
 11.480000 -2.786275 2.970273 22.966365
 11.500000 -2.996457 2.836074 20.819187
 11.520000 -2.959605 2.879523 21.197525
 11.540000 -3.056613 2.867543 20.431276
 11.560000 -2.915836 2.814638 21.463472
 11.580000 -2.852950 2.793085 22.026009
 11.600000 -2.774929 2.835784 23.008186
 11.620000 -2.743527 2.804831 23.316556
 11.640000 -2.614106 2.783752 24.979478
 11.660000 -2.556885 2.762854 25.740099
 11.680000 -2.413812 2.712848 27.739532
 11.700000 -2.349322 2.802437 29.079039
 11.720000 -2.386269 2.744661 28.309599
 11.740000 -2.442887 2.567764 26.422773
 11.760000 -2.673412 2.472605 22.319710
 11.780000 -2.661655 2.369953 21.613281
 11.800000 -2.742439 2.377955 20.668669
 11.820000 -2.855414 2.214029 18.096691
 11.840000 -2.840002 2.123423 17.559275
 11.860000 -2.932633 2.097701 16.613281
 11.880000 -2.882840 1.896959 15.989751
 11.900000 -2.887950 1.995200 16.353746
 11.920000 -2.623801 1.984883 19.116951
 11.940000 -2.528841 2.177887 21.809755
 11.960000 -2.399096 2.127259 23.361751
 11.980000 -2.557089 1.942668 19.788781
 12.000000 -2.627181 1.994357 19.126565
 12.020000 -2.685870 1.939660 18.112822
 12.040000 -2.648487 2.036837 19.108851
 12.060000 -2.594247 1.919463 19.176439
 12.080000 -2.694588 1.994201 18.285106
 12.100000 -2.659327 2.041752 19.002390
 12.120000 -2.750904 2.234628 19.349915
 12.140000 -2.630370 2.100896 19.784960
 12.160000 -2.695430 2.279348 20.393657
 12.180000 -2.725341 2.459166 21.549425
 12.200000 -2.765898 2.675715 22.531308
 12.220000 -2.889095 2.775360 21.605957
 12.240000 -2.930835 2.751938 21.132036
 12.260000 -2.956136 2.842409 21.165183
 12.280000 -2.917791 3.114032 21.301950
 12.300000 -3.030345 -3.106535 20.183572
 12.320000 -2.864825 -3.034372 21.140408
 12.340000 -2.858093 -2.909950 20.356935
 12.360000 -2.719230 -2.778964 20.580952
 12.380000 -2.750173 -2.818149 20.614055
 12.400000 -2.813769 -2.711634 19.124241
 12.420000 -2.839134 -2.711501 18.922794
 12.440000 -2.831039 -2.772401 19.486231
 12.460000 -2.920828 -2.880867 19.644516
 12.480000 -2.845512 -2.790190 19.513982
 12.500000 -2.960856 -2.870188 19.294058
 12.520000 -2.925233 -2.998925 20.408495
 12.540000 -2.747215 -3.080966 22.632469
 12.560000 -2.717094 -3.104420 23.117195
 12.580000 -2.674771 -3.080665 23.497384
 12.600000 -2.594119 3.028478 25.342258
 12.620000 -2.718771 2.909190 23.796675
 12.640000 -2.739527 2.808593 23.376191
 12.660000 -2.741599 2.808363 23.349783
 12.680000 -2.904457 2.554376 20.325453
 12.700000 -2.823549 2.321561 19.295943
 12.720000 -2.846152 2.407177 19.777413
 12.740000 -2.855297 2.324168 19.003680
 12.760000 -2.757493 2.217845 19.135736
 12.780000 -2.828594 2.009154 16.940046
 12.800000 -2.756569 2.194601 18.957116
 12.820000 -2.637539 2.141138 19.993613
 12.840000 -2.635629 2.187265 20.386127
 12.860000 -2.541853 2.104670 21.038222
 12.880000 -2.431489 2.272717 24.112817
 12.900000 -2.442804 2.157498 22.934733
 12.920000 -2.418829 2.187055 23.553929
 12.940000 -2.461785 2.127539 22.401400
 12.960000 -2.404825 2.126435 23.266245
 12.980000 -2.406434 2.371003 25.390061
 13.000000 -2.524284 2.282572 22.783336
 13.020000 -2.679094 2.251925 20.364336
 13.040000 -2.819327 2.242118 18.674456
 13.060000 -2.909155 2.322613 18.504440
 13.080000 -2.967555 2.315133 17.986502
 13.100000 -2.928265 2.378564 18.797346
 13.120000 -2.932864 2.416301 19.058697
 13.140000 -2.722087 2.576139 22.466902
 13.160000 -2.741708 2.718551 23.031704
 13.180000 -2.739594 2.820167 23.404340
 13.200000 -2.657238 2.920692 24.606084
 13.220000 -2.719010 -3.062118 22.846638
 13.240000 -2.756539 -2.959877 21.715448
 13.260000 -2.748706 -2.961161 21.809263
 13.280000 -2.902207 -3.007377 20.648890
 13.300000 -2.920987 -2.865158 19.528433
 13.320000 -2.824463 -2.797221 19.744529
 13.340000 -2.949766 -3.035945 20.430445
 13.360000 -2.877753 -2.941191 20.417457
 13.380000 -2.859083 -2.883097 20.143441
 13.400000 -2.802747 -2.816711 20.097316
 13.420000 -2.863670 -2.796884 19.425183
 13.440000 -2.806257 -2.817322 20.070355
 13.460000 -2.929050 -2.798473 18.974207
 13.480000 -2.777362 -2.676577 19.132979
 13.500000 -2.798673 -3.019846 21.694198
 13.520000 -2.829961 3.116410 22.140356
 13.540000 -2.901675 3.131510 21.383231
 13.560000 -2.960465 2.957712 21.226653
 13.580000 -2.931366 2.722147 21.009296
 13.600000 -2.873987 2.658593 21.250865
 13.620000 -2.829932 2.611352 21.436888
 13.640000 -2.701060 2.537054 22.457281
 13.660000 -2.663861 2.501007 22.671214
 13.680000 -2.719186 2.291392 20.204586
 13.700000 -2.479479 2.355631 24.112481
 13.720000 -2.643372 2.212971 20.496237
 13.740000 -2.571902 2.120693 20.732027
 13.760000 -2.710206 2.011941 18.201551
 13.780000 -2.761429 1.942331 17.277519
 13.800000 -2.757446 2.018486 17.709553
 13.820000 -2.790315 1.885196 16.771881
 13.840000 -2.814924 1.902388 16.592431
 13.860000 -2.812894 1.948151 16.788774
 13.880000 -2.691859 2.000634 18.353714
 13.900000 -2.669757 1.923199 18.234285
 13.920000 -2.562992 1.987111 19.947784
 13.940000 -2.734354 1.847929 17.245575
 13.960000 -2.677144 1.897774 18.045639
 13.980000 -2.838300 1.918672 16.437132
 14.000000 -2.811213 1.929470 16.727047
 14.020000 -2.773112 1.904741 17.008127
 14.040000 -2.862022 2.043084 16.833979
 14.060000 -2.754482 2.201095 19.032904
 14.080000 -2.608041 2.169371 20.613691
 14.100000 -2.410234 2.325670 24.923795
 14.120000 -2.425385 2.348000 24.886098
 14.140000 -2.169508 2.510642 30.329038
 14.160000 -2.456898 2.513514 25.795493
 14.180000 -2.358587 2.653077 28.312643
 14.200000 -2.375153 2.631940 27.923892
 14.220000 -2.494949 2.735920 26.572342
 14.240000 -2.629155 2.803873 24.826205
 14.260000 -2.747872 2.702411 22.882217
 14.280000 -2.866526 2.793982 21.888374
 14.300000 -3.008357 2.798201 20.633448
 14.320000 -2.843077 2.761414 22.029689
 14.340000 -2.985046 2.824588 20.885256
 14.360000 -2.928583 2.915675 21.503637
 14.380000 -2.972339 2.823057 20.986033
 14.400000 -2.970392 2.947572 21.145613
 14.420000 -3.070289 2.962273 20.398010
 14.440000 -2.903989 3.013023 21.683044
 14.460000 -2.938787 3.090386 21.193510
 14.480000 -2.768904 3.092163 22.898871
 14.500000 -2.739246 2.955373 23.536855
 14.520000 -2.729571 3.018265 23.573686
 14.540000 -2.617885 3.140167 24.582561
 14.560000 -2.618869 3.054780 24.922207
 14.580000 -2.401678 3.021149 28.230077
 14.600000 -2.443438 2.935927 27.730219
 14.620000 -2.449623 2.969176 27.601281
 14.640000 -2.609369 2.899145 25.262316
 14.660000 -2.701054 2.742134 23.647819
 14.680000 -2.872964 2.475269 20.052509
 14.700000 -2.861249 2.394083 19.522711
 14.720000 -3.025089 2.465900 18.753847
 14.740000 3.076707 2.262367 16.544128
 14.760000 -3.041711 2.138698 16.228092
 14.780000 3.102238 2.265364 16.616292
 14.800000 -2.902450 2.083970 16.753014
 14.820000 -2.734265 2.232545 19.525356
 14.840000 -2.640084 2.238064 20.753491
 14.860000 -2.645755 2.216839 20.497174
 14.880000 -2.510320 2.242852 22.640809
 14.900000 -2.675753 2.067386 18.965450
 14.920000 -2.520637 2.053638 20.974469
 14.940000 -2.515587 2.087379 21.290403
 14.960000 -2.562228 2.219113 21.671910
 14.980000 -2.473984 2.208125 22.886789
 15.000000 -2.435514 2.236552 23.727053
 15.020000 -2.469834 2.202403 22.900802
 15.040000 -2.536382 2.230215 22.143741
 15.060000 -2.539174 2.287627 22.607561
 15.080000 -2.584801 2.324791 22.274634
 15.100000 -2.627921 2.476143 22.962444
 15.120000 -2.708252 2.226484 19.785665
 15.140000 -2.847746 2.465589 20.226889
 15.160000 -3.065194 2.485027 18.641565
 15.180000 -3.118805 2.531007 18.658342
 15.200000 3.128796 2.569298 18.721823
 15.220000 -3.059189 2.610778 19.471709
 15.240000 -2.815496 2.744475 22.268746
 15.260000 -2.826139 2.656870 21.741634
 15.280000 -2.760742 2.851272 23.210157
 15.300000 -2.773493 2.737439 22.725909
 15.320000 -2.774891 2.838782 23.015106
 15.340000 -2.692645 2.833949 24.037259
 15.360000 -2.620311 2.829893 25.013758
 15.380000 -2.827043 2.804402 22.333981
 15.400000 -2.646471 2.973981 24.721724
 15.420000 -2.848178 2.841385 22.194206
 15.440000 -2.770251 2.806767 22.995227
 15.460000 -2.688633 2.865369 24.146133
 15.480000 -2.777405 2.907369 23.078309
 15.500000 -2.724042 2.989009 23.691468
 15.520000 -2.750177 2.885600 23.387841
 15.540000 -2.899001 2.864003 21.725775
 15.560000 -2.905525 2.928542 21.723117
 15.580000 -2.956772 2.951046 21.260007
 15.600000 -3.114555 2.790613 19.897123
 15.620000 -2.960416 2.977549 21.216798
 15.640000 -3.082491 2.874278 20.268746
 15.660000 -2.952043 2.799913 21.098786
 15.680000 -2.894794 2.723335 21.356960
 15.700000 -2.756636 2.789361 23.111220
 15.720000 -2.634323 2.818488 24.791439
 15.740000 -2.474084 2.785196 27.069294
 15.760000 -2.663580 2.766823 24.238572
 15.780000 -2.682083 2.721037 23.808504
 15.800000 -2.700378 2.865960 23.993392
 15.820000 -2.790304 2.690706 22.319840
 15.840000 -2.645213 2.532045 23.159349
 15.860000 -2.585269 2.449392 23.344835
 15.880000 -2.598639 2.620804 24.423937
 15.900000 -2.641435 2.437105 22.456894
 15.920000 -2.649447 2.278723 20.980764
 15.940000 -2.750881 2.269503 19.643456
 15.960000 -2.676309 2.291315 20.739068
 15.980000 -2.735979 2.307727 20.143994
 16.000000 -2.951202 2.302081 18.002908
 16.020000 -2.898422 2.339522 18.734880
 16.040000 -2.999561 2.149067 16.522230
 16.060000 -2.891550 2.291636 18.402793
 16.080000 -2.841805 2.236215 18.404413
 16.100000 -2.684534 2.295016 20.665935
 16.120000 -2.506308 2.498244 24.913412
 16.140000 -2.436030 2.654860 27.092308
 16.160000 -2.362378 2.535720 27.469186
 16.180000 -2.429916 2.713975 27.490366
 16.200000 -2.571065 2.789604 25.618738
 16.220000 -2.664743 2.833833 24.408800
 16.240000 -2.608372 2.792743 25.088429
 16.260000 -2.889743 2.599813 20.757494
 16.280000 -2.705757 2.790021 23.754205
 16.300000 -2.936698 2.668367 20.712252
 16.320000 -3.013772 2.593416 19.679000
 16.340000 -3.081469 2.619715 19.383550
 16.360000 -3.067539 2.721789 19.953244
 16.380000 -3.110732 2.976953 20.139675
 16.400000 -2.981132 3.097615 20.822393
 16.420000 -2.917131 2.980869 21.598683
 16.440000 -2.859617 -3.083427 21.465160
 16.460000 -2.711842 -3.024605 22.684639
 16.480000 -2.852505 3.103951 21.955362
 16.500000 -2.602394 -3.018665 24.005517
 16.520000 -2.710023 3.125503 23.466966
 16.540000 -2.497058 -3.104328 26.059596
 16.560000 -2.693532 3.094787 23.798924
 16.580000 -2.598747 -3.082836 24.496525
 16.600000 -2.666461 -3.086327 23.635807
 16.620000 -2.601262 -3.075810 24.417957
 16.640000 -2.670494 3.115517 24.007495
 16.660000 -2.797133 3.071934 22.645560
 16.680000 -2.787109 -3.076712 22.164738
 16.700000 -3.057326 2.936392 20.485903
 16.720000 -2.881919 2.808771 21.774489
 16.740000 -3.050500 2.747070 20.163098
 16.760000 -3.061224 2.795212 20.244285
 16.780000 -3.054923 2.698608 19.939899
 16.800000 -3.062005 2.735098 20.040937
 16.820000 -2.969009 2.649647 20.340300
 16.840000 -2.826840 2.714108 22.017720
 16.860000 -2.782207 2.713203 22.519987
 16.880000 -2.720142 2.671910 23.075232
 16.900000 -2.646112 2.733620 24.350001
 16.920000 -2.664264 2.578506 23.234952
 16.940000 -2.488063 2.584437 25.834101
 16.960000 -2.627554 2.405919 22.383068
 16.980000 -2.500853 2.533094 25.266797
 17.000000 -2.690342 2.618770 23.152874
 17.020000 -2.668749 2.521541 22.763693
 17.040000 -2.763596 2.522588 21.580747
 17.060000 -2.619202 2.648906 24.300840
 17.080000 -2.660211 2.824697 24.450338
 17.100000 -2.602365 2.688959 24.758318
 17.120000 -2.603629 2.782528 25.124911
 17.140000 -2.737390 2.694743 22.974810
 17.160000 -2.804803 2.842915 22.673565
 17.180000 -2.986397 2.763935 20.700542
 17.200000 -3.087495 2.626017 19.381960
 17.220000 -3.120405 2.699080 19.543488
 17.240000 -3.056337 2.895851 20.468644
 17.260000 -3.021604 2.951091 20.741733
 17.280000 -2.826538 2.826984 22.392685
 17.300000 -2.698920 2.936797 24.052444
 17.320000 -2.502139 3.029143 26.675600
 17.340000 -2.499321 3.031854 26.709721
 17.360000 -2.563912 2.739399 25.547332
 17.380000 -2.718659 2.876857 23.772405
 17.400000 -2.710692 2.875062 23.872153
 17.420000 -2.759588 2.760860 22.981080
 17.440000 -2.872362 2.555380 20.637569
 17.460000 -2.748418 2.603044 22.319076
 17.480000 -2.794614 2.784995 22.645687
 17.500000 -2.733703 2.634425 22.694355
 17.520000 -2.700614 2.504308 22.216653
 17.540000 -2.773270 2.545504 21.634011
 17.560000 -2.808570 2.531782 21.136765
 17.580000 -2.845566 2.649133 21.490662
 17.600000 -3.139764 2.452759 18.048978
 17.620000 -3.024354 2.538296 19.258874
 17.640000 -2.905016 2.784449 21.481421
 17.660000 -2.823645 2.776825 22.291872
 17.680000 -2.546424 2.714891 25.701777
 17.700000 -2.497074 2.795859 26.746520
 17.720000 -2.389866 2.918638 28.573192
 17.740000 -2.099987 2.890354 33.006449
 17.760000 -2.327983 2.738869 29.215613
 17.780000 -2.404753 2.592760 27.200404
 17.800000 -2.441516 2.778806 27.556301
 17.820000 -2.639080 2.693234 24.262021
 17.840000 -2.739782 2.590470 22.343042
 17.860000 -2.720281 2.563812 22.404734
 17.880000 -3.065262 2.667302 19.728446
 17.900000 -2.880027 2.748476 21.602096
 17.920000 -2.854736 2.733912 21.803366
 17.940000 -2.856526 2.643350 21.344272
 17.960000 -2.617284 2.767687 24.882128
 17.980000 -2.826814 2.766906 22.224490
 18.000000 -2.972704 2.795805 20.911704
 18.020000 -2.890743 2.926418 21.865223
 18.040000 3.103151 2.700894 19.253219
 18.060000 -2.944037 2.950166 21.370691
 18.080000 -2.886441 2.910691 21.900083
 18.100000 -2.904316 2.958747 21.732673
 18.120000 -2.602445 3.044690 25.180426
 18.140000 -2.575205 2.965375 25.730725
 18.160000 -2.432036 2.934840 27.907756
 18.180000 -2.370788 2.951308 28.850369
 18.200000 -2.462186 2.937913 27.440502
 18.220000 -2.471709 2.938326 27.294440
 18.240000 -2.376710 2.843551 28.726539
 18.260000 -2.462792 2.590508 26.268918
 18.280000 -2.541316 2.750173 25.925247
 18.300000 -2.481048 2.573654 25.867718
 18.320000 -2.704517 2.480158 21.978024
 18.340000 -2.787888 2.265551 19.198258
 18.360000 -2.778460 2.043837 17.638770
 18.380000 -2.926897 2.106951 16.716671
 18.400000 -2.916907 1.946909 15.912479
 18.420000 -2.990876 1.944541 15.439583
 18.440000 -3.096387 1.784215 14.711628
 18.460000 -2.985327 1.774468 15.136392
 18.480000 -2.877170 1.804227 15.843692
 18.500000 -2.725605 1.689172 17.270864
 18.520000 -2.475230 1.737918 20.301952
 18.540000 -2.431307 1.746140 20.915438
 18.560000 -2.278668 1.876830 23.531379
 18.580000 -2.223605 1.880199 24.346486
 18.600000 -2.093406 1.923951 26.411614
 18.620000 -2.014576 1.919312 27.371743
 18.640000 -1.984993 2.048635 28.718364
 18.660000 -1.856140 1.835988 28.411138
 18.680000 -1.715656 1.932277 30.010044
 18.700000 -1.509475 1.817299 29.543310
 18.720000 -1.401585 1.990981 30.494905
 18.740000 -1.180468 2.056197 29.417698
 18.760000 -1.282753 1.932466 29.410075
 18.780000 -1.187660 2.026430 29.281805
 18.800000 -1.101941 1.973892 28.176320
 18.820000 -1.069921 2.039617 28.215885
 18.840000 -0.717211 1.850521 24.783647
 18.860000 -0.810277 1.954532 25.401948
 18.880000 -0.808926 1.808559 25.363253
 18.900000 -1.046841 1.814272 27.098081
 18.920000 -0.876225 1.714604 25.871141
 18.940000 -1.058153 1.700058 27.001204
 18.960000 -1.151792 1.737410 27.662561
 18.980000 -1.234581 1.695055 28.031959
 19.000000 -1.542856 1.622434 28.539870
 19.020000 -1.472929 1.554502 28.301381
 19.040000 -1.678323 1.618254 28.272522
 19.060000 -1.629369 1.417918 27.815735
 19.080000 -1.798679 1.557253 27.510771
 19.100000 -1.752352 1.390936 27.382378
 19.120000 -1.724133 1.393547 27.493666
 19.140000 -1.629835 1.310038 27.643564
 19.160000 -1.645744 1.158339 27.471332
 19.180000 -1.556354 1.074246 27.577343
 19.200000 -1.324865 0.975219 27.968323
 19.220000 -1.265664 0.777718 28.192854
 19.240000 -1.079650 0.751253 28.909124
 19.260000 -1.145678 0.664824 28.715541
 19.280000 -1.196649 0.553546 28.499042
 19.300000 -1.320177 0.379447 27.849428
 19.320000 -1.419024 0.486559 27.484766
 19.340000 -1.505632 0.206626 27.227139
 19.360000 -1.582069 0.272853 27.059724
 19.380000 -1.722810 0.288836 27.122622
 19.400000 -1.723128 0.043351 27.430262
 19.420000 -1.505259 0.132150 27.310536
 19.440000 -1.692772 0.005275 27.463528
 19.460000 -1.435321 -0.062689 27.873226
 19.480000 -1.567187 0.077188 27.296888
 19.500000 -1.405481 -0.024455 27.879148
 19.520000 -1.357695 -0.048290 28.108488
 19.540000 -1.282611 -0.045640 28.426849
 19.560000 -1.305504 0.011693 28.213821
 19.580000 -1.174508 -0.120732 29.097897
 19.600000 -0.996237 -0.001856 29.885940
 19.620000 -1.193764 -0.094602 28.954028
 19.640000 -1.054753 0.027194 29.539183
 19.660000 -1.165201 0.108012 28.824434
 19.680000 -1.398526 0.231751 27.537002
 19.700000 -1.230026 0.407801 28.315440
 19.720000 -1.490019 0.431141 27.237593
 19.740000 -1.469949 0.580767 27.397300
 19.760000 -1.537653 0.632695 27.287912
 19.780000 -1.574223 0.815468 27.378073
 19.800000 -1.496687 0.947215 27.601286
 19.820000 -1.386658 0.934637 27.829970
 19.840000 -1.444794 1.237511 27.822418
 19.860000 -1.294710 1.261101 27.856455
 19.880000 -1.152218 1.335077 27.641630
 19.900000 -1.094784 1.372781 27.457954
 19.920000 -1.093456 1.432338 27.335364
 19.940000 -1.063934 1.557007 27.049229
 19.960000 -1.082336 1.566379 27.126039
 19.980000 -0.971986 1.437867 26.958476
 20.000000 -1.208631 1.647478 27.789546
