#! FIELDS time phi psi metad.bias
#! SET min_phi -pi
#! SET max_phi pi
#! SET min_psi -pi
#! SET max_psi pi
 0.000000 3.141580 -3.141577 23.509713
 0.020000 -2.698792 2.701961 25.830715
 0.040000 -2.667647 2.717073 26.060701
 0.060000 -2.661472 2.714764 26.091100
 0.080000 -2.644173 2.706171 26.170133
 0.100000 -2.656462 2.758474 26.244477
 0.120000 -2.678417 2.796320 26.181068
 0.140000 -2.752861 2.745624 25.654096
 0.160000 -2.753397 2.733110 25.623301
 0.180000 -2.754157 2.758131 25.672733
 0.200000 -2.762761 2.799020 25.690669
 0.220000 -2.601652 2.819711 26.737037
 0.240000 -2.665432 2.789899 26.252659
 0.260000 -2.640013 2.788014 26.415289
 0.280000 -2.607781 2.846473 26.725347
 0.300000 -2.670933 2.801708 26.236907
 0.320000 -2.784417 2.726193 25.453066
 0.340000 -2.765121 2.772812 25.641117
 0.360000 -2.900026 2.725670 24.977419
 0.380000 -2.794723 2.741390 25.436774
 0.400000 -2.753214 2.651669 25.378788
 0.420000 -2.785084 2.636875 25.180248
 0.440000 -2.679317 2.687892 25.895105
 0.460000 -2.736716 2.657493 25.479932
 0.480000 -2.767804 2.603274 25.123420
 0.500000 -2.664963 2.637424 25.781462
 0.520000 -2.664130 2.603312 25.632519
 0.540000 -2.574364 2.658989 26.437755
 0.560000 -2.508999 2.543067 26.251423
 0.580000 -2.579097 2.598025 26.109176
 0.600000 -2.501079 2.498786 26.021336
 0.620000 -2.465024 2.525502 26.440078
 0.640000 -2.565750 2.405804 25.010387
 0.660000 -2.510873 2.444861 25.595401
 0.680000 -2.630553 2.417149 24.749492
 0.700000 -2.727634 2.330541 23.817148
 0.720000 -2.625698 2.326089 24.185672
 0.740000 -2.671483 2.309462 23.889415
 0.760000 -2.629044 2.310832 24.072433
 0.780000 -2.574314 2.416642 25.035443
 0.800000 -2.710753 2.389761 24.232805
 0.820000 -2.642697 2.467759 25.003533
 0.840000 -2.580266 2.525061 25.689340
 0.860000 -2.676130 2.525521 25.171539
 0.880000 -2.532099 2.637133 26.623461
 0.900000 -2.581663 2.562274 25.898297
 0.920000 -2.758102 2.593422 25.123772
 0.940000 -2.545915 2.732802 26.930065
 0.960000 -2.768169 2.627053 25.217547
 0.980000 -2.679421 2.645939 25.736139
 1.000000 -2.709120 2.668829 25.662436
 1.020000 -2.781621 2.756486 25.529162
 1.040000 -2.804357 2.820356 25.490914
 1.060000 -2.717922 2.878057 25.997782
 1.080000 -2.756382 2.899671 25.756802
 1.100000 -2.602852 2.968068 26.722636
 1.120000 -2.596563 2.985870 26.738001
 1.140000 -2.701611 2.963907 26.013776
 1.160000 -2.560387 2.971299 27.054720
 1.180000 -2.681941 2.862974 26.224832
 1.200000 -2.636129 2.856562 26.531228
 1.220000 -2.570388 2.895519 27.034128
 1.240000 -2.711608 2.754254 25.900470
 1.260000 -2.770203 2.726535 25.522997
 1.280000 -2.807607 2.646703 25.119571
 1.300000 -2.970882 2.564405 24.355018
 1.320000 -2.829992 2.606638 24.889183
 1.340000 -2.805482 2.559637 24.785870
 1.360000 -2.837202 2.581307 24.765251
 1.380000 -2.753015 2.607202 25.205107
 1.400000 -2.821251 2.530240 24.598377
 1.420000 -2.777914 2.580685 24.984852
 1.440000 -2.655893 2.645414 25.867421
 1.460000 -2.566902 2.732214 26.775662
 1.480000 -2.527255 2.672131 26.825339
 1.500000 -2.464042 2.724941 27.527219
 1.520000 -2.603604 2.557204 25.738035
 1.540000 -2.505929 2.640301 26.826232
 1.560000 -2.646515 2.622380 25.820221
 1.580000 -2.706568 2.548017 25.143759
 1.600000 -2.697907 2.742084 25.950933
 1.620000 -2.875051 2.679206 24.960831
 1.640000 -2.907213 2.675416 24.845470
 1.660000 -2.860619 2.768118 25.189388
 1.680000 -2.885418 2.727774 25.032527
 1.700000 -2.685797 2.910640 26.191030
 1.720000 -2.529559 3.008861 27.234051
 1.740000 -2.675933 2.848452 26.256213
 1.760000 -2.493432 2.951646 27.641909
 1.780000 -2.554757 2.987791 27.070457
 1.800000 -2.713554 3.064215 25.633523
 1.820000 -2.563462 3.075239 26.727598
 1.840000 -2.766439 3.042076 25.382864
 1.860000 -2.742506 -3.136434 25.024911
 1.880000 -2.759667 -3.120430 24.817805
 1.900000 -2.842696 3.137835 24.500239
 1.920000 -2.781566 3.057077 25.233980
 1.940000 -2.661577 -3.074580 25.184365
 1.960000 -2.687958 3.048673 25.871143
 1.980000 -2.671658 3.060195 25.942737
 2.000000 -2.711400 3.002077 25.861327
 2.020000 -2.784531 2.935127 25.558189
 2.040000 -2.671182 3.041831 26.015300
 2.060000 -2.819237 2.795249 25.399479
 2.080000 -2.664527 2.855463 26.336072
 2.100000 -2.772053 2.817341 25.658036
 2.120000 -2.737992 2.718189 25.665779
 2.140000 -2.733219 2.578737 25.169072
 2.160000 -2.737336 2.438801 24.418753
 2.180000 -2.695674 2.382704 24.248504
 2.200000 -2.596133 2.484214 25.349893
 2.220000 -2.614464 2.480789 25.228729
 2.240000 -2.710465 2.408650 24.346805
 2.260000 -2.523178 2.481286 25.763807
 2.280000 -2.605588 2.482982 25.290176
 2.300000 -2.484498 2.554284 26.487900
 2.320000 -2.427260 2.461634 26.269136
 2.340000 -2.466845 2.470242 26.056412
 2.360000 -2.369667 2.588887 27.564895
 2.380000 -2.477990 2.457080 25.891195
 2.400000 -2.640594 2.510493 25.267107
 2.420000 -2.664842 2.399956 24.483157
 2.440000 -2.721004 2.653033 25.542406
 2.460000 -2.815227 2.665341 25.149116
 2.480000 -2.722816 2.823461 25.943234
 2.500000 -2.818856 2.805317 25.409596
 2.520000 -2.713989 2.700916 25.743669
 2.540000 -2.640246 2.738266 26.295340
 2.560000 -2.705282 2.749302 25.925641
 2.580000 -2.630410 2.817103 26.528990
 2.600000 -2.587065 2.779852 26.765574
 2.620000 -2.689466 2.849505 26.169474
 2.640000 -2.712570 2.847719 26.023452
 2.660000 -2.640092 3.043023 26.239846
 2.680000 -2.934289 3.017943 24.642189
 2.700000 -2.765571 -3.137545 24.885888
 2.720000 -2.812804 3.083779 24.939541
 2.740000 -2.823458 3.100039 24.803747
 2.760000 -2.722411 2.987203 25.828060
 2.780000 -2.819984 2.965304 25.309785
 2.800000 -2.767953 3.004818 25.498064
 2.820000 -2.711652 2.871237 26.036910
 2.840000 -2.760836 2.881605 25.740107
 2.860000 -2.737358 2.803855 25.837718
 2.880000 -2.638189 3.091903 26.054641
 2.900000 -2.867484 2.941284 25.128162
 2.920000 -2.624824 2.851868 26.607458
 2.940000 -2.794271 2.758815 25.471262
 2.960000 -2.612627 2.764817 26.549461
 2.980000 -2.646315 2.798950 26.392888
 3.000000 -2.677776 2.702811 25.954441
 3.020000 -2.645650 2.538778 25.400273
 3.040000 -2.537155 2.693287 26.845256
 3.060000 -2.563635 2.659946 26.514500
 3.080000 -2.590465 2.630859 26.201543
 3.100000 -2.502464 2.693014 27.100170
 3.120000 -2.687785 2.665482 25.766189
 3.140000 -2.522732 2.695433 26.959554
 3.160000 -2.740697 2.375863 24.042486
 3.180000 -2.743781 2.457445 24.499761
 3.200000 -2.680916 2.486309 24.928610
 3.220000 -2.708301 2.464598 24.682380
 3.240000 -2.693708 2.443488 24.621822
 3.260000 -2.646753 2.193023 23.272886
 3.280000 -2.733965 2.311106 23.681292
 3.300000 -2.700152 2.377887 24.201650
 3.320000 -2.576026 2.284310 24.143341
 3.340000 -2.833929 2.177461 22.713676
 3.360000 -2.543756 2.272353 24.225372
 3.380000 -2.723038 2.282795 23.547466
 3.400000 -2.597197 2.323715 24.301798
 3.420000 -2.618348 2.258878 23.787220
 3.440000 -2.491172 2.354904 25.089943
 3.460000 -2.400814 2.491533 26.670862
 3.480000 -2.356906 2.512724 27.150953
 3.500000 -2.266279 2.481321 27.617745
 3.520000 -2.285802 2.596632 28.283178
 3.540000 -2.283082 2.739304 29.084033
 3.560000 -2.464229 2.525820 26.447728
 3.580000 -2.380595 2.477036 26.716365
 3.600000 -2.625984 2.370035 24.468453
 3.620000 -2.628576 2.479150 25.144232
 3.640000 -2.733004 2.375047 24.064078
 3.660000 -2.866705 2.393242 23.798944
 3.680000 -2.913675 2.264421 23.075897
 3.700000 -2.924162 2.361910 23.551010
 3.720000 -2.860226 2.521463 24.439252
 3.740000 -2.783472 2.543430 24.793989
 3.760000 -2.540231 2.728218 26.956140
 3.780000 -2.464550 2.724516 27.521557
 3.800000 -2.344151 2.934021 28.979730
 3.820000 -2.378826 2.757356 28.346141
 3.840000 -2.434348 2.998063 28.097405
 3.860000 -2.413530 2.946155 28.349683
 3.880000 -2.347946 3.040278 28.796745
 3.900000 -2.544339 2.911173 27.239600
 3.920000 -2.630635 2.963545 26.518688
 3.940000 -2.710351 2.976557 25.930828
 3.960000 -2.818430 2.828588 25.424477
 3.980000 -2.775358 2.815145 25.638552
 4.000000 -2.864478 2.644690 24.897344
 4.020000 -2.918376 2.775107 24.982894
 4.040000 -2.971659 2.675093 24.666319
 4.060000 -2.917044 2.696522 24.864127
 4.080000 -2.889448 2.703255 24.969139
 4.100000 -2.643620 2.862580 26.482648
 4.120000 -2.586916 3.025866 26.712126
 4.140000 -2.591566 2.979021 26.791113
 4.160000 -2.475951 2.974223 27.765854
 4.180000 -2.550824 3.056695 26.906298
 4.200000 -2.523738 3.119519 26.865400
 4.220000 -2.508313 2.963217 27.501480
 4.240000 -2.608171 2.955610 26.700955
 4.260000 -2.761610 2.890734 25.731755
 4.280000 -2.782366 2.929106 25.578927
 4.300000 -3.014148 2.699162 24.616410
 4.320000 -2.913657 2.656751 24.777577
 4.340000 -2.908169 2.753806 24.992910
 4.360000 -2.850777 2.699280 25.100037
 4.380000 -2.785212 2.685039 25.340062
 4.400000 -2.774561 2.685892 25.391955
 4.420000 -2.694384 2.866501 26.145446
 4.440000 -2.548354 2.813977 27.125224
 4.460000 -2.566201 2.727274 26.764123
 4.480000 -2.533309 2.650877 26.682669
 4.500000 -2.574207 2.735157 26.733058
 4.520000 -2.704083 2.660071 25.657145
 4.540000 -2.657879 2.443507 24.783072
 4.560000 -2.742136 2.392435 24.134502
 4.580000 -2.704808 2.282610 23.605651
 4.600000 -2.731590 2.463946 24.583357
 4.620000 -2.814486 2.325830 23.549013
 4.640000 -2.744453 2.285008 23.495930
 4.660000 -2.642573 2.474178 25.042720
 4.680000 -2.589609 2.435853 25.079048
 4.700000 -2.441373 2.434009 25.974974
 4.720000 -2.494247 2.543854 26.355982
 4.740000 -2.459193 2.608175 26.994503
 4.760000 -2.324745 2.703507 28.570556
 4.780000 -2.348061 2.695807 28.339616
 4.800000 -2.298126 2.632948 28.410569
 4.820000 -2.272083 2.841836 29.510408
 4.840000 -2.460714 2.762943 27.688710
 4.860000 -2.475631 2.674018 27.217411
 4.880000 -2.625766 2.599570 25.831980
 4.900000 -2.769836 2.501796 24.639896
 4.920000 -2.795585 2.591182 24.958583
 4.940000 -2.933911 2.535259 24.318931
 4.960000 -2.962804 2.415740 23.763904
 4.980000 -2.759308 2.461799 24.466235
 5.000000 -2.762990 2.531585 24.816309
 5.020000 -2.654643 2.613673 25.733773
 5.040000 -2.457708 2.707106 27.504636
 5.060000 -2.487158 2.799833 27.577753
 5.080000 -2.357929 2.799291 28.658999
 5.100000 -2.386604 2.822370 28.470568
 5.120000 -2.632511 2.780266 26.450057
 5.140000 -2.505641 2.919844 27.557298
 5.160000 -2.581528 2.819753 26.884661
 5.180000 -2.632018 2.651283 26.034224
 5.200000 -2.665200 2.606934 25.643679
 5.220000 -2.875868 2.564964 24.577596
 5.240000 -2.952288 2.545940 24.323737
 5.260000 -2.895997 2.536365 24.407551
 5.280000 -2.875475 2.447599 24.054131
 5.300000 -2.742006 2.490386 24.687254
 5.320000 -2.759352 2.537655 24.860701
 5.340000 -2.652542 2.694036 26.076327
 5.360000 -2.594335 2.811990 26.777614
 5.380000 -2.411041 2.824701 28.266693
 5.400000 -2.368592 2.956065 28.750055
 5.420000 -2.296406 3.079796 29.153731
 5.440000 -2.521371 -3.094517 26.481193
 5.460000 -2.536845 -3.090283 26.315097
 5.480000 -2.685040 3.137481 25.471220
 5.500000 -2.808002 3.112459 24.823371
 5.520000 -2.943912 3.082181 24.342260
 5.540000 -2.938477 -3.078833 23.656498
 5.560000 -3.041318 3.091121 23.984091
 5.580000 -2.875814 -3.054116 23.737493
 5.600000 -2.883142 3.114494 24.435125
 5.620000 -2.761388 -3.058212 24.378690
 5.640000 -2.627011 -3.046977 25.245767
 5.660000 -2.694922 -3.136950 25.350087
 5.680000 -2.564734 3.091136 26.647936
 5.700000 -2.627426 3.013701 26.429869
 5.720000 -2.672277 2.993155 26.153258
 5.740000 -2.594409 2.943049 26.822557
 5.760000 -2.516773 2.893435 27.463377
 5.780000 -2.637701 2.609459 25.810625
 5.800000 -2.568687 2.730218 26.756253
 5.820000 -2.851397 2.586042 24.736204
 5.840000 -2.953712 2.522229 24.230574
 5.860000 -2.870035 2.402418 23.839291
 5.880000 -2.914343 2.476729 24.109862
 5.900000 -2.807761 2.480674 24.401393
 5.920000 -2.759967 2.396239 24.096243
 5.940000 -2.781497 2.385195 23.966120
 5.960000 -2.706796 2.443443 24.566248
 5.980000 -2.445167 2.509956 26.476499
 6.000000 -2.455545 2.454792 26.025905
 6.020000 -2.229766 2.658504 29.120333
 6.040000 -2.411307 2.471775 26.454776
 6.060000 -2.483721 2.521580 26.286170
 6.080000 -2.550072 2.513895 25.805286
 6.100000 -2.491351 2.446285 25.729218
 6.120000 -2.596130 2.536665 25.664712
 6.140000 -2.530234 2.518958 25.962239
 6.160000 -2.759284 2.414182 24.200463
 6.180000 -2.732372 2.532606 24.948602
 6.200000 -2.670758 2.400607 24.461473
 6.220000 -2.735815 2.441870 24.442009
 6.240000 -2.588353 2.466553 25.282752
 6.260000 -2.739410 2.538667 24.948779
 6.280000 -2.711952 2.673067 25.662511
 6.300000 -2.826500 2.665609 25.104088
 6.320000 -2.846347 2.646200 24.966720
 6.340000 -2.777211 2.717961 25.467901
 6.360000 -2.684635 2.819576 26.173801
 6.380000 -2.668195 2.853081 26.310221
 6.400000 -2.567474 2.753926 26.839181
 6.420000 -2.606426 2.690657 26.356418
 6.440000 -2.722462 2.571857 25.186603
 6.460000 -2.630722 2.689533 26.195736
 6.480000 -2.802002 2.571517 24.850702
 6.500000 -2.718266 2.596685 25.321797
 6.520000 -2.775195 2.482278 24.518986
 6.540000 -2.695745 2.516425 25.028105
 6.560000 -2.718072 2.590111 25.292741
 6.580000 -2.549284 2.549917 26.028948
 6.600000 -2.537913 2.547043 26.084834
 6.620000 -2.373526 2.508784 26.996600
 6.640000 -2.374063 2.541776 27.220920
 6.660000 -2.444146 2.449038 26.063080
 6.680000 -2.439098 2.500540 26.455902
 6.700000 -2.539859 2.469570 25.583319
 6.720000 -2.527848 2.448937 25.518392
 6.740000 -2.626704 2.485309 25.191073
 6.760000 -2.813726 2.484950 24.404274
 6.780000 -2.832539 2.557250 24.681169
 6.800000 -2.909074 2.653627 24.782532
 6.820000 -2.825126 2.562486 24.728713
 6.840000 -2.742442 2.549339 24.988373
 6.860000 -2.664770 2.669166 25.911364
 6.880000 -2.644978 2.611142 25.776768
 6.900000 -2.628217 2.791320 26.501019
 6.920000 -2.722045 2.717685 25.749373
 6.940000 -2.628022 2.885244 26.600454
 6.960000 -2.633055 2.844602 26.542658
 6.980000 -2.694512 2.873383 26.145765
 7.000000 -2.670065 2.965013 26.229074
 7.020000 -2.664904 2.996276 26.198300
 7.040000 -2.596991 2.972517 26.760542
 7.060000 -2.577784 2.884882 26.975215
 7.080000 -2.662617 2.844291 26.340676
 7.100000 -2.675190 2.888836 26.271727
 7.120000 -2.762186 2.772517 25.656177
 7.140000 -2.840346 2.680334 25.091868
 7.160000 -2.778652 2.680939 25.357792
 7.180000 -2.827182 2.718725 25.242030
 7.200000 -2.772057 2.743509 25.551631
 7.220000 -2.800231 2.546983 24.748110
 7.240000 -2.759827 2.697726 25.497777
 7.260000 -2.690890 2.606688 25.505100
 7.280000 -2.666088 2.638882 25.781320
 7.300000 -2.630648 2.588568 25.748212
 7.320000 -2.589792 2.720778 26.576349
 7.340000 -2.593807 2.712707 26.521255
 7.360000 -2.633895 2.692027 26.184921
 7.380000 -2.672364 2.629658 25.706690
 7.400000 -2.761701 2.707854 25.517158
 7.420000 -2.667966 2.831949 26.294593
 7.440000 -2.748218 2.740445 25.667034
 7.460000 -2.695338 2.651853 25.672704
 7.480000 -2.728825 2.608773 25.324191
 7.500000 -2.702354 2.802522 26.042231
 7.520000 -2.691909 2.682458 25.804503
 7.540000 -2.689135 2.731331 25.973915
 7.560000 -2.634037 2.814448 26.500008
 7.580000 -2.637371 2.880489 26.532995
 7.600000 -2.586307 2.724743 26.613634
 7.620000 -2.716218 2.719914 25.787445
 7.640000 -2.528372 2.877533 27.361939
 7.660000 -2.665219 2.676243 25.935395
 7.680000 -2.528428 2.697263 26.925242
 7.700000 -2.671215 2.422207 24.592356
 7.720000 -2.584821 2.565410 25.896600
 7.740000 -2.784907 2.469115 24.416134
 7.760000 -2.684940 2.419378 24.515512
 7.780000 -2.701473 2.325766 23.877763
 7.800000 -2.611932 2.541480 25.601343
 7.820000 -2.563585 2.509125 25.692617
 7.840000 -2.584149 2.475426 25.362294
 7.860000 -2.436918 2.528521 26.660646
 7.880000 -2.559412 2.592318 26.204800
 7.900000 -2.307542 2.677725 28.584845
 7.920000 -2.544258 2.534892 25.970941
 7.940000 -2.398614 2.625705 27.559547
 7.960000 -2.621202 2.575289 25.733824
 7.980000 -2.613203 2.603416 25.926070
 8.000000 -2.827965 2.367659 23.747151
 8.020000 -2.795145 2.356376 23.766088
 8.040000 -2.777915 2.492546 24.562824
 8.060000 -2.830013 2.532525 24.580291
 8.080000 -2.648571 2.493632 25.127905
 8.100000 -2.701494 2.493477 24.875461
 8.120000 -2.502379 2.653687 26.919291
 8.140000 -2.597011 2.599592 26.005410
 8.160000 -2.413523 2.675556 27.709285
 8.180000 -2.557466 2.668185 26.593467
 8.200000 -2.318228 2.804741 29.017488
 8.220000 -2.475572 2.840760 27.753230
 8.240000 -2.470129 2.828714 27.777871
 8.260000 -2.663516 2.728428 26.120183
 8.280000 -2.695794 2.740018 25.958024
 8.300000 -2.731320 2.819952 25.889642
 8.320000 -2.770898 2.756516 25.583008
 8.340000 -2.759869 2.743268 25.612841
 8.360000 -2.903984 2.758042 25.012963
 8.380000 -2.846281 2.814776 25.290245
 8.400000 -2.891455 2.790723 25.092607
 8.420000 -2.840572 2.833506 25.323256
 8.440000 -2.732650 2.888627 25.904675
 8.460000 -2.574148 2.897982 27.004846
 8.480000 -2.664084 3.023417 26.127793
 8.500000 -2.566982 2.933896 27.046886
 8.520000 -2.554766 3.063625 26.846976
 8.540000 -2.492539 3.127253 27.105225
 8.560000 -2.447577 3.042540 27.866020
 8.580000 -2.560766 2.926798 27.101457
 8.600000 -2.710722 2.964343 25.953211
 8.620000 -2.859905 2.924934 25.189564
 8.640000 -2.887930 2.813661 25.119646
 8.660000 -3.004748 2.726791 24.678858
 8.680000 -2.915280 2.682680 24.838279
 8.700000 -2.894330 2.746779 25.031808
 8.720000 -2.800484 2.775474 25.466748
 8.740000 -2.759002 2.755615 25.642412
 8.760000 -2.686935 2.731940 25.988566
 8.780000 -2.652635 2.804749 26.360355
 8.800000 -2.545644 2.932671 27.220056
 8.820000 -2.649496 2.879232 26.447499
 8.840000 -2.660873 2.689076 26.008120
 8.860000 -2.743195 2.725187 25.656830
 8.880000 -2.731623 2.592642 25.239704
 8.900000 -2.662272 2.540283 25.321515
 8.920000 -2.749389 2.498824 24.702837
 8.940000 -2.676493 2.450534 24.739482
 8.960000 -2.593631 2.461795 25.223532
 8.980000 -2.551745 2.468516 25.505418
 9.000000 -2.508124 2.399806 25.302580
 9.020000 -2.415493 2.379302 25.750773
 9.040000 -2.470198 2.503613 26.259599
 9.060000 -2.495274 2.400022 25.382811
 9.080000 -2.548686 2.330710 24.594439
 9.100000 -2.743843 2.270933 23.415579
 9.120000 -2.814897 2.339005 23.620881
 9.140000 -2.764006 2.372974 23.949880
 9.160000 -2.888661 2.537261 24.429687
 9.180000 -2.807557 2.583727 24.881473
 9.200000 -2.864362 2.649760 24.913448
 9.220000 -2.846928 2.835276 25.295879
 9.240000 -2.700613 2.915450 26.089654
 9.260000 -2.626392 2.965088 26.547903
 9.280000 -2.672540 2.955756 26.227534
 9.300000 -2.636948 3.083596 26.101943
 9.320000 -2.759739 3.097321 25.184552
 9.340000 -2.885451 -3.105623 24.052649
 9.360000 -2.856813 -3.084981 24.047311
 9.380000 -2.942260 -3.128572 23.962605
 9.400000 -2.844215 -2.997320 23.436071
 9.420000 -2.822918 -2.930193 22.943820
 9.440000 -2.766423 -2.929522 23.249707
 9.460000 -2.685819 -2.943063 23.908190
 9.480000 -2.639633 -2.811815 22.924133
 9.500000 -2.674014 -2.964051 24.187510
 9.520000 -2.653583 -2.959698 24.301855
 9.540000 -2.747727 -2.990373 23.917100
 9.560000 -2.801138 -3.112053 24.518122
 9.580000 -2.861494 3.082004 24.698312
 9.600000 -2.987211 3.109272 24.055685
 9.620000 -2.930556 3.036274 24.589846
 9.640000 -2.868532 2.909520 25.170841
 9.660000 -2.819527 2.964342 25.314276
 9.680000 -2.683569 2.785982 26.131660
 9.700000 -2.640715 2.689657 26.133537
 9.720000 -2.655345 2.763985 26.264575
 9.740000 -2.604195 2.560946 25.755337
 9.760000 -2.547433 2.472857 25.559316
 9.780000 -2.734159 2.341146 23.858822
 9.800000 -2.556028 2.279897 24.213119
 9.820000 -2.676508 2.229581 23.384234
 9.840000 -2.703234 2.158792 22.895938
 9.860000 -2.524370 2.054862 23.014909
 9.880000 -2.480052 2.074123 23.324090
 9.900000 -2.452885 1.981569 23.007116
 9.920000 -2.397192 1.911312 23.011262
 9.940000 -2.516864 1.855885 22.313067
 9.960000 -2.517936 1.707746 22.165477
 9.980000 -2.476213 1.823276 22.414096
 10.000000 -2.573178 1.688212 21.986433
 10.020000 -2.459292 1.785184 22.427873
 10.040000 -2.477172 1.817674 22.400133
 10.060000 -2.498432 1.869036 22.419348
 10.080000 -2.349513 1.957826 23.443688
 10.100000 -2.264848 1.871353 23.575155
 10.120000 -2.308772 2.026015 24.009835
 10.140000 -2.125487 2.177561 26.216419
 10.160000 -2.278928 2.208692 25.388981
 10.180000 -2.333721 2.234061 25.209978
 10.200000 -2.237673 2.432011 27.452713
 10.220000 -2.448143 2.362492 25.412444
 10.240000 -2.467106 2.600417 26.891070
 10.260000 -2.654813 2.533053 25.320603
 10.280000 -2.669203 2.649096 25.806226
 10.300000 -2.761799 2.859959 25.736679
 10.320000 -2.774762 2.884640 25.659826
 10.340000 -2.795621 2.917231 25.520643
 10.360000 -2.914472 3.098972 24.378652
 10.380000 -2.884470 -3.114345 24.112959
 10.400000 -2.939250 -3.043894 23.404292
 10.420000 -2.857955 -2.901004 22.502605
 10.440000 -2.926486 -2.976534 22.914830
 10.460000 -2.833155 -2.678330 20.309517
 10.480000 -2.839833 -2.755907 21.102913
 10.500000 -2.636662 -2.613143 20.783216
 10.520000 -2.679592 -2.599817 20.326834
 10.540000 -2.519478 -2.483337 20.527841
 10.560000 -2.651507 -2.709216 21.714326
 10.580000 -2.616691 -2.827777 23.276203
 10.600000 -2.635597 -2.706288 21.804221
 10.620000 -2.665952 -2.890071 23.539601
 10.640000 -2.561924 -2.934352 24.818176
 10.660000 -2.629461 -3.053252 25.273954
 10.680000 -2.471078 -2.958899 25.878568
 10.700000 -2.603762 3.056774 26.471717
 10.720000 -2.583775 3.012770 26.775076
 10.740000 -2.804392 2.795030 25.470752
 10.760000 -2.775964 2.771902 25.583375
 10.780000 -2.758539 2.655143 25.366056
 10.800000 -2.847502 2.499605 24.375006
 10.820000 -2.823325 2.416757 24.022597
 10.840000 -3.023264 2.219820 22.854727
 10.860000 -3.057056 2.345921 23.422813
 10.880000 -2.908311 2.030715 22.010430
 10.900000 -2.697750 2.189376 23.081671
 10.920000 -2.669810 2.146653 22.931186
 10.940000 -2.311123 2.247983 25.466159
 10.960000 -2.428055 2.162088 24.124615
 10.980000 -2.314177 2.201886 25.103980
 11.000000 -2.079423 2.242631 27.054571
 11.020000 -1.917535 2.139635 27.268957
 11.040000 -1.820310 2.216431 28.369447
 11.060000 -1.748306 2.056708 27.491424
 11.080000 -1.537884 2.215097 28.983424
 11.100000 -1.619366 2.196114 28.811776
 11.120000 -1.151539 2.225730 27.645456
 11.140000 -1.205832 2.316815 28.240708
 11.160000 -1.108712 2.321019 27.524189
 11.180000 -1.215253 2.483855 28.778281
 11.200000 -1.147215 2.402730 28.001446
 11.220000 -0.877811 2.377187 25.587160
 11.240000 -0.921204 2.359399 25.966415
 11.260000 -0.691687 2.323781 24.234699
 11.280000 -0.999348 2.333147 26.634581
 11.300000 -0.922430 2.367802 25.976598
 11.320000 -1.012342 2.276269 26.700917
 11.340000 -1.034562 2.281177 26.881256
 11.360000 -1.248111 2.340531 28.599650
 11.380000 -1.413643 2.240175 28.949092
 11.400000 -1.441407 2.257629 29.115120
 11.420000 -1.627661 2.209833 28.895619
 11.440000 -1.516405 2.187048 28.803758
 11.460000 -1.753032 2.074886 27.598174
 11.480000 -1.752488 2.077575 27.619086
 11.500000 -1.848523 2.010909 26.722579
 11.520000 -1.911667 1.922336 25.843219
 11.540000 -1.772784 1.839426 26.098959
 11.560000 -1.971522 1.800312 24.943849
 11.580000 -1.804353 1.732447 25.513570
 11.600000 -1.978447 1.756980 24.756024
 11.620000 -1.920065 1.714483 24.919493
 11.640000 -1.915989 1.716194 24.943938
 11.660000 -1.685885 1.696922 25.878145
 11.680000 -1.677391 1.675558 25.842399
 11.700000 -1.711434 1.594975 25.503872
 11.720000 -1.501885 1.676666 26.409037
 11.740000 -1.445353 1.502000 26.241818
 11.760000 -1.195552 1.414672 26.834955
 11.780000 -0.984281 1.211830 27.497872
 11.800000 -1.136851 1.177548 27.329150
 11.820000 -1.038979 1.060325 27.837112
 11.840000 -1.171035 1.043127 27.524110
 11.860000 -1.290357 0.958054 27.241502
 11.880000 -1.567275 1.220545 25.832487
 11.900000 -1.563275 0.776555 26.416790
 11.920000 -1.745341 0.834608 25.909523
 11.940000 -1.605906 0.644070 26.452615
 11.960000 -1.813294 0.531554 26.210578
 11.980000 -1.721384 0.467323 26.388913
 12.000000 -1.677976 0.410325 26.571629
 12.020000 -1.527364 0.362281 27.234813
 12.040000 -1.414388 0.349039 27.892275
 12.060000 -1.318601 0.368211 28.437949
 12.080000 -1.245503 0.313264 29.117946
 12.100000 -1.179104 0.257747 29.791950
 12.120000 -1.074104 0.414074 29.762940
 12.140000 -1.121130 0.385827 29.622230
 12.160000 -1.288108 0.609875 27.986327
 12.180000 -1.338071 0.476191 28.012991
 12.200000 -1.599336 0.722270 26.373681
 12.220000 -1.435284 0.640569 27.147475
 12.240000 -1.732357 0.863630 25.884222
 12.260000 -1.519758 0.748117 26.613396
 12.280000 -1.749785 1.166674 25.379182
 12.300000 -1.414379 0.998069 26.648515
 12.320000 -1.531634 1.199237 25.969679
 12.340000 -1.298591 1.241802 26.738694
 12.360000 -1.417267 1.420967 26.275787
 12.380000 -1.258100 1.245661 26.864054
 12.400000 -1.234704 1.456537 26.738128
 12.420000 -1.112156 1.298065 27.142256
 12.440000 -1.036186 1.517936 26.840715
 12.460000 -1.266327 1.520481 26.677501
 12.480000 -1.284340 1.495161 26.637997
 12.500000 -1.490857 1.626859 26.312646
 12.520000 -1.616908 1.629938 25.927068
 12.540000 -1.611821 1.689421 26.116435
 12.560000 -1.709296 1.527873 25.395513
 12.580000 -1.591328 1.649775 26.064764
 12.600000 -1.664019 1.557955 25.603734
 12.620000 -1.490022 1.483684 26.086701
 12.640000 -1.549244 1.470610 25.879549
 12.660000 -1.366734 1.487123 26.446710
 12.680000 -1.566521 1.614070 26.050667
 12.700000 -1.412731 1.451744 26.300502
 12.720000 -1.538572 1.638238 26.200156
 12.740000 -1.392167 1.385942 26.350288
 12.760000 -1.296825 1.502303 26.614823
 12.780000 -1.039845 1.074946 27.795122
 12.800000 -1.018791 1.367296 27.105554
 12.820000 -0.732722 0.978060 27.975535
 12.840000 -1.124483 1.132703 27.459020
 12.860000 -1.185464 1.067089 27.422705
 12.880000 -1.490802 1.202700 26.106495
 12.900000 -1.377609 0.965468 26.851131
 12.920000 -1.663656 1.092044 25.687833
 12.940000 -1.567855 0.913456 26.200149
 12.960000 -1.641112 1.067182 25.781415
 12.980000 -1.393913 0.777285 27.112815
 13.000000 -1.408896 0.795728 27.011037
 13.020000 -1.377183 0.769823 27.205285
 13.040000 -1.500985 0.887031 26.478229
 13.060000 -1.440486 0.675247 27.064689
 13.080000 -1.346719 0.796212 27.302145
 13.100000 -1.255856 0.733023 27.879289
 13.120000 -1.249432 0.704712 27.975131
 13.140000 -1.101776 0.610978 28.953705
 13.160000 -1.257018 0.571707 28.250250
 13.180000 -1.219040 0.723102 28.085977
 13.200000 -1.401040 0.717076 27.184552
 13.220000 -1.313067 0.753179 27.550749
 13.240000 -1.402503 0.782441 27.063728
 13.260000 -1.514591 0.923048 26.370188
 13.280000 -1.637225 1.012601 25.865340
 13.300000 -1.430924 0.865634 26.795566
 13.320000 -1.489306 1.163990 26.149948
 13.340000 -1.363456 1.024184 26.816292
 13.360000 -1.286099 1.129761 26.945114
 13.380000 -1.251290 1.258713 26.867668
 13.400000 -1.172892 1.193875 27.200070
 13.420000 -1.267245 1.213863 26.877740
 13.440000 -1.425655 1.388334 26.244590
 13.460000 -1.426045 1.328198 26.251386
 13.480000 -1.389446 1.365312 26.361396
 13.500000 -1.186619 1.257234 27.049843
 13.520000 -1.344936 1.378912 26.494086
 13.540000 -1.245618 1.283266 26.852949
 13.560000 -1.312119 1.284301 26.650146
 13.580000 -1.275449 1.122617 26.996240
 13.600000 -1.448986 1.378523 26.168297
 13.620000 -1.313030 1.180547 26.770279
 13.640000 -1.465567 1.222449 26.178412
 13.660000 -1.381860 1.106868 26.617987
 13.680000 -1.395553 1.151711 26.506733
 13.700000 -1.529795 1.112909 26.067370
 13.720000 -1.469115 1.106038 26.289965
 13.740000 -1.385302 0.980721 26.793860
 13.760000 -1.435795 0.966418 26.609484
 13.780000 -1.389250 1.039999 26.687336
 13.800000 -1.212056 0.836544 27.848849
 13.820000 -1.134504 0.820902 28.214125
 13.840000 -1.403323 0.906207 26.842745
 13.860000 -1.342177 0.751370 27.410004
 13.880000 -1.512316 0.893162 26.425928
 13.900000 -1.259209 0.825537 27.658995
 13.920000 -1.323319 0.917317 27.175552
 13.940000 -1.348217 0.858568 27.175114
 13.960000 -1.415516 1.006309 26.631636
 13.980000 -1.396149 0.907573 26.870910
 14.000000 -1.418668 0.907455 26.775798
 14.020000 -1.271884 0.874070 27.494304
 14.040000 -1.320636 0.948026 27.129518
 14.060000 -1.380633 0.919366 26.917351
 14.080000 -1.211379 0.907639 27.685504
 14.100000 -1.325764 0.919551 27.160341
 14.120000 -1.466111 1.094492 26.315339
 14.140000 -1.346088 0.905238 27.095988
 14.160000 -1.506594 1.029316 26.252795
 14.180000 -1.308304 1.034881 27.023448
 14.200000 -1.333220 1.069575 26.865110
 14.220000 -1.295964 0.921029 27.290161
 14.240000 -1.407370 1.199730 26.407986
 14.260000 -1.071666 0.959214 28.043295
 14.280000 -1.369433 1.233553 26.507448
 14.300000 -1.164266 1.174580 27.261995
 14.320000 -1.377697 1.175034 26.543969
 14.340000 -1.353828 1.240622 26.554048
 14.360000 -1.414975 1.332056 26.287239
 14.380000 -1.464065 1.182415 26.220368
 14.400000 -1.438617 1.380933 26.202392
 14.420000 -1.498740 1.198410 26.082983
 14.440000 -1.471990 1.232255 26.147789
 14.460000 -1.370906 1.251836 26.484839
 14.480000 -1.262918 1.247140 26.847177
 14.500000 -1.312123 1.253807 26.680092
 14.520000 -1.303965 1.177080 26.807005
 14.540000 -1.221038 1.110942 27.210897
 14.560000 -1.389753 1.151529 26.528490
 14.580000 -1.208895 1.046194 27.385746
 14.600000 -1.416994 1.018058 26.608224
 14.620000 -1.313359 0.951564 27.154560
 14.640000 -1.505074 1.111046 26.155462
 14.660000 -1.433290 0.861798 26.791935
 14.680000 -1.568032 0.877196 26.256473
 14.700000 -1.605929 0.906396 26.096855
 14.720000 -1.744693 0.898932 25.809807
 14.740000 -1.657983 0.878027 26.006513
 14.760000 -1.347606 0.850398 27.193593
 14.780000 -1.445251 0.845637 26.767873
 14.800000 -1.246824 0.875110 27.604920
 14.820000 -1.369276 0.821112 27.148944
 14.840000 -1.204719 0.756088 28.076099
 14.860000 -1.246648 0.814050 27.743386
 14.880000 -1.330036 0.891558 27.194217
 14.900000 -1.435414 0.884140 26.745615
 14.920000 -1.463666 0.986598 26.470910
 14.940000 -1.379019 0.972953 26.832817
 14.960000 -1.520279 1.034900 26.197453
 14.980000 -1.335791 0.978887 27.007155
 15.000000 -1.656442 1.056656 25.755387
 15.020000 -1.406719 1.015628 26.653195
 15.040000 -1.444183 1.174524 26.301069
 15.060000 -1.187809 0.995246 27.576131
 15.080000 -1.358518 1.275722 26.506179
 15.100000 -1.132747 1.029602 27.680944
 15.120000 -1.192334 1.096828 27.336403
 15.140000 -1.234190 1.205749 26.995647
 15.160000 -1.184409 1.173430 27.206166
 15.180000 -1.182645 1.347163 26.930781
 15.200000 -1.284839 1.324808 26.697440
 15.220000 -1.458648 1.563888 26.280037
 15.240000 -1.441096 1.478465 26.233718
 15.260000 -1.509790 1.509856 26.051195
 15.280000 -1.419311 1.457232 26.284070
 15.300000 -1.337132 1.412825 26.509768
 15.320000 -1.357897 1.494668 26.473151
 15.340000 -1.146580 1.533040 26.812882
 15.360000 -1.300617 1.405944 26.608049
 15.380000 -1.255147 1.500979 26.692852
 15.400000 -1.414823 1.375304 26.279409
 15.420000 -1.300992 1.376850 26.618742
 15.440000 -1.333874 1.391751 26.522573
 15.460000 -1.141373 1.119824 27.441838
 15.480000 -1.303382 1.300666 26.663055
 15.500000 -1.319120 1.064814 26.928435
 15.520000 -1.283436 0.953644 27.280082
 15.540000 -1.327916 0.940291 27.112073
 15.560000 -1.365596 0.948543 26.931967
 15.580000 -1.305442 0.835614 27.419843
 15.600000 -1.384227 0.835959 27.053013
 15.620000 -1.496096 0.808775 26.618318
 15.640000 -1.486484 0.782977 26.695471
 15.660000 -1.541203 0.601855 26.735593
 15.680000 -1.480352 0.755126 26.762642
 15.700000 -1.393782 0.573924 27.480496
 15.720000 -1.483456 0.792039 26.694059
 15.740000 -1.304551 0.638758 27.832215
 15.760000 -1.296625 0.682166 27.781716
 15.780000 -1.325787 0.756551 27.480992
 15.800000 -1.434158 0.731168 27.003970
 15.820000 -1.252478 0.810301 27.724410
 15.840000 -1.350129 0.979865 26.944010
 15.860000 -1.040492 0.828377 28.509016
 15.880000 -1.242519 1.198947 26.979772
 15.900000 -1.215146 1.016607 27.425882
 15.920000 -1.375332 1.332448 26.416805
 15.940000 -1.375644 1.206715 26.514454
 15.960000 -1.393002 1.361538 26.350927
 15.980000 -1.351977 1.463328 26.474211
 16.000000 -1.315338 1.447355 26.564526
 16.020000 -1.325136 1.592460 26.627602
 16.040000 -1.214536 1.486128 26.761134
 16.060000 -1.529312 1.616947 26.175839
 16.080000 -1.415504 1.503707 26.328773
 16.100000 -1.485134 1.496779 26.115208
 16.120000 -1.408992 1.417705 26.300536
 16.140000 -1.367440 1.467986 26.435222
 16.160000 -1.358379 1.247265 26.531694
 16.180000 -1.187811 1.224140 27.102787
 16.200000 -1.293124 1.124101 26.928864
 16.220000 -1.216424 1.042599 27.365948
 16.240000 -1.342569 0.947958 27.033619
 16.260000 -1.258946 0.914434 27.466941
 16.280000 -1.507490 1.034111 26.243455
 16.300000 -1.302135 0.720103 27.673250
 16.320000 -1.437032 0.738684 26.978549
 16.340000 -1.439647 0.686147 27.050649
 16.360000 -1.470486 0.545450 27.136639
 16.380000 -1.568258 0.460046 26.847449
 16.400000 -1.420360 0.445024 27.604022
 16.420000 -1.493963 0.502091 27.101131
 16.440000 -1.449947 0.475709 27.374156
 16.460000 -1.418467 0.546915 27.400717
 16.480000 -1.210470 0.451397 28.865929
 16.500000 -1.415540 0.521507 27.466390
 16.520000 -1.290402 0.541616 28.133916
 16.540000 -1.094051 0.572462 29.110294
 16.560000 -1.106294 0.563165 29.083008
 16.580000 -1.200180 0.749619 28.113303
 16.600000 -1.324315 0.826121 27.349492
 16.620000 -1.405962 1.040485 26.619538
 16.640000 -1.456783 0.808661 26.778800
 16.660000 -1.680018 1.096535 25.640281
 16.680000 -1.709538 1.003541 25.710187
 16.700000 -1.561592 1.108621 25.965818
 16.720000 -1.440852 1.060939 26.453126
 16.740000 -1.331046 1.186918 26.697807
 16.760000 -1.268749 1.319115 26.747577
 16.780000 -1.456853 1.193569 26.235318
 16.800000 -1.239991 1.195944 26.992745
 16.820000 -1.326239 1.300850 26.592002
 16.840000 -1.089960 1.184032 27.423079
 16.860000 -1.186374 1.397054 26.867752
 16.880000 -1.340916 1.265582 26.573162
 16.900000 -1.518444 1.171155 26.041357
 16.920000 -1.483418 1.321542 26.058199
 16.940000 -1.634300 1.113196 25.739679
 16.960000 -1.637336 1.139242 25.699446
 16.980000 -1.595943 1.048711 25.933307
 17.000000 -1.563753 0.929343 26.187986
 17.020000 -1.379816 0.929526 26.902980
 17.040000 -1.293684 0.873235 27.396869
 17.060000 -1.214729 0.720064 28.114488
 17.080000 -1.251389 0.672473 28.039636
 17.100000 -1.236088 0.663096 28.141687
 17.120000 -1.213501 0.733311 28.088826
 17.140000 -1.217650 0.699279 28.149842
 17.160000 -1.348378 0.704628 27.469272
 17.180000 -1.636708 0.714186 26.278189
 17.200000 -1.541819 0.770878 26.498948
 17.220000 -1.602391 0.773959 26.296561
 17.240000 -1.458885 0.830314 26.735446
 17.260000 -1.561903 0.975760 26.131470
 17.280000 -1.540288 0.962162 26.221154
 17.300000 -1.446688 1.073948 26.413449
 17.320000 -1.231327 1.095171 27.206030
 17.340000 -1.229110 1.190246 27.037392
 17.360000 -1.275494 1.159428 26.933922
 17.380000 -1.210701 1.291304 26.937514
 17.400000 -1.267849 1.309998 26.758979
 17.420000 -1.190351 1.346855 26.914730
 17.440000 -1.335324 1.480203 26.521073
 17.460000 -1.530383 1.437627 25.917692
 17.480000 -1.494229 1.440914 26.039925
 17.500000 -1.513853 1.506655 26.034339
 17.520000 -1.374885 1.333546 26.417762
 17.540000 -1.337704 1.543067 26.553743
 17.560000 -1.352571 1.416406 26.466672
 17.580000 -1.392000 1.431829 26.354817
 17.600000 -1.284663 1.431525 26.640484
 17.620000 -1.312622 1.446725 26.571236
 17.640000 -1.172745 1.420362 26.868403
 17.660000 -1.181312 1.310797 26.982291
 17.680000 -1.273586 1.190985 26.890242
 17.700000 -1.306173 1.363135 26.611415
 17.720000 -1.251801 1.173381 26.991558
 17.740000 -1.317892 1.253014 26.661857
 17.760000 -1.419482 0.974402 26.663338
 17.780000 -1.545449 1.095880 26.034859
 17.800000 -1.600849 0.945610 26.051732
 17.820000 -1.427122 0.831540 26.868602
 17.840000 -1.407280 0.892708 26.849768
 17.860000 -1.536513 0.798809 26.479409
 17.880000 -1.480332 0.806575 26.684722
 17.900000 -1.387462 0.756416 27.180642
 17.920000 -1.289732 0.672420 27.838727
 17.940000 -1.189050 0.651288 28.413510
 17.960000 -1.323682 0.526730 27.975704
 17.980000 -1.342383 0.535803 27.846720
 18.000000 -1.080114 0.371701 29.901200
 18.020000 -1.409905 0.494539 27.552934
 18.040000 -1.525895 0.487400 26.979255
 18.060000 -1.602247 0.512838 26.635995
 18.080000 -1.709137 0.551077 26.309473
 18.100000 -1.698000 0.670643 26.194819
 18.120000 -1.602290 0.673300 26.427264
 18.140000 -1.713560 0.621053 26.223897
 18.160000 -1.743520 0.608314 26.193364
 18.180000 -1.601928 0.522075 26.623891
 18.200000 -1.684530 0.717777 26.163982
 18.220000 -1.439709 0.529155 27.322638
 18.240000 -1.435380 0.650265 27.130693
 18.260000 -1.385927 0.621563 27.431088
 18.280000 -1.239251 0.643192 28.173621
 18.300000 -0.964178 0.504962 29.840186
 18.320000 -1.046236 0.702058 28.886378
 18.340000 -1.060639 0.613317 29.121042
 18.360000 -1.121148 0.877496 28.113057
 18.380000 -1.216759 0.784584 27.951072
 18.400000 -1.448547 0.893835 26.675025
 18.420000 -1.528440 0.905915 26.346905
 18.440000 -1.769641 1.016581 25.581265
 18.460000 -1.413429 0.895873 26.818081
 18.480000 -1.553296 1.107622 25.994308
 18.500000 -1.384284 1.073118 26.657667
 18.520000 -1.408230 1.238779 26.367203
 18.540000 -1.388812 1.106664 26.591441
 18.560000 -1.378514 1.270843 26.442855
 18.580000 -1.182048 1.150686 27.257482
 18.600000 -1.364018 1.356748 26.443325
 18.620000 -1.208262 1.263087 26.983526
 18.640000 -1.118654 1.307067 27.114882
 18.660000 -1.088418 1.365708 27.056211
 18.680000 -1.401975 1.418756 26.322135
 18.700000 -1.489002 1.337922 26.034920
 18.720000 -1.789239 1.369772 25.062934
 18.740000 -1.694216 1.431988 25.363337
 18.760000 -1.795425 1.561366 25.122518
 18.780000 -1.661060 1.307472 25.477937
 18.800000 -1.805316 1.398943 25.002030
 18.820000 -1.768856 1.307007 25.164093
 18.840000 -1.827155 1.351146 24.964075
 18.860000 -1.567903 1.318945 25.772965
 18.880000 -1.755160 1.444988 25.164530
 18.900000 -1.550958 1.377961 25.823053
 18.920000 -1.583768 1.298616 25.727999
 18.940000 -1.506060 1.255768 26.012104
 18.960000 -1.320363 1.137598 26.806815
 18.980000 -1.068057 1.085629 27.707971
 19.000000 -1.042274 1.131093 27.641969
 19.020000 -0.854216 0.963577 28.261273
 19.040000 -1.028347 1.108040 27.725738
 19.060000 -1.305614 1.141530 26.855044
 19.080000 -1.431212 1.128280 26.402495
 19.100000 -1.651584 1.092290 25.719297
 19.120000 -1.724426 1.143917 25.469381
 19.140000 -1.572360 0.963989 26.112436
 19.160000 -1.805272 0.942451 25.664361
 19.180000 -1.832688 0.913347 25.696011
 19.200000 -2.021979 0.935410 25.636659
 19.220000 -2.003550 0.723233 26.092543
 19.240000 -2.186113 0.944673 25.667190
 19.260000 -2.032721 0.629745 26.257455
 19.280000 -2.324251 0.775427 26.346002
 19.300000 -2.105827 0.632357 26.368066
 19.320000 -2.082571 0.758067 26.128276
 19.340000 -1.921047 0.678850 26.075197
 19.360000 -1.995346 0.734460 26.065906
 19.380000 -2.004506 0.642572 26.203522
 19.400000 -2.134568 0.753548 26.206310
 19.420000 -2.074090 0.759524 26.114436
 19.440000 -1.999926 0.705749 26.114860
 19.460000 -2.017909 0.755029 26.055386
 19.480000 -1.954293 0.947701 25.591613
 19.500000 -1.822242 0.824953 25.856203
 19.520000 -1.816596 0.986512 25.572799
 19.540000 -1.809993 0.981066 25.589680
 19.560000 -1.853196 0.961162 25.590898
 19.580000 -1.714892 1.009747 25.689968
 19.600000 -1.598067 0.982107 26.013024
 19.620000 -1.241989 0.959148 27.443638
 19.640000 -1.106124 1.035892 27.743323
 19.660000 -1.050881 0.918247 28.214435
 19.680000 -1.170558 1.114285 27.368640
 19.700000 -1.304415 1.124110 26.887199
 19.720000 -1.449907 1.213974 26.241341
 19.740000 -1.580860 1.289271 25.741980
 19.760000 -1.428004 1.231267 26.304045
 19.780000 -1.513551 1.289057 25.967372
 19.800000 -1.562658 1.120888 25.947617
 19.820000 -1.455570 1.210590 26.224172
 19.840000 -1.497901 1.101295 26.192613
 19.860000 -1.448459 1.175590 26.284307
 19.880000 -1.395368 1.185793 26.466925
 19.900000 -1.331680 1.054463 26.895794
 19.920000 -1.309449 1.170289 26.797464
 19.940000 -1.367095 1.024906 26.800316
 19.960000 -1.226140 0.840280 27.777199
 19.980000 -1.135518 0.940696 27.895295
 20.000000 -1.271537 0.797542 27.661538
