#! FIELDS time phi psi metad.bias
#! SET min_phi -pi
#! SET max_phi pi
#! SET min_psi -pi
#! SET max_psi pi
 0.000000 3.141580 -3.141577 4.766608
 0.020000 -2.704427 2.789022 4.399362
 0.040000 -2.661754 2.812979 4.521981
 0.060000 -2.658304 2.798462 4.536987
 0.080000 -2.604040 2.815528 4.706709
 0.100000 -2.614957 2.876623 4.638292
 0.120000 -2.611028 2.862332 4.657362
 0.140000 -2.623671 2.881419 4.610841
 0.160000 -2.617855 2.859604 4.637940
 0.180000 -2.687025 2.849867 4.443393
 0.200000 -2.645317 2.878904 4.551158
 0.220000 -2.655631 2.850564 4.529955
 0.240000 -2.747671 2.765246 4.276899
 0.260000 -2.735929 2.831170 4.316863
 0.280000 -2.805818 2.892624 4.204213
 0.300000 -2.813583 2.923430 4.217797
 0.320000 -2.769078 2.897414 4.270449
 0.340000 -2.794649 2.911225 4.235881
 0.360000 -2.707414 2.979642 4.411692
 0.380000 -2.671911 3.011033 4.476468
 0.400000 -2.714828 2.974501 4.397805
 0.420000 -2.646205 2.989732 4.524203
 0.440000 -2.694618 2.993553 4.436346
 0.460000 -2.693989 2.971833 4.433243
 0.480000 -2.701488 2.952388 4.416016
 0.500000 -2.706220 2.961772 4.409094
 0.520000 -2.745785 2.896298 4.314325
 0.540000 -2.673542 2.797100 4.490034
 0.560000 -2.818923 2.750090 4.094154
 0.580000 -2.661637 2.802706 4.525271
 0.600000 -2.716287 2.639151 4.385780
 0.620000 -2.639298 2.569772 4.714646
 0.640000 -2.676942 2.448013 4.626643
 0.660000 -2.655421 2.514234 4.678288
 0.680000 -2.673321 2.430088 4.654106
 0.700000 -2.476915 2.487055 5.556106
 0.720000 -2.465911 2.395134 5.692558
 0.740000 -2.376844 2.494638 6.085275
 0.760000 -2.410146 2.467037 5.931533
 0.780000 -2.585140 2.488180 5.012801
 0.800000 -2.483760 2.421031 5.576932
 0.820000 -2.478131 2.438134 5.592546
 0.840000 -2.558379 2.515545 5.119946
 0.860000 -2.597688 2.548728 4.910619
 0.880000 -2.786713 2.585892 4.160077
 0.900000 -2.942608 2.536126 3.762041
 0.920000 -2.796272 2.673523 4.131248
 0.940000 -2.852765 2.680317 3.990753
 0.960000 -2.764862 2.836820 4.250584
 0.980000 -2.668929 2.842878 4.493878
 1.000000 -2.664039 2.888975 4.499331
 1.020000 -2.518031 3.114541 4.704073
 1.040000 -2.483219 2.944401 4.987557
 1.060000 -2.507432 3.115555 4.723388
 1.080000 -2.404557 -3.098015 4.837548
 1.100000 -2.379427 -3.056839 4.817944
 1.120000 -2.433280 3.068015 4.957751
 1.140000 -2.311775 3.039117 5.398421
 1.160000 -2.427403 2.967733 5.139599
 1.180000 -2.475556 2.951684 5.002792
 1.200000 -2.476464 2.844081 5.146099
 1.220000 -2.689068 2.488871 4.551526
 1.240000 -2.709684 2.649203 4.406247
 1.260000 -2.807391 2.432752 4.139383
 1.280000 -2.908069 2.527880 3.833868
 1.300000 -2.879720 2.374849 3.957377
 1.320000 -2.738963 2.599667 4.316469
 1.340000 -2.655594 2.637810 4.611553
 1.360000 -2.390851 2.569631 5.925039
 1.380000 -2.402415 2.721387 5.653552
 1.400000 -2.302595 2.724516 6.142441
 1.420000 -2.182369 2.904905 6.291983
 1.440000 -2.284824 2.647293 6.375598
 1.460000 -2.296118 2.745507 6.134162
 1.480000 -2.358678 2.740518 5.834320
 1.500000 -2.620699 2.762826 4.679616
 1.520000 -2.607968 2.608562 4.825093
 1.540000 -2.788636 2.487813 4.178147
 1.560000 -2.815123 2.629215 4.074238
 1.580000 -2.835453 2.573521 4.016422
 1.600000 -2.818307 2.710398 4.081594
 1.620000 -2.803946 2.566635 4.108659
 1.640000 -2.623165 2.696589 4.708200
 1.660000 -2.636946 2.707382 4.649581
 1.680000 -2.643083 2.716137 4.622423
 1.700000 -2.572561 2.903772 4.747915
 1.720000 -2.556677 2.915588 4.786620
 1.740000 -2.525054 2.920452 4.880642
 1.760000 -2.493449 2.848131 5.075159
 1.780000 -2.590333 2.889792 4.704114
 1.800000 -2.480498 2.996009 4.927914
 1.820000 -2.380415 2.891350 5.454503
 1.840000 -2.320085 2.593584 6.271633
 1.860000 -2.379753 2.639009 5.890499
 1.880000 -2.526543 2.589575 5.211958
 1.900000 -2.780120 2.564123 4.184877
 1.920000 -2.902175 2.446658 3.862929
 1.940000 -2.930611 2.389828 3.824124
 1.960000 -2.927690 2.696501 3.853768
 1.980000 -2.876362 2.701663 3.949794
 2.000000 -2.839270 2.837790 4.104778
 2.020000 -2.633285 2.874411 4.586221
 2.040000 -2.360541 3.036724 5.235929
 2.060000 -2.218282 3.077562 5.637057
 2.080000 -2.172961 3.110505 5.705152
 2.100000 -2.284973 -3.126494 5.197431
 2.120000 -2.308379 -3.080435 5.023639
 2.140000 -2.320752 3.072827 5.288347
 2.160000 -2.395745 2.913291 5.351824
 2.180000 -2.470237 2.982300 4.977378
 2.200000 -2.598255 2.918256 4.663940
 2.220000 -2.610262 2.908470 4.636002
 2.240000 -2.659361 2.681074 4.577805
 2.260000 -2.673462 2.636652 4.543065
 2.280000 -2.747295 2.627346 4.282371
 2.300000 -2.883846 2.621327 3.901349
 2.320000 -2.854239 2.527242 3.968079
 2.340000 -2.871982 2.407320 3.958481
 2.360000 -2.882553 2.359047 3.961164
 2.380000 -2.726791 2.416360 4.442026
 2.400000 -2.640355 2.525570 4.736427
 2.420000 -2.481682 2.558995 5.463678
 2.440000 -2.303534 2.560778 6.405787
 2.460000 -2.314165 2.471345 6.450279
 2.480000 -2.312496 2.516861 6.411269
 2.500000 -2.339198 2.598273 6.162760
 2.520000 -2.413230 2.512065 5.870482
 2.540000 -2.424196 2.443158 5.877045
 2.560000 -2.592666 2.415244 5.032712
 2.580000 -2.748393 2.496880 4.316488
 2.600000 -2.860659 2.457804 3.967064
 2.620000 -2.949951 2.619182 3.771678
 2.640000 -2.853321 2.671275 3.986305
 2.660000 -2.648698 2.845075 4.551581
 2.680000 -2.564202 2.938366 4.746258
 2.700000 -2.501295 3.035913 4.821757
 2.720000 -2.351551 3.109989 5.110572
 2.740000 -2.351929 3.128094 5.071598
 2.760000 -2.540379 3.075194 4.694320
 2.780000 -2.441502 -3.106561 4.777242
 2.800000 -2.718228 -3.065181 4.527771
 2.820000 -2.571966 -2.973835 4.548586
 2.840000 -2.744672 -3.041595 4.556729
 2.860000 -2.700143 -2.925824 4.632869
 2.880000 -2.700450 -2.875835 4.678925
 2.900000 -2.757493 -3.102257 4.499660
 2.920000 -2.677255 -3.120719 4.503337
 2.940000 -2.794075 3.088993 4.398035
 2.960000 -2.833803 3.018414 4.295433
 2.980000 -2.986102 2.785121 3.869805
 3.000000 -2.901117 2.847780 4.029228
 3.020000 -2.996738 2.759511 3.829596
 3.040000 -2.718014 2.836423 4.362436
 3.060000 -2.832072 2.678922 4.039005
 3.080000 -2.612238 2.700100 4.748868
 3.100000 -2.516603 2.833900 5.004374
 3.120000 -2.431348 2.624184 5.646231
 3.140000 -2.261547 2.680302 6.439083
 3.160000 -2.356778 2.456604 6.231774
 3.180000 -2.359363 2.579391 6.080772
 3.200000 -2.427300 2.568241 5.734065
 3.220000 -2.486220 2.420146 5.564658
 3.240000 -2.586878 2.382769 5.085600
 3.260000 -2.470222 2.470434 5.606422
 3.280000 -2.502743 2.491055 5.419132
 3.300000 -2.556707 2.441486 5.187430
 3.320000 -2.442890 2.452988 5.767682
 3.340000 -2.622720 2.456632 4.860713
 3.360000 -2.488995 2.508686 5.474210
 3.380000 -2.675694 2.499632 4.600969
 3.400000 -2.732578 2.519704 4.365753
 3.420000 -2.799169 2.545454 4.127068
 3.440000 -2.867426 2.814412 4.041264
 3.460000 -2.845324 2.858860 4.113742
 3.480000 -2.824675 2.954213 4.232938
 3.500000 -2.680606 3.104823 4.481878
 3.520000 -2.697836 -3.123488 4.492908
 3.540000 -2.516899 -2.954963 4.550717
 3.560000 -2.668084 -3.108741 4.511795
 3.580000 -2.509397 -2.992011 4.575559
 3.600000 -2.667758 -2.956180 4.582364
 3.620000 -2.656595 -3.065714 4.529891
 3.640000 -2.839230 3.021567 4.296045
 3.660000 -2.808159 3.129519 4.443154
 3.680000 -2.918316 -3.139972 4.500854
 3.700000 -2.877723 2.994234 4.239177
 3.720000 -2.848713 2.821250 4.076412
 3.740000 -2.749791 2.915817 4.314746
 3.760000 -2.705696 2.872587 4.396626
 3.780000 -2.674629 2.788655 4.488847
 3.800000 -2.592978 2.658865 4.855227
 3.820000 -2.557573 2.741353 4.936115
 3.840000 -2.417672 2.675320 5.647336
 3.860000 -2.512811 2.600102 5.268312
 3.880000 -2.484606 2.664047 5.337022
 3.900000 -2.511839 2.577519 5.294425
 3.920000 -2.454591 2.554135 5.607652
 3.940000 -2.422361 2.527718 5.805077
 3.960000 -2.477936 2.343575 5.668628
 3.980000 -2.530057 2.437421 5.323756
 4.000000 -2.610906 2.449872 4.920110
 4.020000 -2.625398 2.449465 4.853540
 4.040000 -2.727166 2.260886 4.571490
 4.060000 -2.722835 2.497048 4.412790
 4.080000 -2.841070 2.491840 4.012187
 4.100000 -2.771642 2.726290 4.206495
 4.120000 -2.910929 2.505652 3.828746
 4.140000 -2.720942 2.713427 4.355872
 4.160000 -2.662874 2.822306 4.516166
 4.180000 -2.584518 2.991495 4.657289
 4.200000 -2.583457 3.024923 4.640424
 4.220000 -2.548444 3.071556 4.681153
 4.240000 -2.616248 -3.139470 4.546656
 4.260000 -2.525138 -3.013944 4.579210
 4.280000 -2.678758 -3.039978 4.539714
 4.300000 -2.720678 -3.027782 4.559285
 4.320000 -2.752091 -2.918897 4.702565
 4.340000 -2.797040 -3.033370 4.598170
 4.360000 -2.837850 -3.058593 4.591894
 4.380000 -2.893262 -3.049834 4.660104
 4.400000 -2.944437 -3.058119 4.704788
 4.420000 -2.756983 3.141073 4.461552
 4.440000 -2.797493 2.918853 4.237193
 4.460000 -2.803217 2.849358 4.177957
 4.480000 -2.727764 2.861061 4.342700
 4.500000 -2.765923 2.798595 4.235892
 4.520000 -2.736158 2.432244 4.395207
 4.540000 -2.618699 2.515501 4.838372
 4.560000 -2.758883 2.450468 4.299726
 4.580000 -2.637988 2.512270 4.754904
 4.600000 -2.645269 2.345522 4.841719
 4.620000 -2.574361 2.331510 5.186562
 4.640000 -2.367189 2.191135 6.350552
 4.660000 -2.445439 2.320819 5.857395
 4.680000 -2.643035 2.210523 4.976130
 4.700000 -2.580821 2.255419 5.220065
 4.720000 -2.678932 2.229908 4.801180
 4.740000 -2.636375 2.385339 4.850694
 4.760000 -2.633516 2.363422 4.880926
 4.780000 -2.769647 2.505847 4.236802
 4.800000 -2.752982 2.794172 4.267179
 4.820000 -2.625797 2.948184 4.579128
 4.840000 -2.648983 2.868384 4.543973
 4.860000 -2.540241 2.978214 4.779305
 4.880000 -2.585275 -3.081630 4.564411
 4.900000 -2.606404 -3.049693 4.547838
 4.920000 -2.641975 -3.130457 4.523587
 4.940000 -2.716110 3.112840 4.457800
 4.960000 -2.868058 3.109506 4.418047
 4.980000 -2.785727 -3.033827 4.589282
 5.000000 -3.022709 2.989643 4.224388
 5.020000 -2.848375 3.098066 4.398816
 5.040000 -2.922629 2.957270 4.162892
 5.060000 -2.749471 3.059582 4.398281
 5.080000 -2.688308 2.930752 4.440162
 5.100000 -2.528973 2.795046 4.998655
 5.120000 -2.534821 2.678053 5.091812
 5.140000 -2.420401 2.611925 5.717653
 5.160000 -2.496069 2.461211 5.478697
 5.180000 -2.483305 2.273983 5.693372
 5.200000 -2.355402 2.425339 6.266767
 5.220000 -2.416566 2.259662 6.052083
 5.240000 -2.249458 2.319318 6.904258
 5.260000 -2.406573 2.137068 6.184956
 5.280000 -2.389210 2.211928 6.224667
 5.300000 -2.383713 2.223322 6.246826
 5.320000 -2.391828 2.105655 6.282209
 5.340000 -2.498224 2.127692 5.739164
 5.360000 -2.528331 2.126181 5.595494
 5.380000 -2.567144 2.310203 5.239559
 5.400000 -2.726926 2.183859 4.661885
 5.420000 -2.662901 2.433002 4.697307
 5.440000 -2.789951 2.288221 4.309811
 5.460000 -2.723098 2.675081 4.354577
 5.480000 -2.756460 2.650520 4.249585
 5.500000 -2.676775 2.793070 4.481144
 5.520000 -2.712548 2.846493 4.377224
 5.540000 -2.717027 2.945720 4.385558
 5.560000 -2.704689 3.135119 4.476860
 5.580000 -2.762150 3.118243 4.439087
 5.600000 -2.746967 -3.079264 4.520487
 5.620000 -2.720261 -2.903687 4.677966
 5.640000 -2.673697 -2.815115 4.691271
 5.660000 -2.623175 -2.808939 4.617183
 5.680000 -2.461862 -2.661771 4.420352
 5.700000 -2.616479 -2.877833 4.579019
 5.720000 -2.513138 -2.793800 4.494645
 5.740000 -2.504411 -2.931664 4.540821
 5.760000 -2.680769 -3.010836 4.556432
 5.780000 -2.624448 -3.041937 4.542424
 5.800000 -2.862517 3.064825 4.347670
 5.820000 -2.805917 2.976943 4.275305
 5.840000 -2.810718 2.736783 4.108386
 5.860000 -2.814399 2.895324 4.192805
 5.880000 -2.881514 2.668089 3.923234
 5.900000 -2.715802 2.721583 4.371384
 5.920000 -2.852632 2.573034 3.970041
 5.940000 -2.593591 2.490642 4.971156
 5.960000 -2.576504 2.562725 4.998038
 5.980000 -2.672244 2.478983 4.627281
 6.000000 -2.608077 2.550875 4.862430
 6.020000 -2.814248 2.483138 4.095990
 6.040000 -2.735727 2.556623 4.340443
 6.060000 -2.712866 2.547131 4.429164
 6.080000 -2.631990 2.667627 4.689838
 6.100000 -2.598362 2.623474 4.856784
 6.120000 -2.364550 2.829626 5.641366
 6.140000 -2.613925 2.711782 4.734980
 6.160000 -2.403465 2.673403 5.720588
 6.180000 -2.556066 2.718529 4.962741
 6.200000 -2.632039 2.832068 4.606960
 6.220000 -2.595211 2.903076 4.681486
 6.240000 -2.779957 2.843005 4.220744
 6.260000 -2.835518 2.979983 4.249609
 6.280000 -2.780603 3.053777 4.369447
 6.300000 -2.813446 3.138596 4.455025
 6.320000 -2.893371 3.028970 4.286758
 6.340000 -2.780457 3.120697 4.436297
 6.360000 -2.922523 3.138686 4.494604
 6.380000 -2.807284 3.124164 4.436448
 6.400000 -2.878703 2.957172 4.187724
 6.420000 -2.860142 2.982621 4.233581
 6.440000 -2.741215 -3.137164 4.469544
 6.460000 -2.721916 2.960086 4.381221
 6.480000 -2.725781 2.966056 4.376827
 6.500000 -2.565486 2.965752 4.722009
 6.520000 -2.507955 2.985305 4.861757
 6.540000 -2.433537 2.765605 5.440162
 6.560000 -2.321319 2.673140 6.139209
 6.580000 -2.378493 2.583653 5.973102
 6.600000 -2.319072 2.584002 6.290598
 6.620000 -2.359333 2.527015 6.145278
 6.640000 -2.499564 2.357540 5.544650
 6.660000 -2.498924 2.405728 5.509398
 6.680000 -2.557500 2.341791 5.261542
 6.700000 -2.682486 2.289468 4.726580
 6.720000 -2.664190 2.185524 4.912675
 6.740000 -2.701327 2.318208 4.620916
 6.760000 -2.663023 2.381066 4.734012
 6.780000 -2.559520 2.465199 5.154801
 6.800000 -2.636694 2.416772 4.825457
 6.820000 -2.659206 2.485646 4.678964
 6.840000 -2.599646 2.677954 4.814122
 6.860000 -2.727011 2.671945 4.342196
 6.880000 -2.585211 2.890367 4.719200
 6.900000 -2.746270 2.836882 4.293253
 6.920000 -2.647219 3.062014 4.515857
 6.940000 -2.782936 3.068701 4.382275
 6.960000 -2.719966 3.060607 4.426309
 6.980000 -2.809059 3.119394 4.430338
 7.000000 -2.677481 -2.912459 4.620243
 7.020000 -2.737839 -3.105495 4.496289
 7.040000 -2.681591 -3.039224 4.540453
 7.060000 -2.724381 -2.946453 4.638119
 7.080000 -2.812948 -2.954418 4.735130
 7.100000 -2.775018 -2.985203 4.644321
 7.120000 -2.802281 -3.089668 4.525179
 7.140000 -2.734874 -3.077986 4.519590
 7.160000 -2.737424 3.118547 4.449569
 7.180000 -2.783143 3.067358 4.380837
 7.200000 -2.787097 2.789226 4.182257
 7.220000 -2.708417 2.697694 4.398881
 7.240000 -2.705623 2.674922 4.413548
 7.260000 -2.695600 2.516301 4.510733
 7.280000 -2.683908 2.492562 4.570762
 7.300000 -2.718118 2.523417 4.419038
 7.320000 -2.521608 2.509042 5.307769
 7.340000 -2.542903 2.466408 5.235956
 7.360000 -2.413660 2.379939 5.985539
 7.380000 -2.429558 2.383869 5.896561
 7.400000 -2.276483 2.566727 6.543704
 7.420000 -2.385904 2.382196 6.134507
 7.440000 -2.223345 2.425863 6.979123
 7.460000 -2.296887 2.396969 6.607081
 7.480000 -2.214595 2.472018 6.986506
 7.500000 -2.253438 2.552713 6.686804
 7.520000 -2.290067 2.359512 6.668784
 7.540000 -2.326963 2.618240 6.198652
 7.560000 -2.363543 2.674885 5.919253
 7.580000 -2.492595 2.673867 5.288525
 7.600000 -2.667092 2.588169 4.590175
 7.620000 -2.592923 2.739131 4.798055
 7.640000 -2.833427 2.793916 4.085624
 7.660000 -2.631893 2.922116 4.572949
 7.680000 -2.923956 2.753132 3.904443
 7.700000 -2.832926 2.775910 4.076588
 7.720000 -2.898465 3.009168 4.254082
 7.740000 -2.939385 3.026431 4.280218
 7.760000 -2.941108 2.936533 4.121248
 7.780000 -2.880977 3.015248 4.268583
 7.800000 -2.892829 -3.120530 4.521458
 7.820000 -2.860275 -3.141461 4.468983
 7.840000 -2.707877 3.139004 4.477307
 7.860000 -2.805136 3.016460 4.314194
 7.880000 -2.434954 -3.069217 4.737498
 7.900000 -2.497869 3.008408 4.863044
 7.920000 -2.436833 2.916963 5.188830
 7.940000 -2.482045 2.841734 5.127432
 7.960000 -2.494632 2.842040 5.078318
 7.980000 -2.582339 2.778505 4.809127
 8.000000 -2.499405 2.457546 5.464458
 8.020000 -2.553502 2.501609 5.155040
 8.040000 -2.580003 2.421387 5.089040
 8.060000 -2.404559 2.451557 5.976010
 8.080000 -2.566217 2.087983 5.462650
 8.100000 -2.395932 2.201391 6.196176
 8.120000 -2.574416 2.087343 5.426230
 8.140000 -2.510878 2.054749 5.758511
 8.160000 -2.585053 2.172034 5.280788
 8.180000 -2.694666 1.995833 5.080283
 8.200000 -2.733344 2.124063 4.720334
 8.220000 -2.901228 2.242461 4.034357
 8.240000 -2.854403 2.206078 4.204640
 8.260000 -2.785439 2.246796 4.369877
 8.280000 -2.563298 2.395976 5.190403
 8.300000 -2.541578 2.575245 5.152452
 8.320000 -2.339469 2.771397 5.870977
 8.340000 -2.466912 2.697864 5.379888
 8.360000 -2.486283 2.932562 4.992885
 8.380000 -2.448755 2.955166 5.086744
 8.400000 -2.588561 2.969797 4.660180
 8.420000 -2.581414 -3.132580 4.583054
 8.440000 -2.738631 3.122513 4.451980
 8.460000 -2.591169 -2.976735 4.549100
 8.480000 -2.768383 -3.085406 4.519134
 8.500000 -2.709022 -2.969901 4.601698
 8.520000 -2.843162 -2.983710 4.725398
 8.540000 -2.891455 -2.981293 4.799658
 8.560000 -2.843003 -3.061544 4.591066
 8.580000 -2.918628 3.136188 4.486926
 8.600000 -2.857194 -3.055127 4.613840
 8.620000 -2.810503 3.125491 4.437968
 8.640000 -2.851439 2.905667 4.151781
 8.660000 -2.826243 2.945613 4.222567
 8.680000 -2.722079 2.810862 4.349721
 8.700000 -2.872444 2.736324 3.976992
 8.720000 -2.593458 2.750510 4.787948
 8.740000 -2.563219 2.612678 5.020932
 8.760000 -2.404651 2.642867 5.757391
 8.780000 -2.220043 2.600495 6.796567
 8.800000 -2.138856 2.454620 7.391508
 8.820000 -2.092276 2.539425 7.537052
 8.840000 -1.976426 2.563267 8.033279
 8.860000 -1.816019 2.430062 8.655687
 8.880000 -1.848259 2.459508 8.563792
 8.900000 -1.533792 2.455634 9.004324
 8.920000 -1.559749 2.548648 9.014707
 8.940000 -1.359321 2.672913 8.864329
 8.960000 -1.238998 2.470631 8.670730
 8.980000 -1.107557 2.466642 8.386068
 9.000000 -1.218152 2.475329 8.629346
 9.020000 -1.013370 2.482958 8.155256
 9.040000 -0.983852 2.411758 8.149759
 9.060000 -0.833519 2.357087 8.016713
 9.080000 -0.875904 2.288186 8.219963
 9.100000 -1.046064 2.356442 8.311733
 9.120000 -1.116464 2.237467 8.490192
 9.140000 -1.133754 2.203076 8.529831
 9.160000 -1.265243 2.266620 8.651802
 9.180000 -1.274102 2.115760 8.649234
 9.200000 -1.372576 2.171666 8.709115
 9.220000 -1.228442 1.880388 8.933054
 9.240000 -1.302745 1.995782 8.711072
 9.260000 -1.185016 1.766425 9.314558
 9.280000 -1.524540 1.843354 8.706261
 9.300000 -1.420353 1.768470 8.889338
 9.320000 -1.589943 1.733752 8.757455
 9.340000 -1.524512 1.628602 9.004918
 9.360000 -1.562578 1.673584 8.874513
 9.380000 -1.799795 1.501292 8.906210
 9.400000 -1.743387 1.571866 8.837126
 9.420000 -1.594957 1.423998 9.376135
 9.440000 -1.475941 1.333270 9.845778
 9.460000 -1.489575 1.438962 9.524758
 9.480000 -1.495447 1.262100 9.993527
 9.500000 -1.643551 1.240636 9.784958
 9.520000 -1.367353 1.163412 10.594395
 9.540000 -1.297214 1.106573 10.973568
 9.560000 -1.228050 1.209119 11.041231
 9.580000 -0.963007 1.030674 12.971102
 9.600000 -1.237628 1.122430 11.198895
 9.620000 -0.996951 1.075840 12.682591
 9.640000 -1.163725 1.248254 11.257649
 9.660000 -1.284007 1.210922 10.788601
 9.680000 -1.519433 1.306187 9.824121
 9.700000 -1.521241 1.303937 9.826520
 9.720000 -1.646605 1.388366 9.390919
 9.740000 -1.469879 1.302882 9.943508
 9.760000 -1.388419 1.354168 10.016963
 9.780000 -1.497377 1.263623 9.985173
 9.800000 -1.482456 1.434265 9.552207
 9.820000 -1.578053 1.322397 9.671037
 9.840000 -1.429101 1.291590 10.078566
 9.860000 -1.397286 1.353474 9.993087
 9.880000 -1.356593 1.221078 10.488907
 9.900000 -1.287407 1.249676 10.671461
 9.920000 -1.170924 1.159567 11.451897
 9.940000 -1.109498 1.230701 11.613720
 9.960000 -1.196556 1.148650 11.342741
 9.980000 -1.188134 1.160721 11.358607
 10.000000 -1.519549 1.234830 10.013424
 10.020000 -1.426760 1.130274 10.490644
 10.040000 -1.321298 1.190638 10.692161
 10.060000 -1.353343 1.074188 10.830584
 10.080000 -1.327663 1.022748 11.009203
 10.100000 -1.341415 0.904351 11.121304
 10.120000 -1.454308 0.751806 11.057030
 10.140000 -1.325380 0.897391 11.178132
 10.160000 -1.346916 0.674988 11.290118
 10.180000 -1.496967 0.837631 10.880994
 10.200000 -1.422570 0.685375 11.171717
 10.220000 -1.425556 0.514357 11.348455
 10.240000 -1.321955 0.553328 11.385000
 10.260000 -0.965114 0.289925 12.049376
 10.280000 -1.083806 0.322609 11.754040
 10.300000 -1.163453 0.284704 11.608436
 10.320000 -1.164625 0.392538 11.624181
 10.340000 -1.206261 0.231263 11.591538
 10.360000 -1.207175 0.297575 11.565671
 10.380000 -1.267925 0.227860 11.590883
 10.400000 -1.435700 0.241851 11.724951
 10.420000 -1.150373 0.239678 11.627289
 10.440000 -1.137209 0.222615 11.643833
 10.460000 -1.028101 0.218456 11.822374
 10.480000 -1.235181 0.436438 11.520247
 10.500000 -1.273491 0.345147 11.511462
 10.520000 -1.444566 0.380875 11.522040
 10.540000 -1.276762 0.346768 11.509452
 10.560000 -1.381998 0.252164 11.643070
 10.580000 -1.476127 0.296616 11.688007
 10.600000 -1.310974 0.333902 11.513228
 10.620000 -1.202067 0.209490 11.604594
 10.640000 -1.154009 0.223237 11.627295
 10.660000 -1.352636 0.371150 11.486663
 10.680000 -1.471323 0.367322 11.565650
 10.700000 -1.308609 0.443303 11.445750
 10.720000 -1.201365 0.577007 11.619294
 10.740000 -1.105457 0.430373 11.780933
 10.760000 -1.240931 0.778279 11.533105
 10.780000 -1.192773 0.484173 11.603012
 10.800000 -1.413596 0.749934 11.117087
 10.820000 -1.282643 0.588233 11.436339
 10.840000 -1.500637 0.862880 10.835663
 10.860000 -1.340660 0.608119 11.335818
 10.880000 -1.396509 0.975181 10.869687
 10.900000 -1.223004 0.860471 11.577358
 10.920000 -1.289728 0.902117 11.293621
 10.940000 -1.129062 0.904283 12.006603
 10.960000 -1.403718 0.962728 10.870237
 10.980000 -1.408502 0.918751 10.922972
 11.000000 -1.385493 1.089435 10.697380
 11.020000 -1.363651 0.923364 11.033542
 11.040000 -1.470423 1.209914 10.187206
 11.060000 -1.355143 0.947236 11.028308
 11.080000 -1.348902 1.022616 10.936803
 11.100000 -1.230478 1.100826 11.275220
 11.120000 -1.297066 1.203054 10.755454
 11.140000 -1.255870 1.098648 11.163385
 11.160000 -1.359635 1.178038 10.585655
 11.180000 -1.358106 1.274950 10.339361
 11.200000 -1.350262 1.241046 10.458318
 11.220000 -1.264188 1.136621 11.049180
 11.240000 -1.431609 1.225730 10.247080
 11.260000 -1.243889 1.163275 11.080371
 11.280000 -1.330166 1.240834 10.530313
 11.300000 -1.173001 1.053977 11.641865
 11.320000 -1.463992 1.211161 10.199837
 11.340000 -1.428620 1.327611 9.979776
 11.360000 -1.545843 1.181727 10.096915
 11.380000 -1.326365 1.296219 10.389895
 11.400000 -1.275148 1.276592 10.645862
 11.420000 -1.151509 1.151538 11.575999
 11.440000 -1.216578 1.197880 11.125337
 11.460000 -1.231023 1.113788 11.247329
 11.480000 -1.224435 1.164823 11.168060
 11.500000 -1.287703 1.268487 10.617621
 11.520000 -1.424448 1.288101 10.100872
 11.540000 -1.516308 1.224966 10.045677
 11.560000 -1.506503 1.294211 9.883551
 11.580000 -1.429439 1.231793 10.237387
 11.600000 -1.407567 1.103555 10.602613
 11.620000 -1.281985 1.163457 10.913027
 11.640000 -1.435353 1.021696 10.690560
 11.660000 -1.283946 0.980816 11.231972
 11.680000 -1.429524 1.084764 10.581146
 11.700000 -1.212176 0.873515 11.617407
 11.720000 -1.336099 1.122322 10.793840
 11.740000 -1.315461 0.792217 11.293010
 11.760000 -1.481429 1.019869 10.590486
 11.780000 -1.244390 0.815214 11.511318
 11.800000 -1.322578 0.863023 11.218870
 11.820000 -1.398313 0.725918 11.165265
 11.840000 -1.435956 0.784050 11.042877
 11.860000 -1.417457 0.816091 11.035909
 11.880000 -1.372937 0.716956 11.215567
 11.900000 -1.205394 0.720905 11.658023
 11.920000 -1.235724 0.850892 11.530325
 11.940000 -1.337333 0.650997 11.319638
 11.960000 -1.292200 0.958586 11.227383
 11.980000 -1.244238 0.803573 11.515494
 12.000000 -1.344223 0.883575 11.135100
 12.020000 -1.424861 1.043219 10.676164
 12.040000 -1.558707 0.880398 10.731289
 12.060000 -1.324255 1.033518 11.003777
 12.080000 -1.101698 0.885762 12.158255
 12.100000 -1.280974 0.938530 11.291495
 12.120000 -1.310968 1.059291 11.009008
 12.140000 -1.221170 0.976613 11.502531
 12.160000 -1.469884 1.124981 10.392950
 12.180000 -1.422675 1.166467 10.418522
 12.200000 -1.446088 1.249919 10.145384
 12.220000 -1.416868 1.236990 10.259124
 12.240000 -1.168644 1.092018 11.602464
 12.260000 -1.196844 1.195231 11.230180
 12.280000 -1.150992 1.231469 11.375209
 12.300000 -1.224607 1.195314 11.093089
 12.320000 -1.353324 1.172070 10.621421
 12.340000 -1.441108 1.346504 9.893938
 12.360000 -1.473822 1.498290 9.397859
 12.380000 -1.495107 1.364927 9.715637
 12.400000 -1.535320 1.365785 9.631104
 12.420000 -1.409659 1.305910 10.093103
 12.440000 -1.489318 1.360276 9.741076
 12.460000 -1.287620 1.315936 10.478426
 12.480000 -1.266244 1.251344 10.755254
 12.500000 -1.208365 1.267293 10.973744
 12.520000 -1.343553 1.301440 10.314041
 12.540000 -1.431404 1.334072 9.954192
 12.560000 -1.399156 1.384372 9.897449
 12.580000 -1.263177 1.308573 10.600783
 12.600000 -1.391704 1.408257 9.847701
 12.620000 -1.493838 1.388823 9.652628
 12.640000 -1.388313 1.308311 10.149303
 12.660000 -1.371484 1.284589 10.268597
 12.680000 -1.259949 1.132749 11.076127
 12.700000 -1.216863 1.189463 11.145169
 12.720000 -1.362534 1.091161 10.766916
 12.740000 -1.319420 1.153691 10.786490
 12.760000 -1.329016 1.126362 10.810965
 12.780000 -1.397677 1.082809 10.674141
 12.800000 -1.388521 1.209076 10.415405
 12.820000 -1.364203 1.009805 10.908691
 12.840000 -1.377912 0.928418 10.987200
 12.860000 -1.313109 0.956388 11.154240
 12.880000 -1.306699 0.809535 11.307064
 12.900000 -1.299488 0.838068 11.310388
 12.920000 -1.214519 0.665052 11.612706
 12.940000 -1.385785 0.806155 11.110363
 12.960000 -1.413373 0.833460 11.023320
 12.980000 -1.367404 0.756781 11.194257
 13.000000 -1.404345 0.843385 11.030090
 13.020000 -1.447542 0.688195 11.141999
 13.040000 -1.403406 0.855903 11.017211
 13.060000 -1.461441 0.732506 11.073129
 13.080000 -1.302543 0.773553 11.339551
 13.100000 -1.340142 0.844011 11.184575
 13.120000 -1.315606 0.821636 11.272642
 13.140000 -1.235816 0.930334 11.480884
 13.160000 -1.256068 0.894141 11.425542
 13.180000 -1.360031 0.982033 10.964678
 13.200000 -1.332862 1.077399 10.895485
 13.220000 -1.323053 0.987804 11.078139
 13.240000 -1.376536 1.176506 10.533476
 13.260000 -1.224791 0.998429 11.461156
 13.280000 -1.360076 1.053578 10.846566
 13.300000 -1.372356 1.000955 10.897999
 13.320000 -1.386339 0.965383 10.912375
 13.340000 -1.314601 0.984884 11.112090
 13.360000 -1.214128 0.917221 11.585045
 13.380000 -1.236049 1.066117 11.311600
 13.400000 -1.292154 0.910083 11.277802
 13.420000 -1.313254 1.070194 10.980814
 13.440000 -1.236303 0.853817 11.526678
 13.460000 -1.563772 0.964170 10.560045
 13.480000 -1.348199 1.016393 10.949259
 13.500000 -1.505078 0.963145 10.653560
 13.520000 -1.409736 0.992572 10.806625
 13.540000 -1.424314 1.117507 10.525597
 13.560000 -1.393924 0.937510 10.932553
 13.580000 -1.437313 1.139726 10.440816
 13.600000 -1.377446 0.934955 10.979767
 13.620000 -1.375860 1.032291 10.834814
 13.640000 -1.316126 1.023721 11.049149
 13.660000 -1.203384 0.978935 11.583144
 13.680000 -1.360874 1.062802 10.827040
 13.700000 -1.309432 0.935729 11.190982
 13.720000 -1.423414 1.072230 10.622981
 13.740000 -1.465139 0.979939 10.699308
 13.760000 -1.415033 0.994373 10.789969
 13.780000 -1.402458 1.014474 10.788755
 13.800000 -1.321183 0.797216 11.274060
 13.820000 -1.426284 1.011224 10.732096
 13.840000 -1.275827 0.773988 11.418409
 13.860000 -1.425299 0.851836 10.977139
 13.880000 -1.177258 0.838831 11.781605
 13.900000 -1.341332 0.727966 11.269556
 13.920000 -1.296340 0.901864 11.270514
 13.940000 -1.245846 0.731057 11.521674
 13.960000 -1.315139 0.806127 11.284752
 13.980000 -1.330488 0.799143 11.247798
 14.000000 -1.307175 0.683978 11.365298
 14.020000 -1.368974 0.776448 11.174341
 14.040000 -1.389958 0.573816 11.306149
 14.060000 -1.200282 0.759912 11.683846
 14.080000 -1.366748 0.587688 11.316229
 14.100000 -1.269159 0.597464 11.462169
 14.120000 -1.386335 0.641923 11.254261
 14.140000 -1.513251 0.572090 11.271564
 14.160000 -1.419080 0.709598 11.151113
 14.180000 -1.435781 0.683193 11.159542
 14.200000 -1.228758 0.549559 11.543970
 14.220000 -1.156378 0.693394 11.831531
 14.240000 -0.945928 0.448050 12.381050
 14.260000 -1.183593 0.662925 11.713825
 14.280000 -0.929577 0.526820 12.622740
 14.300000 -1.305618 0.728349 11.352238
 14.320000 -1.288075 0.703475 11.404923
 14.340000 -1.314692 0.853443 11.250913
 14.360000 -1.465890 0.882544 10.859152
 14.380000 -1.471035 0.798746 10.972508
 14.400000 -1.467643 0.902507 10.824722
 14.420000 -1.310852 0.820999 11.287155
 14.440000 -1.307553 0.951838 11.179289
 14.460000 -1.371191 1.057115 10.804488
 14.480000 -1.421291 1.118754 10.531206
 14.500000 -1.392724 1.333664 10.063705
 14.520000 -1.320848 1.287852 10.434162
 14.540000 -1.349807 1.407202 9.975582
 14.560000 -1.218612 1.430321 10.384666
 14.580000 -1.390658 1.496180 9.590593
 14.600000 -1.107622 1.545882 10.430853
 14.620000 -1.216059 1.505025 10.122762
 14.640000 -1.175700 1.530962 10.189615
 14.660000 -1.335698 1.653999 9.279032
 14.680000 -1.452988 1.608045 9.161802
 14.700000 -1.445322 1.774376 8.851864
 14.720000 -1.499866 1.671615 8.956362
 14.740000 -1.556408 1.736810 8.787598
 14.760000 -1.609280 1.747073 8.722937
 14.780000 -1.686857 1.869797 8.567072
 14.800000 -1.625934 1.909510 8.610814
 14.820000 -1.641065 1.880200 8.604203
 14.840000 -1.570763 2.018979 8.659044
 14.860000 -1.583863 2.031863 8.659646
 14.880000 -1.518744 2.061583 8.690429
 14.900000 -1.362287 2.037347 8.683734
 14.920000 -1.286155 2.160047 8.651448
 14.940000 -1.229012 2.144456 8.620777
 14.960000 -1.358142 2.314653 8.785269
 14.980000 -1.270508 2.186219 8.642366
 15.000000 -1.398316 2.419238 8.900232
 15.020000 -1.244655 2.453428 8.677724
 15.040000 -1.227731 2.518292 8.655132
 15.060000 -1.182057 2.541742 8.552503
 15.080000 -1.097004 2.544199 8.339779
 15.100000 -1.084132 2.599513 8.285210
 15.120000 -1.015309 2.636550 8.061234
 15.140000 -0.914574 2.532449 7.860148
 15.160000 -0.924908 2.484501 7.942985
 15.180000 -1.176419 2.694553 8.494919
 15.200000 -1.225287 2.678017 8.621511
 15.220000 -1.224990 2.709771 8.602615
 15.240000 -1.391677 2.682273 8.894281
 15.260000 -1.326117 2.663600 8.822483
 15.280000 -1.467917 2.789052 8.808801
 15.300000 -1.481627 2.626882 8.986465
 15.320000 -1.341541 2.585945 8.870031
 15.340000 -1.257803 2.527216 8.718722
 15.360000 -1.383752 2.569016 8.928645
 15.380000 -1.369057 2.577984 8.909617
 15.400000 -1.420496 2.483555 8.954995
 15.420000 -1.488829 2.564586 9.010030
 15.440000 -1.329870 2.509915 8.845499
 15.460000 -1.450416 2.535206 8.991586
 15.480000 -1.547665 2.431891 8.993750
 15.500000 -1.388869 2.436771 8.899389
 15.520000 -1.479685 2.330926 8.900704
 15.540000 -1.257654 2.390344 8.682745
 15.560000 -1.260811 2.200076 8.635500
 15.580000 -1.201593 2.139535 8.610272
 15.600000 -1.326652 2.206133 8.692648
 15.620000 -1.201891 2.108011 8.630486
 15.640000 -1.219573 2.124668 8.625045
 15.660000 -1.174271 2.107360 8.626265
 15.680000 -1.223085 2.166037 8.610676
 15.700000 -1.405749 2.105149 8.696643
 15.720000 -1.208525 2.127751 8.619507
 15.740000 -1.114210 1.969439 8.887658
 15.760000 -1.051656 2.049094 8.763619
 15.780000 -1.059482 1.993671 8.896774
 15.800000 -1.219636 2.033887 8.698953
 15.820000 -1.284359 1.868459 8.883929
 15.840000 -1.192234 1.943306 8.852899
 15.860000 -1.171897 1.843806 9.116520
 15.880000 -1.464049 1.960828 8.683172
 15.900000 -1.369618 1.916407 8.747059
 15.920000 -1.677550 1.860623 8.578651
 15.940000 -1.620177 1.923653 8.614047
 15.960000 -1.589636 1.708471 8.791203
 15.980000 -1.579070 1.682024 8.841855
 16.000000 -1.514457 1.598885 9.081339
 16.020000 -1.573828 1.616595 8.961791
 16.040000 -1.432446 1.516458 9.435185
 16.060000 -1.329564 1.561700 9.557204
 16.080000 -1.312039 1.576352 9.561112
 16.100000 -1.326929 1.549428 9.601512
 16.120000 -1.250997 1.513789 9.959667
 16.140000 -1.287858 1.553079 9.705035
 16.160000 -1.131569 1.511004 10.464914
 16.180000 -0.970533 1.371166 11.986936
 16.200000 -1.178835 1.341418 10.882202
 16.220000 -1.257923 1.353847 10.480112
 16.240000 -1.312625 1.361809 10.242430
 16.260000 -1.331820 1.278012 10.422159
 16.280000 -1.470488 1.413896 9.634094
 16.300000 -1.364411 1.325145 10.175808
 16.320000 -1.576313 1.285515 9.772544
 16.340000 -1.432945 1.184292 10.347289
 16.360000 -1.460781 1.096645 10.477537
 16.380000 -1.501921 1.096232 10.387312
 16.400000 -1.465202 1.060197 10.544551
 16.420000 -1.509245 0.948137 10.674055
 16.440000 -1.392633 0.884699 11.006363
 16.460000 -1.223480 0.869111 11.571482
 16.480000 -1.054588 0.823166 12.406288
 16.500000 -1.250111 0.666254 11.508951
 16.520000 -1.113940 0.722989 12.032832
 16.540000 -1.332369 0.717661 11.294892
 16.560000 -1.205187 0.659422 11.640404
 16.580000 -1.250699 0.832408 11.481391
 16.600000 -1.341051 0.615019 11.331727
 16.620000 -1.417511 0.753721 11.106862
 16.640000 -1.417291 0.693304 11.169998
 16.660000 -1.234868 0.464213 11.521381
 16.680000 -1.295436 0.667919 11.396299
 16.700000 -1.225469 0.539322 11.549089
 16.720000 -1.449230 0.697094 11.129793
 16.740000 -1.246638 0.756827 11.516767
 16.760000 -1.349362 0.792005 11.205774
 16.780000 -1.456538 0.721445 11.092509
 16.800000 -1.390709 0.719674 11.183165
 16.820000 -1.531148 0.716402 11.038844
 16.840000 -1.137587 0.543354 11.785310
 16.860000 -1.350324 0.875368 11.126210
 16.880000 -1.281855 0.746418 11.409364
 16.900000 -1.496576 0.871199 10.827928
 16.920000 -1.406322 0.977718 10.839910
 16.940000 -1.539672 0.961129 10.601085
 16.960000 -1.306214 0.977379 11.152428
 16.980000 -1.269877 0.894692 11.372295
 17.000000 -1.319602 0.936475 11.155324
 17.020000 -1.102943 0.986895 12.108458
 17.040000 -1.340115 1.011588 10.983929
 17.060000 -1.366604 0.916338 11.033918
 17.080000 -1.523525 0.880090 10.775156
 17.100000 -1.494210 0.944676 10.706042
 17.120000 -1.418639 0.882700 10.950135
 17.140000 -1.195134 0.918209 11.670975
 17.160000 -1.327580 0.985250 11.066039
 17.180000 -1.391629 0.948402 10.922972
 17.200000 -1.178386 1.001985 11.681816
 17.220000 -1.321036 0.908099 11.181255
 17.240000 -1.141048 0.862825 11.952554
 17.260000 -1.249856 1.045978 11.282022
 17.280000 -1.287122 0.849931 11.342756
 17.300000 -1.341363 1.183950 10.634919
 17.320000 -1.379190 1.223840 10.407177
 17.340000 -1.730860 1.302497 9.497539
 17.360000 -1.813166 1.374121 9.195557
 17.380000 -1.911301 1.385392 9.010391
 17.400000 -1.949935 1.539428 8.562621
 17.420000 -1.592069 1.573307 9.024471
 17.440000 -1.725676 1.632210 8.752528
 17.460000 -1.763838 1.671054 8.643819
 17.480000 -1.623656 1.645439 8.851608
 17.500000 -1.800634 1.723659 8.525856
 17.520000 -1.700093 1.686756 8.702356
 17.540000 -1.485580 1.752643 8.839950
 17.560000 -1.560588 1.984933 8.652454
 17.580000 -1.578222 1.854034 8.661202
 17.600000 -1.285715 1.876002 8.869465
 17.620000 -1.408856 1.876507 8.759391
 17.640000 -1.215528 1.824487 9.082699
 17.660000 -0.984162 1.816690 9.731021
 17.680000 -1.142403 1.853533 9.149498
 17.700000 -1.080273 1.986827 8.887670
 17.720000 -1.169122 1.882191 9.019822
 17.740000 -1.133501 1.836177 9.221965
 17.760000 -1.200995 1.832004 9.091052
 17.780000 -1.160164 1.909153 8.967899
 17.800000 -1.413563 2.014507 8.684893
 17.820000 -1.389920 1.939369 8.718674
 17.840000 -1.577873 2.097725 8.701845
 17.860000 -1.735953 1.886625 8.511177
 17.880000 -1.576382 2.094345 8.699854
 17.900000 -1.728471 1.959813 8.523384
 17.920000 -1.728238 2.101952 8.600425
 17.940000 -1.622242 2.095011 8.683057
 17.960000 -1.951446 2.272990 8.220441
 17.980000 -1.859772 2.255847 8.481263
 18.000000 -1.903497 2.274678 8.372244
 18.020000 -1.845003 2.419899 8.577983
 18.040000 -1.871713 2.525271 8.461374
 18.060000 -1.589273 2.717393 8.858576
 18.080000 -1.883165 2.574538 8.378191
 18.100000 -1.671607 2.770945 8.637364
 18.120000 -1.613726 2.758069 8.760624
 18.140000 -1.530143 2.888530 8.572064
 18.160000 -1.472096 2.975505 8.389515
 18.180000 -1.353955 3.051123 8.215447
 18.200000 -1.665715 -3.062783 7.146405
 18.220000 -1.428242 -3.064349 7.669461
 18.240000 -1.483740 -3.118638 7.779938
 18.260000 -1.566523 -3.063077 7.416083
 18.280000 -1.490064 -3.086076 7.655644
 18.300000 -1.404310 3.103021 8.060705
 18.320000 -1.674385 2.975697 8.053113
 18.340000 -1.400011 2.861648 8.665115
 18.360000 -1.670621 2.764041 8.653771
 18.380000 -1.636560 2.764994 8.712625
 18.400000 -1.676029 2.614873 8.867700
 18.420000 -1.761322 2.607039 8.702530
 18.440000 -1.912974 2.442143 8.363207
 18.460000 -1.854049 2.426982 8.551919
 18.480000 -1.996087 2.323704 8.072459
 18.500000 -1.986398 2.265100 8.096304
 18.520000 -1.777946 2.202927 8.613293
 18.540000 -1.672770 2.063730 8.626846
 18.560000 -1.805860 2.025474 8.440897
 18.580000 -1.456097 1.937355 8.692867
 18.600000 -1.744832 1.961989 8.504472
 18.620000 -1.556018 1.864285 8.671577
 18.640000 -1.424746 1.931770 8.708310
 18.660000 -1.455582 1.727481 8.914420
 18.680000 -1.408612 1.853382 8.783985
 18.700000 -1.342995 1.814260 8.906896
 18.720000 -1.219561 1.606025 9.747976
 18.740000 -0.998993 1.600541 10.717911
 18.760000 -0.866546 1.341535 12.842780
 18.780000 -0.861697 1.324645 12.951162
 18.800000 -1.203402 1.397071 10.570656
 18.820000 -1.202253 1.233660 11.100435
 18.840000 -1.522234 1.277671 9.895004
 18.860000 -1.517584 1.219212 10.057844
 18.880000 -1.691897 1.100625 10.084727
 18.900000 -1.676409 0.919926 10.539139
 18.920000 -1.621827 0.844617 10.745500
 18.940000 -1.593286 0.799387 10.854253
 18.960000 -1.470022 0.678633 11.134425
 18.980000 -1.274589 0.650370 11.447309
 19.000000 -1.324479 0.613614 11.357576
 19.020000 -1.341935 0.649243 11.312754
 19.040000 -1.257034 0.571142 11.486327
 19.060000 -1.314131 0.423259 11.453155
 19.080000 -1.161118 0.487848 11.678312
 19.100000 -1.146903 0.320649 11.633828
 19.120000 -1.238525 0.457276 11.515676
 19.140000 -1.190057 0.443789 11.594262
 19.160000 -1.377202 0.485938 11.384747
 19.180000 -1.348227 0.574885 11.344045
 19.200000 -1.444408 0.664103 11.173041
 19.220000 -1.315917 0.695062 11.341748
 19.240000 -1.373549 0.846805 11.095869
 19.260000 -1.032324 0.816944 12.530414
 19.280000 -1.158627 1.065652 11.700689
 19.300000 -1.096684 1.023547 12.110086
 19.320000 -1.216710 1.351973 10.665992
 19.340000 -1.355301 1.211415 10.518056
 19.360000 -1.432314 1.554667 9.332790
 19.380000 -1.465747 1.563831 9.244406
 19.400000 -1.488960 1.648999 9.014793
 19.420000 -1.460062 1.807401 8.792904
 19.440000 -1.609364 1.763712 8.704901
 19.460000 -1.716147 1.894269 8.532599
 19.480000 -1.691645 1.909935 8.556452
 19.500000 -1.504759 1.971432 8.670129
 19.520000 -1.541757 2.079118 8.697250
 19.540000 -1.396430 2.268780 8.790504
 19.560000 -1.637522 2.255712 8.824575
 19.580000 -1.458295 2.280400 8.844439
 19.600000 -1.514084 2.518601 9.018073
 19.620000 -1.273600 2.468624 8.736718
 19.640000 -1.268018 2.743209 8.666698
 19.660000 -1.132661 2.607262 8.416160
 19.680000 -1.100266 2.735849 8.257212
 19.700000 -1.067670 2.776665 8.124320
 19.720000 -0.966830 2.721331 7.837215
 19.740000 -0.944498 2.778795 7.704031
 19.760000 -0.970753 2.808316 7.767603
 19.780000 -1.154776 2.846614 8.305824
 19.800000 -1.242143 2.841036 8.510888
 19.820000 -1.298383 2.815203 8.641327
 19.840000 -1.386255 2.740027 8.837035
 19.860000 -1.287253 2.799389 8.643723
 19.880000 -1.559075 2.753794 8.829079
 19.900000 -1.377679 2.699173 8.866963
 19.920000 -1.707072 2.505680 8.878466
 19.940000 -1.472537 2.549078 9.004912
 19.960000 -1.776579 2.516055 8.734146
 19.980000 -1.705286 2.536724 8.871519
 20.000000 -1.798741 2.540462 8.665240
