#! FIELDS time phi psi metad.bias
#! SET min_phi -pi
#! SET max_phi pi
#! SET min_psi -pi
#! SET max_psi pi
 0.000000 3.141580 -3.141577 27.358184
 0.020000 -2.690249 2.516842 23.275875
 0.040000 -2.686007 2.511779 23.246158
 0.060000 -2.732342 2.500622 22.904210
 0.080000 -2.697619 2.513334 23.201182
 0.100000 -2.679466 2.527743 23.447035
 0.120000 -2.640018 2.484486 23.228887
 0.140000 -2.660216 2.488003 23.144226
 0.160000 -2.651768 2.506176 23.382803
 0.180000 -2.671071 2.503239 23.239932
 0.200000 -2.706310 2.448402 22.494136
 0.220000 -2.673836 2.493779 23.126567
 0.240000 -2.645319 2.460325 22.946473
 0.260000 -2.611283 2.543796 24.035742
 0.280000 -2.629032 2.530931 23.783047
 0.300000 -2.609812 2.556140 24.174815
 0.320000 -2.608180 2.584114 24.477109
 0.340000 -2.629308 2.655269 25.056430
 0.360000 -2.623971 2.587054 24.400071
 0.380000 -2.682268 2.577030 23.941108
 0.400000 -2.686256 2.563329 23.777904
 0.420000 -2.650615 2.632630 24.693968
 0.440000 -2.697933 2.630984 24.405273
 0.460000 -2.732061 2.718772 25.091483
 0.480000 -2.714126 2.681633 24.822224
 0.500000 -2.846781 2.729308 24.770151
 0.520000 -2.815224 2.761139 25.150887
 0.540000 -2.850432 2.705019 24.533896
 0.560000 -2.912783 2.716962 24.520230
 0.580000 -2.882550 2.745693 24.837981
 0.600000 -2.873528 2.731967 24.731664
 0.620000 -2.866132 2.688822 24.343473
 0.640000 -2.762645 2.681717 24.602797
 0.660000 -2.716223 2.685260 24.846976
 0.680000 -2.614953 2.735788 25.918532
 0.700000 -2.526084 2.663659 25.912210
 0.720000 -2.623986 2.610629 24.642280
 0.740000 -2.510460 2.594120 25.344065
 0.760000 -2.674348 2.574213 23.956649
 0.780000 -2.690171 2.502395 23.127128
 0.800000 -2.768459 2.358108 21.373099
 0.820000 -2.802364 2.406859 21.730248
 0.840000 -2.885171 2.262597 20.361401
 0.860000 -2.703245 2.220849 20.451039
 0.880000 -2.750431 2.159141 19.847361
 0.900000 -2.582671 2.261531 21.442616
 0.920000 -2.578044 2.264402 21.498941
 0.940000 -2.626156 2.315531 21.640290
 0.960000 -2.607540 2.279991 21.437650
 0.980000 -2.668704 2.258974 20.911209
 1.000000 -2.645730 2.311828 21.491700
 1.020000 -2.673677 2.383976 22.017951
 1.040000 -2.697345 2.318259 21.283910
 1.060000 -2.715226 2.325402 21.270472
 1.080000 -2.599726 2.448959 23.123631
 1.100000 -2.625731 2.381727 22.271839
 1.120000 -2.497020 2.484684 24.307428
 1.140000 -2.549397 2.504935 24.083693
 1.160000 -2.500724 2.594980 25.438423
 1.180000 -2.425764 2.623974 26.439836
 1.200000 -2.597246 2.552754 24.227167
 1.220000 -2.585991 2.537366 24.146748
 1.240000 -2.646853 2.492837 23.273776
 1.260000 -2.718726 2.624444 24.232869
 1.280000 -2.708271 2.537450 23.395833
 1.300000 -2.709082 2.611947 24.155050
 1.320000 -2.797031 2.654698 24.206864
 1.340000 -2.708718 2.816850 26.068723
 1.360000 -2.693547 2.672464 24.839677
 1.380000 -2.671095 2.709001 25.317448
 1.400000 -2.646378 2.778793 26.094657
 1.420000 -2.703123 2.737348 25.406936
 1.440000 -2.792647 2.725649 24.905010
 1.460000 -2.790907 2.721857 24.875963
 1.480000 -2.846911 2.620321 23.721410
 1.500000 -2.805107 2.792614 25.460425
 1.520000 -2.865827 2.679576 24.255706
 1.540000 -2.818510 2.535440 22.950205
 1.560000 -2.804864 2.730108 24.903121
 1.580000 -2.675332 2.622124 24.440805
 1.600000 -2.568554 2.639323 25.330829
 1.620000 -2.528850 2.542261 24.645619
 1.640000 -2.645354 2.559273 23.974799
 1.660000 -2.629892 2.631792 24.817982
 1.680000 -2.708572 2.513231 23.144913
 1.700000 -2.774535 2.585317 23.594910
 1.720000 -2.648649 2.479810 23.127718
 1.740000 -2.668067 2.687376 25.128515
 1.760000 -2.698092 2.551333 23.590945
 1.780000 -2.630477 2.468182 23.119435
 1.800000 -2.630912 2.454173 22.971823
 1.820000 -2.655438 2.537943 23.691386
 1.840000 -2.610910 2.482675 23.398135
 1.860000 -2.882657 2.331955 20.926035
 1.880000 -2.918622 2.343186 21.009640
 1.900000 -2.876555 2.289147 20.575056
 1.920000 -2.884755 2.262609 20.361636
 1.940000 -2.721063 2.346629 21.440055
 1.960000 -2.668888 2.192371 20.395343
 1.980000 -2.406708 2.376020 24.029117
 2.000000 -2.325699 2.470869 25.899976
 2.020000 -2.120653 2.395958 27.564190
 2.040000 -2.077706 2.358575 27.692443
 2.060000 -2.005739 2.439724 29.510763
 2.080000 -2.037766 2.417339 28.853630
 2.100000 -1.949639 2.407859 29.855641
 2.120000 -2.071771 2.210076 26.221465
 2.140000 -2.111626 2.316052 26.807979
 2.160000 -2.039425 2.144207 26.009134
 2.180000 -2.170231 2.188077 24.847375
 2.200000 -2.187321 2.111893 24.052957
 2.220000 -2.181223 2.021284 23.572208
 2.240000 -2.137805 2.228953 25.605822
 2.260000 -2.286251 2.066657 22.695631
 2.280000 -2.216072 2.161001 24.095094
 2.300000 -2.413996 2.052278 21.368717
 2.320000 -2.502061 2.139942 21.117997
 2.340000 -2.565277 2.157542 20.764319
 2.360000 -2.769812 2.241145 20.372342
 2.380000 -2.831726 2.346739 21.114130
 2.400000 -2.848279 2.351687 21.131669
 2.420000 -2.870888 2.414618 21.672347
 2.440000 -2.872853 2.457893 22.077432
 2.460000 -2.851438 2.493787 22.459984
 2.480000 -2.924278 2.614115 23.527114
 2.500000 -2.756195 2.803790 25.743480
 2.520000 -2.830683 2.725910 24.782904
 2.540000 -2.876477 2.850587 25.749699
 2.560000 -2.921641 2.916087 26.170930
 2.580000 -3.001603 3.046435 26.912236
 2.600000 -2.946519 3.058081 27.007958
 2.620000 -2.844101 3.058004 27.146589
 2.640000 -2.678707 3.032331 27.551033
 2.660000 -2.656069 3.057697 27.741120
 2.680000 -2.581800 -3.095630 28.249115
 2.700000 -2.601520 2.999266 27.801160
 2.720000 -2.448307 3.063883 28.974754
 2.740000 -2.477730 2.995907 28.600948
 2.760000 -2.442033 3.024750 28.952604
 2.780000 -2.551083 2.897512 27.600950
 2.800000 -2.644148 2.747271 25.833045
 2.820000 -2.695369 2.565799 23.754368
 2.840000 -2.747101 2.454279 22.373888
 2.860000 -2.772211 2.284768 20.717540
 2.880000 -2.853627 2.109401 19.364737
 2.900000 -2.771630 2.038032 19.139981
 2.920000 -2.852878 1.877836 18.538418
 2.940000 -2.796198 1.900473 18.664094
 2.960000 -2.808665 1.702667 18.557987
 2.980000 -2.717972 1.794011 18.821296
 3.000000 -2.554699 1.878477 19.755299
 3.020000 -2.341635 1.746687 21.627593
 3.040000 -2.310673 1.920971 21.895383
 3.060000 -2.310257 1.878430 21.837101
 3.080000 -2.141392 1.963412 23.743114
 3.100000 -2.240606 1.934170 22.622037
 3.120000 -1.997938 2.019694 25.554608
 3.140000 -2.087404 2.134487 25.371933
 3.160000 -2.029333 2.189952 26.537584
 3.180000 -2.147282 2.140134 24.721847
 3.200000 -2.147633 2.169876 24.958991
 3.220000 -2.269664 2.197504 23.796017
 3.240000 -2.265587 2.284984 24.643061
 3.260000 -2.299337 2.435347 25.816929
 3.280000 -2.394463 2.360640 23.996165
 3.300000 -2.418847 2.554636 25.792499
 3.320000 -2.608780 2.442599 22.996351
 3.340000 -2.749889 2.481836 22.639069
 3.360000 -2.926078 2.475970 22.199496
 3.380000 -2.974696 2.451784 21.977503
 3.400000 -3.067285 2.565389 23.088510
 3.420000 -3.096777 2.607400 23.501358
 3.440000 -3.093613 2.598240 23.415843
 3.460000 -2.974114 2.819835 25.352246
 3.480000 -2.725234 3.019032 27.306705
 3.500000 -2.667511 2.911012 26.970781
 3.520000 -2.482713 3.024654 28.648455
 3.540000 -2.516668 2.864583 27.651922
 3.560000 -2.563735 2.962724 27.867120
 3.580000 -2.518634 2.907657 27.897502
 3.600000 -2.528092 2.885423 27.695506
 3.620000 -2.532573 2.693644 26.146058
 3.640000 -2.488160 2.795423 27.394963
 3.660000 -2.652144 2.804815 26.276169
 3.680000 -2.611216 2.765035 26.202346
 3.700000 -2.617796 2.702863 25.594887
 3.720000 -2.635892 2.643114 24.892516
 3.740000 -2.600744 2.579025 24.476492
 3.760000 -2.723198 2.413447 22.068439
 3.780000 -2.894998 2.403867 21.550494
 3.800000 -2.989899 2.257912 20.409496
 3.820000 -2.961717 2.239361 20.233491
 3.840000 -2.937474 2.282853 20.528608
 3.860000 -2.743363 2.280936 20.776486
 3.880000 -2.727750 2.335226 21.308841
 3.900000 -2.600696 2.338471 22.015581
 3.920000 -2.502147 2.311935 22.510160
 3.940000 -2.357136 2.265391 23.454238
 3.960000 -2.399777 2.355084 23.885684
 3.980000 -2.370692 2.296137 23.602196
 4.000000 -2.496986 2.231477 21.840730
 4.020000 -2.623877 2.161754 20.419908
 4.040000 -2.559513 2.122989 20.581244
 4.060000 -2.709676 2.134474 19.834285
 4.080000 -2.687478 2.246033 20.716653
 4.100000 -2.703288 2.383017 21.861678
 4.120000 -2.595941 2.374362 22.394196
 4.140000 -2.647807 2.501824 23.361449
 4.160000 -2.598760 2.360575 22.240475
 4.180000 -2.579955 2.453920 23.315296
 4.200000 -2.665179 2.626881 24.547910
 4.220000 -2.541881 2.659450 25.740904
 4.240000 -2.794393 2.689962 24.560223
 4.260000 -2.874953 2.722246 24.638852
 4.280000 -3.031082 2.824616 25.360907
 4.300000 -3.004546 2.924534 26.147337
 4.320000 -2.986625 2.884140 25.859659
 4.340000 -2.789988 2.912837 26.458872
 4.360000 -2.670126 2.885213 26.784530
 4.380000 -2.613618 3.011790 27.785152
 4.400000 -2.656728 3.011441 27.564366
 4.420000 -2.661844 2.861959 26.662671
 4.440000 -2.630366 2.805569 26.415068
 4.460000 -2.707020 2.741148 25.421870
 4.480000 -2.678169 2.610963 24.311491
 4.500000 -2.866757 2.598284 23.460254
 4.520000 -2.804120 2.558230 23.220746
 4.540000 -2.732496 2.465408 22.546004
 4.560000 -2.571334 2.362223 22.448111
 4.580000 -2.555298 2.478280 23.755896
 4.600000 -2.491246 2.431205 23.795079
 4.620000 -2.581756 2.490282 23.682333
 4.640000 -2.606123 2.513275 23.751169
 4.660000 -2.546220 2.381890 22.831279
 4.680000 -2.642864 2.369822 22.051775
 4.700000 -2.557978 2.415034 23.076627
 4.720000 -2.610698 2.375021 22.302083
 4.740000 -2.595769 2.353063 22.188017
 4.760000 -2.607032 2.309690 21.706300
 4.780000 -2.585375 2.393655 22.658985
 4.800000 -2.537817 2.413568 23.218866
 4.820000 -2.610766 2.511326 23.699015
 4.840000 -2.593478 2.439907 23.073531
 4.860000 -2.599555 2.502806 23.686833
 4.880000 -2.667899 2.592506 24.182060
 4.900000 -2.820648 2.548191 23.072022
 4.920000 -2.709346 2.727287 25.281714
 4.940000 -2.787197 2.704622 24.726988
 4.960000 -2.695791 2.764276 25.688560
 4.980000 -2.697002 2.749443 25.549353
 5.000000 -2.721780 2.859952 26.345696
 5.020000 -2.731718 2.861796 26.314916
 5.040000 -2.736459 2.782895 25.652025
 5.060000 -2.822087 2.691951 24.488249
 5.080000 -2.749153 2.736232 25.176972
 5.100000 -2.895964 2.542005 22.859504
 5.120000 -2.907904 2.529797 22.727155
 5.140000 -2.724101 2.479632 22.727397
 5.160000 -2.767299 2.327138 21.097439
 5.180000 -2.462350 2.464888 24.414079
 5.200000 -2.437204 2.361396 23.579602
 5.220000 -2.356349 2.418469 25.000238
 5.240000 -2.167560 2.240199 25.354925
 5.260000 -2.165791 2.266882 25.637275
 5.280000 -2.040856 2.043232 25.236278
 5.300000 -2.067336 2.193453 26.118717
 5.320000 -2.251176 1.998840 22.729998
 5.340000 -2.379680 2.033413 21.597302
 5.360000 -2.312083 1.933368 21.908128
 5.380000 -2.571677 1.830330 19.625106
 5.400000 -2.468405 1.992098 20.647381
 5.420000 -2.649541 1.730673 19.231352
 5.440000 -2.749716 1.955639 18.907560
 5.460000 -2.677950 1.880895 19.038127
 5.480000 -2.675063 1.938982 19.151167
 5.500000 -2.743256 1.913835 18.829033
 5.520000 -2.781388 1.921734 18.740030
 5.540000 -2.820112 2.033999 19.031289
 5.560000 -2.926855 2.099689 19.329077
 5.580000 -2.677964 2.233174 20.658702
 5.600000 -2.799972 2.254492 20.400951
 5.620000 -2.631095 2.426122 22.683134
 5.640000 -2.626228 2.472406 23.190366
 5.660000 -2.629517 2.641777 24.920733
 5.680000 -2.517663 2.562513 24.952787
 5.700000 -2.381204 2.678779 27.424780
 5.720000 -2.550929 2.786269 26.813916
 5.740000 -2.546997 2.808595 27.019808
 5.760000 -2.653055 2.947038 27.262791
 5.780000 -2.865312 2.822057 25.538397
 5.800000 -2.673397 2.962246 27.244443
 5.820000 -2.731166 2.932869 26.812499
 5.840000 -2.773624 2.989792 26.989591
 5.860000 -2.675100 2.979366 27.326591
 5.880000 -2.729224 2.941284 26.872925
 5.900000 -2.725350 2.954994 26.970942
 5.920000 -2.683734 2.906352 26.858021
 5.940000 -2.851174 2.839408 25.715421
 5.960000 -2.858567 2.752992 24.957214
 5.980000 -2.933210 2.724521 24.560607
 6.000000 -3.115722 2.478027 22.424426
 6.020000 -2.881640 2.528069 22.743644
 6.040000 -2.921939 2.339417 20.977995
 6.060000 -2.676237 2.468296 22.850860
 6.080000 -2.497113 2.314957 22.581316
 6.100000 -2.540311 2.287433 21.976897
 6.120000 -2.468805 2.285400 22.552728
 6.140000 -2.346890 2.279915 23.697544
 6.160000 -2.392794 2.226620 22.748055
 6.180000 -2.304847 2.145389 23.008312
 6.200000 -2.188895 2.231836 25.021189
 6.220000 -2.288826 2.137060 23.117970
 6.240000 -2.093587 2.185087 25.729980
 6.260000 -2.123124 1.998022 24.087213
 6.280000 -1.962803 2.167548 27.107723
 6.300000 -2.017699 2.130380 26.143492
 6.320000 -2.028653 2.131033 26.022799
 6.340000 -2.082814 2.054295 24.843034
 6.360000 -2.160675 2.079688 24.135660
 6.380000 -2.087516 2.038575 24.693885
 6.400000 -2.215514 1.991856 23.073077
 6.420000 -2.260414 1.932115 22.416663
 6.440000 -2.325705 2.019522 22.059495
 6.460000 -2.323412 1.985612 21.949055
 6.480000 -2.478391 2.005433 20.613064
 6.500000 -2.515303 1.931271 20.113037
 6.520000 -2.608072 1.961601 19.560277
 6.540000 -2.730685 2.030196 19.224612
 6.560000 -2.688243 2.157026 20.064708
 6.580000 -2.808125 2.097812 19.352934
 6.600000 -2.770343 2.369723 21.474369
 6.620000 -2.841348 2.407197 21.647559
 6.640000 -2.790189 2.600671 23.693441
 6.660000 -2.866610 2.585329 23.332899
 6.680000 -2.713409 2.799864 25.905734
 6.700000 -2.671592 2.865761 26.637894
 6.720000 -2.670050 2.848446 26.517206
 6.740000 -2.609116 2.867476 27.014468
 6.760000 -2.666894 2.868570 26.683538
 6.780000 -2.717865 2.999175 27.240411
 6.800000 -2.843982 2.863587 25.928680
 6.820000 -2.876202 2.823391 25.525898
 6.840000 -2.991743 2.850485 25.590525
 6.860000 -2.849464 2.953860 26.564953
 6.880000 -2.883238 2.731344 24.705678
 6.900000 -2.606246 2.734741 25.968266
 6.920000 -2.425076 2.770890 27.775820
 6.940000 -2.349396 2.783814 28.632110
 6.960000 -2.298369 2.657635 28.134571
 6.980000 -2.336860 2.588151 27.015279
 7.000000 -2.349992 2.647058 27.456610
 7.020000 -2.304053 2.618187 27.688441
 7.040000 -2.324221 2.657645 27.841702
 7.060000 -2.414512 2.336198 23.548921
 7.080000 -2.396679 2.496284 25.400594
 7.100000 -2.576513 2.336402 22.161570
 7.120000 -2.642745 2.245769 20.939691
 7.140000 -2.614753 2.013417 19.689194
 7.160000 -2.782823 2.107065 19.452063
 7.180000 -2.772601 2.047419 19.178944
 7.200000 -2.792993 2.139135 19.613437
 7.220000 -2.896492 2.104619 19.334708
 7.240000 -2.736565 2.205975 20.213190
 7.260000 -2.590708 2.314138 21.854604
 7.280000 -2.557813 2.354867 22.475633
 7.300000 -2.380750 2.502209 25.632042
 7.320000 -2.438652 2.465526 24.648688
 7.340000 -2.497817 2.482384 24.275920
 7.360000 -2.370745 2.564300 26.396867
 7.380000 -2.579663 2.514389 23.951343
 7.400000 -2.612950 2.571123 24.309342
 7.420000 -2.694350 2.540985 23.503737
 7.440000 -2.714897 2.485456 22.829490
 7.460000 -2.697558 2.471205 22.768771
 7.480000 -2.636060 2.328357 21.699041
 7.500000 -2.661844 2.485523 23.109120
 7.520000 -2.611678 2.525071 23.836914
 7.540000 -2.607802 2.587157 24.511252
 7.560000 -2.636832 2.522748 23.647645
 7.580000 -2.621091 2.586838 24.417024
 7.600000 -2.589250 2.713853 25.897100
 7.620000 -2.725426 2.780833 25.685546
 7.640000 -2.625783 2.669568 25.220866
 7.660000 -2.717132 2.622027 24.216408
 7.680000 -2.656670 2.611729 24.445325
 7.700000 -2.695853 2.584103 23.939969
 7.720000 -2.807700 2.552783 23.155048
 7.740000 -2.830838 2.438053 21.961074
 7.760000 -2.789771 2.662809 24.312500
 7.780000 -2.962284 2.647640 23.815619
 7.800000 -2.853361 2.666653 24.159583
 7.820000 -2.841459 2.577689 23.312568
 7.840000 -2.784382 2.742742 25.093530
 7.860000 -2.595819 2.735707 26.049574
 7.880000 -2.660565 2.675677 25.059805
 7.900000 -2.550399 2.740033 26.426228
 7.920000 -2.468196 2.848171 27.941910
 7.940000 -2.456643 2.829402 27.916904
 7.960000 -2.394555 2.821282 28.437176
 7.980000 -2.323124 2.761427 28.745539
 8.000000 -2.394422 2.745713 27.875236
 8.020000 -2.341139 2.767571 28.598845
 8.040000 -2.385205 2.612473 26.738047
 8.060000 -2.514608 2.446059 23.746673
 8.080000 -2.576164 2.428449 23.078916
 8.100000 -2.722882 2.343844 21.406949
 8.120000 -2.890047 2.361481 21.175933
 8.140000 -2.964435 2.257625 20.367888
 8.160000 -2.956788 2.336282 20.966065
 8.180000 -2.934719 2.441182 21.873525
 8.200000 -2.757292 2.311820 20.994447
 8.220000 -2.763696 2.407172 21.850802
 8.240000 -2.606723 2.427223 22.852405
 8.260000 -2.533936 2.466316 23.799593
 8.280000 -2.432309 2.602985 26.162022
 8.300000 -2.395527 2.549014 25.973199
 8.320000 -2.351202 2.564581 26.612289
 8.340000 -2.490202 2.575773 25.332761
 8.360000 -2.469121 2.579350 25.563700
 8.380000 -2.513476 2.579103 25.162094
 8.400000 -2.478438 2.502754 24.666499
 8.420000 -2.507093 2.444760 23.797209
 8.440000 -2.334234 2.539519 26.538021
 8.460000 -2.546113 2.302695 22.071144
 8.480000 -2.585618 2.339074 22.123360
 8.500000 -2.633750 2.253090 21.050612
 8.520000 -2.738521 2.324450 21.170939
 8.540000 -2.788083 2.230926 20.245655
 8.560000 -2.861293 2.291389 20.604515
 8.580000 -2.889714 2.409317 21.604205
 8.600000 -2.855855 2.484936 22.365338
 8.620000 -2.732192 2.307573 21.045100
 8.640000 -2.671081 2.271212 21.001289
 8.660000 -2.512428 2.375275 23.039430
 8.680000 -2.536144 2.364827 22.741329
 8.700000 -2.535124 2.393327 23.033855
 8.720000 -2.556076 2.304923 22.016442
 8.740000 -2.659439 2.298628 21.298436
 8.760000 -2.622810 2.399758 22.469422
 8.780000 -2.769407 2.484286 22.590293
 8.800000 -2.765639 2.498055 22.742436
 8.820000 -2.721387 2.394119 21.887876
 8.840000 -2.519921 2.534683 24.640761
 8.860000 -2.496929 2.522383 24.709608
 8.880000 -2.293062 2.517735 26.777215
 8.900000 -2.397953 2.610067 26.581048
 8.920000 -2.281517 2.693175 28.650399
 8.940000 -2.352686 2.646607 27.422921
 8.960000 -2.462205 2.468757 24.456336
 8.980000 -2.613473 2.539221 23.972969
 9.000000 -2.684673 2.626511 24.432392
 9.020000 -2.891818 2.584419 23.279957
 9.040000 -2.906729 2.377402 21.307375
 9.060000 -2.935877 2.315400 20.783417
 9.080000 -2.861743 2.389623 21.454050
 9.100000 -2.723603 2.494213 22.878284
 9.120000 -2.678139 2.559378 23.781991
 9.140000 -2.624590 2.477749 23.256476
 9.160000 -2.573237 2.546633 24.339010
 9.180000 -2.652720 2.518262 23.502870
 9.200000 -2.668935 2.611245 24.367458
 9.220000 -2.654176 2.549154 23.815548
 9.240000 -2.675634 2.577862 23.986951
 9.260000 -2.513093 2.461193 23.918774
 9.280000 -2.570548 2.450125 23.344990
 9.300000 -2.492435 2.394439 23.405042
 9.320000 -2.481290 2.488161 24.484771
 9.340000 -2.451240 2.431881 24.171957
 9.360000 -2.539371 2.260812 21.749721
 9.380000 -2.710125 2.296302 21.035380
 9.400000 -2.840554 2.162191 19.681364
 9.420000 -2.891999 2.242887 20.212236
 9.440000 -2.887941 1.965579 18.741086
 9.460000 -2.814577 2.178336 19.817503
 9.480000 -2.857160 2.097377 19.298894
 9.500000 -2.700004 2.120774 19.790477
 9.520000 -2.650665 2.189268 20.463870
 9.540000 -2.468746 2.305817 22.743072
 9.560000 -2.312956 2.353618 24.797472
 9.580000 -2.308469 2.385568 25.181766
 9.600000 -2.300160 2.359073 24.998203
 9.620000 -2.388102 2.338941 23.842168
 9.640000 -2.437644 2.547439 25.528722
 9.660000 -2.588804 2.629073 25.075788
 9.680000 -2.541011 2.593494 25.080957
 9.700000 -2.723845 2.537896 23.324928
 9.720000 -2.633324 2.713651 25.593405
 9.740000 -2.713595 2.787778 25.802564
 9.760000 -2.788019 2.649884 24.191548
 9.780000 -2.686037 2.812442 26.148982
 9.800000 -2.748837 2.761927 25.411748
 9.820000 -2.858412 2.721296 24.667188
 9.840000 -2.950782 2.692816 24.248250
 9.860000 -3.005868 2.715202 24.421432
 9.880000 -2.990608 2.832084 25.441380
 9.900000 -2.814676 2.777172 25.294567
 9.920000 -2.898265 2.610943 23.529472
 9.940000 -2.730159 2.641074 24.345178
 9.960000 -2.794516 2.737439 25.007412
 9.980000 -2.729507 2.685696 24.787365
 10.000000 -2.617347 2.592355 24.499317
 10.020000 -2.637649 2.466378 23.055840
 10.040000 -2.590916 2.513768 23.863078
 10.060000 -2.614049 2.561142 24.198021
 10.080000 -2.723517 2.455582 22.486567
 10.100000 -2.674977 2.421568 22.383311
 10.120000 -2.597319 2.313541 21.804937
 10.140000 -2.652018 2.374499 22.044376
 10.160000 -2.595022 2.291079 21.616260
 10.180000 -2.610854 2.318478 21.762556
 10.200000 -2.576332 2.374797 22.535782
 10.220000 -2.428496 2.359172 23.641499
 10.240000 -2.425506 2.203442 22.243669
 10.260000 -2.440233 2.288557 22.842852
 10.280000 -2.534293 2.345931 22.571384
 10.300000 -2.547510 2.463784 23.664337
 10.320000 -2.570912 2.368076 22.508636
 10.340000 -2.498161 2.385854 23.267827
 10.360000 -2.553734 2.351157 22.470589
 10.380000 -2.567124 2.505310 23.949527
 10.400000 -2.717496 2.500134 22.967321
 10.420000 -2.700681 2.506655 23.116705
 10.440000 -2.750005 2.547724 23.309062
 10.460000 -2.775599 2.647113 24.211058
 10.480000 -2.826479 2.649676 24.065018
 10.500000 -2.913352 2.667206 24.051512
 10.520000 -2.939311 2.776973 25.023320
 10.540000 -2.826433 2.780216 25.284301
 10.560000 -2.774829 2.893560 26.375413
 10.580000 -2.654279 2.924046 27.121963
 10.600000 -2.621310 3.008814 27.732115
 10.620000 -2.591549 -3.111850 28.209246
 10.640000 -2.640626 3.013870 27.653311
 10.660000 -2.569627 3.023994 28.077883
 10.680000 -2.670523 2.958073 27.235615
 10.700000 -2.668448 3.058732 27.690929
 10.720000 -2.819912 2.921913 26.427683
 10.740000 -2.749005 2.771297 25.494378
 10.760000 -2.849925 2.620331 23.714307
 10.780000 -2.806907 2.622248 23.853373
 10.800000 -2.855544 2.546702 22.973354
 10.820000 -2.821479 2.512065 22.708895
 10.840000 -2.811169 2.503016 22.646323
 10.860000 -2.734614 2.368724 21.591834
 10.880000 -2.647912 2.414668 22.465665
 10.900000 -2.727151 2.292053 20.929864
 10.920000 -2.602534 2.263963 21.331328
 10.940000 -2.618307 2.288578 21.446031
 10.960000 -2.506864 2.208228 21.572839
 10.980000 -2.540186 2.106058 20.617957
 11.000000 -2.613245 2.030247 19.764972
 11.020000 -2.668375 2.147083 20.090656
 11.040000 -2.642612 2.011972 19.530651
 11.060000 -2.625209 2.057944 19.819355
 11.080000 -2.568381 1.958405 19.800595
 11.100000 -2.589481 2.177469 20.739971
 11.120000 -2.585902 2.099833 20.268939
 11.140000 -2.543944 2.342799 22.465224
 11.160000 -2.575119 2.382746 22.623394
 11.180000 -2.331182 2.512041 26.280377
 11.200000 -2.435852 2.706403 27.128240
 11.220000 -2.460479 2.903421 28.337062
 11.240000 -2.495600 2.971748 28.380712
 11.260000 -2.608287 2.962478 27.592991
 11.280000 -2.717572 2.988063 27.185176
 11.300000 -2.757565 2.917194 26.605382
 11.320000 -2.935406 2.931692 26.262614
 11.340000 -2.980585 2.971600 26.484277
 11.360000 -2.935397 2.984157 26.608821
 11.380000 -2.975775 2.873774 25.788501
 11.400000 -2.866446 2.942040 26.450801
 11.420000 -2.820711 2.876368 26.092632
 11.440000 -2.878246 2.889774 26.052844
 11.460000 -2.663904 2.931842 27.118529
 11.480000 -2.750945 2.811233 25.827870
 11.500000 -2.731293 2.704303 24.958120
 11.520000 -2.654412 2.701238 25.343536
 11.540000 -2.774789 2.667760 24.417643
 11.560000 -2.690141 2.484002 22.937922
 11.580000 -2.579390 2.392088 22.685922
 11.600000 -2.607176 2.276321 21.407965
 11.620000 -2.459139 2.262781 22.435802
 11.640000 -2.386314 2.188130 22.497189
 11.660000 -2.546157 2.204600 21.241226
 11.680000 -2.431494 2.174511 21.965139
 11.700000 -2.600369 2.019550 19.798123
 11.720000 -2.731825 2.108765 19.602808
 11.740000 -2.710303 2.112970 19.704479
 11.760000 -2.643514 2.176538 20.411673
 11.780000 -2.690842 2.186800 20.255018
 11.800000 -2.429867 2.187736 22.080116
 11.820000 -2.432642 2.251913 22.583434
 11.840000 -2.406344 2.336296 23.631101
 11.860000 -2.259849 2.382151 25.706298
 11.880000 -2.321935 2.463252 25.860365
 11.900000 -2.275140 2.418880 25.920383
 11.920000 -2.442685 2.304419 22.968640
 11.940000 -2.677364 2.327024 21.459524
 11.960000 -2.886951 2.270080 20.418993
 11.980000 -2.933943 2.360478 21.158040
 12.000000 -2.959209 2.238208 20.222034
 12.020000 -2.761939 2.422375 22.004057
 12.040000 -2.740099 2.395960 21.829548
 12.060000 -2.624885 2.450660 22.973832
 12.080000 -2.571548 2.648841 25.403056
 12.100000 -2.538810 2.644084 25.613764
 12.120000 -2.537794 2.753317 26.641259
 12.140000 -2.559048 2.693040 25.928737
 12.160000 -2.729426 2.736813 25.271774
 12.180000 -2.901977 2.647581 23.880020
 12.200000 -2.929094 2.679536 24.147582
 12.220000 -3.033334 2.569630 23.092075
 12.240000 -2.694380 2.534989 23.441624
 12.260000 -2.741327 2.446847 22.322833
 12.280000 -2.623474 2.535787 23.870150
 12.300000 -2.703128 2.486543 22.897784
 12.320000 -2.795003 2.432809 21.999724
 12.340000 -2.920370 2.324252 20.851542
 12.360000 -2.803059 2.336304 21.080108
 12.380000 -2.852986 2.424532 21.790497
 12.400000 -2.800297 2.457512 22.226012
 12.420000 -2.683492 2.444319 22.567580
 12.440000 -2.710719 2.501695 23.015841
 12.460000 -2.520646 2.531685 24.602929
 12.480000 -2.439186 2.556446 25.609158
 12.500000 -2.350151 2.619073 27.181121
 12.520000 -2.391885 2.502191 25.513929
 12.540000 -2.376402 2.474362 25.380591
 12.560000 -2.633330 2.394525 22.351717
 12.580000 -2.592401 2.295575 21.673894
 12.600000 -2.780557 2.225132 20.221189
 12.620000 -2.744188 2.282109 20.783467
 12.640000 -2.718538 2.375397 21.720443
 12.660000 -2.762379 2.270702 20.629725
 12.680000 -2.754384 2.214228 20.214868
 12.700000 -2.749885 2.306716 20.974549
 12.720000 -2.576885 2.457360 23.373575
 12.740000 -2.622970 2.407837 22.549493
 12.760000 -2.423194 2.542402 25.619272
 12.780000 -2.555432 2.442635 23.381238
 12.800000 -2.513129 2.561415 24.980163
 12.820000 -2.694002 2.513427 23.220882
 12.840000 -2.666899 2.624985 24.518633
 12.860000 -2.731202 2.652670 24.455731
 12.880000 -2.581034 2.680445 25.641472
 12.900000 -2.659244 2.726464 25.551179
 12.920000 -2.652428 2.535650 23.685667
 12.940000 -2.715610 2.626865 24.272695
 12.960000 -2.769176 2.728514 25.021699
 12.980000 -2.758776 2.716287 24.950057
 13.000000 -2.876022 2.622127 23.676383
 13.020000 -2.916044 2.666585 24.041811
 13.040000 -2.997703 2.765982 24.875732
 13.060000 -2.871344 2.825687 25.555470
 13.080000 -2.868237 2.725915 24.687454
 13.100000 -2.555507 2.816774 27.018262
 13.120000 -2.545265 2.898590 27.648894
 13.140000 -2.503648 2.949792 28.226671
 13.160000 -2.652928 2.827386 26.451777
 13.180000 -2.663094 2.775988 25.970959
 13.200000 -2.763535 2.704564 24.819186
 13.220000 -2.720364 2.720255 25.161071
 13.240000 -2.800157 2.600242 23.655630
 13.260000 -2.846050 2.439362 21.943122
 13.280000 -2.701196 2.528013 23.334272
 13.300000 -2.744692 2.373233 21.595851
 13.320000 -2.537917 2.311037 22.211427
 13.340000 -2.683197 2.182372 20.257841
 13.360000 -2.599119 2.351640 22.151783
 13.380000 -2.601135 2.361606 22.234552
 13.400000 -2.647697 2.247283 20.924903
 13.420000 -2.515437 2.245223 21.804775
 13.440000 -2.582879 2.355214 22.297557
 13.460000 -2.505989 2.380758 23.149014
 13.480000 -2.506678 2.278855 22.168188
 13.500000 -2.386436 2.232670 22.862906
 13.520000 -2.502134 2.319316 22.580003
 13.540000 -2.429496 2.412673 24.181822
 13.560000 -2.692065 2.240124 20.648926
 13.580000 -2.695289 2.338671 21.478995
 13.600000 -2.757107 2.297408 20.870403
 13.620000 -2.786033 2.465928 22.351745
 13.640000 -2.819233 2.471385 22.311980
 13.660000 -2.783802 2.463076 22.330504
 13.680000 -2.671516 2.604445 24.283196
 13.700000 -2.674053 2.749168 25.671763
 13.720000 -2.618038 2.708653 25.647703
 13.740000 -2.630751 2.753069 25.969383
 13.760000 -2.627842 2.907425 27.166316
 13.780000 -2.628916 3.024776 27.755102
 13.800000 -2.632076 2.959083 27.441290
 13.820000 -2.831627 2.794644 25.393326
 13.840000 -2.722188 2.929654 26.830183
 13.860000 -2.874045 2.854148 25.783502
 13.880000 -2.897093 2.789704 25.199470
 13.900000 -2.854930 2.628638 23.784365
 13.920000 -2.949047 2.641972 23.771273
 13.940000 -2.802658 2.643835 24.080966
 13.960000 -2.798134 2.620126 23.861030
 13.980000 -2.696325 2.491442 22.982393
 14.000000 -2.653538 2.580241 24.141544
 14.020000 -2.519695 2.592368 25.246595
 14.040000 -2.677555 2.456778 22.725872
 14.060000 -2.568315 2.455673 23.419514
 14.080000 -2.641384 2.411783 22.475270
 14.100000 -2.598765 2.471738 23.366893
 14.120000 -2.480402 2.402068 23.590770
 14.140000 -2.577719 2.440662 23.193859
 14.160000 -2.645927 2.415247 22.483161
 14.180000 -2.617068 2.477453 23.302570
 14.200000 -2.708907 2.461850 22.617731
 14.220000 -2.652323 2.427804 22.572569
 14.240000 -2.605623 2.475725 23.361371
 14.260000 -2.780377 2.483719 22.547245
 14.280000 -2.732444 2.582276 23.739447
 14.300000 -2.854558 2.459660 22.122764
 14.320000 -2.868729 2.548186 22.962578
 14.340000 -2.757399 2.645565 24.269200
 14.360000 -2.710824 2.730021 25.299731
 14.380000 -2.590905 2.859218 27.076369
 14.400000 -2.456322 2.853392 28.078650
 14.420000 -2.532619 2.840547 27.365434
 14.440000 -2.477724 2.919272 28.278718
 14.460000 -2.611538 2.859183 26.940936
 14.480000 -2.703089 2.737886 25.412072
 14.500000 -2.748359 2.652181 24.373501
 14.520000 -2.882992 2.610048 23.545227
 14.540000 -2.931574 2.656504 23.926324
 14.560000 -2.963604 2.538451 22.778102
 14.580000 -2.926568 2.567361 23.072702
 14.600000 -2.759075 2.592823 23.731827
 14.620000 -2.469040 2.615476 25.936792
 14.640000 -2.583198 2.537028 24.163635
 14.660000 -2.415063 2.481981 25.058927
 14.680000 -2.472456 2.495282 24.641378
 14.700000 -2.514562 2.460934 23.903570
 14.720000 -2.450485 2.361605 23.455223
 14.740000 -2.491810 2.400622 23.473821
 14.760000 -2.674817 2.416226 22.330686
 14.780000 -2.606342 2.385017 22.429192
 14.800000 -2.681998 2.309204 21.276076
 14.820000 -2.641244 2.299558 21.407351
 14.840000 -2.507325 2.333717 22.673967
 14.860000 -2.564983 2.307054 21.970319
 14.880000 -2.569307 2.252660 21.460371
 14.900000 -2.644041 2.259746 21.048038
 14.920000 -2.752567 2.183624 20.003107
 14.940000 -2.759939 2.208776 20.157958
 14.960000 -2.853680 2.246353 20.255478
 14.980000 -2.775406 2.337153 21.161988
 15.000000 -2.771093 2.419788 21.947403
 15.020000 -2.695131 2.442235 22.486818
 15.040000 -2.722156 2.384083 21.788094
 15.060000 -2.621186 2.426509 22.749966
 15.080000 -2.660053 2.477775 23.039383
 15.100000 -2.531556 2.494927 24.122169
 15.120000 -2.598272 2.441221 23.053751
 15.140000 -2.648312 2.428000 22.598027
 15.160000 -2.678591 2.435090 22.500121
 15.180000 -2.799699 2.600028 23.654984
 15.200000 -2.784416 2.548097 23.182721
 15.220000 -2.788944 2.564203 23.330183
 15.240000 -2.615755 2.641864 25.013796
 15.260000 -2.539727 2.641333 25.578798
 15.280000 -2.425234 2.747564 27.586306
 15.300000 -2.422907 2.685010 27.059241
 15.320000 -2.470366 2.748824 27.175968
 15.340000 -2.481027 2.760593 27.179056
 15.360000 -2.640297 2.683028 25.257259
 15.380000 -2.677834 2.849203 26.481128
 15.400000 -2.813160 2.821724 25.677214
 15.420000 -2.854016 2.826249 25.599556
 15.440000 -2.827137 2.918420 26.383136
 15.460000 -2.835198 2.834965 25.719322
 15.480000 -2.757731 2.834603 25.989439
 15.500000 -2.694115 2.804591 26.042406
 15.520000 -2.764728 2.717554 24.937298
 15.540000 -2.749297 2.740534 25.215835
 15.560000 -2.852310 2.581989 23.329895
 15.580000 -3.030995 2.540099 22.819949
 15.600000 -2.790425 2.596266 23.648384
 15.620000 -2.913356 2.558545 23.000050
 15.640000 -2.680058 2.644091 24.634478
 15.660000 -2.573861 2.536030 24.222632
 15.680000 -2.510845 2.648711 25.894661
 15.700000 -2.386222 2.620545 26.808694
 15.720000 -2.380147 2.634755 27.013846
 15.740000 -2.473680 2.489906 24.572753
 15.760000 -2.471965 2.598448 25.735263
 15.780000 -2.603491 2.527888 23.922723
 15.800000 -2.814015 2.479725 22.407485
 15.820000 -2.777952 2.455702 22.276254
 15.840000 -2.976233 2.295658 20.666785
 15.860000 -2.810605 2.448276 22.107678
 15.880000 -2.726082 2.322997 21.205131
 15.900000 -2.707628 2.352418 21.550865
 15.920000 -2.518144 2.374710 22.985980
 15.940000 -2.556267 2.463157 23.589476
 15.960000 -2.684590 2.329461 21.445539
 15.980000 -2.600030 2.363050 22.255979
 16.000000 -2.757037 2.478539 22.578157
 16.020000 -2.711458 2.575892 23.775235
 16.040000 -2.600798 2.605988 24.754448
 16.060000 -2.715390 2.502214 22.998644
 16.080000 -2.560988 2.594682 24.934214
 16.100000 -2.540853 2.624956 25.404807
 16.120000 -2.578676 2.695674 25.804407
 16.140000 -2.525065 2.575435 25.024915
 16.160000 -2.633413 2.592007 24.389212
 16.180000 -2.824382 2.695012 24.510625
 16.200000 -2.830201 2.811501 25.539356
 16.220000 -3.010421 2.697085 24.256302
 16.240000 -2.967011 2.725381 24.533720
 16.260000 -2.816029 2.898227 26.270619
 16.280000 -2.738775 2.837375 26.092687
 16.300000 -2.694983 2.910088 26.827779
 16.320000 -2.632476 2.983455 27.561143
 16.340000 -2.644328 3.042872 27.744818
 16.360000 -2.667332 2.962397 27.275066
 16.380000 -2.738568 2.736261 25.224343
 16.400000 -2.771662 2.650235 24.257381
 16.420000 -2.831525 2.839774 25.769132
 16.440000 -2.893913 2.702235 24.414777
 16.460000 -2.920124 2.457361 22.027861
 16.480000 -2.887732 2.400650 21.526925
 16.500000 -2.823952 2.403110 21.643684
 16.520000 -2.646248 2.475178 23.094251
 16.540000 -2.640381 2.305327 21.463785
 16.560000 -2.505080 2.322964 22.589848
 16.580000 -2.466904 2.260199 22.343620
 16.600000 -2.528012 2.354009 22.700402
 16.620000 -2.549173 2.160151 20.895883
 16.640000 -2.530874 2.237230 21.616579
 16.660000 -2.514774 2.142612 21.035519
 16.680000 -2.326683 2.311022 24.215331
 16.700000 -2.368979 2.070202 21.882149
 16.720000 -2.406295 2.197771 22.379803
 16.740000 -2.409875 2.199221 22.357186
 16.760000 -2.323475 2.234226 23.528963
 16.780000 -2.439267 2.232987 22.359027
 16.800000 -2.378228 2.174282 22.470189
 16.820000 -2.556112 2.287627 21.859337
 16.840000 -2.768533 2.328002 21.101284
 16.860000 -2.945170 2.271828 20.451303
 16.880000 -2.934167 2.273772 20.457226
 16.900000 -3.023462 2.257741 20.479814
 16.920000 -2.910752 2.431289 21.790992
 16.940000 -2.839195 2.475724 22.308305
 16.960000 -2.593273 2.572837 24.465519
 16.980000 -2.448111 2.722030 27.150236
 17.000000 -2.249714 2.760966 29.560476
 17.020000 -2.401553 2.754692 27.876743
 17.040000 -2.322360 2.877944 29.497396
 17.060000 -2.545706 2.819392 27.111766
 17.080000 -2.392292 2.813652 28.407257
 17.100000 -2.561240 2.842031 27.161976
 17.120000 -2.635236 2.719382 25.634425
 17.140000 -2.687415 2.679428 24.941039
 17.160000 -2.695461 2.752199 25.582362
 17.180000 -2.817444 2.545608 23.054979
 17.200000 -2.718302 2.700426 24.983009
 17.220000 -2.833424 2.606493 23.619409
 17.240000 -2.792462 2.703658 24.698422
 17.260000 -2.797180 2.625924 23.921954
 17.280000 -2.780864 2.623217 23.952978
 17.300000 -2.774767 2.739040 25.096696
 17.320000 -2.602092 2.689283 25.574174
 17.340000 -2.628576 2.651150 25.020350
 17.360000 -2.709731 2.736371 25.364131
 17.380000 -2.607391 2.701199 25.650408
 17.400000 -2.773012 2.659195 24.340412
 17.420000 -2.718357 2.483710 22.795388
 17.440000 -2.737978 2.558092 23.467133
 17.460000 -2.744617 2.554609 23.402246
 17.480000 -2.726601 2.542700 23.361354
 17.500000 -2.727473 2.421637 22.130559
 17.520000 -2.607928 2.404288 22.611403
 17.540000 -2.571095 2.316323 22.011510
 17.560000 -2.568090 2.419890 23.050050
 17.580000 -2.502786 2.354100 22.910914
 17.600000 -2.381805 2.513029 25.736246
 17.620000 -2.471359 2.440210 24.070027
 17.640000 -2.299231 2.439878 25.866951
 17.660000 -2.475289 2.306309 22.689405
 17.680000 -2.406416 2.319482 23.464735
 17.700000 -2.473515 2.271483 22.385205
 17.720000 -2.372591 2.308415 23.700786
 17.740000 -2.629984 2.148065 20.295786
 17.760000 -2.629419 2.095023 19.983648
 17.780000 -2.858650 2.138193 19.524220
 17.800000 -2.946144 2.150681 19.637089
 17.820000 -2.927403 2.109439 19.381432
 17.840000 -2.915078 2.216254 20.027563
 17.860000 -2.678486 2.350567 21.672451
 17.880000 -2.575950 2.514430 23.979248
 17.900000 -2.467805 2.467463 24.390038
 17.920000 -2.377090 2.578080 26.472521
 17.940000 -2.301173 2.788283 29.179739
 17.960000 -2.265378 2.724905 29.103444
 17.980000 -2.252358 2.930641 30.445914
 18.000000 -2.345906 2.867055 29.200358
 18.020000 -2.519141 2.930561 28.018017
 18.040000 -2.545112 2.962535 27.989973
 18.060000 -2.869624 2.768144 25.066826
 18.080000 -2.648738 2.859686 26.719503
 18.100000 -2.833767 2.719203 24.711607
 18.120000 -2.812487 2.848225 25.896657
 18.140000 -2.921161 2.722669 24.560172
 18.160000 -2.973318 2.609501 23.449612
 18.180000 -2.977560 2.514971 22.558513
 18.200000 -2.825319 2.544656 23.024134
 18.220000 -2.813604 2.494825 22.558190
 18.240000 -2.780803 2.598782 23.707604
 18.260000 -2.619082 2.584296 24.404264
 18.280000 -2.762169 2.543090 23.212751
 18.300000 -2.541861 2.459767 23.666856
 18.320000 -2.563641 2.464892 23.551199
 18.340000 -2.406092 2.459431 24.910574
 18.360000 -2.411430 2.271899 22.965314
 18.380000 -2.401097 2.379385 24.120589
 18.400000 -2.513395 2.162134 21.179011
 18.420000 -2.516446 2.224491 21.625539
 18.440000 -2.539432 2.057037 20.364197
 18.460000 -2.719252 2.152856 19.912879
 18.480000 -2.613020 2.208977 20.822836
 18.500000 -2.793012 2.274888 20.581019
 18.520000 -2.675945 2.284232 21.087814
 18.540000 -2.618200 2.312124 21.657994
 18.560000 -2.625266 2.492052 23.401146
 18.580000 -2.572866 2.536070 24.230547
 18.600000 -2.598815 2.683189 25.538849
 18.620000 -2.647535 2.620129 24.586742
 18.640000 -2.577276 2.882092 27.322438
 18.660000 -2.729482 2.839480 26.151076
 18.680000 -2.859484 2.825885 25.583647
 18.700000 -2.739895 2.966185 26.978002
 18.720000 -2.926335 2.932312 26.279267
 18.740000 -2.736397 3.045632 27.381769
 18.760000 -2.825055 3.027796 27.043662
 18.780000 -2.810062 3.108533 27.412283
 18.800000 -2.805227 3.085475 27.341953
 18.820000 -2.743415 3.120225 27.606783
 18.840000 -2.798524 2.874091 26.146772
 18.860000 -2.718064 3.086967 27.591918
 18.880000 -2.680620 3.048858 27.605705
 18.900000 -2.787096 2.975411 26.866401
 18.920000 -2.692031 2.880794 26.641512
 18.940000 -2.802306 2.721402 24.830899
 18.960000 -2.768067 2.949856 26.777709
 18.980000 -2.834506 2.631948 23.868060
 19.000000 -2.724439 2.682479 24.780107
 19.020000 -2.831075 2.556816 23.130628
 19.040000 -2.639345 2.504536 23.441812
 19.060000 -2.778265 2.302689 20.852099
 19.080000 -2.773277 2.223281 20.226812
 19.100000 -2.670880 2.234884 20.706069
 19.120000 -2.659726 2.155646 20.187643
 19.140000 -2.594361 2.175124 20.691925
 19.160000 -2.637824 1.875980 19.236540
 19.180000 -2.555876 2.206741 21.186834
 19.200000 -2.527985 2.069244 20.507999
 19.220000 -2.377900 2.197534 22.655208
 19.240000 -2.410324 2.083893 21.567848
 19.260000 -2.314698 2.114199 22.689318
 19.280000 -2.412463 2.302859 23.244289
 19.300000 -2.422591 2.128180 21.723266
 19.320000 -2.481238 2.321873 22.784622
 19.340000 -2.608390 2.197204 20.763135
 19.360000 -2.588046 2.343076 22.144820
 19.380000 -2.693736 2.343825 21.534164
 19.400000 -2.746398 2.576745 23.621071
 19.420000 -2.749804 2.485850 22.679857
 19.440000 -2.710102 2.719809 25.207706
 19.460000 -2.867198 2.748324 24.894912
 19.480000 -2.704333 2.790527 25.872238
 19.500000 -2.897065 2.930078 26.310331
 19.520000 -2.955252 2.827318 25.433500
 19.540000 -2.868289 2.869599 25.918339
 19.560000 -2.956450 2.932105 26.240569
 19.580000 -2.933775 3.000842 26.711545
 19.600000 -2.822374 2.986989 26.832259
 19.620000 -2.737905 2.944713 26.858962
 19.640000 -2.668166 2.973157 27.328030
 19.660000 -2.477352 2.992532 28.592685
 19.680000 -2.521147 2.862057 27.600561
 19.700000 -2.507852 2.891099 27.884218
 19.720000 -2.426388 2.662498 26.812301
 19.740000 -2.508596 2.601437 25.435792
 19.760000 -2.603941 2.615888 24.833409
 19.780000 -2.652185 2.405108 22.345003
 19.800000 -2.616161 2.536942 23.930949
 19.820000 -2.765494 2.413068 21.901426
 19.840000 -2.680496 2.307030 21.264214
 19.860000 -2.790014 2.305986 20.848796
 19.880000 -2.757763 2.319650 21.061608
 19.900000 -2.660917 2.252893 20.900640
 19.920000 -2.540506 2.219229 21.397350
 19.940000 -2.660713 2.350169 21.762304
 19.960000 -2.620078 2.224507 20.899651
 19.980000 -2.712059 2.249951 20.642008
 20.000000 -2.788905 2.254046 20.422998
