#! FIELDS time phi psi metad.bias
#! SET min_phi -pi
#! SET max_phi pi
#! SET min_psi -pi
#! SET max_psi pi
 0.000000 3.141580 -3.141577 24.644286
 0.020000 -2.771682 2.590068 24.988768
 0.040000 -2.789803 2.549784 24.402394
 0.060000 -2.809729 2.564275 24.305174
 0.080000 -2.816969 2.541393 24.010878
 0.100000 -2.766497 2.596070 25.105751
 0.120000 -2.821983 2.601733 24.501863
 0.140000 -2.805693 2.656608 25.156549
 0.160000 -2.823200 2.605041 24.517043
 0.180000 -2.776047 2.688450 25.764023
 0.200000 -2.787310 2.749893 26.076125
 0.220000 -2.825696 2.715465 25.387153
 0.240000 -2.838514 2.780705 25.692073
 0.260000 -2.892285 2.729609 24.772470
 0.280000 -2.857205 2.806126 25.647600
 0.300000 -2.778506 2.834541 26.684203
 0.320000 -2.753727 2.821825 26.908832
 0.340000 -2.691243 2.856293 27.829723
 0.360000 -2.756210 2.847778 27.012007
 0.380000 -2.728467 2.861782 27.405066
 0.400000 -2.753457 2.805307 26.822356
 0.420000 -2.794249 2.880015 26.727070
 0.440000 -2.794937 2.796678 26.282821
 0.460000 -2.773090 2.839147 26.771215
 0.480000 -2.828016 2.716562 25.368966
 0.500000 -2.856065 2.622423 24.302398
 0.520000 -2.805280 2.606219 24.733205
 0.540000 -2.907274 2.558676 23.221248
 0.560000 -2.816173 2.492830 23.557886
 0.580000 -2.932253 2.423040 21.765156
 0.600000 -2.908362 2.398643 21.742835
 0.620000 -2.916333 2.307858 20.846298
 0.640000 -2.804964 2.408914 22.854316
 0.660000 -2.763906 2.315381 22.366172
 0.680000 -2.614191 2.300671 24.083879
 0.700000 -2.611695 2.275928 23.850768
 0.720000 -2.531382 2.275495 24.975099
 0.740000 -2.545575 2.360228 25.699551
 0.760000 -2.547100 2.211203 24.056619
 0.780000 -2.503046 2.314430 25.817971
 0.800000 -2.548228 2.261461 24.579839
 0.820000 -2.533379 2.235748 24.514410
 0.840000 -2.651878 2.289991 23.466557
 0.860000 -2.725481 2.287131 22.519632
 0.880000 -2.759621 2.211079 21.377490
 0.900000 -2.699469 2.263439 22.588195
 0.920000 -2.762662 2.275258 21.974849
 0.940000 -2.703919 2.208559 21.979589
 0.960000 -2.760304 2.412145 23.394846
 0.980000 -2.802853 2.378204 22.570180
 1.000000 -2.696380 2.511014 25.193795
 1.020000 -2.885713 2.431942 22.259110
 1.040000 -2.835976 2.639332 24.666483
 1.060000 -2.831434 2.672813 24.993292
 1.080000 -2.905382 2.661521 24.116283
 1.100000 -2.772814 2.654925 25.534522
 1.120000 -2.862522 2.661879 24.562670
 1.140000 -2.868963 2.782627 25.377728
 1.160000 -2.865890 2.771742 25.339685
 1.180000 -2.869904 2.805264 25.509185
 1.200000 -2.872393 2.728272 24.970176
 1.220000 -2.738012 2.914231 27.495363
 1.240000 -2.889957 2.737804 24.855310
 1.260000 -2.679054 2.915451 28.184748
 1.280000 -2.705209 2.912878 27.869989
 1.300000 -2.668828 2.886531 28.218584
 1.320000 -2.590927 2.907417 29.234311
 1.340000 -2.723322 2.785280 27.074896
 1.360000 -2.750006 2.929937 27.409976
 1.380000 -2.795845 2.843473 26.531740
 1.400000 -2.806063 2.742745 25.807629
 1.420000 -2.927390 2.529036 22.768906
 1.440000 -2.815947 2.626593 24.786034
 1.460000 -2.997107 2.533946 22.225979
 1.480000 -2.846812 2.571099 23.952639
 1.500000 -2.907869 2.435822 22.092702
 1.520000 -2.740428 2.406628 23.576383
 1.540000 -2.721865 2.603832 25.734128
 1.560000 -2.646769 2.567168 26.400262
 1.580000 -2.616423 2.636000 27.424815
 1.600000 -2.636334 2.575964 26.625220
 1.620000 -2.566703 2.624646 28.029849
 1.640000 -2.558902 2.481677 26.802047
 1.660000 -2.705546 2.486450 24.829524
 1.680000 -2.757496 2.343953 22.730454
 1.700000 -2.732025 2.493371 24.560604
 1.720000 -2.887344 2.421780 22.147892
 1.740000 -2.828830 2.322290 21.748629
 1.760000 -3.004997 2.423676 21.230368
 1.780000 -2.980673 2.377373 20.995206
 1.800000 -2.897874 2.533659 23.087535
 1.820000 -2.832436 2.449746 22.962456
 1.840000 -2.740656 2.523709 24.749883
 1.860000 -2.658775 2.578443 26.340636
 1.880000 -2.708342 2.742113 26.991709
 1.900000 -2.819024 2.741493 25.649779
 1.920000 -2.622431 2.795096 28.416566
 1.940000 -2.764259 2.784073 26.569116
 1.960000 -2.543890 2.814338 29.549678
 1.980000 -2.702085 2.830639 27.579749
 2.000000 -2.827194 2.776456 25.790505
 2.020000 -2.745255 2.794100 26.857598
 2.040000 -2.863180 2.652507 24.478708
 2.060000 -2.877230 2.645790 24.275155
 2.080000 -2.945989 2.590397 23.135647
 2.100000 -2.995498 2.705218 23.615957
 2.120000 -3.113034 2.734024 22.923107
 2.140000 -2.907844 2.705250 24.433811
 2.160000 -3.006878 2.552705 22.308779
 2.180000 -2.643433 2.737214 27.803752
 2.200000 -2.598510 2.850962 28.973346
 2.220000 -2.538051 2.769586 29.420933
 2.240000 -2.434007 2.673948 30.312635
 2.260000 -2.391717 2.621157 30.535438
 2.280000 -2.515913 2.644184 28.915200
 2.300000 -2.469143 2.606257 29.286829
 2.320000 -2.624236 2.536126 26.416549
 2.340000 -2.823728 2.565924 24.161278
 2.360000 -2.658906 2.465370 25.232027
 2.380000 -2.886782 2.339060 21.373584
 2.400000 -2.792163 2.249512 21.407702
 2.420000 -2.735144 2.340170 22.953045
 2.440000 -2.733992 2.407829 23.667099
 2.460000 -2.609762 2.344479 24.619224
 2.480000 -2.691392 2.375106 23.859125
 2.500000 -2.779678 2.423354 23.282328
 2.520000 -2.758002 2.549513 24.781485
 2.540000 -2.818712 2.499290 23.591953
 2.560000 -2.906410 2.384290 21.626277
 2.580000 -2.683919 2.531512 25.558949
 2.600000 -2.890617 2.393402 21.850150
 2.620000 -2.741404 2.547711 24.970323
 2.640000 -2.845660 2.363439 21.983900
 2.660000 -2.867258 2.606585 24.046789
 2.680000 -2.784453 2.664133 25.469271
 2.700000 -2.749806 2.649917 25.776395
 2.720000 -2.838847 2.638357 24.626242
 2.740000 -2.811603 2.804177 26.135632
 2.760000 -2.737189 2.893517 27.432097
 2.780000 -2.782331 2.748272 26.124119
 2.800000 -2.590640 2.672716 28.073570
 2.820000 -2.697098 2.567763 25.728900
 2.840000 -2.673415 2.833490 27.948862
 2.860000 -2.769235 2.790465 26.548093
 2.880000 -2.968482 2.701034 23.822129
 2.900000 -2.908985 2.693349 24.331445
 2.920000 -3.016909 2.874628 24.529600
 2.940000 -2.975460 2.723949 23.929432
 2.960000 -2.920453 2.742877 24.583641
 2.980000 -2.811638 2.859023 26.433730
 3.000000 -2.788064 2.721800 25.870641
 3.020000 -2.560733 2.800086 29.261821
 3.040000 -2.837930 2.530637 23.677866
 3.060000 -2.624900 2.622465 27.194466
 3.080000 -2.796055 2.629541 25.042956
 3.100000 -2.830407 2.544873 23.893055
 3.120000 -2.789474 2.358943 22.522581
 3.140000 -2.798764 2.418549 23.018895
 3.160000 -2.765414 2.417728 23.391288
 3.180000 -2.589031 2.421048 25.735276
 3.200000 -2.518576 2.281248 25.224070
 3.220000 -2.480772 2.369986 26.761206
 3.240000 -2.322398 2.455583 30.040589
 3.260000 -2.550536 2.487494 26.982598
 3.280000 -2.550540 2.516778 27.276286
 3.300000 -2.770370 2.253035 21.670194
 3.320000 -2.913042 2.385480 21.580916
 3.340000 -3.020138 2.469685 21.518199
 3.360000 -3.058402 2.406042 20.771737
 3.380000 -3.089575 2.395900 20.547883
 3.400000 -2.825173 2.568799 24.171215
 3.420000 -2.825661 2.686946 25.170593
 3.440000 -2.668007 2.642933 26.778010
 3.460000 -2.627249 2.825491 28.498738
 3.480000 -2.816865 2.782000 25.942000
 3.500000 -2.670967 2.976119 28.399757
 3.520000 -2.987676 2.779765 24.208162
 3.540000 -2.877263 2.759090 25.135382
 3.560000 -2.939112 2.720041 24.237329
 3.580000 -2.947371 2.833466 24.912146
 3.600000 -3.045951 2.757603 23.571904
 3.620000 -2.799967 2.733370 25.813125
 3.640000 -2.885719 2.778212 25.174877
 3.660000 -2.708706 2.910345 27.821376
 3.680000 -2.654507 2.873076 28.346783
 3.700000 -2.735049 2.622558 25.730123
 3.720000 -2.604265 2.792390 28.643182
 3.740000 -2.664686 2.646067 26.848278
 3.760000 -2.756780 2.537217 24.679668
 3.780000 -2.838610 2.435619 22.759725
 3.800000 -2.870679 2.335350 21.480549
 3.820000 -2.859919 2.377471 21.982089
 3.840000 -2.797837 2.221995 21.086883
 3.860000 -2.848798 2.147375 19.975404
 3.880000 -2.635158 2.263345 23.402689
 3.900000 -2.425726 2.434210 28.279293
 3.920000 -2.418589 2.319623 27.133257
 3.940000 -2.324542 2.253138 27.792738
 3.960000 -2.447964 2.261217 26.044245
 3.980000 -2.567594 2.258820 24.276716
 4.000000 -2.551698 2.333654 25.320131
 4.020000 -2.700068 2.168171 21.631537
 4.040000 -2.836767 2.147936 20.076447
 4.060000 -2.810620 2.151255 20.329841
 4.080000 -2.981594 2.135036 19.081851
 4.100000 -3.053862 2.088855 18.597205
 4.120000 -2.827267 2.146279 20.141986
 4.140000 -2.851259 2.379355 22.083724
 4.160000 -2.719048 2.417083 23.947789
 4.180000 -2.708989 2.388966 23.781506
 4.200000 -2.829291 2.405949 22.565677
 4.220000 -2.712061 2.662331 26.355230
 4.240000 -2.760422 2.620906 25.399105
 4.260000 -2.722593 2.661665 26.215097
 4.280000 -2.687103 2.527487 25.477600
 4.300000 -2.737091 2.557901 25.120635
 4.320000 -2.753014 2.630441 25.572812
 4.340000 -2.753217 2.524756 24.603659
 4.360000 -2.776329 2.543985 24.507521
 4.380000 -2.707649 2.471191 24.648182
 4.400000 -2.706742 2.653493 26.352626
 4.420000 -2.788754 2.503184 23.970093
 4.440000 -2.745563 2.585745 25.271225
 4.460000 -2.729488 2.634154 25.899863
 4.480000 -2.686603 2.772182 27.458522
 4.500000 -2.582307 2.549177 27.133169
 4.520000 -2.598749 2.568802 27.083996
 4.540000 -2.659687 2.731623 27.551386
 4.560000 -2.613329 2.641328 27.511271
 4.580000 -2.683512 2.677243 26.844720
 4.600000 -2.711597 2.490404 24.791091
 4.620000 -2.714111 2.563435 25.466499
 4.640000 -2.876565 2.573361 23.658042
 4.660000 -2.966931 2.569829 22.775974
 4.680000 -3.005055 2.421343 21.210147
 4.700000 -2.977375 2.481925 21.931220
 4.720000 -2.921357 2.500747 22.568802
 4.740000 -2.865262 2.434295 22.477684
 4.760000 -2.869129 2.575096 23.750822
 4.780000 -2.821389 2.641116 24.846302
 4.800000 -2.629930 2.838117 28.518596
 4.820000 -2.666530 2.701884 27.253287
 4.840000 -2.569703 2.731603 28.768680
 4.860000 -2.541209 2.847683 29.708419
 4.880000 -2.554963 2.904581 29.678932
 4.900000 -2.607621 2.756254 28.400848
 4.920000 -2.688676 2.708855 27.012098
 4.940000 -2.814481 2.772274 25.907587
 4.960000 -2.842839 2.793905 25.727398
 4.980000 -3.013425 2.693611 23.379154
 5.000000 -3.025306 2.572153 22.331645
 5.020000 -3.016576 2.800008 24.089911
 5.040000 -3.005370 2.924121 24.879133
 5.060000 -2.935832 2.742745 24.433225
 5.080000 -2.906072 2.763853 24.872346
 5.100000 -2.854482 2.734808 25.208584
 5.120000 -2.771603 2.940777 27.204499
 5.140000 -2.750934 2.928224 27.394358
 5.160000 -2.798173 2.846064 26.518721
 5.180000 -2.604000 2.960460 29.159929
 5.200000 -2.617099 3.107238 28.889037
 5.220000 -2.642770 3.071991 28.698435
 5.240000 -2.652696 3.012600 28.630301
 5.260000 -2.654913 3.101175 28.524346
 5.280000 -2.654700 3.108747 28.510593
 5.300000 -2.702717 3.032995 28.094330
 5.320000 -2.823403 2.897739 26.486498
 5.340000 -3.031537 2.782526 23.853136
 5.360000 -3.031275 2.855912 24.305871
 5.380000 3.066352 2.629534 21.666810
 5.400000 -3.080390 2.609807 22.246036
 5.420000 -3.094497 2.619580 22.229336
 5.440000 -2.939252 2.706971 24.138690
 5.460000 -2.817371 2.655672 25.013803
 5.480000 -2.655878 2.637297 26.894882
 5.500000 -2.616031 2.591941 27.051883
 5.520000 -2.342863 2.691023 31.711054
 5.540000 -2.545378 2.465588 26.832157
 5.560000 -2.443383 2.357334 27.180806
 5.580000 -2.574864 2.223366 23.796288
 5.600000 -2.595301 2.221411 23.494385
 5.620000 -2.594245 2.151925 22.797272
 5.640000 -2.568767 2.033762 22.042928
 5.660000 -2.678734 2.143401 21.646629
 5.680000 -2.595451 2.115926 22.431202
 5.700000 -2.511795 2.128689 23.702848
 5.720000 -2.663785 2.060109 21.076108
 5.740000 -2.422678 1.995730 23.752941
 5.760000 -2.593026 2.120757 22.509445
 5.780000 -2.784999 2.069043 19.887110
 5.800000 -2.779382 2.097205 20.164377
 5.820000 -2.859286 2.101908 19.537224
 5.840000 -2.912662 2.255889 20.415389
 5.860000 -2.890346 2.297625 20.960184
 5.880000 -3.050928 2.191716 19.224620
 5.900000 -3.008684 2.235336 19.683798
 5.920000 -2.815163 2.443903 23.090836
 5.940000 -2.870900 2.468990 22.752975
 5.960000 -2.624559 2.567374 26.708981
 5.980000 -2.789563 2.513852 24.063861
 6.000000 -2.758623 2.609930 25.325358
 6.020000 -2.758810 2.775827 26.584059
 6.040000 -2.833600 2.834867 26.064089
 6.060000 -2.859607 2.723378 25.070730
 6.080000 -2.781866 2.796878 26.436660
 6.100000 -2.791815 2.951801 27.019228
 6.120000 -2.730530 2.935740 27.645056
 6.140000 -2.608227 2.870890 28.917745
 6.160000 -2.670771 2.953938 28.368179
 6.180000 -2.504387 3.095535 30.094815
 6.200000 -2.556815 2.954334 29.720161
 6.220000 -2.706826 2.958905 27.966022
 6.240000 -2.711019 2.897165 27.750887
 6.260000 -2.851400 2.910026 26.247968
 6.280000 -2.891977 2.914233 25.861657
 6.300000 -2.871741 2.650159 24.368764
 6.320000 -2.808277 2.726083 25.664224
 6.340000 -2.891016 2.595578 23.706136
 6.360000 -2.690589 2.568006 25.817059
 6.380000 -2.817708 2.474266 23.360786
 6.400000 -2.608284 2.502555 26.308643
 6.420000 -2.658933 2.292421 23.400509
 6.440000 -2.616640 2.441051 25.559100
 6.460000 -2.678740 2.307736 23.307805
 6.480000 -2.584661 2.396834 25.537336
 6.500000 -2.642275 2.251404 23.183054
 6.520000 -2.586399 2.246150 23.878178
 6.540000 -2.572088 2.310420 24.774280
 6.560000 -2.708075 2.267308 22.523955
 6.580000 -2.634947 2.334133 24.163913
 6.600000 -2.765459 2.111270 20.414847
 6.620000 -2.793725 2.251423 21.410303
 6.640000 -2.875469 2.197658 20.188513
 6.660000 -2.889243 2.304505 21.032425
 6.680000 -2.897946 2.326823 21.165630
 6.700000 -2.807078 2.361954 22.362699
 6.720000 -2.732928 2.357593 23.160156
 6.740000 -2.820474 2.409674 22.695125
 6.760000 -2.768363 2.517846 24.353013
 6.780000 -2.760010 2.586338 25.097647
 6.800000 -2.675730 2.840486 27.951629
 6.820000 -2.643239 2.722572 27.709134
 6.840000 -2.557159 2.921389 29.680434
 6.860000 -2.727793 2.935167 27.674324
 6.880000 -2.669390 3.048049 28.443307
 6.900000 -2.751651 3.029971 27.584929
 6.920000 -2.732545 2.957238 27.676333
 6.940000 -2.662693 2.926003 28.405684
 6.960000 -2.925503 2.929375 25.608155
 6.980000 -2.986300 2.921088 25.027002
 7.000000 -3.041628 2.773995 23.715657
 7.020000 -3.023554 2.815737 24.130515
 7.040000 -2.976180 2.604874 22.992531
 7.060000 -2.734764 2.711414 26.444316
 7.080000 -2.867607 2.562922 23.657749
 7.100000 -2.660119 2.592765 26.452402
 7.120000 -2.703931 2.437504 24.350900
 7.140000 -2.673820 2.494879 25.331759
 7.160000 -2.613111 2.414321 25.325230
 7.180000 -2.585716 2.375826 25.295340
 7.200000 -2.665097 2.327849 23.696886
 7.220000 -2.637985 2.182931 22.533295
 7.240000 -2.820671 2.095405 19.785256
 7.260000 -2.828046 2.003192 19.060610
 7.280000 -2.728202 2.164646 21.280029
 7.300000 -2.729175 2.036604 20.168838
 7.320000 -2.590230 2.042457 21.836722
 7.340000 -2.574580 2.130968 22.855113
 7.360000 -2.602742 2.112811 22.306256
 7.380000 -2.465495 2.084653 23.935252
 7.400000 -2.444360 2.165962 25.062585
 7.420000 -2.384619 2.389871 28.419459
 7.440000 -2.359214 2.359276 28.462881
 7.460000 -2.447218 2.485517 28.486711
 7.480000 -2.605937 2.474136 26.053204
 7.500000 -2.568373 2.638816 28.122444
 7.520000 -2.766576 2.678784 25.803051
 7.540000 -2.731734 2.676414 26.216338
 7.560000 -2.831587 2.589194 24.282733
 7.580000 -2.966860 2.690674 23.758458
 7.600000 -2.965943 2.670161 23.608598
 7.620000 -2.879565 2.671912 24.463808
 7.640000 -3.048822 2.616424 22.513925
 7.660000 -2.846484 2.685809 24.928347
 7.680000 -2.910582 2.898745 25.611147
 7.700000 -2.908172 2.939154 25.811008
 7.720000 -2.776007 2.949850 27.183019
 7.740000 -2.738204 3.049973 27.731641
 7.760000 -2.699604 3.079070 28.109906
 7.780000 -2.546849 3.103331 29.619237
 7.800000 -2.584208 2.962675 29.396633
 7.820000 -2.609919 3.014949 29.106840
 7.840000 -2.498213 2.942340 30.432348
 7.860000 -2.784851 2.861913 26.748986
 7.880000 -2.774390 2.815184 26.628508
 7.900000 -2.875761 2.801318 25.424282
 7.920000 -3.075668 2.765149 23.394691
 7.940000 -2.930391 2.789921 24.805286
 7.960000 -2.879722 2.700678 24.687468
 7.980000 -2.900688 2.625495 23.865713
 8.000000 -2.768115 2.637411 25.445954
 8.020000 -2.720596 2.677839 26.368650
 8.040000 -2.924779 2.440086 21.984008
 8.060000 -2.636485 2.624072 27.048455
 8.080000 -2.849212 2.493515 23.206924
 8.100000 -2.695828 2.557077 25.645693
 8.120000 -2.865927 2.392507 22.069709
 8.140000 -2.885302 2.482330 22.737034
 8.160000 -2.836232 2.508965 23.492249
 8.180000 -2.685028 2.461857 24.847407
 8.200000 -2.720397 2.291473 22.624577
 8.220000 -2.544684 2.446213 26.639260
 8.240000 -2.581370 2.511299 26.777634
 8.260000 -2.755999 2.521520 24.538156
 8.280000 -2.612958 2.489418 26.110648
 8.300000 -2.708605 2.385269 23.747615
 8.320000 -2.650690 2.528887 25.981316
 8.340000 -2.625679 2.415056 25.158869
 8.360000 -2.751759 2.379522 23.162256
 8.380000 -2.654045 2.327601 23.839219
 8.400000 -2.626403 2.358606 24.543365
 8.420000 -2.637173 2.367857 24.496207
 8.440000 -2.640820 2.336080 24.105928
 8.460000 -2.742653 2.393716 23.416702
 8.480000 -2.906310 2.337746 21.197020
 8.500000 -2.810626 2.400121 22.705200
 8.520000 -3.001759 2.102012 18.793456
 8.540000 -2.785715 2.330750 22.280158
 8.560000 -2.833038 2.194657 20.505616
 8.580000 -2.854665 2.418719 22.432168
 8.600000 -2.897991 2.308993 21.001719
 8.620000 -2.776571 2.552679 24.586344
 8.640000 -2.871064 2.549374 23.499294
 8.660000 -2.658022 2.755835 27.728590
 8.680000 -2.748612 2.783789 26.756117
 8.700000 -2.730491 2.917242 27.590999
 8.720000 -2.601943 2.915543 29.115391
 8.740000 -2.597428 2.870868 29.055072
 8.760000 -2.589667 2.955950 29.326000
 8.780000 -2.620028 2.966323 28.976855
 8.800000 -2.725081 3.065418 27.862875
 8.820000 -2.667203 2.909901 28.310469
 8.840000 -2.786939 2.830661 26.565955
 8.860000 -2.807239 2.808584 26.210674
 8.880000 -2.841794 2.935694 26.446733
 8.900000 -2.804903 2.781346 26.074866
 8.920000 -2.858872 2.623012 24.277108
 8.940000 -2.704132 2.755608 27.133319
 8.960000 -2.941752 2.500114 22.383203
 8.980000 -2.947667 2.505128 22.377239
 9.000000 -2.905323 2.346673 21.287115
 9.020000 -2.822316 2.489082 23.453808
 9.040000 -2.719444 2.366188 23.413400
 9.060000 -2.686068 2.340358 23.559193
 9.080000 -2.841170 2.297618 21.391369
 9.100000 -2.629437 2.525645 26.242176
 9.120000 -2.553274 2.324294 25.194861
 9.140000 -2.468078 2.295594 26.126255
 9.160000 -2.326975 2.268395 27.927502
 9.180000 -2.520419 2.310734 25.522289
 9.200000 -2.612317 2.271519 23.794932
 9.220000 -2.581824 2.136457 22.811233
 9.240000 -2.675124 2.002638 20.488074
 9.260000 -2.588687 2.163623 22.989052
 9.280000 -2.766549 2.217644 21.366917
 9.300000 -2.876451 2.223321 20.403247
 9.320000 -2.778532 2.209471 21.163763
 9.340000 -2.781518 2.239521 21.420514
 9.360000 -2.762622 2.322509 22.453081
 9.380000 -2.831341 2.390956 22.396696
 9.400000 -2.966137 2.456696 21.796585
 9.420000 -2.807506 2.716131 25.600664
 9.440000 -2.815856 2.724523 25.565575
 9.460000 -2.724956 2.695353 26.448002
 9.480000 -2.830793 2.730685 25.440224
 9.500000 -2.775952 2.920107 27.090014
 9.520000 -2.863753 3.045776 26.523078
 9.540000 -2.703672 2.913169 27.888818
 9.560000 -2.745983 2.715288 26.333203
 9.580000 -2.625334 2.883727 28.744097
 9.600000 -2.726118 3.033516 27.849870
 9.620000 -2.553813 3.016130 29.741584
 9.640000 -2.598897 2.780657 28.654220
 9.660000 -2.523649 2.728562 29.390938
 9.680000 -2.503456 3.045452 30.259650
 9.700000 -2.648875 2.955623 28.625758
 9.720000 -2.605274 2.847299 28.872359
 9.740000 -2.650412 2.752538 27.808353
 9.760000 -2.714920 2.714850 26.718819
 9.780000 -2.795982 2.707413 25.670936
 9.800000 -2.891005 2.470804 22.574468
 9.820000 -3.072113 2.482446 21.301738
 9.840000 -3.093291 2.318539 19.971176
 9.860000 -3.000725 2.448742 21.473060
 9.880000 -3.066443 2.112356 18.708924
 9.900000 -2.855623 2.345635 21.716637
 9.920000 -2.809921 2.272507 21.451209
 9.940000 -2.696328 2.510941 25.193748
 9.960000 -2.617776 2.225400 23.232650
 9.980000 -2.526285 2.225050 24.501069
 10.000000 -2.577996 2.249626 24.031986
 10.020000 -2.396231 2.394405 28.294817
 10.040000 -2.361116 2.388220 28.752747
 10.060000 -2.324874 2.135044 26.500658
 10.080000 -2.186892 2.331282 30.638479
 10.100000 -2.295987 2.412092 29.971715
 10.120000 -2.368173 2.597195 30.686371
 10.140000 -2.426230 2.459309 28.533909
 10.160000 -2.469352 2.491180 28.213067
 10.180000 -2.572848 2.510975 26.896530
 10.200000 -2.783505 2.459651 23.602449
 10.220000 -3.041388 2.350134 20.417098
 10.240000 -3.092554 2.416833 20.691637
 10.260000 -2.953583 2.623603 23.346188
 10.280000 -3.014709 2.544797 22.183943
 10.300000 -2.972034 2.630756 23.240751
 10.320000 -3.120783 2.602884 21.947945
 10.340000 -2.937206 3.043042 25.878069
 10.360000 -2.954452 3.017775 25.667554
 10.380000 -2.776854 2.874361 26.897441
 10.400000 -2.751053 3.002762 27.560630
 10.420000 -2.716987 -3.140926 27.847064
 10.440000 -2.653531 3.141376 28.438064
 10.460000 -2.453587 3.045186 30.825189
 10.480000 -2.467465 2.986478 30.786944
 10.500000 -2.369409 3.054575 31.739753
 10.520000 -2.316095 -3.119453 31.646614
 10.540000 -2.580593 2.943791 29.421993
 10.560000 -2.402399 2.928239 31.623084
 10.580000 -2.626482 3.016387 28.921147
 10.600000 -2.646326 2.884481 28.486911
 10.620000 -2.778690 2.777674 26.357884
 10.640000 -2.736669 2.670808 26.109991
 10.660000 -2.925629 2.484497 22.382917
 10.680000 -3.000071 2.393960 21.009807
 10.700000 3.040974 2.144606 19.026032
 10.720000 3.112961 2.157941 18.932941
 10.740000 -3.013462 2.149455 19.059656
 10.760000 -2.892047 2.171128 19.848834
 10.780000 -2.900253 2.169448 19.779471
 10.800000 -2.882012 2.131409 19.603517
 10.820000 -2.754771 2.142182 20.791094
 10.840000 -2.660738 2.210912 22.527992
 10.860000 -2.284103 2.100561 26.738197
 10.880000 -2.208343 2.125711 28.069697
 10.900000 -2.101184 2.088229 29.118697
 10.920000 -2.005356 2.259949 32.121568
 10.940000 -1.883191 2.333583 34.155178
 10.960000 -1.740229 2.234499 34.196928
 10.980000 -1.675409 2.258269 34.848124
 11.000000 -1.688692 2.436197 36.532015
 11.020000 -1.738017 2.386980 35.794879
 11.040000 -1.370302 2.260552 36.075438
 11.060000 -1.330276 2.277066 36.320396
 11.080000 -0.925996 2.264385 37.015414
 11.100000 -0.943182 2.273015 37.028076
 11.120000 -1.046074 2.271908 36.857172
 11.140000 -1.101577 2.343766 37.182022
 11.160000 -1.058964 2.315544 37.076860
 11.180000 -1.148033 2.529281 38.011803
 11.200000 -1.095170 2.362016 37.287210
 11.220000 -1.293808 2.373192 37.145863
 11.240000 -1.468012 2.144949 34.677929
 11.260000 -1.535334 2.198897 34.917232
 11.280000 -1.417519 2.081380 34.304996
 11.300000 -1.547057 1.971677 32.765830
 11.320000 -1.459742 1.870086 32.499331
 11.340000 -1.748014 1.812211 30.423347
 11.360000 -1.904353 1.802070 29.055873
 11.380000 -2.058055 1.704910 27.026234
 11.400000 -2.113385 1.662097 26.258859
 11.420000 -2.200449 1.696323 25.205815
 11.440000 -2.208435 1.565215 24.959347
 11.460000 -2.361329 1.504857 22.963977
 11.480000 -2.531702 1.595014 20.612169
 11.500000 -2.532555 1.510453 20.696867
 11.520000 -2.581633 1.444612 20.281674
 11.540000 -2.610807 1.607573 19.673648
 11.560000 -2.524481 1.678576 20.756419
 11.580000 -2.512893 1.744541 21.055374
 11.600000 -2.717884 1.738893 18.745889
 11.620000 -2.813636 1.759281 18.060158
 11.640000 -3.030356 1.693644 17.416504
 11.660000 3.105816 1.783466 17.937711
 11.680000 -3.063867 1.887032 17.752386
 11.700000 -2.866206 1.909621 18.293316
 11.720000 -2.854351 2.084099 19.438587
 11.740000 -2.713572 2.139902 21.213287
 11.760000 -2.597444 2.248137 23.747244
 11.780000 -2.520392 2.448510 27.018071
 11.800000 -2.361954 2.621020 30.964299
 11.820000 -2.412579 2.651284 30.460880
 11.840000 -2.461028 2.728291 30.268500
 11.860000 -2.588428 2.743601 28.585192
 11.880000 -2.622937 2.867007 28.718562
 11.900000 -2.798533 2.834880 26.455529
 11.920000 -2.822543 2.938665 26.654586
 11.940000 -2.674901 -3.123363 28.184304
 11.960000 -2.874484 3.081853 26.476512
 11.980000 -2.713270 -3.087908 27.735163
 12.000000 -2.795231 -3.009922 26.845484
 12.020000 -2.875423 -2.903349 25.995122
 12.040000 -2.805002 -2.982472 26.682564
 12.060000 -2.875857 -3.087150 26.458127
 12.080000 -3.044753 3.090636 25.155712
 12.100000 -2.989481 -3.112979 25.661435
 12.120000 3.133288 3.018582 24.213564
 12.140000 3.091726 2.784885 22.764037
 12.160000 -2.901184 2.891789 25.668621
 12.180000 -2.921614 2.718036 24.392370
 12.200000 -2.644065 2.771227 28.003332
 12.220000 -2.653302 2.524982 25.907539
 12.240000 -2.409366 2.389261 28.041655
 12.260000 -2.347003 2.421413 29.320754
 12.280000 -2.170995 2.222475 29.632705
 12.300000 -2.297532 1.990921 25.522260
 12.320000 -2.147813 2.052831 28.162324
 12.340000 -2.208982 2.006049 26.899503
 12.360000 -2.290984 1.775599 24.230854
 12.380000 -2.025684 1.784646 27.701981
 12.400000 -2.264919 1.736473 24.446492
 12.420000 -2.141442 1.608717 25.840767
 12.440000 -2.113967 1.620993 26.196444
 12.460000 -2.179642 1.435064 25.570353
 12.480000 -2.171260 1.507988 25.510400
 12.500000 -2.160267 1.399230 25.930361
 12.520000 -2.508215 1.325273 21.655179
 12.540000 -2.599633 1.183170 21.404043
 12.560000 -2.557429 1.136418 22.190929
 12.580000 -2.661340 1.213338 20.568237
 12.600000 -2.458317 1.151856 23.302241
 12.620000 -2.546346 1.074216 22.746782
 12.640000 -2.547144 1.111054 22.483117
 12.660000 -2.406791 1.202011 23.651822
 12.680000 -2.471109 1.119981 23.350833
 12.700000 -2.586412 1.145360 21.799776
 12.720000 -2.502429 1.103406 23.073311
 12.740000 -2.740204 1.212623 19.870272
 12.760000 -2.722359 1.097445 20.787967
 12.780000 -2.699746 1.136890 20.709633
 12.800000 -2.916414 1.229688 18.837401
 12.820000 -2.862498 1.132528 19.642277
 12.840000 -2.810147 1.116946 20.017888
 12.860000 -2.961401 1.267477 18.543863
 12.880000 -2.825756 1.194164 19.414901
 12.900000 -2.668582 1.247531 20.288824
 12.920000 -2.611122 1.312064 20.517799
 12.940000 -2.373033 1.446509 22.947273
 12.960000 -2.417120 1.435297 22.387870
 12.980000 -2.564289 1.468603 20.412205
 13.000000 -2.512241 1.659178 20.885841
 13.020000 -2.536930 1.729018 20.704247
 13.040000 -2.543460 1.950698 21.722179
 13.060000 -2.420289 2.057016 24.329120
 13.080000 -2.450133 2.151845 24.829687
 13.100000 -2.292394 2.325959 29.080776
 13.120000 -2.223084 2.421092 31.108525
 13.140000 -2.243823 2.479276 31.409779
 13.160000 -2.228834 2.565645 32.402552
 13.180000 -2.225851 2.840510 33.769421
 13.200000 -2.530388 2.784019 29.597475
 13.220000 -2.561719 2.887905 29.557454
 13.240000 -2.885180 2.881224 25.774467
 13.260000 -2.991309 3.051795 25.460187
 13.280000 -3.010513 3.099987 25.421986
 13.300000 -3.077815 2.945398 24.404637
 13.320000 -3.004043 3.069285 25.404878
 13.340000 -2.875797 3.121081 26.490997
 13.360000 -2.911662 3.087307 26.169938
 13.380000 -2.804834 3.065021 27.087649
 13.400000 -2.832509 3.117230 26.852427
 13.420000 -2.857521 -3.104858 26.613656
 13.440000 -2.724407 -3.133224 27.763352
 13.460000 -2.862244 3.016428 26.481386
 13.480000 -2.801439 2.927884 26.839652
 13.500000 -2.552662 3.139397 29.423207
 13.520000 -2.730948 2.815773 27.150887
 13.540000 -2.525850 2.629106 28.651644
 13.560000 -2.435582 2.683318 30.353041
 13.580000 -2.621633 2.556329 26.646224
 13.600000 -2.570907 2.469182 26.500543
 13.620000 -2.818929 2.254920 21.193643
 13.640000 -2.984213 2.223549 19.710905
 13.660000 -2.828053 2.237233 20.940471
 13.680000 -2.896905 2.197668 20.031860
 13.700000 -2.841529 2.085517 19.543660
 13.720000 -2.517051 2.260483 25.018459
 13.740000 -2.516158 2.271777 25.155056
 13.760000 -2.417811 2.283185 26.738220
 13.780000 -2.191283 2.252557 29.692491
 13.800000 -2.472190 2.144546 24.432589
 13.820000 -2.260415 2.462142 31.003834
 13.840000 -2.369715 2.277022 27.388512
 13.860000 -2.524057 2.265373 24.970092
 13.880000 -2.595267 2.191192 23.180969
 13.900000 -2.589215 2.298823 24.407024
 13.920000 -2.779130 2.221333 21.270543
 13.940000 -2.711724 2.163440 21.453053
 13.960000 -2.781573 2.182834 20.885578
 13.980000 -2.813474 2.313841 21.819336
 14.000000 -2.731419 2.396797 23.584726
 14.020000 -2.810448 2.275971 21.479523
 14.040000 -2.661911 2.479772 25.338757
 14.060000 -2.768470 2.515928 24.333167
 14.080000 -2.742435 2.647295 25.846752
 14.100000 -2.833543 2.552225 23.926274
 14.120000 -2.801965 2.604578 24.757458
 14.140000 -2.865181 2.662849 24.542227
 14.160000 -2.713734 2.737159 26.889998
 14.180000 -2.952078 2.652738 23.596966
 14.200000 -2.894084 2.648284 24.122363
 14.220000 -2.834005 2.696782 25.152481
 14.240000 -2.946932 2.770319 24.518156
 14.260000 -2.753399 2.904822 27.287628
 14.280000 -2.786346 2.717231 25.857799
 14.300000 -2.725560 2.852038 27.395766
 14.320000 -2.795805 2.723075 25.788361
 14.340000 -2.674794 2.880158 28.123989
 14.360000 -2.865646 2.777243 25.378128
 14.380000 -2.613958 2.909648 28.955183
 14.400000 -2.710781 2.803509 27.332882
 14.420000 -2.625299 2.785569 28.329398
 14.440000 -2.744363 2.822972 27.026903
 14.460000 -2.821922 2.660239 24.999298
 14.480000 -2.718651 2.841452 27.429240
 14.500000 -2.716335 2.610974 25.868503
 14.520000 -2.713536 2.504644 24.907869
 14.540000 -2.901653 2.421706 22.016823
 14.560000 -3.032832 2.399494 20.857684
 14.580000 -3.085912 2.292592 19.811819
 14.600000 -2.967628 2.351020 20.854758
 14.620000 -2.938381 2.393805 21.449721
 14.640000 -2.756501 2.451707 23.841452
 14.660000 -2.674429 2.646901 26.724628
 14.680000 -2.651862 2.681448 27.298775
 14.700000 -2.443915 2.788682 30.799138
 14.720000 -2.417923 2.725398 30.857984
 14.740000 -2.315839 2.769538 32.461765
 14.760000 -2.342660 2.758327 32.056499
 14.780000 -2.641615 2.810478 28.242670
 14.800000 -2.740244 2.774808 26.803600
 14.820000 -2.862648 2.769939 25.362252
 14.840000 -2.966648 2.701005 23.838479
 14.860000 -3.018954 2.690968 23.314255
 14.880000 -3.038087 2.816962 24.019159
 14.900000 -3.077289 2.856464 23.947594
 14.920000 -2.890929 2.892297 25.771287
 14.940000 -2.914281 2.849878 25.322300
 14.960000 -2.807100 2.928198 26.780047
 14.980000 -2.751464 3.109201 27.580147
 15.000000 -2.900009 3.077261 26.253760
 15.020000 -2.764678 -3.130554 27.403200
 15.040000 -2.941382 3.044237 25.845875
 15.060000 -2.819597 -3.117112 26.924886
 15.080000 -2.787730 -3.136648 27.214612
 15.100000 -2.612560 -3.101013 28.668026
 15.120000 -2.560339 3.012856 29.670340
 15.140000 -2.272598 2.968479 33.132375
 15.160000 -2.463945 2.884638 30.806819
 15.180000 -2.457832 2.874460 30.868270
 15.200000 -2.585456 2.800454 28.932783
 15.220000 -2.795649 2.587724 24.681693
 15.240000 -2.732392 2.576638 25.353929
 15.260000 -2.905565 2.442751 22.177802
 15.280000 -2.956273 2.402676 21.391749
 15.300000 -2.996066 2.271323 20.023047
 15.320000 -2.854212 2.258240 20.902586
 15.340000 -2.733152 2.220511 21.760337
 15.360000 -2.522961 2.170399 23.970428
 15.380000 -2.521705 2.238783 24.715177
 15.400000 -2.518532 2.228015 24.644638
 15.420000 -2.462840 2.273115 25.954678
 15.440000 -2.546730 2.117241 23.101415
 15.460000 -2.528219 2.194904 24.152246
 15.480000 -2.518451 2.155278 23.878439
 15.500000 -2.578123 2.187254 23.373803
 15.520000 -2.587334 2.057416 22.003528
 15.540000 -2.506525 2.090117 23.402650
 15.560000 -2.539876 1.981578 22.001425
 15.580000 -2.609799 2.099000 22.085803
 15.600000 -2.639395 2.121928 21.924330
 15.620000 -2.645258 2.154692 22.162940
 15.640000 -2.672769 2.338439 23.709613
 15.660000 -2.713051 2.197505 21.764558
 15.680000 -2.747520 2.311354 22.511346
 15.700000 -2.887551 2.406122 21.998002
 15.720000 -2.884784 2.487965 22.794711
 15.740000 -2.868969 2.601620 23.985707
 15.760000 -2.858331 2.581549 23.922330
 15.780000 -2.818188 2.708042 25.417453
 15.800000 -2.810046 2.822131 26.254933
 15.820000 -2.926205 2.823119 25.051690
 15.840000 -2.926357 2.909073 25.510089
 15.860000 -2.910287 2.866773 25.453447
 15.880000 -2.966995 2.799889 24.524414
 15.900000 -2.837172 3.028160 26.738941
 15.920000 -2.936553 2.980300 25.704012
 15.940000 -2.856927 2.965017 26.395939
 15.960000 -2.801980 3.030982 27.081384
 15.980000 -2.778568 3.086664 27.339499
 16.000000 -2.690394 -3.120351 28.035345
 16.020000 -2.648001 -3.055952 28.151536
 16.040000 -2.741742 -3.137370 27.616774
 16.060000 -2.628018 -3.127136 28.629434
 16.080000 -2.749006 -3.089248 27.442533
 16.100000 -2.876967 3.027798 26.370408
 16.120000 -2.829071 3.028844 26.817033
 16.140000 -3.049107 2.854385 24.153643
 16.160000 -3.022864 2.805128 24.069837
 16.180000 -3.094538 2.760451 23.226468
 16.200000 -3.129309 2.639141 22.161577
 16.220000 -2.885353 2.687280 24.525237
 16.240000 -2.854402 2.618938 24.290679
 16.260000 -2.728612 2.554203 25.193584
 16.280000 -2.590761 2.631952 27.749940
 16.300000 -2.741784 2.529903 24.795549
 16.320000 -2.706163 2.582399 25.744900
 16.340000 -2.626612 2.540247 26.423332
 16.360000 -2.746598 2.408036 23.516312
 16.380000 -2.527794 2.545791 27.887490
 16.400000 -2.545257 2.426506 26.421795
 16.420000 -2.624810 2.520960 26.260453
 16.440000 -2.484158 2.479471 27.874367
 16.460000 -2.490976 2.464138 27.615422
 16.480000 -2.519285 2.434787 26.889336
 16.500000 -2.436602 2.533770 29.116628
 16.520000 -2.698629 2.595124 25.958951
 16.540000 -2.827786 2.594531 24.372719
 16.560000 -2.911439 2.649968 23.962268
 16.580000 -3.037415 2.542368 22.001740
 16.600000 -2.981112 2.584879 22.784160
 16.620000 -2.931185 2.560126 23.009082
 16.640000 -2.930855 2.726804 24.366415
 16.660000 -2.747354 2.740896 26.496344
 16.680000 -2.727921 2.804597 27.127809
 16.700000 -2.753843 2.878179 27.178160
 16.720000 -2.739701 3.046631 27.715688
 16.740000 -2.843945 -3.127836 26.740248
 16.760000 -2.900566 3.027107 26.157741
 16.780000 -2.815748 2.959318 26.790614
 16.800000 -2.903771 2.988872 26.027159
 16.820000 -2.873042 3.062928 26.466200
 16.840000 -2.746135 2.849304 27.138085
 16.860000 -2.813330 2.833907 26.282566
 16.880000 -2.697762 2.830957 27.634562
 16.900000 -2.650565 2.826724 28.205501
 16.920000 -2.790479 2.754889 26.072270
 16.940000 -2.743357 2.822481 27.036400
 16.960000 -2.718407 2.831487 27.384066
 16.980000 -2.724350 2.750983 26.848871
 17.000000 -2.702099 2.589552 25.863157
 17.020000 -2.691758 2.527392 25.415142
 17.040000 -2.699071 2.542644 25.466082
 17.060000 -2.606655 2.534365 26.645735
 17.080000 -2.584562 2.355771 25.093597
 17.100000 -2.708265 2.365732 23.546891
 17.120000 -2.811978 2.366637 22.357570
 17.140000 -2.872159 2.389599 21.983148
 17.160000 -2.910665 2.371362 21.470446
 17.180000 -2.794094 2.328166 22.163704
 17.200000 -2.776113 2.312327 22.199816
 17.220000 -2.628572 2.330682 24.212841
 17.240000 -2.584954 2.313466 24.626129
 17.260000 -2.662201 2.229910 22.703479
 17.280000 -2.554392 2.254305 24.414561
 17.300000 -2.458112 2.360083 26.990607
 17.320000 -2.645068 2.454672 25.309445
 17.340000 -2.654370 2.363607 24.219971
 17.360000 -2.658789 2.549002 26.064764
 17.380000 -2.798172 2.530459 24.122693
 17.400000 -2.705675 2.442327 24.378211
 17.420000 -2.641829 2.430486 25.100727
 17.440000 -2.786957 2.391011 22.873505
 17.460000 -2.571293 2.610046 27.840870
 17.480000 -2.753445 2.558135 24.918613
 17.500000 -2.948345 2.490927 22.244990
 17.520000 -2.825787 2.574573 24.216671
 17.540000 -2.924612 2.737134 24.501850
 17.560000 -2.880827 2.784683 25.267297
 17.580000 -2.815149 2.831016 26.246137
 17.600000 -2.755865 2.707270 26.152674
 17.620000 -2.595128 2.875257 29.097871
 17.640000 -2.527196 2.856755 29.920474
 17.660000 -2.593983 2.750605 28.551739
 17.680000 -2.426389 3.023957 31.197286
 17.700000 -2.529523 3.042064 29.975090
 17.720000 -2.619711 2.885147 28.818351
 17.740000 -2.643131 2.878152 28.505250
 17.760000 -2.965087 2.965338 25.399133
 17.780000 -2.913956 2.996891 25.959051
 17.800000 -2.912743 2.798584 25.032875
 17.820000 -2.930724 2.595554 23.319865
 17.840000 -2.766556 2.572493 24.891145
 17.860000 -2.784202 2.601518 24.940197
 17.880000 -2.791394 2.483615 23.748515
 17.900000 -2.723630 2.437683 24.102486
 17.920000 -2.689801 2.403537 24.179229
 17.940000 -2.804279 2.417107 22.943683
 17.960000 -2.690461 2.415054 24.291426
 17.980000 -2.831178 2.409397 22.580015
 18.000000 -2.808706 2.533507 24.030524
 18.020000 -2.714563 2.342052 23.220976
 18.040000 -2.685587 2.282743 22.959198
 18.060000 -2.598935 2.251580 23.763563
 18.080000 -2.620668 2.208556 23.019710
 18.100000 -2.541637 2.289848 24.984581
 18.120000 -2.675598 2.216430 22.399397
 18.140000 -2.537616 2.166850 23.726398
 18.160000 -2.737157 2.063735 20.302381
 18.180000 -2.686533 2.212591 22.227295
 18.200000 -2.834943 2.165177 20.235865
 18.220000 -2.664005 2.294483 23.356725
 18.240000 -2.513813 2.200108 24.413720
 18.260000 -2.446627 2.342760 26.970862
 18.280000 -2.390132 2.279222 27.108162
 18.300000 -2.555132 2.501147 27.054100
 18.320000 -2.561027 2.604417 27.938857
 18.340000 -2.581196 2.494444 26.611133
 18.360000 -2.463706 2.725943 30.217446
 18.380000 -2.802146 2.623278 24.917742
 18.400000 -2.788515 2.798417 26.367842
 18.420000 3.123273 2.743179 22.687007
 18.440000 -3.079559 2.774867 23.429490
 18.460000 -3.029805 2.632870 22.783737
 18.480000 -2.978817 2.804553 24.446922
 18.500000 -2.920575 2.764945 24.735812
 18.520000 -2.829992 2.930544 26.548700
 18.540000 -2.831184 2.917276 26.485652
 18.560000 -2.769479 2.767058 26.400617
 18.580000 -2.658855 2.782699 27.875046
 18.600000 -2.832903 2.827592 26.030644
 18.620000 -2.590331 2.972211 29.330075
 18.640000 -2.721509 2.661975 26.231403
 18.660000 -2.596074 2.577946 27.205748
 18.680000 -2.700396 2.487241 24.904321
 18.700000 -2.662812 2.621785 26.670471
 18.720000 -2.683507 2.460143 24.849869
 18.740000 -2.586015 2.605592 27.593790
 18.760000 -2.678986 2.373514 24.002115
 18.780000 -2.709424 2.388366 23.769740
 18.800000 -2.790273 2.391923 22.845541
 18.820000 -2.831505 2.222833 20.774967
 18.840000 -2.655591 2.335015 23.898013
 18.860000 -2.760009 2.207393 21.338127
 18.880000 -2.736283 2.241558 21.933585
 18.900000 -2.885856 2.039321 18.915940
 18.920000 -2.851352 2.209839 20.485890
 18.940000 -2.839783 2.142858 20.010128
 18.960000 -2.562161 2.287512 24.665308
 18.980000 -2.782545 2.110323 20.243122
 19.000000 -2.579582 2.177975 23.258376
 19.020000 -2.602344 2.159344 22.763316
 19.040000 -2.585834 2.200734 23.407857
 19.060000 -2.541699 2.178250 23.786775
 19.080000 -2.525178 2.084258 23.086068
 19.100000 -2.635046 2.320668 24.017730
 19.120000 -2.651165 2.302909 23.613475
 19.140000 -2.553914 2.347272 25.437207
 19.160000 -2.695334 2.334923 23.384365
 19.180000 -2.484528 2.441467 27.474990
 19.200000 -2.525449 2.428418 26.731182
 19.220000 -2.603720 2.452855 25.863804
 19.240000 -2.589184 2.467085 26.217534
 19.260000 -2.588173 2.521133 26.777871
 19.280000 -2.776905 2.562149 24.670568
 19.300000 -2.760573 2.482781 24.103086
 19.320000 -2.958245 2.494535 22.194683
 19.340000 -3.081602 2.526475 21.593435
 19.360000 -2.950146 2.660105 23.673536
 19.380000 -3.041007 2.623370 22.625158
 19.400000 -2.726911 2.670809 26.233209
 19.420000 -2.711952 2.694047 26.603132
 19.440000 -2.666253 2.885688 28.246978
 19.460000 -2.637887 2.910594 28.665715
 19.480000 -2.639020 3.031891 28.777180
 19.500000 -2.668589 3.092468 28.403504
 19.520000 -2.522042 3.088041 29.932293
 19.540000 -2.771918 2.978714 27.297771
 19.560000 -2.741625 2.973548 27.611270
 19.580000 -2.818073 2.886110 26.492169
 19.600000 -2.932490 2.852381 25.161147
 19.620000 -2.915554 2.754095 24.710803
 19.640000 -2.925216 2.645108 23.788065
 19.660000 -2.915716 2.738029 24.595984
 19.680000 -2.848628 2.807308 25.745723
 19.700000 -2.788397 2.650410 25.309356
 19.720000 -2.813952 2.678867 25.240941
 19.740000 -2.590360 2.803321 28.880991
 19.760000 -2.580716 2.731498 28.616100
 19.780000 -2.555217 2.722301 28.911483
 19.800000 -2.528793 2.515191 27.577464
 19.820000 -2.628745 2.527390 26.268837
 19.840000 -2.704494 2.487558 24.854276
 19.860000 -2.709425 2.284697 22.686618
 19.880000 -2.855308 2.404327 22.286429
 19.900000 -2.891065 2.345643 21.398034
 19.920000 -2.792757 2.437494 23.275689
 19.940000 -2.906934 2.364857 21.441560
 19.960000 -2.776081 2.405918 23.147643
 19.980000 -2.780275 2.414046 23.181535
 20.000000 -2.703828 2.615021 26.066640
