#! FIELDS time phi psi metad.bias
#! SET min_phi -pi
#! SET max_phi pi
#! SET min_psi -pi
#! SET max_psi pi
 0.000000 3.141580 -3.141577 25.024011
 0.020000 -2.730912 2.676346 25.407110
 0.040000 -2.759830 2.699518 25.280137
 0.060000 -2.725862 2.721325 25.652860
 0.080000 -2.647496 2.772500 26.548481
 0.100000 -2.621204 2.812841 26.907737
 0.120000 -2.611858 2.868578 27.089331
 0.140000 -2.613632 2.870049 27.074280
 0.160000 -2.670122 2.904508 26.607957
 0.180000 -2.669506 2.953526 26.631930
 0.200000 -2.800291 2.890640 25.614354
 0.220000 -2.792416 2.901212 25.685086
 0.240000 -2.908544 2.885153 25.034864
 0.260000 -2.826922 2.876999 25.419737
 0.280000 -2.884787 2.768063 24.761646
 0.300000 -2.864355 2.745832 24.778492
 0.320000 -2.738063 2.747674 25.657439
 0.340000 -2.732239 2.806349 25.903928
 0.360000 -2.696162 2.714647 25.883154
 0.380000 -2.663718 2.759700 26.353750
 0.400000 -2.673855 2.828582 26.455471
 0.420000 -2.728396 2.796934 25.907198
 0.440000 -2.628588 2.783122 26.761770
 0.460000 -2.735169 2.621551 25.088939
 0.480000 -2.578101 2.751664 27.178312
 0.500000 -2.582010 2.688261 26.902841
 0.520000 -2.606064 2.661811 26.529382
 0.540000 -2.553486 2.563676 26.572931
 0.560000 -2.544948 2.695376 27.334874
 0.580000 -2.658121 2.656572 25.976373
 0.600000 -2.609766 2.683224 26.588734
 0.620000 -2.714912 2.700729 25.657296
 0.640000 -2.828867 2.720688 24.880408
 0.660000 -2.717849 2.847073 26.123367
 0.680000 -2.960245 2.666330 23.982579
 0.700000 -2.825603 2.616452 24.377550
 0.720000 -2.806738 2.657752 24.726260
 0.740000 -2.901901 2.729249 24.517023
 0.760000 -2.801859 2.674440 24.845155
 0.780000 -2.900161 2.774269 24.712598
 0.800000 -2.901101 2.779725 24.729378
 0.820000 -2.748911 2.863409 25.917171
 0.840000 -2.925804 2.813135 24.746073
 0.860000 -2.825917 2.731435 24.945930
 0.880000 -2.672082 2.803721 26.410635
 0.900000 -2.778557 2.800597 25.530152
 0.920000 -2.498335 2.799080 28.145979
 0.940000 -2.489686 2.622852 27.635203
 0.960000 -2.499488 2.774296 28.083824
 0.980000 -2.437864 2.889027 28.831947
 1.000000 -2.518788 2.801996 27.931751
 1.020000 -2.676256 2.729918 26.127653
 1.040000 -2.590788 2.719076 26.932844
 1.060000 -2.766872 2.696467 25.211046
 1.080000 -2.879476 2.638375 24.179657
 1.100000 -2.854978 2.499679 23.491046
 1.120000 -3.035360 2.478333 22.737223
 1.140000 -2.951682 2.521047 23.186377
 1.160000 -2.912861 2.391679 22.488654
 1.180000 -2.854876 2.447421 23.146687
 1.200000 -2.743338 2.519152 24.405262
 1.220000 -2.670189 2.469401 24.729779
 1.240000 -2.732423 2.444910 23.995497
 1.260000 -2.654486 2.285435 23.514046
 1.280000 -2.684835 2.381241 23.956400
 1.300000 -2.612424 2.447114 25.154350
 1.320000 -2.553906 2.351013 25.067487
 1.340000 -2.643968 2.378321 24.325166
 1.360000 -2.514628 2.270105 24.873888
 1.380000 -2.544111 2.428602 25.765893
 1.400000 -2.447540 2.495896 27.381918
 1.420000 -2.494909 2.469118 26.628515
 1.440000 -2.339082 2.534593 28.965715
 1.460000 -2.438167 2.580647 28.021802
 1.480000 -2.493903 2.458496 26.565175
 1.500000 -2.690195 2.447912 24.390567
 1.520000 -2.824130 2.560808 24.064353
 1.540000 -2.828370 2.505190 23.688365
 1.560000 -2.838309 2.596499 24.183571
 1.580000 -2.896950 2.571259 23.712096
 1.600000 -2.798844 2.605104 24.497606
 1.620000 -2.773297 2.801245 25.570827
 1.640000 -2.717845 2.882988 26.192800
 1.660000 -2.488341 2.855324 28.312464
 1.680000 -2.659748 2.816823 26.555050
 1.700000 -2.646800 2.846167 26.732779
 1.720000 -2.795558 2.897773 25.658502
 1.740000 -2.953380 2.890172 24.886555
 1.760000 -2.917739 2.787478 24.686141
 1.780000 -2.827368 2.811963 25.234392
 1.800000 -2.808944 2.862463 25.495744
 1.820000 -2.704048 2.923854 26.348626
 1.840000 -2.707450 2.894599 26.291969
 1.860000 -2.607486 2.949045 27.156263
 1.880000 -2.456821 2.998661 28.439576
 1.900000 -2.588988 2.878878 27.316067
 1.920000 -2.582683 2.946504 27.378268
 1.940000 -2.724849 2.972381 26.210983
 1.960000 -2.926771 2.899807 25.000090
 1.980000 -2.989531 2.698880 24.058262
 2.000000 -3.046463 2.747726 24.175684
 2.020000 -2.997514 2.762349 24.324343
 2.040000 -2.814325 2.657522 24.672904
 2.060000 -2.767377 2.691436 25.183628
 2.080000 -2.658980 2.654377 25.957211
 2.100000 -2.633536 2.657356 26.224445
 2.120000 -2.656878 2.619781 25.799056
 2.140000 -2.571020 2.633079 26.764050
 2.160000 -2.572730 2.502397 25.966843
 2.180000 -2.656178 2.536547 25.314278
 2.200000 -2.761013 2.381346 23.312456
 2.220000 -2.716063 2.392079 23.757244
 2.240000 -2.729379 2.393156 23.651974
 2.260000 -2.595059 2.312829 24.323229
 2.280000 -2.421644 2.319613 26.379375
 2.300000 -2.491476 2.449823 26.532187
 2.320000 -2.489809 2.496207 26.876858
 2.340000 -2.442986 2.460494 27.194477
 2.360000 -2.471847 2.492313 27.063842
 2.380000 -2.499437 2.577843 27.276410
 2.400000 -2.550346 2.695692 27.276692
 2.420000 -2.676663 2.632732 25.676580
 2.440000 -2.686309 2.887283 26.454094
 2.460000 -2.641695 2.793017 26.662859
 2.480000 -2.691957 2.814075 26.262324
 2.500000 -2.627580 2.886316 26.963163
 2.520000 -2.814525 2.870528 25.479911
 2.540000 -2.869656 2.887028 25.213864
 2.560000 -2.961842 2.810197 24.608549
 2.580000 -3.001324 2.723024 24.143333
 2.600000 -2.983488 2.719175 24.169926
 2.620000 -2.921460 2.786706 24.667848
 2.640000 -2.892055 2.705801 24.457079
 2.660000 -2.733192 2.670712 25.360643
 2.680000 -2.696917 2.732763 25.951073
 2.700000 -2.613318 2.882449 27.089892
 2.720000 -2.420074 2.854861 29.030970
 2.740000 -2.448392 2.884401 28.726216
 2.760000 -2.255718 2.831088 30.768621
 2.780000 -2.207052 2.719485 31.243045
 2.800000 -2.215567 2.807034 31.190051
 2.820000 -2.334764 2.669143 29.668970
 2.840000 -2.304684 2.663351 30.002560
 2.860000 -2.481043 2.677260 27.984554
 2.880000 -2.661827 2.596567 25.621591
 2.900000 -2.826978 2.421652 23.136571
 2.920000 -3.022827 2.509154 22.941888
 2.940000 -3.031250 2.698129 23.969869
 2.960000 -2.966453 2.520732 23.137992
 2.980000 -2.819761 2.602194 24.336246
 3.000000 -2.800208 2.511241 23.916828
 3.020000 -2.696612 2.595321 25.283444
 3.040000 -2.706757 2.691448 25.686559
 3.060000 -2.645348 2.847729 26.748837
 3.080000 -2.634566 2.742859 26.575252
 3.100000 -2.609840 2.715418 26.721395
 3.120000 -2.774758 2.848659 25.693446
 3.140000 -2.818481 2.833319 25.354734
 3.160000 -2.902842 2.943429 25.178578
 3.180000 -2.893005 2.832965 24.952820
 3.200000 -2.739100 2.909307 26.067966
 3.220000 -2.646530 2.797247 26.628315
 3.240000 -2.658469 2.852938 26.640027
 3.260000 -2.608591 2.798640 26.998440
 3.280000 -2.586383 2.775861 27.163762
 3.300000 -2.656840 2.690631 26.147728
 3.320000 -2.709295 2.495567 24.544716
 3.340000 -2.688055 2.648665 25.651603
 3.360000 -2.896493 2.607490 23.923504
 3.380000 -2.889451 2.574556 23.768082
 3.400000 -2.957408 2.357706 22.106213
 3.420000 -2.915954 2.420244 22.668358
 3.440000 -2.741576 2.341329 23.172191
 3.460000 -2.641255 2.544364 25.513098
 3.480000 -2.649269 2.416774 24.558542
 3.500000 -2.693700 2.307703 23.322845
 3.520000 -2.738672 2.181849 22.013599
 3.540000 -2.738263 2.240707 22.448470
 3.560000 -2.642347 2.147909 22.587464
 3.580000 -2.674639 2.098495 21.942199
 3.600000 -2.586414 2.252828 23.944017
 3.620000 -2.524264 2.040209 23.031035
 3.640000 -2.419616 2.104335 24.684686
 3.660000 -2.327074 2.085145 25.657481
 3.680000 -2.194575 2.203028 28.192528
 3.700000 -2.202538 2.203007 28.096877
 3.720000 -2.267235 2.167766 27.031442
 3.740000 -2.309797 2.228606 27.013243
 3.760000 -2.491478 2.081171 23.679756
 3.780000 -2.563909 2.247539 24.143782
 3.800000 -2.638119 2.146532 22.617308
 3.820000 -2.705074 2.333780 23.419865
 3.840000 -2.883473 2.186249 21.186110
 3.860000 -2.824143 2.332275 22.522113
 3.880000 -2.895144 2.363194 22.368612
 3.900000 -2.702836 2.459125 24.353638
 3.920000 -2.739968 2.547566 24.613910
 3.940000 -2.796122 2.480702 23.745007
 3.960000 -2.848176 2.718874 24.753395
 3.980000 -2.881205 2.709578 24.529241
 4.000000 -2.802451 2.899043 25.616547
 4.020000 -2.763450 2.935391 25.924630
 4.040000 -2.621281 3.046762 26.901856
 4.060000 -2.585025 3.129097 26.888573
 4.080000 -2.545048 -2.924154 25.602685
 4.100000 -2.559380 -2.782852 24.281948
 4.120000 -2.561709 -2.820631 24.625340
 4.140000 -2.639372 -2.820358 24.419809
 4.160000 -2.609179 -2.709050 23.522156
 4.180000 -2.775413 -2.745985 23.686152
 4.200000 -2.780107 -2.943312 24.889280
 4.220000 -2.712944 -2.929449 25.002012
 4.240000 -2.752592 -2.992122 25.222306
 4.260000 -2.685196 -3.000225 25.527939
 4.280000 -2.774032 3.109925 25.769888
 4.300000 -2.873615 2.927467 25.278099
 4.320000 -2.915222 3.021543 25.216526
 4.340000 -2.959303 2.806088 24.601479
 4.360000 -3.058017 2.666518 23.782752
 4.380000 -2.891090 2.503021 23.320627
 4.400000 -2.761998 2.438556 23.711218
 4.420000 -2.621278 2.232457 23.426750
 4.440000 -2.518167 2.038817 23.088304
 4.460000 -2.553733 1.920805 21.996210
 4.480000 -2.376065 1.866756 23.738215
 4.500000 -2.281405 2.001353 25.615144
 4.520000 -2.179018 1.768294 25.675478
 4.540000 -2.241263 1.781439 25.005553
 4.560000 -2.176666 1.638758 25.539866
 4.580000 -2.329750 1.690140 23.792172
 4.600000 -2.105140 1.591741 26.339933
 4.620000 -2.007328 1.481733 27.527490
 4.640000 -1.965163 1.706998 27.683503
 4.660000 -1.867599 1.584928 28.365376
 4.680000 -1.995492 1.770339 27.563575
 4.700000 -1.873567 1.579457 28.329778
 4.720000 -1.913401 1.717073 28.127702
 4.740000 -1.688496 1.727450 29.551091
 4.760000 -1.757772 1.913026 30.074140
 4.780000 -1.440630 1.707595 30.347436
 4.800000 -1.387653 1.899077 31.568240
 4.820000 -1.378993 1.711793 30.516230
 4.840000 -1.162216 1.707126 30.938350
 4.860000 -1.247311 1.667776 30.590011
 4.880000 -1.160263 1.560703 30.284194
 4.900000 -1.250330 1.684704 30.661272
 4.920000 -1.247213 1.444171 29.975940
 4.940000 -1.340677 1.528051 30.034616
 4.960000 -1.146207 1.256601 29.786082
 4.980000 -1.131828 1.136823 29.800589
 5.000000 -1.277124 1.128037 30.301332
 5.020000 -1.175942 0.964992 30.258484
 5.040000 -1.257039 1.028195 30.482703
 5.060000 -1.105470 0.823412 30.134828
 5.080000 -1.409230 0.870411 31.695334
 5.100000 -1.560930 0.899469 32.159086
 5.120000 -1.465350 0.733676 32.489178
 5.140000 -1.397041 0.919132 31.447029
 5.160000 -1.337706 0.798493 31.581050
 5.180000 -1.350033 0.936304 31.174309
 5.200000 -1.298370 0.760269 31.466669
 5.220000 -1.297678 0.688576 31.647523
 5.240000 -1.049090 0.727421 29.930214
 5.260000 -1.218678 0.785964 30.921011
 5.280000 -1.067814 0.766737 29.990152
 5.300000 -1.324321 0.813349 31.459687
 5.320000 -1.346915 0.845384 31.476246
 5.340000 -1.488731 1.025800 31.313038
 5.360000 -1.478446 0.863912 32.029636
 5.380000 -1.520778 0.954599 31.750551
 5.400000 -1.432988 0.929151 31.557568
 5.420000 -1.246798 0.973987 30.582427
 5.440000 -1.231372 0.962654 30.538640
 5.460000 -1.058016 0.965149 29.630838
 5.480000 -1.133894 0.984647 30.008352
 5.500000 -1.189967 0.965109 30.328878
 5.520000 -1.409414 1.190963 30.443043
 5.540000 -1.418627 1.070856 30.914146
 5.560000 -1.439813 1.170115 30.571857
 5.580000 -1.461059 1.177789 30.576614
 5.600000 -1.475495 1.127087 30.814603
 5.620000 -1.366446 1.194707 30.350019
 5.640000 -1.334218 1.062080 30.678272
 5.660000 -1.383456 1.137431 30.571223
 5.680000 -1.255802 1.237537 30.031322
 5.700000 -1.419690 1.301794 30.130104
 5.720000 -1.283400 1.348358 29.960895
 5.740000 -1.419299 1.355469 30.020185
 5.760000 -1.397624 1.369646 29.995882
 5.780000 -1.315948 1.261890 30.098508
 5.800000 -1.160408 1.203437 29.840127
 5.820000 -1.102123 1.133934 29.694369
 5.840000 -1.140655 1.126823 29.841363
 5.860000 -1.120870 1.183357 29.735797
 5.880000 -1.431763 1.144910 30.653478
 5.900000 -1.380031 1.125843 30.602551
 5.920000 -1.446147 1.281327 30.202421
 5.940000 -1.419210 1.153361 30.595481
 5.960000 -1.297903 1.241702 30.104914
 5.980000 -1.320266 1.010900 30.792062
 6.000000 -1.217724 1.076759 30.210618
 6.020000 -1.162072 1.052649 30.026996
 6.040000 -1.080051 0.902991 29.842015
 6.060000 -1.307983 0.980443 30.839045
 6.080000 -1.347289 0.984394 30.990942
 6.100000 -1.426693 0.971536 31.352662
 6.120000 -1.286841 1.030281 30.598585
 6.140000 -1.280477 0.922274 30.892601
 6.160000 -1.545747 1.043963 31.358268
 6.180000 -1.461299 0.799874 32.220343
 6.200000 -1.548529 1.007904 31.553478
 6.220000 -1.245962 0.787540 31.082091
 6.240000 -1.348306 0.945555 31.133603
 6.260000 -1.150812 0.813415 30.440548
 6.280000 -1.258453 1.023646 30.500466
 6.300000 -0.998094 0.743688 29.542797
 6.320000 -1.255545 0.915307 30.787451
 6.340000 -1.122463 0.824336 30.240691
 6.360000 -1.283748 0.764779 31.367059
 6.380000 -1.286039 0.723640 31.488007
 6.400000 -1.340518 0.773113 31.675510
 6.420000 -1.132100 0.615160 30.703584
 6.440000 -1.291516 0.692043 31.600107
 6.460000 -1.325543 0.543050 32.111236
 6.480000 -1.256090 0.607587 31.550674
 6.500000 -1.260178 0.731800 31.307396
 6.520000 -1.166194 0.701641 30.771367
 6.540000 -1.242384 0.757857 31.134560
 6.560000 -1.341494 0.847530 31.440519
 6.580000 -1.281847 0.790944 31.284797
 6.600000 -1.325420 0.953130 31.005714
 6.620000 -1.209042 0.840757 30.728618
 6.640000 -1.363140 1.041619 30.848792
 6.660000 -1.221826 0.943964 30.539677
 6.680000 -1.373009 1.185588 30.390669
 6.700000 -1.090383 1.306323 29.699176
 6.720000 -1.256330 1.337375 29.940706
 6.740000 -1.399337 1.421372 29.944252
 6.760000 -1.495596 1.604193 29.909761
 6.780000 -1.207810 1.544572 30.192714
 6.800000 -1.068205 1.584728 30.460363
 6.820000 -1.081537 1.468550 30.015876
 6.840000 -1.156054 1.527291 30.176923
 6.860000 -1.413326 1.501238 29.930156
 6.880000 -1.511223 1.409592 29.887838
 6.900000 -1.361891 1.357918 30.001319
 6.920000 -1.475403 1.555331 29.882212
 6.940000 -1.485365 1.416145 29.900548
 6.960000 -1.561176 1.336876 30.029046
 6.980000 -1.394662 1.125733 30.640261
 7.000000 -1.354996 1.307627 30.068058
 7.020000 -1.146536 1.151883 29.838494
 7.040000 -1.186087 0.982122 30.272749
 7.060000 -1.106225 1.086264 29.743831
 7.080000 -1.196922 0.957900 30.380212
 7.100000 -1.265924 1.038923 30.490852
 7.120000 -1.280376 0.911332 30.924916
 7.140000 -1.545585 0.774984 32.705072
 7.160000 -1.754643 0.862036 32.763512
 7.180000 -1.625631 0.772663 33.019079
 7.200000 -1.520782 0.849695 32.267725
 7.220000 -1.503269 0.736617 32.668544
 7.240000 -1.662379 0.765495 33.167803
 7.260000 -1.692133 0.765281 33.246552
 7.280000 -1.704640 0.934007 32.252616
 7.300000 -1.490570 0.707596 32.708742
 7.320000 -1.557698 0.969561 31.776298
 7.340000 -1.283340 0.876290 31.044134
 7.360000 -1.199843 1.001373 30.296136
 7.380000 -0.984459 0.810375 29.351587
 7.400000 -1.067370 0.982004 29.664495
 7.420000 -1.031048 0.960674 29.481502
 7.440000 -1.368290 1.030322 30.907959
 7.460000 -1.288336 1.141318 30.302332
 7.480000 -1.274078 1.197994 30.137096
 7.500000 -1.518434 1.326117 30.083252
 7.520000 -1.548426 1.324092 30.079072
 7.540000 -1.471955 1.106801 30.896985
 7.560000 -1.335612 1.145599 30.422504
 7.580000 -1.054727 1.058325 29.534734
 7.600000 -1.011911 1.008677 29.342371
 7.620000 -1.137541 1.077838 29.885644
 7.640000 -1.055009 1.027079 29.557681
 7.660000 -1.331239 1.144389 30.414395
 7.680000 -1.475567 1.125166 30.823201
 7.700000 -1.316951 1.190848 30.254117
 7.720000 -1.524793 1.161668 30.733607
 7.740000 -1.269934 1.084748 30.386174
 7.760000 -1.189248 1.142383 29.991131
 7.780000 -1.014986 0.995388 29.366076
 7.800000 -1.174929 1.012277 30.157862
 7.820000 -1.148541 0.868766 30.310429
 7.840000 -1.373030 1.047197 30.862671
 7.860000 -1.348587 1.180445 30.353501
 7.880000 -1.283268 0.996685 30.681884
 7.900000 -1.427060 1.293008 30.157219
 7.920000 -1.216633 1.019351 30.331147
 7.940000 -1.385444 1.061475 30.850646
 7.960000 -1.338700 1.009047 30.871511
 7.980000 -1.256760 0.938265 30.729091
 8.000000 -1.289737 1.053093 30.544610
 8.020000 -1.409767 0.890257 31.619199
 8.040000 -1.315401 1.114444 30.455753
 8.060000 -1.292814 0.971609 30.799980
 8.080000 -1.364373 1.097412 30.657218
 8.100000 -1.181363 1.038342 30.136049
 8.120000 -1.436709 0.988502 31.317779
 8.140000 -1.194456 1.096562 30.083715
 8.160000 -1.080659 0.955429 29.768883
 8.180000 -1.273150 0.949108 30.777181
 8.200000 -1.338046 1.144436 30.432396
 8.220000 -1.323971 0.853555 31.328860
 8.240000 -1.434214 1.102882 30.826012
 8.260000 -1.529127 1.083765 31.121268
 8.280000 -1.416228 1.115889 30.730395
 8.300000 -1.578725 1.185108 30.666000
 8.320000 -1.449357 1.081652 30.952766
 8.340000 -1.305397 1.008486 30.739217
 8.360000 -1.276784 1.115009 30.332586
 8.380000 -1.107498 1.047900 29.790040
 8.400000 -1.101942 0.856950 30.052431
 8.420000 -1.053011 0.893029 29.692706
 8.440000 -1.280665 1.081141 30.433769
 8.460000 -1.141302 0.728344 30.553575
 8.480000 -1.425166 1.011084 31.181937
 8.500000 -1.386770 0.742103 32.034571
 8.520000 -1.486405 0.862852 32.067308
 8.540000 -1.321296 0.870881 31.259113
 8.560000 -1.271868 0.642673 31.585479
 8.580000 -1.248026 0.656068 31.401311
 8.600000 -1.418621 0.752109 32.178206
 8.620000 -1.249478 0.762244 31.167214
 8.640000 -1.116522 0.763651 30.320587
 8.660000 -1.133625 0.793297 30.373499
 8.680000 -1.227603 0.926752 30.613168
 8.700000 -1.232456 0.842628 30.859188
 8.720000 -1.361985 1.148026 30.483020
 8.740000 -1.285651 1.050159 30.537412
 8.760000 -1.378867 1.302403 30.098753
 8.780000 -1.387901 1.462503 29.939784
 8.800000 -1.439850 1.511429 29.904852
 8.820000 -1.398748 1.632719 30.182073
 8.840000 -1.424249 1.712809 30.410835
 8.860000 -1.176006 1.655794 30.655196
 8.880000 -1.243323 1.802235 31.312501
 8.900000 -1.033513 1.832323 32.002897
 8.920000 -0.987267 1.709093 31.260057
 8.940000 -1.165405 1.833133 31.695514
 8.960000 -1.311663 1.764981 30.936388
 8.980000 -1.273869 1.734886 30.860481
 9.000000 -1.339106 1.796790 31.049335
 9.020000 -1.316437 1.765035 30.925524
 9.040000 -1.353977 1.641435 30.293997
 9.060000 -1.545696 1.670307 29.927534
 9.080000 -1.551528 1.704781 30.016104
 9.100000 -1.404768 1.466520 29.928006
 9.120000 -1.458235 1.537860 29.895968
 9.140000 -1.405420 1.530053 29.963014
 9.160000 -1.529484 1.566787 29.779116
 9.180000 -1.232091 1.328067 29.917279
 9.200000 -1.408040 1.364434 30.004474
 9.220000 -1.220239 1.228373 29.966463
 9.240000 -0.984340 1.319389 29.508995
 9.260000 -0.885116 0.914144 28.576480
 9.280000 -1.180799 1.194679 29.903228
 9.300000 -1.012075 0.992976 29.351080
 9.320000 -1.291777 1.124361 30.355899
 9.340000 -1.431252 1.000076 31.249396
 9.360000 -1.543517 1.059552 31.272358
 9.380000 -1.546901 0.852425 32.353307
 9.400000 -1.550485 1.032339 31.428993
 9.420000 -1.380902 0.818861 31.745779
 9.440000 -1.248606 0.704062 31.299202
 9.460000 -1.253769 0.705826 31.327850
 9.480000 -1.353001 0.557982 32.265278
 9.500000 -1.276730 0.480156 31.870495
 9.520000 -1.080305 0.484252 30.562024
 9.540000 -0.915726 0.333556 29.702190
 9.560000 -1.231729 0.358703 31.667384
 9.580000 -1.127142 0.426131 30.953568
 9.600000 -1.429420 0.331111 32.866421
 9.620000 -1.325574 0.241676 32.204996
 9.640000 -1.498094 0.338730 33.278899
 9.660000 -1.434074 0.172451 32.717884
 9.680000 -1.567019 0.466185 33.655967
 9.700000 -1.226746 0.053185 31.565299
 9.720000 -1.418192 0.416450 32.808587
 9.740000 -1.179707 -0.023471 31.348040
 9.760000 -1.262091 0.299343 31.860641
 9.780000 -1.094125 -0.038755 31.084193
 9.800000 -1.058425 0.231746 30.746300
 9.820000 -0.892387 0.006168 30.328406
 9.840000 -1.170230 0.190375 31.358533
 9.860000 -1.010541 0.191603 30.540513
 9.880000 -1.395256 0.322292 32.656583
 9.900000 -1.172464 0.281149 31.345368
 9.920000 -1.424895 0.506980 32.785818
 9.940000 -1.448714 0.568333 32.838656
 9.960000 -1.541566 0.563805 33.371726
 9.980000 -1.366931 0.897929 31.390471
 10.000000 -1.365818 0.802474 31.722198
 10.020000 -1.297454 0.856979 31.177724
 10.040000 -1.065428 0.993622 29.641983
 10.060000 -1.222972 1.002768 30.398746
 10.080000 -1.130702 1.212739 29.754870
 10.100000 -1.160994 1.269257 29.816143
 10.120000 -1.393990 1.462938 29.935698
 10.140000 -1.391562 1.512643 29.962233
 10.160000 -1.441771 1.684322 30.256202
 10.180000 -1.446425 1.603953 30.015197
 10.200000 -1.502355 1.930236 31.412853
 10.220000 -1.375206 1.678838 30.387927
 10.240000 -1.693535 1.784124 29.740970
 10.260000 -1.433307 1.789486 30.755776
 10.280000 -1.445296 1.878000 31.251072
 10.300000 -1.409120 1.829252 31.053104
 10.320000 -1.327645 1.802959 31.114273
 10.340000 -1.349605 1.846909 31.327808
 10.360000 -1.399712 1.809400 30.962315
 10.380000 -1.151447 1.854586 31.875163
 10.400000 -0.982720 1.523947 30.221250
 10.420000 -1.187903 1.762497 31.199264
 10.440000 -0.993258 1.586615 30.525767
 10.460000 -1.230783 1.565919 30.234413
 10.480000 -1.132767 1.268513 29.758498
 10.500000 -1.209015 1.433994 29.961093
 10.520000 -1.330951 1.206028 30.246986
 10.540000 -1.234177 1.090900 30.242390
 10.560000 -1.387279 0.974034 31.189895
 10.580000 -1.532583 0.880671 32.161753
 10.600000 -1.558909 0.926614 32.006535
 10.620000 -1.477810 0.628939 32.874439
 10.640000 -1.610572 0.701932 33.275954
 10.660000 -1.355144 0.518981 32.333396
 10.680000 -1.511734 0.553481 33.229151
 10.700000 -1.374818 0.302133 32.524609
 10.720000 -1.336485 0.402081 32.301585
 10.740000 -1.302525 0.119970 31.968229
 10.760000 -1.273880 0.179669 31.883250
 10.780000 -1.156397 0.062757 31.287455
 10.800000 -1.062916 -0.093144 31.032252
 10.820000 -1.130637 0.023972 31.188617
 10.840000 -0.941232 -0.197513 30.920907
 10.860000 -1.264723 0.038126 31.704666
 10.880000 -1.005519 -0.135136 30.942560
 10.900000 -1.129330 -0.001985 31.186205
 10.920000 -0.982056 -0.141393 30.898667
 10.940000 -1.069115 0.075353 30.934165
 10.960000 -1.250463 0.076603 31.684516
 10.980000 -1.377738 0.248588 32.505788
 11.000000 -1.097136 0.073326 31.049221
 11.020000 -1.418768 0.303567 32.787180
 11.040000 -1.303983 0.305766 32.107763
 11.060000 -1.338958 0.393115 32.319606
 11.080000 -1.384735 0.517512 32.522928
 11.100000 -1.203252 0.463765 31.410059
 11.120000 -1.319814 0.729443 31.679008
 11.140000 -1.239887 0.657027 31.345678
 11.160000 -1.272222 0.813371 31.166757
 11.180000 -1.220694 0.845549 30.784038
 11.200000 -1.269832 0.962886 30.720849
 11.220000 -1.076744 1.134284 29.598637
 11.240000 -1.101551 0.997555 29.824939
 11.260000 -1.357991 1.228422 30.240995
 11.280000 -1.230833 1.198102 30.030570
 11.300000 -1.372971 1.288837 30.120400
 11.320000 -1.178007 1.204625 29.886624
 11.340000 -1.461993 1.428550 29.903175
 11.360000 -1.455568 1.349616 30.032268
 11.380000 -1.411305 1.371138 29.994789
 11.400000 -1.376369 1.304926 30.091771
 11.420000 -1.431012 1.426178 29.925555
 11.440000 -1.160249 1.052281 30.019676
 11.460000 -1.252947 1.368994 29.934012
 11.480000 -1.329713 1.120799 30.479870
 11.500000 -1.036483 1.217725 29.482405
 11.520000 -1.208406 1.111754 30.107437
 11.540000 -1.478919 1.161946 30.669372
 11.560000 -1.527183 1.159246 30.747650
 11.580000 -1.616494 1.137402 30.933569
 11.600000 -1.435211 1.074400 30.945690
 11.620000 -1.429416 1.089937 30.866488
 11.640000 -1.312922 0.836884 31.323488
 11.660000 -1.425462 1.033123 31.090387
 11.680000 -1.161872 0.809154 30.518437
 11.700000 -1.199125 0.837225 30.679088
 11.720000 -0.885319 0.823326 28.619943
 11.740000 -1.187231 0.934896 30.383118
 11.760000 -1.304951 1.029092 30.673804
 11.780000 -1.368190 0.930020 31.277717
 11.800000 -1.486720 1.221487 30.437427
 11.820000 -1.672133 1.151507 30.847364
 11.840000 -1.723181 1.122121 30.990565
 11.860000 -1.792533 1.138909 30.751905
 11.880000 -1.794026 1.118313 30.896041
 11.900000 -1.666651 1.247697 30.309096
 11.920000 -1.672024 1.229458 30.399538
 11.940000 -1.583085 1.236236 30.421507
 11.960000 -1.656159 1.377985 29.755093
 11.980000 -1.738732 1.419252 29.374801
 12.000000 -1.544633 1.314525 30.113209
 12.020000 -1.505381 1.550083 29.819432
 12.040000 -1.338965 1.337560 30.012406
 12.060000 -1.299327 1.535220 30.088734
 12.080000 -1.117580 1.383163 29.838443
 12.100000 -1.241465 1.489344 30.042068
 12.120000 -1.012465 1.412638 29.808667
 12.140000 -1.148748 1.273999 29.791920
 12.160000 -1.268916 1.440952 29.971690
 12.180000 -1.340253 1.464115 29.967572
 12.200000 -1.302876 1.376544 29.961657
 12.220000 -1.225613 1.281453 29.929535
 12.240000 -1.392438 1.339943 30.039225
 12.260000 -1.477210 1.341888 30.047258
 12.280000 -1.278409 1.209999 30.123941
 12.300000 -1.307790 1.231222 30.143204
 12.320000 -1.219654 1.261441 29.933811
 12.340000 -1.165148 1.194235 29.860011
 12.360000 -1.154694 1.152857 29.864687
 12.380000 -1.260693 0.992981 30.593807
 12.400000 -1.105578 1.071800 29.754886
 12.420000 -1.151261 1.029416 30.017625
 12.440000 -1.260904 0.998901 30.578163
 12.460000 -1.371810 1.045397 30.865126
 12.480000 -1.310597 0.784723 31.468976
 12.500000 -1.473657 1.060076 31.112572
 12.520000 -1.424773 0.929270 31.523625
 12.540000 -1.354415 0.923632 31.239299
 12.560000 -1.283397 0.930243 30.882985
 12.580000 -1.271637 0.894323 30.930201
 12.600000 -1.160915 0.836857 30.451825
 12.620000 -1.055065 0.740267 29.949545
 12.640000 -1.058061 0.650122 30.129270
 12.660000 -1.270684 0.655310 31.550796
 12.680000 -1.260470 0.576971 31.632551
 12.700000 -1.399770 0.740480 32.112848
 12.720000 -1.317231 0.495569 32.116620
 12.740000 -1.539410 0.728270 32.869474
 12.760000 -1.517360 0.595053 33.173735
 12.780000 -1.482038 0.610174 32.944072
 12.800000 -1.321783 0.541407 32.089173
 12.820000 -1.306957 0.643505 31.809563
 12.840000 -1.070177 0.618217 30.270677
 12.860000 -1.142886 0.727945 30.564867
 12.880000 -0.949161 0.540149 29.528246
 12.900000 -1.183342 0.851429 30.552311
 12.920000 -1.236023 0.715074 31.194977
 12.940000 -1.546831 0.968459 31.754180
 12.960000 -1.329923 0.820137 31.469014
 12.980000 -1.440528 1.058622 31.027855
 13.000000 -1.417157 1.086449 30.847809
 13.020000 -1.442132 1.037130 31.125811
 13.040000 -1.490992 1.132838 30.817565
 13.060000 -1.530763 1.091971 31.082619
 13.080000 -1.211874 1.106711 30.129168
 13.100000 -1.262705 1.184666 30.134816
 13.120000 -1.099458 1.183531 29.668437
 13.140000 -1.079884 1.215474 29.611460
 13.160000 -1.188711 1.136541 29.997981
 13.180000 -1.282754 1.270387 30.034005
 13.200000 -1.292796 1.252142 30.078086
 13.220000 -1.384558 1.160533 30.495519
 13.240000 -1.320798 1.198489 30.243993
 13.260000 -1.496001 1.235836 30.389907
 13.280000 -1.478979 1.404898 29.922082
 13.300000 -1.367587 1.214663 30.294941
 13.320000 -1.298857 1.229340 30.129594
 13.340000 -1.461619 1.392247 29.951342
 13.360000 -1.313282 1.226985 30.162747
 13.380000 -1.211249 1.258938 29.919361
 13.400000 -1.140661 1.189528 29.792690
 13.420000 -1.063260 1.212271 29.560723
 13.440000 -1.130574 1.167691 29.774129
 13.460000 -1.420154 1.144563 30.630333
 13.480000 -1.283134 1.180179 30.196726
 13.500000 -1.427901 1.088566 30.868089
 13.520000 -1.372842 1.141486 30.531261
 13.540000 -1.359867 1.153775 30.459690
 13.560000 -1.430636 0.900016 31.671451
 13.580000 -1.326208 0.988733 30.889074
 13.600000 -1.284814 0.800216 31.276034
 13.620000 -1.361444 0.770610 31.801358
 13.640000 -1.032900 0.731130 29.810506
 13.660000 -1.097324 0.679657 30.349247
 13.680000 -1.155918 0.730542 30.645698
 13.700000 -1.116664 0.881716 30.096462
 13.720000 -1.179767 0.774385 30.706709
 13.740000 -1.379732 0.918127 31.373963
 13.760000 -1.382077 0.897648 31.462904
 13.780000 -1.478620 1.032473 31.253615
 13.800000 -1.385543 1.038479 30.937780
 13.820000 -1.433152 1.085725 30.893433
 13.840000 -1.517020 1.157558 30.743100
 13.860000 -1.598554 1.058199 31.369682
 13.880000 -1.412740 1.258249 30.238570
 13.900000 -1.322063 1.117633 30.466638
 13.920000 -1.223359 1.249568 29.951559
 13.940000 -1.060871 1.260228 29.588995
 13.960000 -1.233800 1.214936 30.014053
 13.980000 -0.975084 1.204949 29.263614
 14.000000 -1.218265 1.405083 29.932026
 14.020000 -1.154417 1.150317 29.866239
 14.040000 -1.282109 1.489686 30.022796
 14.060000 -1.317522 1.340181 29.993759
 14.080000 -1.416355 1.396141 29.961658
 14.100000 -1.288891 1.321543 29.984213
 14.120000 -1.535131 1.346633 30.015104
 14.140000 -1.528543 1.299031 30.170334
 14.160000 -1.315871 1.138278 30.389499
 14.180000 -1.360578 1.170659 30.409330
 14.200000 -1.147052 1.043195 29.975921
 14.220000 -1.129215 1.021271 29.927781
 14.240000 -1.201996 0.908385 30.523697
 14.260000 -1.287166 0.742844 31.445776
 14.280000 -1.238109 0.754407 31.116544
 14.300000 -1.278387 0.746469 31.382650
 14.320000 -1.267695 0.663593 31.513209
 14.340000 -1.154515 0.510677 31.028012
 14.360000 -1.385763 0.628250 32.337075
 14.380000 -1.182550 0.540411 31.172711
 14.400000 -1.320168 0.483039 32.148253
 14.420000 -1.273396 0.733910 31.383926
 14.440000 -1.214514 0.611689 31.264876
 14.460000 -1.047833 0.639797 30.075003
 14.480000 -1.190805 0.784140 30.753868
 14.500000 -1.016143 0.638733 29.849129
 14.520000 -1.197659 0.860970 30.613089
 14.540000 -1.211697 0.715226 31.039555
 14.560000 -1.105445 1.004034 29.835953
 14.580000 -1.256513 0.949063 30.697417
 14.600000 -1.303091 1.098203 30.463133
 14.620000 -1.513870 1.096411 31.030162
 14.640000 -1.631387 1.099651 31.157955
 14.660000 -1.642598 1.208803 30.537528
 14.680000 -1.420334 1.176942 30.511627
 14.700000 -1.540560 1.241765 30.391533
 14.720000 -1.568167 1.388139 29.870585
 14.740000 -1.511061 1.168909 30.684175
 14.760000 -1.564896 1.294772 30.177700
 14.780000 -1.276476 1.366079 29.949670
 14.800000 -1.322306 1.288720 30.062866
 14.820000 -1.304999 1.283629 30.047599
 14.840000 -1.301157 1.239483 30.114786
 14.860000 -1.305627 1.292207 30.036591
 14.880000 -1.102363 1.135578 29.694417
 14.900000 -1.179891 1.137723 29.966356
 14.920000 -1.082674 1.000759 29.724424
 14.940000 -1.281938 1.063905 30.485190
 14.960000 -1.127136 0.927568 30.071798
 14.980000 -1.342933 0.977226 30.998309
 15.000000 -1.161072 0.943488 30.226170
 15.020000 -1.382437 1.056627 30.859049
 15.040000 -1.305435 0.855079 31.226161
 15.060000 -1.407787 1.081218 30.842342
 15.080000 -1.434856 0.905348 31.666881
 15.100000 -1.344768 0.970548 31.029445
 15.120000 -1.371951 0.893976 31.429107
 15.140000 -1.411539 0.962320 31.332641
 15.160000 -1.485650 0.967934 31.576358
 15.180000 -1.394778 0.965230 31.254050
 15.200000 -1.342041 0.966994 31.030333
 15.220000 -1.174260 0.847957 30.506735
 15.240000 -1.063583 0.819711 29.870607
 15.260000 -1.207089 0.779165 30.866141
 15.280000 -1.021167 0.655121 29.857031
 15.300000 -1.189142 0.879244 30.521351
 15.320000 -1.200789 0.643341 31.112848
 15.340000 -1.374459 0.777695 31.850827
 15.360000 -1.278752 0.784091 31.285540
 15.380000 -1.440851 0.745931 32.318410
 15.400000 -1.307518 0.817615 31.353353
 15.420000 -1.338252 0.732780 31.780500
 15.440000 -1.319987 0.781908 31.531509
 15.460000 -1.119278 0.734631 30.394811
 15.480000 -1.168331 0.672699 30.841626
 15.500000 -1.148130 0.702819 30.648792
 15.520000 -1.232805 0.596191 31.415633
 15.540000 -1.123204 0.571143 30.719385
 15.560000 -1.231223 0.597091 31.403441
 15.580000 -1.215499 0.630849 31.235771
 15.600000 -1.374608 0.650489 32.217557
 15.620000 -1.395901 0.754718 32.045044
 15.640000 -1.380386 0.829614 31.704932
 15.660000 -1.433217 0.817243 32.014914
 15.680000 -1.387661 0.909811 31.441623
 15.700000 -1.376140 0.932822 31.302003
 15.720000 -1.075911 0.770195 30.038394
 15.740000 -1.116973 0.974179 29.937742
 15.760000 -0.958087 0.870339 29.102161
 15.780000 -1.134665 1.068761 29.885088
 15.800000 -1.144695 1.169822 29.817757
 15.820000 -1.260579 1.197523 30.105085
 15.840000 -1.339789 1.462159 29.966792
 15.860000 -1.304713 1.420294 29.959440
 15.880000 -1.337274 1.490724 29.989759
 15.900000 -1.190915 1.452933 29.988462
 15.920000 -1.339302 1.645720 30.335757
 15.940000 -1.187335 1.432177 29.954268
 15.960000 -1.356923 1.653325 30.329917
 15.980000 -1.201771 1.503140 30.088218
 16.000000 -1.276757 1.663972 30.520775
 16.020000 -1.304177 1.522500 30.060212
 16.040000 -1.327792 1.611901 30.244597
 16.060000 -1.414646 1.504659 29.930765
 16.080000 -1.294252 1.373851 29.958258
 16.100000 -1.396215 1.305131 30.106870
 16.120000 -1.157345 1.077015 29.969161
 16.140000 -1.258827 1.226700 30.053231
 16.160000 -1.055459 0.964528 29.617138
 16.180000 -1.272170 1.020523 30.566132
 16.200000 -1.251249 0.867670 30.896126
 16.220000 -1.326010 0.881324 31.248864
 16.240000 -1.414542 0.803558 31.973304
 16.260000 -1.408822 0.809092 31.924147
 16.280000 -1.346560 0.700373 31.920203
 16.300000 -1.181372 0.668511 30.936471
 16.320000 -1.280752 0.529304 31.838206
 16.340000 -1.216842 0.615869 31.272993
 16.360000 -1.287876 0.425733 31.985837
 16.380000 -1.237112 0.641345 31.359746
 16.400000 -1.121247 0.563860 30.718198
 16.420000 -1.146118 0.756662 30.528436
 16.440000 -1.216770 0.801272 30.872189
 16.460000 -1.469845 0.828324 32.145112
 16.480000 -1.334791 0.865775 31.345065
 16.500000 -1.542407 0.940433 31.885816
 16.520000 -1.167407 0.795257 30.583245
 16.540000 -1.458154 0.999066 31.344547
 16.560000 -1.302983 0.966154 30.862482
 16.580000 -1.279601 1.066265 30.470091
 16.600000 -1.074053 0.918988 29.781873
 16.620000 -1.365129 1.151279 30.480403
 16.640000 -1.239716 1.087990 30.269147
 16.660000 -1.113986 1.122817 29.745807
 16.680000 -1.118586 1.173265 29.732692
 16.700000 -1.099728 1.157929 29.675572
 16.720000 -1.144873 1.229672 29.787227
 16.740000 -1.211729 1.124560 30.095772
 16.760000 -1.414691 1.156890 30.573149
 16.780000 -1.513977 1.236013 30.401930
 16.800000 -1.400723 1.224137 30.321973
 16.820000 -1.334750 1.278290 30.096091
 16.840000 -1.344714 1.131552 30.489479
 16.860000 -1.516567 1.297019 30.177175
 16.880000 -1.273339 1.103187 30.351006
 16.900000 -1.442775 1.179549 30.540982
 16.920000 -1.039910 1.075863 29.458655
 16.940000 -1.150282 1.120946 29.882756
 16.960000 -1.190296 1.095916 30.069143
 16.980000 -1.299240 1.111787 30.412856
 17.000000 -1.185954 0.990785 30.253532
 17.020000 -1.356218 1.092977 30.647818
 17.040000 -1.474818 0.934028 31.696614
 17.060000 -1.458009 1.012954 31.281905
 17.080000 -1.287460 0.776111 31.358410
 17.100000 -1.268121 0.861290 31.006581
 17.120000 -1.286267 0.768235 31.372740
 17.140000 -1.356309 0.856604 31.486675
 17.160000 -1.163873 0.797626 30.555986
 17.180000 -1.242855 0.771564 31.103700
 17.200000 -1.207583 0.853676 30.687884
 17.220000 -1.179485 0.934377 30.343321
 17.240000 -1.197134 0.795026 30.767725
 17.260000 -1.263873 1.068917 30.404597
 17.280000 -1.243976 0.950008 30.633784
 17.300000 -1.441605 1.122913 30.761789
 17.320000 -1.472535 1.059891 31.110490
 17.340000 -1.541780 1.172481 30.701423
 17.360000 -1.293068 1.049007 30.568936
 17.380000 -1.282444 1.279677 30.021079
 17.400000 -1.129809 1.080151 29.850256
 17.420000 -1.285935 1.086900 30.436710
 17.440000 -1.016708 1.042543 29.356649
 17.460000 -1.384719 1.123073 30.624388
 17.480000 -1.273866 0.967099 30.727338
 17.500000 -1.218630 1.316588 29.903772
 17.520000 -1.278530 1.029308 30.567899
 17.540000 -1.504357 1.394400 29.921755
 17.560000 -1.494594 1.243424 30.360258
 17.580000 -1.530581 1.252713 30.343643
 17.600000 -1.464449 1.307619 30.136154
 17.620000 -1.337942 1.198156 30.281783
 17.640000 -1.311903 1.248700 30.116296
 17.660000 -1.406540 1.268578 30.203529
 17.680000 -1.262727 1.161433 30.182234
 17.700000 -1.236971 1.155156 30.120020
 17.720000 -1.179640 1.152166 29.946429
 17.740000 -1.341163 1.246407 30.169218
 17.760000 -1.288982 1.052824 30.542523
 17.780000 -1.370031 1.112648 30.621089
 17.800000 -1.208980 1.180547 29.997470
 17.820000 -1.243407 0.955504 30.616058
 17.840000 -1.265204 1.068053 30.411797
 17.860000 -1.199077 0.808596 30.747476
 17.880000 -1.318822 0.951392 30.981949
 17.900000 -1.367752 0.924835 31.294919
 17.920000 -1.276177 0.838102 31.118501
 17.940000 -1.300991 0.864057 31.174695
 17.960000 -1.334641 0.954686 31.041242
 17.980000 -1.387967 0.970045 31.208088
 18.000000 -1.183247 0.907308 30.423987
 18.020000 -1.266663 1.086343 30.370463
 18.040000 -1.174668 0.901622 30.389094
 18.060000 -1.236070 1.050294 30.341977
 18.080000 -1.173985 1.011907 30.154197
 18.100000 -1.288801 1.005607 30.678697
 18.120000 -1.286638 1.104721 30.391258
 18.140000 -1.410121 1.095344 30.793982
 18.160000 -1.425523 0.969900 31.355027
 18.180000 -1.398767 1.162549 30.519650
 18.200000 -1.352838 0.893914 31.337673
 18.220000 -1.364945 1.066247 30.767521
 18.240000 -1.401974 0.960405 31.302297
 18.260000 -1.559325 1.042173 31.394128
 18.280000 -1.313074 0.971365 30.890495
 18.300000 -1.345833 1.114652 30.545828
 18.320000 -1.198072 1.174947 29.973946
 18.340000 -1.119579 1.056023 29.834695
 18.360000 -0.946053 1.000333 28.971651
 18.380000 -1.217861 1.251416 29.938705
 18.400000 -1.098571 0.994949 29.813177
 18.420000 -1.232416 1.211780 30.015085
 18.440000 -1.335263 1.044279 30.740095
 18.460000 -1.398673 1.164521 30.512650
 18.480000 -1.342223 1.117837 30.525313
 18.500000 -1.375791 1.004309 31.031416
 18.520000 -1.283480 1.111355 30.363557
 18.540000 -1.472894 1.034190 31.229552
 18.560000 -1.397358 0.993913 31.151765
 18.580000 -1.298409 1.050425 30.584961
 18.600000 -1.222995 0.886531 30.691628
 18.620000 -1.291382 1.118420 30.370235
 18.640000 -1.196899 0.847399 30.641330
 18.660000 -1.350624 0.979903 31.020599
 18.680000 -1.285600 0.938919 30.867275
 18.700000 -1.333059 0.938678 31.089535
 18.720000 -1.342966 1.038351 30.787897
 18.740000 -1.483176 1.000669 31.415744
 18.760000 -1.426147 1.113390 30.764297
 18.780000 -1.417381 1.097358 30.805423
 18.800000 -1.330147 1.111670 30.508779
 18.820000 -1.273049 1.194426 30.141620
 18.840000 -1.096896 0.996956 29.802005
 18.860000 -0.994149 1.174784 29.297618
 18.880000 -1.043623 1.028714 29.498658
 18.900000 -1.199549 1.233915 29.914402
 18.920000 -1.299931 1.132182 30.359963
 18.940000 -1.309728 1.106532 30.460834
 18.960000 -1.581004 1.259938 30.315561
 18.980000 -1.438614 1.012043 31.223265
 19.000000 -1.428033 1.124068 30.726673
 19.020000 -1.365490 0.897697 31.384461
 19.040000 -1.365828 0.886044 31.429048
 19.060000 -1.225710 0.705681 31.149994
 19.080000 -1.313317 0.793920 31.457340
 19.100000 -1.179282 0.686833 30.887225
 19.120000 -1.250032 0.672848 31.377788
 19.140000 -1.214431 0.485987 31.458433
 19.160000 -1.377257 0.775176 31.874331
 19.180000 -1.230168 0.461048 31.588119
 19.200000 -1.303789 0.679981 31.706812
 19.220000 -1.175037 0.443574 31.247259
 19.240000 -1.359312 0.572913 32.280937
 19.260000 -1.222422 0.375696 31.601427
 19.280000 -1.174277 0.490397 31.188016
 19.300000 -0.908145 0.263675 29.814210
 19.320000 -1.091287 0.447363 30.689448
 19.340000 -0.953616 0.385361 29.859113
 19.360000 -1.139490 0.615002 30.753975
 19.380000 -1.021066 0.501188 30.122842
 19.400000 -1.436747 0.818695 32.026671
 19.420000 -1.568370 0.735088 32.968709
 19.440000 -1.631048 0.957675 32.006628
 19.460000 -1.365801 0.731142 31.947756
 19.480000 -1.464457 1.017207 31.282657
 19.500000 -1.285340 0.971754 30.765932
 19.520000 -1.355102 1.033607 30.848600
 19.540000 -1.222568 0.985879 30.438449
 19.560000 -1.207356 1.289925 29.895206
 19.580000 -1.076885 1.180805 29.594957
 19.600000 -1.226963 1.446347 29.978927
 19.620000 -1.071941 1.307056 29.665417
 19.640000 -1.236835 1.487083 30.039981
 19.660000 -1.010305 1.401355 29.772285
 19.680000 -1.179450 1.522012 30.148050
 19.700000 -1.182095 1.394354 29.902753
 19.720000 -1.443809 1.533997 29.914977
 19.740000 -1.355983 1.450581 29.955586
 19.760000 -1.663192 1.593127 29.405075
 19.780000 -1.446616 1.506591 29.893957
 19.800000 -1.678336 1.508199 29.382258
 19.820000 -1.709973 1.557633 29.220151
 19.840000 -1.728338 1.602459 29.138608
 19.860000 -1.666555 1.488823 29.447638
 19.880000 -1.567330 1.517680 29.679815
 19.900000 -1.458159 1.379328 29.974139
 19.920000 -1.459289 1.319209 30.103565
 19.940000 -1.387071 1.142128 30.563794
 19.960000 -1.292863 1.054398 30.552620
 19.980000 -1.055856 0.945311 29.641033
 20.000000 -1.125241 0.938476 30.041840
