#! FIELDS time phi psi sigma_phi sigma_psi height biasf
                        #! SET multivariate false
                        #! SET kerneltype stretched-gaussian
                        #! SET min_phi -pi
                        #! SET max_phi pi
                        #! SET min_psi -pi
                        #! SET max_psi pi
0 -3.141592653589793 -3.141592653589793 0.628 0.628 3.511075665875928 1
0 -3.141592653589793 -2.5132741228718345 0.628 0.628 1.29187142196661 1
0 -3.141592653589793 -1.8849555921538759 0.628 0.628 0.0 1
0 -3.141592653589793 -1.2566370614359172 0.628 0.628 2.7317197821667616 1
0 -3.141592653589793 -0.6283185307179586 0.628 0.628 5.297749160581496 1
0 -3.141592653589793 0.0 0.628 0.628 4.207867463611009 1
0 -3.141592653589793 0.6283185307179586 0.628 0.628 2.465453965087133 1
0 -3.141592653589793 1.2566370614359172 0.628 0.628 2.0499494822969497 1
0 -3.141592653589793 1.8849555921538759 0.628 0.628 5.101668989827276 1
0 -3.141592653589793 2.5132741228718345 0.628 0.628 1.0248091199295402 1
0 -2.5132741228718345 -3.141592653589793 0.628 0.628 3.7508183077143453 1
0 -2.5132741228718345 -2.5132741228718345 0.628 0.628 1.4696907339393894 1
0 -2.5132741228718345 -1.8849555921538759 0.628 0.628 2.963823525461546 1
0 -2.5132741228718345 -1.2566370614359172 0.628 0.628 0.866534044618958 1
0 -2.5132741228718345 -0.6283185307179586 0.628 0.628 0.5854531144758721 1
0 -2.5132741228718345 0.0 0.628 0.628 1.838171834607198 1
0 -2.5132741228718345 0.6283185307179586 0.628 0.628 1.2009737011307822 1
0 -2.5132741228718345 1.2566370614359172 0.628 0.628 2.0445553570609856 1
0 -2.5132741228718345 1.8849555921538759 0.628 0.628 2.0177667586205548 1
0 -2.5132741228718345 2.5132741228718345 0.628 0.628 2.0513793307736625 1
0 -1.8849555921538759 -3.141592653589793 0.628 0.628 5.043943087028499 1
0 -1.8849555921538759 -2.5132741228718345 0.628 0.628 0.0 1
0 -1.8849555921538759 -1.8849555921538759 0.628 0.628 0.0 1
0 -1.8849555921538759 -1.2566370614359172 0.628 0.628 1.5292773237944606 1
0 -1.8849555921538759 -0.6283185307179586 0.628 0.628 6.647476936795095 1
0 -1.8849555921538759 0.0 0.628 0.628 2.460372766235076 1
0 -1.8849555921538759 0.6283185307179586 0.628 0.628 1.4736989340771032 1
0 -1.8849555921538759 1.2566370614359172 0.628 0.628 6.34785633148984 1
0 -1.8849555921538759 1.8849555921538759 0.628 0.628 1.2242212863020179 1
0 -1.8849555921538759 2.5132741228718345 0.628 0.628 6.697037198644823 1
0 -1.2566370614359172 -3.141592653589793 0.628 0.628 8.33427990392681 1
0 -1.2566370614359172 -2.5132741228718345 0.628 0.628 1.4742239195515585 1
0 -1.2566370614359172 -1.8849555921538759 0.628 0.628 5.638799864171039 1
0 -1.2566370614359172 -1.2566370614359172 0.628 0.628 4.512272850289461 1
0 -1.2566370614359172 -0.6283185307179586 0.628 0.628 0.0 1
0 -1.2566370614359172 0.0 0.628 0.628 1.371957335557616 1
0 -1.2566370614359172 0.6283185307179586 0.628 0.628 0.7874979758878077 1
0 -1.2566370614359172 1.2566370614359172 0.628 0.628 0.06665554920627992 1
0 -1.2566370614359172 1.8849555921538759 0.628 0.628 1.960199980576495 1
0 -1.2566370614359172 2.5132741228718345 0.628 0.628 4.441299572098718 1
0 -0.6283185307179586 -3.141592653589793 0.628 0.628 2.2234247046570133 1
0 -0.6283185307179586 -2.5132741228718345 0.628 0.628 0.3235225721010512 1
0 -0.6283185307179586 -1.8849555921538759 0.628 0.628 2.0903257874872807 1
0 -0.6283185307179586 -1.2566370614359172 0.628 0.628 1.5001214546932629 1
0 -0.6283185307179586 -0.6283185307179586 0.628 0.628 6.7345864178363595 1
0 -0.6283185307179586 0.0 0.628 0.628 5.712276235833909 1
0 -0.6283185307179586 0.6283185307179586 0.628 0.628 7.458416651288448 1
0 -0.6283185307179586 1.2566370614359172 0.628 0.628 3.0001804404207375 1
0 -0.6283185307179586 1.8849555921538759 0.628 0.628 0.0 1
0 -0.6283185307179586 2.5132741228718345 0.628 0.628 0.6010890425138457 1
0 0.0 -3.141592653589793 0.628 0.628 1.144819720069375 1
0 0.0 -2.5132741228718345 0.628 0.628 1.0199291706740812 1
0 0.0 -1.8849555921538759 0.628 0.628 0.04301512619446246 1
0 0.0 -1.2566370614359172 0.628 0.628 2.5722331918379693 1
0 0.0 -0.6283185307179586 0.628 0.628 2.4342560354597373 1
0 0.0 0.0 0.628 0.628 7.728729944497536 1
0 0.0 0.6283185307179586 0.628 0.628 2.0090644723669944 1
0 0.0 1.2566370614359172 0.628 0.628 0.8687598456924582 1
0 0.0 1.8849555921538759 0.628 0.628 0.19230652635643186 1
0 0.0 2.5132741228718345 0.628 0.628 3.5143076791394727 1
0 0.6283185307179586 -3.141592653589793 0.628 0.628 2.5867899031631265 1
0 0.6283185307179586 -2.5132741228718345 0.628 0.628 0.5725793275842997 1
0 0.6283185307179586 -1.8849555921538759 0.628 0.628 1.683454941512293 1
0 0.6283185307179586 -1.2566370614359172 0.628 0.628 2.8475362850405426 1
0 0.6283185307179586 -0.6283185307179586 0.628 0.628 5.79418345206901 1
0 0.6283185307179586 0.0 0.628 0.628 1.2071631323877527 1
0 0.6283185307179586 0.6283185307179586 0.628 0.628 0.0 1
0 0.6283185307179586 1.2566370614359172 0.628 0.628 1.939996421620176 1
0 0.6283185307179586 1.8849555921538759 0.628 0.628 2.5200540330583006 1
0 0.6283185307179586 2.5132741228718345 0.628 0.628 3.941209696184485 1
0 1.2566370614359172 -3.141592653589793 0.628 0.628 0.0 1
0 1.2566370614359172 -2.5132741228718345 0.628 0.628 4.393462532102388 1
0 1.2566370614359172 -1.8849555921538759 0.628 0.628 5.246692985869197 1
0 1.2566370614359172 -1.2566370614359172 0.628 0.628 2.605516805969062 1
0 1.2566370614359172 -0.6283185307179586 0.628 0.628 0.0 1
0 1.2566370614359172 0.0 0.628 0.628 0.9406520390752483 1
0 1.2566370614359172 0.6283185307179586 0.628 0.628 3.0142535019071777 1
0 1.2566370614359172 1.2566370614359172 0.628 0.628 4.690572852031851 1
0 1.2566370614359172 1.8849555921538759 0.628 0.628 3.299384746743495 1
0 1.2566370614359172 2.5132741228718345 0.628 0.628 0.0 1
0 1.8849555921538759 -3.141592653589793 0.628 0.628 2.2087187503911325 1
0 1.8849555921538759 -2.5132741228718345 0.628 0.628 1.2811383332889115 1
0 1.8849555921538759 -1.8849555921538759 0.628 0.628 2.033980417968295 1
0 1.8849555921538759 -1.2566370614359172 0.628 0.628 1.6420398847745332 1
0 1.8849555921538759 -0.6283185307179586 0.628 0.628 0.0 1
0 1.8849555921538759 0.0 0.628 0.628 3.9294737156179576 1
0 1.8849555921538759 0.6283185307179586 0.628 0.628 4.421077506754623 1
0 1.8849555921538759 1.2566370614359172 0.628 0.628 2.9737778781100292 1
0 1.8849555921538759 1.8849555921538759 0.628 0.628 0.6745615661488598 1
0 1.8849555921538759 2.5132741228718345 0.628 0.628 0.0 1
0 2.5132741228718345 -3.141592653589793 0.628 0.628 0.18449825630313788 1
0 2.5132741228718345 -2.5132741228718345 0.628 0.628 2.837065111464537 1
0 2.5132741228718345 -1.8849555921538759 0.628 0.628 0.0 1
0 2.5132741228718345 -1.2566370614359172 0.628 0.628 0.9900098853912835 1
0 2.5132741228718345 -0.6283185307179586 0.628 0.628 0.17156433749230526 1
0 2.5132741228718345 0.0 0.628 0.628 2.038273155839926 1
0 2.5132741228718345 0.6283185307179586 0.628 0.628 5.152375351769415 1
0 2.5132741228718345 1.2566370614359172 0.628 0.628 8.711412953589713 1
0 2.5132741228718345 1.8849555921538759 0.628 0.628 2.8067198380844065 1
0 2.5132741228718345 2.5132741228718345 0.628 0.628 0.18705247092772082 1
