#! FIELDS time phi psi metad.bias
#! SET min_phi -pi
#! SET max_phi pi
#! SET min_psi -pi
#! SET max_psi pi
 0.000000 3.141580 -3.141577 53.370977
 0.020000 -2.336901 2.565065 8.554493
 0.040000 -2.334979 2.585049 8.650602
 0.060000 -2.334299 2.586261 8.651817
 0.080000 -2.321875 2.616928 8.748239
 0.100000 -2.357036 2.630492 9.173774
 0.120000 -2.362894 2.658322 9.461334
 0.140000 -2.338174 2.680611 9.394936
 0.160000 -2.408368 2.680660 10.314912
 0.180000 -2.473009 2.750681 12.530394
 0.200000 -2.482085 2.696809 12.079556
 0.220000 -2.475909 2.704326 12.010234
 0.240000 -2.403823 2.667546 10.115596
 0.260000 -2.377971 2.626918 9.399788
 0.280000 -2.398419 2.633781 9.742690
 0.300000 -2.402820 2.689192 10.305083
 0.320000 -2.365968 2.667634 9.577738
 0.340000 -2.259193 2.584480 8.217997
 0.360000 -2.330612 2.450597 8.034243
 0.380000 -2.315309 2.526466 8.187444
 0.400000 -2.325324 2.442261 7.964174
 0.420000 -2.249171 2.408858 7.405959
 0.440000 -2.288543 2.238646 7.212520
 0.460000 -2.216148 2.302022 6.998465
 0.480000 -2.394419 2.366185 8.561865
 0.500000 -2.267301 2.377592 7.399071
 0.520000 -2.275483 2.359420 7.397794
 0.540000 -2.231250 2.286014 7.008155
 0.560000 -2.211112 2.367553 7.167462
 0.580000 -2.315558 2.357258 7.674682
 0.600000 -2.212130 2.447218 7.441385
 0.620000 -2.140759 2.462298 7.547657
 0.640000 -1.927635 2.483275 8.882303
 0.660000 -1.988394 2.459990 8.266983
 0.680000 -1.991912 2.490945 8.511709
 0.700000 -2.219689 2.453937 7.478931
 0.720000 -2.111202 2.512884 7.956153
 0.740000 -2.103003 2.384997 7.284253
 0.760000 -2.160968 2.403931 7.253522
 0.780000 -2.256918 2.356034 7.291913
 0.800000 -2.398960 2.404167 8.701363
 0.820000 -2.366254 2.438773 8.365080
 0.840000 -2.336166 2.331098 7.807541
 0.860000 -2.168819 2.433685 7.372130
 0.880000 -2.310061 2.413651 7.763471
 0.900000 -2.323684 2.526421 8.252046
 0.920000 -2.475053 2.419700 10.039930
 0.940000 -2.376929 2.525364 8.792936
 0.960000 -2.276559 2.510943 7.886357
 0.980000 -2.247516 2.669757 8.868994
 1.000000 -2.343483 2.667928 9.333689
 1.020000 -2.415740 2.730717 10.974888
 1.040000 -2.382665 2.759305 10.740664
 1.060000 -2.364509 2.831979 11.365651
 1.080000 -2.409769 2.846411 12.315846
 1.100000 -2.528683 2.846443 15.853747
 1.120000 -2.471304 2.942206 15.262951
 1.140000 -2.520278 2.868525 15.905118
 1.160000 -2.310341 2.844858 11.005401
 1.180000 -2.315074 2.747028 9.875141
 1.200000 -2.212963 2.964776 12.618567
 1.220000 -2.230098 2.943889 12.243864
 1.240000 -2.200312 2.893385 11.791894
 1.260000 -2.339249 2.603828 8.806622
 1.280000 -2.211046 2.673279 8.939684
 1.300000 -2.377836 2.731609 10.359881
 1.320000 -2.324292 2.527679 8.262570
 1.340000 -2.194300 2.417441 7.309746
 1.360000 -2.279672 2.204642 7.090340
 1.380000 -2.315156 2.213390 7.380013
 1.400000 -2.323463 2.097946 7.278080
 1.420000 -2.455241 2.041232 9.167709
 1.440000 -2.356827 2.085838 7.637880
 1.460000 -2.313357 2.009781 7.084134
 1.480000 -2.455801 2.101654 9.217756
 1.500000 -2.422289 2.086792 8.596055
 1.520000 -2.391486 2.010952 8.046840
 1.540000 -2.300845 2.148739 7.148523
 1.560000 -2.053829 2.202521 6.693958
 1.580000 -2.055293 2.150580 6.522035
 1.600000 -2.053649 2.257755 6.895152
 1.620000 -1.997328 2.272182 7.107306
 1.640000 -1.963773 2.391931 7.893377
 1.660000 -1.903476 2.331830 7.761606
 1.680000 -1.963058 2.420173 8.099864
 1.700000 -2.026600 2.471740 8.123893
 1.720000 -2.037806 2.598960 9.276880
 1.740000 -2.024457 2.589093 9.281807
 1.760000 -1.968469 2.469118 8.471292
 1.780000 -1.976187 2.486820 8.582397
 1.800000 -2.056850 2.555510 8.639448
 1.820000 -2.141854 2.567631 8.237889
 1.840000 -2.064541 2.484640 7.994571
 1.860000 -2.131205 2.520185 7.923650
 1.880000 -2.208879 2.470767 7.534365
 1.900000 -2.375989 2.430083 8.458798
 1.920000 -2.603775 2.448448 13.414489
 1.940000 -2.659476 2.408844 15.028767
 1.960000 -2.517956 2.513641 11.365004
 1.980000 -2.637814 2.466175 14.590440
 2.000000 -2.420690 2.544012 9.512014
 2.020000 -2.471458 2.537726 10.430682
 2.040000 -2.398659 2.661610 9.979613
 2.060000 -2.288452 2.569529 8.238818
 2.080000 -2.298814 2.459473 7.816793
 2.100000 -2.296549 2.613869 8.562449
 2.120000 -2.176094 2.734729 9.797754
 2.140000 -2.321528 2.704366 9.478804
 2.160000 -2.194613 2.553285 7.979701
 2.180000 -2.265761 2.568779 8.139988
 2.200000 -2.239356 2.427136 7.429885
 2.220000 -2.259313 2.645223 8.667474
 2.240000 -2.283428 2.341047 7.402607
 2.260000 -2.180097 2.401473 7.242384
 2.280000 -2.143340 2.456547 7.512583
 2.300000 -2.232801 2.327905 7.117154
 2.320000 -2.269988 2.316899 7.264611
 2.340000 -2.237063 2.297459 7.054115
 2.360000 -2.233976 2.603906 8.313885
 2.380000 -2.110352 2.456122 7.598408
 2.400000 -2.099352 2.499821 7.917377
 2.420000 -2.342333 2.393086 7.997062
 2.440000 -2.180875 2.462636 7.493438
 2.460000 -2.188033 2.402989 7.252188
 2.480000 -2.172295 2.338526 7.031808
 2.500000 -2.132140 2.215278 6.659922
 2.520000 -2.328099 2.309394 7.687293
 2.540000 -2.479680 2.344811 9.987213
 2.560000 -2.273872 2.244902 7.127973
 2.580000 -2.534446 2.223278 11.103422
 2.600000 -2.358959 2.321283 8.031907
 2.620000 -2.418623 2.402245 8.990146
 2.640000 -2.339120 2.570503 8.604538
 2.660000 -2.297059 2.420418 7.688733
 2.680000 -1.970888 2.582187 9.716908
 2.700000 -2.056775 2.556669 8.651549
 2.720000 -1.994899 2.758040 12.408977
 2.740000 -2.016583 2.710049 11.177466
 2.760000 -1.963436 2.685841 11.485730
 2.780000 -2.027336 2.747173 11.688084
 2.800000 -2.122065 2.717080 10.012397
 2.820000 -2.348834 2.551478 8.598136
 2.840000 -2.298787 2.548286 8.180869
 2.860000 -2.464712 2.380143 9.749762
 2.880000 -2.399305 2.288457 8.501312
 2.900000 -2.573135 2.135123 12.072517
 2.920000 -2.513568 2.010733 10.432135
 2.940000 -2.621413 1.944910 13.448076
 2.960000 -2.496857 1.942885 10.043815
 2.980000 -2.609064 1.788710 13.349862
 3.000000 -2.417709 1.897383 8.512885
 3.020000 -2.436203 1.834404 8.983661
 3.040000 -2.321207 2.034242 7.181034
 3.060000 -2.183575 2.054853 6.346663
 3.080000 -2.092607 2.100337 6.345798
 3.100000 -1.871535 2.125132 6.852183
 3.120000 -1.774185 2.222243 7.420053
 3.140000 -1.579288 2.221321 7.154863
 3.160000 -1.543840 2.265246 7.299344
 3.180000 -1.316709 2.175026 5.891759
 3.200000 -1.235269 2.216652 5.851113
 3.220000 -0.951939 2.146408 5.761680
 3.240000 -0.940518 2.195857 6.132427
 3.260000 -0.895942 2.279314 7.296823
 3.280000 -0.890013 2.220298 6.604853
 3.300000 -0.991305 2.309279 7.140944
 3.320000 -0.894782 2.252815 6.952172
 3.340000 -1.001918 2.194501 5.887954
 3.360000 -0.903326 2.095201 5.697258
 3.380000 -1.106576 2.089769 5.385884
 3.400000 -1.040044 1.990570 5.581776
 3.420000 -1.158334 2.015046 5.563818
 3.440000 -1.022829 1.846447 6.562380
 3.460000 -1.205807 1.845450 6.860733
 3.480000 -1.368144 1.878327 6.819586
 3.500000 -1.433628 1.874756 6.950365
 3.520000 -1.498999 1.917347 6.772815
 3.540000 -1.450368 1.817906 7.445746
 3.560000 -1.475967 1.786873 7.751598
 3.580000 -1.569081 1.765674 7.941465
 3.600000 -1.598608 1.621211 9.460175
 3.620000 -1.401705 1.575185 10.157481
 3.640000 -1.374648 1.587664 10.020894
 3.660000 -1.467089 1.616734 9.651485
 3.680000 -1.223274 1.538985 10.450087
 3.700000 -1.387361 1.504921 10.884714
 3.720000 -1.214350 1.417995 11.444641
 3.740000 -1.185418 1.405127 11.484078
 3.760000 -1.080264 1.316642 11.758173
 3.780000 -1.091324 1.307460 11.802444
 3.800000 -0.879085 1.106490 12.316701
 3.820000 -1.243300 1.240169 11.926841
 3.840000 -1.374728 1.126941 11.700800
 3.860000 -1.293794 1.093970 11.539264
 3.880000 -1.505251 1.041058 11.740900
 3.900000 -1.383371 1.051992 11.416552
 3.920000 -1.461789 1.015951 11.479827
 3.940000 -1.286974 0.819848 10.501117
 3.960000 -1.351595 0.867817 10.662199
 3.980000 -1.208206 0.727668 10.357571
 4.000000 -1.265420 0.602500 9.856568
 4.020000 -1.190841 0.629034 10.049175
 4.040000 -1.345842 0.523708 9.730206
 4.060000 -1.401709 0.628829 10.221385
 4.080000 -1.322408 0.555314 9.766684
 4.100000 -1.379958 0.476041 9.707711
 4.120000 -1.373370 0.523174 9.828863
 4.140000 -1.422781 0.394788 9.657210
 4.160000 -1.301876 0.426096 9.255891
 4.180000 -1.179872 0.302793 8.624388
 4.200000 -1.295657 0.555271 9.719708
 4.220000 -1.132115 0.259898 8.496404
 4.240000 -1.076061 0.453134 9.554291
 4.260000 -1.021611 0.326977 9.078210
 4.280000 -1.257004 0.404324 9.089556
 4.300000 -1.026992 0.348822 9.166056
 4.320000 -1.255971 0.456748 9.310001
 4.340000 -1.039048 0.310446 8.950772
 4.360000 -1.428960 0.648577 10.389804
 4.380000 -1.276798 0.487654 9.453461
 4.400000 -1.529500 0.656707 11.038644
 4.420000 -1.206532 0.445690 9.259407
 4.440000 -1.466532 0.644507 10.592093
 4.460000 -1.187513 0.438690 9.242919
 4.480000 -1.378895 0.658421 10.198039
 4.500000 -1.292194 0.515908 9.578862
 4.520000 -1.458153 0.727807 10.683550
 4.540000 -1.371789 0.620092 10.084801
 4.560000 -1.389585 0.716360 10.358586
 4.580000 -1.297379 0.724477 10.219039
 4.600000 -1.195189 0.748970 10.470244
 4.620000 -1.079970 0.724452 10.880068
 4.640000 -1.166368 0.911305 11.136735
 4.660000 -1.255304 0.951613 11.008831
 4.680000 -1.394898 1.081169 11.555736
 4.700000 -1.373057 1.112501 11.645110
 4.720000 -1.517334 1.212774 12.197410
 4.740000 -1.471963 1.218901 12.102860
 4.760000 -1.400537 1.170490 11.878168
 4.780000 -1.277957 1.226811 11.914848
 4.800000 -1.433974 1.266634 12.060944
 4.820000 -1.207808 1.171918 11.847886
 4.840000 -1.343452 1.202204 11.896282
 4.860000 -1.422091 1.173117 11.921629
 4.880000 -1.273664 1.282674 11.936683
 4.900000 -1.276091 1.144178 11.724861
 4.920000 -1.235818 1.154653 11.781522
 4.940000 -1.229802 1.077814 11.545963
 4.960000 -1.290603 0.928182 10.868986
 4.980000 -1.249550 1.020605 11.293063
 5.000000 -1.220043 0.757587 10.425186
 5.020000 -1.328975 0.673515 10.110527
 5.040000 -1.298823 0.765972 10.335214
 5.060000 -1.339663 0.487434 9.589670
 5.080000 -1.414823 0.549347 10.096683
 5.100000 -1.220975 0.462812 9.328518
 5.120000 -1.094121 0.266330 8.605806
 5.140000 -1.187373 0.223791 8.274924
 5.160000 -1.169598 0.316626 8.695648
 5.180000 -1.121739 0.059361 7.682402
 5.200000 -1.257236 0.157843 8.035089
 5.220000 -1.216138 0.071248 7.638557
 5.240000 -1.442389 0.011536 8.451943
 5.260000 -1.369096 0.153433 8.418326
 5.280000 -1.214805 -0.011897 7.286679
 5.300000 -1.258012 0.100722 7.805545
 5.320000 -1.236455 0.098322 7.765483
 5.340000 -1.362670 0.170756 8.448601
 5.360000 -1.224729 0.078097 7.671774
 5.380000 -1.307058 0.278141 8.650113
 5.400000 -1.088195 0.043195 7.703398
 5.420000 -1.293955 0.205078 8.307781
 5.440000 -0.970234 0.055488 8.209085
 5.460000 -1.112674 0.125445 7.978610
 5.480000 -1.017762 0.092815 8.153230
 5.500000 -1.293199 0.347079 8.906873
 5.520000 -1.099392 0.177136 8.222218
 5.540000 -1.165232 0.258383 8.441503
 5.560000 -1.303265 0.453266 9.365625
 5.580000 -1.209802 0.409422 9.094281
 5.600000 -1.284153 0.297661 8.672801
 5.620000 -1.332565 0.469407 9.503650
 5.640000 -1.442286 0.267836 9.312001
 5.660000 -1.338662 0.413371 9.314483
 5.680000 -1.289878 0.406482 9.149858
 5.700000 -1.247397 0.344414 8.817319
 5.720000 -1.301580 0.409437 9.188117
 5.740000 -1.403786 0.597368 10.160180
 5.760000 -1.184424 0.349936 8.835275
 5.780000 -1.301169 0.626560 9.947526
 5.800000 -1.236445 0.593569 9.839617
 5.820000 -1.340713 0.557742 9.820004
 5.840000 -0.954819 0.636186 11.022417
 5.860000 -1.196307 0.605831 9.946805
 5.880000 -1.219759 0.512079 9.537973
 5.900000 -1.473227 0.721711 10.758372
 5.920000 -1.329401 0.478445 9.526506
 5.940000 -1.303381 0.561271 9.750251
 5.960000 -1.414247 0.724633 10.467504
 5.980000 -1.382611 0.695822 10.292045
 6.000000 -1.358215 0.602612 9.996736
 6.020000 -1.500430 0.666603 10.846274
 6.040000 -1.358450 0.577366 9.930265
 6.060000 -1.095653 0.555887 10.021386
 6.080000 -1.163064 0.498601 9.556766
 6.100000 -1.131251 0.627910 10.232289
 6.120000 -1.212105 0.608776 9.927570
 6.140000 -1.251995 0.609281 9.883324
 6.160000 -1.398519 0.626619 10.202824
 6.180000 -1.575672 0.665947 11.403834
 6.200000 -1.537981 0.783197 11.265896
 6.220000 -1.349825 0.700589 10.214472
 6.240000 -1.319663 0.628059 9.975219
 6.260000 -1.439915 0.803622 10.738868
 6.280000 -1.297086 0.531422 9.640935
 6.300000 -1.445712 0.615821 10.416781
 6.320000 -1.197775 0.625046 10.017547
 6.340000 -1.068253 0.603710 10.370783
 6.360000 -1.054178 0.532578 10.050938
 6.380000 -1.179742 0.671936 10.243745
 6.400000 -1.297119 0.664777 10.054200
 6.420000 -1.468790 0.619588 10.562470
 6.440000 -1.384920 0.588257 10.056125
 6.460000 -1.406338 0.450731 9.756325
 6.480000 -1.583212 0.625876 11.416685
 6.500000 -1.374734 0.449750 9.594163
 6.520000 -1.274847 0.474211 9.398793
 6.540000 -1.230023 0.407598 9.085857
 6.560000 -1.449248 0.593519 10.392388
 6.580000 -1.274930 0.380104 9.010690
 6.600000 -1.291351 0.650535 10.010691
 6.620000 -1.073637 0.430875 9.445537
 6.640000 -1.225113 0.601234 9.879982
 6.660000 -1.199049 0.471663 9.381304
 6.680000 -1.301586 0.587728 9.830975
 6.700000 -1.352169 0.639891 10.073967
 6.720000 -1.419284 0.621241 10.286691
 6.740000 -1.499538 0.773918 11.000806
 6.760000 -1.473922 0.601817 10.562511
 6.780000 -1.483868 0.790032 10.935762
 6.800000 -1.305760 0.817156 10.482981
 6.820000 -1.211099 0.750464 10.426331
 6.840000 -1.227585 0.848596 10.704569
 6.860000 -1.138989 0.909448 11.250656
 6.880000 -1.213925 0.904760 10.939800
 6.900000 -1.148151 1.055312 11.672399
 6.920000 -1.297241 1.035723 11.300366
 6.940000 -1.352183 1.193618 11.883181
 6.960000 -1.424756 1.224318 12.026675
 6.980000 -1.402926 1.305053 11.996742
 7.000000 -1.423892 1.396812 11.694777
 7.020000 -1.372472 1.382792 11.744242
 7.040000 -1.528061 1.328454 12.055889
 7.060000 -1.425799 1.323084 11.981354
 7.080000 -1.355850 1.553394 10.398224
 7.100000 -1.200290 1.368172 11.687059
 7.120000 -1.408570 1.558155 10.342659
 7.140000 -1.350154 1.358649 11.830529
 7.160000 -1.463041 1.478055 11.113983
 7.180000 -1.175261 1.411460 11.432334
 7.200000 -1.099610 1.428171 11.183389
 7.220000 -1.085081 1.426336 11.163485
 7.240000 -1.362924 1.650486 9.279937
 7.260000 -1.396640 1.461978 11.255748
 7.280000 -1.596780 1.532852 10.465874
 7.300000 -1.412010 1.578747 10.114637
 7.320000 -1.430765 1.647870 9.303829
 7.340000 -1.405619 1.635278 9.460794
 7.360000 -1.377501 1.512829 10.810024
 7.380000 -1.375946 1.670951 9.035298
 7.400000 -1.313170 1.575381 10.144667
 7.420000 -1.176171 1.667923 8.882481
 7.440000 -1.153511 1.521970 10.500350
 7.460000 -1.324009 1.791996 7.592186
 7.480000 -1.335672 1.815806 7.353670
 7.500000 -1.310790 1.732795 8.258598
 7.520000 -1.175280 1.777628 7.549398
 7.540000 -0.969516 1.648415 8.566066
 7.560000 -1.008906 1.766538 7.344457
 7.580000 -0.956313 1.582474 9.261148
 7.600000 -1.064943 1.701992 8.221075
 7.620000 -1.033895 1.736603 7.738798
 7.640000 -1.296229 1.992823 5.925122
 7.660000 -1.195468 1.810797 7.208879
 7.680000 -1.493163 2.111981 6.434843
 7.700000 -1.445156 2.053211 6.227405
 7.720000 -1.426447 2.181833 6.352572
 7.740000 -1.220026 2.119669 5.513994
 7.760000 -1.212229 2.199105 5.722675
 7.780000 -1.028506 2.202974 5.865906
 7.800000 -1.122240 2.224424 5.839889
 7.820000 -1.089951 2.351079 7.295318
 7.840000 -1.167763 2.176649 5.578628
 7.860000 -1.185258 2.334177 6.857077
 7.880000 -1.268758 2.319025 6.738084
 7.900000 -1.391712 2.258107 6.606193
 7.920000 -1.432017 2.215162 6.524813
 7.940000 -1.519281 2.192037 6.788247
 7.960000 -1.506945 2.133068 6.533373
 7.980000 -1.416218 2.100796 6.121997
 8.000000 -1.426016 1.945839 6.480936
 8.020000 -1.412311 1.960932 6.374987
 8.040000 -1.317493 1.993805 5.975345
 8.060000 -1.230829 1.714483 8.393586
 8.080000 -1.300508 1.877858 6.707951
 8.100000 -1.224303 1.854781 6.797402
 8.120000 -1.359386 1.894791 6.672620
 8.140000 -1.206398 1.881492 6.515347
 8.160000 -1.201050 1.757429 7.828863
 8.180000 -1.111915 1.828884 6.878667
 8.200000 -1.119894 1.827576 6.905429
 8.220000 -1.071551 1.783303 7.294832
 8.240000 -1.085562 1.661120 8.764588
 8.260000 -1.223069 1.797252 7.401713
 8.280000 -1.355327 1.881957 6.768237
 8.300000 -1.524205 1.841834 7.292386
 8.320000 -1.636060 1.905730 6.959246
 8.340000 -1.710163 1.926055 6.880911
 8.360000 -1.783741 1.914996 6.826549
 8.380000 -1.684115 2.054628 6.815211
 8.400000 -1.589309 1.807263 7.568928
 8.420000 -1.599676 2.056327 6.692524
 8.440000 -1.541712 2.177255 6.812288
 8.460000 -1.614839 2.111197 6.819888
 8.480000 -1.546085 2.245705 7.179578
 8.500000 -1.395546 2.333770 7.273335
 8.520000 -1.292990 2.246221 6.167650
 8.540000 -1.126135 2.442614 8.826078
 8.560000 -1.168083 2.323031 6.731660
 8.580000 -1.098611 2.356475 7.346658
 8.600000 -1.033388 2.351584 7.558798
 8.620000 -1.068651 2.289087 6.540493
 8.640000 -1.137644 2.215288 5.770193
 8.660000 -1.138950 2.132762 5.435480
 8.680000 -1.212450 2.048745 5.547473
 8.700000 -1.293829 1.962356 6.073740
 8.720000 -1.224019 1.919710 6.222016
 8.740000 -1.411556 1.717019 8.492515
 8.760000 -1.433010 1.904659 6.735114
 8.780000 -1.442600 1.684430 8.868527
 8.800000 -1.455721 1.643699 9.341685
 8.820000 -1.347897 1.636244 9.448346
 8.840000 -1.422860 1.676895 8.962037
 8.860000 -1.281913 1.582007 10.049880
 8.880000 -1.479637 1.574494 10.127126
 8.900000 -1.272219 1.534441 10.552415
 8.920000 -1.220191 1.588892 9.902989
 8.940000 -1.112502 1.545263 10.167498
 8.960000 -1.169619 1.486553 10.863156
 8.980000 -1.283263 1.440039 11.368683
 9.000000 -1.302150 1.559842 10.308946
 9.020000 -1.282183 1.467082 11.169527
 9.040000 -1.098409 1.370906 11.539359
 9.060000 -1.293515 1.370667 11.752559
 9.080000 -1.349604 1.242199 11.964109
 9.100000 -1.361085 1.242436 11.973287
 9.120000 -1.396023 1.155212 11.825882
 9.140000 -1.186885 1.032030 11.482347
 9.160000 -1.418796 1.130948 11.787386
 9.180000 -1.373407 0.901432 10.807305
 9.200000 -1.488556 0.956100 11.380972
 9.220000 -1.276741 0.786657 10.409542
 9.240000 -1.348421 0.840991 10.575093
 9.260000 -1.057177 0.475035 9.729375
 9.280000 -1.151943 0.558958 9.858253
 9.300000 -1.022753 0.360127 9.234007
 9.320000 -1.133778 0.298972 8.666145
 9.340000 -1.197247 0.302567 8.614170
 9.360000 -1.344644 0.336338 9.028232
 9.380000 -1.306358 0.137421 8.077322
 9.400000 -1.375192 0.379427 9.337216
 9.420000 -1.302838 0.160567 8.156513
 9.440000 -1.210186 0.099199 7.753160
 9.460000 -1.269552 0.029240 7.540860
 9.480000 -1.380654 -0.028518 7.845645
 9.500000 -1.368979 -0.066739 7.633562
 9.520000 -1.366428 -0.086559 7.546139
 9.540000 -1.263026 -0.153303 6.763595
 9.560000 -1.261415 -0.187057 6.614157
 9.580000 -1.127222 -0.202137 6.425414
 9.600000 -1.142864 -0.250879 6.172516
 9.620000 -0.995235 -0.313053 6.196073
 9.640000 -0.966031 -0.255037 6.637951
 9.660000 -0.846523 -0.425386 6.206539
 9.680000 -1.031829 -0.115323 7.155176
 9.700000 -0.955291 -0.309262 6.369685
 9.720000 -1.059573 -0.027122 7.489171
 9.740000 -1.044040 -0.191797 6.688936
 9.760000 -1.301358 0.097326 7.903554
 9.780000 -1.204482 -0.006882 7.304178
 9.800000 -1.355015 0.133669 8.270089
 9.820000 -1.256130 0.167730 8.073331
 9.840000 -1.210082 0.329718 8.733913
 9.860000 -1.071918 0.383681 9.209438
 9.880000 -1.255534 0.512728 9.533977
 9.900000 -1.240326 0.539405 9.636201
 9.920000 -1.343178 0.564293 9.846450
 9.940000 -1.298725 0.689467 10.123368
 9.960000 -1.346258 0.792117 10.434070
 9.980000 -1.303663 0.756919 10.309497
 10.000000 -1.341364 0.909108 10.792911
 10.020000 -1.221132 0.947789 11.074851
 10.040000 -1.213933 0.996511 11.277665
 10.060000 -1.304170 1.173907 11.809530
 10.080000 -1.292255 1.121587 11.643059
 10.100000 -1.272907 1.257681 11.939249
 10.120000 -1.267043 1.373875 11.721255
 10.140000 -1.269676 1.501355 10.868360
 10.160000 -1.122495 1.449443 11.074885
 10.180000 -1.144676 1.460595 11.032818
 10.200000 -1.270355 1.679728 8.869772
 10.220000 -1.066522 1.549304 9.997418
 10.240000 -1.113929 1.681528 8.586659
 10.260000 -1.107426 1.621460 9.295024
 10.280000 -1.369683 1.878654 6.819442
 10.300000 -1.316577 1.741802 8.156660
 10.320000 -1.425056 1.924658 6.593857
 10.340000 -1.229379 1.862171 6.733777
 10.360000 -1.379159 2.130454 6.014371
 10.380000 -1.284695 1.909928 6.411124
 10.400000 -1.394355 2.058080 6.045014
 10.420000 -1.376954 2.053352 5.990490
 10.440000 -1.268431 2.105403 5.618405
 10.460000 -1.287710 2.265723 6.292524
 10.480000 -1.236376 2.286983 6.367050
 10.500000 -1.264782 2.348570 7.076045
 10.520000 -1.284076 2.407175 7.943930
 10.540000 -1.425376 2.513648 10.270192
 10.560000 -1.262179 2.455483 8.808554
 10.580000 -1.189885 2.502105 9.979121
 10.600000 -1.202169 2.502017 9.940872
 10.620000 -1.111402 2.468959 9.491758
 10.640000 -1.315088 2.401232 7.899511
 10.660000 -1.332930 2.303969 6.752700
 10.680000 -1.451973 2.244745 6.779724
 10.700000 -1.441820 2.341867 7.544019
 10.720000 -1.462540 2.225065 6.711448
 10.740000 -1.439591 2.129165 6.254803
 10.760000 -1.532297 2.191524 6.837402
 10.780000 -1.541014 1.995986 6.584253
 10.800000 -1.402937 1.960337 6.354353
 10.820000 -1.438065 1.859051 7.079502
 10.840000 -1.274122 1.711658 8.480191
 10.860000 -1.247711 1.715241 8.406199
 10.880000 -1.202302 1.612288 9.602989
 10.900000 -1.132650 1.543544 10.234582
 10.920000 -1.211393 1.573602 10.062318
 10.940000 -1.263307 1.505653 10.823016
 10.960000 -1.311485 1.516073 10.761323
 10.980000 -1.267924 1.481949 11.036791
 11.000000 -1.167393 1.355476 11.705689
 11.020000 -1.152973 1.478705 10.899216
 11.040000 -1.254748 1.215991 11.900296
 11.060000 -1.200694 1.269148 11.926184
 11.080000 -1.247492 1.185925 11.848773
 11.100000 -1.357750 1.299275 11.969560
 11.120000 -1.359620 1.182933 11.862576
 11.140000 -1.491628 1.274574 12.136293
 11.160000 -1.495699 1.179445 12.101498
 11.180000 -1.383767 1.056726 11.436914
 11.200000 -1.293726 0.992064 11.119982
 11.220000 -1.291020 0.939945 10.913495
 11.240000 -1.062406 0.696482 10.846340
 11.260000 -1.155127 0.738812 10.583940
 11.280000 -1.133893 0.404021 9.160201
 11.300000 -1.201514 0.542583 9.683644
 11.320000 -1.402418 0.266817 9.043421
 11.340000 -1.476897 0.340299 9.837237
 11.360000 -1.393462 0.274858 9.021501
 11.380000 -1.439434 0.234020 9.165650
 11.400000 -1.311289 0.124931 8.045793
 11.420000 -1.218017 0.033218 7.480330
 11.440000 -1.033939 -0.178811 6.798417
 11.460000 -1.057301 -0.241487 6.373245
 11.480000 -0.939256 -0.296020 6.513976
 11.500000 -1.133172 -0.381742 5.667261
 11.520000 -1.025604 -0.372751 5.833043
 11.540000 -1.065687 -0.450823 5.558735
 11.560000 -1.042518 -0.533248 5.568801
 11.580000 -1.123605 -0.307643 5.931437
 11.600000 -1.025742 -0.583892 5.680497
 11.620000 -1.174377 -0.300347 5.963066
 11.640000 -0.956429 -0.525451 5.668517
 11.660000 -1.199923 -0.214028 6.357527
 11.680000 -1.083986 -0.195992 6.543577
 11.700000 -1.275611 0.011817 7.486491
 11.720000 -1.322957 -0.003730 7.600299
 11.740000 -1.420941 0.173474 8.814287
 11.760000 -1.321597 0.161971 8.228450
 11.780000 -1.390152 0.318113 9.174141
 11.800000 -1.076164 0.235984 8.523965
 11.820000 -1.355590 0.594055 9.966279
 11.840000 -1.213951 0.606647 9.916497
 11.860000 -1.254311 0.739871 10.296340
 11.880000 -1.241077 0.784516 10.461090
 11.900000 -1.383771 0.978952 11.116014
 11.920000 -1.233810 0.931910 10.981774
 11.940000 -1.223982 1.160942 11.808144
 11.960000 -1.165287 0.946497 11.261550
 11.980000 -1.350911 1.266547 11.979101
 12.000000 -1.383943 1.177335 11.873860
 12.020000 -1.419508 1.382013 11.768370
 12.040000 -1.395890 1.280865 12.014196
 12.060000 -1.555735 1.467755 11.161620
 12.080000 -1.308174 1.388862 11.682338
 12.100000 -1.424978 1.553163 10.390935
 12.120000 -1.199062 1.367447 11.688867
 12.140000 -1.198170 1.440026 11.278889
 12.160000 -1.184443 1.376408 11.632838
 12.180000 -1.385177 1.511137 10.826124
 12.200000 -1.187795 1.433569 11.308445
 12.220000 -1.222674 1.447695 11.256714
 12.240000 -1.262140 1.636268 9.394566
 12.260000 -1.347917 1.571368 10.201663
 12.280000 -1.460837 1.698047 8.704772
 12.300000 -1.482519 1.648565 9.268264
 12.320000 -1.548957 1.866727 7.129945
 12.340000 -1.512073 1.953685 6.634862
 12.360000 -1.469417 2.037089 6.323969
 12.380000 -1.453014 2.179736 6.458998
 12.400000 -1.446925 2.175431 6.416682
 12.420000 -1.359902 2.310954 6.911164
 12.440000 -1.243144 2.317946 6.686946
 12.460000 -1.219986 2.418586 8.122537
 12.480000 -1.145750 2.471974 9.405146
 12.500000 -1.277506 2.521953 10.316555
 12.520000 -1.205210 2.542397 11.008440
 12.540000 -1.278097 2.440301 8.517500
 12.560000 -1.155476 2.377122 7.510378
 12.580000 -1.305084 2.383696 7.618355
 12.600000 -1.116928 2.196427 5.671563
 12.620000 -1.117539 2.055758 5.417311
 12.640000 -1.147326 1.998402 5.618110
 12.660000 -1.109976 1.821887 6.948224
 12.680000 -1.304114 1.848144 6.988547
 12.700000 -1.205581 1.641968 9.251440
 12.720000 -1.370093 1.729593 8.335133
 12.740000 -1.129808 1.448473 11.097713
 12.760000 -1.202324 1.502518 10.775132
 12.780000 -1.314780 1.395896 11.651870
 12.800000 -1.202540 1.349160 11.762942
 12.820000 -1.269068 1.331923 11.861307
 12.840000 -1.271840 1.201986 11.874598
 12.860000 -1.260177 1.101756 11.591517
 12.880000 -1.213493 1.033772 11.418399
 12.900000 -1.513359 0.953763 11.495920
 12.920000 -1.220942 0.820495 10.629607
 12.940000 -1.442426 0.756920 10.655247
 12.960000 -1.222691 0.591484 9.846994
 12.980000 -1.412336 0.662747 10.338490
 13.000000 -1.465137 0.469680 10.184995
 13.020000 -1.504514 0.670946 10.880506
 13.040000 -1.433818 0.353626 9.576844
 13.060000 -1.457214 0.552711 10.352200
 13.080000 -1.300112 0.283776 8.653634
 13.100000 -1.141758 0.381914 9.038292
 13.120000 -1.174817 0.198071 8.175705
 13.140000 -0.976210 0.310067 9.137264
 13.160000 -0.976032 0.246067 8.873818
 13.180000 -1.040592 0.230651 8.605867
 13.200000 -1.028067 0.400975 9.425975
 13.220000 -1.218541 0.294196 8.576558
 13.240000 -1.347862 0.458632 9.516179
 13.260000 -1.480133 0.472277 10.299195
 13.280000 -1.309254 0.272344 8.632568
 13.300000 -1.546258 0.498378 10.881800
 13.320000 -1.252408 0.424625 9.171886
 13.340000 -1.354470 0.582266 9.931049
 13.360000 -1.128407 0.531971 9.798427
 13.380000 -1.214406 0.643552 10.050245
 13.400000 -1.292571 0.610724 9.892311
 13.420000 -1.331837 0.922227 10.835610
 13.440000 -1.280319 0.792270 10.422870
 13.460000 -1.413577 0.821042 10.675054
 13.480000 -1.384041 0.951398 11.008803
 13.500000 -1.395147 0.993144 11.196047
 13.520000 -1.261397 0.880689 10.736510
 13.540000 -1.203662 1.090027 11.635851
 13.560000 -1.401776 1.091421 11.609057
 13.580000 -1.429342 1.145158 11.855571
 13.600000 -1.428701 1.300079 12.027456
 13.620000 -1.435796 1.336749 11.952490
 13.640000 -1.367472 1.347859 11.875465
 13.660000 -1.363523 1.293284 11.979316
 13.680000 -1.299084 1.181200 11.828100
 13.700000 -1.240440 1.196328 11.872247
 13.720000 -1.109749 1.204967 11.977896
 13.740000 -1.300344 1.122045 11.643117
 13.760000 -1.292650 1.171071 11.801049
 13.780000 -1.406994 1.295791 12.012234
 13.800000 -1.448303 1.155483 11.928193
 13.820000 -1.389126 1.143397 11.777565
 13.840000 -1.556917 1.129246 12.203955
 13.860000 -1.427935 0.812711 10.709075
 13.880000 -1.281805 0.938481 10.917270
 13.900000 -1.074885 0.693807 10.772927
 13.920000 -1.350614 0.752017 10.338469
 13.940000 -1.199736 0.627393 10.022005
 13.960000 -1.457973 0.565778 10.386618
 13.980000 -1.279128 0.467023 9.375956
 14.000000 -1.305160 0.648858 10.015283
 14.020000 -1.260501 0.520711 9.566361
 14.040000 -1.117773 0.465571 9.500906
 14.060000 -1.206281 0.593973 9.881421
 14.080000 -1.179437 0.445925 9.285715
 14.100000 -1.142646 0.414475 9.194251
 14.120000 -1.252538 0.455931 9.304261
 14.140000 -1.338920 0.370316 9.144578
 14.160000 -1.226909 0.402750 9.063663
 14.180000 -1.163992 0.388590 9.035831
 14.200000 -1.336138 0.343306 9.023539
 14.220000 -1.406325 0.326673 9.300938
 14.240000 -1.457709 0.390110 9.873047
 14.260000 -1.261841 0.297673 8.630614
 14.280000 -1.258113 0.378681 8.979993
 14.300000 -1.259712 0.317768 8.715198
 14.320000 -1.464411 0.436076 10.075761
 14.340000 -1.282184 0.365463 8.961439
 14.360000 -1.377605 0.524216 9.849659
 14.380000 -1.165886 0.415816 9.162336
 14.400000 -1.312418 0.580014 9.823391
 14.420000 -1.162328 0.574721 9.900299
 14.440000 -1.094872 0.578213 10.135724
 14.460000 -1.022302 0.762334 11.338049
 14.480000 -1.288151 0.881483 10.701831
 14.500000 -1.354108 0.781524 10.418514
 14.520000 -1.428105 1.164649 11.910290
 14.540000 -1.377750 0.934806 10.934557
 14.560000 -1.280206 1.099637 11.567813
 14.580000 -1.307486 1.196435 11.866357
 14.600000 -1.453213 1.121699 11.837593
 14.620000 -1.373777 1.176675 11.859907
 14.640000 -1.211552 1.096742 11.642271
 14.660000 -1.220190 1.280540 11.921230
 14.680000 -1.307339 1.282896 11.951583
 14.700000 -1.384305 1.173141 11.862739
 14.720000 -1.500976 1.267875 12.157634
 14.740000 -1.211101 1.242393 11.930448
 14.760000 -1.318972 1.441860 11.379875
 14.780000 -1.159779 1.053177 11.630891
 14.800000 -1.318542 1.119823 11.635443
 14.820000 -1.303878 1.164085 11.781702
 14.840000 -1.199118 1.049034 11.508545
 14.860000 -1.081982 1.120710 11.984766
 14.880000 -1.295567 1.087215 11.512110
 14.900000 -1.434619 1.037074 11.472452
 14.920000 -1.484044 1.143555 11.988774
 14.940000 -1.434524 0.894353 10.956067
 14.960000 -1.358066 1.038999 11.328308
 14.980000 -1.204490 0.817681 10.671528
 15.000000 -1.365025 0.895013 10.771039
 15.020000 -1.231396 0.652831 10.052275
 15.040000 -1.258483 0.765037 10.367520
 15.060000 -1.246635 0.766913 10.393935
 15.080000 -1.390004 0.621523 10.156115
 15.100000 -1.399900 0.755090 10.474783
 15.120000 -1.440601 0.709924 10.560499
 15.140000 -1.119987 0.560614 9.961770
 15.160000 -1.229689 0.756026 10.395758
 15.180000 -1.369250 0.403068 9.399576
 15.200000 -1.382596 0.613897 10.109198
 15.220000 -1.191963 0.301596 8.611844
 15.240000 -1.240749 0.291164 8.576344
 15.260000 -1.273208 0.485356 9.440536
 15.280000 -1.140426 0.283235 8.584610
 15.300000 -1.119622 0.291773 8.660418
 15.320000 -1.117731 0.283244 8.626153
 15.340000 -1.202356 0.252148 8.391062
 15.360000 -1.317246 0.255216 8.587493
 15.380000 -1.199060 0.084832 7.692896
 15.400000 -1.247026 0.041750 7.546539
 15.420000 -1.303484 0.010242 7.571521
 15.440000 -1.337330 0.083588 7.995365
 15.460000 -1.395709 -0.093723 7.736620
 15.480000 -1.371065 -0.051519 7.700993
 15.500000 -1.334558 -0.102706 7.287462
 15.520000 -1.295869 -0.125090 7.005114
 15.540000 -1.053541 -0.159542 6.833837
 15.560000 -1.123949 -0.208956 6.395489
 15.580000 -1.239418 -0.128749 6.806855
 15.600000 -1.135870 -0.190548 6.472784
 15.620000 -1.334430 -0.043821 7.507553
 15.640000 -1.229563 -0.216556 6.397197
 15.660000 -1.257069 -0.111825 6.923626
 15.680000 -1.270179 -0.191740 6.626053
 15.700000 -1.176589 -0.145891 6.666054
 15.720000 -1.068646 -0.183743 6.652575
 15.740000 -1.284348 0.012381 7.514149
 15.760000 -1.200139 -0.053901 7.095011
 15.780000 -1.234389 0.180118 8.097407
 15.800000 -1.063124 0.140382 8.178852
 15.820000 -1.133083 0.235218 8.389513
 15.840000 -1.125614 0.382150 9.069886
 15.860000 -1.461580 0.522542 10.307168
 15.880000 -1.375645 0.527792 9.852159
 15.900000 -1.391483 0.710561 10.352964
 15.920000 -1.403080 0.829482 10.661761
 15.940000 -1.468135 1.003425 11.457209
 15.960000 -1.357139 1.125621 11.677208
 15.980000 -1.345049 1.250674 11.967920
 16.000000 -1.192412 1.298141 11.889715
 16.020000 -1.168433 1.446048 11.188720
 16.040000 -1.139405 1.379389 11.559867
 16.060000 -1.144159 1.682628 8.639237
 16.080000 -1.067636 1.607035 9.355747
 16.100000 -1.098841 1.886971 6.304046
 16.120000 -1.140066 1.939015 5.947390
 16.140000 -1.337879 2.054456 5.860409
 16.160000 -1.256869 1.986001 5.864736
 16.180000 -1.467016 2.207577 6.640798
 16.200000 -1.302434 2.315376 6.774871
 16.220000 -1.322345 2.361647 7.358460
 16.240000 -1.339260 2.341313 7.160205
 16.260000 -1.371863 2.319641 7.039489
 16.280000 -1.266675 2.550891 11.101744
 16.300000 -1.252250 2.483479 9.411511
 16.320000 -1.083571 2.514653 10.847358
 16.340000 -1.129535 2.487535 9.854928
 16.360000 -1.426580 2.646888 13.989845
 16.380000 -1.430471 2.671816 14.836263
 16.400000 -1.520525 2.475490 9.724010
 16.420000 -1.352632 2.321880 6.993654
 16.440000 -1.405061 2.340378 7.380500
 16.460000 -1.500516 2.226290 6.882446
 16.480000 -1.546247 1.995426 6.596906
 16.500000 -1.619945 1.794345 7.657109
 16.520000 -1.534138 1.692687 8.722326
 16.540000 -1.618502 1.742984 8.114438
 16.560000 -1.414034 1.432467 11.474636
 16.580000 -1.672523 1.532237 10.363472
 16.600000 -1.421819 1.329659 11.961984
 16.620000 -1.362407 1.319801 11.942087
 16.640000 -1.045384 1.105963 12.062569
 16.660000 -0.823786 0.989642 12.497870
 16.680000 -0.767467 0.867822 12.365444
 16.700000 -1.087277 0.930357 11.564771
 16.720000 -1.241341 0.845393 10.658388
 16.740000 -1.460791 0.934887 11.189085
 16.760000 -1.556589 0.845961 11.495875
 16.780000 -1.694136 0.901420 12.533992
 16.800000 -1.689683 0.496467 12.072349
 16.820000 -1.609278 0.750950 11.753269
 16.840000 -1.362388 0.464613 9.593083
 16.860000 -1.470347 0.504899 10.320537
 16.880000 -1.322035 0.472202 9.483228
 16.900000 -1.413106 0.373619 9.520650
 16.920000 -1.292228 0.366721 8.988364
 16.940000 -1.309579 0.374727 9.066339
 16.960000 -0.971873 0.161580 8.580847
 16.980000 -1.053947 0.289616 8.814519
 17.000000 -1.023435 0.173900 8.440680
 17.020000 -1.162157 0.257512 8.441235
 17.040000 -1.240342 0.141627 7.946343
 17.060000 -1.447107 0.348779 9.649340
 17.080000 -1.537440 0.183387 9.808817
 17.100000 -1.428174 0.340468 9.490189
 17.120000 -1.336066 0.194809 8.415615
 17.140000 -1.201858 0.230569 8.298528
 17.160000 -1.018097 0.167630 8.435521
 17.180000 -0.942447 0.124429 8.569355
 17.200000 -0.809888 0.103959 9.025355
 17.220000 -0.712388 0.009406 9.204166
 17.240000 -0.933776 0.273776 9.112087
 17.260000 -1.102417 0.193077 8.279386
 17.280000 -1.324308 0.282170 8.724480
 17.300000 -1.667430 0.344790 11.479876
 17.320000 -1.652322 0.333642 11.318030
 17.340000 -1.732326 0.357458 12.022879
 17.360000 -1.853151 0.347772 12.640966
 17.380000 -1.883543 0.338347 12.693468
 17.400000 -1.856714 0.289178 12.456899
 17.420000 -1.795311 0.421808 12.612237
 17.440000 -1.876553 0.296248 12.532095
 17.460000 -1.860291 0.202866 12.200028
 17.480000 -1.981826 0.223057 12.277402
 17.500000 -1.852388 0.041345 11.823883
 17.520000 -1.675498 0.107107 10.896527
 17.540000 -1.608186 0.087736 10.231831
 17.560000 -1.582617 -0.050770 9.684104
 17.580000 -1.671014 0.063061 10.772503
 17.600000 -1.507861 -0.030060 8.949382
 17.620000 -1.537721 -0.101879 9.087079
 17.640000 -1.100223 -0.187709 6.548369
 17.660000 -1.220976 -0.161590 6.624802
 17.680000 -1.009955 -0.284564 6.295127
 17.700000 -0.974559 -0.182814 7.029074
 17.720000 -0.891379 -0.300608 6.709628
 17.740000 -0.869162 -0.261883 7.069008
 17.760000 -0.844262 -0.299895 6.949188
 17.780000 -0.909238 -0.359553 6.285848
 17.800000 -1.038753 -0.282994 6.208884
 17.820000 -0.895423 -0.336191 6.475497
 17.840000 -1.088609 -0.269312 6.153496
 17.860000 -1.201167 -0.081633 6.970040
 17.880000 -1.163561 -0.167477 6.564723
 17.900000 -1.352688 -0.084500 7.463611
 17.920000 -1.238523 -0.128762 6.804900
 17.940000 -1.403651 -0.101676 7.773836
 17.960000 -1.383249 0.017744 8.020792
 17.980000 -1.273227 -0.072625 7.136004
 18.000000 -1.191340 -0.027506 7.212844
 18.020000 -1.279968 -0.098251 7.052402
 18.040000 -1.318349 0.008747 7.626909
 18.060000 -1.227979 -0.157641 6.654926
 18.080000 -1.180711 -0.173106 6.535557
 18.100000 -1.070971 -0.170096 6.719453
 18.120000 -1.347618 -0.156009 7.168566
 18.140000 -1.129871 -0.193266 6.466674
 18.160000 -1.266788 -0.118922 6.921932
 18.180000 -1.265955 -0.102936 6.986819
 18.200000 -1.316405 -0.047739 7.403022
 18.220000 -1.214562 -0.067800 7.040583
 18.240000 -1.256822 -0.030984 7.264922
 18.260000 -1.065879 -0.088228 7.168459
 18.280000 -1.148561 0.134181 7.942612
 18.300000 -1.126125 0.100559 7.844607
 18.320000 -0.988116 0.245095 8.831087
 18.340000 -1.190166 0.394053 9.034132
 18.360000 -1.107827 0.358160 8.992550
 18.380000 -1.288950 0.652086 10.014266
 18.400000 -1.311248 0.563624 9.770655
 18.420000 -1.615311 0.813715 11.867814
 18.440000 -1.519348 0.881485 11.333625
 18.460000 -1.600626 0.812188 11.756663
 18.480000 -1.768895 1.016653 13.052357
 18.500000 -1.583414 0.835543 11.664890
 18.520000 -1.575515 0.851440 11.635188
 18.540000 -1.200524 0.880591 10.899329
 18.560000 -1.242879 0.928633 10.947676
 18.580000 -1.212435 0.972654 11.192444
 18.600000 -1.194325 0.939230 11.127843
 18.620000 -1.144942 1.075263 11.736110
 18.640000 -1.265506 1.093446 11.555988
 18.660000 -1.101389 1.138817 11.960423
 18.680000 -1.049605 1.113886 12.056367
 18.700000 -1.125081 1.141556 11.917485
 18.720000 -1.149020 1.296099 11.874046
 18.740000 -1.353993 1.276236 11.981271
 18.760000 -1.512221 1.324836 12.053018
 18.780000 -1.690842 1.413627 11.556493
 18.800000 -1.690706 1.386630 11.784352
 18.820000 -1.636528 1.492986 10.843565
 18.840000 -1.441785 1.604201 9.811661
 18.860000 -1.461049 1.461246 11.256864
 18.880000 -1.554085 1.582126 9.969058
 18.900000 -1.617679 1.578173 9.926981
 18.920000 -1.675279 1.604307 9.524112
 18.940000 -1.430405 1.570699 10.197233
 18.960000 -1.281055 1.497868 10.909435
 18.980000 -1.250787 1.584628 9.990567
 19.000000 -1.171572 1.553468 10.212666
 19.020000 -1.081541 1.500993 10.528775
 19.040000 -0.965812 1.512007 10.041262
 19.060000 -0.925940 1.599637 8.956049
 19.080000 -0.917740 1.652618 8.337915
 19.100000 -1.029390 1.621564 9.071312
 19.120000 -1.007870 1.750870 7.513787
 19.140000 -1.242768 1.726881 8.257311
 19.160000 -1.291151 1.855715 6.895758
 19.180000 -1.353746 1.956714 6.249467
 19.200000 -1.393143 1.925264 6.523763
 19.220000 -1.357168 1.944081 6.328954
 19.240000 -1.559193 1.937392 6.774303
 19.260000 -1.651323 2.101012 6.866856
 19.280000 -1.681395 2.085228 6.868629
 19.300000 -1.664758 2.187397 7.196248
 19.320000 -1.649605 2.188348 7.173392
 19.340000 -1.738536 2.453038 9.450111
 19.360000 -1.916895 2.393493 8.133432
 19.380000 -2.042407 2.429200 7.745005
 19.400000 -2.069048 2.394867 7.439696
 19.420000 -2.147721 2.477201 7.611239
 19.440000 -2.082080 2.551891 8.431818
 19.460000 -2.248132 2.486162 7.673173
 19.480000 -2.334959 2.492572 8.211377
 19.500000 -2.346731 2.557145 8.605995
 19.520000 -2.432017 2.591179 9.991543
 19.540000 -2.504793 2.586277 11.535910
 19.560000 -2.510248 2.602907 11.820641
 19.580000 -2.562517 2.780670 16.014246
 19.600000 -2.539952 2.870013 16.726200
 19.620000 -2.413895 2.644629 10.082151
 19.640000 -2.470339 2.712105 11.963124
 19.660000 -2.251408 2.898503 11.582910
 19.680000 -2.350086 2.776664 10.516449
 19.700000 -2.295423 2.836030 10.822319
 19.720000 -2.287318 2.768855 9.980141
 19.740000 -2.236839 2.876391 11.339924
 19.760000 -2.375212 2.706752 10.064124
 19.780000 -2.321757 2.779843 10.292576
 19.800000 -2.467179 2.525297 10.274541
 19.820000 -2.348948 2.603034 8.895831
 19.840000 -2.400007 2.378626 8.664045
 19.860000 -2.363641 2.448715 8.362502
 19.880000 -2.371058 2.214276 7.994012
 19.900000 -2.326184 2.332459 7.715408
 19.920000 -2.359112 2.196379 7.812880
 19.940000 -2.204165 2.048260 6.402397
 19.960000 -2.137188 2.134650 6.434814
 19.980000 -2.077430 1.997704 6.187329
 20.000000 -1.996650 2.191569 6.782215
