#! FIELDS time phi psi sigma_phi sigma_psi height biasf
                        #! SET multivariate false
                        #! SET kerneltype stretched-gaussian
                        #! SET min_phi -pi
                        #! SET max_phi pi
                        #! SET min_psi -pi
                        #! SET max_psi pi
0 0.8801780388447398 1.9833591480672255 0.35 0.35 1.2 1
0 -2.504311719057635 0.21901454755081207 0.35 0.35 1.2 1
0 -0.3739389627112343 0.18757912101580743 0.35 0.35 1.2 1
0 -0.8328316187560685 0.4640743080668533 0.35 0.35 1.2 1
0 -1.5832654984962788 0.1810534687639479 0.35 0.35 1.2 1
0 -2.16480594250205 1.4566162192366454 0.35 0.35 1.2 1
0 -0.8259443942291997 1.6588919610147494 0.35 0.35 1.2 1
0 -0.5297100138851569 -0.3356781292444212 0.35 0.35 1.2 1
0 0.32436174972093523 -1.2811254101509446 0.35 0.35 1.2 1
0 -3.141592653589793 0.6661516625017154 0.35 0.35 1.2 1
0 1.0290045025053152 -1.6804412149917072 0.35 0.35 1.2 1
0 -0.681123548919892 0.8624641653186982 0.35 0.35 1.2 1
0 -2.6455130082097558 2.071815257896178 0.35 0.35 1.2 1
0 -3.141592653589793 0.044993743099130734 0.35 0.35 1.2 1
0 -2.925673362218651 2.220275785203079 0.35 0.35 1.2 1
0 -1.1577535804821735 0.1270916290953128 0.35 0.35 1.2 1
0 0.10744602689366034 2.1113474573562745 0.35 0.35 1.2 1
0 1.6346434857799168 2.630591345832173 0.35 0.35 1.2 1
0 -2.124373143077362 0.42666363514949324 0.35 0.35 1.2 1
0 -1.3234723328689268 -0.2010703564250686 0.35 0.35 1.2 1
0 -0.994145215812799 1.8828107622574635 0.35 0.35 1.2 1
0 -0.2307328563563129 1.8492087290083923 0.35 0.35 1.2 1
0 2.3234048410317847 2.2392122896220927 0.35 0.35 1.2 1
0 -3.141592653589793 3.141592653589793 0.35 0.35 1.2 1
0 -0.8925652946532437 0.2504932577165485 0.35 0.35 1.2 1
0 -3.077567463059744 -1.0225732126302245 0.35 0.35 1.2 1
0 -0.3447628901151272 1.9585903142185481 0.35 0.35 1.2 1
0 -2.7465978623323717 -0.6753776559750369 0.35 0.35 1.2 1
0 -1.4367997308911888 1.5783135758419546 0.35 0.35 1.2 1
0 -3.141592653589793 0.04072179843988999 0.35 0.35 1.2 1
0 -0.8977762463565707 -0.03226061720135137 0.35 0.35 1.2 1
0 -1.4048368203411508 0.4074702081984922 0.35 0.35 1.2 1
0 0.40039318501738386 1.4443623789022757 0.35 0.35 1.2 1
0 -0.04225107532714445 0.4910476888934142 0.35 0.35 1.2 1
0 2.4643812392988753 1.328846592412175 0.35 0.35 1.2 1
0 -2.5875422678867466 -0.0912227915959114 0.35 0.35 1.2 1
0 -2.7396433348597116 0.46139242848992035 0.35 0.35 1.2 1
0 -2.5961898812635487 1.3937482957581522 0.35 0.35 1.2 1
0 0.9595861978708764 2.9729613445223038 0.35 0.35 1.2 1
0 -0.8442011551067993 -0.015196649784889882 0.35 0.35 1.2 1
0 -2.0744658446309536 1.8847603219178644 0.35 0.35 1.2 1
0 0.5836420395859955 3.0339148264709648 0.35 0.35 1.2 1
0 1.301362149452119 -1.2306591093628034 0.35 0.35 1.2 1
0 -2.8672795922914815 1.2025195386924383 0.35 0.35 1.2 1
0 -3.141592653589793 1.318888890527267 0.35 0.35 1.2 1
0 -3.141592653589793 1.324616068221116 0.35 0.35 1.2 1
0 -0.021676067489441786 1.3796670366924233 0.35 0.35 1.2 1
0 -2.021521942554973 0.4236934624863342 0.35 0.35 1.2 1
0 -1.1871872136790227 0.7361579901960716 0.35 0.35 1.2 1
0 -1.7503357943483797 2.3544031958397467 0.35 0.35 1.2 1
0 -0.7633880852817843 3.141592653589793 0.35 0.35 1.2 1
0 -0.6567592516766529 -0.2527347756585778 0.35 0.35 1.2 1
0 -1.6390884553046217 1.4372765993689267 0.35 0.35 1.2 1
0 -3.141592653589793 0.1741077206192962 0.35 0.35 1.2 1
0 0.6174278390799022 -0.7841895039806419 0.35 0.35 1.2 1
0 -1.6518572953945077 3.141592653589793 0.35 0.35 1.2 1
0 -1.064364211323145 0.24499347309392672 0.35 0.35 1.2 1
0 -1.4445859941076091 3.141592653589793 0.35 0.35 1.2 1
0 -0.8490860370157568 2.037043032164579 0.35 0.35 1.2 1
0 -2.414275071329764 0.42180057058995457 0.35 0.35 1.2 1
0 -1.9976900838452138 1.9601967518279795 0.35 0.35 1.2 1
0 -2.7445038292105233 1.302645707048193 0.35 0.35 1.2 1
0 -0.6774295187572772 1.698184447681155 0.35 0.35 1.2 1
0 -1.5015477007746107 3.1005198372621177 0.35 0.35 1.2 1
0 -3.141592653589793 1.4854177293827342 0.35 0.35 1.2 1
0 -0.8196631946917836 0.6160271310389419 0.35 0.35 1.2 1
0 -1.413901822959778 3.141592653589793 0.35 0.35 1.2 1
0 -1.1955919419507899 0.7235896085006144 0.35 0.35 1.2 1
0 -3.141592653589793 2.827675597654748 0.35 0.35 1.2 1
0 1.5735261778081648 2.6387483779709315 0.35 0.35 1.2 1
0 -2.3385055358886246 -0.27461820367201345 0.35 0.35 1.2 1
0 1.4691366946731617 1.7695360128661017 0.35 0.35 1.2 1
0 -2.5867523360110622 -1.432050726611187 0.35 0.35 1.2 1
0 0.5030286707865311 -0.0842194276600846 0.35 0.35 1.2 1
0 -0.8568361377974665 0.1904034672414731 0.35 0.35 1.2 1
0 -0.3527959767312507 -0.9696695928747331 0.35 0.35 1.2 1
0 1.409062829924458 1.5704572899600229 0.35 0.35 1.2 1
0 -0.44725882395599603 -0.0617693586808834 0.35 0.35 1.2 1
0 -0.596619877719909 2.316823011415887 0.35 0.35 1.2 1
0 0.4175607179044053 -0.2393696451820511 0.35 0.35 1.2 1
0 -2.1605559239453704 1.467058278006615 0.35 0.35 1.2 1
0 -2.4175194781613465 0.9084976088092633 0.35 0.35 1.2 1
0 -1.151587848794796 1.010794923733238 0.35 0.35 1.2 1
0 -1.1456807506042253 2.780852711143064 0.35 0.35 1.2 1
0 0.15886865181419174 -0.11763975937239679 0.35 0.35 1.2 1
0 -0.7825979069800622 -0.489666205247105 0.35 0.35 1.2 1
0 -0.8045106003876425 3.141592653589793 0.35 0.35 1.2 1
0 -2.684814864186875 0.48331317749077196 0.35 0.35 1.2 1
0 -0.6688230056835891 1.8573116599857868 0.35 0.35 1.2 1
0 -1.4065765306139404 1.6850852461785857 0.35 0.35 1.2 1
0 -0.6075844839151288 2.290464575956486 0.35 0.35 1.2 1
0 -0.4847482752866723 2.4031042363491 0.35 0.35 1.2 1
0 -0.8043143868157534 3.141592653589793 0.35 0.35 1.2 1
0 -1.9081731728148958 1.487122113018587 0.35 0.35 1.2 1
0 -2.745896637533817 2.4089317921931594 0.35 0.35 1.2 1
0 -0.37368143633386774 1.127141384936413 0.35 0.35 1.2 1
0 0.4328234316319408 2.660266084180941 0.35 0.35 1.2 1
0 -1.0329699082477286 1.0071196450227262 0.35 0.35 1.2 1
0 -2.397637340849735 3.141592653589793 0.35 0.35 1.2 1
0 -1.0501289609715618 -0.7564476804930289 0.35 0.35 1.2 1
