#! FIELDS time phi psi sigma_phi sigma_psi height biasf
                        #! SET multivariate false
                        #! SET kerneltype stretched-gaussian
                        #! SET min_phi -pi
                        #! SET max_phi pi
                        #! SET min_psi -pi
                        #! SET max_psi pi
0 -1.4785876371882902 1.0458063904465444 0.35 0.35 1.2 1
0 1.744121418323079 2.3924971770485617 0.35 0.35 1.2 1
0 -1.0717955507686605 1.5348016821445525 0.35 0.35 1.2 1
0 0.17439310513187428 -1.901815397930745 0.35 0.35 1.2 1
0 0.2781620717954454 0.5522431702238886 0.35 0.35 1.2 1
0 0.6334087696190163 1.6317118637209358 0.35 0.35 1.2 1
0 -1.2844599401232841 0.26081122268018303 0.35 0.35 1.2 1
0 0.9848974376977436 -0.7428528743706928 0.35 0.35 1.2 1
0 -0.28794418140302036 0.3841852912232299 0.35 0.35 1.2 1
0 1.8957329249164099 0.5270717698260151 0.35 0.35 1.2 1
0 0.5912548283356653 2.712742018132798 0.35 0.35 1.2 1
0 0.8995491070682348 1.0542071183659378 0.35 0.35 1.2 1
0 0.2692515057626599 1.5982084962803778 0.35 0.35 1.2 1
0 -0.29469716454883155 -1.430746778417702 0.35 0.35 1.2 1
0 0.4997912014222024 -0.44432936153980424 0.35 0.35 1.2 1
0 0.3760876292798573 -1.1715105994225625 0.35 0.35 1.2 1
0 -0.5829885275338687 0.1831234226537454 0.35 0.35 1.2 1
0 -0.20923412491304835 3.141592653589793 0.35 0.35 1.2 1
0 -2.1171330368830983 0.9264309085542817 0.35 0.35 1.2 1
0 0.9959507293644765 -1.2487636125390191 0.35 0.35 1.2 1
0 -1.3455035003895013 1.9416827916766006 0.35 0.35 1.2 1
0 -0.9295979625357085 1.0675344905018291 0.35 0.35 1.2 1
0 0.8606617724341536 -0.08835390892194267 0.35 0.35 1.2 1
0 -1.6747763617788853 -2.2990821789559077 0.35 0.35 1.2 1
0 -1.8862590313256922 3.141592653589793 0.35 0.35 1.2 1
0 -2.094363607272224 -0.22937792549864988 0.35 0.35 1.2 1
0 -0.37719479639330333 0.5401865618514775 0.35 0.35 1.2 1
0 -0.4691484913919748 -1.5547659334729382 0.35 0.35 1.2 1
0 1.210688323833791 0.5090601881724379 0.35 0.35 1.2 1
0 -0.1632939048396449 1.701680445999933 0.35 0.35 1.2 1
0 2.331501388445502 1.52599363640942 0.35 0.35 1.2 1
0 1.3284694585991126 1.4115346933711586 0.35 0.35 1.2 1
0 0.8397530315354846 -2.1860751988518063 0.35 0.35 1.2 1
0 -2.288645833339676 -1.8781914440908525 0.35 0.35 1.2 1
0 -0.8785811402865409 3.141592653589793 0.35 0.35 1.2 1
0 0.8048473893607515 -0.33787833140778845 0.35 0.35 1.2 1
0 -2.0160592097368095 -1.3813706551600866 0.35 0.35 1.2 1
0 -1.6083531415853307 0.4378233443869337 0.35 0.35 1.2 1
0 0.9198180760684348 3.141592653589793 0.35 0.35 1.2 1
0 -0.4767593453386798 -1.1914571304855919 0.35 0.35 1.2 1
0 -1.1069347505874536 1.8140031568906743 0.35 0.35 1.2 1
0 -3.141592653589793 2.917967656908086 0.35 0.35 1.2 1
0 -0.9230046097470199 1.6866334489137407 0.35 0.35 1.2 1
0 0.29712103918807886 1.8380652292616464 0.35 0.35 1.2 1
0 -0.5846395857132936 -2.832570963213673 0.35 0.35 1.2 1
0 1.0127535826559055 0.026325156580058517 0.35 0.35 1.2 1
0 -2.2831567087874927 -0.6433579704628687 0.35 0.35 1.2 1
0 1.0830297889376173 1.455630789352947 0.35 0.35 1.2 1
0 -0.6885293066900094 -1.5731326189853085 0.35 0.35 1.2 1
0 2.8790975987210157 1.9540954546107425 0.35 0.35 1.2 1
0 -2.5620394155792177 2.4393674677959813 0.35 0.35 1.2 1
0 2.4821718256475163 -0.5154215999060818 0.35 0.35 1.2 1
0 -0.7039228120909256 0.0728713848465381 0.35 0.35 1.2 1
0 -3.141592653589793 1.724929544675752 0.35 0.35 1.2 1
0 -3.141592653589793 0.1756936159592255 0.35 0.35 1.2 1
0 -0.24839972214836836 0.819684759603676 0.35 0.35 1.2 1
0 0.4561607298961139 -1.5798952963552264 0.35 0.35 1.2 1
0 0.3583015304327961 -2.409335076990441 0.35 0.35 1.2 1
0 1.421739222935007 -0.5113373966711245 0.35 0.35 1.2 1
0 1.2016674178570255 0.37558632359352184 0.35 0.35 1.2 1
0 0.8092707054742478 1.127431725493403 0.35 0.35 1.2 1
0 0.9075712212984126 1.151189570199186 0.35 0.35 1.2 1
0 -0.30303511834692387 -0.29922892102284376 0.35 0.35 1.2 1
0 0.8425207230846214 1.3587891231357783 0.35 0.35 1.2 1
0 0.29896773660126935 1.2822926601470397 0.35 0.35 1.2 1
0 1.3814314986607554 -2.2306566841912137 0.35 0.35 1.2 1
0 -0.8565483864722194 1.7907346158248174 0.35 0.35 1.2 1
0 -1.2984389538827523 0.311531040330118 0.35 0.35 1.2 1
0 0.8202989747945493 -2.269993460675556 0.35 0.35 1.2 1
0 0.45390659739506206 3.141592653589793 0.35 0.35 1.2 1
0 1.8590789955162523 -0.24606210169441733 0.35 0.35 1.2 1
0 0.7226389650813809 -2.78022695067211 0.35 0.35 1.2 1
0 -0.9394882703197216 -2.0761005369473082 0.35 0.35 1.2 1
0 -2.6208624969533427 1.5455833642885461 0.35 0.35 1.2 1
0 1.8686845045864957 3.141592653589793 0.35 0.35 1.2 1
0 1.8516063209606757 2.606487918536318 0.35 0.35 1.2 1
0 -1.0027507093653616 -1.2377203072904228 0.35 0.35 1.2 1
0 -1.4253888663588559 0.8072599450617092 0.35 0.35 1.2 1
0 -0.0458047878513721 3.141592653589793 0.35 0.35 1.2 1
0 3.0997547535743255 1.4885268337102164 0.35 0.35 1.2 1
0 2.5912535302293476 2.9190255845090642 0.35 0.35 1.2 1
0 -1.3033935367063165 0.9977595772926178 0.35 0.35 1.2 1
0 -2.186190155575527 1.4229453939970893 0.35 0.35 1.2 1
0 -1.1375949655332627 1.4842382662419706 0.35 0.35 1.2 1
0 -0.8749134889409202 -1.0106298954338409 0.35 0.35 1.2 1
0 3.141592653589793 3.141592653589793 0.35 0.35 1.2 1
0 0.08939822163002131 -0.2482477358645886 0.35 0.35 1.2 1
0 -3.141592653589793 1.5844255118788597 0.35 0.35 1.2 1
0 1.9146161156491774 2.212611742466734 0.35 0.35 1.2 1
0 3.141592653589793 0.5146681726697091 0.35 0.35 1.2 1
0 0.40336593355737094 0.2255586983028397 0.35 0.35 1.2 1
0 -0.5466252854444964 1.982923433351152 0.35 0.35 1.2 1
0 2.1177996660999274 1.0026172114047593 0.35 0.35 1.2 1
0 -0.7160592846615415 0.8558134535280799 0.35 0.35 1.2 1
0 -1.195645865866011 -1.1360631938669348 0.35 0.35 1.2 1
0 0.9139501815169955 -0.7231041233452848 0.35 0.35 1.2 1
0 -3.141592653589793 -1.4361781598711643 0.35 0.35 1.2 1
0 1.4497301733892907 2.4039808474024715 0.35 0.35 1.2 1
0 0.6055312361161274 0.028455813057090287 0.35 0.35 1.2 1
0 -1.1000498346074172 -1.8763391681326032 0.35 0.35 1.2 1
0 -1.476644564399697 1.0430262863665434 0.35 0.35 1.2 1
0 0.6232896919167665 -1.5617268306503023 0.35 0.35 1.2 1
0 2.4174022075130592 -1.0031113528293567 0.35 0.35 1.2 1
0 0.1266706916474447 1.508125079673477 0.35 0.35 1.2 1
0 1.2045596353390806 1.0417765759582645 0.35 0.35 1.2 1
0 -0.38328588895284244 1.176679138157932 0.35 0.35 1.2 1
0 -1.2415573956140986 2.201795735240464 0.35 0.35 1.2 1
0 0.5981280026011805 2.410781519387289 0.35 0.35 1.2 1
0 0.4282413537607881 -0.004126212558220821 0.35 0.35 1.2 1
0 0.2224803559067845 0.5627912424013937 0.35 0.35 1.2 1
0 3.141592653589793 0.8158349498132202 0.35 0.35 1.2 1
0 -1.6936352483057715 2.6235437424239514 0.35 0.35 1.2 1
0 -0.5780259694376209 -0.5947562232793143 0.35 0.35 1.2 1
0 -1.5709486066723488 2.2287394368331075 0.35 0.35 1.2 1
0 -1.9726916226848876 -1.13909949908348 0.35 0.35 1.2 1
0 -0.6498760123989249 -0.038225451241723246 0.35 0.35 1.2 1
0 -0.7845197168629043 1.206732310924658 0.35 0.35 1.2 1
0 0.460530109357432 1.038489035762614 0.35 0.35 1.2 1
0 -1.9198848247837041 0.12144431358127195 0.35 0.35 1.2 1
0 -1.7880696969765437 -1.424790389370447 0.35 0.35 1.2 1
0 -1.4772149525165037 -0.3187340182632772 0.35 0.35 1.2 1
0 -0.21619313274705065 -0.9225418105138632 0.35 0.35 1.2 1
0 1.2643996826353483 1.152730064739707 0.35 0.35 1.2 1
0 0.9685409304889911 -1.1748025569910272 0.35 0.35 1.2 1
0 0.8821646122620649 -0.7176319230249376 0.35 0.35 1.2 1
0 -0.4675055758314261 -0.8733146305262646 0.35 0.35 1.2 1
0 -1.4126170435052434 1.0042636614430507 0.35 0.35 1.2 1
0 0.6378662968370592 3.141592653589793 0.35 0.35 1.2 1
0 -1.2422672072804548 0.38524665547499937 0.35 0.35 1.2 1
0 0.21112103692714435 -2.689382541370276 0.35 0.35 1.2 1
0 0.7930247359210447 3.141592653589793 0.35 0.35 1.2 1
0 0.19962874022670096 -0.5148996115990339 0.35 0.35 1.2 1
0 -2.9717479489360428 1.1247303652089309 0.35 0.35 1.2 1
0 -0.8589744229645458 -0.275813985709784 0.35 0.35 1.2 1
0 -1.6816398565666733 -1.9462598950881977 0.35 0.35 1.2 1
0 -0.20460222468201505 1.6686924489479458 0.35 0.35 1.2 1
0 -2.6424222914687263 -0.846280019918456 0.35 0.35 1.2 1
0 1.077219322880433 -0.7161097003328722 0.35 0.35 1.2 1
0 1.3742338781321433 1.9238495142456116 0.35 0.35 1.2 1
0 0.16271732502510083 0.11110181815256404 0.35 0.35 1.2 1
0 -0.45667563646200554 -2.4106700134153014 0.35 0.35 1.2 1
0 -1.1969043223511282 0.45182553707848827 0.35 0.35 1.2 1
0 -2.8529688942350275 -0.7103105036834723 0.35 0.35 1.2 1
0 -0.11627561348224458 -2.2052921056825223 0.35 0.35 1.2 1
0 -0.6832574013688929 -0.08205306936678392 0.35 0.35 1.2 1
0 0.6290180126354977 0.4756004363008509 0.35 0.35 1.2 1
0 0.05451944501764272 -0.4544479367400091 0.35 0.35 1.2 1
0 -1.0213790306325328 3.141592653589793 0.35 0.35 1.2 1
0 -2.928025866960663 -2.249157073025146 0.35 0.35 1.2 1
0 1.6879242132976064 -0.1433954353501113 0.35 0.35 1.2 1
0 -1.4280331023781672 0.7768337708452597 0.35 0.35 1.2 1
0 1.6193661673068993 -1.7174996187290208 0.35 0.35 1.2 1
0 1.8173992868161073 -1.4242990942065004 0.35 0.35 1.2 1
0 -0.2915333506344058 -0.21053307590993214 0.35 0.35 1.2 1
0 -1.3303245507514347 1.27688717859357 0.35 0.35 1.2 1
0 0.4588232827490253 -1.4095511628012816 0.35 0.35 1.2 1
0 -2.2012478476118202 -1.7254129093301074 0.35 0.35 1.2 1
0 -2.663820006677611 3.141592653589793 0.35 0.35 1.2 1
0 -1.7225240918116091 2.685710741753283 0.35 0.35 1.2 1
0 -2.4876896920997185 -1.896973510826039 0.35 0.35 1.2 1
0 0.2935679775984691 -3.141592653589793 0.35 0.35 1.2 1
0 -0.4034690825705436 -2.115127409008206 0.35 0.35 1.2 1
0 -2.6772219269399864 -0.31910524369795645 0.35 0.35 1.2 1
0 -2.509390670426901 3.0917083811498376 0.35 0.35 1.2 1
0 -2.263380165866691 1.5311887803735762 0.35 0.35 1.2 1
0 -0.6034621009913368 1.7046397016866652 0.35 0.35 1.2 1
0 -2.1168946398115827 -1.0332383563645702 0.35 0.35 1.2 1
0 0.5167813930584066 -0.11734177504943433 0.35 0.35 1.2 1
0 -1.9376477086769663 1.6130978242868013 0.35 0.35 1.2 1
0 0.7391826781388762 0.21679558908855623 0.35 0.35 1.2 1
0 -2.142853458605834 0.8232005548613515 0.35 0.35 1.2 1
0 -0.9465720962293817 -0.08003042887562495 0.35 0.35 1.2 1
0 -1.0386685591380662 2.195677171278466 0.35 0.35 1.2 1
0 -0.34253240292205217 -0.5261438073055875 0.35 0.35 1.2 1
0 2.023779544068455 2.8131666374482958 0.35 0.35 1.2 1
0 -0.9795377482069313 -0.9198404514843067 0.35 0.35 1.2 1
0 -1.180952083494753 1.6562331839062825 0.35 0.35 1.2 1
0 -0.6354426046138322 -1.0596732809407747 0.35 0.35 1.2 1
0 0.827657675463453 -1.0780695649174907 0.35 0.35 1.2 1
0 1.961767668560287 2.7470666774579713 0.35 0.35 1.2 1
0 2.352134414120119 -2.7543771510561164 0.35 0.35 1.2 1
0 -2.160879288656128 0.6611552541987038 0.35 0.35 1.2 1
0 -0.03758367193717116 0.7114441046340453 0.35 0.35 1.2 1
0 -1.761060116568741 -0.7858290467682602 0.35 0.35 1.2 1
0 2.6192263636672513 1.4678021132800714 0.35 0.35 1.2 1
0 -0.8699023683270877 -1.9725423520586503 0.35 0.35 1.2 1
0 -1.719481944308382 -1.966695053317255 0.35 0.35 1.2 1
0 0.7136110913443166 3.141592653589793 0.35 0.35 1.2 1
0 -2.486038718621993 0.578373203070333 0.35 0.35 1.2 1
0 -1.7759538494277944 -1.3980239511907655 0.35 0.35 1.2 1
0 -2.4894497461068754 1.1756239626954694 0.35 0.35 1.2 1
0 -3.141592653589793 -1.1215316362743075 0.35 0.35 1.2 1
0 -3.141592653589793 -1.4722306183314584 0.35 0.35 1.2 1
0 -2.1268036089063322 1.0680788633299887 0.35 0.35 1.2 1
0 -3.141592653589793 -0.003133072959656036 0.35 0.35 1.2 1
0 -1.355293887568653 0.1271696591541561 0.35 0.35 1.2 1
0 -0.6354675795349212 -0.8149831547635564 0.35 0.35 1.2 1
0 -3.0553517785004196 -0.1718006919392483 0.35 0.35 1.2 1
0 2.0808010534592265 0.22991577245514414 0.35 0.35 1.2 1
0 -1.7111382906475998 0.7559693570929084 0.35 0.35 1.2 1
0 -2.000742257284806 -0.6671664734347904 0.35 0.35 1.2 1
0 -3.141592653589793 0.3799208439605013 0.35 0.35 1.2 1
0 0.9862006463494035 2.699330358518171 0.35 0.35 1.2 1
0 -1.1214275376889977 1.9585944406469018 0.35 0.35 1.2 1
0 -0.2793149407725284 3.141592653589793 0.35 0.35 1.2 1
0 -0.9628890218433074 -0.49720922592452854 0.35 0.35 1.2 1
0 -1.1712491564923053 -1.7280826740315884 0.35 0.35 1.2 1
0 -2.920276210630055 0.5708110842562604 0.35 0.35 1.2 1
0 1.2373168224022155 1.0413276816878607 0.35 0.35 1.2 1
0 -2.286729238977862 2.044270562864354 0.35 0.35 1.2 1
0 0.8138871316978862 3.0206018344641734 0.35 0.35 1.2 1
0 -1.5274085258563743 1.174322960245219 0.35 0.35 1.2 1
0 0.3077326409850061 3.141592653589793 0.35 0.35 1.2 1
0 -2.496796745935075 2.113263140766974 0.35 0.35 1.2 1
0 0.5655742204498799 2.947024286969903 0.35 0.35 1.2 1
0 -1.570389373370072 1.3441643254663544 0.35 0.35 1.2 1
0 -1.4205935031101171 -1.91789601155898 0.35 0.35 1.2 1
0 -2.0318750921682094 -0.5893955540728834 0.35 0.35 1.2 1
0 -2.2328638990784175 -0.6893762894467559 0.35 0.35 1.2 1
0 -2.539542399313653 1.5939866969643086 0.35 0.35 1.2 1
0 -3.141592653589793 1.6033863738801455 0.35 0.35 1.2 1
0 -3.011696587034896 2.0922318928547954 0.35 0.35 1.2 1
0 -2.606407771043324 2.5536794064361024 0.35 0.35 1.2 1
0 -1.8004446507774725 1.0401942417545547 0.35 0.35 1.2 1
0 -2.345618661793627 -0.15635407470551793 0.35 0.35 1.2 1
0 -3.0202880070876716 1.3693886885900606 0.35 0.35 1.2 1
0 -1.577461321022089 1.868752151460334 0.35 0.35 1.2 1
0 -1.9740058643161906 0.9988777839131802 0.35 0.35 1.2 1
0 -2.5869136704093316 1.6004074259738457 0.35 0.35 1.2 1
0 -0.8327540860247495 0.9948657791990911 0.35 0.35 1.2 1
0 0.6162009128022856 1.5041119696777734 0.35 0.35 1.2 1
0 -0.3594722940257189 2.784645825054427 0.35 0.35 1.2 1
0 0.48800464395687215 1.3025729868580913 0.35 0.35 1.2 1
0 -3.141592653589793 3.141592653589793 0.35 0.35 1.2 1
0 -1.1762881623732453 2.967949428740206 0.35 0.35 1.2 1
0 -1.1704596184714846 1.1678337415531184 0.35 0.35 1.2 1
0 -2.4673927848096557 1.5144250175016118 0.35 0.35 1.2 1
0 -0.26836678769159783 1.1539128779245327 0.35 0.35 1.2 1
0 -2.7909181848030773 0.3621690159821124 0.35 0.35 1.2 1
0 -3.064169854619932 2.089214775377736 0.35 0.35 1.2 1
0 -1.7517426105323135 0.09504814856108479 0.35 0.35 1.2 1
0 -3.141592653589793 2.3688391535601023 0.35 0.35 1.2 1
0 -2.093827223709462 1.3694306591911718 0.35 0.35 1.2 1
0 -0.432387573935915 1.0841501376898024 0.35 0.35 1.2 1
0 -2.299687229103965 1.5059923427270538 0.35 0.35 1.2 1
0 -3.141592653589793 1.0640096294063779 0.35 0.35 1.2 1
0 -1.6670577279259098 3.141592653589793 0.35 0.35 1.2 1
0 -0.9323041323451569 2.6399040207716222 0.35 0.35 1.2 1
0 -0.7869595345978435 -0.7300161805217009 0.35 0.35 1.2 1
0 -1.7060505529193981 1.064054336212263 0.35 0.35 1.2 1
0 1.031848188168568 0.19157914513735064 0.35 0.35 1.2 1
0 0.10551369665252003 1.6429112733410947 0.35 0.35 1.2 1
0 -1.4361988433893238 0.06855023394064896 0.35 0.35 1.2 1
0 1.7583727985045403 1.7423656872609974 0.35 0.35 1.2 1
0 -0.22999977332352892 1.255658453306892 0.35 0.35 1.2 1
0 -1.8494710584950163 0.37600623886885565 0.35 0.35 1.2 1
0 -0.12237345396197208 1.3265828853601622 0.35 0.35 1.2 1
0 -3.141592653589793 1.031553790027221 0.35 0.35 1.2 1
0 -3.141592653589793 0.4950510335882192 0.35 0.35 1.2 1
0 -1.01940466235591 3.141592653589793 0.35 0.35 1.2 1
0 -0.7717950268687317 -0.2161320036670975 0.35 0.35 1.2 1
0 -0.4073178200642604 1.405940072036973 0.35 0.35 1.2 1
0 -1.7758403577700144 -0.42264423526262807 0.35 0.35 1.2 1
0 -3.141592653589793 2.850117840716832 0.35 0.35 1.2 1
0 -0.4070863397230088 1.0658228079465775 0.35 0.35 1.2 1
0 -2.408282331209704 2.755756153331773 0.35 0.35 1.2 1
0 -2.1462113214799974 1.212775629639784 0.35 0.35 1.2 1
0 -0.28296373954287457 0.30648645853961665 0.35 0.35 1.2 1
0 0.7228379643949712 2.434619261265036 0.35 0.35 1.2 1
0 -0.11397298064620204 3.141592653589793 0.35 0.35 1.2 1
0 -0.6184408673957454 1.8169732403702898 0.35 0.35 1.2 1
0 -1.679046704780206 -0.7663939939295523 0.35 0.35 1.2 1
0 -1.9901211564703645 1.3232323099407568 0.35 0.35 1.2 1
0 -0.9337494729485203 -0.563947558951772 0.35 0.35 1.2 1
0 -0.23354296115744488 2.0030576184270017 0.35 0.35 1.2 1
0 -1.2752374494548386 0.1922823316048019 0.35 0.35 1.2 1
0 0.11977517785459968 3.141592653589793 0.35 0.35 1.2 1
0 -2.4118253642488283 3.141592653589793 0.35 0.35 1.2 1
0 -0.003790735060946737 1.8279389442812184 0.35 0.35 1.2 1
0 0.5015825208168512 -2.5095739068313114 0.35 0.35 1.2 1
0 -0.8645672592851408 0.5308637659644143 0.35 0.35 1.2 1
0 -1.4961569762130957 2.809397852019814 0.35 0.35 1.2 1
0 -1.2401577280302007 1.7886240053502924 0.35 0.35 1.2 1
0 -3.141592653589793 1.5435081626857097 0.35 0.35 1.2 1
0 -1.4260356864297068 0.22941372888887795 0.35 0.35 1.2 1
0 1.1955800056472135 1.4038709354311303 0.35 0.35 1.2 1
0 -2.072649540568494 0.05566878870336678 0.35 0.35 1.2 1
0 -0.4210473711370999 1.5408429635731093 0.35 0.35 1.2 1
0 -0.5376286492878408 2.9994763891807295 0.35 0.35 1.2 1
0 -0.9943967109104077 1.6692151860381441 0.35 0.35 1.2 1
0 -1.4189461888652444 2.226672506255192 0.35 0.35 1.2 1
0 -1.7289224104701482 0.6404056167877045 0.35 0.35 1.2 1
0 0.08958123876087454 3.141592653589793 0.35 0.35 1.2 1
0 0.341329610170066 -1.2992835814994625 0.35 0.35 1.2 1
0 0.20452524445352238 1.1273965151400522 0.35 0.35 1.2 1
0 -1.1531859898627423 2.068228016822813 0.35 0.35 1.2 1
0 -0.39172514371577805 0.19169339911428618 0.35 0.35 1.2 1
0 -1.219248737484446 2.922798168491184 0.35 0.35 1.2 1
0 2.0769889180067285 2.9091972886116677 0.35 0.35 1.2 1
0 0.016402657618756367 2.5071850125375637 0.35 0.35 1.2 1
