#! FIELDS time phi psi sigma_phi sigma_psi height biasf
                        #! SET multivariate false
                        #! SET kerneltype stretched-gaussian
                        #! SET min_phi -pi
                        #! SET max_phi pi
                        #! SET min_psi -pi
                        #! SET max_psi pi
0 -2.643509929483002 0.7428738131459189 0.35 0.35 1.2 1
0 -0.09686417992408658 0.3873879748797643 0.35 0.35 1.2 1
0 -1.187428090822975 3.141592653589793 0.35 0.35 1.2 1
0 1.162810017807177 -0.6818431701185887 0.35 0.35 1.2 1
0 -0.4485636230643817 3.141592653589793 0.35 0.35 1.2 1
0 -3.141592653589793 -1.1560415666429231 0.35 0.35 1.2 1
0 -2.6757274157670112 -0.023882336972409934 0.35 0.35 1.2 1
0 -2.2014314616564747 1.1890037539687301 0.35 0.35 1.2 1
0 -1.1753249734564912 1.7718675545547844 0.35 0.35 1.2 1
0 0.492111079332345 3.141592653589793 0.35 0.35 1.2 1
0 3.141592653589793 1.5252847241737824 0.35 0.35 1.2 1
0 -0.8189971423791829 3.141592653589793 0.35 0.35 1.2 1
0 -2.2319795336320856 2.8454123819146613 0.35 0.35 1.2 1
0 -1.145552748114214 0.025454294888604845 0.35 0.35 1.2 1
0 -0.9016446366733993 2.0887989750639893 0.35 0.35 1.2 1
0 1.466588424893543 -2.814980900748714 0.35 0.35 1.2 1
0 -0.9818796495494143 0.06274665395373002 0.35 0.35 1.2 1
0 0.15368438957184427 1.7479964005130841 0.35 0.35 1.2 1
0 -1.8549573155130659 0.8593525562429967 0.35 0.35 1.2 1
0 -0.6269161493399414 -0.0724662636603659 0.35 0.35 1.2 1
0 -0.6337921229851013 -0.2280107792530901 0.35 0.35 1.2 1
0 -2.8712377503262303 1.936768234721089 0.35 0.35 1.2 1
0 -3.141592653589793 -3.141592653589793 0.35 0.35 1.2 1
0 -1.7995011273224764 -0.37330952184066457 0.35 0.35 1.2 1
0 -0.22731392923741542 3.141592653589793 0.35 0.35 1.2 1
0 -1.8658661779842172 1.927672009513092 0.35 0.35 1.2 1
0 -1.0278062638327359 -2.1292209175857204 0.35 0.35 1.2 1
0 0.11738390790038467 0.4458284898916042 0.35 0.35 1.2 1
0 -2.605511979156259 2.1489893529773774 0.35 0.35 1.2 1
0 -0.5112943434901462 2.3022774321734887 0.35 0.35 1.2 1
0 0.6242082970168472 0.559461583385028 0.35 0.35 1.2 1
0 -0.6814166810994473 0.17858572691098806 0.35 0.35 1.2 1
0 -0.6629753717951073 -1.8002641506517243 0.35 0.35 1.2 1
0 -1.6863744154981277 -2.0848893939672335 0.35 0.35 1.2 1
0 -0.7451982622234166 3.141592653589793 0.35 0.35 1.2 1
0 -2.04070234067125 3.141592653589793 0.35 0.35 1.2 1
0 -1.3326219253189802 -1.8592198375536142 0.35 0.35 1.2 1
0 -0.8452459990254999 0.25565348083118244 0.35 0.35 1.2 1
0 0.455350372161457 2.38800294573029 0.35 0.35 1.2 1
0 -1.4612578041488153 2.484404925880428 0.35 0.35 1.2 1
0 -1.086226164056052 1.8288018006007154 0.35 0.35 1.2 1
0 -0.014956399036213708 1.128847816178301 0.35 0.35 1.2 1
0 0.11141072150092282 -1.764221547420752 0.35 0.35 1.2 1
0 -3.141592653589793 1.4038897491781908 0.35 0.35 1.2 1
0 -0.711429443492974 0.209031446637082 0.35 0.35 1.2 1
0 -0.44770352413500647 0.8254307039128492 0.35 0.35 1.2 1
0 -0.6890405362571252 -0.0013983306790323197 0.35 0.35 1.2 1
0 0.15787679900654839 0.3811620666480512 0.35 0.35 1.2 1
0 -1.2949023422808565 -0.2612913479821273 0.35 0.35 1.2 1
0 3.141592653589793 -0.10939235575522926 0.35 0.35 1.2 1
0 -1.913139531638491 0.8662440952898394 0.35 0.35 1.2 1
0 0.16906168880720884 -0.7923340799095734 0.35 0.35 1.2 1
0 1.5208792557058917 -0.10201128402314627 0.35 0.35 1.2 1
0 -1.2925558412922258 1.923249657264607 0.35 0.35 1.2 1
0 0.02114586125901896 2.536718046815305 0.35 0.35 1.2 1
0 1.0669064463731186 0.9440204265544223 0.35 0.35 1.2 1
0 -1.5469007522728915 -1.150927925961299 0.35 0.35 1.2 1
0 0.5185796667588413 2.9771874651196137 0.35 0.35 1.2 1
0 -0.29778555840211574 3.141592653589793 0.35 0.35 1.2 1
0 -2.7924348705945996 -0.5862085912851603 0.35 0.35 1.2 1
0 2.1396053093980174 -0.18104405048654404 0.35 0.35 1.2 1
0 -1.6412565651984021 2.9081085845488577 0.35 0.35 1.2 1
0 -2.8091701693917477 -0.20412489594099809 0.35 0.35 1.2 1
0 -1.5828419932374809 -0.6182312723404042 0.35 0.35 1.2 1
0 0.303051723183011 -0.06884769969820159 0.35 0.35 1.2 1
0 0.36796564712168434 -0.3433689720416574 0.35 0.35 1.2 1
0 -0.11210773032860699 0.6281254173606734 0.35 0.35 1.2 1
0 0.25608614184860956 2.9433015431878786 0.35 0.35 1.2 1
0 -0.550308131563012 -0.716735657502831 0.35 0.35 1.2 1
0 -1.7289021953130352 -1.018852977581286 0.35 0.35 1.2 1
0 1.1225332397094372 0.89647234971852 0.35 0.35 1.2 1
0 -0.012196767942493802 -0.8056972899622311 0.35 0.35 1.2 1
0 -2.0731499916416096 -1.4340963393523514 0.35 0.35 1.2 1
0 -2.8650639911482267 1.7869608418365377 0.35 0.35 1.2 1
0 -1.5642179113124022 1.891653158755309 0.35 0.35 1.2 1
0 3.141592653589793 1.7992269135179502 0.35 0.35 1.2 1
0 3.081689887846765 0.7771139490540605 0.35 0.35 1.2 1
0 -2.8393294759859438 0.8441418214649554 0.35 0.35 1.2 1
0 0.22133791451774798 1.119908961659147 0.35 0.35 1.2 1
0 2.1764467804160144 0.7799262656245036 0.35 0.35 1.2 1
0 0.35312096199447884 0.6428253398034466 0.35 0.35 1.2 1
0 -1.8210338749438968 1.3201014167151166 0.35 0.35 1.2 1
0 -0.9691857864030552 1.3651489354913964 0.35 0.35 1.2 1
0 -3.141592653589793 2.7256945512443096 0.35 0.35 1.2 1
0 -2.1157881460135983 -1.0554126650398754 0.35 0.35 1.2 1
0 2.863018271341433 -0.5829003858021644 0.35 0.35 1.2 1
0 0.26650649532590553 2.8118339751295793 0.35 0.35 1.2 1
0 0.615869282965689 1.3934473878489437 0.35 0.35 1.2 1
0 0.41532010484045656 2.296159531453111 0.35 0.35 1.2 1
0 -2.139773439508247 0.34545857404424085 0.35 0.35 1.2 1
0 -1.973953340609885 3.141592653589793 0.35 0.35 1.2 1
0 -1.0100160104319773 3.141592653589793 0.35 0.35 1.2 1
0 0.3796472451909706 2.2599803489010797 0.35 0.35 1.2 1
0 -2.047164650040022 1.8114450501063066 0.35 0.35 1.2 1
0 -3.141592653589793 0.6952961179252924 0.35 0.35 1.2 1
0 0.02146476655006646 -0.6571876151718434 0.35 0.35 1.2 1
0 -2.591136392688791 1.9969387437568829 0.35 0.35 1.2 1
0 0.4923435479763687 2.5630546615597014 0.35 0.35 1.2 1
0 -0.00812384416009393 -2.810830497820366 0.35 0.35 1.2 1
0 -0.5964717822166774 -0.3695923391554849 0.35 0.35 1.2 1
0 -0.6289196346811637 3.0242217274310246 0.35 0.35 1.2 1
0 0.8731272007060753 0.8546030248230478 0.35 0.35 1.2 1
0 1.5095179346883993 0.8525150387341983 0.35 0.35 1.2 1
0 0.6495573461547773 3.1321638925349595 0.35 0.35 1.2 1
0 1.0804762181213223 1.60810159710964 0.35 0.35 1.2 1
0 1.8007958767602301 2.7912829228839713 0.35 0.35 1.2 1
0 -1.360786094042434 1.6365388284071323 0.35 0.35 1.2 1
0 -1.9584290011858334 0.7264328960855859 0.35 0.35 1.2 1
0 -2.2043014479380654 1.3600174424157565 0.35 0.35 1.2 1
0 0.3384281447268427 1.5446404751307152 0.35 0.35 1.2 1
0 0.31786172918485395 2.7666940053055633 0.35 0.35 1.2 1
0 -1.795849482104393 1.1442765699421258 0.35 0.35 1.2 1
0 -1.9428410919845156 1.8064689006626793 0.35 0.35 1.2 1
0 -2.839626888255604 2.17399469697875 0.35 0.35 1.2 1
0 -2.206382277331073 -0.18106119122334302 0.35 0.35 1.2 1
0 -0.8404339273413628 -3.064702365157317 0.35 0.35 1.2 1
0 -2.9556943852400352 2.2703465042402 0.35 0.35 1.2 1
0 0.18139509497086936 -1.7197930616668193 0.35 0.35 1.2 1
0 -0.20081152645839606 -0.44072517258416677 0.35 0.35 1.2 1
0 -2.872574639803548 0.6727621942049496 0.35 0.35 1.2 1
0 -1.6317516267868535 1.2983181000501443 0.35 0.35 1.2 1
0 -2.6277250844422206 0.2803070656128969 0.35 0.35 1.2 1
0 -1.703410244957333 -1.4710633269875526 0.35 0.35 1.2 1
0 -1.3466890887759373 -0.5505395455756636 0.35 0.35 1.2 1
0 -1.883948730230156 1.0665139710822493 0.35 0.35 1.2 1
0 -3.141592653589793 -0.20789482909220428 0.35 0.35 1.2 1
0 -1.0110377282237795 3.141592653589793 0.35 0.35 1.2 1
0 -2.59388997446559 0.4596028523448776 0.35 0.35 1.2 1
0 -2.9966719877446057 3.141592653589793 0.35 0.35 1.2 1
0 -1.9435143863109245 -1.5508156087865568 0.35 0.35 1.2 1
0 -3.141592653589793 2.566012944919991 0.35 0.35 1.2 1
0 -2.5499897094531545 3.141592653589793 0.35 0.35 1.2 1
0 -1.0412426991829122 -0.3205702054586044 0.35 0.35 1.2 1
0 -1.669525358965034 1.5444634220264009 0.35 0.35 1.2 1
0 -0.9106341784002328 0.31478189495357617 0.35 0.35 1.2 1
0 1.241240049376473 1.239700642376726 0.35 0.35 1.2 1
0 -1.2285987068037116 0.0046113845893093475 0.35 0.35 1.2 1
0 -1.3177823033688607 0.07363190870828845 0.35 0.35 1.2 1
0 -0.7823008574156387 1.0871956570952013 0.35 0.35 1.2 1
0 -2.185393801432493 0.5974305932177659 0.35 0.35 1.2 1
0 -2.9943835300542507 2.5919245065421754 0.35 0.35 1.2 1
0 -0.8185960572041153 0.00036595359884095124 0.35 0.35 1.2 1
0 -1.0480531474401913 0.21102797709896737 0.35 0.35 1.2 1
0 -1.1669979034981095 -0.15744181529546264 0.35 0.35 1.2 1
0 -2.57704191296803 1.9547034324863723 0.35 0.35 1.2 1
0 1.57830988138881 2.0683442416807853 0.35 0.35 1.2 1
0 -1.8556807621189502 -0.6099735840327872 0.35 0.35 1.2 1
0 -1.2747116200263107 1.2511004754454995 0.35 0.35 1.2 1
0 1.6041030766003108 -2.256707225889313 0.35 0.35 1.2 1
0 -0.8945473985285041 1.2356840961695819 0.35 0.35 1.2 1
0 -1.3453156948716827 1.4211667459702166 0.35 0.35 1.2 1
0 -2.1957214600019155 0.5143092466074635 0.35 0.35 1.2 1
0 0.1713769252331394 -2.603562103187304 0.35 0.35 1.2 1
0 -1.3268199090786688 2.9737654691591375 0.35 0.35 1.2 1
0 -0.8210876835140333 3.141592653589793 0.35 0.35 1.2 1
0 -0.5021578180558915 2.7576686502345824 0.35 0.35 1.2 1
0 -1.4354216860941353 2.2013938777652626 0.35 0.35 1.2 1
0 -0.30557965441857154 -0.17993238576589876 0.35 0.35 1.2 1
0 0.9413339918218206 -0.7098401591668175 0.35 0.35 1.2 1
0 -2.2730338388728217 -0.4464809830825145 0.35 0.35 1.2 1
0 0.9477474920676431 -0.9936888359538931 0.35 0.35 1.2 1
0 -2.476426020753637 2.7014100510042134 0.35 0.35 1.2 1
0 -1.2855407643379744 2.515232431398524 0.35 0.35 1.2 1
0 -2.5787297834610174 -1.4625763268773098 0.35 0.35 1.2 1
0 1.0003957138958663 0.14305582580674425 0.35 0.35 1.2 1
0 -0.4326608627362445 -2.410371476079947 0.35 0.35 1.2 1
0 -2.2180799665515063 3.0240409900491256 0.35 0.35 1.2 1
0 1.372074554442772 1.8796971659478823 0.35 0.35 1.2 1
0 -0.3322307939771207 0.1478378747405974 0.35 0.35 1.2 1
0 -0.7895350234091063 -1.8286771380133444 0.35 0.35 1.2 1
0 -2.1060125665711813 1.6916574838638179 0.35 0.35 1.2 1
0 -1.3921811800728772 0.7387000578436369 0.35 0.35 1.2 1
0 -1.704632380577228 2.0716739900068757 0.35 0.35 1.2 1
0 -1.1734065508467655 1.2531663338256407 0.35 0.35 1.2 1
0 -2.3406694321733585 1.260975225412659 0.35 0.35 1.2 1
0 -1.7426004261582237 2.485355349752287 0.35 0.35 1.2 1
0 -1.4694330235001916 3.141592653589793 0.35 0.35 1.2 1
0 -0.13556171086160979 0.4813026186061795 0.35 0.35 1.2 1
0 -1.4407195408846685 -1.6320784475001306 0.35 0.35 1.2 1
0 -1.5463451186692567 -0.4557321609069773 0.35 0.35 1.2 1
0 -0.12832720501667216 1.9208434996107333 0.35 0.35 1.2 1
0 -3.141592653589793 -0.8161328238519975 0.35 0.35 1.2 1
0 -1.6845408416064467 2.58463501620915 0.35 0.35 1.2 1
0 0.2862235356335067 -0.3456087132662714 0.35 0.35 1.2 1
0 0.27718326304005514 0.37010363572210947 0.35 0.35 1.2 1
0 -3.0294296278870374 -0.8142279564181221 0.35 0.35 1.2 1
0 0.11535361541158906 -1.2906808826415685 0.35 0.35 1.2 1
0 -1.023376831769058 0.4806259237963446 0.35 0.35 1.2 1
0 -3.141592653589793 -0.5411281099039668 0.35 0.35 1.2 1
0 -1.0943899997948345 0.5792671398710842 0.35 0.35 1.2 1
0 -2.9749296578484072 1.910761416959501 0.35 0.35 1.2 1
0 -0.24406630582168232 -1.068629454139987 0.35 0.35 1.2 1
0 -0.4816818831968134 -0.5136548035042151 0.35 0.35 1.2 1
0 -2.1606920414024033 1.3730078072899994 0.35 0.35 1.2 1
0 1.9230157463164452 -0.2405472591919734 0.35 0.35 1.2 1
0 -1.8458161125814383 2.222603958326113 0.35 0.35 1.2 1
0 -1.5126307625187305 1.6961976684486073 0.35 0.35 1.2 1
0 0.0864133529239437 -1.9497068923454297 0.35 0.35 1.2 1
0 -1.7769935727038404 -0.532982596008035 0.35 0.35 1.2 1
0 0.855199385250555 2.302779708419023 0.35 0.35 1.2 1
