#! FIELDS time phi psi sigma_phi sigma_psi height biasf
                        #! SET multivariate false
                        #! SET kerneltype stretched-gaussian
                        #! SET min_phi -pi
                        #! SET max_phi pi
                        #! SET min_psi -pi
                        #! SET max_psi pi
0 -0.39728176507952406 2.197072610320059 0.35 0.35 1.2 1
0 0.4252304333100361 3.0888139784608293 0.35 0.35 1.2 1
0 -3.141592653589793 1.4598234420364113 0.35 0.35 1.2 1
0 -1.5544971599731727 -2.3703397614011616 0.35 0.35 1.2 1
0 -0.3489755245284012 2.7945996198189933 0.35 0.35 1.2 1
0 0.922061734016064 -0.34989774424653797 0.35 0.35 1.2 1
0 0.4240972173312183 2.0683426424774383 0.35 0.35 1.2 1
0 0.33721692383611335 0.5880792655669045 0.35 0.35 1.2 1
0 -1.3289945761027633 1.0296098950738364 0.35 0.35 1.2 1
0 2.461812993644808 1.6218715191962079 0.35 0.35 1.2 1
0 -0.9385620642419428 -0.1223317474144412 0.35 0.35 1.2 1
0 0.2309802994417629 3.126378360678474 0.35 0.35 1.2 1
0 -1.289167333117502 1.8322493545602705 0.35 0.35 1.2 1
0 -3.141592653589793 2.0227120001031063 0.35 0.35 1.2 1
0 -1.4021772636579821 0.6205311183306537 0.35 0.35 1.2 1
0 -0.1397225693188633 1.5717701581783081 0.35 0.35 1.2 1
0 -1.4028047783861624 0.7597630108450504 0.35 0.35 1.2 1
0 1.4777066288297167 0.8902391703709037 0.35 0.35 1.2 1
0 -2.1191101852854723 0.8078983011853816 0.35 0.35 1.2 1
0 2.4758957814713427 -1.1141333484022358 0.35 0.35 1.2 1
0 -1.1420638119124211 0.20081300057456897 0.35 0.35 1.2 1
0 0.6793490203521184 0.6647092223350792 0.35 0.35 1.2 1
0 0.22642133388280616 1.4493836663580062 0.35 0.35 1.2 1
0 -1.2299058509542555 -0.9163094774752314 0.35 0.35 1.2 1
0 -2.1925330643368945 1.2354455243152112 0.35 0.35 1.2 1
0 1.749693406344355 0.5914424756637006 0.35 0.35 1.2 1
0 -1.4420431243796172 1.8127752444339449 0.35 0.35 1.2 1
0 -2.259291759635543 0.8174419706293201 0.35 0.35 1.2 1
0 -0.8959414640793479 -0.5461931359363554 0.35 0.35 1.2 1
0 0.8174687711931843 -0.19673838438766467 0.35 0.35 1.2 1
0 3.141592653589793 0.8204729879127243 0.35 0.35 1.2 1
0 0.10499109668319018 -0.46166723568370793 0.35 0.35 1.2 1
0 -0.6213857723825054 0.8229767676298334 0.35 0.35 1.2 1
0 -3.141592653589793 1.3766949352919815 0.35 0.35 1.2 1
0 0.09502932743804832 0.7531745466526157 0.35 0.35 1.2 1
0 -0.4050883919111533 0.3927430408290953 0.35 0.35 1.2 1
0 -0.9290644337318371 -3.141592653589793 0.35 0.35 1.2 1
0 -1.9077840016511955 1.8451737592904203 0.35 0.35 1.2 1
0 -3.141592653589793 0.869829492668736 0.35 0.35 1.2 1
0 -1.558289399954291 -1.7279830913572494 0.35 0.35 1.2 1
0 -1.1016112857547196 3.141592653589793 0.35 0.35 1.2 1
0 -3.141592653589793 2.481227479442052 0.35 0.35 1.2 1
0 0.6093390395086699 1.283745720240438 0.35 0.35 1.2 1
0 -1.9179471264745356 3.141592653589793 0.35 0.35 1.2 1
0 1.139505477847899 -1.534790626100557 0.35 0.35 1.2 1
0 0.39954570249099086 0.23630575050227648 0.35 0.35 1.2 1
0 -1.8546113297986682 -0.08881184861126573 0.35 0.35 1.2 1
0 0.6240809486565946 -0.01115333234967425 0.35 0.35 1.2 1
0 -1.510814482588312 -3.141592653589793 0.35 0.35 1.2 1
0 1.6345274542322206 1.7057322324758815 0.35 0.35 1.2 1
0 1.5871152394940329 3.141592653589793 0.35 0.35 1.2 1
0 2.1865230083453113 -3.141592653589793 0.35 0.35 1.2 1
0 0.18829613915454024 -0.7688583442964451 0.35 0.35 1.2 1
0 -3.141592653589793 -1.8475126170398457 0.35 0.35 1.2 1
0 -3.141592653589793 -0.946044107779319 0.35 0.35 1.2 1
0 0.04822669424707671 -0.2461578537415725 0.35 0.35 1.2 1
0 -0.8231568482341554 -1.3916829492641378 0.35 0.35 1.2 1
0 -0.1900513534041065 1.7804557660518119 0.35 0.35 1.2 1
0 1.3775840379285058 -3.141592653589793 0.35 0.35 1.2 1
0 0.9275160310758335 -1.2215090017194974 0.35 0.35 1.2 1
0 2.0343472745298645 3.141592653589793 0.35 0.35 1.2 1
0 -2.4085928927827016 1.7399598771065092 0.35 0.35 1.2 1
0 2.931202684649022 -2.06024730687008 0.35 0.35 1.2 1
0 0.6548732421508172 2.9385378912564466 0.35 0.35 1.2 1
0 -0.37176420152223133 0.18929507801216183 0.35 0.35 1.2 1
0 1.1659061585730306 1.6303865384351428 0.35 0.35 1.2 1
0 -0.7915502864020141 1.2289204869609258 0.35 0.35 1.2 1
0 -1.620594776542889 2.2611959266016575 0.35 0.35 1.2 1
0 -1.5925356914208324 0.7872883796255803 0.35 0.35 1.2 1
0 -1.1279845321832094 1.6231268066587559 0.35 0.35 1.2 1
0 2.1578036550902953 3.0605769893427373 0.35 0.35 1.2 1
0 0.8653925636925129 -2.7406484057109473 0.35 0.35 1.2 1
0 -0.36051646984969565 -2.7062749594643134 0.35 0.35 1.2 1
0 -1.8606616061699501 1.6502696496393185 0.35 0.35 1.2 1
0 0.07486972279239557 2.4002202677786153 0.35 0.35 1.2 1
0 1.9658371277046616 1.8254584505810583 0.35 0.35 1.2 1
0 -0.46334883432979124 -0.5081120865594748 0.35 0.35 1.2 1
0 -1.687985578931206 0.45384072725827973 0.35 0.35 1.2 1
0 -1.9233408598607609 2.7002863301534457 0.35 0.35 1.2 1
0 2.244686706103592 -0.2818938538605387 0.35 0.35 1.2 1
0 3.141592653589793 0.9192896322393783 0.35 0.35 1.2 1
0 0.7204924717844232 -1.7023580327329508 0.35 0.35 1.2 1
0 -3.0469966688446997 0.6917355484039827 0.35 0.35 1.2 1
0 -0.9251905687976294 3.141592653589793 0.35 0.35 1.2 1
0 -1.7307860239259614 -1.5367352058071067 0.35 0.35 1.2 1
0 2.262960904597817 0.5879671569977266 0.35 0.35 1.2 1
0 -2.69212486962109 0.3657066962387967 0.35 0.35 1.2 1
0 0.8546238367226415 -0.3251880912708034 0.35 0.35 1.2 1
0 -0.7592942876535147 1.338023124753422 0.35 0.35 1.2 1
0 2.399660375329874 3.141592653589793 0.35 0.35 1.2 1
0 0.06498141413434944 2.125760023421727 0.35 0.35 1.2 1
0 1.0847978004008847 0.6998294752718699 0.35 0.35 1.2 1
0 3.141592653589793 3.141592653589793 0.35 0.35 1.2 1
0 0.23265277767357384 0.8632074869087949 0.35 0.35 1.2 1
0 0.9449785996880287 0.37003737667015524 0.35 0.35 1.2 1
0 0.026112811419242432 -0.2550426629186306 0.35 0.35 1.2 1
0 -1.106128547816025 -2.3258188699234523 0.35 0.35 1.2 1
0 0.7737728835121558 2.582975587304316 0.35 0.35 1.2 1
0 -2.230208967361926 0.32814171362694694 0.35 0.35 1.2 1
0 -1.360163868547642 -1.4014439481755339 0.35 0.35 1.2 1
0 -1.3700928822431753 0.27377886324020073 0.35 0.35 1.2 1
0 3.141592653589793 -2.206752929267974 0.35 0.35 1.2 1
0 3.0312949751129503 -0.28834493908730874 0.35 0.35 1.2 1
0 -3.141592653589793 0.6873928726511451 0.35 0.35 1.2 1
0 0.38487889016067856 -1.4741612816838034 0.35 0.35 1.2 1
0 0.7927118919792071 -2.0106629625815553 0.35 0.35 1.2 1
0 -2.059955479175993 1.0152010456506393 0.35 0.35 1.2 1
0 -2.1565391412901547 1.3380164901097968 0.35 0.35 1.2 1
0 0.8175721073606481 0.43684786938209963 0.35 0.35 1.2 1
0 -1.5663562999323664 2.281858020868685 0.35 0.35 1.2 1
0 0.18968442666358276 0.9899080376103426 0.35 0.35 1.2 1
0 -1.471274004302684 2.7282806678251417 0.35 0.35 1.2 1
0 1.199372147545534 -0.6211066245291216 0.35 0.35 1.2 1
0 -1.4372361708036423 1.2164000925871803 0.35 0.35 1.2 1
0 0.5721698593037045 -1.5005447045152667 0.35 0.35 1.2 1
0 -1.4350610991807617 -1.8475603789524422 0.35 0.35 1.2 1
0 0.615374183473814 3.141592653589793 0.35 0.35 1.2 1
0 -0.9969157314039832 0.16429651913197055 0.35 0.35 1.2 1
0 -0.33381292099242454 1.6161621419776429 0.35 0.35 1.2 1
0 -2.6269604551648 0.7600474888277571 0.35 0.35 1.2 1
0 -0.5163420810544423 1.6562788846658139 0.35 0.35 1.2 1
0 1.0923154267367123 -1.770181517038322 0.35 0.35 1.2 1
0 -2.1535463309829863 2.9882836107053476 0.35 0.35 1.2 1
0 -1.068779412433368 -1.2892709237640965 0.35 0.35 1.2 1
0 -0.3051137235189485 -1.6590907564741237 0.35 0.35 1.2 1
0 -2.1250058227403237 -2.6928409717175397 0.35 0.35 1.2 1
0 1.1646977931286315 2.681242606537221 0.35 0.35 1.2 1
0 0.8281390960971573 2.3672607658459386 0.35 0.35 1.2 1
0 -0.4646452691289697 1.7038495653996149 0.35 0.35 1.2 1
0 -0.2261789676278898 -0.749458106756818 0.35 0.35 1.2 1
0 3.141592653589793 0.8010950493595413 0.35 0.35 1.2 1
0 -0.8143100446346692 -0.19186747646581503 0.35 0.35 1.2 1
0 -1.7959595028043558 0.3829193198503381 0.35 0.35 1.2 1
0 1.2073492654790692 0.8701506228485314 0.35 0.35 1.2 1
0 0.7147968748726419 -0.5129700664860658 0.35 0.35 1.2 1
0 0.49204362388373435 1.0351297060513847 0.35 0.35 1.2 1
0 -0.6090516796843066 0.5793564457569451 0.35 0.35 1.2 1
0 -0.879417894544954 1.0650093664197418 0.35 0.35 1.2 1
0 1.2650881081548353 1.1298642091918516 0.35 0.35 1.2 1
0 1.066441611577791 -3.141592653589793 0.35 0.35 1.2 1
0 -0.3546482803557338 0.7555038736731403 0.35 0.35 1.2 1
0 1.0193312390684097 1.7396583564129113 0.35 0.35 1.2 1
0 -0.8569799363984092 -2.3136126007453672 0.35 0.35 1.2 1
0 0.3093992824025248 -1.2734256935337942 0.35 0.35 1.2 1
0 0.7982108215273791 -1.4187804289218857 0.35 0.35 1.2 1
0 1.1480636652257168 0.8312640142999672 0.35 0.35 1.2 1
0 0.45684312535821014 0.3036893022383683 0.35 0.35 1.2 1
0 -0.7352510152914036 1.4501085146717074 0.35 0.35 1.2 1
0 -0.6378241389619315 -1.7287280008516932 0.35 0.35 1.2 1
0 -0.7622404014844644 0.44981594569910766 0.35 0.35 1.2 1
0 0.13225297437538397 2.0905136491537086 0.35 0.35 1.2 1
0 -0.35466678171471844 -0.4135512675919071 0.35 0.35 1.2 1
0 1.773420642238249 0.36768827803374804 0.35 0.35 1.2 1
0 -0.3099098006845463 0.5449977600756182 0.35 0.35 1.2 1
0 -2.224575325765765 3.141592653589793 0.35 0.35 1.2 1
0 -0.8913293402455984 -1.8996118224129739 0.35 0.35 1.2 1
0 -2.177587468184107 -1.7252521327812445 0.35 0.35 1.2 1
0 -1.7972448685531948 3.141592653589793 0.35 0.35 1.2 1
0 0.17012370689409184 1.831826316048294 0.35 0.35 1.2 1
0 -0.29385506075003653 1.7243128163152641 0.35 0.35 1.2 1
0 0.054904565454096166 -2.9715720764477496 0.35 0.35 1.2 1
0 0.16163993882564384 2.612602217288056 0.35 0.35 1.2 1
0 -0.28378778213445033 0.8028650751852807 0.35 0.35 1.2 1
0 -2.9469596920639685 2.3022776773710754 0.35 0.35 1.2 1
0 -0.26864633443252917 2.0024114532188673 0.35 0.35 1.2 1
0 -1.5501396499840014 2.416584973624704 0.35 0.35 1.2 1
0 -2.0421973337084243 1.4816877815624692 0.35 0.35 1.2 1
0 0.5479597265736963 3.141592653589793 0.35 0.35 1.2 1
0 0.8905902451509762 1.122761491571008 0.35 0.35 1.2 1
0 -0.7259182771017495 -1.9207477079704467 0.35 0.35 1.2 1
0 0.7201740713943255 0.8663845157417902 0.35 0.35 1.2 1
0 -2.0786733712804333 -3.141592653589793 0.35 0.35 1.2 1
0 -0.25684393216683477 2.312776060550195 0.35 0.35 1.2 1
0 2.699051175954426 -2.0077185001947826 0.35 0.35 1.2 1
0 -1.2092744080714708 -0.7632551847770476 0.35 0.35 1.2 1
0 1.8246246920936997 0.6138941146287797 0.35 0.35 1.2 1
0 -1.0681441507553036 0.47218642155525786 0.35 0.35 1.2 1
0 0.06540527384505612 -1.0419712224990234 0.35 0.35 1.2 1
0 3.141592653589793 -1.9971807472812126 0.35 0.35 1.2 1
0 -2.934380795685188 0.47778012615099597 0.35 0.35 1.2 1
0 1.4602234053362673 -3.141592653589793 0.35 0.35 1.2 1
0 -3.141592653589793 0.40252356558445435 0.35 0.35 1.2 1
0 1.4569982594504465 1.7645988486166584 0.35 0.35 1.2 1
0 -1.4969855308977809 -3.141592653589793 0.35 0.35 1.2 1
0 2.1723036061665537 -0.3744045293962534 0.35 0.35 1.2 1
0 -0.4232804011159836 -1.4734657341082742 0.35 0.35 1.2 1
0 -1.6798242971884032 -1.1716728500834492 0.35 0.35 1.2 1
0 0.1609391348785536 1.2236085309081282 0.35 0.35 1.2 1
0 -1.2834870822000084 0.8755801819041719 0.35 0.35 1.2 1
0 1.7951443932474076 -2.0326103773470487 0.35 0.35 1.2 1
0 0.4217007811239448 -1.7529352166021308 0.35 0.35 1.2 1
0 -3.141592653589793 -0.5190750158739037 0.35 0.35 1.2 1
0 -0.8075472980153335 -1.136106355328463 0.35 0.35 1.2 1
0 -0.9262784723142462 2.2972075400343006 0.35 0.35 1.2 1
0 -2.5893068703946556 -1.406401418130516 0.35 0.35 1.2 1
0 -1.2786033062758406 1.281403790642216 0.35 0.35 1.2 1
0 -1.7376942626694154 1.6007985330550407 0.35 0.35 1.2 1
0 -2.374182353005285 -0.7174154591258074 0.35 0.35 1.2 1
0 -3.141592653589793 2.06811705940856 0.35 0.35 1.2 1
0 -0.030590172101849 1.802572062081789 0.35 0.35 1.2 1
0 -1.1568556173718871 0.5392145598623188 0.35 0.35 1.2 1
0 -1.2033806233860724 -0.40224173094650617 0.35 0.35 1.2 1
0 -0.8343836838425736 1.7596028705014048 0.35 0.35 1.2 1
0 -0.22345331691933978 0.44423199799443935 0.35 0.35 1.2 1
0 0.09970769980365835 2.6192615494040066 0.35 0.35 1.2 1
0 -2.179044709590076 0.47854450605496224 0.35 0.35 1.2 1
0 -1.3980572592305247 -2.162638470399149 0.35 0.35 1.2 1
0 -1.3295438520658318 0.42568878759046475 0.35 0.35 1.2 1
0 1.0516393058304003 -2.0948920236941877 0.35 0.35 1.2 1
0 -2.2765502680782816 3.141592653589793 0.35 0.35 1.2 1
0 -0.4536797054021844 1.0103175387544652 0.35 0.35 1.2 1
0 -2.551438319826074 -2.494998997891552 0.35 0.35 1.2 1
0 0.49495392849005126 1.8970483934955988 0.35 0.35 1.2 1
0 -1.9747472531078238 -1.7423655434416738 0.35 0.35 1.2 1
0 -3.141592653589793 3.141592653589793 0.35 0.35 1.2 1
0 -1.3930224605032169 0.9955618777496137 0.35 0.35 1.2 1
0 0.16884528525201148 0.7017363063993459 0.35 0.35 1.2 1
0 1.354574909492303 0.539468333112538 0.35 0.35 1.2 1
0 -0.7647891689039831 1.3803941668008768 0.35 0.35 1.2 1
0 -2.5250236520756935 1.0169119085747464 0.35 0.35 1.2 1
0 -1.0664237992359606 1.2108293053326633 0.35 0.35 1.2 1
0 0.3954796370458191 1.1385333397094146 0.35 0.35 1.2 1
0 -1.2501190632304084 0.42828130402277953 0.35 0.35 1.2 1
0 0.795835209844452 2.9550346538339003 0.35 0.35 1.2 1
0 0.8868227624521261 2.04753317818488 0.35 0.35 1.2 1
0 -2.7592764628391775 0.2333872336411334 0.35 0.35 1.2 1
0 2.421388240051189 -2.537555548807503 0.35 0.35 1.2 1
0 0.40624405663695484 -2.0153691511791854 0.35 0.35 1.2 1
0 -0.3829259065608954 0.12715220939856509 0.35 0.35 1.2 1
0 1.4054727092901702 0.23118860466613034 0.35 0.35 1.2 1
0 1.7470131176594739 -0.18272996687792453 0.35 0.35 1.2 1
0 -1.4582235643566337 3.0809225876545083 0.35 0.35 1.2 1
0 0.2022462730061505 -0.09087996809305787 0.35 0.35 1.2 1
0 -2.008048243643084 2.194231133454305 0.35 0.35 1.2 1
0 -3.141592653589793 0.914468015748119 0.35 0.35 1.2 1
0 -1.1938979528899694 0.12642632320944402 0.35 0.35 1.2 1
0 -1.5912073955551551 -1.246408914203772 0.35 0.35 1.2 1
0 -1.0479626271385794 0.42514427584185377 0.35 0.35 1.2 1
0 -3.141592653589793 -2.6403093111010123 0.35 0.35 1.2 1
0 -3.141592653589793 2.4259381057040814 0.35 0.35 1.2 1
0 0.9490157118408566 0.3735340260342348 0.35 0.35 1.2 1
0 -0.4894979093354431 -0.7074628406317197 0.35 0.35 1.2 1
0 -1.9087522046652443 -2.211342881054403 0.35 0.35 1.2 1
0 -1.0311570295395525 0.17225075090872077 0.35 0.35 1.2 1
0 -1.2987018728074275 1.7059547906614738 0.35 0.35 1.2 1
0 -0.00968748900412237 -0.7072370222323032 0.35 0.35 1.2 1
0 2.5607392629365493 3.045440846413319 0.35 0.35 1.2 1
0 -0.20298646487076288 1.4903686048422617 0.35 0.35 1.2 1
0 -0.14053363165533317 3.141592653589793 0.35 0.35 1.2 1
0 1.088445357792009 -0.38122114210247915 0.35 0.35 1.2 1
0 2.098264668019416 -1.0278241236892893 0.35 0.35 1.2 1
0 0.29023644520169434 0.3386359671733128 0.35 0.35 1.2 1
0 -2.818359700608895 -1.4587141372105168 0.35 0.35 1.2 1
0 0.29135925911553806 2.357048709348259 0.35 0.35 1.2 1
0 1.1106300223850165 2.1977130899954607 0.35 0.35 1.2 1
0 1.2681752456317428 -0.08253523504414745 0.35 0.35 1.2 1
0 -0.06852321212439477 -0.23179236728329025 0.35 0.35 1.2 1
0 -0.8921706803403316 2.6800339655534957 0.35 0.35 1.2 1
0 -1.980389102860715 2.441449157331604 0.35 0.35 1.2 1
0 -0.8813576259095133 3.141592653589793 0.35 0.35 1.2 1
0 -0.18881701047496713 -0.5425178258936953 0.35 0.35 1.2 1
0 1.104404683442503 2.8570007836259785 0.35 0.35 1.2 1
0 -3.141592653589793 -3.141592653589793 0.35 0.35 1.2 1
0 1.2949035789730017 2.7600054854957845 0.35 0.35 1.2 1
0 -0.5764954465799179 2.3882259520263087 0.35 0.35 1.2 1
0 2.314536290420243 2.8701444128258755 0.35 0.35 1.2 1
0 0.704832718855134 0.9126384709936053 0.35 0.35 1.2 1
0 1.9037475588477193 1.610582195860017 0.35 0.35 1.2 1
0 1.28183971246645 2.6344811389263976 0.35 0.35 1.2 1
0 -1.3790902000040726 -2.2398335399976634 0.35 0.35 1.2 1
0 -2.3503535187925566 3.141592653589793 0.35 0.35 1.2 1
0 -0.3038701638960626 1.8095144772650529 0.35 0.35 1.2 1
0 -0.5146503456651267 2.588972486990622 0.35 0.35 1.2 1
0 -3.141592653589793 0.002743647117226633 0.35 0.35 1.2 1
0 -1.378229447424443 0.3189271281498052 0.35 0.35 1.2 1
0 0.19581211270492416 0.2368265150482678 0.35 0.35 1.2 1
0 -1.5267659909710538 -0.057216534836061594 0.35 0.35 1.2 1
0 -0.5500819242683281 1.5123688102240724 0.35 0.35 1.2 1
0 2.1233006387982676 2.9688761873045957 0.35 0.35 1.2 1
0 -0.7613824522075859 -1.6301160658352711 0.35 0.35 1.2 1
0 -0.7468878410560194 0.41552523762185833 0.35 0.35 1.2 1
0 -2.2176386773712427 0.30468051687551045 0.35 0.35 1.2 1
0 -1.5198502312925048 0.04939569399871532 0.35 0.35 1.2 1
0 -2.2757398385091285 3.141592653589793 0.35 0.35 1.2 1
0 -1.1089047555482205 -2.1477756324155353 0.35 0.35 1.2 1
0 -0.6538911246947791 -0.14201609125326864 0.35 0.35 1.2 1
0 -2.752306267100062 1.1668107505846952 0.35 0.35 1.2 1
0 -3.141592653589793 2.678176628275461 0.35 0.35 1.2 1
0 -3.0046851632081104 1.85478741245473 0.35 0.35 1.2 1
0 -0.1904740043349129 3.141592653589793 0.35 0.35 1.2 1
0 -1.4284970169496258 0.8152422817032385 0.35 0.35 1.2 1
0 2.4731000406088963 -1.129759047466222 0.35 0.35 1.2 1
0 2.8155649567664525 3.076580071140892 0.35 0.35 1.2 1
0 2.2365977289699006 -0.7686923981915318 0.35 0.35 1.2 1
0 0.12503552737410994 2.4051675147039564 0.35 0.35 1.2 1
0 -1.1589568728875916 2.1988570597483044 0.35 0.35 1.2 1
0 0.8729425065629016 0.22230823709461545 0.35 0.35 1.2 1
0 2.524721235439655 -0.534768507233672 0.35 0.35 1.2 1
0 -1.1198778489976424 0.571368600530305 0.35 0.35 1.2 1
0 -3.141592653589793 3.141592653589793 0.35 0.35 1.2 1
0 0.8668891615402148 2.3881682745302393 0.35 0.35 1.2 1
0 0.20255868920585374 2.5746844849623187 0.35 0.35 1.2 1
0 -2.3162933424789234 -1.8406215859438928 0.35 0.35 1.2 1
0 -1.6027797829550867 -0.5315246781808715 0.35 0.35 1.2 1
0 3.141592653589793 1.1091670976725139 0.35 0.35 1.2 1
0 0.044201970288096984 2.481895987047352 0.35 0.35 1.2 1
0 -1.8974572657424538 3.1050818888380523 0.35 0.35 1.2 1
0 -1.7510255394438672 0.8178998964576951 0.35 0.35 1.2 1
0 -1.7095534986169478 1.2503665653788973 0.35 0.35 1.2 1
0 -3.067958840394475 0.21766163020348955 0.35 0.35 1.2 1
0 -2.1174227707238127 1.9715750900070155 0.35 0.35 1.2 1
0 -1.2004774436421124 -0.4671358302632169 0.35 0.35 1.2 1
0 -1.646298419871214 0.5519107488403634 0.35 0.35 1.2 1
0 -1.9677401281924982 1.826368681012386 0.35 0.35 1.2 1
0 2.7047025254180075 0.12211254447199815 0.35 0.35 1.2 1
0 -3.141592653589793 3.141592653589793 0.35 0.35 1.2 1
0 -2.0968808473134626 -1.736189328794357 0.35 0.35 1.2 1
0 -0.4150734349863246 1.4627407124505574 0.35 0.35 1.2 1
0 -3.141592653589793 0.8980159247861665 0.35 0.35 1.2 1
0 -2.6584511793097576 1.2130038010808137 0.35 0.35 1.2 1
0 -0.2367096057995952 1.2924246719056363 0.35 0.35 1.2 1
0 -0.5966319769261181 -1.7211076267050531 0.35 0.35 1.2 1
0 -1.4014856956214505 -1.3732443926679623 0.35 0.35 1.2 1
0 -2.2742406241730198 3.141592653589793 0.35 0.35 1.2 1
0 -0.2489500567027454 1.7200803148550803 0.35 0.35 1.2 1
0 -0.9597857639422382 0.7961006814327116 0.35 0.35 1.2 1
0 -2.8680837948358624 -0.9502390175329793 0.35 0.35 1.2 1
0 -1.8411279377283232 1.3307899099759375 0.35 0.35 1.2 1
0 -1.64136168023908 0.5902366427590874 0.35 0.35 1.2 1
0 -0.4858318630653913 0.40156810648060093 0.35 0.35 1.2 1
0 1.7918949075201096 -0.22075959865780104 0.35 0.35 1.2 1
0 -0.7341565412553637 1.0522905833250649 0.35 0.35 1.2 1
0 -1.8552157005953653 0.46052913453874067 0.35 0.35 1.2 1
0 0.42627726527708654 -1.3566512283105086 0.35 0.35 1.2 1
0 -2.9279394629725015 1.4353287006740851 0.35 0.35 1.2 1
0 -0.08812435388796303 1.9322606017838382 0.35 0.35 1.2 1
0 -2.0218168929895914 3.141592653589793 0.35 0.35 1.2 1
0 -1.7006585488233588 -1.778561528846569 0.35 0.35 1.2 1
0 0.5226760783108464 -1.0088745492021434 0.35 0.35 1.2 1
0 -3.141592653589793 1.241385864607056 0.35 0.35 1.2 1
0 -1.766451446985621 1.4464423086708633 0.35 0.35 1.2 1
0 -1.4787416671771205 0.9887221241439816 0.35 0.35 1.2 1
0 -0.30012336070591394 3.141592653589793 0.35 0.35 1.2 1
0 -0.0880883271000456 -0.7468032401401037 0.35 0.35 1.2 1
0 -3.141592653589793 1.613179738175667 0.35 0.35 1.2 1
0 -3.141592653589793 0.3114996978044222 0.35 0.35 1.2 1
0 -3.141592653589793 0.9508324186862431 0.35 0.35 1.2 1
0 1.0420792919772905 2.8083121510126534 0.35 0.35 1.2 1
0 -1.7555854586901039 2.9837075061546567 0.35 0.35 1.2 1
0 -2.7966044778277683 0.9887208801269021 0.35 0.35 1.2 1
0 0.8887132450618364 -2.018292436339828 0.35 0.35 1.2 1
0 -1.4904685115988163 3.141592653589793 0.35 0.35 1.2 1
0 -2.66311220039615 2.560898666903805 0.35 0.35 1.2 1
0 1.3908660098444987 1.7568682602533796 0.35 0.35 1.2 1
0 -3.141592653589793 -0.4918731496106309 0.35 0.35 1.2 1
0 -2.641366916118378 -3.0882329732668885 0.35 0.35 1.2 1
0 0.08973436134127899 1.9092925449752438 0.35 0.35 1.2 1
0 -1.1007106249469003 -0.08708489768996563 0.35 0.35 1.2 1
0 -2.921325198254722 -0.9438929253492783 0.35 0.35 1.2 1
0 -1.467448468262623 -0.5111938951105515 0.35 0.35 1.2 1
0 -2.2966377954892923 -0.3967792560942214 0.35 0.35 1.2 1
0 1.9280000770764105 0.36535846509813674 0.35 0.35 1.2 1
0 0.692071282852522 1.480886754359765 0.35 0.35 1.2 1
0 -2.4796084375665455 2.077444308263369 0.35 0.35 1.2 1
0 -0.9946397056141948 2.73004271825477 0.35 0.35 1.2 1
0 -1.1741993134709445 1.4129906291756376 0.35 0.35 1.2 1
0 -0.9120823635851203 -0.6029426974553969 0.35 0.35 1.2 1
0 -1.2757298227080662 3.141592653589793 0.35 0.35 1.2 1
0 -1.287863168218668 0.8117510784169443 0.35 0.35 1.2 1
0 -1.285996868484784 -1.2055154510732549 0.35 0.35 1.2 1
0 -1.042161627253608 -0.02910425368368541 0.35 0.35 1.2 1
0 -0.4756942558820709 1.6690519533867336 0.35 0.35 1.2 1
0 -1.8585133053335445 1.346576839436792 0.35 0.35 1.2 1
0 -3.141592653589793 -1.5754971983806556 0.35 0.35 1.2 1
0 0.2623732751756611 -0.8174340783808565 0.35 0.35 1.2 1
0 0.167204112038615 -0.03890532325115981 0.35 0.35 1.2 1
0 -2.4566161413962093 0.19510798854164274 0.35 0.35 1.2 1
0 -1.0690598142867977 2.019566107740908 0.35 0.35 1.2 1
0 -0.795283240805699 0.5580726116504275 0.35 0.35 1.2 1
0 0.4649692799861531 1.9084647564566268 0.35 0.35 1.2 1
0 2.7986543421012766 1.1257740279255262 0.35 0.35 1.2 1
0 -1.780666553028307 -0.16482835293233222 0.35 0.35 1.2 1
0 -1.9612343657377118 -0.3694522153235875 0.35 0.35 1.2 1
0 -3.141592653589793 -1.4386124193332066 0.35 0.35 1.2 1
0 -0.936300446679748 1.1234455842653583 0.35 0.35 1.2 1
0 0.4857535278908103 1.3681546791873642 0.35 0.35 1.2 1
0 -2.2895398294417255 1.457729034008965 0.35 0.35 1.2 1
0 -3.141592653589793 -0.5894564931421089 0.35 0.35 1.2 1
0 -0.7568227483695711 0.8099088184825749 0.35 0.35 1.2 1
0 -1.5377007822959143 1.2885805384885844 0.35 0.35 1.2 1
0 -1.516825269808314 3.141592653589793 0.35 0.35 1.2 1
0 -2.2941147642552755 -0.6896997390956234 0.35 0.35 1.2 1
0 -3.0994703738635607 1.3801756285976947 0.35 0.35 1.2 1
0 -3.141592653589793 2.646933675276583 0.35 0.35 1.2 1
0 -1.2188925077572959 2.6147491568919485 0.35 0.35 1.2 1
0 -1.9021888715005177 1.2455423078872359 0.35 0.35 1.2 1
0 -1.2748575411719476 0.28758185484625265 0.35 0.35 1.2 1
0 1.2417800432318238 0.09334980233899148 0.35 0.35 1.2 1
0 -2.361590565439786 -0.6523932513141164 0.35 0.35 1.2 1
0 -2.496322516439915 1.9917623963672313 0.35 0.35 1.2 1
