#! FIELDS time phi psi sigma_phi sigma_psi height biasf
                        #! SET multivariate false
                        #! SET kerneltype stretched-gaussian
                        #! SET min_phi -pi
                        #! SET max_phi pi
                        #! SET min_psi -pi
                        #! SET max_psi pi
0 1.5707546096470129 1.304453177823211 0.35 0.35 1.2 1
0 -1.1444765012958558 1.2630009132489355 0.35 0.35 1.2 1
0 -0.7724329292293151 1.9883855742828869 0.35 0.35 1.2 1
0 0.21310852256990603 -1.2249812515142782 0.35 0.35 1.2 1
0 -1.7558229973034096 2.475851961343365 0.35 0.35 1.2 1
0 0.3725854539312283 1.6988544003210466 0.35 0.35 1.2 1
0 0.6465017989641206 0.37957029587000823 0.35 0.35 1.2 1
0 0.472166164513653 0.8152692276458543 0.35 0.35 1.2 1
0 -0.9242541647433613 1.8701270531909637 0.35 0.35 1.2 1
0 0.21186467062408854 3.141592653589793 0.35 0.35 1.2 1
0 2.1733194211044595 -0.07554199087423719 0.35 0.35 1.2 1
0 1.3272882144359681 1.3660171965456966 0.35 0.35 1.2 1
0 -0.6749126566001176 2.4856686360318645 0.35 0.35 1.2 1
0 -2.2177546061683815 0.43830168553030285 0.35 0.35 1.2 1
0 -1.1450761131101075 0.6246598501981043 0.35 0.35 1.2 1
0 1.2585750069653963 0.8964896297740834 0.35 0.35 1.2 1
0 -1.5382154333536098 -2.893938271108993 0.35 0.35 1.2 1
0 -0.3549795874493355 0.4379418890293574 0.35 0.35 1.2 1
0 -0.45673166359368256 0.24410005049390837 0.35 0.35 1.2 1
0 1.4969536815751816 -2.5456992403028895 0.35 0.35 1.2 1
0 -0.9111163204874384 0.9881150294589852 0.35 0.35 1.2 1
0 0.6056611050321274 0.4862831049728922 0.35 0.35 1.2 1
0 0.20183691991631603 -0.1477109223249257 0.35 0.35 1.2 1
0 1.4502069917416143 -0.7974665529772862 0.35 0.35 1.2 1
0 -3.141592653589793 -0.4461351628784018 0.35 0.35 1.2 1
0 1.4615359701366486 2.1846437997136956 0.35 0.35 1.2 1
0 -1.9888743851059945 -0.42543336649134944 0.35 0.35 1.2 1
0 -0.5838402143097445 2.577267228106274 0.35 0.35 1.2 1
0 0.5437818893400872 -0.4086655125736978 0.35 0.35 1.2 1
0 -1.699315889515713 0.7274605222378491 0.35 0.35 1.2 1
0 1.1433596522088507 1.9156599821217153 0.35 0.35 1.2 1
0 -1.4216134122475632 -0.43376104103699903 0.35 0.35 1.2 1
0 -2.0071682415351453 -2.3637231197501443 0.35 0.35 1.2 1
0 -2.2288716231322026 1.4297150827838132 0.35 0.35 1.2 1
0 -1.5948425390784253 0.16837742665738464 0.35 0.35 1.2 1
0 -0.039414478560735544 1.7098912936385222 0.35 0.35 1.2 1
0 -2.033349166531933 -1.7301530548290152 0.35 0.35 1.2 1
0 0.8878754389026229 2.6652402812907736 0.35 0.35 1.2 1
0 -1.154891179894789 0.3004446503974806 0.35 0.35 1.2 1
0 -1.1067815562206733 1.961192839408973 0.35 0.35 1.2 1
0 -1.1407510395658969 1.9609406229817186 0.35 0.35 1.2 1
0 -3.141592653589793 1.3070768118499327 0.35 0.35 1.2 1
0 1.3348840717887132 1.2791502875225933 0.35 0.35 1.2 1
0 -2.8237466289968207 1.9792995763688639 0.35 0.35 1.2 1
0 -0.8055753705339261 -1.16393941988508 0.35 0.35 1.2 1
0 2.560929562088161 -0.36306744246759926 0.35 0.35 1.2 1
0 -1.4083006019086537 1.98971603875009 0.35 0.35 1.2 1
0 1.0931044334861486 0.7540628251089616 0.35 0.35 1.2 1
0 -2.6781455870873714 -3.141592653589793 0.35 0.35 1.2 1
0 0.08616143390631059 2.242348964069257 0.35 0.35 1.2 1
0 -0.9148052534305536 1.2276084898167576 0.35 0.35 1.2 1
0 1.3686606692091514 -2.927270120163818 0.35 0.35 1.2 1
0 -0.3142908671084391 -0.33242509056744773 0.35 0.35 1.2 1
0 -3.141592653589793 -1.1079131816122991 0.35 0.35 1.2 1
0 -0.7664926731358837 -0.2570504665694354 0.35 0.35 1.2 1
0 -0.7460316381332687 0.45134662350573357 0.35 0.35 1.2 1
0 -0.2102329361141526 0.39447663395611365 0.35 0.35 1.2 1
0 -1.1915491497323152 0.42144663174069796 0.35 0.35 1.2 1
0 3.141592653589793 -2.139446800216014 0.35 0.35 1.2 1
0 1.5202412679309703 -2.768682006246242 0.35 0.35 1.2 1
0 2.7053505296239035 2.6453290722329217 0.35 0.35 1.2 1
0 -2.1769600920048537 2.07684536748468 0.35 0.35 1.2 1
0 2.4614633758324302 -2.4832182692123705 0.35 0.35 1.2 1
0 0.8831751661458886 0.8094321012084578 0.35 0.35 1.2 1
0 -1.7831360117428083 -0.3326209824566013 0.35 0.35 1.2 1
0 0.9385047738073985 -1.5313569796937412 0.35 0.35 1.2 1
0 0.06691945600327182 0.7508543956863479 0.35 0.35 1.2 1
0 -0.38491032652062923 -1.25096469817939 0.35 0.35 1.2 1
0 -3.0985144898547086 1.8571596347934172 0.35 0.35 1.2 1
0 -1.0416188562348772 1.794310132618238 0.35 0.35 1.2 1
0 1.3146253746882233 2.338722955010045 0.35 0.35 1.2 1
0 -1.7089511307074292 -3.121912935237275 0.35 0.35 1.2 1
0 -2.6407165174834164 -1.1229490676440745 0.35 0.35 1.2 1
0 -1.1296347404474967 2.7738787578918735 0.35 0.35 1.2 1
0 -0.7691915073610713 0.7420138588822085 0.35 0.35 1.2 1
0 2.3562321475576855 3.141592653589793 0.35 0.35 1.2 1
0 -1.1984388017492702 -2.921035166118811 0.35 0.35 1.2 1
0 0.11373960502295599 1.3076422330880726 0.35 0.35 1.2 1
0 -3.1123065077527055 0.2617191899706184 0.35 0.35 1.2 1
0 0.2647922720708411 -0.5001918407586108 0.35 0.35 1.2 1
0 -0.009984004625965104 2.3768416468046887 0.35 0.35 1.2 1
0 0.6407765172496183 0.41575015704647605 0.35 0.35 1.2 1
0 -1.2282734199562704 1.4813206279649287 0.35 0.35 1.2 1
0 -0.30129677834576873 2.02519022670718 0.35 0.35 1.2 1
0 -2.799112394117938 0.49491212448545663 0.35 0.35 1.2 1
0 1.8491678350818328 2.3373660799356735 0.35 0.35 1.2 1
0 -3.141592653589793 -1.171811215445195 0.35 0.35 1.2 1
0 0.2598126439485482 -0.42182281678641 0.35 0.35 1.2 1
0 -0.4885722523274508 2.5129650790536493 0.35 0.35 1.2 1
0 0.7868724461152852 -0.40513304785613746 0.35 0.35 1.2 1
0 -1.6099753881443855 1.0205434454909232 0.35 0.35 1.2 1
0 -0.3137277850314883 0.18499754612798203 0.35 0.35 1.2 1
0 -0.06744918137989275 1.3200765764329974 0.35 0.35 1.2 1
0 -0.004374196947494746 -0.05506477529808129 0.35 0.35 1.2 1
0 -2.329595410900038 0.2604044702388032 0.35 0.35 1.2 1
0 -0.7902115574506077 0.7188455338948001 0.35 0.35 1.2 1
0 -3.141592653589793 1.7638238443297687 0.35 0.35 1.2 1
0 -0.07975012443578694 1.1502687280515083 0.35 0.35 1.2 1
0 -0.8251560707034549 0.05533914540499491 0.35 0.35 1.2 1
0 -1.7504422565837785 -0.953907384425452 0.35 0.35 1.2 1
0 -0.46702092736448686 0.46837259152006616 0.35 0.35 1.2 1
0 1.2227666318210049 -2.629150730646743 0.35 0.35 1.2 1
0 2.8245124008242017 0.06719345564225665 0.35 0.35 1.2 1
0 -3.141592653589793 -0.20589794381836768 0.35 0.35 1.2 1
0 -1.1299556203313328 0.7654460956150315 0.35 0.35 1.2 1
0 -0.34902703972875937 -0.46552145498499564 0.35 0.35 1.2 1
0 -1.5634647383800002 0.32968947039251256 0.35 0.35 1.2 1
0 -3.11000948539428 -1.1201320570052329 0.35 0.35 1.2 1
0 -2.2831458962050375 -1.3861745148383844 0.35 0.35 1.2 1
0 0.9610200233812929 2.279910480309418 0.35 0.35 1.2 1
0 1.3603990771972472 1.4209797697327717 0.35 0.35 1.2 1
0 -2.4787232864675097 1.6165870774571416 0.35 0.35 1.2 1
0 -0.42324108431245244 -2.387747669095357 0.35 0.35 1.2 1
0 -1.097496958671997 1.785394058158769 0.35 0.35 1.2 1
0 -1.3811538289662186 0.4510423668277439 0.35 0.35 1.2 1
0 -1.7654718485642311 -1.406907142226948 0.35 0.35 1.2 1
0 -3.0800347048533787 0.9565090485951824 0.35 0.35 1.2 1
0 -2.6177291310938555 0.5946565148742949 0.35 0.35 1.2 1
0 -2.1413855431097133 -1.0352463628772008 0.35 0.35 1.2 1
0 -0.2550847432298219 -0.8430711153707505 0.35 0.35 1.2 1
0 0.2570894942585078 1.355585654526187 0.35 0.35 1.2 1
0 2.633713075976466 -2.371740743356273 0.35 0.35 1.2 1
0 -3.141592653589793 3.141592653589793 0.35 0.35 1.2 1
0 0.3441793290842238 1.0258902957013667 0.35 0.35 1.2 1
0 -0.1341960740029545 -2.623244485555497 0.35 0.35 1.2 1
0 -0.44017834373187553 -0.5584466425643337 0.35 0.35 1.2 1
0 -0.8407413844684797 1.5929988026357338 0.35 0.35 1.2 1
0 -0.4563099780951809 2.29144807400541 0.35 0.35 1.2 1
0 -0.7530390916741776 -0.48889519145615146 0.35 0.35 1.2 1
0 -3.141592653589793 1.0720637086117684 0.35 0.35 1.2 1
0 1.5940638778429386 2.059265719179438 0.35 0.35 1.2 1
0 -2.291612393580859 3.00552071482128 0.35 0.35 1.2 1
0 -2.792921976970337 2.452393209245507 0.35 0.35 1.2 1
0 0.6515801385766178 0.20052465029096592 0.35 0.35 1.2 1
0 -0.8813016541748161 -0.4718821852824514 0.35 0.35 1.2 1
0 0.7299353343604998 -0.9231802325377478 0.35 0.35 1.2 1
0 -1.332366184657564 -0.3891406192373281 0.35 0.35 1.2 1
0 0.08963152304007449 -0.7009782745012387 0.35 0.35 1.2 1
0 3.058104883643018 2.8626584783628823 0.35 0.35 1.2 1
0 -2.7894124612303686 -3.141592653589793 0.35 0.35 1.2 1
0 -1.5622665715665596 -1.8525591035084075 0.35 0.35 1.2 1
0 0.19825160774201223 1.7228661694181335 0.35 0.35 1.2 1
0 -1.3439136579426885 -0.9333027177553858 0.35 0.35 1.2 1
0 -0.585682882343969 -0.3365037598368764 0.35 0.35 1.2 1
0 3.141592653589793 -2.5768121150391834 0.35 0.35 1.2 1
0 2.3652757154778925 -1.3657425712886524 0.35 0.35 1.2 1
0 0.7263439179327995 0.7696194766968895 0.35 0.35 1.2 1
0 -2.3413569845577946 0.2466892050255498 0.35 0.35 1.2 1
0 -0.36934411918535304 0.8873241091796849 0.35 0.35 1.2 1
0 1.4790442449229189 0.640410334800358 0.35 0.35 1.2 1
0 -1.3866063470006424 2.0256707865855414 0.35 0.35 1.2 1
0 1.1430169544423838 -1.507318763137019 0.35 0.35 1.2 1
0 0.27546191827570493 -1.8705685575278177 0.35 0.35 1.2 1
0 -1.6591031804963055 -1.0678737991274516 0.35 0.35 1.2 1
0 -1.3392935161004509 0.25180637756542246 0.35 0.35 1.2 1
0 -1.5903160309995494 -0.3036767848348889 0.35 0.35 1.2 1
0 -1.062792936272208 -2.997901612186323 0.35 0.35 1.2 1
0 2.1802922467937718 0.9790830774618791 0.35 0.35 1.2 1
0 -1.9193787841716334 1.1284976194391008 0.35 0.35 1.2 1
0 2.4276723069591037 1.2126589858756294 0.35 0.35 1.2 1
0 0.7724461867819067 -1.3226452458825233 0.35 0.35 1.2 1
0 1.989538472266824 0.6782261406011946 0.35 0.35 1.2 1
0 -0.8288145610404075 -1.0864455672317206 0.35 0.35 1.2 1
0 -0.09490298346343629 2.686954946240361 0.35 0.35 1.2 1
0 -0.1296984460370974 -0.059127542971360914 0.35 0.35 1.2 1
0 -0.6146352497725583 3.141592653589793 0.35 0.35 1.2 1
0 -0.3869621670580695 2.347263228049272 0.35 0.35 1.2 1
0 0.8586738412806992 3.1344718935740152 0.35 0.35 1.2 1
0 -2.2454992550632813 0.7662591709608281 0.35 0.35 1.2 1
0 1.505879200659018 1.1932660910786856 0.35 0.35 1.2 1
0 -0.6923241688475701 1.0178701749801022 0.35 0.35 1.2 1
0 -1.921555330006035 -1.5357859373844742 0.35 0.35 1.2 1
0 -1.5028477283855568 3.141592653589793 0.35 0.35 1.2 1
0 0.127732426177012 0.059648515234018706 0.35 0.35 1.2 1
0 -2.572932663629371 1.0780572158237487 0.35 0.35 1.2 1
0 -1.419147462803707 0.7798188327912732 0.35 0.35 1.2 1
0 -1.1165591689240177 -0.7881571781324597 0.35 0.35 1.2 1
0 2.596033232090021 2.2837787433923094 0.35 0.35 1.2 1
0 0.6413520892784753 0.4327104659025121 0.35 0.35 1.2 1
0 0.48220993709095683 1.6597612881367034 0.35 0.35 1.2 1
0 2.4010960157851264 -2.8589508849961653 0.35 0.35 1.2 1
0 -2.8359068846599245 2.747114443090835 0.35 0.35 1.2 1
0 0.7742335504304362 0.4720306495014466 0.35 0.35 1.2 1
0 -0.8849769596315189 -3.141592653589793 0.35 0.35 1.2 1
0 0.5241172644687735 -1.1224750156379306 0.35 0.35 1.2 1
0 -0.697474154718357 -3.141592653589793 0.35 0.35 1.2 1
0 -0.7255850342452591 0.049544062987771476 0.35 0.35 1.2 1
0 -0.3204422927241599 2.5460647055212946 0.35 0.35 1.2 1
0 0.2715695755631835 -1.1172505763719198 0.35 0.35 1.2 1
0 -0.09668830776873169 1.427016989010644 0.35 0.35 1.2 1
0 -2.4659391148507943 0.26705097038449543 0.35 0.35 1.2 1
0 -3.041461743171957 -3.141592653589793 0.35 0.35 1.2 1
0 -1.3604708833123742 0.7693899610276334 0.35 0.35 1.2 1
0 -2.7371384068732754 0.8298525869815738 0.35 0.35 1.2 1
0 -1.1699468853478272 2.0664827918477373 0.35 0.35 1.2 1
0 -0.8183863592438617 1.4404957691802562 0.35 0.35 1.2 1
0 -0.9368845447444765 -0.8474469379263254 0.35 0.35 1.2 1
0 -0.9004215851322547 -0.18277099622603693 0.35 0.35 1.2 1
0 -0.30603349465525276 0.9402306524375372 0.35 0.35 1.2 1
0 -2.935947904891634 0.1863048125101301 0.35 0.35 1.2 1
0 -0.6664771628544368 -0.6703546342212381 0.35 0.35 1.2 1
0 0.22675118461395072 -0.2631057885508654 0.35 0.35 1.2 1
0 -1.4496588564792563 0.108107970305376 0.35 0.35 1.2 1
0 0.3768312527713593 -0.02106023657771272 0.35 0.35 1.2 1
0 -2.8365503612796528 -0.6264558800752993 0.35 0.35 1.2 1
0 -0.30428830004061214 -1.5391707787841369 0.35 0.35 1.2 1
0 -2.040829202974076 -1.3702555911298684 0.35 0.35 1.2 1
0 0.5677589395221123 0.39979211336979353 0.35 0.35 1.2 1
0 -2.383933982574338 3.141592653589793 0.35 0.35 1.2 1
0 0.8658109089517549 1.89220761877541 0.35 0.35 1.2 1
0 -1.2358853628951174 2.0372413470727433 0.35 0.35 1.2 1
0 -3.1062425255740065 -2.9577422950387353 0.35 0.35 1.2 1
0 -0.2510187162105943 1.5851641520183477 0.35 0.35 1.2 1
0 -2.7076899860488526 0.09463426331988556 0.35 0.35 1.2 1
0 0.9949532806885331 1.0173280805249203 0.35 0.35 1.2 1
0 -1.481628712781809 -0.17456242834678215 0.35 0.35 1.2 1
0 0.23953606660703908 2.4847154593211185 0.35 0.35 1.2 1
0 1.0858065133135524 -0.46320972350630446 0.35 0.35 1.2 1
0 -0.8918786649317741 2.242413942682532 0.35 0.35 1.2 1
0 0.21839781974821193 2.958106099741414 0.35 0.35 1.2 1
0 -3.08988022517046 0.763977116267923 0.35 0.35 1.2 1
0 -0.27626485254959876 0.15354880106210725 0.35 0.35 1.2 1
0 -3.051661118442289 0.6969046129003182 0.35 0.35 1.2 1
0 -1.6142995357524481 1.3230088059080527 0.35 0.35 1.2 1
0 1.032110304721367 1.6842355730277996 0.35 0.35 1.2 1
0 -1.8478260224492886 -0.073943157076239 0.35 0.35 1.2 1
0 0.6186811681567355 -2.078271574906056 0.35 0.35 1.2 1
0 0.8914693869257622 -2.8816166083885193 0.35 0.35 1.2 1
0 -0.30404271108880243 -0.7602697301919945 0.35 0.35 1.2 1
0 0.5681512181340815 -1.2414354850895233 0.35 0.35 1.2 1
0 0.3223512032291491 1.7459576029646189 0.35 0.35 1.2 1
0 -2.489118759054202 1.1325589074919677 0.35 0.35 1.2 1
0 -3.141592653589793 0.7856390799063687 0.35 0.35 1.2 1
0 -1.3577368011792412 3.141592653589793 0.35 0.35 1.2 1
0 -3.094730298266083 -0.4153092584303333 0.35 0.35 1.2 1
0 -0.871574353688787 1.2542987148856248 0.35 0.35 1.2 1
0 -2.1099396774543844 -1.555581856945544 0.35 0.35 1.2 1
0 1.2870926611057443 1.6473654286323889 0.35 0.35 1.2 1
0 -3.141592653589793 -1.1251789938503745 0.35 0.35 1.2 1
0 -0.9734832743703155 1.4195209851471113 0.35 0.35 1.2 1
0 1.418528343267461 2.385485932724711 0.35 0.35 1.2 1
0 1.4148499309243532 -0.4650758406136192 0.35 0.35 1.2 1
0 -1.4714449552336548 -0.14925429941690416 0.35 0.35 1.2 1
0 1.8633440068258922 2.2740527860359894 0.35 0.35 1.2 1
0 -0.6467172590561748 0.19245877577522286 0.35 0.35 1.2 1
0 0.6432070358957892 1.7683786075207395 0.35 0.35 1.2 1
0 0.16844695940117274 2.5609988599760585 0.35 0.35 1.2 1
0 0.4788688003975911 0.7865498257236643 0.35 0.35 1.2 1
0 1.3184501941316207 0.05160939074363058 0.35 0.35 1.2 1
0 -1.0031862299392147 0.49664306848023326 0.35 0.35 1.2 1
0 1.6509685254773978 0.3166028353947973 0.35 0.35 1.2 1
0 -0.3340234208410914 1.7799953219102087 0.35 0.35 1.2 1
0 0.040723582717173024 -0.6089871016945396 0.35 0.35 1.2 1
0 0.7680890659877286 2.7392426579190703 0.35 0.35 1.2 1
0 -1.1396517205426353 2.657499348348935 0.35 0.35 1.2 1
0 -3.141592653589793 0.4613992410031239 0.35 0.35 1.2 1
0 -1.9071466387676557 0.5841146859428529 0.35 0.35 1.2 1
0 -2.064550454464575 3.141592653589793 0.35 0.35 1.2 1
0 -2.685012924299711 2.060338070713054 0.35 0.35 1.2 1
0 -0.9650705354530743 2.6189807436923536 0.35 0.35 1.2 1
0 -2.713580625226723 2.3295939150068463 0.35 0.35 1.2 1
0 -1.166564001927084 2.5849608245046745 0.35 0.35 1.2 1
0 -1.3365839518237252 -0.5762503909696421 0.35 0.35 1.2 1
0 0.5791543432803075 3.141592653589793 0.35 0.35 1.2 1
0 1.7992994828555104 3.141592653589793 0.35 0.35 1.2 1
0 0.17325770733939033 -0.3149420443081521 0.35 0.35 1.2 1
0 0.4853868647464223 -2.0507064122400505 0.35 0.35 1.2 1
0 1.0540929881702488 -0.3744086966222828 0.35 0.35 1.2 1
0 1.6140385807311568 3.141592653589793 0.35 0.35 1.2 1
0 -1.7725420199729456 -0.8154323588521826 0.35 0.35 1.2 1
0 -1.6058873795255164 3.141592653589793 0.35 0.35 1.2 1
0 0.4897361212420295 1.5356668981340007 0.35 0.35 1.2 1
0 -0.5060971066167412 3.141592653589793 0.35 0.35 1.2 1
0 -3.141592653589793 0.42791681658323966 0.35 0.35 1.2 1
0 -3.133134112660972 -0.05970595346051644 0.35 0.35 1.2 1
0 -1.1419761151671048 2.3183324510100687 0.35 0.35 1.2 1
0 -3.0228229580057824 0.28927612161728455 0.35 0.35 1.2 1
0 0.5841396682896949 3.141592653589793 0.35 0.35 1.2 1
0 0.42019642944929525 2.5589654946999443 0.35 0.35 1.2 1
0 -2.082720443002262 -0.027551780963466846 0.35 0.35 1.2 1
0 -2.2998459350316676 3.141592653589793 0.35 0.35 1.2 1
0 0.21472027784824488 0.0029213611778104442 0.35 0.35 1.2 1
0 -0.34325995839932 2.143038948515956 0.35 0.35 1.2 1
0 -2.3620702627504193 3.141592653589793 0.35 0.35 1.2 1
0 0.32599194140046617 -1.9015556947539496 0.35 0.35 1.2 1
0 0.17293520879406588 0.053643836230165665 0.35 0.35 1.2 1
0 -2.7282826665017144 1.1671588611924812 0.35 0.35 1.2 1
0 -1.5017350097507647 -0.1637240328465861 0.35 0.35 1.2 1
0 -1.5628956057754835 3.0135806112025825 0.35 0.35 1.2 1
0 -1.0351622085595886 1.6468169035305515 0.35 0.35 1.2 1
0 -1.2278726248226635 2.330368760218385 0.35 0.35 1.2 1
0 -0.23069935945399409 -0.46844572800934103 0.35 0.35 1.2 1
0 0.14943110878104915 2.241920152578618 0.35 0.35 1.2 1
0 -1.1377046680760619 0.0067325422090421805 0.35 0.35 1.2 1
0 -2.823320819732657 1.149278598473128 0.35 0.35 1.2 1
0 1.5049963334472611 -0.3272744157458035 0.35 0.35 1.2 1
0 0.9047604720871965 -0.6422945649011326 0.35 0.35 1.2 1
0 0.5556738962078731 1.3817193581049845 0.35 0.35 1.2 1
0 -0.14086530649211537 1.7116341428377444 0.35 0.35 1.2 1
0 -3.141592653589793 3.086899018679865 0.35 0.35 1.2 1
0 -3.0100585321395688 3.141592653589793 0.35 0.35 1.2 1
0 -0.36390363318877283 3.0806121544137253 0.35 0.35 1.2 1
0 -2.092321953188898 1.732345067308802 0.35 0.35 1.2 1
0 0.4949299446765094 -0.7125832989452117 0.35 0.35 1.2 1
0 1.5781897737930053 0.5757060303068232 0.35 0.35 1.2 1
0 0.5735284659071714 2.243671207245852 0.35 0.35 1.2 1
0 1.795942191728596 1.0668611864610442 0.35 0.35 1.2 1
0 0.2397403292909528 0.814167455790253 0.35 0.35 1.2 1
0 0.08248918232886965 1.4262153928250332 0.35 0.35 1.2 1
0 1.1641932570263978 -1.9499473646164138 0.35 0.35 1.2 1
0 0.017916299144689507 0.8276423761855383 0.35 0.35 1.2 1
0 -2.5445506789948196 1.9655414791201098 0.35 0.35 1.2 1
0 -0.5863046109868729 0.9714973476945493 0.35 0.35 1.2 1
0 -0.04020738181229566 -0.09956743798083545 0.35 0.35 1.2 1
0 1.2260891137273313 -1.4636608798666353 0.35 0.35 1.2 1
0 -3.141592653589793 2.327714702435543 0.35 0.35 1.2 1
0 0.4277235322791615 3.141592653589793 0.35 0.35 1.2 1
0 -0.17978871043470587 -1.0187497956809035 0.35 0.35 1.2 1
0 -3.141592653589793 -0.6618736017415819 0.35 0.35 1.2 1
0 -2.186780357092621 1.849676792384475 0.35 0.35 1.2 1
0 1.5887979297673716 2.2317748659064507 0.35 0.35 1.2 1
0 -0.7621136217583524 -2.725734903752392 0.35 0.35 1.2 1
0 -0.15646289620810117 -1.9796232145490646 0.35 0.35 1.2 1
0 -0.872261531382579 3.141592653589793 0.35 0.35 1.2 1
0 -1.4242320574988647 0.4940984333200662 0.35 0.35 1.2 1
0 0.08313238108974591 0.5399918592891741 0.35 0.35 1.2 1
0 -3.141592653589793 0.6573942003266793 0.35 0.35 1.2 1
0 -1.4260767762278364 2.6175173570870105 0.35 0.35 1.2 1
0 -1.0627875594945588 -0.4600961257461895 0.35 0.35 1.2 1
0 -2.6611912304888343 3.141592653589793 0.35 0.35 1.2 1
0 -2.1442654797329475 1.496977428523212 0.35 0.35 1.2 1
0 -1.8931707538965492 0.5193701372693125 0.35 0.35 1.2 1
0 0.5562234145305653 -0.44262148884087116 0.35 0.35 1.2 1
0 -1.6950207846629533 -1.4253570021228175 0.35 0.35 1.2 1
0 -2.7147555030771473 1.0323839107975725 0.35 0.35 1.2 1
0 -0.6601487008502642 2.2609826823301007 0.35 0.35 1.2 1
0 -3.141592653589793 2.0293430024770958 0.35 0.35 1.2 1
0 -2.6288503412885866 -0.5497202964681526 0.35 0.35 1.2 1
0 -2.438154659404488 0.7511675178946595 0.35 0.35 1.2 1
0 -1.9450754613424743 3.141592653589793 0.35 0.35 1.2 1
0 -0.17655701434318843 1.9757638449972352 0.35 0.35 1.2 1
0 -0.34442944961914956 1.058104864811606 0.35 0.35 1.2 1
0 -1.6937410141874647 1.3940004335073266 0.35 0.35 1.2 1
0 -0.8356836156829581 -0.5392638954895805 0.35 0.35 1.2 1
0 0.7478716862952899 0.6935468385743799 0.35 0.35 1.2 1
0 -2.4376264746925522 1.859103143232879 0.35 0.35 1.2 1
0 -1.4210766547953875 3.141592653589793 0.35 0.35 1.2 1
0 -0.6018721977199547 1.780889978047378 0.35 0.35 1.2 1
0 -0.6287188397552086 3.141592653589793 0.35 0.35 1.2 1
0 -2.701815367253023 0.2801753091919505 0.35 0.35 1.2 1
0 -1.5156425652153307 -0.73315285818967 0.35 0.35 1.2 1
0 0.6457882276376525 0.6839677707064236 0.35 0.35 1.2 1
0 -1.4723757748292658 2.1524069785969715 0.35 0.35 1.2 1
0 -0.7973770008387524 1.6276242527003593 0.35 0.35 1.2 1
0 -3.141592653589793 -1.4365813321803305 0.35 0.35 1.2 1
0 -1.1302637470099859 0.09305778701202189 0.35 0.35 1.2 1
0 -1.3759307150212168 3.141592653589793 0.35 0.35 1.2 1
0 -1.8379362553379894 -1.1580521902210976 0.35 0.35 1.2 1
0 -1.6477535246258797 1.3173343933423967 0.35 0.35 1.2 1
0 -3.1383736581268393 -1.819371612143531 0.35 0.35 1.2 1
0 -0.6293953699564514 3.0162973272242537 0.35 0.35 1.2 1
0 -2.0050529063643987 0.5388055919000906 0.35 0.35 1.2 1
0 3.141592653589793 1.1285063278567309 0.35 0.35 1.2 1
0 -2.3107145410562104 2.3655450263569633 0.35 0.35 1.2 1
0 -0.5040974153506906 2.699353078519057 0.35 0.35 1.2 1
0 -2.806634881251564 0.16738804288146958 0.35 0.35 1.2 1
0 0.9861601345337887 -0.5180237355991353 0.35 0.35 1.2 1
0 3.141592653589793 1.634244824031069 0.35 0.35 1.2 1
0 -1.9658555522505305 1.9721728665075628 0.35 0.35 1.2 1
0 0.30119445122332067 0.38285150326065465 0.35 0.35 1.2 1
0 -2.609653510518739 1.3348798456298614 0.35 0.35 1.2 1
0 1.06561074181653 0.3050030302993647 0.35 0.35 1.2 1
0 -1.2226797349560379 -0.6680163487963791 0.35 0.35 1.2 1
0 -0.4680072310941543 0.8708332633608937 0.35 0.35 1.2 1
0 -0.8282314923409008 0.6601969311353274 0.35 0.35 1.2 1
0 -0.28071906949048375 1.7097184496310744 0.35 0.35 1.2 1
0 -1.607348145771688 1.4170153006989072 0.35 0.35 1.2 1
0 -3.141592653589793 2.4409726702345247 0.35 0.35 1.2 1
0 0.3299788051120137 3.141592653589793 0.35 0.35 1.2 1
0 1.4316616028008358 -0.0841770712940019 0.35 0.35 1.2 1
0 1.3603872986799115 0.40109097859085296 0.35 0.35 1.2 1
0 -2.087373781996531 2.45919036349698 0.35 0.35 1.2 1
0 -2.4841141387184527 0.5086990314349311 0.35 0.35 1.2 1
0 -1.7728712292898647 -0.5903278748201859 0.35 0.35 1.2 1
0 0.1126091850773896 0.3873118605205602 0.35 0.35 1.2 1
0 -1.0999778013360253 -0.6272675219029646 0.35 0.35 1.2 1
0 -0.5554405838487111 2.0018786650556395 0.35 0.35 1.2 1
0 -2.447645507757952 -1.9098244413116938 0.35 0.35 1.2 1
0 -1.8587855120237724 -0.28547609792162126 0.35 0.35 1.2 1
0 -2.2575867148163686 2.270698899322846 0.35 0.35 1.2 1
0 -2.4697891819727134 -0.1148177625184692 0.35 0.35 1.2 1
0 -3.136942806564911 1.224937359763438 0.35 0.35 1.2 1
0 -2.634347370954784 -0.21792641409664015 0.35 0.35 1.2 1
0 -2.9082567337851666 2.0302118594213865 0.35 0.35 1.2 1
0 -0.7023680006997182 0.48510509748820585 0.35 0.35 1.2 1
0 -1.4375847745734616 1.2103665241017498 0.35 0.35 1.2 1
0 -1.238658291541765 0.4998045614574975 0.35 0.35 1.2 1
0 -0.3491059723320711 -1.5018089149752223 0.35 0.35 1.2 1
0 -1.0289175363028784 2.1676869228279614 0.35 0.35 1.2 1
0 -3.141592653589793 0.12411281561003085 0.35 0.35 1.2 1
