#! FIELDS time phi psi sigma_phi sigma_psi height biasf
                        #! SET multivariate false
                        #! SET kerneltype stretched-gaussian
                        #! SET min_phi -pi
                        #! SET max_phi pi
                        #! SET min_psi -pi
                        #! SET max_psi pi
0 0.6553579007184779 3.141592653589793 0.35 0.35 1.2 1
0 -0.086692470015406 0.038019707259808744 0.35 0.35 1.2 1
0 -2.6914010708097273 -0.22955248705624864 0.35 0.35 1.2 1
0 -0.596367125300493 -1.03698705880111 0.35 0.35 1.2 1
0 2.4409090339363115 0.6709359516786242 0.35 0.35 1.2 1
0 1.0879830982578687 -0.5890983759083503 0.35 0.35 1.2 1
0 0.32215199663337013 -0.4943505124952414 0.35 0.35 1.2 1
0 1.7520936917565992 1.1870155622454752 0.35 0.35 1.2 1
0 -0.5843534455596981 -0.6120471528624121 0.35 0.35 1.2 1
0 3.141592653589793 1.1255735091558152 0.35 0.35 1.2 1
0 0.4417886657392452 2.6233756579534946 0.35 0.35 1.2 1
0 1.0978119347841522 2.7943459981932675 0.35 0.35 1.2 1
0 -1.8069495614328468 0.4072114889836336 0.35 0.35 1.2 1
0 -1.8583409511035969 -1.3645798233530642 0.35 0.35 1.2 1
0 -0.4521357696452004 -1.0776493102254865 0.35 0.35 1.2 1
0 -0.04689291748941815 -0.5474163993690522 0.35 0.35 1.2 1
0 -1.8562703448325193 -0.3779930593196371 0.35 0.35 1.2 1
0 0.3547153601358431 2.1965803167277325 0.35 0.35 1.2 1
0 -1.9871175139433186 1.202349403216088 0.35 0.35 1.2 1
0 -1.2033498168532002 0.4101246713666046 0.35 0.35 1.2 1
0 -0.17814417773688387 0.31950680495044037 0.35 0.35 1.2 1
0 2.1078806446816682 0.3206193090295427 0.35 0.35 1.2 1
0 0.057174819700518575 1.2655026811814631 0.35 0.35 1.2 1
0 1.6380606817160395 -3.095330891296664 0.35 0.35 1.2 1
0 -3.141592653589793 1.4727673422116152 0.35 0.35 1.2 1
0 0.5567879046690445 1.7675488070065963 0.35 0.35 1.2 1
0 -3.141592653589793 3.141592653589793 0.35 0.35 1.2 1
0 -1.8708068263454958 2.0462587645930554 0.35 0.35 1.2 1
0 0.5442255657944103 1.4565433030030852 0.35 0.35 1.2 1
0 0.21322351731803568 -1.1230347721175251 0.35 0.35 1.2 1
0 -0.16903453647409283 0.11549937407279876 0.35 0.35 1.2 1
0 -0.8773336328714623 -1.0444716369016027 0.35 0.35 1.2 1
0 -0.9877924753296417 -1.7275134716839127 0.35 0.35 1.2 1
0 -2.7359632010886257 -0.94225157789119 0.35 0.35 1.2 1
0 0.009306444569563421 1.1907958437745574 0.35 0.35 1.2 1
0 -1.5766537343829023 1.702315401601973 0.35 0.35 1.2 1
0 -3.141592653589793 -3.141592653589793 0.35 0.35 1.2 1
0 -0.5842443402698854 2.412799943540412 0.35 0.35 1.2 1
0 -3.1289560810634907 0.8341204751542225 0.35 0.35 1.2 1
0 1.6138931771618918 2.222358031467739 0.35 0.35 1.2 1
0 -2.438781349417128 3.0978383456365526 0.35 0.35 1.2 1
0 -0.9915301216279542 -0.9340068430249326 0.35 0.35 1.2 1
0 -0.6600302301378272 0.01113773084332552 0.35 0.35 1.2 1
0 0.2757578446439508 1.529832213280915 0.35 0.35 1.2 1
0 -1.118118549415767 -2.7621403442522237 0.35 0.35 1.2 1
0 0.24311670869595906 0.26141853040782187 0.35 0.35 1.2 1
0 -1.2401457029641398 1.5044173477817717 0.35 0.35 1.2 1
0 -0.8250576621872332 0.0906920942615394 0.35 0.35 1.2 1
0 -1.300365424898437 -2.2524735469118493 0.35 0.35 1.2 1
0 3.141592653589793 0.014593562387042014 0.35 0.35 1.2 1
0 -3.040065767002786 1.4224445571167763 0.35 0.35 1.2 1
0 2.2277845533912384 -1.384057264070934 0.35 0.35 1.2 1
0 1.4440971157174467 0.6353726585372692 0.35 0.35 1.2 1
0 -2.9218352398515055 1.754401266774488 0.35 0.35 1.2 1
0 -1.1221792219964037 2.204875468478907 0.35 0.35 1.2 1
0 -2.2438267036879225 -0.054441716230576476 0.35 0.35 1.2 1
0 0.35622337225497197 -0.339704080130398 0.35 0.35 1.2 1
0 -0.45636862627993036 1.7030693230641472 0.35 0.35 1.2 1
0 3.141592653589793 -1.6650562630834496 0.35 0.35 1.2 1
0 0.4591649437773493 -2.7463079684270046 0.35 0.35 1.2 1
0 2.1211263016293906 2.438643143876504 0.35 0.35 1.2 1
0 -0.102209739710867 2.069274021419467 0.35 0.35 1.2 1
0 1.3008803041546955 -3.141592653589793 0.35 0.35 1.2 1
0 0.6666228924246347 0.2490696525867213 0.35 0.35 1.2 1
0 -1.9246473687939245 1.4803535559761372 0.35 0.35 1.2 1
0 3.099939070556987 -0.09179783082257098 0.35 0.35 1.2 1
0 0.9907410294662279 1.7727285880110477 0.35 0.35 1.2 1
0 -0.506312330755506 0.747948102771394 0.35 0.35 1.2 1
0 0.1058545277723113 0.1841448395044619 0.35 0.35 1.2 1
0 -1.6680555996488773 2.1998971872054884 0.35 0.35 1.2 1
0 1.6716340741354032 2.3452802213119424 0.35 0.35 1.2 1
0 -1.0149983658935238 -1.8453530522907013 0.35 0.35 1.2 1
0 -1.3761322858781964 -2.525941788529788 0.35 0.35 1.2 1
0 -1.2640876466240916 2.431962651471473 0.35 0.35 1.2 1
0 0.35048017823901434 2.666096731050671 0.35 0.35 1.2 1
0 0.1691524137900653 0.7535503377717112 0.35 0.35 1.2 1
0 0.24447852892702893 -0.32338904950552655 0.35 0.35 1.2 1
0 -2.214588021428846 -0.14353296710449415 0.35 0.35 1.2 1
0 -1.265015714750077 3.141592653589793 0.35 0.35 1.2 1
0 -0.7326137429418587 0.6143880536398597 0.35 0.35 1.2 1
0 1.2809334215794803 1.961197068739909 0.35 0.35 1.2 1
0 0.015153120686598607 -0.05849146646538439 0.35 0.35 1.2 1
0 -1.9317921688674948 2.1644358252340195 0.35 0.35 1.2 1
0 1.1234110891363014 3.141592653589793 0.35 0.35 1.2 1
0 -2.1769614487367024 -0.27145086166671195 0.35 0.35 1.2 1
0 1.4627933241451696 2.168846943708299 0.35 0.35 1.2 1
0 -2.414115491788816 -1.6163625938389472 0.35 0.35 1.2 1
0 -1.2935814185020678 0.6732427171711937 0.35 0.35 1.2 1
0 0.9586562784235907 0.8155556047523514 0.35 0.35 1.2 1
0 0.8929656707985503 0.5701018493277884 0.35 0.35 1.2 1
0 -2.145344977816171 2.8558833560511228 0.35 0.35 1.2 1
0 -0.48711773457878355 0.3142641485194693 0.35 0.35 1.2 1
0 3.141592653589793 2.9983189413518927 0.35 0.35 1.2 1
0 -2.3079742298928023 1.7516789978205298 0.35 0.35 1.2 1
0 -0.9618698063931882 3.141592653589793 0.35 0.35 1.2 1
0 -2.2548711919754862 1.4151939637276683 0.35 0.35 1.2 1
0 -2.9250942854196347 -1.0789109041617557 0.35 0.35 1.2 1
0 -0.9707001127290029 2.244158789636092 0.35 0.35 1.2 1
0 -0.9139023130340738 0.09286048985093664 0.35 0.35 1.2 1
0 -2.024526356018166 -0.8874275139125261 0.35 0.35 1.2 1
0 -0.9088921460203271 -0.12255786774138863 0.35 0.35 1.2 1
0 3.141592653589793 -0.33482491787663243 0.35 0.35 1.2 1
0 1.4176745715114312 -1.3023915985535854 0.35 0.35 1.2 1
0 -0.39683930907005127 -1.287476018481197 0.35 0.35 1.2 1
0 2.1581572385162855 1.3450466118446853 0.35 0.35 1.2 1
0 -1.0028766169582368 -0.5530649053252197 0.35 0.35 1.2 1
0 -1.240414214774636 1.6684499222934037 0.35 0.35 1.2 1
0 -0.9621683418618439 0.9486318042727763 0.35 0.35 1.2 1
0 -2.0771097463918835 -2.374821278546846 0.35 0.35 1.2 1
0 -1.694272711939777 3.141592653589793 0.35 0.35 1.2 1
0 1.8747551963982716 0.5830259777210469 0.35 0.35 1.2 1
0 -2.1522438337325447 1.1361154739150183 0.35 0.35 1.2 1
0 -1.7639505228324601 -1.358678223319417 0.35 0.35 1.2 1
0 -1.5358789908629757 0.7501706010548002 0.35 0.35 1.2 1
0 0.06331477643417904 -0.4501506342476246 0.35 0.35 1.2 1
0 0.23115931364083409 -1.046232969964511 0.35 0.35 1.2 1
0 -3.038205063528745 -0.46869240527319755 0.35 0.35 1.2 1
0 -3.141592653589793 -1.1633149096488875 0.35 0.35 1.2 1
0 -1.0862500230551033 -1.1636616561117372 0.35 0.35 1.2 1
0 -1.7718041274932004 -1.5572801511034098 0.35 0.35 1.2 1
0 1.663121941076939 1.2506163921558053 0.35 0.35 1.2 1
0 -1.9585496883478468 0.36024588917473 0.35 0.35 1.2 1
0 -3.141592653589793 2.176855354997603 0.35 0.35 1.2 1
0 1.2344079355225261 0.5634275732506207 0.35 0.35 1.2 1
0 0.6779682076704143 -2.0516237356080707 0.35 0.35 1.2 1
0 1.2036510273336252 -2.9675548150355464 0.35 0.35 1.2 1
0 0.9427490890984922 0.7419417471876775 0.35 0.35 1.2 1
0 1.4858975433804782 2.3137494861211496 0.35 0.35 1.2 1
0 -0.7103337331290397 0.2672660400855079 0.35 0.35 1.2 1
0 -0.6082359362431518 2.3732535136222133 0.35 0.35 1.2 1
0 2.9258670350491593 2.3338821054057783 0.35 0.35 1.2 1
0 -0.1947904262302652 2.4292951374532814 0.35 0.35 1.2 1
0 -2.4055732771476457 0.8972062138780732 0.35 0.35 1.2 1
0 1.054907012816176 -1.220501644848491 0.35 0.35 1.2 1
0 -1.0737033294410612 -3.141592653589793 0.35 0.35 1.2 1
0 0.007019444312310719 -0.5086879390549157 0.35 0.35 1.2 1
0 -0.39782442661441997 2.1138128551542152 0.35 0.35 1.2 1
0 -0.27794977016614525 2.1907248678323423 0.35 0.35 1.2 1
0 0.3015602323382569 2.6282318775901485 0.35 0.35 1.2 1
0 -3.141592653589793 -2.0948680239315527 0.35 0.35 1.2 1
0 0.35195892710544396 -0.2800644658384172 0.35 0.35 1.2 1
0 -1.2900195722999048 0.2521411766528898 0.35 0.35 1.2 1
0 -1.6261214164485394 -2.591936069000794 0.35 0.35 1.2 1
0 -0.9266406915362977 -1.8652672511488864 0.35 0.35 1.2 1
0 1.508005507743996 0.18072161787797492 0.35 0.35 1.2 1
0 3.141592653589793 -0.2607420208524387 0.35 0.35 1.2 1
0 -3.141592653589793 -0.42805430236486364 0.35 0.35 1.2 1
0 -0.7485558927859859 0.6098611742769826 0.35 0.35 1.2 1
0 0.717510260029993 -1.5515293119840377 0.35 0.35 1.2 1
0 0.9538006605502547 1.020506129481766 0.35 0.35 1.2 1
0 -0.016402298865571208 3.141592653589793 0.35 0.35 1.2 1
0 0.7372644206783585 1.7255855514819185 0.35 0.35 1.2 1
0 -1.1852361703192975 -2.9544507166884424 0.35 0.35 1.2 1
0 -0.9873548900595218 0.7339758178798018 0.35 0.35 1.2 1
0 -2.8913896527706866 2.9605017994906238 0.35 0.35 1.2 1
0 0.23474913899205707 -2.685047940295137 0.35 0.35 1.2 1
0 -1.7457873315832728 -2.975944329512304 0.35 0.35 1.2 1
0 1.652891184916549 2.2490687318877023 0.35 0.35 1.2 1
0 0.14307681559980956 1.7752925059846882 0.35 0.35 1.2 1
0 2.1569559128509455 -1.33602511436991 0.35 0.35 1.2 1
0 -1.0495247677833472 -2.5839933087036324 0.35 0.35 1.2 1
0 -1.3628083570264256 -0.5239159080866269 0.35 0.35 1.2 1
0 -2.3516080945527706 -1.5042245131887964 0.35 0.35 1.2 1
0 -1.7905683688019 3.100863846606832 0.35 0.35 1.2 1
0 -1.668126359874398 2.8579537241964057 0.35 0.35 1.2 1
0 0.781342760717887 0.7669970998548372 0.35 0.35 1.2 1
0 0.057488363956459995 2.974952002860848 0.35 0.35 1.2 1
0 -0.732737274838291 2.066833887851578 0.35 0.35 1.2 1
0 -1.8750721909113985 -0.10319515391461798 0.35 0.35 1.2 1
0 -0.3256092859777886 2.58813680488587 0.35 0.35 1.2 1
0 -1.7273239709832993 0.187015299599498 0.35 0.35 1.2 1
0 -1.7647428374507594 -1.632276985443648 0.35 0.35 1.2 1
0 -1.7961524836338496 3.141592653589793 0.35 0.35 1.2 1
0 0.06915569520336928 -0.29331152516131764 0.35 0.35 1.2 1
0 -3.141592653589793 0.2620145970234298 0.35 0.35 1.2 1
0 0.6925361705688696 -1.1812147414509524 0.35 0.35 1.2 1
0 -0.16742418479626953 -1.8626041498244135 0.35 0.35 1.2 1
0 0.8953098037972441 1.0334940649642796 0.35 0.35 1.2 1
0 0.219129437956729 -0.9395302628094663 0.35 0.35 1.2 1
0 -0.03866715556321221 2.716325128018058 0.35 0.35 1.2 1
0 3.141592653589793 0.24469943265910232 0.35 0.35 1.2 1
0 -1.8769936087178065 1.4990607165928416 0.35 0.35 1.2 1
0 1.9703462092524253 1.1099921134928483 0.35 0.35 1.2 1
0 -3.141592653589793 -2.6613993329038017 0.35 0.35 1.2 1
0 2.282839219456947 0.7394704162575718 0.35 0.35 1.2 1
0 -0.823158212596347 -1.2720624917710615 0.35 0.35 1.2 1
0 -3.141592653589793 -2.296023999837951 0.35 0.35 1.2 1
0 -0.1714182647377318 3.141592653589793 0.35 0.35 1.2 1
0 1.0302158939271118 -2.200901507730382 0.35 0.35 1.2 1
0 -2.2197276991077617 0.056284503474282044 0.35 0.35 1.2 1
0 0.09918160855252012 -1.4149921919136212 0.35 0.35 1.2 1
0 -0.4771416930080744 -0.3227020118236878 0.35 0.35 1.2 1
0 -1.859360958621833 -0.10154528350882219 0.35 0.35 1.2 1
0 -2.5155645772955726 3.141592653589793 0.35 0.35 1.2 1
0 -0.31913476767933513 -0.08623720951542577 0.35 0.35 1.2 1
0 -1.4858359347793786 1.8733152003592615 0.35 0.35 1.2 1
0 -1.0331954709728803 -0.9471940049944347 0.35 0.35 1.2 1
0 -1.8373088554517722 0.2803895441862493 0.35 0.35 1.2 1
0 -3.141592653589793 -1.7686253695119596 0.35 0.35 1.2 1
0 -1.1352348184035996 0.7853671831012285 0.35 0.35 1.2 1
0 -2.0596312492008 1.2354588750060456 0.35 0.35 1.2 1
0 -3.141592653589793 -1.3213343193713505 0.35 0.35 1.2 1
0 -3.141592653589793 0.41473030093954755 0.35 0.35 1.2 1
0 1.3954045225269214 2.6380178440802347 0.35 0.35 1.2 1
0 0.8708945709973452 2.102883086861119 0.35 0.35 1.2 1
0 -3.141592653589793 -1.4231974636233518 0.35 0.35 1.2 1
0 -2.394917297219417 -0.8789624975495931 0.35 0.35 1.2 1
0 0.7234059744224881 0.046547137937568595 0.35 0.35 1.2 1
0 -1.7048808871858763 0.5392392020543184 0.35 0.35 1.2 1
0 -2.42150420901259 2.8659606391474095 0.35 0.35 1.2 1
0 -3.141592653589793 0.966270998326688 0.35 0.35 1.2 1
0 -1.7222169503593192 0.47091082169622533 0.35 0.35 1.2 1
0 1.220714716133506 2.124735328258532 0.35 0.35 1.2 1
0 -1.418456294316656 0.6045776078299937 0.35 0.35 1.2 1
0 -1.6842335179257948 2.109147238113749 0.35 0.35 1.2 1
0 -1.2494708224193793 3.042075735571512 0.35 0.35 1.2 1
0 0.4306130953913687 2.650308169947941 0.35 0.35 1.2 1
0 -1.3927906183191325 -0.92887460573823 0.35 0.35 1.2 1
0 -0.20912359550768245 1.0600744645197033 0.35 0.35 1.2 1
0 -0.13364827946569435 3.141592653589793 0.35 0.35 1.2 1
0 -0.7446620629313179 2.517187476370388 0.35 0.35 1.2 1
0 -0.17103523458555947 2.236572706890471 0.35 0.35 1.2 1
0 1.128224221416382 3.141592653589793 0.35 0.35 1.2 1
0 0.3644850411729619 1.8560344421053112 0.35 0.35 1.2 1
0 -2.34209874946401 0.1955812155314396 0.35 0.35 1.2 1
0 -1.374786260543666 0.9488744584900232 0.35 0.35 1.2 1
0 1.5126619723997892 -0.08018693305080457 0.35 0.35 1.2 1
0 1.1525261447536925 -1.6447471740420676 0.35 0.35 1.2 1
0 -0.8666421576616893 0.426555075920961 0.35 0.35 1.2 1
0 2.478533563582738 -1.7804608807540665 0.35 0.35 1.2 1
0 -2.7304363412452637 0.9881874298174954 0.35 0.35 1.2 1
0 -1.9110396425048526 2.5098589324357325 0.35 0.35 1.2 1
0 -0.11744846376969931 1.428231350703324 0.35 0.35 1.2 1
0 -0.7028641881889314 2.6014962871557055 0.35 0.35 1.2 1
0 -3.08266652528381 2.7939686593808966 0.35 0.35 1.2 1
0 -1.9110861682359155 1.6169757092087171 0.35 0.35 1.2 1
0 -3.141592653589793 1.8071098803267547 0.35 0.35 1.2 1
0 -2.568264008308212 0.7753387423258293 0.35 0.35 1.2 1
0 -1.151530373461022 1.1200582045384966 0.35 0.35 1.2 1
0 -1.674375943593887 1.7200587530473161 0.35 0.35 1.2 1
0 2.1561397411947905 2.7611800834660594 0.35 0.35 1.2 1
0 -1.523950865811174 1.826284256360271 0.35 0.35 1.2 1
0 0.018734551941973043 -0.30373943213317356 0.35 0.35 1.2 1
0 0.7181479656164027 2.222024832847996 0.35 0.35 1.2 1
0 -0.8710704517563357 2.2267265319848635 0.35 0.35 1.2 1
0 0.9210155131326019 0.9236732613609376 0.35 0.35 1.2 1
0 1.50897965474655 1.8260499482225137 0.35 0.35 1.2 1
0 0.5339388694304052 2.1794172323763177 0.35 0.35 1.2 1
0 -0.09758433230977881 2.019877167177107 0.35 0.35 1.2 1
0 3.141592653589793 0.48446421500407283 0.35 0.35 1.2 1
0 -0.5808661930969345 -0.3090757742624012 0.35 0.35 1.2 1
0 -2.5369093665883375 0.28604044834030296 0.35 0.35 1.2 1
0 -1.54183590176768 -3.141592653589793 0.35 0.35 1.2 1
0 -2.020296838764558 2.6349330254343597 0.35 0.35 1.2 1
0 -2.3280890152890548 0.5010377203390994 0.35 0.35 1.2 1
0 -1.8011812235174967 0.013385986988132939 0.35 0.35 1.2 1
0 -0.18426013609827385 -0.5921713669653991 0.35 0.35 1.2 1
0 -2.8330420952056032 1.932065510792 0.35 0.35 1.2 1
0 -1.7373477015318493 3.141592653589793 0.35 0.35 1.2 1
0 -2.212663927146355 0.9996248757446575 0.35 0.35 1.2 1
0 -2.037772326683508 -1.829556061062752 0.35 0.35 1.2 1
0 -0.6177229303850272 -0.4345809048330844 0.35 0.35 1.2 1
0 -1.871439482923353 -1.5127349997047264 0.35 0.35 1.2 1
0 -1.8844483694067455 2.3869948725018806 0.35 0.35 1.2 1
0 -1.3164046515123475 2.6174840011426643 0.35 0.35 1.2 1
0 -0.5955633161270372 -1.1195767760913433 0.35 0.35 1.2 1
0 -0.3446946237880353 1.7707711995596267 0.35 0.35 1.2 1
0 0.698771878711751 2.6711527001453312 0.35 0.35 1.2 1
0 1.914026749480336 0.21873793816435494 0.35 0.35 1.2 1
0 -0.8240343430162944 0.7403377693063002 0.35 0.35 1.2 1
0 -0.13810762053261139 3.141592653589793 0.35 0.35 1.2 1
0 -3.0355212425637452 1.478527175104449 0.35 0.35 1.2 1
0 -2.1584745184286085 -0.7502425640154171 0.35 0.35 1.2 1
0 -3.141592653589793 2.6392964218035164 0.35 0.35 1.2 1
0 -1.798642940603187 1.471780478669834 0.35 0.35 1.2 1
0 -1.1921907627901338 1.3795222124150006 0.35 0.35 1.2 1
0 -2.019567374269761 0.5294805183087008 0.35 0.35 1.2 1
0 0.7227184857145662 1.9783491085850322 0.35 0.35 1.2 1
0 1.1551643502566826 3.141592653589793 0.35 0.35 1.2 1
0 1.8532087304640779 1.301098893320678 0.35 0.35 1.2 1
0 -0.650142267487112 3.106348327415308 0.35 0.35 1.2 1
0 0.08907672572465763 -0.5353937727420626 0.35 0.35 1.2 1
0 -0.5389189168387188 0.40451802233038386 0.35 0.35 1.2 1
0 -1.6660259678489417 0.081932607802778 0.35 0.35 1.2 1
0 -1.614813619911706 0.6239036508015887 0.35 0.35 1.2 1
0 -0.7937612819630543 2.336530256854928 0.35 0.35 1.2 1
0 -3.141592653589793 1.4841115338610404 0.35 0.35 1.2 1
0 -2.8813818675790097 0.05013518631335123 0.35 0.35 1.2 1
0 -3.141592653589793 2.1291728941767207 0.35 0.35 1.2 1
0 -1.181203880711834 3.141592653589793 0.35 0.35 1.2 1
0 -2.702183460453839 3.141592653589793 0.35 0.35 1.2 1
0 0.863381312356555 -2.1545904617701717 0.35 0.35 1.2 1
0 -0.3265815229677158 2.470336519366076 0.35 0.35 1.2 1
0 0.05856050012149644 -0.470128227194572 0.35 0.35 1.2 1
0 -1.8391531831431907 2.7531042290964605 0.35 0.35 1.2 1
0 -0.9545893055064798 2.2604890047628285 0.35 0.35 1.2 1
0 -2.1770225999274233 0.3663395416717973 0.35 0.35 1.2 1
0 -0.2642571935280502 -0.5075850482866011 0.35 0.35 1.2 1
0 0.38957904661700127 1.4810474283426052 0.35 0.35 1.2 1
0 -0.7972402722606942 3.141592653589793 0.35 0.35 1.2 1
0 -0.9484076433580033 -0.4938507756598556 0.35 0.35 1.2 1
0 -0.5872636345050009 0.90005593568772 0.35 0.35 1.2 1
0 -2.7636341292633455 1.5412984344061929 0.35 0.35 1.2 1
0 -0.2800181444216352 -0.16228106060590575 0.35 0.35 1.2 1
0 1.4896164170838369 0.7138906814257554 0.35 0.35 1.2 1
0 -0.797587993442427 -0.442129120307145 0.35 0.35 1.2 1
0 -1.0646354042392268 0.5002975485401541 0.35 0.35 1.2 1
0 0.6258056187367724 0.6231297824116209 0.35 0.35 1.2 1
0 1.9297702618261088 0.152672470029513 0.35 0.35 1.2 1
0 -1.2328106466785196 0.4975211431424945 0.35 0.35 1.2 1
0 -0.19069803368183225 -1.3514296436821496 0.35 0.35 1.2 1
0 -0.7212507690189245 -1.522937214724965 0.35 0.35 1.2 1
0 -0.8650317093083395 1.0804825287904 0.35 0.35 1.2 1
0 -2.725954843845443 1.4519443598540782 0.35 0.35 1.2 1
0 -0.027410091139358772 3.141592653589793 0.35 0.35 1.2 1
0 -3.141592653589793 0.6891777602539199 0.35 0.35 1.2 1
0 -3.131612035628892 1.3405318679475335 0.35 0.35 1.2 1
0 -0.7902844726463343 1.8196127448953843 0.35 0.35 1.2 1
0 -3.012126652064714 0.493663593681799 0.35 0.35 1.2 1
0 -1.91597066358408 -0.7294602278341792 0.35 0.35 1.2 1
0 -3.0919605570428628 2.0347799023773767 0.35 0.35 1.2 1
0 1.3013103539475015 -2.1264942396023434 0.35 0.35 1.2 1
0 -1.1197143440448787 -0.06569728722339341 0.35 0.35 1.2 1
0 -2.7111152226871993 2.694337272199901 0.35 0.35 1.2 1
0 -3.141592653589793 -2.0461711754997545 0.35 0.35 1.2 1
0 -0.2427729831862061 0.6134652987829063 0.35 0.35 1.2 1
0 -1.051708211008679 0.4170625251566218 0.35 0.35 1.2 1
0 -0.8181441888547991 0.3221093618406523 0.35 0.35 1.2 1
0 -1.532429404117791 0.2035481757394173 0.35 0.35 1.2 1
0 -3.141592653589793 -1.2854493966573162 0.35 0.35 1.2 1
0 -1.471301535088749 2.6743043982168953 0.35 0.35 1.2 1
0 -2.9026485037950627 1.0823735287157406 0.35 0.35 1.2 1
0 -1.8161709488041595 2.101424680375872 0.35 0.35 1.2 1
0 -0.7548557667334456 -0.016403694857517803 0.35 0.35 1.2 1
0 -2.7453281941999075 1.4572971338834388 0.35 0.35 1.2 1
0 -2.085638773839136 -1.153137092668053 0.35 0.35 1.2 1
0 -3.141592653589793 3.141592653589793 0.35 0.35 1.2 1
0 -2.6888976560815303 -0.2054276680243915 0.35 0.35 1.2 1
0 -1.3080944587343133 -0.45627429087640614 0.35 0.35 1.2 1
0 -0.08305969643001054 3.141592653589793 0.35 0.35 1.2 1
0 -1.0584030995579305 1.4241120208705664 0.35 0.35 1.2 1
0 -3.141592653589793 1.069379259151697 0.35 0.35 1.2 1
0 -1.4919949359998061 3.141592653589793 0.35 0.35 1.2 1
0 -0.5917930265221788 -1.8427325146547229 0.35 0.35 1.2 1
0 -0.05848985092115 1.8290053011092275 0.35 0.35 1.2 1
0 -2.1207568740052247 -0.6119352321911717 0.35 0.35 1.2 1
0 -1.0251050213556314 1.5660685135604622 0.35 0.35 1.2 1
0 -1.8522480990698056 0.9809325824951988 0.35 0.35 1.2 1
0 -0.954037978723378 2.343561054273923 0.35 0.35 1.2 1
0 -1.5394339600027664 -1.61338176253009 0.35 0.35 1.2 1
0 0.018249234612649934 -1.057858507228794 0.35 0.35 1.2 1
0 -0.22095763719404346 0.9341604320450614 0.35 0.35 1.2 1
0 -0.5142580056293364 3.141592653589793 0.35 0.35 1.2 1
0 -1.5569766402656666 -0.08116499325317195 0.35 0.35 1.2 1
0 -2.095610253451813 -2.8522751458150495 0.35 0.35 1.2 1
0 -1.4807419158745463 -0.5803582759513701 0.35 0.35 1.2 1
0 -2.001354179933591 1.5621824316440889 0.35 0.35 1.2 1
0 -0.8245978525524409 -1.7040205636964596 0.35 0.35 1.2 1
0 -1.7455947687014657 0.9337242714885094 0.35 0.35 1.2 1
0 -0.25994682128973456 1.2450272878889708 0.35 0.35 1.2 1
0 -3.141592653589793 0.5114561549123994 0.35 0.35 1.2 1
0 0.4635696814361032 -0.6363952650484501 0.35 0.35 1.2 1
0 -0.0503168556981356 0.1311831925501249 0.35 0.35 1.2 1
0 -2.8616535866899735 1.658101815449159 0.35 0.35 1.2 1
0 -0.7489072712487816 2.699563875437984 0.35 0.35 1.2 1
0 -1.2216099822977478 0.1936117214726354 0.35 0.35 1.2 1
0 -1.5794144424148713 0.1206237046568378 0.35 0.35 1.2 1
0 -2.2992206023748705 0.8949215185525172 0.35 0.35 1.2 1
0 0.537539251689074 2.1027056640256383 0.35 0.35 1.2 1
0 -1.179725860066632 0.42218790089693214 0.35 0.35 1.2 1
0 -0.15612552550148973 3.141592653589793 0.35 0.35 1.2 1
0 -1.1009742908079718 0.005816133181476557 0.35 0.35 1.2 1
0 -0.07655182417911144 1.7576087785471055 0.35 0.35 1.2 1
0 -2.990630354724421 0.01683113606500085 0.35 0.35 1.2 1
0 0.8419824808794643 1.2932553706841463 0.35 0.35 1.2 1
0 0.39984784204877427 -0.2096475774708404 0.35 0.35 1.2 1
0 -2.910860320858848 -2.220027087229095 0.35 0.35 1.2 1
0 -0.046028613029121646 1.8379871651656297 0.35 0.35 1.2 1
0 0.7039630292615912 3.141592653589793 0.35 0.35 1.2 1
0 0.4283134542139093 -1.9675395261561606 0.35 0.35 1.2 1
0 3.0851520174659477 2.850470662590903 0.35 0.35 1.2 1
0 -0.35404552834055014 2.9677259621252863 0.35 0.35 1.2 1
0 1.9361671615037128 -0.24762941381340697 0.35 0.35 1.2 1
0 -1.8287353082166007 0.8637889195676995 0.35 0.35 1.2 1
0 -2.4797412108389123 1.1053849126161142 0.35 0.35 1.2 1
0 -2.8582667636721446 1.7821617771542484 0.35 0.35 1.2 1
0 -2.8392774364939815 1.097352489849123 0.35 0.35 1.2 1
0 -2.306428525028001 0.9015750508264236 0.35 0.35 1.2 1
0 -1.509305549033545 -1.513850129064985 0.35 0.35 1.2 1
0 1.6019096966990674 2.6706146493901115 0.35 0.35 1.2 1
0 1.1410878164561697 1.7396540133301461 0.35 0.35 1.2 1
0 -1.2684673495213763 0.3899049680630686 0.35 0.35 1.2 1
0 -1.6179509441414182 1.0510001116605154 0.35 0.35 1.2 1
0 -3.141592653589793 2.4120928738775747 0.35 0.35 1.2 1
0 -1.281336054880382 1.5619503735544487 0.35 0.35 1.2 1
0 -0.30541841125850633 0.6324840315769282 0.35 0.35 1.2 1
0 -3.141592653589793 1.3962543364145232 0.35 0.35 1.2 1
0 0.3632061265120421 1.352910047043744 0.35 0.35 1.2 1
0 0.46529702568083176 1.0656049508374141 0.35 0.35 1.2 1
0 -0.20107024898898151 0.4681899636264515 0.35 0.35 1.2 1
