#! FIELDS time phi psi sigma_phi sigma_psi height biasf
                        #! SET multivariate false
                        #! SET kerneltype stretched-gaussian
                        #! SET min_phi -pi
                        #! SET max_phi pi
                        #! SET min_psi -pi
                        #! SET max_psi pi
0 3.0067570684330107 -1.183418752920212 0.35 0.35 1.2 1
0 -0.49705510757384175 -2.5615077961213353 0.35 0.35 1.2 1
0 -2.8909171119866786 2.3303310135459903 0.35 0.35 1.2 1
0 0.6268225252848263 0.31809131844931354 0.35 0.35 1.2 1
0 0.46792027932841584 -1.229432819526758 0.35 0.35 1.2 1
0 -3.141592653589793 1.3925471901893545 0.35 0.35 1.2 1
0 -2.8432040479150054 -1.0856497000114458 0.35 0.35 1.2 1
0 2.153319611350607 1.0903379095381598 0.35 0.35 1.2 1
0 -2.8452095170608427 1.15630111047441 0.35 0.35 1.2 1
0 0.3068557239138454 -2.048690285221663 0.35 0.35 1.2 1
0 -2.7193252144336224 -1.265886580366795 0.35 0.35 1.2 1
0 -2.7305158548355624 0.5248471233262538 0.35 0.35 1.2 1
0 1.113758135833479 -1.0074693815659546 0.35 0.35 1.2 1
0 3.141592653589793 2.131325272479405 0.35 0.35 1.2 1
0 3.141592653589793 -2.053933685375107 0.35 0.35 1.2 1
0 2.395542862974543 0.36201462768687 0.35 0.35 1.2 1
0 -1.6875246379494855 -0.7019487971475282 0.35 0.35 1.2 1
0 1.0289649242003067 0.8189836932983124 0.35 0.35 1.2 1
0 -1.201769680441549 -1.0338490734492516 0.35 0.35 1.2 1
0 -0.6546991839152843 0.30461210889678697 0.35 0.35 1.2 1
0 1.414207135744857 -3.141592653589793 0.35 0.35 1.2 1
0 -3.141592653589793 0.8433743427232661 0.35 0.35 1.2 1
0 -1.174258104934407 2.272882990788819 0.35 0.35 1.2 1
0 -0.8082072278199168 -0.807325331985133 0.35 0.35 1.2 1
0 -3.141592653589793 -0.7162933709313695 0.35 0.35 1.2 1
0 3.141592653589793 2.2373807316712124 0.35 0.35 1.2 1
0 0.4745495313098008 0.12942892366847114 0.35 0.35 1.2 1
0 0.5168811090868758 -2.9882524152249483 0.35 0.35 1.2 1
0 1.4986118932218395 1.548221562321927 0.35 0.35 1.2 1
0 -2.8755882485984556 2.2732710555908575 0.35 0.35 1.2 1
0 0.7255741038588024 2.4259720139854055 0.35 0.35 1.2 1
0 -1.4133254525083074 -2.7220651424137503 0.35 0.35 1.2 1
0 -2.710082449411641 -2.4814866811350553 0.35 0.35 1.2 1
0 -1.0648871427425357 1.7368996040641316 0.35 0.35 1.2 1
0 1.4172996090797252 2.7761347694171024 0.35 0.35 1.2 1
0 -0.3956564066273339 0.13110368839336484 0.35 0.35 1.2 1
0 -2.274574281915771 3.141592653589793 0.35 0.35 1.2 1
0 1.0709051948279475 -0.9074642229637393 0.35 0.35 1.2 1
0 0.7683650381536001 0.23336504322026652 0.35 0.35 1.2 1
0 0.7637023407327987 1.1320322705740038 0.35 0.35 1.2 1
0 2.33587946967063 2.4081420100133384 0.35 0.35 1.2 1
0 -1.8898875741572665 1.5608897534798287 0.35 0.35 1.2 1
0 2.590733513296836 -1.1614890187081333 0.35 0.35 1.2 1
0 -1.203374377747088 1.1780191472504218 0.35 0.35 1.2 1
0 -1.759246058984501 3.0573795065071 0.35 0.35 1.2 1
0 1.0459981786261958 -1.847360778993409 0.35 0.35 1.2 1
0 0.45082386950728814 1.4103549962910957 0.35 0.35 1.2 1
0 -2.588608820708349 -0.003578068102251697 0.35 0.35 1.2 1
0 2.916899410067799 -0.5873737614428454 0.35 0.35 1.2 1
0 -3.141592653589793 0.9215770393106478 0.35 0.35 1.2 1
0 2.1944288607926206 2.2940378907274064 0.35 0.35 1.2 1
0 0.7662924537995983 0.45135458680398555 0.35 0.35 1.2 1
0 3.141592653589793 -2.9432910957624996 0.35 0.35 1.2 1
0 -0.43404583049709755 0.35815994095020165 0.35 0.35 1.2 1
0 -3.141592653589793 -2.5255298303494356 0.35 0.35 1.2 1
0 -1.1431644144977935 -1.0098016890587012 0.35 0.35 1.2 1
0 1.975437807014257 -1.4269039823026848 0.35 0.35 1.2 1
0 -1.1326230724763335 -3.141592653589793 0.35 0.35 1.2 1
0 0.5636911352351537 -1.3462428677028013 0.35 0.35 1.2 1
0 0.22039807258027533 1.8537718099016471 0.35 0.35 1.2 1
0 -2.7044774509647587 0.41380786262328034 0.35 0.35 1.2 1
0 3.141592653589793 -0.7491099317634022 0.35 0.35 1.2 1
0 -2.1633102239842215 -0.53593176327014 0.35 0.35 1.2 1
0 -2.9484238862533836 -2.316557594725372 0.35 0.35 1.2 1
0 -0.7725772218244686 1.3008241535427694 0.35 0.35 1.2 1
0 -2.041270903013896 2.202862094951061 0.35 0.35 1.2 1
0 -3.141592653589793 -1.0912748629025861 0.35 0.35 1.2 1
0 1.710568295225709 -0.8524636031425648 0.35 0.35 1.2 1
0 -3.141592653589793 -0.19936788998888266 0.35 0.35 1.2 1
0 -3.141592653589793 -2.7269366388476435 0.35 0.35 1.2 1
0 2.74280367051165 -1.9430052375435523 0.35 0.35 1.2 1
0 1.4858777205332268 -1.4434749389616788 0.35 0.35 1.2 1
0 -0.15323307778765463 1.3443799385324695 0.35 0.35 1.2 1
0 3.141592653589793 0.26515956830016507 0.35 0.35 1.2 1
0 -3.141592653589793 -3.141592653589793 0.35 0.35 1.2 1
0 0.36123730022837375 -2.4598305507191225 0.35 0.35 1.2 1
0 -0.6175710866547566 3.141592653589793 0.35 0.35 1.2 1
0 -3.141592653589793 -2.5766671744341303 0.35 0.35 1.2 1
0 3.141592653589793 -0.009514522190866598 0.35 0.35 1.2 1
0 1.4868599421005904 0.6972269555202073 0.35 0.35 1.2 1
0 -0.7455135017161958 -1.9922538512413932 0.35 0.35 1.2 1
0 1.0282104786711392 -1.7455624728644814 0.35 0.35 1.2 1
0 -3.141592653589793 -3.141592653589793 0.35 0.35 1.2 1
0 -0.4669189430427074 3.141592653589793 0.35 0.35 1.2 1
0 -0.2755115404361863 2.9520526285191178 0.35 0.35 1.2 1
0 2.6952434293095626 -0.871481936007255 0.35 0.35 1.2 1
0 2.478799427889494 3.141592653589793 0.35 0.35 1.2 1
0 -2.6144360346898927 0.010863240679846897 0.35 0.35 1.2 1
0 0.8689467525566676 2.9051549935091363 0.35 0.35 1.2 1
0 2.9994707043530555 -2.980209530649734 0.35 0.35 1.2 1
0 0.1483479273739629 2.5563918643855583 0.35 0.35 1.2 1
0 -0.3256375805713797 -2.462277823115628 0.35 0.35 1.2 1
0 -0.6590234781253368 -3.141592653589793 0.35 0.35 1.2 1
0 0.5464310556039552 0.6679119549217507 0.35 0.35 1.2 1
0 0.8571564762704709 -1.3038706973437708 0.35 0.35 1.2 1
0 -3.141592653589793 -3.141592653589793 0.35 0.35 1.2 1
0 -3.141592653589793 1.357574523097573 0.35 0.35 1.2 1
0 -3.141592653589793 -3.141592653589793 0.35 0.35 1.2 1
0 -0.1839368202300113 0.5955426099082843 0.35 0.35 1.2 1
0 3.1211603253806 -2.8252617444470127 0.35 0.35 1.2 1
0 -0.24299266749142356 -2.941658620350006 0.35 0.35 1.2 1
0 -3.141592653589793 -0.8841526491297975 0.35 0.35 1.2 1
0 1.8846013718336547 1.0222847718429573 0.35 0.35 1.2 1
0 -0.27829933396162787 -0.846869705426223 0.35 0.35 1.2 1
0 -2.658970432386038 -1.2358944201445585 0.35 0.35 1.2 1
0 -1.136697141907641 0.7983082189297233 0.35 0.35 1.2 1
0 2.3809660069009206 -2.5002335671142712 0.35 0.35 1.2 1
0 -1.962755644274583 1.9076050750827 0.35 0.35 1.2 1
0 2.5362349073453885 -3.0207117074886947 0.35 0.35 1.2 1
0 1.917972711011719 -3.141592653589793 0.35 0.35 1.2 1
0 -2.5292526797731254 1.2778197576755852 0.35 0.35 1.2 1
0 0.9697195904401369 -3.138261230252711 0.35 0.35 1.2 1
0 -1.8911009641916738 0.35430846675163785 0.35 0.35 1.2 1
0 0.573880763842856 -1.2253576970274642 0.35 0.35 1.2 1
0 2.6483660975080423 0.18889791227148908 0.35 0.35 1.2 1
0 2.993232595341276 1.5712945431269922 0.35 0.35 1.2 1
0 3.0091024294165116 -2.4995062469609968 0.35 0.35 1.2 1
0 -3.1143609879089897 2.8710123648231516 0.35 0.35 1.2 1
0 0.5561737159616034 1.3878138979535537 0.35 0.35 1.2 1
0 0.47076359907888476 -1.8515678285200088 0.35 0.35 1.2 1
0 -2.290709127377441 -3.141592653589793 0.35 0.35 1.2 1
0 2.380408199867448 2.2392302165384916 0.35 0.35 1.2 1
0 0.443556591215037 0.9443650021540924 0.35 0.35 1.2 1
0 -1.9393237853359284 -0.18614591603998387 0.35 0.35 1.2 1
0 -3.141592653589793 2.45436546704936 0.35 0.35 1.2 1
0 3.141592653589793 1.849749719720705 0.35 0.35 1.2 1
0 -0.4419462807881849 0.33341267298804067 0.35 0.35 1.2 1
0 1.9435166972202895 -2.4514222041714904 0.35 0.35 1.2 1
0 3.141592653589793 0.3921415075806023 0.35 0.35 1.2 1
0 2.2511013712332977 -0.4978379567891167 0.35 0.35 1.2 1
0 -1.9129367415852208 -2.877881830428566 0.35 0.35 1.2 1
0 1.6310811160026404 -1.097650339183537 0.35 0.35 1.2 1
0 -2.9831420576742866 -0.039229538820241605 0.35 0.35 1.2 1
0 0.09784931860204474 -2.6524652816763665 0.35 0.35 1.2 1
0 -0.4265194550219394 2.0633910519397283 0.35 0.35 1.2 1
0 -0.4163400247864204 1.3754366645328142 0.35 0.35 1.2 1
0 -2.862121294545873 -0.5369519078700058 0.35 0.35 1.2 1
0 -3.141592653589793 -3.0893894579121377 0.35 0.35 1.2 1
0 3.141592653589793 -2.4534063878564827 0.35 0.35 1.2 1
0 1.103071927197485 -2.3480189792903743 0.35 0.35 1.2 1
0 -1.0044084306217742 -0.3478428669103757 0.35 0.35 1.2 1
0 -1.943265313071885 3.141592653589793 0.35 0.35 1.2 1
0 -0.43254771291712646 2.158936729048374 0.35 0.35 1.2 1
0 0.026019071364171018 -1.2001208853535288 0.35 0.35 1.2 1
0 -2.682030179237603 -0.09160133017621686 0.35 0.35 1.2 1
0 -1.9749474061892782 -1.2523359715529776 0.35 0.35 1.2 1
0 -1.0885228287473787 2.9592410945578163 0.35 0.35 1.2 1
0 3.141592653589793 2.387224557549658 0.35 0.35 1.2 1
0 -3.141592653589793 3.141592653589793 0.35 0.35 1.2 1
0 0.25868373023740593 -2.5794154854237767 0.35 0.35 1.2 1
0 -1.48840052483986 -1.9648899071709507 0.35 0.35 1.2 1
0 -1.079426549090963 1.4651295463299905 0.35 0.35 1.2 1
0 -0.1574614709089484 -2.0269828054912375 0.35 0.35 1.2 1
0 0.0709068671343599 1.1915952754800176 0.35 0.35 1.2 1
0 -3.141592653589793 2.245096403009128 0.35 0.35 1.2 1
0 -2.082131471361233 2.033677527031032 0.35 0.35 1.2 1
0 -2.7497092259363076 -0.6945944642691075 0.35 0.35 1.2 1
0 -1.4701982772055864 3.141592653589793 0.35 0.35 1.2 1
0 -0.11586348309593886 0.6303844053483758 0.35 0.35 1.2 1
0 -3.141592653589793 2.918576625991154 0.35 0.35 1.2 1
0 -2.0232910956123935 -2.908172798361551 0.35 0.35 1.2 1
0 1.0579187169529392 0.16703833374481736 0.35 0.35 1.2 1
0 0.5190562764964357 1.6105380852473345 0.35 0.35 1.2 1
0 -0.7393833915020328 -2.481999251813228 0.35 0.35 1.2 1
0 -0.7541275681957211 -3.141592653589793 0.35 0.35 1.2 1
0 -1.5071161686166876 1.7151447558005675 0.35 0.35 1.2 1
0 -3.141592653589793 -0.46575531526819147 0.35 0.35 1.2 1
0 2.801244775094647 -2.9881946695823913 0.35 0.35 1.2 1
0 -3.141592653589793 2.4660802086186298 0.35 0.35 1.2 1
0 -1.9096495439822663 1.9399530485232426 0.35 0.35 1.2 1
0 -3.141592653589793 -2.080907677966965 0.35 0.35 1.2 1
0 3.1052094476347474 -2.1549682101721803 0.35 0.35 1.2 1
0 -1.24278425101907 1.1335336824878184 0.35 0.35 1.2 1
0 1.1637114387378613 0.7231808797321779 0.35 0.35 1.2 1
0 0.9676444290014495 -3.141592653589793 0.35 0.35 1.2 1
0 -3.141592653589793 -1.2806695401441726 0.35 0.35 1.2 1
0 2.731467216147589 -0.2846896791913984 0.35 0.35 1.2 1
0 2.419377730725853 1.7251303769584736 0.35 0.35 1.2 1
0 -1.3834423671580016 -2.174651432936702 0.35 0.35 1.2 1
0 -1.534364539147985 -3.141592653589793 0.35 0.35 1.2 1
0 -1.231096765344983 3.141592653589793 0.35 0.35 1.2 1
0 0.694150853641958 -1.7329792282645524 0.35 0.35 1.2 1
0 -2.851374520198629 3.141592653589793 0.35 0.35 1.2 1
0 -3.141592653589793 -0.13309627973169258 0.35 0.35 1.2 1
0 -0.8247173568809404 -2.704285187046656 0.35 0.35 1.2 1
0 1.8201917196442503 1.7656293897187778 0.35 0.35 1.2 1
0 3.141592653589793 0.5576892818631005 0.35 0.35 1.2 1
0 0.23763480837685141 2.5119858778239736 0.35 0.35 1.2 1
0 -1.325970115932502 2.2878179488545505 0.35 0.35 1.2 1
0 2.274702305809535 0.6193960321832974 0.35 0.35 1.2 1
0 0.05862264563257802 3.141592653589793 0.35 0.35 1.2 1
0 0.1518885177736321 0.5427520480321841 0.35 0.35 1.2 1
0 2.419356639184201 3.141592653589793 0.35 0.35 1.2 1
0 -1.8568132588553117 -3.141592653589793 0.35 0.35 1.2 1
0 -3.141592653589793 0.8867600552379736 0.35 0.35 1.2 1
0 0.5497971604768981 -0.8016603350003457 0.35 0.35 1.2 1
0 1.5204933489212897 -0.24275323569420726 0.35 0.35 1.2 1
0 3.141592653589793 2.799934098617892 0.35 0.35 1.2 1
0 2.3334439108965306 -2.5065237642393186 0.35 0.35 1.2 1
0 -1.2805113854965455 -2.0070467965119096 0.35 0.35 1.2 1
0 -0.1438265313822215 3.0907992765335597 0.35 0.35 1.2 1
0 1.742024658455814 -0.763880904597221 0.35 0.35 1.2 1
0 2.0474472696184987 0.9349143691604789 0.35 0.35 1.2 1
0 -1.8236098207792772 -3.141592653589793 0.35 0.35 1.2 1
0 -0.1327536244218394 -1.468096469107262 0.35 0.35 1.2 1
0 -2.9699222662632225 0.5322832960996131 0.35 0.35 1.2 1
0 -2.474063709085244 -3.141592653589793 0.35 0.35 1.2 1
0 2.357915051256639 -0.16241637922227814 0.35 0.35 1.2 1
0 -3.141592653589793 1.6876269815879317 0.35 0.35 1.2 1
0 0.4167734920488424 0.8584143235398756 0.35 0.35 1.2 1
0 -3.039920907080875 0.525252689853396 0.35 0.35 1.2 1
0 -0.9809184628340091 -3.141592653589793 0.35 0.35 1.2 1
0 -2.0810218361318267 -0.5709126695604563 0.35 0.35 1.2 1
0 -0.3571619000273556 0.9646140985785092 0.35 0.35 1.2 1
0 3.141592653589793 -2.077603026692723 0.35 0.35 1.2 1
0 2.8705863933360654 -0.5878066042172411 0.35 0.35 1.2 1
0 3.141592653589793 -1.7761474221023617 0.35 0.35 1.2 1
0 -3.141592653589793 -0.9131808681698927 0.35 0.35 1.2 1
0 2.487713936602285 -0.147227246463701 0.35 0.35 1.2 1
0 -0.9745897102576805 -0.03187779212815456 0.35 0.35 1.2 1
0 -2.20183411547077 -2.316650598659736 0.35 0.35 1.2 1
0 -3.141592653589793 1.0044203838017263 0.35 0.35 1.2 1
0 -2.5471630865016226 -1.1880179072047328 0.35 0.35 1.2 1
0 0.8322381160076896 -0.20974327095215098 0.35 0.35 1.2 1
0 2.6181316876321876 0.3641490978701109 0.35 0.35 1.2 1
0 0.6882066673491134 1.3429498310395702 0.35 0.35 1.2 1
0 -2.6584104702681537 -3.141592653589793 0.35 0.35 1.2 1
0 2.237249907322093 -1.473176981958828 0.35 0.35 1.2 1
0 -2.2604720712623383 1.0687183918004857 0.35 0.35 1.2 1
0 0.633487500494776 -0.10029615332675079 0.35 0.35 1.2 1
0 1.1938156882827093 0.1747505425676632 0.35 0.35 1.2 1
0 -3.141592653589793 -2.297082479591686 0.35 0.35 1.2 1
0 -3.141592653589793 2.5669715708880236 0.35 0.35 1.2 1
0 1.1590531812964593 3.141592653589793 0.35 0.35 1.2 1
0 -0.5925520532556207 2.2457310307878706 0.35 0.35 1.2 1
0 3.141592653589793 1.0504936993309997 0.35 0.35 1.2 1
0 -2.042953248191407 1.8212021972776742 0.35 0.35 1.2 1
0 -1.0888991256806773 -1.06863343526514 0.35 0.35 1.2 1
0 0.5423094557727649 3.141592653589793 0.35 0.35 1.2 1
0 -2.146449464014699 2.507128939480759 0.35 0.35 1.2 1
0 1.2682189008300004 3.0661378514445543 0.35 0.35 1.2 1
0 -2.5976301873207546 0.07104325818925986 0.35 0.35 1.2 1
0 1.7254717269648936 1.9092760991934057 0.35 0.35 1.2 1
0 3.141592653589793 -1.9506005291190784 0.35 0.35 1.2 1
0 2.1243157388715463 0.23183162130682355 0.35 0.35 1.2 1
0 0.8870779233711346 3.141592653589793 0.35 0.35 1.2 1
0 0.4361316067164871 -2.944064550018107 0.35 0.35 1.2 1
0 2.431891164919735 -3.141592653589793 0.35 0.35 1.2 1
0 -1.6941836423530403 -2.1958757145369714 0.35 0.35 1.2 1
0 -0.17620433854392314 -0.19841816661117662 0.35 0.35 1.2 1
0 2.2819986431982606 -0.7891631207573905 0.35 0.35 1.2 1
0 -1.441535748303491 -0.7365920394535003 0.35 0.35 1.2 1
0 -1.8066786723026897 -2.2466942752322514 0.35 0.35 1.2 1
0 -0.10655571135561881 -1.816866387692568 0.35 0.35 1.2 1
0 -3.141592653589793 -1.0718142759951124 0.35 0.35 1.2 1
0 -1.6506698074058743 3.141592653589793 0.35 0.35 1.2 1
0 -3.141592653589793 -0.5454057126593668 0.35 0.35 1.2 1
0 -0.33188303912932204 -1.8467513821901262 0.35 0.35 1.2 1
0 1.0831091717750119 2.8788871239245735 0.35 0.35 1.2 1
0 -3.141592653589793 2.982324316206046 0.35 0.35 1.2 1
0 -3.141592653589793 -3.11042084609964 0.35 0.35 1.2 1
0 -2.853152323532912 -2.2589877736507487 0.35 0.35 1.2 1
0 1.7766427988900053 -1.649452282237287 0.35 0.35 1.2 1
0 2.6081364634884183 -1.5596299710028874 0.35 0.35 1.2 1
0 1.083257404771238 2.2228982621305424 0.35 0.35 1.2 1
0 1.0043709096464837 2.0813995956074907 0.35 0.35 1.2 1
0 3.0280302698737707 2.0174671844302843 0.35 0.35 1.2 1
0 0.64952884760881 0.07161589049409722 0.35 0.35 1.2 1
0 -3.141592653589793 -1.2683190661611918 0.35 0.35 1.2 1
0 -0.6508769490332559 3.141592653589793 0.35 0.35 1.2 1
0 0.07560398230311138 1.268017610609327 0.35 0.35 1.2 1
0 0.9766617920326335 -3.141592653589793 0.35 0.35 1.2 1
0 1.7305627560824934 -3.141592653589793 0.35 0.35 1.2 1
0 2.955796397553999 -0.31380754788176835 0.35 0.35 1.2 1
0 -3.141592653589793 -0.05397020632185523 0.35 0.35 1.2 1
0 -1.9708250370836755 -1.354868535381936 0.35 0.35 1.2 1
0 3.141592653589793 -2.326381831051352 0.35 0.35 1.2 1
0 3.141592653589793 0.9614089345656108 0.35 0.35 1.2 1
0 -1.481864908474756 1.4881413559178411 0.35 0.35 1.2 1
0 -0.46424449900905684 1.9562115471110226 0.35 0.35 1.2 1
0 1.7699689287781817 -1.776391058790293 0.35 0.35 1.2 1
0 -0.8519418328524049 1.8740499553890668 0.35 0.35 1.2 1
0 2.913664675539675 -2.58391774297348 0.35 0.35 1.2 1
0 -3.141592653589793 3.141592653589793 0.35 0.35 1.2 1
0 1.7621966249317031 -2.0677471772659652 0.35 0.35 1.2 1
0 -1.899332474431028 -1.7800588084345716 0.35 0.35 1.2 1
0 3.141592653589793 -3.141592653589793 0.35 0.35 1.2 1
0 1.8708955055568688 -1.5538062462721958 0.35 0.35 1.2 1
0 -3.141592653589793 0.9955612746316274 0.35 0.35 1.2 1
0 1.6747908701150336 -2.8400814328639825 0.35 0.35 1.2 1
0 0.5620545422195667 -1.6130120435590078 0.35 0.35 1.2 1
0 0.07369374581028063 2.535213793757461 0.35 0.35 1.2 1
0 0.87711960410059 -0.5976592938330678 0.35 0.35 1.2 1
0 -1.012965657061292 1.5340797360486194 0.35 0.35 1.2 1
0 3.141592653589793 3.0298549487553816 0.35 0.35 1.2 1
0 -2.420181465309398 -3.141592653589793 0.35 0.35 1.2 1
0 2.4586446632363725 -0.5961412310914931 0.35 0.35 1.2 1
0 -1.7415462038958247 0.0010276445145452895 0.35 0.35 1.2 1
0 1.8448328711223088 -1.8774228430572601 0.35 0.35 1.2 1
0 1.9660165169674024 -3.141592653589793 0.35 0.35 1.2 1
0 -0.43627945989510014 1.0955138862504166 0.35 0.35 1.2 1
0 -1.8820128802847043 0.8943131863761711 0.35 0.35 1.2 1
0 0.8430462575370413 2.5935325079738134 0.35 0.35 1.2 1
0 -0.924142858249534 -1.6399591960168631 0.35 0.35 1.2 1
0 -1.042679233136436 2.1536152348000064 0.35 0.35 1.2 1
0 -0.9158220301440146 -2.6366164021424545 0.35 0.35 1.2 1
0 -2.504200231650896 0.41777266220620257 0.35 0.35 1.2 1
0 1.5419543776794709 0.9208770138601972 0.35 0.35 1.2 1
0 2.077629131897335 3.141592653589793 0.35 0.35 1.2 1
0 -1.6864832415589577 0.8714737212146446 0.35 0.35 1.2 1
0 -3.141592653589793 -2.7983692312589525 0.35 0.35 1.2 1
0 2.551761236427425 -3.141592653589793 0.35 0.35 1.2 1
0 0.6626688125566165 0.8731557146887738 0.35 0.35 1.2 1
0 0.707332922632463 -2.0169233704141245 0.35 0.35 1.2 1
0 -3.141592653589793 1.4629790151351958 0.35 0.35 1.2 1
0 -2.5605116495441185 0.38571376650249145 0.35 0.35 1.2 1
0 2.398704917554933 -1.523167873312142 0.35 0.35 1.2 1
0 -1.2646892056302543 2.6739227572466904 0.35 0.35 1.2 1
0 -0.8451662850080618 2.641315833310332 0.35 0.35 1.2 1
0 -1.2465983590154854 -2.818487241564335 0.35 0.35 1.2 1
0 1.9004165983973393 -1.8275884659460313 0.35 0.35 1.2 1
0 3.141592653589793 -1.698528623082461 0.35 0.35 1.2 1
0 -3.141592653589793 -0.49882461920832266 0.35 0.35 1.2 1
0 -0.8695331196565202 -0.8608763586714328 0.35 0.35 1.2 1
0 3.141592653589793 0.1935863388662264 0.35 0.35 1.2 1
0 -1.1179271209488397 0.12409166428369367 0.35 0.35 1.2 1
0 0.14947373763258315 2.5193885691826456 0.35 0.35 1.2 1
0 -2.4325691420697884 -0.22914137594507888 0.35 0.35 1.2 1
0 1.9909109030715846 2.2954712484712747 0.35 0.35 1.2 1
0 1.157197981839078 -0.20688359990999128 0.35 0.35 1.2 1
0 -2.477340802211328 1.2283190822261294 0.35 0.35 1.2 1
0 -0.8932316464281443 -1.2558122234183895 0.35 0.35 1.2 1
0 -0.31071358805700183 3.141592653589793 0.35 0.35 1.2 1
0 0.9508354803607408 -1.518332437749017 0.35 0.35 1.2 1
0 -0.5679173500582697 0.4264828542200016 0.35 0.35 1.2 1
0 0.7124007774783034 -1.135299107154977 0.35 0.35 1.2 1
0 0.9185501218086147 0.15815227180634728 0.35 0.35 1.2 1
0 -3.0469194730368163 2.307176776121482 0.35 0.35 1.2 1
0 2.0594106617680605 0.26990500697836284 0.35 0.35 1.2 1
0 -0.3220170026627438 1.9677167584670405 0.35 0.35 1.2 1
0 -1.1881931585251118 1.5948628040846802 0.35 0.35 1.2 1
0 -3.141592653589793 -0.6132027078563409 0.35 0.35 1.2 1
0 -3.141592653589793 -0.17038893536739508 0.35 0.35 1.2 1
0 0.3324496220720764 3.10317891169322 0.35 0.35 1.2 1
0 3.141592653589793 1.4022446992794653 0.35 0.35 1.2 1
0 -1.759998260987518 0.8186066931617355 0.35 0.35 1.2 1
0 2.4646671894119017 3.074159339313411 0.35 0.35 1.2 1
0 2.170722031615259 0.8943955327032154 0.35 0.35 1.2 1
0 -1.490609778082758 1.320665038311746 0.35 0.35 1.2 1
0 1.5248465026204017 1.5811232962428317 0.35 0.35 1.2 1
0 2.1679448757970783 -2.6302310064154035 0.35 0.35 1.2 1
0 -0.81437112161926 -0.33944207242277813 0.35 0.35 1.2 1
0 -3.141592653589793 -3.141592653589793 0.35 0.35 1.2 1
0 2.2512335022405017 3.141592653589793 0.35 0.35 1.2 1
0 0.37431983807454894 0.43035273444547006 0.35 0.35 1.2 1
0 1.7570003586286642 -1.4470903045826753 0.35 0.35 1.2 1
0 0.09384807588590349 0.21977514089623928 0.35 0.35 1.2 1
0 -0.18884746194054625 -1.8950667895301767 0.35 0.35 1.2 1
0 -2.0718977870324493 -0.7791335184849011 0.35 0.35 1.2 1
0 3.141592653589793 0.3230457777624351 0.35 0.35 1.2 1
0 0.7660079515954968 -3.141592653589793 0.35 0.35 1.2 1
0 -3.0236048342693476 -0.5921105099157299 0.35 0.35 1.2 1
0 0.5633280066875204 1.1433983180070302 0.35 0.35 1.2 1
0 -0.6764260082723774 1.0097504371352022 0.35 0.35 1.2 1
0 -3.141592653589793 -0.8489130259973127 0.35 0.35 1.2 1
0 1.720590362846671 3.141592653589793 0.35 0.35 1.2 1
0 -1.6495598937115619 -3.141592653589793 0.35 0.35 1.2 1
0 2.873916497470366 0.991676156392525 0.35 0.35 1.2 1
0 1.1069712484456673 -0.34356153220273056 0.35 0.35 1.2 1
0 2.8218854641944255 -3.141592653589793 0.35 0.35 1.2 1
0 -2.1977305681580868 -2.195216163866026 0.35 0.35 1.2 1
0 -1.9080277522912197 0.8613707974020728 0.35 0.35 1.2 1
0 -1.41710225557559 -0.7432213338940972 0.35 0.35 1.2 1
0 -1.166828599252884 -2.392868063406933 0.35 0.35 1.2 1
0 0.16351176365965106 1.1467214877766814 0.35 0.35 1.2 1
0 -3.141592653589793 0.796128303908369 0.35 0.35 1.2 1
0 -1.090788160921954 -0.807135488731151 0.35 0.35 1.2 1
0 0.9516950525032846 -2.8390742219588256 0.35 0.35 1.2 1
0 -2.574154718107389 0.903238850854396 0.35 0.35 1.2 1
0 -2.925577938191931 -3.036980349509368 0.35 0.35 1.2 1
0 -0.4848468142574275 -0.7892115889152959 0.35 0.35 1.2 1
0 0.43783799519580424 -2.063020643064953 0.35 0.35 1.2 1
0 0.025082791811545713 3.141592653589793 0.35 0.35 1.2 1
0 3.141592653589793 0.9004838219031777 0.35 0.35 1.2 1
0 -2.9437608329962335 0.7969813854046348 0.35 0.35 1.2 1
0 3.141592653589793 -0.8632215135779255 0.35 0.35 1.2 1
0 -1.8943885463912904 -1.2632449182696175 0.35 0.35 1.2 1
0 -2.425450892857289 -3.141592653589793 0.35 0.35 1.2 1
0 1.4187905697022003 -2.5558231549100925 0.35 0.35 1.2 1
0 2.8784840448789932 -0.8155931558265808 0.35 0.35 1.2 1
0 3.141592653589793 3.137233718947778 0.35 0.35 1.2 1
0 1.3024022374580753 -1.4791272118332501 0.35 0.35 1.2 1
0 0.5907292528381971 -0.3571464857794693 0.35 0.35 1.2 1
0 3.141592653589793 -2.833254917176001 0.35 0.35 1.2 1
0 1.2720632951440372 3.141592653589793 0.35 0.35 1.2 1
0 0.922078677680576 -1.837915157215207 0.35 0.35 1.2 1
0 1.9022307920328576 -3.141592653589793 0.35 0.35 1.2 1
0 3.141592653589793 1.8059773944258108 0.35 0.35 1.2 1
0 2.6308284187752804 0.4905663129842581 0.35 0.35 1.2 1
0 1.4909333024458977 0.29706153091211207 0.35 0.35 1.2 1
0 -1.8336201809944723 0.6826612615675622 0.35 0.35 1.2 1
0 2.605136268579968 -3.141592653589793 0.35 0.35 1.2 1
0 2.389049413990002 1.4585653455751588 0.35 0.35 1.2 1
0 3.141592653589793 -1.919100652392476 0.35 0.35 1.2 1
0 -0.8615266826285266 1.0560909258489746 0.35 0.35 1.2 1
0 1.3626632266024075 2.1414915978179927 0.35 0.35 1.2 1
0 1.9208863786987513 1.2415379319997055 0.35 0.35 1.2 1
0 -3.0009607590956273 -1.104287663712789 0.35 0.35 1.2 1
0 -1.464526868033159 0.18725233870457259 0.35 0.35 1.2 1
0 -3.141592653589793 -0.3314645853086756 0.35 0.35 1.2 1
0 1.3650847677177733 0.7089912591601124 0.35 0.35 1.2 1
0 0.7267088225056264 1.2488170062055688 0.35 0.35 1.2 1
0 0.7266319878613218 -0.593493275523898 0.35 0.35 1.2 1
0 1.1346964395156305 -1.097484880998452 0.35 0.35 1.2 1
0 -1.7943998550088147 2.1662842011864383 0.35 0.35 1.2 1
0 3.141592653589793 1.125937705446613 0.35 0.35 1.2 1
0 3.141592653589793 -1.0897263558196562 0.35 0.35 1.2 1
0 -0.9693253913416381 3.141592653589793 0.35 0.35 1.2 1
0 -0.5159115464620064 -1.8545342515113061 0.35 0.35 1.2 1
0 1.643218178176157 2.221338779437075 0.35 0.35 1.2 1
0 -0.123056360678025 1.3438209871649602 0.35 0.35 1.2 1
0 -1.3678977469533593 -1.5621881092974808 0.35 0.35 1.2 1
0 2.5285198260702533 -1.1939466401048284 0.35 0.35 1.2 1
0 0.00566584914511975 0.329491904479728 0.35 0.35 1.2 1
0 -2.9279775967206327 -3.141592653589793 0.35 0.35 1.2 1
0 -3.141592653589793 -1.1543303048087232 0.35 0.35 1.2 1
0 3.141592653589793 -1.6048556790610624 0.35 0.35 1.2 1
0 3.141592653589793 -2.1093795900452736 0.35 0.35 1.2 1
0 -2.5200723684461916 -1.9606864971092044 0.35 0.35 1.2 1
0 -0.2997674925716043 3.141592653589793 0.35 0.35 1.2 1
0 -2.72685276953539 2.8147766747406915 0.35 0.35 1.2 1
0 1.3180029742178894 3.141592653589793 0.35 0.35 1.2 1
0 -0.6001262508345288 -3.141592653589793 0.35 0.35 1.2 1
0 1.8517202004186184 -0.17054582989337463 0.35 0.35 1.2 1
0 -0.6479774920536173 3.141592653589793 0.35 0.35 1.2 1
0 -0.011494855717438801 -0.5278562414631184 0.35 0.35 1.2 1
0 -2.67730560653624 3.141592653589793 0.35 0.35 1.2 1
0 3.141592653589793 0.2716387296638809 0.35 0.35 1.2 1
0 0.09184750614528658 -1.7025807829026736 0.35 0.35 1.2 1
0 2.2278697613028067 -1.0749235602422225 0.35 0.35 1.2 1
0 0.8554656902269814 3.0764483972446004 0.35 0.35 1.2 1
0 1.1310624078443834 0.9108707414837922 0.35 0.35 1.2 1
0 2.2441152650817138 2.1308907797589542 0.35 0.35 1.2 1
0 0.24396046322849524 1.631215395738771 0.35 0.35 1.2 1
0 -0.03231835220917101 1.4926531831726055 0.35 0.35 1.2 1
0 1.1335686918066723 -2.9741348789136364 0.35 0.35 1.2 1
0 1.4554057435278063 1.7562628555200335 0.35 0.35 1.2 1
0 0.298855313981931 -1.1924391247319819 0.35 0.35 1.2 1
0 -1.7429043158170405 0.03993466648982007 0.35 0.35 1.2 1
0 1.117676040097648 -1.3979599983540596 0.35 0.35 1.2 1
0 -1.5690123108897542 -1.4653017627050817 0.35 0.35 1.2 1
0 3.141592653589793 0.1678449850830187 0.35 0.35 1.2 1
0 -2.1260957822427033 0.35366579758768657 0.35 0.35 1.2 1
0 -0.8508033429929072 0.1429542639392074 0.35 0.35 1.2 1
0 -0.43647578619140404 2.678206589810239 0.35 0.35 1.2 1
0 -3.141592653589793 -2.550217374716623 0.35 0.35 1.2 1
0 -0.3532352622116506 -1.7084253300945011 0.35 0.35 1.2 1
0 -3.141592653589793 -0.8690954553659629 0.35 0.35 1.2 1
0 0.4121331382154355 0.4848689267935836 0.35 0.35 1.2 1
0 -1.8166778051424242 -3.141592653589793 0.35 0.35 1.2 1
0 2.223787146870705 1.5326611020681584 0.35 0.35 1.2 1
0 -2.7593607478552737 -0.6362774346684842 0.35 0.35 1.2 1
0 -2.3890320080338148 0.7549354234344355 0.35 0.35 1.2 1
0 -1.7356181335180152 0.10516118177050515 0.35 0.35 1.2 1
0 -1.8669942041131422 1.1535872021474671 0.35 0.35 1.2 1
0 1.0335480346190227 -3.0328214231493873 0.35 0.35 1.2 1
0 -0.3464526128683235 0.5142413426391824 0.35 0.35 1.2 1
0 2.154445866565239 0.39177686413326274 0.35 0.35 1.2 1
0 -3.141592653589793 -3.141592653589793 0.35 0.35 1.2 1
0 -3.141592653589793 1.2246162891208705 0.35 0.35 1.2 1
0 -0.6694255789127047 -3.141592653589793 0.35 0.35 1.2 1
0 -0.4592615764774768 2.3489620108679086 0.35 0.35 1.2 1
0 1.2772369848025207 1.9794479993982483 0.35 0.35 1.2 1
0 -0.21652180139486898 1.6388763864217744 0.35 0.35 1.2 1
0 -2.2091676211387354 -3.141592653589793 0.35 0.35 1.2 1
0 1.6104242275018 3.141592653589793 0.35 0.35 1.2 1
0 0.7999428294631687 0.9693082211503357 0.35 0.35 1.2 1
0 0.6225515964136927 3.141592653589793 0.35 0.35 1.2 1
0 0.5664725885710498 -3.141592653589793 0.35 0.35 1.2 1
0 3.141592653589793 -1.2937234018716712 0.35 0.35 1.2 1
0 -1.0410800593888705 -0.9188447912852357 0.35 0.35 1.2 1
0 1.1522053683266136 -2.2358564284776086 0.35 0.35 1.2 1
0 3.141592653589793 -1.9999528639072717 0.35 0.35 1.2 1
0 -2.0870868862010568 0.405495089674766 0.35 0.35 1.2 1
0 3.141592653589793 -1.0464296748738189 0.35 0.35 1.2 1
0 1.0945005522922546 1.3051547060577344 0.35 0.35 1.2 1
0 -3.141592653589793 -0.6924721209725252 0.35 0.35 1.2 1
0 -2.8663714947469763 -2.800403333621561 0.35 0.35 1.2 1
0 1.8147918384437038 -3.141592653589793 0.35 0.35 1.2 1
0 2.8981441099751075 0.16141920064565207 0.35 0.35 1.2 1
0 -2.5027323816516027 1.7175850232631704 0.35 0.35 1.2 1
0 -1.900668174500551 -2.105950048174226 0.35 0.35 1.2 1
0 3.141592653589793 -1.4465670750276063 0.35 0.35 1.2 1
0 1.268332514444154 2.0616692946674595 0.35 0.35 1.2 1
0 0.14005010390730988 -0.3057762780860959 0.35 0.35 1.2 1
0 3.141592653589793 2.5668458154439824 0.35 0.35 1.2 1
0 3.0198455791829626 -0.36072028655515 0.35 0.35 1.2 1
0 -1.1929203449010044 -1.1621533454120732 0.35 0.35 1.2 1
0 3.141592653589793 2.9443306496258024 0.35 0.35 1.2 1
0 -0.1664049415736707 0.3180367354282272 0.35 0.35 1.2 1
