#! FIELDS time phi psi sigma_phi sigma_psi height biasf
                        #! SET multivariate false
                        #! SET kerneltype stretched-gaussian
                        #! SET min_phi -pi
                        #! SET max_phi pi
                        #! SET min_psi -pi
                        #! SET max_psi pi
0 -2.182409970361517 0.7178607782075914 0.35 0.35 1.2 1
0 -0.7846615032243881 1.62244215782786 0.35 0.35 1.2 1
0 0.5784453572920717 1.0844309799330196 0.35 0.35 1.2 1
0 0.533122441462454 0.29246029831095266 0.35 0.35 1.2 1
0 2.551896876570411 -1.5679550716683996 0.35 0.35 1.2 1
0 -2.335267134166617 0.6815116045797632 0.35 0.35 1.2 1
0 -0.3740851395578635 0.5786952768113984 0.35 0.35 1.2 1
0 -0.41460969075499027 2.6022596926833375 0.35 0.35 1.2 1
0 -1.6167849911516048 1.4093579278095174 0.35 0.35 1.2 1
0 -0.5751555756908368 -1.1321237608038954 0.35 0.35 1.2 1
0 1.01957982949399 0.9297312826866366 0.35 0.35 1.2 1
0 -3.141592653589793 -0.17869253928251683 0.35 0.35 1.2 1
0 0.8989126731024668 1.5973160012382102 0.35 0.35 1.2 1
0 -0.8064238667533 0.974200613766577 0.35 0.35 1.2 1
0 0.09908919897858892 -0.2468092617120074 0.35 0.35 1.2 1
0 -0.191926864340986 2.665997846533522 0.35 0.35 1.2 1
0 0.84913922328349 -0.005839891111909301 0.35 0.35 1.2 1
0 1.7295893640517708 0.7206439198130735 0.35 0.35 1.2 1
0 -1.8052580309629014 0.7987426167469536 0.35 0.35 1.2 1
0 3.0362331197541055 0.5688317419447556 0.35 0.35 1.2 1
0 3.141592653589793 3.141592653589793 0.35 0.35 1.2 1
0 2.4924993534615907 3.141592653589793 0.35 0.35 1.2 1
0 -1.724953853607604 2.4725655147206913 0.35 0.35 1.2 1
0 -3.141592653589793 2.199673978599421 0.35 0.35 1.2 1
0 -3.141592653589793 1.4059462011353427 0.35 0.35 1.2 1
0 1.461166894058492 2.082423864724229 0.35 0.35 1.2 1
0 1.3702212708117725 -1.8357676095526463 0.35 0.35 1.2 1
0 0.02830473718633794 2.125954468375655 0.35 0.35 1.2 1
0 -1.4553807147710476 1.1846277091864017 0.35 0.35 1.2 1
0 -0.6400625157438181 -0.5839583590137667 0.35 0.35 1.2 1
0 -1.0433352248795449 -2.62004932257989 0.35 0.35 1.2 1
0 -1.5834281448113494 0.9331052167112965 0.35 0.35 1.2 1
0 -0.8540861108520252 -1.2912640266255901 0.35 0.35 1.2 1
0 -1.811250391915137 3.141592653589793 0.35 0.35 1.2 1
0 -0.2490892540405747 1.4137959826743 0.35 0.35 1.2 1
0 0.8921617420079229 -0.510530341060115 0.35 0.35 1.2 1
0 0.6844780533276409 3.0266622694730483 0.35 0.35 1.2 1
0 -1.720913554187689 0.13942878364832123 0.35 0.35 1.2 1
0 -0.43338331636845484 1.5962278602387123 0.35 0.35 1.2 1
0 -2.190388354341757 0.8276524689546935 0.35 0.35 1.2 1
0 -0.6365535604633423 0.4468467292951861 0.35 0.35 1.2 1
0 -0.3730879405399481 2.9952613163407156 0.35 0.35 1.2 1
0 1.9562981537962854 0.8181647293293124 0.35 0.35 1.2 1
0 -0.24032560878859927 3.141592653589793 0.35 0.35 1.2 1
0 -0.7273497427190805 -0.6191238796589595 0.35 0.35 1.2 1
0 -1.857626570632468 -1.1380243250903486 0.35 0.35 1.2 1
0 -0.8189610632806478 1.7089021819224666 0.35 0.35 1.2 1
0 -0.685184054501667 -0.9856145276896272 0.35 0.35 1.2 1
0 0.26043928434145425 1.7251247648918522 0.35 0.35 1.2 1
0 -1.3115468371144448 -0.06796345943485205 0.35 0.35 1.2 1
0 -1.7917057685323783 -2.2457558692900648 0.35 0.35 1.2 1
0 -2.0815375881258182 2.4456922873877853 0.35 0.35 1.2 1
0 0.08134135012517762 0.2998648653521585 0.35 0.35 1.2 1
0 -1.918445581161788 2.0453793145647783 0.35 0.35 1.2 1
0 2.2547953082891916 0.7371065295644241 0.35 0.35 1.2 1
0 -3.1128245433100723 1.378799946076485 0.35 0.35 1.2 1
0 -2.3607233821519062 2.233323188227276 0.35 0.35 1.2 1
0 0.6238178329232313 2.8896294004579186 0.35 0.35 1.2 1
0 1.7549586863376976 0.9147004962731623 0.35 0.35 1.2 1
0 -0.8047909462858029 1.831882317676517 0.35 0.35 1.2 1
0 0.2519570486274464 0.5022015207939072 0.35 0.35 1.2 1
0 -1.3641068954113509 0.9845668331005698 0.35 0.35 1.2 1
0 -3.0990317673106094 0.7490681007315084 0.35 0.35 1.2 1
0 -2.262269138475075 3.141592653589793 0.35 0.35 1.2 1
0 0.40700531762396785 -0.3192366162392071 0.35 0.35 1.2 1
0 -2.617406457906653 0.20779469423080704 0.35 0.35 1.2 1
0 0.8533030690305545 -2.8423862987286985 0.35 0.35 1.2 1
0 -1.5613415187300248 0.5933458955981724 0.35 0.35 1.2 1
0 -0.10072521090520598 0.754312263869907 0.35 0.35 1.2 1
0 -2.190539046788376 3.1284169014056484 0.35 0.35 1.2 1
0 1.1252261527219884 3.135648209233289 0.35 0.35 1.2 1
0 -0.22670906946885544 2.4871027043740757 0.35 0.35 1.2 1
0 -3.141592653589793 3.141592653589793 0.35 0.35 1.2 1
0 -2.8695453464947493 1.0156234144385063 0.35 0.35 1.2 1
0 -0.3451212716363131 0.24899803837756296 0.35 0.35 1.2 1
0 1.2931205418181435 -0.4975741753069287 0.35 0.35 1.2 1
0 -2.2710164509921156 1.625898547762669 0.35 0.35 1.2 1
0 0.8628062179823621 -0.028121248247719666 0.35 0.35 1.2 1
0 -1.5541907653081557 1.526558510794335 0.35 0.35 1.2 1
0 -3.141592653589793 2.0630005585814866 0.35 0.35 1.2 1
0 -0.4487747283763931 -0.1599293548230858 0.35 0.35 1.2 1
0 0.3714407735250459 2.956557857587536 0.35 0.35 1.2 1
0 2.371246844757551 3.141592653589793 0.35 0.35 1.2 1
0 -2.743622574237782 0.008175006682612174 0.35 0.35 1.2 1
0 0.6529614554814249 -0.626380514378324 0.35 0.35 1.2 1
0 1.1585169669532533 0.8024136758431171 0.35 0.35 1.2 1
0 -1.069176943047683 -1.2110171166326766 0.35 0.35 1.2 1
0 -1.948148511815855 0.038350366729695606 0.35 0.35 1.2 1
0 -2.6918796414685984 -0.5344648897307972 0.35 0.35 1.2 1
0 0.6066594019959938 -0.6719592006563183 0.35 0.35 1.2 1
0 -2.0577161745622634 -0.11624383569529317 0.35 0.35 1.2 1
0 -1.0616387148297464 -0.625578464546539 0.35 0.35 1.2 1
0 -0.5159699710749011 0.30140136060104805 0.35 0.35 1.2 1
0 0.4463269012585618 0.3999370410807428 0.35 0.35 1.2 1
0 -0.5267250151583862 -2.112757553199729 0.35 0.35 1.2 1
0 -1.6829023304933517 1.1694323284135115 0.35 0.35 1.2 1
0 -1.4946638576785145 0.9106693090768382 0.35 0.35 1.2 1
0 -1.8955514873562151 -2.3308179435942096 0.35 0.35 1.2 1
0 1.7863784582934974 1.1226002389967737 0.35 0.35 1.2 1
0 -0.06523809567272665 -2.2904741895837493 0.35 0.35 1.2 1
0 -3.0281927990803146 2.0154073890733466 0.35 0.35 1.2 1
0 -0.8695056797354177 3.141592653589793 0.35 0.35 1.2 1
0 0.6638027414745509 0.4194154955993945 0.35 0.35 1.2 1
0 -1.2510132980135784 0.5837511079919797 0.35 0.35 1.2 1
0 0.3209105411038552 0.31484593886604517 0.35 0.35 1.2 1
0 -0.2547635856153698 -0.14089192545853557 0.35 0.35 1.2 1
0 0.9713713395177527 2.589595316160456 0.35 0.35 1.2 1
0 -1.7864034389614065 -0.38561121721644953 0.35 0.35 1.2 1
0 -1.5554671838450957 1.0109401175379507 0.35 0.35 1.2 1
0 -1.365220142651653 3.141592653589793 0.35 0.35 1.2 1
0 -1.3205636436760742 -1.0255639207663478 0.35 0.35 1.2 1
0 -2.096351478831652 3.141592653589793 0.35 0.35 1.2 1
0 -0.1812895950085175 1.012644674209759 0.35 0.35 1.2 1
0 0.035695349150337397 2.265283293089116 0.35 0.35 1.2 1
0 -0.11562089172876888 -1.3317069294506534 0.35 0.35 1.2 1
0 -2.3560380825233196 0.83817489832297 0.35 0.35 1.2 1
0 0.12070455286102821 1.5851419639341502 0.35 0.35 1.2 1
0 -2.5142635932607673 -0.3425329405966293 0.35 0.35 1.2 1
0 -2.7854558067451256 0.2294167336107532 0.35 0.35 1.2 1
0 -1.5151566040908793 1.6554361966173556 0.35 0.35 1.2 1
0 -1.0366401206136067 2.1611159362726555 0.35 0.35 1.2 1
0 -3.141592653589793 0.2057516736816084 0.35 0.35 1.2 1
0 -1.2820264247356563 1.1224418894556403 0.35 0.35 1.2 1
0 -0.19560021539856076 0.31281218931017607 0.35 0.35 1.2 1
0 -1.05064868818639 0.5746273657320536 0.35 0.35 1.2 1
0 0.23819307293555247 0.6286210031630003 0.35 0.35 1.2 1
0 -2.7595355615217687 0.4999681248988026 0.35 0.35 1.2 1
0 -1.9561104980624247 2.323481088991643 0.35 0.35 1.2 1
0 -1.9367094369920546 1.5051937317285047 0.35 0.35 1.2 1
0 0.645027355023713 -2.803741210823455 0.35 0.35 1.2 1
0 1.7223370589256357 -2.9142016069400536 0.35 0.35 1.2 1
0 -2.323215003013002 0.8653780382075777 0.35 0.35 1.2 1
0 -0.28620541314394 3.1364704322520125 0.35 0.35 1.2 1
0 3.141592653589793 1.7488950681544675 0.35 0.35 1.2 1
0 -1.487929704412624 0.2764270945357159 0.35 0.35 1.2 1
0 -0.8862830212908325 2.449405180036165 0.35 0.35 1.2 1
0 0.10787036989537624 1.6238425050710972 0.35 0.35 1.2 1
0 -1.7491104478993775 -1.6284881931590673 0.35 0.35 1.2 1
0 -3.141592653589793 -3.141592653589793 0.35 0.35 1.2 1
0 -1.120379710996955 -0.5926830536716132 0.35 0.35 1.2 1
0 -2.1353189898626823 1.2007902592614725 0.35 0.35 1.2 1
0 -0.5215053445500829 -0.8875619055022986 0.35 0.35 1.2 1
0 -2.4199175278617413 0.7701796445518807 0.35 0.35 1.2 1
0 -0.270432273889452 -0.16758996455457098 0.35 0.35 1.2 1
0 -0.39658335099670317 0.3387916882774188 0.35 0.35 1.2 1
0 -1.1620164769022374 0.8094870196447629 0.35 0.35 1.2 1
0 -0.3307460883673416 1.4671624354171018 0.35 0.35 1.2 1
0 -3.141592653589793 0.5582418965056948 0.35 0.35 1.2 1
0 -3.141592653589793 -0.15695602329717973 0.35 0.35 1.2 1
0 -1.055483059638708 0.7392299863559617 0.35 0.35 1.2 1
0 0.37758084476948905 1.012307401517849 0.35 0.35 1.2 1
0 -2.2868958852288546 3.141592653589793 0.35 0.35 1.2 1
0 -1.7278478811160776 -0.1806199502140332 0.35 0.35 1.2 1
0 -2.260661913745548 3.141592653589793 0.35 0.35 1.2 1
0 2.9737381806559 -2.0093705412181757 0.35 0.35 1.2 1
0 -0.09292313292865972 2.4014499738985178 0.35 0.35 1.2 1
0 -1.8779126174033387 1.9846587097476207 0.35 0.35 1.2 1
0 0.3430280234225673 -1.1191933227751272 0.35 0.35 1.2 1
0 0.36744603063852227 0.03767090436625681 0.35 0.35 1.2 1
0 -1.8307156136385432 1.4384828507051703 0.35 0.35 1.2 1
0 -1.830030674148944 0.20187819371994808 0.35 0.35 1.2 1
0 -1.0016242371573276 1.9389879317856247 0.35 0.35 1.2 1
0 -0.2223627965534819 1.0413648072126007 0.35 0.35 1.2 1
0 -0.5287512979253961 0.9668190490456248 0.35 0.35 1.2 1
0 1.8564479590514311 1.243234464229087 0.35 0.35 1.2 1
0 -1.6172113845239908 -0.7554697954586296 0.35 0.35 1.2 1
0 -2.115570279277889 0.9051117659288741 0.35 0.35 1.2 1
0 -0.03805832181687829 3.046752905060614 0.35 0.35 1.2 1
0 -2.4914042166203068 2.116406367385635 0.35 0.35 1.2 1
0 -0.3543186325597132 -3.141592653589793 0.35 0.35 1.2 1
0 -0.979095087144001 0.5499775334562569 0.35 0.35 1.2 1
0 0.9593568010655228 -0.6722652718853619 0.35 0.35 1.2 1
0 -3.141592653589793 -2.263394806602858 0.35 0.35 1.2 1
0 -0.5513475824665532 -0.15035243517105787 0.35 0.35 1.2 1
0 -0.06881642673202437 1.547746152308979 0.35 0.35 1.2 1
0 -3.141592653589793 2.1874000529980115 0.35 0.35 1.2 1
0 -0.2185917494727158 -0.6630351190812497 0.35 0.35 1.2 1
0 2.8702624808912995 -1.1971645520738365 0.35 0.35 1.2 1
0 -1.871514180896928 0.2783903594780053 0.35 0.35 1.2 1
0 -2.38617381414062 -2.67472093778387 0.35 0.35 1.2 1
0 -0.46520179476468854 1.2068085549536418 0.35 0.35 1.2 1
0 -3.141592653589793 1.0263890866631242 0.35 0.35 1.2 1
0 -1.3401063098066346 1.964057926237597 0.35 0.35 1.2 1
0 0.5559181506168107 -0.8973607225527105 0.35 0.35 1.2 1
0 1.467189616012702 2.7558203133664523 0.35 0.35 1.2 1
0 -1.6162320776056323 -2.1837741161078355 0.35 0.35 1.2 1
0 -0.13818801882956588 2.1086949533306916 0.35 0.35 1.2 1
0 -0.700119335523637 -2.7327526859793494 0.35 0.35 1.2 1
0 -3.141592653589793 -0.029348389010338205 0.35 0.35 1.2 1
0 2.399958517542431 1.4155563696524718 0.35 0.35 1.2 1
0 -0.5979994226021107 0.8151840029049431 0.35 0.35 1.2 1
0 1.8012903024617297 0.7171425854030007 0.35 0.35 1.2 1
0 -0.390738534937811 1.6619306049824887 0.35 0.35 1.2 1
0 -2.14389516123943 -0.35308785295061795 0.35 0.35 1.2 1
0 -1.6684086159560032 0.2038903748490868 0.35 0.35 1.2 1
0 0.44392379816356675 2.8332648158661415 0.35 0.35 1.2 1
0 -2.7010455342827435 3.141592653589793 0.35 0.35 1.2 1
0 3.141592653589793 -0.539977084367453 0.35 0.35 1.2 1
0 -2.883910718662629 -1.1966133266137877 0.35 0.35 1.2 1
0 -0.41245621315815784 1.503913425028561 0.35 0.35 1.2 1
0 -2.844816202026638 3.141592653589793 0.35 0.35 1.2 1
0 -2.560383623665177 1.3939896179317588 0.35 0.35 1.2 1
0 3.141592653589793 0.6649934193937019 0.35 0.35 1.2 1
0 -0.7078077373902372 2.4074605127930906 0.35 0.35 1.2 1
0 0.252388342957806 -0.6393768846950372 0.35 0.35 1.2 1
0 0.6200291248537685 3.141592653589793 0.35 0.35 1.2 1
0 0.9858110793221285 2.486237657668394 0.35 0.35 1.2 1
0 -0.37596245538807094 -0.39850499127857475 0.35 0.35 1.2 1
0 -0.7448936272401613 0.17568696811797713 0.35 0.35 1.2 1
0 -2.13667787292475 1.0554726398676282 0.35 0.35 1.2 1
0 -1.4565210788823642 -0.17298067231378245 0.35 0.35 1.2 1
0 -1.1294140412471938 0.28161858103651544 0.35 0.35 1.2 1
0 -0.08805161368938541 1.8179692272145174 0.35 0.35 1.2 1
0 1.5233971797736223 1.1889204306727987 0.35 0.35 1.2 1
0 -2.978297086867612 0.8451307579091767 0.35 0.35 1.2 1
0 0.30720927303642864 2.5747067357648015 0.35 0.35 1.2 1
0 -0.8430710046225268 2.3151880923267445 0.35 0.35 1.2 1
0 -0.6149049813840065 1.4192255359101895 0.35 0.35 1.2 1
0 0.7680506192458947 -1.248413567132467 0.35 0.35 1.2 1
0 -1.1822952605204058 1.3409934584163965 0.35 0.35 1.2 1
0 -2.0822868126778995 -0.17498069590818832 0.35 0.35 1.2 1
0 -0.24592616485315044 2.904460882796166 0.35 0.35 1.2 1
0 -1.3816854205324671 -0.8724801507263995 0.35 0.35 1.2 1
0 -0.16848580269897756 2.9142437280862614 0.35 0.35 1.2 1
0 -1.1250991549359293 3.141592653589793 0.35 0.35 1.2 1
0 -1.2479746025980152 -2.1162283184144624 0.35 0.35 1.2 1
0 -2.5807869499780933 0.40558225919069923 0.35 0.35 1.2 1
0 -3.0171244557403654 2.4447081969237834 0.35 0.35 1.2 1
0 -1.5705686994051609 0.7944134047341458 0.35 0.35 1.2 1
0 -3.141592653589793 0.06351500368077434 0.35 0.35 1.2 1
0 0.33053261255714617 -0.9407940980753103 0.35 0.35 1.2 1
0 -1.5538955696757442 3.141592653589793 0.35 0.35 1.2 1
0 -1.3317759910752254 2.531758624073849 0.35 0.35 1.2 1
0 -2.2004167779741977 2.731481590168094 0.35 0.35 1.2 1
0 -1.6097875673930289 0.983814479946896 0.35 0.35 1.2 1
0 0.22568041907151368 1.4710960748474928 0.35 0.35 1.2 1
0 -2.157400326983217 3.141592653589793 0.35 0.35 1.2 1
0 0.5814343043026746 -0.4225197123172084 0.35 0.35 1.2 1
0 1.434259075336279 1.2446777328800254 0.35 0.35 1.2 1
0 1.0297554517165683 -0.16703539841533388 0.35 0.35 1.2 1
0 -0.6405351494773812 1.2837795717667349 0.35 0.35 1.2 1
0 -0.7636976766641979 -0.30960258107047856 0.35 0.35 1.2 1
0 -1.9383687178558313 1.1656615247986521 0.35 0.35 1.2 1
0 -0.06184826525547504 2.986727401983582 0.35 0.35 1.2 1
0 -0.8500854561170763 1.2246118612738919 0.35 0.35 1.2 1
0 -0.3014320590510211 0.5968360062402024 0.35 0.35 1.2 1
0 1.5853728797564655 0.5979651296786384 0.35 0.35 1.2 1
0 -2.9206758176372105 1.5167526692907372 0.35 0.35 1.2 1
0 -1.3090677921754643 1.369439851668679 0.35 0.35 1.2 1
0 1.742271649099661 1.3274308695391062 0.35 0.35 1.2 1
0 -0.4858499171506624 -2.5655815946181866 0.35 0.35 1.2 1
0 -1.546918006688596 -1.7771742762306806 0.35 0.35 1.2 1
0 -1.8899701797268191 0.7621159383561746 0.35 0.35 1.2 1
0 0.14775189582885107 0.21683517369284733 0.35 0.35 1.2 1
0 -0.06200402976337943 -1.289136103752091 0.35 0.35 1.2 1
0 -3.141592653589793 1.133727236879237 0.35 0.35 1.2 1
0 1.8916845199647014 2.452771323740799 0.35 0.35 1.2 1
0 -1.7085119313506463 0.9781142639411897 0.35 0.35 1.2 1
0 -0.9585287065043955 2.87364584382958 0.35 0.35 1.2 1
0 -2.014305787768472 2.4570667114710125 0.35 0.35 1.2 1
0 -0.6298010358138071 -0.05539958521755972 0.35 0.35 1.2 1
0 -1.7698564310354463 -3.141592653589793 0.35 0.35 1.2 1
0 0.5549274755246927 0.15169880612890263 0.35 0.35 1.2 1
0 -1.3861020476943944 2.7517887198279483 0.35 0.35 1.2 1
0 0.536717291369259 1.4379908303734412 0.35 0.35 1.2 1
0 -1.2992952455559466 1.561117835348751 0.35 0.35 1.2 1
0 -2.031348150399979 -0.8976962490020378 0.35 0.35 1.2 1
0 0.028819500231786754 0.19875181385047702 0.35 0.35 1.2 1
0 1.7150064732276995 0.20622925671970316 0.35 0.35 1.2 1
0 -2.2082982615347064 1.7195212737168737 0.35 0.35 1.2 1
0 0.13580904729420173 1.6438564922049954 0.35 0.35 1.2 1
0 -1.441910784291014 -0.27544593273300144 0.35 0.35 1.2 1
0 -1.4927060349230925 2.3946320273386132 0.35 0.35 1.2 1
0 -2.349447517926673 -1.1855549418079168 0.35 0.35 1.2 1
0 -0.8367737191820737 2.3690919004945665 0.35 0.35 1.2 1
0 -0.006870312823666014 0.24574590560359288 0.35 0.35 1.2 1
0 -3.141592653589793 0.24239205356286286 0.35 0.35 1.2 1
0 -1.999784678946285 0.3365126652438541 0.35 0.35 1.2 1
0 -3.141592653589793 2.439535695865832 0.35 0.35 1.2 1
0 -0.42394176047164456 -1.0891799243527527 0.35 0.35 1.2 1
0 -0.435617130680215 0.7267107844558949 0.35 0.35 1.2 1
0 -1.6801109728641945 2.354971912893652 0.35 0.35 1.2 1
0 -0.7568837074168638 -0.13812174377272424 0.35 0.35 1.2 1
0 -0.3396226631101662 -0.25371493304383363 0.35 0.35 1.2 1
0 0.7173912895106114 1.0478289211641703 0.35 0.35 1.2 1
0 0.7668004884007342 -0.029783490127730183 0.35 0.35 1.2 1
0 1.6574455409866646 1.0500581526343609 0.35 0.35 1.2 1
0 0.3014340107588499 2.3805153048382124 0.35 0.35 1.2 1
0 -0.29364943937164406 -2.5249881168175157 0.35 0.35 1.2 1
0 0.11931944341453711 -0.019729879706201436 0.35 0.35 1.2 1
0 1.4592597484963101 -0.2385631006880049 0.35 0.35 1.2 1
0 -2.429444506397753 0.757583221722663 0.35 0.35 1.2 1
0 -1.200413429619509 1.5648253549218711 0.35 0.35 1.2 1
0 -1.2822850009914992 -1.0487690257321756 0.35 0.35 1.2 1
0 -0.7739364514792079 1.0353790675186985 0.35 0.35 1.2 1
0 -2.674856771507371 0.2763280881507844 0.35 0.35 1.2 1
0 -2.2854093524218833 0.14192540088735273 0.35 0.35 1.2 1
0 -1.3556441962827508 3.1034904929395433 0.35 0.35 1.2 1
0 0.586241016566317 -1.2585673498093168 0.35 0.35 1.2 1
0 -3.0619956278635065 -2.100740527317679 0.35 0.35 1.2 1
0 0.5633148599894702 0.6518785978969621 0.35 0.35 1.2 1
0 -3.141592653589793 0.7015085320218777 0.35 0.35 1.2 1
0 -2.636832222351523 -0.14610013824642798 0.35 0.35 1.2 1
0 0.09430260737061458 -0.45854249200703656 0.35 0.35 1.2 1
0 -2.842481672754862 3.141592653589793 0.35 0.35 1.2 1
0 1.460427775906541 2.1502440798228086 0.35 0.35 1.2 1
0 2.182243823877935 3.141592653589793 0.35 0.35 1.2 1
0 0.737796026429351 0.5774283337738326 0.35 0.35 1.2 1
0 -1.0395861499991181 -1.7055938593701465 0.35 0.35 1.2 1
0 -1.464458203701323 -1.3111745808033053 0.35 0.35 1.2 1
0 0.5035220697668381 1.5088644988442923 0.35 0.35 1.2 1
0 -2.2671031649464704 1.1059175947784925 0.35 0.35 1.2 1
0 0.634051056362161 -0.17600948181392262 0.35 0.35 1.2 1
0 -2.216313901192892 -1.0328942634160836 0.35 0.35 1.2 1
0 0.3968681560654915 1.752104663552998 0.35 0.35 1.2 1
0 -1.5201831817592093 1.5989568642547365 0.35 0.35 1.2 1
0 1.2439815149428077 3.141592653589793 0.35 0.35 1.2 1
0 -0.5009045518619453 3.141592653589793 0.35 0.35 1.2 1
0 2.5454637574432573 1.5737521979478402 0.35 0.35 1.2 1
0 1.679809936311526 1.053013946892544 0.35 0.35 1.2 1
0 -1.556564710067878 0.2428532694011905 0.35 0.35 1.2 1
0 -1.7643552445468607 0.4441328881983223 0.35 0.35 1.2 1
0 -2.4076959013436405 -2.2289696231334117 0.35 0.35 1.2 1
0 0.2770504144641208 1.3710021547635214 0.35 0.35 1.2 1
0 2.342846627630648 -0.6348616279025561 0.35 0.35 1.2 1
0 -0.3270817232937996 0.015304400462985313 0.35 0.35 1.2 1
0 0.7232833730062784 0.9374095187278124 0.35 0.35 1.2 1
0 -1.2392798054922736 0.4843122046805911 0.35 0.35 1.2 1
0 -1.1387032234166772 -0.3249535869803404 0.35 0.35 1.2 1
0 1.0451771921405366 1.1890233571147641 0.35 0.35 1.2 1
0 -0.16853035802658756 -0.9331926269021407 0.35 0.35 1.2 1
0 2.0630016005647884 0.8648566617749045 0.35 0.35 1.2 1
0 -2.9438572997634207 -1.9563220924363562 0.35 0.35 1.2 1
0 1.0080857729400539 1.6094387357513353 0.35 0.35 1.2 1
0 -3.141592653589793 -2.348927042361697 0.35 0.35 1.2 1
0 0.5849814110859619 3.141592653589793 0.35 0.35 1.2 1
0 -2.067165259545568 -0.0323747968075937 0.35 0.35 1.2 1
0 -0.10171971707692731 0.8896497344686098 0.35 0.35 1.2 1
0 0.15830172798986486 -0.7990844347455852 0.35 0.35 1.2 1
0 -0.7476003649556388 2.729260389107316 0.35 0.35 1.2 1
0 -2.4663603915057566 -1.948354298778662 0.35 0.35 1.2 1
0 0.7284344909598015 1.4695474642324604 0.35 0.35 1.2 1
0 -1.5932354358697958 -2.7413000646768566 0.35 0.35 1.2 1
0 -1.9271956083996322 1.9499025628208728 0.35 0.35 1.2 1
0 0.27435341329474283 0.3431336793419756 0.35 0.35 1.2 1
0 -1.8579221010275817 -0.8024858661963976 0.35 0.35 1.2 1
0 2.5033046596443085 0.35564511235903296 0.35 0.35 1.2 1
0 -0.2497198074049478 2.5717467913192293 0.35 0.35 1.2 1
0 -0.30236166366877476 2.9410134519772297 0.35 0.35 1.2 1
0 0.21638406509210945 1.0736039943974192 0.35 0.35 1.2 1
0 -3.141592653589793 3.141592653589793 0.35 0.35 1.2 1
0 -1.8229833768963086 0.07924737095610307 0.35 0.35 1.2 1
0 -0.04819843804629276 -0.2757824334553549 0.35 0.35 1.2 1
0 0.18777442252626586 2.7419960054632173 0.35 0.35 1.2 1
0 -1.1128748435111544 3.141592653589793 0.35 0.35 1.2 1
0 -2.3332782368865446 3.141592653589793 0.35 0.35 1.2 1
0 -2.2137385937236242 -0.533763813832087 0.35 0.35 1.2 1
0 -0.3346470194326858 1.7948016708322698 0.35 0.35 1.2 1
0 0.3636760535092294 -0.7333248748841252 0.35 0.35 1.2 1
0 -1.8674847970074817 3.10695484730869 0.35 0.35 1.2 1
0 -0.1600925399732176 -0.37414103672595383 0.35 0.35 1.2 1
0 -0.39101174267790517 3.081028250821616 0.35 0.35 1.2 1
0 -1.404993634501727 0.32493860371510164 0.35 0.35 1.2 1
0 1.0111926694578468 3.141592653589793 0.35 0.35 1.2 1
0 -1.9428135202634076 2.398724054390533 0.35 0.35 1.2 1
0 -2.917827837739087 1.9633488009633773 0.35 0.35 1.2 1
0 -2.1350025318277814 -3.141592653589793 0.35 0.35 1.2 1
0 0.5920575677034352 -2.29541154793132 0.35 0.35 1.2 1
0 -1.602682459471388 -2.529998068482377 0.35 0.35 1.2 1
0 1.3945301374638013 2.3826908960146778 0.35 0.35 1.2 1
0 2.0377093921628466 1.4635543165384077 0.35 0.35 1.2 1
0 -2.251535666457403 0.768172786987172 0.35 0.35 1.2 1
0 2.7104410527024294 2.526684207478577 0.35 0.35 1.2 1
0 0.03570129871963551 1.7137596400329362 0.35 0.35 1.2 1
0 3.141592653589793 0.27590369147412014 0.35 0.35 1.2 1
0 0.5318053781195359 -0.04615053400148794 0.35 0.35 1.2 1
0 0.10139981772103268 3.141592653589793 0.35 0.35 1.2 1
0 -2.0365991760271887 1.3387845285391575 0.35 0.35 1.2 1
0 0.5375901909799085 -0.3586997224296459 0.35 0.35 1.2 1
0 -0.30734471861334023 1.970622056037773 0.35 0.35 1.2 1
0 -0.4552048082228648 -2.3517927967845584 0.35 0.35 1.2 1
0 -2.137809136303401 0.6434399075110093 0.35 0.35 1.2 1
0 -0.47055283254998065 -0.02265882986983203 0.35 0.35 1.2 1
0 0.05508078859996063 2.559594934383435 0.35 0.35 1.2 1
0 -0.48553359726832346 3.141592653589793 0.35 0.35 1.2 1
0 -2.3788597191278793 1.9162799242714246 0.35 0.35 1.2 1
0 0.33594368215479076 0.2014479078847395 0.35 0.35 1.2 1
0 0.11511727333411215 -1.065077209459504 0.35 0.35 1.2 1
0 3.141592653589793 3.0604070512788377 0.35 0.35 1.2 1
0 1.44480362799793 0.8543568992997594 0.35 0.35 1.2 1
0 -1.877102931979819 1.354020893019547 0.35 0.35 1.2 1
0 -1.6180651187490642 0.2804069620578118 0.35 0.35 1.2 1
0 -1.7052161734629312 0.43676813876696496 0.35 0.35 1.2 1
0 1.9758966335885195 2.1493812600998665 0.35 0.35 1.2 1
0 -2.7908777257113355 -0.6247104751024475 0.35 0.35 1.2 1
0 -1.8646861629745617 2.205145502086081 0.35 0.35 1.2 1
0 -2.3413936392643535 0.725080129669502 0.35 0.35 1.2 1
0 -0.7067144238476145 -1.2445588457742218 0.35 0.35 1.2 1
0 -3.141592653589793 -0.7669877423105804 0.35 0.35 1.2 1
0 -1.469605615017268 -2.4740370701733205 0.35 0.35 1.2 1
0 0.8751162660738762 0.9557373617902081 0.35 0.35 1.2 1
0 -0.6299287895077913 0.2264015214653409 0.35 0.35 1.2 1
0 -1.0503931036089735 1.0607571972517507 0.35 0.35 1.2 1
0 -1.0987873970733264 -0.8469728826666211 0.35 0.35 1.2 1
0 0.44814171632206956 1.8276040451425382 0.35 0.35 1.2 1
0 -0.0969228483756226 -0.9141741304043249 0.35 0.35 1.2 1
0 -0.6788194548762101 1.962221329531739 0.35 0.35 1.2 1
0 -1.7726632471559947 0.7508793304854423 0.35 0.35 1.2 1
0 -2.8172908532134198 1.9072180403187429 0.35 0.35 1.2 1
0 0.47189979928132963 0.8980948180816342 0.35 0.35 1.2 1
0 -2.15344899251465 1.9175127033244777 0.35 0.35 1.2 1
0 -1.8832162654783486 2.242179654227321 0.35 0.35 1.2 1
0 -1.3049292595726176 2.4969877867361725 0.35 0.35 1.2 1
0 -0.3876047811588823 1.9631998218421804 0.35 0.35 1.2 1
0 -1.1418588125604994 1.4708879926297844 0.35 0.35 1.2 1
0 -0.7297011187141995 3.018079492631146 0.35 0.35 1.2 1
0 -1.5460339603039577 2.0203308661312924 0.35 0.35 1.2 1
0 0.30544179888854495 1.6630713977058638 0.35 0.35 1.2 1
0 -1.359685332430653 0.9695748700948739 0.35 0.35 1.2 1
0 -2.613668302983646 2.191684375088216 0.35 0.35 1.2 1
0 -1.5356864138627309 3.141592653589793 0.35 0.35 1.2 1
0 1.6335858235414493 3.141592653589793 0.35 0.35 1.2 1
0 -1.4377463951036038 3.119301873519597 0.35 0.35 1.2 1
0 -0.7541242773881712 -0.887280664895814 0.35 0.35 1.2 1
0 -2.0955592480283256 0.17339207164734094 0.35 0.35 1.2 1
0 2.006267634732931 1.4401511125327495 0.35 0.35 1.2 1
0 0.801115300964792 -0.17213166851070483 0.35 0.35 1.2 1
0 -1.7096070093277205 2.427819999910931 0.35 0.35 1.2 1
0 -3.141592653589793 2.828820836500243 0.35 0.35 1.2 1
0 1.3997106088569626 1.46340014089262 0.35 0.35 1.2 1
0 2.4281860060851805 -1.8626926489808733 0.35 0.35 1.2 1
0 -1.2541529998165812 0.9165992913912082 0.35 0.35 1.2 1
0 0.27747569361835067 0.05269753073908817 0.35 0.35 1.2 1
0 0.2036503481088141 -1.161789290731685 0.35 0.35 1.2 1
0 2.1329561868567053 3.141592653589793 0.35 0.35 1.2 1
0 -1.5783891864639152 -1.754796511586498 0.35 0.35 1.2 1
0 -0.16842949398254103 1.196198910382568 0.35 0.35 1.2 1
0 -0.12960824384445463 2.483999423304027 0.35 0.35 1.2 1
0 1.090492474052171 1.00049795000831 0.35 0.35 1.2 1
0 2.452292078486737 2.236114630066628 0.35 0.35 1.2 1
0 -2.5177712789213675 0.057079659738858535 0.35 0.35 1.2 1
0 -1.510594695384479 -2.6784007630201714 0.35 0.35 1.2 1
0 -2.4841215168800814 2.005414342169712 0.35 0.35 1.2 1
0 0.5460967536753133 -0.20987425783024888 0.35 0.35 1.2 1
0 -1.7534946682720778 -1.2093222561494392 0.35 0.35 1.2 1
0 -0.9019980493077422 1.5687374683904216 0.35 0.35 1.2 1
0 -0.8784849441317129 0.9337962671528837 0.35 0.35 1.2 1
0 0.0681028700612174 -0.8344921970752758 0.35 0.35 1.2 1
0 -0.16653480990945024 0.5819843896013231 0.35 0.35 1.2 1
0 -1.4136608569208913 3.141592653589793 0.35 0.35 1.2 1
0 0.566523475440174 2.5809301739313533 0.35 0.35 1.2 1
0 -2.574292127264564 0.12595741326316778 0.35 0.35 1.2 1
0 -0.7496528271182915 2.4929757070652743 0.35 0.35 1.2 1
0 -2.0334587399643116 -0.2863939505531746 0.35 0.35 1.2 1
0 1.0587334056436277 3.141592653589793 0.35 0.35 1.2 1
0 -0.9656566627365503 1.3314211974730894 0.35 0.35 1.2 1
0 -0.1273682899631795 0.1842074916718921 0.35 0.35 1.2 1
0 0.6469106567140367 2.901308884278085 0.35 0.35 1.2 1
0 -0.2874002808852736 -1.0452940831845314 0.35 0.35 1.2 1
0 -1.2777325900377952 1.5307334997099526 0.35 0.35 1.2 1
0 -0.5938016229838259 -0.16520892969748835 0.35 0.35 1.2 1
0 -0.23064958902105137 3.1198844845157323 0.35 0.35 1.2 1
0 -2.468691665060847 0.1918131539062624 0.35 0.35 1.2 1
0 2.088024095895265 -0.23289609827304933 0.35 0.35 1.2 1
0 0.5361126579356764 0.1533576190179886 0.35 0.35 1.2 1
0 -1.248701992462661 1.9061798302517605 0.35 0.35 1.2 1
0 3.141592653589793 3.0929209943692157 0.35 0.35 1.2 1
0 -0.8419753912146607 -1.740620049620734 0.35 0.35 1.2 1
0 -2.0263348434037773 3.141592653589793 0.35 0.35 1.2 1
0 -1.945552405696131 2.714944048093574 0.35 0.35 1.2 1
0 2.379731893118635 2.056646903907412 0.35 0.35 1.2 1
0 -1.1253721752593275 0.6923678433861792 0.35 0.35 1.2 1
0 0.7893157437688588 -1.726359060082751 0.35 0.35 1.2 1
0 -0.15278459650681797 -1.82074814787034 0.35 0.35 1.2 1
0 -0.12365008208057338 0.11747173647044118 0.35 0.35 1.2 1
0 0.8334630877406808 0.3269750049164515 0.35 0.35 1.2 1
0 -0.442722923366209 -0.16734384747595255 0.35 0.35 1.2 1
0 -1.9457958117725762 -0.3263684173073041 0.35 0.35 1.2 1
0 0.721895904148486 -1.0551943526761842 0.35 0.35 1.2 1
0 1.5880325380334264 0.13188646663996856 0.35 0.35 1.2 1
0 -1.5448164903332136 0.36027092089943813 0.35 0.35 1.2 1
0 -2.894123580093848 -0.16912600728424332 0.35 0.35 1.2 1
0 -0.8231453736018567 1.8352363445130344 0.35 0.35 1.2 1
0 1.2690281081870391 1.8796361317976142 0.35 0.35 1.2 1
0 -0.12780389286691918 0.24244628037838467 0.35 0.35 1.2 1
0 -1.1470033070846155 -1.3958660246680787 0.35 0.35 1.2 1
0 -0.5240628736686027 -0.14906069592365712 0.35 0.35 1.2 1
0 0.30314950799983514 3.141592653589793 0.35 0.35 1.2 1
0 -1.7444149218899736 2.775989214557854 0.35 0.35 1.2 1
0 0.6307398282210898 1.8021924817193544 0.35 0.35 1.2 1
0 -1.5297569633128507 2.7617537031661534 0.35 0.35 1.2 1
0 -3.141592653589793 2.1528253811147735 0.35 0.35 1.2 1
0 -1.483401530199905 1.2654536976268955 0.35 0.35 1.2 1
0 -2.7713700638477134 3.141592653589793 0.35 0.35 1.2 1
0 -3.141592653589793 -1.2097686760179018 0.35 0.35 1.2 1
0 -2.0827863799091437 1.6321446673594253 0.35 0.35 1.2 1
0 -2.019145777406988 0.11023917808341233 0.35 0.35 1.2 1
0 1.8536952360969154 0.8608175785666106 0.35 0.35 1.2 1
0 -1.9606823801972486 0.8221281212850443 0.35 0.35 1.2 1
0 0.7062707361554375 0.8619353509285432 0.35 0.35 1.2 1
0 -0.1608601188509358 1.148491419144992 0.35 0.35 1.2 1
0 0.39385861911279396 1.4416618450655736 0.35 0.35 1.2 1
0 -0.7012955512769063 0.1290664002328632 0.35 0.35 1.2 1
0 -2.0673546723684684 0.4346134691087679 0.35 0.35 1.2 1
0 -0.06254298291265592 -0.2623666734538328 0.35 0.35 1.2 1
0 -0.15806413367152095 2.842651923226743 0.35 0.35 1.2 1
0 -0.04237236995562821 -1.3216327400434604 0.35 0.35 1.2 1
0 -0.4046467511996692 0.09687634109249071 0.35 0.35 1.2 1
0 -0.6454895471139965 0.5065688423220651 0.35 0.35 1.2 1
0 0.9607339063855613 -1.299608423590097 0.35 0.35 1.2 1
0 -1.0201115604348907 1.2296671726866193 0.35 0.35 1.2 1
0 -0.43401842546647584 1.401508764291676 0.35 0.35 1.2 1
0 0.48197770764030257 0.8258119870235735 0.35 0.35 1.2 1
0 1.174185653869807 -2.0296311542073657 0.35 0.35 1.2 1
0 -0.6127727672963963 -0.43853711440020415 0.35 0.35 1.2 1
0 1.2403487014396555 -2.2294404642853642 0.35 0.35 1.2 1
0 -1.5631613791721155 -1.1468498619414285 0.35 0.35 1.2 1
0 0.6018818892961437 2.4613126573062996 0.35 0.35 1.2 1
0 -0.5548326886609375 1.8946422451288267 0.35 0.35 1.2 1
0 1.2075344854833099 -2.719592097897767 0.35 0.35 1.2 1
0 -2.1001348419171526 1.0743405459969848 0.35 0.35 1.2 1
0 -1.3781493541377805 0.6935109900828236 0.35 0.35 1.2 1
0 1.1518374958453732 -0.1772207576154763 0.35 0.35 1.2 1
0 0.08696726318293557 0.17590230439090346 0.35 0.35 1.2 1
0 -2.226810053943135 -1.3033311929899614 0.35 0.35 1.2 1
0 -1.130347411206294 -1.2671420945767455 0.35 0.35 1.2 1
0 0.4383396885801871 2.249485372115781 0.35 0.35 1.2 1
0 0.9001995451041863 0.7586032099502098 0.35 0.35 1.2 1
0 0.04937396664734514 2.6776710939167767 0.35 0.35 1.2 1
0 1.0217147017948105 -0.6833220554267561 0.35 0.35 1.2 1
0 0.6427268663331942 -0.41590762618614924 0.35 0.35 1.2 1
0 0.18648099019240005 3.1309973698172984 0.35 0.35 1.2 1
0 2.142377318321943 1.4625586746847623 0.35 0.35 1.2 1
0 -1.6109348051267054 3.141592653589793 0.35 0.35 1.2 1
0 2.801188776016183 -0.7186967016350928 0.35 0.35 1.2 1
0 -0.5656163817771798 0.786416627631655 0.35 0.35 1.2 1
0 -0.20845378341189136 1.6085606218758963 0.35 0.35 1.2 1
0 -0.9996623334281911 -1.0208381016971648 0.35 0.35 1.2 1
0 -1.9677565069891296 0.7070461905995029 0.35 0.35 1.2 1
0 -0.7472373169658444 -2.8938089990772404 0.35 0.35 1.2 1
0 -0.00504335515848775 1.0507329920749475 0.35 0.35 1.2 1
0 -0.932783525993671 -2.876233837536426 0.35 0.35 1.2 1
0 -2.2710538976218526 -0.43816486742387617 0.35 0.35 1.2 1
0 0.7083285232946959 -0.2826615918836466 0.35 0.35 1.2 1
0 -0.11855919143551352 0.41471109404973916 0.35 0.35 1.2 1
0 0.28107763080453296 -0.0026839236404235522 0.35 0.35 1.2 1
0 1.5168315695931844 1.996563403408453 0.35 0.35 1.2 1
0 -0.5402968903121157 -1.0784095524363058 0.35 0.35 1.2 1
0 -2.158027617095268 1.3025566313366155 0.35 0.35 1.2 1
0 -0.2200850850104734 -1.779869599823512 0.35 0.35 1.2 1
0 1.253925623806908 0.2573146418224386 0.35 0.35 1.2 1
0 0.43065310938545115 1.3111873587221003 0.35 0.35 1.2 1
0 -1.1889747956230234 2.575362720074721 0.35 0.35 1.2 1
0 1.890080144499952 0.635435993280782 0.35 0.35 1.2 1
0 -1.0970047814890727 0.8370960961853491 0.35 0.35 1.2 1
0 0.253384323516638 3.141592653589793 0.35 0.35 1.2 1
0 -0.7601698321601689 -0.2615129104566415 0.35 0.35 1.2 1
0 -2.566567122429997 0.29046267420427085 0.35 0.35 1.2 1
0 -2.9428403479978678 0.030008139129734213 0.35 0.35 1.2 1
0 -1.57435122477685 3.066183195950547 0.35 0.35 1.2 1
0 -2.6175989546864775 2.468544537727172 0.35 0.35 1.2 1
0 -1.120365759393755 -0.9400994702181291 0.35 0.35 1.2 1
0 -0.22407980451854415 -0.21743822806554788 0.35 0.35 1.2 1
0 1.7796327369476996 0.04652276678795808 0.35 0.35 1.2 1
0 -1.2484620737617296 0.7851661293673824 0.35 0.35 1.2 1
0 -0.5900239681160535 1.2655265862192273 0.35 0.35 1.2 1
0 -1.5028598752829812 1.4260110996946078 0.35 0.35 1.2 1
0 -1.4677527061981825 -1.5646608586462598 0.35 0.35 1.2 1
0 -1.037570691867261 1.3800365406280064 0.35 0.35 1.2 1
0 2.7552852435783635 0.19948506710624825 0.35 0.35 1.2 1
0 -0.6907833188661643 -3.141592653589793 0.35 0.35 1.2 1
0 0.7811108719206659 0.1936398013558529 0.35 0.35 1.2 1
0 -1.1217665688495715 0.951552335993622 0.35 0.35 1.2 1
0 -2.1578673886618995 2.5500335038913957 0.35 0.35 1.2 1
0 -1.1184849199642632 3.0517853172921603 0.35 0.35 1.2 1
0 0.49563220706144906 -0.3702922965446931 0.35 0.35 1.2 1
0 -1.6810659935297125 1.9118132394927856 0.35 0.35 1.2 1
0 -1.3914109163468007 1.8004221366209494 0.35 0.35 1.2 1
0 -1.3565246777580988 -1.0235149965140096 0.35 0.35 1.2 1
0 -1.4211036513271647 -0.0692231990636647 0.35 0.35 1.2 1
0 -0.6053536941631132 -0.14161933461900045 0.35 0.35 1.2 1
0 -1.3346294463121302 -0.9157688060148703 0.35 0.35 1.2 1
0 2.105947416767083 -2.642479522284578 0.35 0.35 1.2 1
0 -1.9285600383693233 0.36705038231654474 0.35 0.35 1.2 1
0 1.4752223462285257 0.6421229293210602 0.35 0.35 1.2 1
0 -0.9913470233939172 1.2367535297796173 0.35 0.35 1.2 1
0 -0.9509523010782003 -0.02057668893624487 0.35 0.35 1.2 1
0 -1.2484177275966206 0.7337781322123467 0.35 0.35 1.2 1
0 -1.9543284075716134 0.3205376388836456 0.35 0.35 1.2 1
0 -1.8061047466784985 0.34780983268704246 0.35 0.35 1.2 1
0 1.4704609761760048 0.8237702992930259 0.35 0.35 1.2 1
0 0.2792040159939565 -0.6411189577309309 0.35 0.35 1.2 1
0 2.9259732000946803 1.775842543406859 0.35 0.35 1.2 1
0 -2.270687571374193 3.141592653589793 0.35 0.35 1.2 1
0 -2.692960008787619 1.7038873145650344 0.35 0.35 1.2 1
0 -0.9900743473558548 0.918883217577299 0.35 0.35 1.2 1
0 -1.0057250252621772 1.1084789276230496 0.35 0.35 1.2 1
0 1.2025629987764952 0.49681722622009505 0.35 0.35 1.2 1
0 -3.141592653589793 -2.0175839274825322 0.35 0.35 1.2 1
0 0.681696218928998 0.00972380145103413 0.35 0.35 1.2 1
0 0.9898519439546472 -1.0905322268263666 0.35 0.35 1.2 1
0 -0.5041266496755287 1.162352585399307 0.35 0.35 1.2 1
0 -1.5302068741422215 -0.7834067465444319 0.35 0.35 1.2 1
0 -0.7689549667821531 1.3893637510782089 0.35 0.35 1.2 1
0 -0.47184563631505505 -1.6310804048982495 0.35 0.35 1.2 1
0 -1.6971970088135824 -1.2423826847578492 0.35 0.35 1.2 1
0 1.1638842705207275 -2.788753484738607 0.35 0.35 1.2 1
0 -3.141592653589793 1.4411567825629636 0.35 0.35 1.2 1
0 -1.424831606325866 -0.06832555969781873 0.35 0.35 1.2 1
0 -3.141592653589793 0.02468756665141081 0.35 0.35 1.2 1
0 0.04461765883358526 -2.3554569294043746 0.35 0.35 1.2 1
0 -1.608320119637745 2.069849450042506 0.35 0.35 1.2 1
0 -0.9630036717231234 1.326935992681297 0.35 0.35 1.2 1
0 -0.9341561572544747 2.5645225837944343 0.35 0.35 1.2 1
0 -0.3476851870434765 3.120550716931153 0.35 0.35 1.2 1
0 1.024719897717647 3.141592653589793 0.35 0.35 1.2 1
0 -0.4090350714386838 -0.29294760438740974 0.35 0.35 1.2 1
0 -1.5491263085652234 1.0715770718336413 0.35 0.35 1.2 1
0 0.2335448737231433 1.7756090154966786 0.35 0.35 1.2 1
0 -2.3296429895728816 -0.05513834568454201 0.35 0.35 1.2 1
0 -3.140603190214992 -0.33321145207471714 0.35 0.35 1.2 1
0 -1.381510507394147 -0.9183965274294494 0.35 0.35 1.2 1
0 -2.2628091343324535 0.49311323545273034 0.35 0.35 1.2 1
0 -0.8882811868115684 1.2041195499682873 0.35 0.35 1.2 1
0 -1.6294410293780288 1.6722704548790137 0.35 0.35 1.2 1
0 -1.4339895962234472 2.1910176737407663 0.35 0.35 1.2 1
0 0.12639304947365926 2.357201993606507 0.35 0.35 1.2 1
0 -0.35302691755954685 0.7469648317582185 0.35 0.35 1.2 1
0 -3.141592653589793 -0.027639153972043973 0.35 0.35 1.2 1
0 3.0457364938079374 -1.2941108507500065 0.35 0.35 1.2 1
0 2.071548422463546 1.2181037654308453 0.35 0.35 1.2 1
0 -0.11118655024598212 -0.7021651686854808 0.35 0.35 1.2 1
0 -1.4217460973073102 0.3071783651920349 0.35 0.35 1.2 1
0 -2.990889169228631 -0.08486378602843281 0.35 0.35 1.2 1
0 1.3904770349306195 1.5756935504537781 0.35 0.35 1.2 1
0 -1.9973507756794742 1.0817882952860554 0.35 0.35 1.2 1
0 -1.7732703904997296 -1.2047906599946376 0.35 0.35 1.2 1
0 -2.664385182230839 1.561737641223937 0.35 0.35 1.2 1
0 -1.303492372983489 0.4211838577124161 0.35 0.35 1.2 1
0 0.3214573634194388 2.3364286899943716 0.35 0.35 1.2 1
0 -1.9457338142206806 -1.9746725337440707 0.35 0.35 1.2 1
0 -0.7646837979226215 1.0658969701502705 0.35 0.35 1.2 1
0 -3.141592653589793 0.35990212256173076 0.35 0.35 1.2 1
0 -0.39804957280349645 1.3117859079032377 0.35 0.35 1.2 1
0 0.7787141586312667 3.141592653589793 0.35 0.35 1.2 1
0 -0.7401527786482487 1.9839612155706245 0.35 0.35 1.2 1
0 -2.5538906894413094 1.5825720495559834 0.35 0.35 1.2 1
0 -3.141592653589793 2.2821686287974647 0.35 0.35 1.2 1
0 -1.9070413931352652 3.141592653589793 0.35 0.35 1.2 1
0 0.6630173318062225 -1.0669538481841871 0.35 0.35 1.2 1
0 -3.141592653589793 0.5636587631173952 0.35 0.35 1.2 1
0 0.3170572530746893 -1.451490153699936 0.35 0.35 1.2 1
0 0.9172385659216877 1.7351685455863128 0.35 0.35 1.2 1
0 -2.656037143335653 0.6807088365661548 0.35 0.35 1.2 1
0 -1.6527264310282113 0.6667878183692804 0.35 0.35 1.2 1
0 0.6754559161795304 1.8260703839090322 0.35 0.35 1.2 1
0 -0.6169235002987119 1.5321538502038936 0.35 0.35 1.2 1
0 -0.2727840472692864 -0.09428584575271223 0.35 0.35 1.2 1
0 -0.8595441908964407 3.141592653589793 0.35 0.35 1.2 1
0 -3.141592653589793 -1.3633640972772496 0.35 0.35 1.2 1
0 -2.3364862576263024 0.28815618663281783 0.35 0.35 1.2 1
0 -3.141592653589793 1.1035459358065967 0.35 0.35 1.2 1
0 -0.3450036342707686 0.2274829185155376 0.35 0.35 1.2 1
0 -0.7271020997982669 0.38522657458736265 0.35 0.35 1.2 1
0 1.5678006740217882 3.043393326408002 0.35 0.35 1.2 1
0 -0.8316560709446453 -2.5901188054899262 0.35 0.35 1.2 1
0 -1.4697196515265238 2.2387231477887446 0.35 0.35 1.2 1
0 -0.07412518592978606 -0.5423324988934605 0.35 0.35 1.2 1
0 1.4654744009360596 3.141592653589793 0.35 0.35 1.2 1
0 -0.6989358953012318 3.141592653589793 0.35 0.35 1.2 1
0 0.2715483804759583 3.141592653589793 0.35 0.35 1.2 1
0 -0.14655556165516723 -0.49007560285756746 0.35 0.35 1.2 1
0 -0.20444159665414663 -0.7409468967611909 0.35 0.35 1.2 1
0 -0.4497776085460842 0.9543098007256503 0.35 0.35 1.2 1
0 -2.3294468932203514 0.4868858557628467 0.35 0.35 1.2 1
0 -1.0247614988471008 1.5901578427443628 0.35 0.35 1.2 1
0 -1.1115890295105753 1.6202120677745195 0.35 0.35 1.2 1
0 -3.141592653589793 2.7641627296201765 0.35 0.35 1.2 1
0 -1.7307200888235474 -0.33771666513944226 0.35 0.35 1.2 1
0 1.8331784797988993 2.0127185909895045 0.35 0.35 1.2 1
0 -1.6925967624697305 -0.5768370034290821 0.35 0.35 1.2 1
0 0.182322573198554 -1.402301474203096 0.35 0.35 1.2 1
0 -0.9148319699076224 1.2316295332539957 0.35 0.35 1.2 1
0 -0.6525937964613533 0.10270134914416162 0.35 0.35 1.2 1
0 -3.1096791058305815 1.2304979576001709 0.35 0.35 1.2 1
0 -2.6933832985522934 -3.141592653589793 0.35 0.35 1.2 1
0 -2.97717495127244 0.001727114373583749 0.35 0.35 1.2 1
0 1.1672014772453783 0.8425209579625745 0.35 0.35 1.2 1
0 -0.5424696945570989 -0.20953530642138452 0.35 0.35 1.2 1
0 1.9929515355673053 2.0138050175205686 0.35 0.35 1.2 1
0 -0.041775246139876376 -0.40345712124912025 0.35 0.35 1.2 1
0 1.3080311448390796 -0.10813972467017796 0.35 0.35 1.2 1
0 -1.859728809797429 1.496594193247628 0.35 0.35 1.2 1
0 -1.9196218798988085 1.3132671219819423 0.35 0.35 1.2 1
0 -1.117632915473982 -0.0226401913718266 0.35 0.35 1.2 1
0 -0.9625671380838289 3.141592653589793 0.35 0.35 1.2 1
0 0.3889416819635112 2.5473795362217655 0.35 0.35 1.2 1
0 0.10302036451650531 2.2909775443766773 0.35 0.35 1.2 1
0 -2.845428628252891 2.754125826805869 0.35 0.35 1.2 1
0 3.141592653589793 0.576493921769615 0.35 0.35 1.2 1
0 -2.6350369474291697 -0.7960331705060602 0.35 0.35 1.2 1
0 -0.558268953640044 -0.18815071246218285 0.35 0.35 1.2 1
0 0.9957866274452251 2.374767879033195 0.35 0.35 1.2 1
0 -0.4053750056220651 3.141592653589793 0.35 0.35 1.2 1
0 -0.988814079784869 0.5293879087404785 0.35 0.35 1.2 1
0 0.6408660142826529 1.2407081956174566 0.35 0.35 1.2 1
0 -1.97114538199475 1.531611199568021 0.35 0.35 1.2 1
0 0.3948453510476826 1.1344316969579733 0.35 0.35 1.2 1
0 2.7913363551910133 3.0043725864030413 0.35 0.35 1.2 1
0 -3.141592653589793 1.7876523937948712 0.35 0.35 1.2 1
0 3.1205625190879687 1.3045791399443105 0.35 0.35 1.2 1
0 -1.081396916119587 0.3138974706893779 0.35 0.35 1.2 1
0 -2.2653789719808546 1.7962697258913811 0.35 0.35 1.2 1
0 -3.141592653589793 0.916082693779418 0.35 0.35 1.2 1
0 0.1514344273062414 -0.6826203591374813 0.35 0.35 1.2 1
0 -0.7806840954415147 3.141592653589793 0.35 0.35 1.2 1
0 -3.141592653589793 1.272332646348638 0.35 0.35 1.2 1
0 -2.6154260362245156 -2.3745692719779807 0.35 0.35 1.2 1
0 -0.7918910187635688 -0.4899672883862177 0.35 0.35 1.2 1
0 -3.141592653589793 -0.7590233618007507 0.35 0.35 1.2 1
0 -0.9668589786221433 1.400132292838286 0.35 0.35 1.2 1
0 -0.3338110932092204 2.258172002831052 0.35 0.35 1.2 1
0 1.713046826435619 1.4952412654410572 0.35 0.35 1.2 1
0 -0.8810998925110605 -0.3694291070874124 0.35 0.35 1.2 1
0 -1.5718523450652526 2.2367122966573683 0.35 0.35 1.2 1
0 -0.6742845213262483 -2.430416631860005 0.35 0.35 1.2 1
0 1.143441508072863 1.9596623802996196 0.35 0.35 1.2 1
0 0.36883060746311114 1.329273038823252 0.35 0.35 1.2 1
0 -0.5402876851917982 2.1376035934988282 0.35 0.35 1.2 1
0 -0.8119025553820927 1.433151289414086 0.35 0.35 1.2 1
0 -0.26802715264253113 0.9585018603097578 0.35 0.35 1.2 1
0 -0.9468692168893489 -0.15525410968074094 0.35 0.35 1.2 1
0 -0.7403689515951032 1.4267145574409676 0.35 0.35 1.2 1
0 -2.0936108274591136 1.9414395565765326 0.35 0.35 1.2 1
0 0.3541158926903525 -0.22168880754919007 0.35 0.35 1.2 1
0 -3.010739424925401 3.141592653589793 0.35 0.35 1.2 1
0 -1.119171162302932 -0.6343053986967029 0.35 0.35 1.2 1
0 -0.6567909384245477 -2.636975769535825 0.35 0.35 1.2 1
0 -2.349661439297651 -2.5131034702684665 0.35 0.35 1.2 1
0 0.018755828495258697 3.141592653589793 0.35 0.35 1.2 1
0 -1.5164538162954324 -0.8761607368496325 0.35 0.35 1.2 1
0 -1.5690362122591495 0.08424273742849686 0.35 0.35 1.2 1
0 -1.6414192513861523 0.24406602394719745 0.35 0.35 1.2 1
0 -1.1746530627241325 0.15552611194919516 0.35 0.35 1.2 1
0 -0.6499832306860927 -0.5217613575484964 0.35 0.35 1.2 1
0 -2.1400996776472008 0.77357434625275 0.35 0.35 1.2 1
0 -2.3678340370286963 1.1627943060152286 0.35 0.35 1.2 1
0 -2.457379976802446 -0.2461188905713021 0.35 0.35 1.2 1
0 1.9251345492493503 1.08607318385232 0.35 0.35 1.2 1
0 -1.5752209662270082 2.3394053084144777 0.35 0.35 1.2 1
0 0.14199525754919717 0.1413971378804918 0.35 0.35 1.2 1
0 2.149786036633195 -0.02295723263706706 0.35 0.35 1.2 1
0 -0.025273028943811005 0.9089005714723253 0.35 0.35 1.2 1
0 0.6077042889332755 3.141592653589793 0.35 0.35 1.2 1
0 -1.6684765472499796 1.6298624318349981 0.35 0.35 1.2 1
0 1.225658075432777 0.2707711810864787 0.35 0.35 1.2 1
0 -1.600071881099125 0.2530253430530349 0.35 0.35 1.2 1
0 -1.7290115765239134 1.1106640225486761 0.35 0.35 1.2 1
0 -1.1494873754718 -1.8683690218805926 0.35 0.35 1.2 1
0 -1.2606947595103497 -0.3150662140038669 0.35 0.35 1.2 1
0 1.6371252261785525 -3.141592653589793 0.35 0.35 1.2 1
0 -1.1148129689386876 1.9072003017379007 0.35 0.35 1.2 1
0 0.25457345494750594 0.06990178198261887 0.35 0.35 1.2 1
0 1.619833385801313 -2.4610771907349362 0.35 0.35 1.2 1
0 -2.2316963875346967 0.6466366323433315 0.35 0.35 1.2 1
0 -2.0493851008061084 -0.5635703310430588 0.35 0.35 1.2 1
0 2.897012168401788 2.4246238400532563 0.35 0.35 1.2 1
0 0.043127346039841974 1.3192311044605207 0.35 0.35 1.2 1
0 -0.8066094915022325 0.2999063971092655 0.35 0.35 1.2 1
0 0.035581202237896736 -1.3866138626518314 0.35 0.35 1.2 1
0 0.6670881609772399 1.6117971884574862 0.35 0.35 1.2 1
0 -0.4852391274444083 1.3669828965691164 0.35 0.35 1.2 1
0 -1.7992393348556568 0.5675078438481297 0.35 0.35 1.2 1
0 -2.9131480940191388 0.5901513664261833 0.35 0.35 1.2 1
0 -0.26272820549996323 -3.141592653589793 0.35 0.35 1.2 1
0 -2.27895885827404 2.9571094352109406 0.35 0.35 1.2 1
0 2.868606706826742 2.2164752809672645 0.35 0.35 1.2 1
0 1.2554562337655646 1.7944461850102766 0.35 0.35 1.2 1
0 -2.936364618385973 0.9398919256489369 0.35 0.35 1.2 1
0 -1.0621556726981665 0.20921366853135986 0.35 0.35 1.2 1
0 -1.5938381568799038 1.8672970461031098 0.35 0.35 1.2 1
0 1.2832303450688927 1.7274345257435428 0.35 0.35 1.2 1
0 -1.8391686201127515 0.6089341594522033 0.35 0.35 1.2 1
0 1.3346057526580521 2.6953829145923778 0.35 0.35 1.2 1
0 -2.438730163156079 1.9690804826668566 0.35 0.35 1.2 1
0 2.061890712877945 -0.01709517052173465 0.35 0.35 1.2 1
0 -1.0465683584811285 3.141592653589793 0.35 0.35 1.2 1
0 1.6115012982202097 -0.004445055260722253 0.35 0.35 1.2 1
0 0.474650961028508 3.141592653589793 0.35 0.35 1.2 1
0 1.1965326201218398 0.6687746680133253 0.35 0.35 1.2 1
0 -1.8140618249303657 2.226625802130727 0.35 0.35 1.2 1
0 -0.7526448768796106 1.2005699650001929 0.35 0.35 1.2 1
0 1.2425788530143744 -1.7999850652519402 0.35 0.35 1.2 1
0 0.6103311506699975 1.3964654817939786 0.35 0.35 1.2 1
0 -2.5445297461488945 -1.2053042891865524 0.35 0.35 1.2 1
0 -0.6158976073031417 2.751340977194647 0.35 0.35 1.2 1
0 -1.3832920111650662 1.650830571958739 0.35 0.35 1.2 1
0 0.7322522418644166 0.8229410132500585 0.35 0.35 1.2 1
0 2.468705460739173 -2.2171041570784165 0.35 0.35 1.2 1
0 -1.777268710605571 -0.2738036866836613 0.35 0.35 1.2 1
0 -3.0945253869721374 -2.009020537233678 0.35 0.35 1.2 1
0 -2.437233770670792 0.9968959448740168 0.35 0.35 1.2 1
0 0.9526594795301138 2.318913322292302 0.35 0.35 1.2 1
0 -1.211429175222079 -2.358478478636347 0.35 0.35 1.2 1
0 -0.5609893881572213 2.1105205544562065 0.35 0.35 1.2 1
0 0.048201637225876004 1.2561737826296415 0.35 0.35 1.2 1
0 -1.1619014651036883 -1.5405791666465443 0.35 0.35 1.2 1
0 -1.1327720025394719 0.19722919391027444 0.35 0.35 1.2 1
0 -1.9142649726406211 0.7765293213737353 0.35 0.35 1.2 1
0 0.4516488426141586 -2.522803454239586 0.35 0.35 1.2 1
0 0.5961673660495768 -1.5321583913792378 0.35 0.35 1.2 1
0 3.141592653589793 1.1841302624530554 0.35 0.35 1.2 1
0 -3.141592653589793 3.141592653589793 0.35 0.35 1.2 1
0 0.7416773901963515 -1.1126225359007798 0.35 0.35 1.2 1
0 -0.8389141832846452 -0.3709192354338809 0.35 0.35 1.2 1
0 0.9519034428904956 1.8667119550660867 0.35 0.35 1.2 1
0 -0.23949096793874014 0.4809574638908771 0.35 0.35 1.2 1
0 -3.000746876689826 1.988309034267436 0.35 0.35 1.2 1
0 -0.22075674659356892 -2.089604010835533 0.35 0.35 1.2 1
0 -1.9797155682181447 -1.250905736820451 0.35 0.35 1.2 1
0 0.7491053135997663 -2.1787862044725244 0.35 0.35 1.2 1
0 -1.1709202490094932 0.5815670098736454 0.35 0.35 1.2 1
0 -0.4497152962084819 0.37150396637836547 0.35 0.35 1.2 1
0 -2.675802344014515 -0.46633880097625796 0.35 0.35 1.2 1
0 -2.969088195406265 0.8856754558506078 0.35 0.35 1.2 1
0 0.07512460906261581 0.4656632518288836 0.35 0.35 1.2 1
0 -0.20845254269160957 1.8140303648968858 0.35 0.35 1.2 1
0 0.40319204227902405 2.1327411116459074 0.35 0.35 1.2 1
0 -1.5560752543483738 1.183167441313843 0.35 0.35 1.2 1
0 -1.4137096869355281 -0.8782085959559334 0.35 0.35 1.2 1
0 1.257128277781088 -0.3448623000988852 0.35 0.35 1.2 1
0 0.12215160876246167 -1.0108241321934324 0.35 0.35 1.2 1
0 -0.5472937955487163 0.08532905676101948 0.35 0.35 1.2 1
0 -0.924264887565869 0.05175338027308363 0.35 0.35 1.2 1
0 0.47271881831019325 3.141592653589793 0.35 0.35 1.2 1
0 -3.141592653589793 3.141592653589793 0.35 0.35 1.2 1
0 0.21871270673952825 1.2323546869564443 0.35 0.35 1.2 1
0 -2.67772412567016 1.3897929353517475 0.35 0.35 1.2 1
0 -3.141592653589793 0.9735527725244842 0.35 0.35 1.2 1
0 1.4726373218147613 2.648460737572605 0.35 0.35 1.2 1
0 -1.2102735024693119 2.322877749828786 0.35 0.35 1.2 1
0 -0.6812867064568213 -1.0818806114839752 0.35 0.35 1.2 1
0 -0.9797962258701564 1.6911598217238883 0.35 0.35 1.2 1
0 -2.208592726596009 0.17632352201480495 0.35 0.35 1.2 1
0 0.10096021826385133 0.3744047514605726 0.35 0.35 1.2 1
0 -0.0038961066827237073 0.9586693273791689 0.35 0.35 1.2 1
0 0.13497441769454954 1.4177808336055966 0.35 0.35 1.2 1
0 1.1189382974303546 -1.2027681397069803 0.35 0.35 1.2 1
0 -2.9883196752761134 -0.04421047026499153 0.35 0.35 1.2 1
0 0.2675917060959878 0.2465016143222903 0.35 0.35 1.2 1
0 -2.625018280458576 -1.5127302551999966 0.35 0.35 1.2 1
0 0.6823222602815351 -0.5290746026715003 0.35 0.35 1.2 1
0 -1.6569247116951624 2.417119030303392 0.35 0.35 1.2 1
0 -3.0375570359598596 3.141592653589793 0.35 0.35 1.2 1
0 -2.789866134391826 0.03898366209263182 0.35 0.35 1.2 1
0 0.2886917052608085 -0.6368288698485297 0.35 0.35 1.2 1
0 -0.44718375304891766 1.5179272777637358 0.35 0.35 1.2 1
0 1.1248950209097899 1.3972311074757793 0.35 0.35 1.2 1
0 -2.9058695648681505 1.2109989450501848 0.35 0.35 1.2 1
0 -3.020172088529108 1.411851275239497 0.35 0.35 1.2 1
0 -1.7844916524525714 2.431961249313441 0.35 0.35 1.2 1
0 1.3928808424162642 -2.861811530763566 0.35 0.35 1.2 1
0 -2.2262793803096548 0.7481912376473729 0.35 0.35 1.2 1
0 -1.9262072233104048 0.7356880530698735 0.35 0.35 1.2 1
0 0.9207782170363844 2.2090048609876245 0.35 0.35 1.2 1
0 -2.4657849710318027 1.741594296033877 0.35 0.35 1.2 1
0 -0.030841666929918743 1.7602708337875836 0.35 0.35 1.2 1
0 -0.6316835416454718 -1.5350942125353455 0.35 0.35 1.2 1
0 -0.8260296081553775 3.141592653589793 0.35 0.35 1.2 1
0 -1.5321405912485784 1.067029476902834 0.35 0.35 1.2 1
0 1.6930682811276352 -0.041685460482287384 0.35 0.35 1.2 1
0 0.029386810642231476 3.0180792019098375 0.35 0.35 1.2 1
0 1.447312067486155 -0.8911107346897911 0.35 0.35 1.2 1
0 -3.1132533713545136 1.654256924339072 0.35 0.35 1.2 1
0 -0.542211623459504 1.242987158576156 0.35 0.35 1.2 1
0 -3.141592653589793 3.1264400242307766 0.35 0.35 1.2 1
0 -2.8736025152589253 1.9749647951314366 0.35 0.35 1.2 1
0 -0.2151792577458759 0.5777150495657343 0.35 0.35 1.2 1
0 0.047665894422500354 1.5296123531196824 0.35 0.35 1.2 1
0 -0.105533250126016 1.7957734746121692 0.35 0.35 1.2 1
0 -0.2286031228175756 -1.931733466702647 0.35 0.35 1.2 1
0 0.4640894846768726 1.3397501143331527 0.35 0.35 1.2 1
0 1.1223688128811333 1.3041162435717297 0.35 0.35 1.2 1
0 -1.5939835086734813 3.0267117230741354 0.35 0.35 1.2 1
0 0.695140412716905 -3.141592653589793 0.35 0.35 1.2 1
0 -2.657749556502908 2.027923537493564 0.35 0.35 1.2 1
0 -3.141592653589793 -0.6722039872421923 0.35 0.35 1.2 1
0 -1.4363996710290787 -0.5589639610474758 0.35 0.35 1.2 1
0 1.5087419239119568 1.4569813660616047 0.35 0.35 1.2 1
0 -2.5817597617789882 2.129162261311751 0.35 0.35 1.2 1
0 0.45571733450830554 -0.8129278238985149 0.35 0.35 1.2 1
0 0.1359862010629137 1.8368253658492115 0.35 0.35 1.2 1
0 -1.3820189688371929 1.979761749931133 0.35 0.35 1.2 1
0 -1.6412431744406135 -0.8143532689721268 0.35 0.35 1.2 1
0 -0.569063516179249 -0.8682429160538634 0.35 0.35 1.2 1
0 1.249050781975781 -1.1458699407568065 0.35 0.35 1.2 1
0 -3.141592653589793 1.6469281235685527 0.35 0.35 1.2 1
0 -2.108131422239957 1.8866831331041056 0.35 0.35 1.2 1
0 -0.28510580758387216 1.3649965744668373 0.35 0.35 1.2 1
0 1.9713720411745275 2.545862976761973 0.35 0.35 1.2 1
0 -2.030556599337335 3.141592653589793 0.35 0.35 1.2 1
0 -3.141592653589793 3.0448139789206268 0.35 0.35 1.2 1
0 -2.475774970641209 -0.2943078631371886 0.35 0.35 1.2 1
0 -1.4260477558325035 0.11179736855182709 0.35 0.35 1.2 1
0 -0.45057869539066 -0.2537864649744235 0.35 0.35 1.2 1
0 0.05612006275110204 2.0966082471872247 0.35 0.35 1.2 1
0 0.756814147494322 -0.10379067890326099 0.35 0.35 1.2 1
0 -0.41715598778523977 -1.192837715979759 0.35 0.35 1.2 1
0 -1.7778574466700117 1.7909353395074818 0.35 0.35 1.2 1
0 -1.2597832420960935 1.6682311948252793 0.35 0.35 1.2 1
0 -3.141592653589793 -3.141592653589793 0.35 0.35 1.2 1
0 -3.141592653589793 -2.1500508552890705 0.35 0.35 1.2 1
0 -1.017303655047446 -0.382883163477725 0.35 0.35 1.2 1
0 1.6693163308697456 1.3419224063394717 0.35 0.35 1.2 1
0 -0.7466156156121098 -1.5593838285792883 0.35 0.35 1.2 1
0 -3.090261235738124 2.225407447695071 0.35 0.35 1.2 1
0 2.078308251410213 2.0376236543964685 0.35 0.35 1.2 1
0 2.764658396751118 1.9456702664249694 0.35 0.35 1.2 1
0 1.586573768241401 0.3754031007143448 0.35 0.35 1.2 1
0 0.9623086559066192 0.9037256000732818 0.35 0.35 1.2 1
0 -1.1114620959255468 -1.7278364413651146 0.35 0.35 1.2 1
0 -1.6999551877104273 0.345646590363605 0.35 0.35 1.2 1
0 -2.4142192302197354 3.141592653589793 0.35 0.35 1.2 1
0 -0.5000513860508027 -1.3416253311658224 0.35 0.35 1.2 1
0 -1.1853933953264555 -0.42380023767336117 0.35 0.35 1.2 1
0 -0.44840696330555285 1.5181036540957447 0.35 0.35 1.2 1
0 0.4085499444682115 -0.7327739348679926 0.35 0.35 1.2 1
0 -0.11422490467891622 2.669389594412168 0.35 0.35 1.2 1
0 -0.3675073442087112 0.3882097532449088 0.35 0.35 1.2 1
0 -3.141592653589793 0.2906399904008959 0.35 0.35 1.2 1
0 -1.8564082622571538 -0.5266253217585547 0.35 0.35 1.2 1
0 -2.2311560474095127 1.1574242764208698 0.35 0.35 1.2 1
0 0.4059066210737494 1.129683360561811 0.35 0.35 1.2 1
0 -0.3781766825703683 2.6590902716217446 0.35 0.35 1.2 1
0 -1.622684968341927 -0.2829173955674589 0.35 0.35 1.2 1
0 -0.9442989558515448 -0.8880429066967221 0.35 0.35 1.2 1
0 -3.141592653589793 1.6484843565254053 0.35 0.35 1.2 1
0 -0.25005752552816496 -0.7609363026350906 0.35 0.35 1.2 1
0 0.0019005220270291723 0.20872509778233383 0.35 0.35 1.2 1
0 1.7966633345590943 -1.5865054067010718 0.35 0.35 1.2 1
0 -1.0207757795532586 0.40597495231459574 0.35 0.35 1.2 1
0 -0.6829759955844045 0.6734659368338591 0.35 0.35 1.2 1
0 0.20194556227547733 0.7882171276126693 0.35 0.35 1.2 1
0 -2.1949090844105603 1.97620520306321 0.35 0.35 1.2 1
0 -1.3180553434691897 2.4215834371668676 0.35 0.35 1.2 1
0 0.9165672889974112 2.369221527305887 0.35 0.35 1.2 1
0 -1.50652464121191 1.1715547909191677 0.35 0.35 1.2 1
0 -1.6866139592708365 0.022607360414224398 0.35 0.35 1.2 1
0 -2.377983426293789 -2.0660335687581486 0.35 0.35 1.2 1
0 -1.5494625266590214 -0.7074524892407104 0.35 0.35 1.2 1
0 -1.4808970516853477 1.1607845908448864 0.35 0.35 1.2 1
0 -1.0605428452880448 -0.23967944714111789 0.35 0.35 1.2 1
0 -0.7663149680632826 -0.02640853156726264 0.35 0.35 1.2 1
0 -0.0842937821674572 0.8341038097929385 0.35 0.35 1.2 1
0 0.772562888654303 0.32833649260063974 0.35 0.35 1.2 1
0 -2.531116383591594 0.12513518102292648 0.35 0.35 1.2 1
0 -2.5438778642412854 -2.4507886156046323 0.35 0.35 1.2 1
0 -1.9944272830087573 1.27070645149417 0.35 0.35 1.2 1
0 -0.1097229703197875 2.024196575735295 0.35 0.35 1.2 1
0 0.09008127707951441 -0.32866383910694763 0.35 0.35 1.2 1
0 -1.1067159212540307 1.723167076547665 0.35 0.35 1.2 1
0 -1.0537746489638642 -0.4775973541028271 0.35 0.35 1.2 1
0 3.141592653589793 1.4193328147619746 0.35 0.35 1.2 1
0 0.7700815744535059 -1.4718285281787984 0.35 0.35 1.2 1
0 -0.13677140368810392 -1.4393605355770775 0.35 0.35 1.2 1
0 -0.34814962066662036 2.8764421341652 0.35 0.35 1.2 1
0 -2.9526556061370464 1.131135480337313 0.35 0.35 1.2 1
0 1.7308209079699417 -0.6150366220949953 0.35 0.35 1.2 1
0 1.1514866376786175 2.1570685025795147 0.35 0.35 1.2 1
0 -2.0401047384492235 -0.9854332391631254 0.35 0.35 1.2 1
0 1.8037531573756946 3.141592653589793 0.35 0.35 1.2 1
0 -1.8372595958346063 -0.83856010995204 0.35 0.35 1.2 1
0 0.24878805005776616 2.820771232439814 0.35 0.35 1.2 1
0 -2.9299988314218597 0.5703752488617999 0.35 0.35 1.2 1
0 -1.3099743855467703 1.9540617940932128 0.35 0.35 1.2 1
0 -0.8210432137425218 2.557640150054905 0.35 0.35 1.2 1
0 1.8567417341264372 -0.41802050340314134 0.35 0.35 1.2 1
0 -0.7061707238914288 2.921801650848776 0.35 0.35 1.2 1
0 -0.009065059545636966 2.531994126763875 0.35 0.35 1.2 1
0 -0.46407276160782807 2.2514115765598435 0.35 0.35 1.2 1
0 -2.26330579536889 0.056820764824648526 0.35 0.35 1.2 1
0 -0.8284143766174534 -1.3497330232941671 0.35 0.35 1.2 1
0 0.22617861552281354 -1.8869489671616488 0.35 0.35 1.2 1
0 0.8389913867737395 -1.1717118416284638 0.35 0.35 1.2 1
0 0.6583131756669424 1.2967019832816349 0.35 0.35 1.2 1
0 -0.9907356760336592 -3.141592653589793 0.35 0.35 1.2 1
0 0.8692525694475937 0.649836062684747 0.35 0.35 1.2 1
0 0.2744725589441984 1.1532722527084482 0.35 0.35 1.2 1
0 -1.3799676466731547 -1.3475500228781971 0.35 0.35 1.2 1
0 -1.6062581370462652 -0.6040302978838897 0.35 0.35 1.2 1
0 -1.280231909683656 0.5753768615637256 0.35 0.35 1.2 1
0 -2.577809700547352 3.141592653589793 0.35 0.35 1.2 1
0 -0.25963966247133474 -2.0085215918985075 0.35 0.35 1.2 1
0 -1.6613901508187818 -0.6848537195070981 0.35 0.35 1.2 1
0 -3.141592653589793 1.9114586610272877 0.35 0.35 1.2 1
0 -2.553252140085357 -0.46926463864602774 0.35 0.35 1.2 1
0 -2.2159386890852617 1.1043427444372282 0.35 0.35 1.2 1
0 1.8418329506365294 -1.6683511664827573 0.35 0.35 1.2 1
0 -1.665058171347443 -0.07816035813629174 0.35 0.35 1.2 1
0 -1.9114616699287756 2.6142111454755765 0.35 0.35 1.2 1
