#! FIELDS time phi psi sigma_phi sigma_psi height biasf
                        #! SET multivariate false
                        #! SET kerneltype stretched-gaussian
                        #! SET min_phi -pi
                        #! SET max_phi pi
                        #! SET min_psi -pi
                        #! SET max_psi pi
0 1.8520119671672484 0.82060135736234 0.35 0.35 1.2 1
0 -2.8933710601709834 1.7551700677573174 0.35 0.35 1.2 1
0 -0.012829649984386848 2.222299911057673 0.35 0.35 1.2 1
0 2.309104194123744 3.141592653589793 0.35 0.35 1.2 1
0 2.3529406129164214 1.1620289152031424 0.35 0.35 1.2 1
0 -1.4127893558721696 -1.5791821306770677 0.35 0.35 1.2 1
0 0.11523475980985198 2.0461573161057505 0.35 0.35 1.2 1
0 0.7517708509052411 2.0252628098880523 0.35 0.35 1.2 1
0 0.5503008810731191 1.963253867031189 0.35 0.35 1.2 1
0 -2.3384402032504945 -0.27537583515754116 0.35 0.35 1.2 1
0 0.9548617389674274 2.4059232287584975 0.35 0.35 1.2 1
0 -2.751075185944477 3.0009562996640495 0.35 0.35 1.2 1
0 2.1470111281192494 -0.3919994699237431 0.35 0.35 1.2 1
0 -0.7132459735182379 0.12065414696938093 0.35 0.35 1.2 1
0 -3.141592653589793 2.2555696200815185 0.35 0.35 1.2 1
0 -1.885228038595847 3.0424070818739164 0.35 0.35 1.2 1
0 0.7633038378482183 -2.417324579268528 0.35 0.35 1.2 1
0 1.5023842815357356 -1.1943209144763955 0.35 0.35 1.2 1
0 -0.38173250544243104 2.044533881562945 0.35 0.35 1.2 1
0 3.141592653589793 3.141592653589793 0.35 0.35 1.2 1
0 1.1278781940060925 0.9547541300572479 0.35 0.35 1.2 1
0 2.318984847766569 3.141592653589793 0.35 0.35 1.2 1
0 -1.6254894866417815 3.141592653589793 0.35 0.35 1.2 1
0 -1.3017734086579746 2.173389848392289 0.35 0.35 1.2 1
0 -0.5875090756464438 0.7585163812472026 0.35 0.35 1.2 1
0 1.8879567572805134 1.629007211971519 0.35 0.35 1.2 1
0 -0.03322580313671408 -2.2639985222190164 0.35 0.35 1.2 1
0 -2.0606954902950525 0.6061836566299719 0.35 0.35 1.2 1
0 2.1505738853017915 1.7774011902288471 0.35 0.35 1.2 1
0 -1.6851476900435853 1.558494552915547 0.35 0.35 1.2 1
0 -0.5063842567356788 -2.8572560868595964 0.35 0.35 1.2 1
0 -1.2007668381971963 1.445868329618722 0.35 0.35 1.2 1
0 -1.2236806236738726 -2.959551354489216 0.35 0.35 1.2 1
0 -3.141592653589793 0.167244478167496 0.35 0.35 1.2 1
0 1.3851622462019364 0.957195563887951 0.35 0.35 1.2 1
0 -1.8979327285984016 -0.4565477991113519 0.35 0.35 1.2 1
0 2.007303399597268 3.141592653589793 0.35 0.35 1.2 1
0 -1.4900235459625897 0.9286398711022312 0.35 0.35 1.2 1
0 1.0737753632307603 0.5634356069449389 0.35 0.35 1.2 1
0 -3.141592653589793 1.6011783532261574 0.35 0.35 1.2 1
0 -2.292323850527876 0.5726411399941218 0.35 0.35 1.2 1
0 -1.986548978550128 0.12926789538796668 0.35 0.35 1.2 1
0 0.8829454197729606 0.930434986502146 0.35 0.35 1.2 1
0 -0.23093977243980007 1.6420393397901416 0.35 0.35 1.2 1
0 -0.06876978906341169 0.300138217219879 0.35 0.35 1.2 1
0 1.568376363789007 3.141592653589793 0.35 0.35 1.2 1
0 -0.4017639868441457 -0.3119421431195913 0.35 0.35 1.2 1
0 1.4453131542462772 -0.2331728342829229 0.35 0.35 1.2 1
0 -3.141592653589793 3.141592653589793 0.35 0.35 1.2 1
0 -3.141592653589793 -1.0425348333773279 0.35 0.35 1.2 1
0 -0.34124477544903276 0.9402425779760342 0.35 0.35 1.2 1
0 -2.4774749004859333 1.3511364574259397 0.35 0.35 1.2 1
0 -0.7873408403770827 1.4021695453235616 0.35 0.35 1.2 1
0 0.8777304218648223 1.551157147607432 0.35 0.35 1.2 1
0 3.109554240943133 3.141592653589793 0.35 0.35 1.2 1
0 2.7285967450215773 0.7109620878575446 0.35 0.35 1.2 1
0 -0.6078519772935929 3.141592653589793 0.35 0.35 1.2 1
0 -1.9416594887623235 3.141592653589793 0.35 0.35 1.2 1
0 0.7314612571769649 -2.015103074605803 0.35 0.35 1.2 1
0 -0.5071744124264715 0.04024295477384676 0.35 0.35 1.2 1
0 0.3978791548316286 -0.40672607905571656 0.35 0.35 1.2 1
0 -1.4376193519894236 -2.486512751323148 0.35 0.35 1.2 1
0 -2.0002081619623997 -0.5738004500951226 0.35 0.35 1.2 1
0 -1.2970626706576396 1.4374282137936658 0.35 0.35 1.2 1
0 -1.2469937046373278 2.822711623874251 0.35 0.35 1.2 1
0 1.5050648643612896 1.0828253873238416 0.35 0.35 1.2 1
0 2.866945539869299 0.961472003614358 0.35 0.35 1.2 1
0 -1.2243504196839756 -0.15057123168100117 0.35 0.35 1.2 1
0 0.5779202806833471 1.8867249373968118 0.35 0.35 1.2 1
0 0.28395425959238185 1.3179217025110341 0.35 0.35 1.2 1
0 2.2121303546482025 0.35736625967951524 0.35 0.35 1.2 1
0 -0.9110498391021524 0.687451341411769 0.35 0.35 1.2 1
0 -2.5079627647159124 2.36320598186931 0.35 0.35 1.2 1
0 -1.7391802969375896 2.257676767620215 0.35 0.35 1.2 1
0 1.935556573528871 0.3451738286829551 0.35 0.35 1.2 1
0 1.0969333038361142 2.7872488964402127 0.35 0.35 1.2 1
0 -1.5625908422562382 -0.1468880052990671 0.35 0.35 1.2 1
0 1.46064423969993 3.141592653589793 0.35 0.35 1.2 1
0 -0.8036398536879079 -2.2572515057718086 0.35 0.35 1.2 1
0 -0.3268252322078133 0.9475594034973407 0.35 0.35 1.2 1
0 -1.4802013186996115 -1.4835326739729848 0.35 0.35 1.2 1
0 1.3387860168409829 -0.042649753670789714 0.35 0.35 1.2 1
0 -0.6739314011421587 3.141592653589793 0.35 0.35 1.2 1
0 1.7289481299411045 2.4193654213366322 0.35 0.35 1.2 1
0 -1.7072327223931365 0.47930903515280715 0.35 0.35 1.2 1
0 -2.511623517210983 -0.015104689491641787 0.35 0.35 1.2 1
0 -0.2432258299012121 0.6770240444434948 0.35 0.35 1.2 1
0 -0.8991961288206467 2.9121588980867337 0.35 0.35 1.2 1
0 -1.0073423477316101 -1.3509222490893305 0.35 0.35 1.2 1
0 0.15047772098569367 -1.641285390630383 0.35 0.35 1.2 1
0 1.0159607384098044 -0.8280395975092036 0.35 0.35 1.2 1
0 2.1925298135688145 1.4887250159686032 0.35 0.35 1.2 1
0 0.3216017926287926 -1.1996200244837274 0.35 0.35 1.2 1
0 0.3363143414545944 0.20264211183927083 0.35 0.35 1.2 1
0 -2.9698547371604787 -2.5164467787276728 0.35 0.35 1.2 1
0 -0.6683108924508895 -0.6261151039645092 0.35 0.35 1.2 1
0 -0.389444835235486 0.9660273090692948 0.35 0.35 1.2 1
0 -0.007831434801147119 -0.11473483236144766 0.35 0.35 1.2 1
0 -1.3299680493947512 0.3671950675894575 0.35 0.35 1.2 1
0 -0.6370390462641964 0.3162183593035105 0.35 0.35 1.2 1
0 0.9475632132863074 0.3031270602109647 0.35 0.35 1.2 1
0 -3.141592653589793 0.2520193896895766 0.35 0.35 1.2 1
0 0.8448282120052578 1.419748984200748 0.35 0.35 1.2 1
0 -1.7723997294618874 -1.7170665047444806 0.35 0.35 1.2 1
0 -0.3440500682761182 -0.21517196309269027 0.35 0.35 1.2 1
0 -1.2730022111527506 -3.141592653589793 0.35 0.35 1.2 1
0 1.547752823128311 1.0262699290149278 0.35 0.35 1.2 1
0 -0.807960970480966 -0.06544310878435722 0.35 0.35 1.2 1
0 1.034376902221565 -1.4991773664533383 0.35 0.35 1.2 1
0 -0.7502128659312917 1.512664080328705 0.35 0.35 1.2 1
0 -2.3735552945911755 -2.7906167392827035 0.35 0.35 1.2 1
0 -0.730699784922092 1.6760390494824804 0.35 0.35 1.2 1
0 -2.724823297941388 -1.57310347620594 0.35 0.35 1.2 1
0 1.7091142709933835 1.4411711768152928 0.35 0.35 1.2 1
0 -1.5017548805960859 0.07302318031172644 0.35 0.35 1.2 1
0 -3.141592653589793 2.5846038579034256 0.35 0.35 1.2 1
0 -1.6683727728560458 0.6667053864127976 0.35 0.35 1.2 1
0 -0.6426624847728848 0.7253587470082454 0.35 0.35 1.2 1
0 -2.0403069984695983 1.0214789392576242 0.35 0.35 1.2 1
0 -0.08994041364988409 2.9549235433710734 0.35 0.35 1.2 1
0 -0.23365845075042724 1.1617884414194772 0.35 0.35 1.2 1
0 0.7917291515256744 -1.326392361683882 0.35 0.35 1.2 1
0 -3.141592653589793 -1.1922218144066177 0.35 0.35 1.2 1
0 2.101153852039421 1.200937564156984 0.35 0.35 1.2 1
0 1.1787194815867088 -2.3786852117906587 0.35 0.35 1.2 1
0 -0.4053791309252013 -0.12380656395722994 0.35 0.35 1.2 1
0 0.43132706698455714 -0.30614235436800896 0.35 0.35 1.2 1
0 3.141592653589793 0.4081237182950111 0.35 0.35 1.2 1
0 -1.802951423544222 -0.7447423257666507 0.35 0.35 1.2 1
0 0.4858308718956879 1.1559271236875932 0.35 0.35 1.2 1
0 -2.2773784161635193 0.05681947909629259 0.35 0.35 1.2 1
0 -3.141592653589793 -0.21307216644270188 0.35 0.35 1.2 1
0 -0.5749732400397248 2.0237328897780142 0.35 0.35 1.2 1
0 1.039535965038409 1.347785878118715 0.35 0.35 1.2 1
0 -1.2951303815500457 2.020363173348338 0.35 0.35 1.2 1
0 0.11320493026057171 1.6954915798537498 0.35 0.35 1.2 1
0 -2.117766298192338 1.8159928166181452 0.35 0.35 1.2 1
0 -0.23195786143582142 -0.34932573852417603 0.35 0.35 1.2 1
0 -1.8224111095929607 -0.1304797801659645 0.35 0.35 1.2 1
0 -0.593214486187237 -0.7741013047796005 0.35 0.35 1.2 1
0 0.012917432994525135 0.6664267676104766 0.35 0.35 1.2 1
0 -2.304685467706304 -1.171672363423729 0.35 0.35 1.2 1
0 -0.5490294691869132 0.3632241590803179 0.35 0.35 1.2 1
0 -1.4490387429099212 2.0210510424958676 0.35 0.35 1.2 1
0 -2.799451570519367 -1.8306629468001907 0.35 0.35 1.2 1
0 0.8527438075343041 1.2666920221306683 0.35 0.35 1.2 1
0 -0.605005696664179 1.472967072028052 0.35 0.35 1.2 1
0 -1.029408022513295 1.5481891206800524 0.35 0.35 1.2 1
0 0.9916764243848593 0.6113934105504819 0.35 0.35 1.2 1
0 -0.4032964090323866 3.057123673789943 0.35 0.35 1.2 1
0 -2.4618508143317923 -0.044494309657175046 0.35 0.35 1.2 1
0 -1.194327145684122 1.8372798238941481 0.35 0.35 1.2 1
0 -0.5394842863442981 -2.033046117154185 0.35 0.35 1.2 1
0 -2.2312082555135078 2.243313084839138 0.35 0.35 1.2 1
0 1.2483789170876818 -3.141592653589793 0.35 0.35 1.2 1
0 1.6645369009058673 0.8226644893127848 0.35 0.35 1.2 1
0 -1.1326971288251138 1.5232330103570164 0.35 0.35 1.2 1
0 -0.9959677839438502 -0.9041584358925143 0.35 0.35 1.2 1
0 1.3539626682871049 -1.1024918670999058 0.35 0.35 1.2 1
0 -2.182258856714581 0.5131100549962385 0.35 0.35 1.2 1
0 -1.3320472451505534 -1.8257126643935107 0.35 0.35 1.2 1
0 -1.1581172777363384 3.141592653589793 0.35 0.35 1.2 1
0 -0.22150300359636577 2.412552971106644 0.35 0.35 1.2 1
0 -1.3044508508534634 -2.0332837121468366 0.35 0.35 1.2 1
0 -0.30824802421012665 0.22983819117687232 0.35 0.35 1.2 1
0 0.5315427421830144 -0.6252692486582269 0.35 0.35 1.2 1
0 -1.7451306092618026 3.141592653589793 0.35 0.35 1.2 1
0 1.4878047079691403 2.490747597974905 0.35 0.35 1.2 1
0 -0.9250348811828686 0.8211298916673738 0.35 0.35 1.2 1
0 -2.96823834212477 -3.141592653589793 0.35 0.35 1.2 1
0 0.013257133333421378 1.0327530340086364 0.35 0.35 1.2 1
0 0.6690664164769965 1.3084425205430876 0.35 0.35 1.2 1
0 0.05052210431738058 -1.2983026741309731 0.35 0.35 1.2 1
0 -0.6147744140060727 1.6933965740264203 0.35 0.35 1.2 1
0 0.8485972732011846 0.8901361485761832 0.35 0.35 1.2 1
0 1.096917308245767 2.006069275331286 0.35 0.35 1.2 1
0 0.9124650244349939 0.07470465841686336 0.35 0.35 1.2 1
0 1.20520084322333 -0.586891300727069 0.35 0.35 1.2 1
0 -2.736611142061831 -1.1273089940239214 0.35 0.35 1.2 1
0 -1.217084119285352 -2.909227887762008 0.35 0.35 1.2 1
0 -0.5781223432047129 -0.04388457767773238 0.35 0.35 1.2 1
0 -2.9957176233217364 1.7838061673805579 0.35 0.35 1.2 1
0 -0.43234094361445696 0.0913314470454869 0.35 0.35 1.2 1
0 2.2217454424676544 -1.077051245233726 0.35 0.35 1.2 1
0 2.9970068904247977 -1.0130865564689324 0.35 0.35 1.2 1
0 0.6527135193005552 2.4898816697815302 0.35 0.35 1.2 1
0 -3.103864965303081 1.2652297574822096 0.35 0.35 1.2 1
0 -0.4225089449259893 -0.2593014254126196 0.35 0.35 1.2 1
0 0.8460573324322689 0.3838390069101121 0.35 0.35 1.2 1
0 -1.5801412355752564 2.193638627830487 0.35 0.35 1.2 1
0 1.2471459529434732 1.16178319680627 0.35 0.35 1.2 1
0 1.571398332796758 1.6199051102308653 0.35 0.35 1.2 1
0 -1.3045065309215302 -1.4185045736331447 0.35 0.35 1.2 1
0 0.48832517394722386 0.8513888367058076 0.35 0.35 1.2 1
0 -3.0837424167970626 2.1445228824613385 0.35 0.35 1.2 1
0 -1.7852355097052768 0.9772302185534589 0.35 0.35 1.2 1
0 -2.154160000186989 -1.0942072677853858 0.35 0.35 1.2 1
0 -1.4070691277857306 -1.108712335418269 0.35 0.35 1.2 1
0 2.9124688143334785 1.9810411385245195 0.35 0.35 1.2 1
0 -3.0269997381302924 0.5971767999079598 0.35 0.35 1.2 1
0 0.6752603830014889 -2.4230664926210257 0.35 0.35 1.2 1
0 -1.2637548975152992 0.8613833277495627 0.35 0.35 1.2 1
0 1.6975636319046987 -1.3088154834955519 0.35 0.35 1.2 1
0 -0.06976186782170424 1.8717792615022821 0.35 0.35 1.2 1
0 -1.6679217318750617 3.141592653589793 0.35 0.35 1.2 1
0 -1.860587233151523 3.0101189387843754 0.35 0.35 1.2 1
0 -1.6699889908972407 -0.5464924677642262 0.35 0.35 1.2 1
0 -0.8752769186941227 -1.788189538440361 0.35 0.35 1.2 1
0 0.519703102439383 1.7245416672846847 0.35 0.35 1.2 1
0 -1.5695724550663097 -2.709135097978037 0.35 0.35 1.2 1
0 1.816704335237915 0.29448987333313387 0.35 0.35 1.2 1
0 1.5437558128988687 0.8870881606056533 0.35 0.35 1.2 1
0 0.3098041838716107 -2.4300551388348786 0.35 0.35 1.2 1
0 -0.2589609043849822 1.1670757186495142 0.35 0.35 1.2 1
0 -3.141592653589793 2.1300023716342253 0.35 0.35 1.2 1
0 -0.5141549428046532 -1.0826158901130185 0.35 0.35 1.2 1
0 -0.13331508062142605 -0.032063805481444385 0.35 0.35 1.2 1
0 -2.905962118460029 -0.32438100165134254 0.35 0.35 1.2 1
0 -0.22074748438299213 -0.21681822411585464 0.35 0.35 1.2 1
0 1.4797798675462437 1.1894648811070587 0.35 0.35 1.2 1
0 -2.483523284542346 1.080775223270351 0.35 0.35 1.2 1
0 1.2611621074818329 3.0911867037452914 0.35 0.35 1.2 1
0 -2.3495899941353655 0.04983529540037035 0.35 0.35 1.2 1
0 0.053855868215665445 0.6220252463703422 0.35 0.35 1.2 1
0 -0.1921954948042007 0.5254454456054467 0.35 0.35 1.2 1
0 -1.1412838085680257 -1.2071037088980745 0.35 0.35 1.2 1
0 1.1985012414925353 1.9866210747065274 0.35 0.35 1.2 1
0 -1.3207545557337286 3.141592653589793 0.35 0.35 1.2 1
0 -0.5168017550390185 2.8931352059543616 0.35 0.35 1.2 1
0 -0.41057931574220735 -0.1393706821095937 0.35 0.35 1.2 1
0 0.9512866068074423 0.8609162306534661 0.35 0.35 1.2 1
0 -0.9386748200840891 -0.34273287399748675 0.35 0.35 1.2 1
0 -1.7217436717396373 2.8667332875765292 0.35 0.35 1.2 1
0 -2.736367314372725 2.176352694890908 0.35 0.35 1.2 1
0 -1.5314325278711254 2.431588472744528 0.35 0.35 1.2 1
0 1.5157117164277092 -0.7131784913487318 0.35 0.35 1.2 1
0 0.5454847913774876 0.5405709773667906 0.35 0.35 1.2 1
0 0.9823422328423497 0.8434798664187307 0.35 0.35 1.2 1
0 -1.094231493100194 2.2265910221223395 0.35 0.35 1.2 1
0 0.14059610519333118 0.5652600318732381 0.35 0.35 1.2 1
0 -1.7128432017950803 2.2916258204422784 0.35 0.35 1.2 1
0 1.1693933275662953 0.0660879922595784 0.35 0.35 1.2 1
0 -1.5522100254765783 1.8112828801555585 0.35 0.35 1.2 1
0 0.0991398533396185 0.7971388580119965 0.35 0.35 1.2 1
0 2.178199387955226 0.8579616300855469 0.35 0.35 1.2 1
0 -0.16658829207493409 2.7037079762623084 0.35 0.35 1.2 1
0 1.3355935319929164 0.24724786348986327 0.35 0.35 1.2 1
0 -2.361110665413162 2.381652050001766 0.35 0.35 1.2 1
0 -0.8283249139390949 -0.20055707416458457 0.35 0.35 1.2 1
0 3.141592653589793 0.716405207178206 0.35 0.35 1.2 1
0 -2.1997686068605575 0.51971888467283 0.35 0.35 1.2 1
0 -0.8559106042774434 -1.5920337738438335 0.35 0.35 1.2 1
0 -1.3272303655821807 0.6439759128192981 0.35 0.35 1.2 1
0 -3.141592653589793 1.842418176942453 0.35 0.35 1.2 1
0 -0.12824116700688315 1.1759480514936156 0.35 0.35 1.2 1
0 -1.455072809304693 -0.0806319784444407 0.35 0.35 1.2 1
0 0.8386171781505223 -0.07090490281677231 0.35 0.35 1.2 1
0 0.4037706357941033 1.4219836009502838 0.35 0.35 1.2 1
0 -0.8567778347587919 1.7398156258997846 0.35 0.35 1.2 1
0 -0.8516990072180283 3.008710480107744 0.35 0.35 1.2 1
0 0.10845206123138562 -1.0068332097549528 0.35 0.35 1.2 1
0 -1.3649118344941242 -1.6609103365813143 0.35 0.35 1.2 1
0 1.5335532823116058 -2.206049441822554 0.35 0.35 1.2 1
0 -0.7009077082918888 1.8338650726541461 0.35 0.35 1.2 1
0 0.30401955418781423 0.47061070912946756 0.35 0.35 1.2 1
0 -0.19644964812709587 1.0209390203129944 0.35 0.35 1.2 1
0 -0.6320192045003012 -1.4454242907053714 0.35 0.35 1.2 1
0 -0.22972399028328527 -3.141592653589793 0.35 0.35 1.2 1
0 2.6791234758843148 0.7896571270095003 0.35 0.35 1.2 1
0 -1.065026684861998 1.7635949192248253 0.35 0.35 1.2 1
0 -2.8154176461475013 -3.141592653589793 0.35 0.35 1.2 1
0 -0.36629209558274 0.20902396241742283 0.35 0.35 1.2 1
0 -1.981588211725938 1.0088602562517266 0.35 0.35 1.2 1
0 0.7736408431426323 1.5856785570745533 0.35 0.35 1.2 1
0 0.23105900590135653 3.141592653589793 0.35 0.35 1.2 1
0 3.141592653589793 0.28656777462547334 0.35 0.35 1.2 1
0 0.25392771813955395 0.950145604518541 0.35 0.35 1.2 1
0 2.0321431472178864 1.290944601713222 0.35 0.35 1.2 1
0 2.5613026124526064 0.8524803012974091 0.35 0.35 1.2 1
0 -1.2472674713478062 -0.4634964151095584 0.35 0.35 1.2 1
0 -0.6926573641699465 0.5361734096947499 0.35 0.35 1.2 1
0 -1.8955636263044608 0.6257418895839155 0.35 0.35 1.2 1
0 0.39456126396178703 -1.7976927841829236 0.35 0.35 1.2 1
0 -2.0138711480797533 -2.87487731819627 0.35 0.35 1.2 1
0 1.4195251374291646 0.9857475967309821 0.35 0.35 1.2 1
0 2.895512251170472 0.3388612159330582 0.35 0.35 1.2 1
0 -0.43379895085693854 0.5926954120036054 0.35 0.35 1.2 1
0 -1.0900451593212959 -0.07484506109097033 0.35 0.35 1.2 1
0 -2.449532308541642 -3.141592653589793 0.35 0.35 1.2 1
0 -0.36706543455235763 -0.13730535860686696 0.35 0.35 1.2 1
0 -1.125050342323465 -0.4385159537616072 0.35 0.35 1.2 1
0 -0.6113203451101815 2.2977971139500255 0.35 0.35 1.2 1
0 0.8923681287259448 -2.078236558823739 0.35 0.35 1.2 1
0 0.7479480870061089 1.0129416505255184 0.35 0.35 1.2 1
0 -1.9845012689536363 1.0695076111716666 0.35 0.35 1.2 1
0 0.4461181621559869 0.35440269658189427 0.35 0.35 1.2 1
0 0.49449633968333184 1.6719663852924354 0.35 0.35 1.2 1
0 -2.6570970109202676 1.2257237179012614 0.35 0.35 1.2 1
0 1.4979799262889566 -2.0753001636935995 0.35 0.35 1.2 1
0 -3.141592653589793 1.256269245222283 0.35 0.35 1.2 1
0 -0.6802296347553328 0.6421020695452356 0.35 0.35 1.2 1
0 -3.141592653589793 1.4326813965585175 0.35 0.35 1.2 1
0 -2.190086564850652 3.141592653589793 0.35 0.35 1.2 1
0 -1.9285554529816709 1.4202364551933075 0.35 0.35 1.2 1
0 0.8668231870589076 2.37400659612753 0.35 0.35 1.2 1
0 -1.54163742233581 -0.6010825951886906 0.35 0.35 1.2 1
0 0.15677951944816615 1.6290455944317466 0.35 0.35 1.2 1
0 1.0711911850431757 -1.6220411577509144 0.35 0.35 1.2 1
0 -2.3426362934412683 0.7556025622486585 0.35 0.35 1.2 1
0 -2.4912570796653566 0.7926355864329888 0.35 0.35 1.2 1
0 -3.141592653589793 1.3719236961850814 0.35 0.35 1.2 1
0 -0.6138198526666752 -1.8387956490320245 0.35 0.35 1.2 1
0 0.39793580891094693 2.917164434703755 0.35 0.35 1.2 1
0 0.372110369179222 1.767962312882544 0.35 0.35 1.2 1
0 -1.6531981623480334 3.141592653589793 0.35 0.35 1.2 1
0 -1.9555208726298616 1.4123352825731477 0.35 0.35 1.2 1
0 -1.3215715107773198 0.8088241915270131 0.35 0.35 1.2 1
0 -1.443518089646889 2.183113326421657 0.35 0.35 1.2 1
0 -0.09702001149322514 2.1087256268587575 0.35 0.35 1.2 1
0 0.8802676847271544 2.033828015678303 0.35 0.35 1.2 1
0 -0.15295812040912926 0.26360207506223204 0.35 0.35 1.2 1
0 -2.1800026560520185 0.49555677529528447 0.35 0.35 1.2 1
0 -1.2046721850946558 -1.4928133385658289 0.35 0.35 1.2 1
0 -0.9244875827948129 2.8741273706606445 0.35 0.35 1.2 1
0 -1.172755476916596 -2.5551045748806627 0.35 0.35 1.2 1
0 -3.141592653589793 -0.9000382500450665 0.35 0.35 1.2 1
0 -2.933841385073419 1.8652665364369796 0.35 0.35 1.2 1
0 -0.10624357746979674 -0.15368501075458166 0.35 0.35 1.2 1
0 0.12109674217217603 -1.553207241899916 0.35 0.35 1.2 1
0 -1.0720207834720636 -1.558281810840391 0.35 0.35 1.2 1
0 0.06075688337917695 1.9612144924046468 0.35 0.35 1.2 1
0 -0.42722604801434194 2.3925498631688855 0.35 0.35 1.2 1
0 0.8576209396473895 -0.39023280993693166 0.35 0.35 1.2 1
0 0.7334366133239747 3.134814149714473 0.35 0.35 1.2 1
0 -0.915738714101953 -1.4022314003992822 0.35 0.35 1.2 1
0 2.5837855790515976 1.050810670790514 0.35 0.35 1.2 1
0 -0.48461409218294604 2.9637513767269184 0.35 0.35 1.2 1
0 -0.0282549936244621 0.47972517031880346 0.35 0.35 1.2 1
0 -0.22455340718793776 0.3502257178053085 0.35 0.35 1.2 1
0 -0.7015866259699312 1.0342342537523834 0.35 0.35 1.2 1
0 -2.547683177468906 -0.4668841830259378 0.35 0.35 1.2 1
0 -0.4656871946329272 -0.62865722208229 0.35 0.35 1.2 1
0 -0.6648812169687403 1.637316483735419 0.35 0.35 1.2 1
0 -1.640623932096114 0.7866872428796199 0.35 0.35 1.2 1
0 -0.7637944492729405 1.6208554630738277 0.35 0.35 1.2 1
0 -2.2486433698231454 1.9220809726936638 0.35 0.35 1.2 1
0 1.2574880517943496 -0.36411316716794506 0.35 0.35 1.2 1
0 0.8309200756677496 -1.4546222677312028 0.35 0.35 1.2 1
0 -0.6750937792993867 0.1811480232191407 0.35 0.35 1.2 1
0 -1.736570602628145 2.6464906871896545 0.35 0.35 1.2 1
0 3.1107892999531344 2.282735561697048 0.35 0.35 1.2 1
0 1.104437055638317 -0.4185986732234049 0.35 0.35 1.2 1
0 -1.9012472638100435 2.4397836585137336 0.35 0.35 1.2 1
0 2.694846938413384 -0.5491448272771292 0.35 0.35 1.2 1
0 -0.6692934187351178 3.141592653589793 0.35 0.35 1.2 1
0 -1.7425186488791793 0.30192591247583117 0.35 0.35 1.2 1
0 -2.9220520604558375 -1.312232231518999 0.35 0.35 1.2 1
0 -0.9720059027550632 0.9460078696556081 0.35 0.35 1.2 1
0 -1.3770219224818094 -1.3222450749862142 0.35 0.35 1.2 1
0 -0.07119576143402043 2.5053119698015998 0.35 0.35 1.2 1
0 2.450464467481141 -0.700335453485286 0.35 0.35 1.2 1
0 0.629739536597153 1.07016919777188 0.35 0.35 1.2 1
0 1.704412619319096 -0.4549516283563282 0.35 0.35 1.2 1
0 2.1800374531208258 1.2269528214089336 0.35 0.35 1.2 1
0 -2.196964270834492 -0.27165957336720203 0.35 0.35 1.2 1
0 -3.141592653589793 1.6559612783435311 0.35 0.35 1.2 1
0 -1.8203751038666673 0.8819786333331101 0.35 0.35 1.2 1
0 -1.7281251810101688 0.011469203765038793 0.35 0.35 1.2 1
0 -1.1236104836770215 0.3042144282560415 0.35 0.35 1.2 1
0 1.9817548304506054 0.7328547222503881 0.35 0.35 1.2 1
0 -0.6174079628128728 0.4164973338083382 0.35 0.35 1.2 1
0 -0.6737488065314644 0.9729073341125063 0.35 0.35 1.2 1
0 -1.1840959073745367 2.9993344080411903 0.35 0.35 1.2 1
0 1.279631416208642 -1.425646462612871 0.35 0.35 1.2 1
0 2.080695828183087 0.010390591642587932 0.35 0.35 1.2 1
0 -0.872248233349104 -2.8229000332305443 0.35 0.35 1.2 1
0 3.141592653589793 0.7137388780142266 0.35 0.35 1.2 1
0 0.9376810232418562 2.9171481785619875 0.35 0.35 1.2 1
0 2.297983776648471 -0.44189040406352253 0.35 0.35 1.2 1
0 -1.886920418333296 2.05408391595543 0.35 0.35 1.2 1
0 -0.5917058546993027 3.051253788478232 0.35 0.35 1.2 1
0 -1.4932640368453727 2.5492017028883325 0.35 0.35 1.2 1
0 -0.7796213278185626 0.5592709197248225 0.35 0.35 1.2 1
0 -2.0369900118757256 1.6575446292326985 0.35 0.35 1.2 1
0 -1.0953743025168718 2.7286326692492175 0.35 0.35 1.2 1
0 -0.17412082472597024 0.7102394908210439 0.35 0.35 1.2 1
0 -0.7280206179193316 0.8563463093834425 0.35 0.35 1.2 1
0 3.141592653589793 -1.6172861168189536 0.35 0.35 1.2 1
0 1.4321537227988395 1.9296884699263859 0.35 0.35 1.2 1
0 2.834668397909717 -0.4614077963025438 0.35 0.35 1.2 1
0 -1.9233634339601955 -0.36842256352685043 0.35 0.35 1.2 1
0 0.5618699514988192 0.8819471538168628 0.35 0.35 1.2 1
0 -0.7608106473240007 1.1836791179150647 0.35 0.35 1.2 1
0 2.0815160681786127 -0.9649713144552206 0.35 0.35 1.2 1
0 0.8634781359184338 0.2597093862545656 0.35 0.35 1.2 1
0 -0.4193904929856638 1.1708100756481143 0.35 0.35 1.2 1
0 -0.3664602270928521 -1.0918396493517102 0.35 0.35 1.2 1
0 -2.1946388327658837 -3.141592653589793 0.35 0.35 1.2 1
0 -2.1116042066848055 0.8004648626417163 0.35 0.35 1.2 1
0 -2.422268591251199 -0.9038648882909979 0.35 0.35 1.2 1
0 1.0213888646066132 0.18179419483782444 0.35 0.35 1.2 1
0 0.6869529851773046 -1.3588900667173842 0.35 0.35 1.2 1
0 -0.6999783751451647 1.3324158487366922 0.35 0.35 1.2 1
0 1.8169143106871464 2.167566071125297 0.35 0.35 1.2 1
0 -2.2873835556372955 2.8731796126891136 0.35 0.35 1.2 1
0 -2.269378487638272 -1.145584231844997 0.35 0.35 1.2 1
0 -0.3691363575648988 -0.1526599891961059 0.35 0.35 1.2 1
0 -0.5056940073382867 0.9865961463074892 0.35 0.35 1.2 1
0 -2.080801463510437 0.5313749888730892 0.35 0.35 1.2 1
0 0.2488147195217181 0.7648642589779957 0.35 0.35 1.2 1
0 -1.1634313125699351 1.6866472922443325 0.35 0.35 1.2 1
0 -1.5486194451560498 0.7311357773231992 0.35 0.35 1.2 1
0 -2.4080984775014023 1.5964126538241818 0.35 0.35 1.2 1
0 -1.4052800254881406 1.2408134193797755 0.35 0.35 1.2 1
0 3.141592653589793 -0.9586906921617223 0.35 0.35 1.2 1
0 -3.141592653589793 2.0545910912404013 0.35 0.35 1.2 1
0 0.5612300910507098 0.637350378171998 0.35 0.35 1.2 1
0 0.5958743530450386 -0.7240315710925966 0.35 0.35 1.2 1
0 -2.988226052090244 -2.278129925971462 0.35 0.35 1.2 1
0 -1.4441385791924748 -1.359832918812 0.35 0.35 1.2 1
0 0.05583146577264575 -0.2499547872046033 0.35 0.35 1.2 1
0 -0.604838813765681 1.0296680936465963 0.35 0.35 1.2 1
0 -1.746481456917446 0.19462399238881062 0.35 0.35 1.2 1
0 -3.141592653589793 -1.7670482314425038 0.35 0.35 1.2 1
0 -3.1048501055513644 -1.0036467749849227 0.35 0.35 1.2 1
0 -0.8783454884402379 0.5332185017025877 0.35 0.35 1.2 1
0 -3.141592653589793 0.723473911958064 0.35 0.35 1.2 1
0 -1.784982253657319 0.707639580644742 0.35 0.35 1.2 1
0 1.3895977891666234 1.8828915740648593 0.35 0.35 1.2 1
0 -0.568902856746659 -0.45830446804282976 0.35 0.35 1.2 1
0 1.022518586465829 1.2503398949595466 0.35 0.35 1.2 1
0 -1.4627204999229544 3.141592653589793 0.35 0.35 1.2 1
0 -0.40983614431024606 -0.5423128947315548 0.35 0.35 1.2 1
0 -1.1348395987020847 1.0955743075182967 0.35 0.35 1.2 1
0 0.37934112687541904 0.9167880781872968 0.35 0.35 1.2 1
0 0.39656815912117793 -1.9104359942362459 0.35 0.35 1.2 1
0 -0.7701656824780816 1.8628527931725212 0.35 0.35 1.2 1
0 -1.116748245987923 1.5169081170835983 0.35 0.35 1.2 1
0 -0.9317203000063925 1.3986925519716307 0.35 0.35 1.2 1
0 -0.2850870189330097 0.8883882880236549 0.35 0.35 1.2 1
0 -0.7337420397643833 1.000564182100813 0.35 0.35 1.2 1
0 -0.378517100130232 -1.114655266437719 0.35 0.35 1.2 1
0 0.6696405643121314 2.9686724580112926 0.35 0.35 1.2 1
0 -0.45157848530387557 0.05502152100255642 0.35 0.35 1.2 1
0 -2.698682293933489 0.06214305450623364 0.35 0.35 1.2 1
0 -0.5672254933486993 3.141592653589793 0.35 0.35 1.2 1
0 1.7520460996337566 -0.21377830369326467 0.35 0.35 1.2 1
0 2.8366662551261133 0.04477366298814606 0.35 0.35 1.2 1
0 -1.5680166006457115 3.141592653589793 0.35 0.35 1.2 1
0 -1.7167883587451986 1.953048752222658 0.35 0.35 1.2 1
0 -3.141592653589793 0.6927257319015214 0.35 0.35 1.2 1
0 -0.9839398743726281 0.5001562271870956 0.35 0.35 1.2 1
0 0.4675343986678857 1.5526903034777153 0.35 0.35 1.2 1
0 -3.141592653589793 1.1416278413312841 0.35 0.35 1.2 1
0 1.4751911688192654 1.7825130220254626 0.35 0.35 1.2 1
0 -1.9353216583046122 2.626135587112411 0.35 0.35 1.2 1
0 -0.8206947835384621 2.7931965119833984 0.35 0.35 1.2 1
0 -1.1123436668862576 3.141592653589793 0.35 0.35 1.2 1
0 -2.297827934273299 -2.1198627876710425 0.35 0.35 1.2 1
0 -2.059197159016984 1.5088542712540718 0.35 0.35 1.2 1
0 -1.1214044267552996 -2.722213172898747 0.35 0.35 1.2 1
0 1.822769882786677 -0.6688265758547676 0.35 0.35 1.2 1
0 -3.141592653589793 1.4190833007082335 0.35 0.35 1.2 1
0 0.9962417067474453 0.014580328417899358 0.35 0.35 1.2 1
0 1.3816126829670836 0.09202798565321763 0.35 0.35 1.2 1
0 -2.431218057106733 -1.6769312844523208 0.35 0.35 1.2 1
0 1.3319320962546324 0.539121409527433 0.35 0.35 1.2 1
0 -0.35642367226987587 2.6008696924573416 0.35 0.35 1.2 1
0 0.06969100967508823 0.5170326628841218 0.35 0.35 1.2 1
0 -1.7418211932734642 2.578129716487057 0.35 0.35 1.2 1
0 1.8548682175377356 1.9392344325828488 0.35 0.35 1.2 1
0 0.7770823967581006 0.5368137347838869 0.35 0.35 1.2 1
0 -0.6551934793403542 -1.796423918049395 0.35 0.35 1.2 1
0 -1.1036493809864805 -1.4044423843011575 0.35 0.35 1.2 1
0 1.4875614425808736 2.6906936915083484 0.35 0.35 1.2 1
0 0.04380462612760394 0.4340316954929962 0.35 0.35 1.2 1
0 -2.5002297794425217 -0.3189761547635883 0.35 0.35 1.2 1
0 -1.0087136421114444 1.2953339169900513 0.35 0.35 1.2 1
0 -0.36814717585231727 0.6353387794285618 0.35 0.35 1.2 1
0 -0.8258939445424526 0.9759108023702566 0.35 0.35 1.2 1
0 -0.5441717763116063 3.141592653589793 0.35 0.35 1.2 1
0 -0.8869311067044816 -3.141592653589793 0.35 0.35 1.2 1
0 0.25852747334022463 0.43021091899178054 0.35 0.35 1.2 1
0 1.6602107327208997 0.988018356430562 0.35 0.35 1.2 1
0 -0.8920520264384488 3.141592653589793 0.35 0.35 1.2 1
0 1.1442112220246583 -0.6507466913271143 0.35 0.35 1.2 1
0 3.141592653589793 -0.855902543016962 0.35 0.35 1.2 1
0 2.8051601019293644 0.8953252866452192 0.35 0.35 1.2 1
0 -1.4020435659998935 1.6007610633856006 0.35 0.35 1.2 1
0 -1.8760302215458962 0.4109761671210488 0.35 0.35 1.2 1
0 -2.0138048208312354 0.8381709474025126 0.35 0.35 1.2 1
0 -1.3361880410052884 2.0252082088297167 0.35 0.35 1.2 1
0 -1.991359479159537 2.5212792991131523 0.35 0.35 1.2 1
0 -3.141592653589793 -1.0053561795351411 0.35 0.35 1.2 1
0 -1.6372251606994501 -0.19400008482625508 0.35 0.35 1.2 1
0 -1.3269869946509285 2.4993765288088277 0.35 0.35 1.2 1
0 -2.5296446938549777 -3.0382650327842198 0.35 0.35 1.2 1
0 2.1439297424882855 1.916571482699309 0.35 0.35 1.2 1
0 -2.3626699765110724 0.6071719419292203 0.35 0.35 1.2 1
0 -0.7477963032451314 1.9437681541282164 0.35 0.35 1.2 1
0 0.1441959331711513 2.9940423712881907 0.35 0.35 1.2 1
0 0.556047613934139 0.5109582788776352 0.35 0.35 1.2 1
0 0.9411736654408525 0.6397987567463671 0.35 0.35 1.2 1
0 -1.9012106217669278 -1.0001342646974842 0.35 0.35 1.2 1
0 0.7679509369411065 3.141592653589793 0.35 0.35 1.2 1
0 0.07373837215037829 0.33528093238204293 0.35 0.35 1.2 1
0 -0.10157143268649138 -1.3348712447993885 0.35 0.35 1.2 1
0 -0.7424771533209401 0.5496640317090125 0.35 0.35 1.2 1
0 0.720567402584116 2.2639670409627213 0.35 0.35 1.2 1
0 -1.9001685074789767 -1.3922925809568605 0.35 0.35 1.2 1
0 -2.3892560791656807 -1.1076213491837477 0.35 0.35 1.2 1
0 -1.6412631182198434 -1.3824053525053561 0.35 0.35 1.2 1
0 -0.8239008263697907 2.082139862572731 0.35 0.35 1.2 1
0 1.0131441835894452 -2.1858015453544755 0.35 0.35 1.2 1
0 -1.9494261368315264 0.9055405946147006 0.35 0.35 1.2 1
0 2.0891432368755867 -1.7234055277461304 0.35 0.35 1.2 1
0 2.237580241394686 -3.141592653589793 0.35 0.35 1.2 1
0 0.07354774501363176 1.7872621337445114 0.35 0.35 1.2 1
0 -0.41751736413039947 3.141592653589793 0.35 0.35 1.2 1
0 -0.4144903937911988 0.7336440415877528 0.35 0.35 1.2 1
0 -1.2732983304285135 1.5643808191631114 0.35 0.35 1.2 1
0 0.2826175095478838 -1.688561746271881 0.35 0.35 1.2 1
0 -0.6591689607289608 -0.5823773464465356 0.35 0.35 1.2 1
0 -1.3236458371747875 3.0669902716613304 0.35 0.35 1.2 1
0 -1.3371341465988509 0.4827026698929573 0.35 0.35 1.2 1
0 -2.7765311426072046 -0.9126650809903143 0.35 0.35 1.2 1
0 -0.43013103206171066 1.1559977167858637 0.35 0.35 1.2 1
0 -1.4978918250588296 1.3319161056827467 0.35 0.35 1.2 1
0 0.9045397993310413 0.9115262449345471 0.35 0.35 1.2 1
0 0.8207502407634851 0.2506951337257039 0.35 0.35 1.2 1
0 0.3346612308181884 -1.7455557673542559 0.35 0.35 1.2 1
0 -1.6417710793320401 2.547631607842341 0.35 0.35 1.2 1
0 3.141592653589793 3.141592653589793 0.35 0.35 1.2 1
0 -1.819712225275513 2.109148677767609 0.35 0.35 1.2 1
0 0.2665341225579374 -1.1961616504782382 0.35 0.35 1.2 1
0 -0.02953876760976959 2.568363790122594 0.35 0.35 1.2 1
0 -0.00027945983751020975 -0.9179761969650144 0.35 0.35 1.2 1
0 -2.4065062457528286 1.7976425550219073 0.35 0.35 1.2 1
0 -2.1129673718633697 1.0807472488731222 0.35 0.35 1.2 1
0 -2.799911137310245 -0.8240012214354073 0.35 0.35 1.2 1
0 2.165328521661427 0.2926526607085885 0.35 0.35 1.2 1
0 -2.5982229190691792 -0.4210416802930177 0.35 0.35 1.2 1
0 -1.7612428890035985 0.42506433223448753 0.35 0.35 1.2 1
0 -1.1301508931296302 1.3154076970291364 0.35 0.35 1.2 1
0 -2.6478504712097033 -0.9302639396270886 0.35 0.35 1.2 1
0 -0.7054978988735381 -0.6172919547676503 0.35 0.35 1.2 1
0 2.5645616928543373 3.141592653589793 0.35 0.35 1.2 1
0 -1.5311496437235086 -2.8334938570011268 0.35 0.35 1.2 1
0 -3.083846390999413 0.0654266970061233 0.35 0.35 1.2 1
0 -0.6975263079066789 0.0032296822391457702 0.35 0.35 1.2 1
0 0.20126734528746593 1.181227430234617 0.35 0.35 1.2 1
0 -0.3938778178275297 1.0363671244565689 0.35 0.35 1.2 1
0 -3.101893427833713 0.2686204609423878 0.35 0.35 1.2 1
0 1.9959857529289486 -0.10767105316513281 0.35 0.35 1.2 1
0 -0.29032564058825394 -2.487094805083224 0.35 0.35 1.2 1
0 -0.3682346843104481 1.577813484204024 0.35 0.35 1.2 1
0 -2.5807261705165323 1.834574639791637 0.35 0.35 1.2 1
0 -1.2328562869690947 1.8198177968707887 0.35 0.35 1.2 1
0 -1.2945456408969491 0.5781775293150275 0.35 0.35 1.2 1
0 -2.9682655503135957 -0.25428507673843037 0.35 0.35 1.2 1
0 -3.0873960917346164 0.3598897682733707 0.35 0.35 1.2 1
0 -2.6397345172464854 0.10495808240029825 0.35 0.35 1.2 1
0 0.1865720614748595 0.20256938976744845 0.35 0.35 1.2 1
0 -0.7070687109762442 1.5925435532752559 0.35 0.35 1.2 1
0 0.10647022963959119 0.329994292186639 0.35 0.35 1.2 1
0 0.019958155365993546 1.545754507287951 0.35 0.35 1.2 1
0 1.3721064960842946 3.141592653589793 0.35 0.35 1.2 1
0 -1.374698576325497 -0.980237627542067 0.35 0.35 1.2 1
0 3.0437284222307692 1.5841447882043314 0.35 0.35 1.2 1
0 -2.621390120577484 0.26048338215959665 0.35 0.35 1.2 1
0 0.2928910514116881 1.2973583567578997 0.35 0.35 1.2 1
0 0.5093057841054389 0.5816682421678542 0.35 0.35 1.2 1
0 -1.0026361360680245 1.5652421945035564 0.35 0.35 1.2 1
0 -2.0638810038310904 1.3211452445373264 0.35 0.35 1.2 1
0 -1.5685264702941346 2.325177783847491 0.35 0.35 1.2 1
0 0.02980353794397317 -1.8744166435806338 0.35 0.35 1.2 1
0 -2.4309556018496377 0.1900030706443614 0.35 0.35 1.2 1
0 -2.2784346135707585 2.7086427568004674 0.35 0.35 1.2 1
0 -2.221905711488415 -0.8496015611999299 0.35 0.35 1.2 1
0 -0.5125029360381437 -1.5891735420916633 0.35 0.35 1.2 1
0 -1.5612536058746442 1.3244186681040648 0.35 0.35 1.2 1
0 -3.141592653589793 1.3282723530955955 0.35 0.35 1.2 1
0 2.015685014204913 -2.0807486292303796 0.35 0.35 1.2 1
0 1.747732706631028 2.3323542545417517 0.35 0.35 1.2 1
0 -0.6089228548158035 -2.1026283938030677 0.35 0.35 1.2 1
0 0.23276165746883848 3.141592653589793 0.35 0.35 1.2 1
0 -1.4020833143951177 2.620479332718676 0.35 0.35 1.2 1
0 -1.7363360351093498 -0.19294820486931585 0.35 0.35 1.2 1
0 -0.28544862232457613 -1.5167004739889185 0.35 0.35 1.2 1
0 0.40748258592346476 1.975431495208675 0.35 0.35 1.2 1
0 1.8603006882238453 -0.3186504844097365 0.35 0.35 1.2 1
0 0.16371794189291947 -1.518928188030782 0.35 0.35 1.2 1
0 3.141592653589793 -0.1556961373252268 0.35 0.35 1.2 1
0 -3.063379507740307 3.141592653589793 0.35 0.35 1.2 1
0 -0.7913446254181049 -0.9319399521789781 0.35 0.35 1.2 1
0 1.3748494576096497 0.703101672243878 0.35 0.35 1.2 1
0 -1.5105494799232975 3.141592653589793 0.35 0.35 1.2 1
0 0.7905010865251509 0.02075224572928147 0.35 0.35 1.2 1
0 -1.2774786469193877 0.5303606202000525 0.35 0.35 1.2 1
0 -1.913073440412286 0.2552217846248117 0.35 0.35 1.2 1
0 -3.141592653589793 -3.0456602905990797 0.35 0.35 1.2 1
0 -2.041727784282483 1.6013847124065697 0.35 0.35 1.2 1
0 -0.5885268550203983 -0.74549282196729 0.35 0.35 1.2 1
0 1.0927786308824148 1.6571767432636164 0.35 0.35 1.2 1
0 -1.6359038242649053 -0.5080428766795342 0.35 0.35 1.2 1
0 -2.343035037481842 2.13136855773761 0.35 0.35 1.2 1
0 1.809779652910229 0.19081046463770024 0.35 0.35 1.2 1
0 1.361839926497626 0.9534274326417336 0.35 0.35 1.2 1
0 -3.1094043480571885 1.8253072622459323 0.35 0.35 1.2 1
0 -1.3081600351443283 1.3230260194819432 0.35 0.35 1.2 1
0 0.224245667167438 1.6254571952291 0.35 0.35 1.2 1
0 -2.749496149116734 -0.9209675254686343 0.35 0.35 1.2 1
0 1.9429688710783197 1.976697409764444 0.35 0.35 1.2 1
0 0.14514544569461196 0.23465633802730723 0.35 0.35 1.2 1
0 1.835977446234423 2.9760057352365554 0.35 0.35 1.2 1
0 0.07622863442018979 -0.08954482884527604 0.35 0.35 1.2 1
0 -1.376681343528635 3.141592653589793 0.35 0.35 1.2 1
0 -2.716256551789885 -1.6128262765152486 0.35 0.35 1.2 1
0 -0.037050303587690125 2.97513726695092 0.35 0.35 1.2 1
0 -0.4804674838702261 -0.6935409375535777 0.35 0.35 1.2 1
0 -0.8931596777560689 2.023081053725633 0.35 0.35 1.2 1
0 -2.8094109782678687 -0.0005413808663788933 0.35 0.35 1.2 1
0 -0.9041832966468972 -1.144516976976162 0.35 0.35 1.2 1
0 0.15203674076509754 0.3234737814244079 0.35 0.35 1.2 1
0 1.419330033886143 -0.18062647492985415 0.35 0.35 1.2 1
0 0.528234222435325 1.5375689763627336 0.35 0.35 1.2 1
0 0.815176799835079 1.8621495952689475 0.35 0.35 1.2 1
0 0.5578397661361598 -0.2700608401542479 0.35 0.35 1.2 1
0 -3.141592653589793 -1.65193374766479 0.35 0.35 1.2 1
0 0.8046990950568077 -0.6211250622251117 0.35 0.35 1.2 1
0 -0.13260203258888903 -2.637700442458701 0.35 0.35 1.2 1
0 -1.84471015448583 0.13651456567800868 0.35 0.35 1.2 1
0 -3.141592653589793 -1.092879530122974 0.35 0.35 1.2 1
0 -1.5900494379004395 -3.137111883192347 0.35 0.35 1.2 1
0 -0.2211178041862707 0.8834071505465033 0.35 0.35 1.2 1
0 -3.141592653589793 1.2435096429694366 0.35 0.35 1.2 1
0 1.064148063869288 0.19724904222796238 0.35 0.35 1.2 1
0 -3.037326655753375 2.4096390888234667 0.35 0.35 1.2 1
0 -1.1137767204677202 -1.4008752816119099 0.35 0.35 1.2 1
0 0.7784144992716784 -0.13079856921085287 0.35 0.35 1.2 1
0 -1.7572263379187836 3.141592653589793 0.35 0.35 1.2 1
0 -2.2873277823701454 -0.28373916760928763 0.35 0.35 1.2 1
0 -0.9156001898003268 -2.2757378546959863 0.35 0.35 1.2 1
0 1.551492246651568 -1.6478233849058401 0.35 0.35 1.2 1
0 0.7576741882231133 0.0014042799436426723 0.35 0.35 1.2 1
0 -0.07709024878155102 2.1374480832449247 0.35 0.35 1.2 1
0 -0.4564179726115263 0.8887279345753858 0.35 0.35 1.2 1
0 -2.105521701135144 2.6576190524274184 0.35 0.35 1.2 1
0 -0.8280547574032961 2.7550322514252636 0.35 0.35 1.2 1
0 -0.665039206465969 2.154996793753854 0.35 0.35 1.2 1
0 -2.9869394467716743 -1.1640878563130175 0.35 0.35 1.2 1
0 2.0389780733154783 -0.05081101004816224 0.35 0.35 1.2 1
0 0.06700056551331146 1.5728145176385904 0.35 0.35 1.2 1
0 -1.3610440350955393 -0.4844575613544537 0.35 0.35 1.2 1
0 1.1941212519621518 1.8122774326967048 0.35 0.35 1.2 1
0 -0.653355996217984 -1.0382631535962104 0.35 0.35 1.2 1
0 -1.9715238075393233 -0.20374799049563252 0.35 0.35 1.2 1
0 -3.141592653589793 -0.24050933858241663 0.35 0.35 1.2 1
0 -0.6363885568876215 -1.4130917992965035 0.35 0.35 1.2 1
0 -3.141592653589793 -2.854714485681333 0.35 0.35 1.2 1
0 -0.6631873130975128 0.8488843090427436 0.35 0.35 1.2 1
0 -1.4124441611948242 2.7757595281940537 0.35 0.35 1.2 1
0 -1.1890546694778963 1.9937412593022257 0.35 0.35 1.2 1
0 -0.06773715989372614 2.1907200025574682 0.35 0.35 1.2 1
0 3.141592653589793 1.0082599486445878 0.35 0.35 1.2 1
0 -0.4208109269523189 -0.26211443170174653 0.35 0.35 1.2 1
0 -1.195111020714152 2.9198426435283844 0.35 0.35 1.2 1
0 1.959243939494614 1.3586660947449047 0.35 0.35 1.2 1
0 1.2214488094989742 -0.47893575210427874 0.35 0.35 1.2 1
0 -0.7245121753933699 2.28729137517426 0.35 0.35 1.2 1
0 0.4659118974052777 3.141592653589793 0.35 0.35 1.2 1
0 0.9203734418230227 -0.9251991240171731 0.35 0.35 1.2 1
0 -0.38956827443906383 0.7636156349530773 0.35 0.35 1.2 1
0 -1.733723867970584 1.6834554311717822 0.35 0.35 1.2 1
0 -1.7586517787383884 2.8233918236300033 0.35 0.35 1.2 1
0 -1.8273910322059865 -0.8741589189031082 0.35 0.35 1.2 1
0 3.141592653589793 1.7590361343674248 0.35 0.35 1.2 1
0 -1.6611166193574738 2.557389549903526 0.35 0.35 1.2 1
0 -3.141592653589793 3.141592653589793 0.35 0.35 1.2 1
0 0.05890214137773875 -0.8025060444080651 0.35 0.35 1.2 1
0 2.2350998071918466 -1.7099706247240292 0.35 0.35 1.2 1
0 0.4533422833261238 1.5583684676603151 0.35 0.35 1.2 1
0 -1.0527785986918667 3.141592653589793 0.35 0.35 1.2 1
0 -0.7554857346549693 -1.6906298671090991 0.35 0.35 1.2 1
0 -0.5663819362752457 -0.21157571946928466 0.35 0.35 1.2 1
0 -0.08546574209187735 -2.378989282562094 0.35 0.35 1.2 1
0 -2.1686935870030335 -0.0228663811618377 0.35 0.35 1.2 1
0 2.3797008253600103 0.0017174000852366311 0.35 0.35 1.2 1
0 -1.4733182871617005 -3.141592653589793 0.35 0.35 1.2 1
0 -0.8694369813311563 2.733002404734104 0.35 0.35 1.2 1
0 1.3650541111544356 0.7570278580044512 0.35 0.35 1.2 1
0 -1.938376407144427 -1.414073085704157 0.35 0.35 1.2 1
0 -3.141592653589793 0.5780877886878159 0.35 0.35 1.2 1
0 -2.230899309707768 2.2148151137454413 0.35 0.35 1.2 1
0 -1.29597005240607 1.0238982620038228 0.35 0.35 1.2 1
0 -0.8481845288640859 2.1791078906301324 0.35 0.35 1.2 1
0 2.7273015940131975 1.8398519800536786 0.35 0.35 1.2 1
0 -3.141592653589793 2.100918119913023 0.35 0.35 1.2 1
0 -2.780564766379605 3.141592653589793 0.35 0.35 1.2 1
0 0.17841204134517963 1.6071486077602635 0.35 0.35 1.2 1
0 -2.875409627778053 2.128023872270892 0.35 0.35 1.2 1
0 1.7720392683143964 -0.06029235476488909 0.35 0.35 1.2 1
0 2.916875015289508 1.4618753183811783 0.35 0.35 1.2 1
0 0.035828238030837456 1.9757844390907766 0.35 0.35 1.2 1
0 -1.4195506314910975 -0.6722637007982151 0.35 0.35 1.2 1
0 -0.050041260314106495 1.663118853882152 0.35 0.35 1.2 1
0 -2.742036619433266 0.5799936011464552 0.35 0.35 1.2 1
0 1.8553565169283182 0.3038572285738951 0.35 0.35 1.2 1
0 0.06271244674132702 1.057756170805308 0.35 0.35 1.2 1
0 -1.7102321396088387 2.3424856955447444 0.35 0.35 1.2 1
0 0.06763974362745323 1.315072282969927 0.35 0.35 1.2 1
0 0.22081539074810067 0.5526218601567088 0.35 0.35 1.2 1
0 -0.39471799915410466 3.123449438161381 0.35 0.35 1.2 1
0 -1.2021123463450645 1.721299517565198 0.35 0.35 1.2 1
0 0.9498755995212464 1.657547268346905 0.35 0.35 1.2 1
0 0.12005117878750149 -2.0341791028651675 0.35 0.35 1.2 1
0 0.9191985942138106 -1.5537507935205404 0.35 0.35 1.2 1
0 0.4753569416854699 0.16329115702179964 0.35 0.35 1.2 1
0 0.4908460682277481 -0.4769030799796439 0.35 0.35 1.2 1
0 -1.7753381844813463 0.0337857429029097 0.35 0.35 1.2 1
0 -0.42877679071127495 1.4818326640428299 0.35 0.35 1.2 1
0 -0.5457316523063711 0.6766549978170515 0.35 0.35 1.2 1
0 0.14844036589189463 1.7398935904336927 0.35 0.35 1.2 1
0 -0.6090307175214921 -0.5085483842395782 0.35 0.35 1.2 1
0 -0.37001063234415105 1.192622195026317 0.35 0.35 1.2 1
0 -1.7965848988629194 1.1331909555758042 0.35 0.35 1.2 1
0 1.5837862411883947 -0.7578488666485242 0.35 0.35 1.2 1
0 -0.9798413766761301 1.997749192583527 0.35 0.35 1.2 1
0 -1.628285596093474 1.5616177590296139 0.35 0.35 1.2 1
0 0.7016730339449052 0.607652078190627 0.35 0.35 1.2 1
0 -0.4499011536316335 3.141592653589793 0.35 0.35 1.2 1
0 0.08772538217981474 2.127975105269167 0.35 0.35 1.2 1
0 -2.5176717645357063 0.6641554700470862 0.35 0.35 1.2 1
0 -1.8378608799907563 1.107758996330661 0.35 0.35 1.2 1
0 0.8140081046738432 0.5381659079740617 0.35 0.35 1.2 1
0 -0.044502117546521114 3.141592653589793 0.35 0.35 1.2 1
0 -2.7669959588467425 2.5316483012936346 0.35 0.35 1.2 1
0 -2.5708415459659673 -3.140062049091803 0.35 0.35 1.2 1
0 -0.7595089675224055 -2.121819528729413 0.35 0.35 1.2 1
0 2.368334523742028 1.5201942448661585 0.35 0.35 1.2 1
0 -0.5029030033064688 2.659863704666444 0.35 0.35 1.2 1
0 0.10548958690930998 1.1645289410826716 0.35 0.35 1.2 1
0 -1.3631593484692783 -0.4788356232423914 0.35 0.35 1.2 1
0 -0.6276437356458655 -0.7361945253198727 0.35 0.35 1.2 1
0 1.3752477373954515 0.15364756312398675 0.35 0.35 1.2 1
0 0.7243837002055203 1.5986013721453645 0.35 0.35 1.2 1
0 -1.4976936819245652 -0.35799089762266567 0.35 0.35 1.2 1
0 1.3409170098774241 1.0822103700201953 0.35 0.35 1.2 1
0 1.2594729778953213 2.5882054782236246 0.35 0.35 1.2 1
0 -3.141592653589793 -0.3074775302604881 0.35 0.35 1.2 1
0 2.0445759170686593 3.141592653589793 0.35 0.35 1.2 1
0 2.1238582158364916 0.7516827232770427 0.35 0.35 1.2 1
0 1.9971985438565645 0.7644442079916615 0.35 0.35 1.2 1
0 -0.5007672607015543 0.4809103384811808 0.35 0.35 1.2 1
0 -3.113385989375814 1.2815876072365604 0.35 0.35 1.2 1
0 1.0984574847262352 1.1838354861933191 0.35 0.35 1.2 1
0 0.18153360242727157 0.7783177187606747 0.35 0.35 1.2 1
0 -2.598080729436295 -0.39030061589920073 0.35 0.35 1.2 1
0 -1.9436543584769685 -0.3357902670776671 0.35 0.35 1.2 1
0 -1.6290024217096133 0.34970937752743203 0.35 0.35 1.2 1
0 -3.141592653589793 -0.07833474702005483 0.35 0.35 1.2 1
0 -0.4595608290130461 -0.673972505560497 0.35 0.35 1.2 1
0 -0.020416785222803435 2.7058903522359303 0.35 0.35 1.2 1
0 2.95477852846816 0.9945338141016948 0.35 0.35 1.2 1
0 0.8799617090899887 2.388314810294969 0.35 0.35 1.2 1
0 -1.5600183128179168 -1.1615440706781386 0.35 0.35 1.2 1
0 1.2163375701284052 2.8844566330748593 0.35 0.35 1.2 1
0 1.6672862385195981 0.8515362698560932 0.35 0.35 1.2 1
0 -1.1208083320356947 2.5410184251465675 0.35 0.35 1.2 1
0 -0.3124043111814622 -1.7614358405176387 0.35 0.35 1.2 1
0 0.3994820448703512 0.6073550979428304 0.35 0.35 1.2 1
0 0.39347437962995335 0.28713344787635114 0.35 0.35 1.2 1
0 -2.8644926624506453 -0.005353380078911452 0.35 0.35 1.2 1
0 -3.0729936750711073 0.32139498638182484 0.35 0.35 1.2 1
0 -0.9959927989923173 -2.47769309159215 0.35 0.35 1.2 1
0 -2.8553942538601547 0.3503835511927612 0.35 0.35 1.2 1
0 0.39478133484846345 3.0076447487429716 0.35 0.35 1.2 1
0 3.141592653589793 1.1012639620880407 0.35 0.35 1.2 1
0 -0.04825476771360249 0.3599645259128652 0.35 0.35 1.2 1
0 -3.141592653589793 0.9614975295200752 0.35 0.35 1.2 1
0 -1.9309367311799899 1.8463845973255228 0.35 0.35 1.2 1
0 3.141592653589793 2.2792399721004433 0.35 0.35 1.2 1
0 1.5274834585458996 1.6071333564806818 0.35 0.35 1.2 1
0 -0.5491739030017527 0.7106142064984112 0.35 0.35 1.2 1
0 1.6581452933119372 2.026315657252751 0.35 0.35 1.2 1
0 -1.5720341780874625 2.8144012637641613 0.35 0.35 1.2 1
0 0.9723747401535158 2.4859093802465684 0.35 0.35 1.2 1
0 1.2864195714007742 0.8800134898648737 0.35 0.35 1.2 1
0 -0.7947943011472596 -0.25319861583097336 0.35 0.35 1.2 1
0 -0.21428085961586762 -0.7230135175410064 0.35 0.35 1.2 1
0 -0.39669338700484214 0.8046676605633063 0.35 0.35 1.2 1
0 -2.2967954333229232 -0.44673664691159326 0.35 0.35 1.2 1
0 0.7119085986884657 1.8759385791166796 0.35 0.35 1.2 1
0 0.9209878653759767 -2.2750073031571176 0.35 0.35 1.2 1
0 -0.4159478587968696 -2.019100539944018 0.35 0.35 1.2 1
0 -2.6663254030925296 -0.17104294806420517 0.35 0.35 1.2 1
0 0.09670313130025421 2.2768087591862236 0.35 0.35 1.2 1
0 -0.06447247326186889 -0.1315103753473924 0.35 0.35 1.2 1
0 1.8343439668487715 1.9330526473953429 0.35 0.35 1.2 1
0 -2.8875291678655195 0.513435618970185 0.35 0.35 1.2 1
0 1.0376633435835245 1.1832439800533843 0.35 0.35 1.2 1
0 -1.2945556772968696 0.5483120378901709 0.35 0.35 1.2 1
0 1.3414429954951022 0.9780431240246759 0.35 0.35 1.2 1
0 -1.8936284604599205 -1.806448732755302 0.35 0.35 1.2 1
0 -0.6883752069702703 1.4097846930774196 0.35 0.35 1.2 1
0 1.2550346648001098 0.5147788382793973 0.35 0.35 1.2 1
0 -0.5912052263860942 -0.37450607764833865 0.35 0.35 1.2 1
0 -0.10428703365212533 0.04774881564254835 0.35 0.35 1.2 1
0 -1.1292987883656953 1.6948863795019415 0.35 0.35 1.2 1
0 3.141592653589793 1.7670428961752902 0.35 0.35 1.2 1
0 -0.6119051533953105 -1.8412219584995335 0.35 0.35 1.2 1
0 0.8472072438451541 -0.027070015557300153 0.35 0.35 1.2 1
0 -2.6530018013904186 1.8944148720470408 0.35 0.35 1.2 1
0 -1.1257332942324771 2.213048990073767 0.35 0.35 1.2 1
0 1.2296663503950795 0.22262972725398456 0.35 0.35 1.2 1
0 -0.7930448023605976 -0.4326677778505771 0.35 0.35 1.2 1
0 0.7875649092146327 0.06642975002831086 0.35 0.35 1.2 1
0 -1.628594003153185 3.141592653589793 0.35 0.35 1.2 1
0 -1.587785432882718 -0.601403747546572 0.35 0.35 1.2 1
0 -2.746708692778188 -1.7097166783448239 0.35 0.35 1.2 1
0 -1.8792524504392905 -1.3449838628652242 0.35 0.35 1.2 1
0 0.6952796892288585 1.4055186717925774 0.35 0.35 1.2 1
0 -3.141592653589793 0.1696218861550091 0.35 0.35 1.2 1
0 -3.141592653589793 -0.4176573541125429 0.35 0.35 1.2 1
0 0.17074974939797483 2.336908144863017 0.35 0.35 1.2 1
0 0.9004086109541692 0.8755293221573412 0.35 0.35 1.2 1
0 -2.1591947517153383 0.8795024080757428 0.35 0.35 1.2 1
0 -0.2764317606592519 1.0475346712364717 0.35 0.35 1.2 1
0 -0.7084487960509329 0.4078453629376172 0.35 0.35 1.2 1
0 -0.9065705425812138 3.09474816297488 0.35 0.35 1.2 1
0 1.319796593993551 1.9384754074898332 0.35 0.35 1.2 1
0 -0.9730671912454035 -0.5656740371093367 0.35 0.35 1.2 1
0 -1.5232626985127493 -0.22967228634424386 0.35 0.35 1.2 1
0 -0.6634319158508526 -0.12266425602294162 0.35 0.35 1.2 1
0 0.42415238645822456 1.135886583154909 0.35 0.35 1.2 1
0 -2.1569400681693724 1.4935953561275004 0.35 0.35 1.2 1
0 -0.09410181507539717 0.49174295808960955 0.35 0.35 1.2 1
0 -0.9594399141723959 0.5249501923479827 0.35 0.35 1.2 1
0 -1.4638602120803266 -0.2991270179954988 0.35 0.35 1.2 1
0 -0.8431380225543386 1.0748178105427733 0.35 0.35 1.2 1
0 -0.48339102114288646 1.2414542930956767 0.35 0.35 1.2 1
0 0.1229284409821022 -0.13451308169381762 0.35 0.35 1.2 1
0 0.11673845023605223 -0.4199971664656744 0.35 0.35 1.2 1
0 -3.141592653589793 0.27356392079851116 0.35 0.35 1.2 1
0 0.24322200741117828 2.2457935613906805 0.35 0.35 1.2 1
0 -0.37643625402071695 0.4336302609711401 0.35 0.35 1.2 1
0 -0.42289169659975645 -1.7184772547219258 0.35 0.35 1.2 1
0 -1.0288663564985983 -0.3291673699189597 0.35 0.35 1.2 1
0 -1.6783338458204744 0.12112449472115783 0.35 0.35 1.2 1
0 -0.21846896992407092 -0.6143755277795788 0.35 0.35 1.2 1
0 -0.23361723091344766 -0.611086953587072 0.35 0.35 1.2 1
0 0.8900137658377919 -2.157296038102993 0.35 0.35 1.2 1
0 -0.9491544760510704 1.1417857381801975 0.35 0.35 1.2 1
0 -2.9428922774574606 1.1254752276624242 0.35 0.35 1.2 1
0 -0.6705381334510567 0.5125952341385194 0.35 0.35 1.2 1
0 -0.06290580249622746 -0.5192194964390557 0.35 0.35 1.2 1
0 -1.1251547168845746 3.141592653589793 0.35 0.35 1.2 1
0 1.0347588881545153 -0.7966165784049936 0.35 0.35 1.2 1
0 0.23997731455910593 3.141592653589793 0.35 0.35 1.2 1
0 -3.073939222595894 1.6094760370722012 0.35 0.35 1.2 1
0 -1.0921625920338727 2.778420308225915 0.35 0.35 1.2 1
0 -2.7225235707876156 -1.3668289688920812 0.35 0.35 1.2 1
0 1.8594173888467747 -0.32650751328488087 0.35 0.35 1.2 1
0 -2.3235970705226063 0.5759246765527257 0.35 0.35 1.2 1
0 0.21032470513153476 3.141592653589793 0.35 0.35 1.2 1
0 -1.3316971293414066 -0.721134668992943 0.35 0.35 1.2 1
0 -2.471845107620362 -0.7017329267287834 0.35 0.35 1.2 1
0 3.141592653589793 -2.6862053223881768 0.35 0.35 1.2 1
0 -2.922101590844238 0.44632601045805087 0.35 0.35 1.2 1
0 -0.49464314798727915 -0.6606001309509599 0.35 0.35 1.2 1
0 2.6679639216469386 -1.5118222159584451 0.35 0.35 1.2 1
0 -1.5882515653469724 1.504770405127226 0.35 0.35 1.2 1
0 -0.19603877047369594 -0.8636714925469653 0.35 0.35 1.2 1
0 -1.9211664704966074 0.8903457716124014 0.35 0.35 1.2 1
0 -2.63802433492626 2.092894687849084 0.35 0.35 1.2 1
0 -0.6672040810887273 0.4145312802229937 0.35 0.35 1.2 1
0 -3.141592653589793 -0.11948767030147533 0.35 0.35 1.2 1
0 -0.7825526581058799 -1.1728394981490913 0.35 0.35 1.2 1
0 -1.4769235862792658 2.265866866377155 0.35 0.35 1.2 1
0 -1.4412664620986622 -0.39598475322844084 0.35 0.35 1.2 1
0 -1.4727489271024683 -3.141592653589793 0.35 0.35 1.2 1
0 -0.9533118350199077 1.457368021775752 0.35 0.35 1.2 1
0 0.5009743211619 1.9623159080916595 0.35 0.35 1.2 1
0 -0.014716787852771251 3.141592653589793 0.35 0.35 1.2 1
0 2.270655840073842 -2.4233534376676533 0.35 0.35 1.2 1
0 -3.141592653589793 -0.22609616051743908 0.35 0.35 1.2 1
0 -0.19467071120235557 1.4345464354398074 0.35 0.35 1.2 1
0 -2.3195456377155166 1.8768181976768639 0.35 0.35 1.2 1
0 0.4575043879911105 -0.44462849154181167 0.35 0.35 1.2 1
0 -1.2403906676369036 0.13941393617177056 0.35 0.35 1.2 1
0 -0.13086279527841638 -1.045778350144827 0.35 0.35 1.2 1
0 -0.6620910503186799 1.414326145187092 0.35 0.35 1.2 1
0 -1.6467350455524743 3.141592653589793 0.35 0.35 1.2 1
0 0.05582880750455961 -2.281209488214543 0.35 0.35 1.2 1
0 -1.273952187726267 0.48279708451916914 0.35 0.35 1.2 1
0 0.8331876378859049 0.725684791611203 0.35 0.35 1.2 1
0 -0.6271330910076822 0.8308414043226744 0.35 0.35 1.2 1
0 -3.141592653589793 -1.453505674943238 0.35 0.35 1.2 1
0 0.8079007608724833 -0.25522962660241083 0.35 0.35 1.2 1
0 3.141592653589793 -1.0915785883932592 0.35 0.35 1.2 1
0 -0.8869879864440101 2.086472764020426 0.35 0.35 1.2 1
0 -1.7410159213251548 1.5526708594164853 0.35 0.35 1.2 1
0 0.8855069140447969 -0.5248699938620859 0.35 0.35 1.2 1
0 -2.072403638000531 2.186181966709918 0.35 0.35 1.2 1
0 -0.30655337169897656 0.05111771165264545 0.35 0.35 1.2 1
0 1.5888116193728656 1.737328385143479 0.35 0.35 1.2 1
0 -0.3174302779270877 3.141592653589793 0.35 0.35 1.2 1
0 0.9952805101059216 -0.05952060469698495 0.35 0.35 1.2 1
0 1.939535406092522 1.1152076373245339 0.35 0.35 1.2 1
0 0.2232028401981947 -1.3406716937732823 0.35 0.35 1.2 1
0 0.7766450157860216 1.4189543002576845 0.35 0.35 1.2 1
0 -1.0346719671155886 -1.1989051658651653 0.35 0.35 1.2 1
0 -3.141592653589793 1.6633448063619052 0.35 0.35 1.2 1
0 2.2890517962309844 -0.9711760848752002 0.35 0.35 1.2 1
0 -1.9803358588275852 0.8201858921458456 0.35 0.35 1.2 1
0 -1.2345308866045448 1.293160615931416 0.35 0.35 1.2 1
0 -0.35358257109185365 -1.2556416500217311 0.35 0.35 1.2 1
0 -0.39685209916493647 0.5980520887634113 0.35 0.35 1.2 1
0 0.4606089781625598 3.141592653589793 0.35 0.35 1.2 1
0 -1.2467382706797658 3.0740260713149428 0.35 0.35 1.2 1
0 -1.5369975630822612 1.994753234878825 0.35 0.35 1.2 1
0 -2.8765460789061095 -1.2855122349950867 0.35 0.35 1.2 1
0 -3.141592653589793 3.141592653589793 0.35 0.35 1.2 1
0 -2.211176794563407 -0.040830613260874005 0.35 0.35 1.2 1
0 -0.7018843263189816 1.8509348038800024 0.35 0.35 1.2 1
0 -3.141592653589793 1.1021378920466027 0.35 0.35 1.2 1
0 1.0274842183273336 1.6158018402519307 0.35 0.35 1.2 1
0 -0.05435432782272545 -0.5821466433397194 0.35 0.35 1.2 1
0 -0.44461145227598275 1.6302152130088887 0.35 0.35 1.2 1
0 -2.5035344316139696 -0.7401921001922354 0.35 0.35 1.2 1
0 1.8169534092942614 1.5627380377049809 0.35 0.35 1.2 1
0 -1.6754684984816448 0.7982738048456283 0.35 0.35 1.2 1
0 2.0192382943553695 0.21654801910026727 0.35 0.35 1.2 1
0 -1.002398764930629 -1.1041139531075004 0.35 0.35 1.2 1
0 -0.4555487970718393 -0.6626563415839901 0.35 0.35 1.2 1
0 -2.5019984275549354 -1.853237886057257 0.35 0.35 1.2 1
0 -2.1382894137087676 1.2870607797691915 0.35 0.35 1.2 1
0 -2.310671484901809 -2.348613920792065 0.35 0.35 1.2 1
0 -2.548873598104522 1.1243102029319878 0.35 0.35 1.2 1
0 1.5834188854705755 0.9917826399609416 0.35 0.35 1.2 1
0 -2.1261932101405088 -1.7323997643681492 0.35 0.35 1.2 1
0 -2.5692189431088552 -0.3663031077437495 0.35 0.35 1.2 1
0 -2.5746913833183287 2.317855528800675 0.35 0.35 1.2 1
0 -0.6565308468024056 2.2733031377235906 0.35 0.35 1.2 1
0 -1.6847587418750236 2.059582419538751 0.35 0.35 1.2 1
0 1.850645984692242 2.310605095733734 0.35 0.35 1.2 1
0 -1.4412526145765967 3.141592653589793 0.35 0.35 1.2 1
0 2.6351195044669473 1.1998777543248658 0.35 0.35 1.2 1
0 -2.2462228838662908 1.8700910056955242 0.35 0.35 1.2 1
0 0.7730355002776028 0.9369585297045555 0.35 0.35 1.2 1
0 -2.1091825793069896 -0.26805559305986704 0.35 0.35 1.2 1
0 -0.2440749772325147 1.5680030931369653 0.35 0.35 1.2 1
0 -1.014951876666 2.65149223915246 0.35 0.35 1.2 1
0 -1.5638148795452729 0.5136646373110398 0.35 0.35 1.2 1
0 0.4851068813880527 3.141592653589793 0.35 0.35 1.2 1
0 -1.3345919186138389 -1.1032359555904434 0.35 0.35 1.2 1
0 -3.141592653589793 -2.734012054612724 0.35 0.35 1.2 1
0 -1.6150562384274063 2.1425642255275865 0.35 0.35 1.2 1
0 -2.624943289720457 2.4252158278479863 0.35 0.35 1.2 1
0 0.1470025872121533 -0.6435372417140177 0.35 0.35 1.2 1
0 -1.880798663685303 -0.051927336246862146 0.35 0.35 1.2 1
0 -2.0169378045813264 0.40081819465599733 0.35 0.35 1.2 1
0 2.394787643238971 -0.27707240523449406 0.35 0.35 1.2 1
0 -2.0802418876327566 0.35301577178105453 0.35 0.35 1.2 1
0 -0.07067409001011205 -0.18190793677018974 0.35 0.35 1.2 1
0 0.14369824443417387 3.141592653589793 0.35 0.35 1.2 1
0 -1.2468847697417065 0.4662639358872962 0.35 0.35 1.2 1
0 1.4922690008198998 -1.847966926228321 0.35 0.35 1.2 1
0 3.141592653589793 2.861956430128213 0.35 0.35 1.2 1
0 0.41395783801768604 -1.20309848974519 0.35 0.35 1.2 1
0 2.5562440292913653 3.141592653589793 0.35 0.35 1.2 1
0 -1.3829183261878681 -2.7743525127406836 0.35 0.35 1.2 1
0 -0.31979355112274105 3.141592653589793 0.35 0.35 1.2 1
0 -0.7874546735047903 1.6748657823915636 0.35 0.35 1.2 1
0 0.14751446706710653 1.6561952579816575 0.35 0.35 1.2 1
0 -3.141592653589793 3.141592653589793 0.35 0.35 1.2 1
0 1.0780210353154338 -0.41818052497612607 0.35 0.35 1.2 1
0 -1.2826565077763972 1.5747623897218932 0.35 0.35 1.2 1
0 -1.2360365012234296 3.141592653589793 0.35 0.35 1.2 1
0 2.4870379539359853 1.9273510194280608 0.35 0.35 1.2 1
0 -2.678853596233348 1.1621391454412509 0.35 0.35 1.2 1
0 -0.7107637379061655 -1.2315129269279868 0.35 0.35 1.2 1
0 -0.8208390324101789 -0.5229179001253954 0.35 0.35 1.2 1
0 1.171459857158458 0.8428769302922773 0.35 0.35 1.2 1
0 -2.8446040177426566 1.1976172901938786 0.35 0.35 1.2 1
0 -0.12041834536180218 -3.0451569413734108 0.35 0.35 1.2 1
0 1.1662879012185905 0.4299338242438633 0.35 0.35 1.2 1
0 -1.606650080945671 1.005018918224452 0.35 0.35 1.2 1
0 0.614181243114232 0.7687295630511982 0.35 0.35 1.2 1
0 -3.141592653589793 1.8254178026255528 0.35 0.35 1.2 1
0 1.215317830624704 -1.4341282807195488 0.35 0.35 1.2 1
0 0.006069822674717118 0.37714246671702245 0.35 0.35 1.2 1
0 -0.9446596626073177 -1.9303719012659974 0.35 0.35 1.2 1
0 -2.8149410559493755 1.6380932009572517 0.35 0.35 1.2 1
0 -1.7109354286534897 2.269295934375602 0.35 0.35 1.2 1
0 -1.70806861043926 1.4105060068552975 0.35 0.35 1.2 1
0 -2.0624453160095757 1.6697237660631354 0.35 0.35 1.2 1
0 0.7458379897193859 -0.6736728247975703 0.35 0.35 1.2 1
0 -3.141592653589793 -1.3422262909417044 0.35 0.35 1.2 1
0 -3.141592653589793 0.47740841205914 0.35 0.35 1.2 1
