#! FIELDS time phi psi sigma_phi sigma_psi height biasf
                        #! SET multivariate false
                        #! SET kerneltype stretched-gaussian
                        #! SET min_phi -pi
                        #! SET max_phi pi
                        #! SET min_psi -pi
                        #! SET max_psi pi
0 -2.1051635801563013 0.9757834823275735 0.35 0.35 1.2 1
0 -2.8983985953630116 1.4918290840215442 0.35 0.35 1.2 1
0 -0.9302220585138243 3.141592653589793 0.35 0.35 1.2 1
0 -3.141592653589793 0.6686896733103257 0.35 0.35 1.2 1
0 -2.482748261514356 3.141592653589793 0.35 0.35 1.2 1
0 -2.4061894082010302 3.141592653589793 0.35 0.35 1.2 1
0 -2.8127005306984754 2.623316342772741 0.35 0.35 1.2 1
0 -3.141592653589793 0.3186055997284236 0.35 0.35 1.2 1
0 -3.141592653589793 2.1667876191009015 0.35 0.35 1.2 1
0 -2.860614902883527 2.180158549226216 0.35 0.35 1.2 1
0 -1.3120439553655237 2.1953380303274033 0.35 0.35 1.2 1
0 -3.141592653589793 3.141592653589793 0.35 0.35 1.2 1
0 -1.3498343777950614 2.037638990062982 0.35 0.35 1.2 1
0 -1.4800234837029864 1.9625167653548996 0.35 0.35 1.2 1
0 -3.141592653589793 1.766333519761052 0.35 0.35 1.2 1
0 -1.7147194398369128 3.141592653589793 0.35 0.35 1.2 1
0 -2.9704945957016893 2.7018849854749014 0.35 0.35 1.2 1
0 -0.9012630856108195 2.5835014886625274 0.35 0.35 1.2 1
0 -0.03676017421012645 0.19623401292154874 0.35 0.35 1.2 1
0 -0.5978682487749614 2.8905041956938327 0.35 0.35 1.2 1
0 0.2256419273138207 1.3479334119866648 0.35 0.35 1.2 1
0 -1.7843053861218376 2.9060064255864955 0.35 0.35 1.2 1
0 -0.5022150720894769 1.9586109316139049 0.35 0.35 1.2 1
0 -2.16538347901362 2.2777421067014236 0.35 0.35 1.2 1
0 -3.141592653589793 0.9390785668652852 0.35 0.35 1.2 1
0 2.347265472390678 2.833811045964051 0.35 0.35 1.2 1
0 -2.273121555855436 0.6275376508294385 0.35 0.35 1.2 1
0 -0.6659456230355434 3.141592653589793 0.35 0.35 1.2 1
0 -1.7182683305398998 0.2961948730587274 0.35 0.35 1.2 1
0 -1.3787365247905339 0.03268610722747156 0.35 0.35 1.2 1
0 -2.440126998842571 2.090915105399701 0.35 0.35 1.2 1
0 -3.141592653589793 3.141592653589793 0.35 0.35 1.2 1
0 -1.9161350124050665 2.12363348459524 0.35 0.35 1.2 1
0 -1.5525899026057257 2.5198022196112078 0.35 0.35 1.2 1
0 -1.7743917846322197 2.8438483443041953 0.35 0.35 1.2 1
0 0.4179217913886446 3.141592653589793 0.35 0.35 1.2 1
0 -1.0244937006818216 2.86808446625151 0.35 0.35 1.2 1
0 -2.3442323328896064 2.8244426424301405 0.35 0.35 1.2 1
0 -3.141592653589793 3.141592653589793 0.35 0.35 1.2 1
0 -1.2653049346245777 1.832484533320433 0.35 0.35 1.2 1
0 -1.560593832541021 3.141592653589793 0.35 0.35 1.2 1
0 -0.7510125100863826 1.3096605179345553 0.35 0.35 1.2 1
0 -2.2742178899701515 2.5156797224919347 0.35 0.35 1.2 1
0 -2.926189037241943 1.6625570601591846 0.35 0.35 1.2 1
0 -0.7458705744304819 3.141592653589793 0.35 0.35 1.2 1
0 -3.141592653589793 2.1682710500910654 0.35 0.35 1.2 1
0 -3.141592653589793 -0.024456429323278295 0.35 0.35 1.2 1
0 -3.141592653589793 2.8732693912848624 0.35 0.35 1.2 1
0 -2.010797260146503 0.44178111161989486 0.35 0.35 1.2 1
0 1.0561784326328993 1.8287900718396664 0.35 0.35 1.2 1
0 -2.713212911760822 -1.0575328254316345 0.35 0.35 1.2 1
0 -2.504187536951418 1.892539413335069 0.35 0.35 1.2 1
0 -1.8882259972054038 -0.12701422368258108 0.35 0.35 1.2 1
0 -2.551109469153694 3.1383454295941418 0.35 0.35 1.2 1
0 -3.141592653589793 2.9677893315166273 0.35 0.35 1.2 1
0 -2.28866139612708 2.753509593324331 0.35 0.35 1.2 1
0 -2.3218758682318246 0.9322171824940344 0.35 0.35 1.2 1
0 -3.141592653589793 2.0016774797717454 0.35 0.35 1.2 1
0 -0.4520912606919796 -0.29109072764317423 0.35 0.35 1.2 1
0 0.04637892396957999 1.4035760970928135 0.35 0.35 1.2 1
0 -1.3400867779723808 1.51326525418216 0.35 0.35 1.2 1
0 -3.141592653589793 2.3809008766139947 0.35 0.35 1.2 1
0 -0.713035713727472 1.6336625935834252 0.35 0.35 1.2 1
0 -3.141592653589793 -0.4991903317066235 0.35 0.35 1.2 1
0 -0.1395633628975017 -0.5600792908187657 0.35 0.35 1.2 1
0 -1.9174932486238276 2.1996063043342917 0.35 0.35 1.2 1
0 -3.141592653589793 -1.3947615749364193 0.35 0.35 1.2 1
0 0.09898384751588785 3.141592653589793 0.35 0.35 1.2 1
0 -0.40801452829830753 2.7248648249444742 0.35 0.35 1.2 1
0 0.3398348563337721 3.141592653589793 0.35 0.35 1.2 1
0 -1.9563719103192958 0.6376487173555102 0.35 0.35 1.2 1
0 -0.5628511122481865 2.432163746858306 0.35 0.35 1.2 1
0 1.2835180205499996 0.4872696680578894 0.35 0.35 1.2 1
0 -1.7007449591113561 2.5619162070976724 0.35 0.35 1.2 1
0 -1.2619650674965996 1.3435287161691654 0.35 0.35 1.2 1
0 -0.5214281269837816 -0.017706243060660487 0.35 0.35 1.2 1
0 -1.9787158214010332 3.119759270412185 0.35 0.35 1.2 1
0 -2.0880179323615904 1.3337088307029044 0.35 0.35 1.2 1
0 -1.8197743307145466 2.6421868447992654 0.35 0.35 1.2 1
0 -0.591442709108857 1.060422763666203 0.35 0.35 1.2 1
0 -3.141592653589793 1.596500282327565 0.35 0.35 1.2 1
0 -0.7317252446313771 0.9350332078833612 0.35 0.35 1.2 1
0 -0.6858962582707919 1.3160020031467945 0.35 0.35 1.2 1
0 -0.8234907663572961 3.078954559232783 0.35 0.35 1.2 1
0 -1.597344788546076 2.9787285320371533 0.35 0.35 1.2 1
0 -1.330549329873865 0.6344923406982881 0.35 0.35 1.2 1
0 -2.2572278290364 1.958692239474708 0.35 0.35 1.2 1
0 -2.3371058566166507 1.853232865991208 0.35 0.35 1.2 1
0 -2.5897280448374986 1.622214992463103 0.35 0.35 1.2 1
0 -3.141592653589793 3.141592653589793 0.35 0.35 1.2 1
0 -1.5606291636491285 1.31752679151688 0.35 0.35 1.2 1
0 -3.141592653589793 2.440600559876067 0.35 0.35 1.2 1
0 0.19807629890232914 2.5517896537001445 0.35 0.35 1.2 1
0 -2.793127178267398 1.407471517590142 0.35 0.35 1.2 1
0 -3.141592653589793 0.7487183051038214 0.35 0.35 1.2 1
0 -2.194916773290003 0.07255380429505265 0.35 0.35 1.2 1
0 -3.141592653589793 1.0342680891514047 0.35 0.35 1.2 1
0 -2.3600225799507046 2.1386587352872013 0.35 0.35 1.2 1
0 -0.5826903249846592 2.8776046032235603 0.35 0.35 1.2 1
0 -2.5443851243529516 0.3894114825685029 0.35 0.35 1.2 1
0 -3.141592653589793 1.0012126682698437 0.35 0.35 1.2 1
0 -2.558431910433325 0.9803039668110476 0.35 0.35 1.2 1
0 -1.0699826726353987 2.327500150812538 0.35 0.35 1.2 1
0 -1.902015586187309 1.570511200290843 0.35 0.35 1.2 1
0 -2.6547114364578452 2.673016788590325 0.35 0.35 1.2 1
0 -0.8040746496097371 3.001680826895597 0.35 0.35 1.2 1
0 -2.281468758564309 1.924421090802774 0.35 0.35 1.2 1
0 0.1186397344236787 1.6733100262125382 0.35 0.35 1.2 1
0 -1.939576688377168 2.433061491724623 0.35 0.35 1.2 1
0 -2.9944896699144783 0.9935844468700905 0.35 0.35 1.2 1
0 0.8061249417464169 2.692600771828714 0.35 0.35 1.2 1
0 -1.545126095296553 1.8874238927971596 0.35 0.35 1.2 1
0 -1.060503440807227 1.3865527027348912 0.35 0.35 1.2 1
0 -0.6166848768429652 1.3043694483388668 0.35 0.35 1.2 1
0 -2.9763171483546764 0.9513350819835303 0.35 0.35 1.2 1
0 -3.141592653589793 1.8296458499861121 0.35 0.35 1.2 1
0 -1.7797438456404149 0.738878888889253 0.35 0.35 1.2 1
0 -3.141592653589793 2.7675432015045853 0.35 0.35 1.2 1
0 -0.7141073342473339 1.241005778625212 0.35 0.35 1.2 1
0 -1.7495512903587156 3.141592653589793 0.35 0.35 1.2 1
0 -3.141592653589793 3.0309342799985224 0.35 0.35 1.2 1
0 -0.8832125719601243 0.5865476212666488 0.35 0.35 1.2 1
0 -3.141592653589793 1.8096258202699937 0.35 0.35 1.2 1
0 -1.0955954049864582 2.4884337172499613 0.35 0.35 1.2 1
0 0.3350244844752055 2.351596794156066 0.35 0.35 1.2 1
0 -2.68399366743368 1.3127841619480112 0.35 0.35 1.2 1
0 -2.3313780099235295 2.448660360570909 0.35 0.35 1.2 1
0 0.16367775787536187 -0.14970301045561762 0.35 0.35 1.2 1
0 -2.8893498860162667 0.6435688933488901 0.35 0.35 1.2 1
0 -2.0815822872083416 0.049519336705287964 0.35 0.35 1.2 1
0 -3.141592653589793 0.9879750342899783 0.35 0.35 1.2 1
0 -3.141592653589793 0.44037972365304856 0.35 0.35 1.2 1
0 -3.1325915057607068 3.141592653589793 0.35 0.35 1.2 1
0 -0.45147351030606564 2.212173613153725 0.35 0.35 1.2 1
0 -2.8695979448154505 -0.2664773591915568 0.35 0.35 1.2 1
0 -2.1275097235606646 2.8485198331717037 0.35 0.35 1.2 1
0 -1.292153989939353 1.1196060928119078 0.35 0.35 1.2 1
0 -0.8707024741368433 1.543197858019411 0.35 0.35 1.2 1
0 -2.6956161881002476 1.8144407995550846 0.35 0.35 1.2 1
0 -1.1493180749756688 -0.10162107774361995 0.35 0.35 1.2 1
0 1.7247956800309718 0.33313033055107644 0.35 0.35 1.2 1
0 -0.9234971548412324 3.141592653589793 0.35 0.35 1.2 1
0 -1.8339604381280115 0.5726799320229363 0.35 0.35 1.2 1
0 -0.8504119507399601 0.08952246246784346 0.35 0.35 1.2 1
0 -1.7607615333062852 2.215567017658029 0.35 0.35 1.2 1
0 -1.1699202204617476 1.5202754218068537 0.35 0.35 1.2 1
0 -3.141592653589793 0.11280819734722236 0.35 0.35 1.2 1
0 -1.7635264969820086 1.255198730137243 0.35 0.35 1.2 1
0 -2.6412875234513615 3.141592653589793 0.35 0.35 1.2 1
0 -1.8526998781528352 1.8194774656195467 0.35 0.35 1.2 1
0 -2.5790320623786984 -0.586370018724585 0.35 0.35 1.2 1
0 -2.2953245877905744 3.141592653589793 0.35 0.35 1.2 1
0 -1.0128748029796444 -0.5516704903896237 0.35 0.35 1.2 1
0 -2.885423714271118 0.7925092715274471 0.35 0.35 1.2 1
0 -2.5609712391398425 0.9895825663591825 0.35 0.35 1.2 1
0 0.23014006155074718 1.9844314450017355 0.35 0.35 1.2 1
0 -2.241482943093406 3.141592653589793 0.35 0.35 1.2 1
0 -1.3508400564215195 3.141592653589793 0.35 0.35 1.2 1
0 -3.141592653589793 1.426592203749901 0.35 0.35 1.2 1
0 -1.0561412611157106 -1.6482318973883294 0.35 0.35 1.2 1
0 -2.28577778955456 1.9366619603008741 0.35 0.35 1.2 1
0 -3.141592653589793 2.23952005574126 0.35 0.35 1.2 1
0 -3.0476306190455293 2.0760326016126696 0.35 0.35 1.2 1
0 -2.807440793757227 0.2705499992312287 0.35 0.35 1.2 1
0 -1.9784536210824386 2.4889071470197504 0.35 0.35 1.2 1
0 -3.141592653589793 3.141592653589793 0.35 0.35 1.2 1
0 -2.5638562143404764 1.5335641835042377 0.35 0.35 1.2 1
0 -1.1701760241685353 0.2772435685877377 0.35 0.35 1.2 1
0 -0.5237483785959296 1.0571001768929045 0.35 0.35 1.2 1
0 -3.0922015882327174 -0.82255102237071 0.35 0.35 1.2 1
0 -3.141592653589793 1.727878245923577 0.35 0.35 1.2 1
0 -1.4285795646757182 3.0285615550292633 0.35 0.35 1.2 1
0 -0.5620117445831546 -1.0595229728710227 0.35 0.35 1.2 1
0 -2.8196282529688133 3.141592653589793 0.35 0.35 1.2 1
0 -1.6927860503217524 1.2637590728178296 0.35 0.35 1.2 1
0 -2.3414732034366157 2.2981209507768963 0.35 0.35 1.2 1
0 -0.6351577014456167 3.141592653589793 0.35 0.35 1.2 1
0 -0.9535770248924187 1.9303607913357697 0.35 0.35 1.2 1
0 -1.28053007748546 0.01597849726632372 0.35 0.35 1.2 1
0 -2.214368241220904 2.12711859104676 0.35 0.35 1.2 1
0 -1.5158305081804704 2.996382405641934 0.35 0.35 1.2 1
0 -0.1571666743028144 2.0395802198135637 0.35 0.35 1.2 1
0 -0.9462961618039086 1.8991096892047927 0.35 0.35 1.2 1
0 -1.9667655609969126 0.6785599326587375 0.35 0.35 1.2 1
0 -0.6338602626450776 2.285491704552183 0.35 0.35 1.2 1
0 -2.6346057353229364 -0.8158103510344357 0.35 0.35 1.2 1
0 -1.2980219323451156 2.3425526776461636 0.35 0.35 1.2 1
0 -3.141592653589793 3.141592653589793 0.35 0.35 1.2 1
0 -3.141592653589793 3.141592653589793 0.35 0.35 1.2 1
0 -2.1710398376544697 1.7194325215616402 0.35 0.35 1.2 1
0 -1.9376360102354415 1.038900173135857 0.35 0.35 1.2 1
0 0.017143685937789144 2.4565847445179916 0.35 0.35 1.2 1
0 0.26706486938301177 2.2329167601768622 0.35 0.35 1.2 1
0 -0.3129349128504759 1.2647392258623409 0.35 0.35 1.2 1
0 -2.6411355994074053 2.090885338540581 0.35 0.35 1.2 1
0 -2.632680742383551 2.885880374936312 0.35 0.35 1.2 1
0 -3.141592653589793 2.683241073681702 0.35 0.35 1.2 1
0 -2.2545785700286634 3.141592653589793 0.35 0.35 1.2 1
0 -1.3281871448874818 2.8937369539698286 0.35 0.35 1.2 1
0 0.2703335602411925 2.4311641762131853 0.35 0.35 1.2 1
0 -3.141592653589793 1.7874376361279118 0.35 0.35 1.2 1
0 -1.545013690459973 1.5855271211689956 0.35 0.35 1.2 1
0 -2.4139671607516506 3.141592653589793 0.35 0.35 1.2 1
0 -0.4827508053254186 1.8838161068870591 0.35 0.35 1.2 1
0 -1.1734640663784155 3.141592653589793 0.35 0.35 1.2 1
0 -2.48854096603118 1.438418509866751 0.35 0.35 1.2 1
0 -1.7593062206860512 2.466143386770973 0.35 0.35 1.2 1
0 -1.9150603690296262 2.5658662387539417 0.35 0.35 1.2 1
0 0.5517996250901978 0.8267905074485562 0.35 0.35 1.2 1
0 -1.8886360098684616 1.793415504798391 0.35 0.35 1.2 1
0 0.0521363474300498 2.6528029999236957 0.35 0.35 1.2 1
0 -3.141592653589793 1.6525403076910838 0.35 0.35 1.2 1
0 -1.351099153065461 3.0645365133535574 0.35 0.35 1.2 1
0 -2.43701281517482 3.141592653589793 0.35 0.35 1.2 1
0 -3.0162777445923354 -0.19810145571744098 0.35 0.35 1.2 1
0 -0.7969828068826247 0.5837831898534178 0.35 0.35 1.2 1
0 -1.262055928346757 3.141592653589793 0.35 0.35 1.2 1
0 -2.2206056666250444 1.0501181534195685 0.35 0.35 1.2 1
0 -2.6943738241704427 2.7073796132047097 0.35 0.35 1.2 1
0 -2.4401164916723563 3.141592653589793 0.35 0.35 1.2 1
0 -2.122020228805346 1.6811578583051157 0.35 0.35 1.2 1
0 -3.140964877608289 1.2901160306757629 0.35 0.35 1.2 1
0 0.38353915052954646 2.8691762130882967 0.35 0.35 1.2 1
0 -2.2744933614744998 3.141592653589793 0.35 0.35 1.2 1
0 -3.141592653589793 3.141592653589793 0.35 0.35 1.2 1
0 0.40514975558939614 0.5587818343083844 0.35 0.35 1.2 1
0 -2.161530096651533 2.146383707432552 0.35 0.35 1.2 1
0 -0.763383125495336 2.897238827944767 0.35 0.35 1.2 1
0 -3.035032937926537 1.7745813064914773 0.35 0.35 1.2 1
0 -1.5811250656785387 2.0103679411010176 0.35 0.35 1.2 1
0 -1.2876968470126418 3.141592653589793 0.35 0.35 1.2 1
0 -3.141592653589793 1.0121322863647755 0.35 0.35 1.2 1
0 -0.40216098000941947 3.141592653589793 0.35 0.35 1.2 1
0 -0.6616680753784059 1.0687738782382188 0.35 0.35 1.2 1
0 -0.5970675420187989 3.141592653589793 0.35 0.35 1.2 1
0 -2.1921001833607003 1.8835904195275526 0.35 0.35 1.2 1
0 -0.3053331679946185 2.9636017701330832 0.35 0.35 1.2 1
0 -1.479604992189148 1.7152090730504304 0.35 0.35 1.2 1
0 -0.6225479684702646 1.9003187631718739 0.35 0.35 1.2 1
0 -2.6646108841560863 2.5183252765290227 0.35 0.35 1.2 1
0 -2.868176765915155 3.141592653589793 0.35 0.35 1.2 1
0 -1.6149851434273035 3.141592653589793 0.35 0.35 1.2 1
0 -3.141592653589793 2.2971415177860237 0.35 0.35 1.2 1
0 -2.490693067874088 2.7466578964270356 0.35 0.35 1.2 1
0 -2.437576738907621 2.031735947528105 0.35 0.35 1.2 1
0 -3.141592653589793 2.5208559050546926 0.35 0.35 1.2 1
0 -1.9546578347637764 2.3104412278834525 0.35 0.35 1.2 1
0 -2.1016869706778114 0.8539779038273785 0.35 0.35 1.2 1
0 -0.6660571679571711 -0.8842041897565129 0.35 0.35 1.2 1
0 -3.141592653589793 3.141592653589793 0.35 0.35 1.2 1
0 -3.141592653589793 3.141592653589793 0.35 0.35 1.2 1
0 -2.29954709777959 -0.17335163022228128 0.35 0.35 1.2 1
0 -3.141592653589793 1.926524692910706 0.35 0.35 1.2 1
0 -0.8625537775990126 3.0047609646766107 0.35 0.35 1.2 1
0 -1.7277847229880952 2.91928228793318 0.35 0.35 1.2 1
0 -0.3492371042145761 -1.3703259741286429 0.35 0.35 1.2 1
0 -3.141592653589793 3.141592653589793 0.35 0.35 1.2 1
0 -0.7401262873491997 2.152088822674097 0.35 0.35 1.2 1
0 -2.1344578795781244 1.3343325356269924 0.35 0.35 1.2 1
0 -3.141592653589793 2.8534491583681145 0.35 0.35 1.2 1
0 -2.7751662399667563 2.4038132180272784 0.35 0.35 1.2 1
0 -1.7566176525452852 -0.36330375351850164 0.35 0.35 1.2 1
0 -1.031254563698465 1.964138608045661 0.35 0.35 1.2 1
0 -0.6364330824777875 2.821085687772921 0.35 0.35 1.2 1
0 -3.0901919804781617 1.553516485262684 0.35 0.35 1.2 1
0 -3.141592653589793 -1.1710123131890042 0.35 0.35 1.2 1
0 -3.053395645057015 3.032296199163524 0.35 0.35 1.2 1
0 -3.141592653589793 2.3852446069356326 0.35 0.35 1.2 1
0 -2.4266655925609864 1.289187044506015 0.35 0.35 1.2 1
0 1.2427032682504988 0.8451604243797696 0.35 0.35 1.2 1
0 -1.8292701362714863 1.4808426387580544 0.35 0.35 1.2 1
0 -2.4316039468044988 1.5358516993935887 0.35 0.35 1.2 1
0 -3.141592653589793 2.962409517296104 0.35 0.35 1.2 1
0 -2.549168542576259 2.685519177480442 0.35 0.35 1.2 1
0 -3.141592653589793 1.862217610495397 0.35 0.35 1.2 1
0 -2.9588856388288507 2.0749087042009733 0.35 0.35 1.2 1
0 -0.010244078642205778 0.2011017195264518 0.35 0.35 1.2 1
0 -1.761984348502177 -1.1548939659946256 0.35 0.35 1.2 1
0 -0.9296814869335954 1.655978604490054 0.35 0.35 1.2 1
0 0.920090214820958 1.3285017183550274 0.35 0.35 1.2 1
0 -1.181622603673586 1.4041565030013465 0.35 0.35 1.2 1
0 -2.6924104904534634 1.578316063809564 0.35 0.35 1.2 1
0 -2.9134062422411273 -0.6237831994539684 0.35 0.35 1.2 1
0 -2.620584739374123 0.6487218956665377 0.35 0.35 1.2 1
0 -3.141592653589793 2.6433585979455763 0.35 0.35 1.2 1
0 0.3350432540276409 2.176655319868708 0.35 0.35 1.2 1
0 -1.1467864678789357 2.170209516660806 0.35 0.35 1.2 1
0 -2.5853952877814943 3.141592653589793 0.35 0.35 1.2 1
0 -3.141592653589793 0.7681019589219553 0.35 0.35 1.2 1
0 -0.9254728449890945 0.9435382256498929 0.35 0.35 1.2 1
0 -1.769111919323592 0.10499476679237008 0.35 0.35 1.2 1
0 -2.6528691712795367 2.8796076395894064 0.35 0.35 1.2 1
0 -1.8247204207894254 2.377571769127422 0.35 0.35 1.2 1
0 -2.994851176410941 3.141592653589793 0.35 0.35 1.2 1
0 -3.141592653589793 1.5787850098910496 0.35 0.35 1.2 1
0 -1.5289012129991275 1.5678138975312077 0.35 0.35 1.2 1
0 -1.0507006925269176 1.7465993143426013 0.35 0.35 1.2 1
0 -2.9863172312929835 1.6910044185840267 0.35 0.35 1.2 1
0 -3.141592653589793 3.018774381578033 0.35 0.35 1.2 1
0 -0.6662098846252806 2.4030929648836343 0.35 0.35 1.2 1
0 -2.7932489986345197 -0.2620644770525131 0.35 0.35 1.2 1
0 -3.141592653589793 2.26492157127774 0.35 0.35 1.2 1
0 -1.6371815292608773 1.9827441967682116 0.35 0.35 1.2 1
0 -2.729341478977731 1.6507633527212027 0.35 0.35 1.2 1
0 -1.28439724074485 3.141592653589793 0.35 0.35 1.2 1
0 -3.141592653589793 3.141592653589793 0.35 0.35 1.2 1
0 -1.53244442438987 0.18562310185264874 0.35 0.35 1.2 1
0 -3.141592653589793 -0.35058134821101605 0.35 0.35 1.2 1
0 -1.7710320819846426 1.2865656375479604 0.35 0.35 1.2 1
0 -0.895964638858865 1.6890332427248382 0.35 0.35 1.2 1
0 -1.6684092529246417 0.7629747175772492 0.35 0.35 1.2 1
0 -3.141592653589793 2.561441141393653 0.35 0.35 1.2 1
0 -3.0583057214676805 1.5335600129447051 0.35 0.35 1.2 1
0 -0.8722476599046787 2.175632038191221 0.35 0.35 1.2 1
0 -2.856836521778694 1.9264467059380965 0.35 0.35 1.2 1
0 -2.0852578471143524 1.1258322795919844 0.35 0.35 1.2 1
0 -1.4312304491772863 3.141592653589793 0.35 0.35 1.2 1
0 -0.47255878311121413 2.263134149452689 0.35 0.35 1.2 1
0 -1.9180048153779639 0.4253189042515624 0.35 0.35 1.2 1
0 -2.7679580216970283 3.141592653589793 0.35 0.35 1.2 1
0 -3.019176789402572 0.29835508934968513 0.35 0.35 1.2 1
0 -0.5791531019192813 1.3070501322786123 0.35 0.35 1.2 1
0 -3.141592653589793 2.3812353211925767 0.35 0.35 1.2 1
0 -0.3702261211379134 3.141592653589793 0.35 0.35 1.2 1
0 -0.37454564409292046 1.6713631767539998 0.35 0.35 1.2 1
0 -1.6265281087493024 3.122127585594776 0.35 0.35 1.2 1
0 -2.133317556030691 2.00304011044222 0.35 0.35 1.2 1
0 -3.141592653589793 0.3822352390912467 0.35 0.35 1.2 1
0 0.22300083155249428 1.007010829176255 0.35 0.35 1.2 1
0 -0.8991477982937656 -1.078349703650669 0.35 0.35 1.2 1
0 -2.9528696358241993 -0.414368216042698 0.35 0.35 1.2 1
0 -1.3021139672676227 1.7723265508116253 0.35 0.35 1.2 1
0 -3.141592653589793 2.066657555182972 0.35 0.35 1.2 1
0 -3.1019161206904418 2.255421337888258 0.35 0.35 1.2 1
0 -1.5235041284189192 1.472132647239481 0.35 0.35 1.2 1
0 -0.48733055521616553 0.8936195961110971 0.35 0.35 1.2 1
0 -2.081490438352759 2.4211033160156137 0.35 0.35 1.2 1
0 -0.8716944265844238 0.302477210707637 0.35 0.35 1.2 1
0 -1.392472829926489 3.141592653589793 0.35 0.35 1.2 1
0 -1.392602047174408 1.0229598741606503 0.35 0.35 1.2 1
0 -1.2843440617217339 3.141592653589793 0.35 0.35 1.2 1
0 -3.141592653589793 3.141592653589793 0.35 0.35 1.2 1
0 -3.141592653589793 1.8933465073255156 0.35 0.35 1.2 1
0 -2.812151660391512 2.6069833156456257 0.35 0.35 1.2 1
0 -2.974070141255761 0.8715534558561142 0.35 0.35 1.2 1
0 -3.141592653589793 1.5832901253462934 0.35 0.35 1.2 1
0 -2.416861519226236 1.797601912607616 0.35 0.35 1.2 1
0 -1.5582870904269335 3.141592653589793 0.35 0.35 1.2 1
0 -1.7989241203640522 2.4863963290873943 0.35 0.35 1.2 1
0 -0.8198448832922015 2.707085768440954 0.35 0.35 1.2 1
0 1.0060023286411535 3.141592653589793 0.35 0.35 1.2 1
0 0.6062732188971005 0.6390342379784668 0.35 0.35 1.2 1
0 1.3038451614874678 3.141592653589793 0.35 0.35 1.2 1
0 -3.141592653589793 1.056636601809374 0.35 0.35 1.2 1
0 -2.6140463496401383 2.068258972520713 0.35 0.35 1.2 1
0 -1.4893501282777963 2.473052774977794 0.35 0.35 1.2 1
0 -1.5645953115883136 1.8996550434279746 0.35 0.35 1.2 1
0 -1.4195092429387997 -0.1804650535137573 0.35 0.35 1.2 1
0 -0.2037327418793211 -0.1118417053633538 0.35 0.35 1.2 1
0 -0.10223175905433046 2.9626980260967786 0.35 0.35 1.2 1
0 -2.127063504189687 2.717494116244631 0.35 0.35 1.2 1
0 -0.15374784111718354 0.27284350068612473 0.35 0.35 1.2 1
0 -1.1167015429250469 -0.9432037952732348 0.35 0.35 1.2 1
0 -1.9757860470447342 2.2187000269567463 0.35 0.35 1.2 1
0 -1.8826372606554802 1.222237258920754 0.35 0.35 1.2 1
0 -3.141592653589793 2.6402309431397617 0.35 0.35 1.2 1
0 -1.1470044199182245 2.2058013065973787 0.35 0.35 1.2 1
0 -1.9427771864523082 -0.5423133489506144 0.35 0.35 1.2 1
0 -2.4902055564398053 -0.5612133542668118 0.35 0.35 1.2 1
0 -0.09037933883400662 3.141592653589793 0.35 0.35 1.2 1
0 -0.45603272123430827 1.5641626313742696 0.35 0.35 1.2 1
0 -1.3621654377572074 2.9677828223611513 0.35 0.35 1.2 1
0 -1.3111235026784076 2.306906876825963 0.35 0.35 1.2 1
0 -1.3475446639080042 0.7899008455683949 0.35 0.35 1.2 1
0 0.4292984387924703 -1.2928485254956246 0.35 0.35 1.2 1
0 -0.8503152166110028 3.141592653589793 0.35 0.35 1.2 1
0 -0.3977250378234196 2.694917892856513 0.35 0.35 1.2 1
0 -2.910192100044657 0.5689062830100793 0.35 0.35 1.2 1
0 0.5212387272661868 2.3715566777456907 0.35 0.35 1.2 1
0 -0.008351663978468649 1.4716516831367379 0.35 0.35 1.2 1
0 -3.141592653589793 3.141592653589793 0.35 0.35 1.2 1
0 -3.141592653589793 2.2793838292399653 0.35 0.35 1.2 1
0 -1.705491215225257 0.7220786967904167 0.35 0.35 1.2 1
0 -2.0313876749312336 1.7867094548769897 0.35 0.35 1.2 1
0 -1.6192361783305382 3.141592653589793 0.35 0.35 1.2 1
0 -3.141592653589793 3.141592653589793 0.35 0.35 1.2 1
0 -1.9496592561190649 2.3218414172485655 0.35 0.35 1.2 1
0 0.3227734825959152 1.474377334223919 0.35 0.35 1.2 1
0 -1.926464880658294 1.5471078084907868 0.35 0.35 1.2 1
0 -2.331491167187516 0.820222598753459 0.35 0.35 1.2 1
0 -2.5310875740310363 3.141592653589793 0.35 0.35 1.2 1
0 -1.085272872626014 2.0974905008431572 0.35 0.35 1.2 1
0 -0.30748461632171775 0.7918762515702695 0.35 0.35 1.2 1
0 -0.41090602261778675 -0.2443853445753541 0.35 0.35 1.2 1
0 -1.2600830020698577 2.1496540193806775 0.35 0.35 1.2 1
0 -2.1878232945870275 0.16177561651536165 0.35 0.35 1.2 1
0 -3.141592653589793 1.7675501555015138 0.35 0.35 1.2 1
0 -2.889104696491443 -0.5455172559183029 0.35 0.35 1.2 1
0 -2.166906065355134 1.900055659021545 0.35 0.35 1.2 1
0 0.08767842248408497 1.7423896519529274 0.35 0.35 1.2 1
0 -1.002798742329713 2.020964960882017 0.35 0.35 1.2 1
0 -1.5802168796414582 1.23341098186966 0.35 0.35 1.2 1
0 -1.565013655129906 1.5603387727121125 0.35 0.35 1.2 1
0 -2.494939549314249 2.0364890056384795 0.35 0.35 1.2 1
0 -1.7117688119204024 3.141592653589793 0.35 0.35 1.2 1
0 -2.0442468065463344 -0.024800134161413467 0.35 0.35 1.2 1
0 -0.8788497510799989 3.141592653589793 0.35 0.35 1.2 1
0 -0.7367611264086309 0.4200451026264649 0.35 0.35 1.2 1
0 -3.141592653589793 0.7452025619621684 0.35 0.35 1.2 1
0 -1.3359140255997937 2.103386777807838 0.35 0.35 1.2 1
0 -1.0295931697272342 1.8317005185659712 0.35 0.35 1.2 1
0 -2.2157556967631424 2.3532271542893906 0.35 0.35 1.2 1
0 -2.6236845718408626 2.815750540022999 0.35 0.35 1.2 1
0 -0.9276923309929022 1.143262784593827 0.35 0.35 1.2 1
0 -1.2152109661131272 2.1437896737734574 0.35 0.35 1.2 1
0 -3.141592653589793 2.668939087642867 0.35 0.35 1.2 1
0 -3.141592653589793 2.9153910199301807 0.35 0.35 1.2 1
0 -2.736208706711083 3.141592653589793 0.35 0.35 1.2 1
0 -1.2627924712105343 3.141592653589793 0.35 0.35 1.2 1
0 -3.141592653589793 0.3858878205904124 0.35 0.35 1.2 1
0 -0.08317342928478189 1.995346685455504 0.35 0.35 1.2 1
0 -2.314880379267258 2.8960409208960574 0.35 0.35 1.2 1
0 -1.7722017389449325 0.49921656826229954 0.35 0.35 1.2 1
0 0.16295302593139943 1.0653621725127724 0.35 0.35 1.2 1
0 -1.2467492700923055 3.141592653589793 0.35 0.35 1.2 1
0 -3.141592653589793 2.972453527241276 0.35 0.35 1.2 1
0 -2.599098568147797 1.1403342353208976 0.35 0.35 1.2 1
0 -2.3085866939806685 3.141592653589793 0.35 0.35 1.2 1
0 -1.1100709192120914 0.5494494154124008 0.35 0.35 1.2 1
0 -0.6195150275334318 0.9452005862404094 0.35 0.35 1.2 1
0 -2.232337550036606 -0.3781542325071805 0.35 0.35 1.2 1
0 -2.0809764871007848 0.07880120209694197 0.35 0.35 1.2 1
0 -1.9903537072877706 -0.7242595176683173 0.35 0.35 1.2 1
0 -1.1246380134325107 1.7127431150136454 0.35 0.35 1.2 1
0 -3.141592653589793 1.6559344549580128 0.35 0.35 1.2 1
0 -0.8086920050638241 3.141592653589793 0.35 0.35 1.2 1
0 -0.9534561426576169 3.141592653589793 0.35 0.35 1.2 1
0 -0.8667552349548374 1.1393325447213578 0.35 0.35 1.2 1
0 -2.524701220356203 0.8216365349168544 0.35 0.35 1.2 1
0 -3.141592653589793 3.141592653589793 0.35 0.35 1.2 1
0 -2.001141044963236 1.3192585075210899 0.35 0.35 1.2 1
0 0.8574182353417217 2.476944954746658 0.35 0.35 1.2 1
0 -3.141592653589793 3.141592653589793 0.35 0.35 1.2 1
0 -1.6247877309295093 -0.5274450248575375 0.35 0.35 1.2 1
0 -2.809195561200236 0.8466499244008074 0.35 0.35 1.2 1
0 -2.676003284425561 1.102083998273834 0.35 0.35 1.2 1
0 -2.2348592106135596 2.810509397019741 0.35 0.35 1.2 1
0 -3.141592653589793 1.3586159550970083 0.35 0.35 1.2 1
0 -1.4992465337213496 3.121174720336263 0.35 0.35 1.2 1
0 -2.8656517878325127 2.2061812445690134 0.35 0.35 1.2 1
0 -0.4348128594089369 -0.18585706100476873 0.35 0.35 1.2 1
0 -2.439666829207612 2.301765366176196 0.35 0.35 1.2 1
0 -2.557628411410686 0.13415132581766298 0.35 0.35 1.2 1
0 -0.3628979862955868 2.911913443758575 0.35 0.35 1.2 1
0 -1.771186146744241 2.921345556575803 0.35 0.35 1.2 1
0 -2.6169723295490095 -0.3209566186740933 0.35 0.35 1.2 1
0 -1.7418870289213768 3.141592653589793 0.35 0.35 1.2 1
0 -1.1645179323992005 3.141592653589793 0.35 0.35 1.2 1
0 -2.5302246178164385 -0.40909022071159185 0.35 0.35 1.2 1
0 -3.141592653589793 0.5846483355297134 0.35 0.35 1.2 1
0 -0.9929795936669251 1.4332234856447124 0.35 0.35 1.2 1
0 0.5767196843544968 1.6875171145777923 0.35 0.35 1.2 1
0 -1.124484531581083 0.423593563618484 0.35 0.35 1.2 1
0 -0.05021829855229254 2.872543993341984 0.35 0.35 1.2 1
0 -3.141592653589793 1.826596473290341 0.35 0.35 1.2 1
0 -2.1098379047209903 3.040348333868613 0.35 0.35 1.2 1
0 -1.4335527586962933 3.141592653589793 0.35 0.35 1.2 1
0 -1.143420360531918 2.5201511023686436 0.35 0.35 1.2 1
0 -3.141592653589793 0.9791779414399622 0.35 0.35 1.2 1
0 -1.0160416253231064 3.141592653589793 0.35 0.35 1.2 1
0 0.28604829531546827 3.141592653589793 0.35 0.35 1.2 1
0 -1.2219776020689783 1.5244659288078686 0.35 0.35 1.2 1
0 -2.7574432181916055 1.0984118706612105 0.35 0.35 1.2 1
0 -1.4299240022227409 3.1136783905555254 0.35 0.35 1.2 1
0 -1.6159838906152433 1.8396608614455852 0.35 0.35 1.2 1
0 -0.20622566523336638 1.6725001495129233 0.35 0.35 1.2 1
0 -1.9762776109042517 2.509008816235374 0.35 0.35 1.2 1
0 -2.6482198002948394 2.000525530124275 0.35 0.35 1.2 1
0 -2.155572149940267 3.141592653589793 0.35 0.35 1.2 1
0 -3.141592653589793 0.1691841617816343 0.35 0.35 1.2 1
0 -3.141592653589793 1.8048029192438657 0.35 0.35 1.2 1
0 -0.38795167772691963 1.8478830094761598 0.35 0.35 1.2 1
0 -3.141592653589793 1.5437652157094892 0.35 0.35 1.2 1
0 -1.121338723186416 2.823078000435313 0.35 0.35 1.2 1
0 -1.9585002787372303 2.1521601975211 0.35 0.35 1.2 1
0 -2.3865214277263833 -0.17828574460077995 0.35 0.35 1.2 1
0 -1.1074914273745913 0.8652718080134201 0.35 0.35 1.2 1
0 -3.1087029669990076 1.7900821430086649 0.35 0.35 1.2 1
0 -2.3765579066885003 1.6229606718686835 0.35 0.35 1.2 1
0 -3.141592653589793 -0.2834849337792833 0.35 0.35 1.2 1
0 -2.302883696769277 3.141592653589793 0.35 0.35 1.2 1
0 -0.7442842066858351 2.726670041716026 0.35 0.35 1.2 1
0 -2.2750292946710378 1.080068382775127 0.35 0.35 1.2 1
0 -1.849515961793666 0.5361317416587758 0.35 0.35 1.2 1
0 -2.758477002257922 1.277941143999188 0.35 0.35 1.2 1
0 -2.769978175661765 3.063512119337368 0.35 0.35 1.2 1
0 -2.4181138265261515 2.53991863442311 0.35 0.35 1.2 1
0 1.4492853656047817 0.16815516752830106 0.35 0.35 1.2 1
0 -3.119686892686666 2.78812621622986 0.35 0.35 1.2 1
0 -2.18852296703505 1.793008017972425 0.35 0.35 1.2 1
0 0.005803118383840955 3.141592653589793 0.35 0.35 1.2 1
0 -0.5451148883332342 0.4433558941532568 0.35 0.35 1.2 1
0 -3.141592653589793 1.9715745076033437 0.35 0.35 1.2 1
0 -1.6598558316530285 -0.35980646367202285 0.35 0.35 1.2 1
0 -0.7514253231596794 1.5173540202634481 0.35 0.35 1.2 1
0 -2.1052766303680306 0.4917841959615781 0.35 0.35 1.2 1
0 -2.1070247033114593 2.503004767906785 0.35 0.35 1.2 1
0 -3.141592653589793 1.0565274880770363 0.35 0.35 1.2 1
0 -3.141592653589793 3.141592653589793 0.35 0.35 1.2 1
0 -3.137312512465147 2.5173853236380124 0.35 0.35 1.2 1
0 -3.141592653589793 2.4681991804851466 0.35 0.35 1.2 1
0 -1.7249044397305986 3.137622125172701 0.35 0.35 1.2 1
0 -1.760945913390037 1.5858459585774713 0.35 0.35 1.2 1
0 -2.0551895031166616 0.196861108052437 0.35 0.35 1.2 1
0 -1.3158170428746816 1.1524734091941848 0.35 0.35 1.2 1
0 0.49863105687661347 1.6365869938264863 0.35 0.35 1.2 1
0 -2.346050138831017 2.4178235852382066 0.35 0.35 1.2 1
0 -3.141592653589793 2.076700315583554 0.35 0.35 1.2 1
0 -0.48923396844387224 3.141592653589793 0.35 0.35 1.2 1
0 -2.5115840284836386 1.816624749236292 0.35 0.35 1.2 1
0 -0.26684738882516923 2.7831088528776347 0.35 0.35 1.2 1
0 -1.4619243145874794 1.943254492802717 0.35 0.35 1.2 1
0 -1.7408859128633398 1.128446748496232 0.35 0.35 1.2 1
0 -3.141592653589793 -0.08852559997977272 0.35 0.35 1.2 1
0 -1.9272129443244899 3.141592653589793 0.35 0.35 1.2 1
0 -3.141592653589793 0.29426231368465877 0.35 0.35 1.2 1
0 -3.141592653589793 3.141592653589793 0.35 0.35 1.2 1
0 -0.8299673391699292 2.235321944221151 0.35 0.35 1.2 1
0 0.5265943638484691 0.830576780476652 0.35 0.35 1.2 1
0 -3.141592653589793 1.9033459487793056 0.35 0.35 1.2 1
0 -1.27953051249719 3.141592653589793 0.35 0.35 1.2 1
0 -2.883276218876164 1.3759633145276111 0.35 0.35 1.2 1
0 -2.3940881012423567 0.39558969918034803 0.35 0.35 1.2 1
0 -1.6070483125512465 0.27277722403771 0.35 0.35 1.2 1
0 -1.151670685323884 1.8551514717175273 0.35 0.35 1.2 1
0 -2.9995325515595974 1.025312301637497 0.35 0.35 1.2 1
0 -3.141592653589793 3.141592653589793 0.35 0.35 1.2 1
0 -1.2065333151491522 1.5294007536157843 0.35 0.35 1.2 1
0 -2.1488479685634507 2.1235556480233218 0.35 0.35 1.2 1
0 1.2106909319932255 3.141592653589793 0.35 0.35 1.2 1
0 -1.2408744283782451 -0.5545905773068638 0.35 0.35 1.2 1
0 -3.141592653589793 1.4547857698030748 0.35 0.35 1.2 1
0 -1.2801795414629098 1.7022733745884886 0.35 0.35 1.2 1
0 -2.999873496452956 1.3458072239987748 0.35 0.35 1.2 1
0 -2.2165027655032388 1.7780380330247783 0.35 0.35 1.2 1
0 -1.7945240885422673 1.9050142682497586 0.35 0.35 1.2 1
0 -2.4890592543190504 1.320974580035669 0.35 0.35 1.2 1
0 -1.9907161251410785 2.415586214263964 0.35 0.35 1.2 1
0 0.07903349922631109 1.4660380197332854 0.35 0.35 1.2 1
0 -0.73877353457598 3.141592653589793 0.35 0.35 1.2 1
0 -2.022030070594131 2.6528493514817866 0.35 0.35 1.2 1
0 -1.7957569001728977 0.8264609968992366 0.35 0.35 1.2 1
0 -2.3740716288016213 3.141592653589793 0.35 0.35 1.2 1
0 0.02492567069145757 3.0068360805363756 0.35 0.35 1.2 1
0 -2.2395395343879705 2.426546739727501 0.35 0.35 1.2 1
0 -3.141592653589793 1.6035038786312665 0.35 0.35 1.2 1
0 -1.4662333826090586 1.9456878676876115 0.35 0.35 1.2 1
0 -3.141592653589793 -0.3838398277281114 0.35 0.35 1.2 1
0 -1.2094796312036744 3.141592653589793 0.35 0.35 1.2 1
0 -2.391644562588427 2.377619439570024 0.35 0.35 1.2 1
0 -0.8507554575286933 1.9863193137927704 0.35 0.35 1.2 1
0 -2.1353069434062877 1.8386695652597167 0.35 0.35 1.2 1
0 -3.141592653589793 -0.5210573377832703 0.35 0.35 1.2 1
0 -1.9805000949765903 3.141592653589793 0.35 0.35 1.2 1
0 -2.5986943498596533 2.085344091879661 0.35 0.35 1.2 1
0 -2.1616755643653778 1.4190669545785077 0.35 0.35 1.2 1
0 -3.141592653589793 1.173809756598203 0.35 0.35 1.2 1
0 -3.141592653589793 -0.12172712758582249 0.35 0.35 1.2 1
0 -2.6742720399714983 2.672385033130288 0.35 0.35 1.2 1
0 -1.961541036557184 -2.476919820457953 0.35 0.35 1.2 1
0 -3.1161704590470687 1.1257756776989873 0.35 0.35 1.2 1
0 -3.141592653589793 -0.8057275892313285 0.35 0.35 1.2 1
0 -2.0428568987263334 2.2022177858330565 0.35 0.35 1.2 1
0 -2.0562828677659253 1.3578460112284434 0.35 0.35 1.2 1
0 -1.0226935988512929 2.378865051542937 0.35 0.35 1.2 1
0 0.6704678402722786 0.7519970436075217 0.35 0.35 1.2 1
0 -0.15386992700786295 2.800391953853828 0.35 0.35 1.2 1
0 -2.409994935816718 1.7021479644351667 0.35 0.35 1.2 1
0 -2.1197751960518643 2.986912015972389 0.35 0.35 1.2 1
0 -1.299071736308671 1.2249537359910692 0.35 0.35 1.2 1
0 -2.1891332877312335 2.832561045077049 0.35 0.35 1.2 1
0 -1.000461756904671 3.141592653589793 0.35 0.35 1.2 1
0 -3.141592653589793 0.252817842176438 0.35 0.35 1.2 1
0 -0.5207645424412153 2.7159637299239816 0.35 0.35 1.2 1
0 -0.8592318631051987 2.4467282828880608 0.35 0.35 1.2 1
0 -0.03296608184432559 1.6823383212260876 0.35 0.35 1.2 1
0 -3.141592653589793 0.29066740820318393 0.35 0.35 1.2 1
0 -0.7338577776971518 0.6149137108201765 0.35 0.35 1.2 1
0 0.5941515786663667 2.265914123731528 0.35 0.35 1.2 1
0 -3.141592653589793 0.28680616118112146 0.35 0.35 1.2 1
0 -3.141592653589793 0.9376458709235345 0.35 0.35 1.2 1
0 -2.94129478298327 3.141592653589793 0.35 0.35 1.2 1
0 -2.157462202128174 0.11473032548681239 0.35 0.35 1.2 1
0 -3.141592653589793 1.72880458605919 0.35 0.35 1.2 1
0 -3.141592653589793 0.056766173336619596 0.35 0.35 1.2 1
0 -1.6081417971002347 2.605704523923819 0.35 0.35 1.2 1
0 -3.141592653589793 2.124030785477945 0.35 0.35 1.2 1
0 -1.9969782518583115 2.1522009623404204 0.35 0.35 1.2 1
0 -0.39254618557264775 1.088775375407949 0.35 0.35 1.2 1
0 -2.471538416057151 3.141592653589793 0.35 0.35 1.2 1
0 -1.7700533632004065 2.594731373650521 0.35 0.35 1.2 1
0 -2.089350291103505 1.4642010497188886 0.35 0.35 1.2 1
0 -1.534608344345544 3.141592653589793 0.35 0.35 1.2 1
0 0.8947453222754922 3.141592653589793 0.35 0.35 1.2 1
0 -3.141592653589793 0.9926604526198817 0.35 0.35 1.2 1
0 -3.080375842054518 1.409277221878899 0.35 0.35 1.2 1
0 -1.0146672260030882 0.6750607501209733 0.35 0.35 1.2 1
0 -0.3239381878995451 0.18206559906872943 0.35 0.35 1.2 1
0 -0.4805505250996604 1.5817636447295556 0.35 0.35 1.2 1
0 -1.9370752945348857 1.899779029741395 0.35 0.35 1.2 1
0 -1.6748151186895153 2.139412001514968 0.35 0.35 1.2 1
0 -1.020527322495771 3.141592653589793 0.35 0.35 1.2 1
0 -3.141592653589793 3.1412501482760335 0.35 0.35 1.2 1
0 -3.141592653589793 2.3942767066703707 0.35 0.35 1.2 1
0 -2.4937134411583957 1.50805927242364 0.35 0.35 1.2 1
0 -1.4426993076666799 2.525276404670097 0.35 0.35 1.2 1
0 -1.728600365827927 -0.4370991964739349 0.35 0.35 1.2 1
0 -1.8778054709072716 3.141592653589793 0.35 0.35 1.2 1
0 -2.516744262026632 0.2643988710048679 0.35 0.35 1.2 1
0 -2.499334061551109 3.141592653589793 0.35 0.35 1.2 1
0 0.3333582041099281 1.2815176471561158 0.35 0.35 1.2 1
0 -0.7535018391560007 2.6380822886782753 0.35 0.35 1.2 1
0 -3.0017215993028037 0.16227486241123534 0.35 0.35 1.2 1
0 0.6327486590679012 2.1524729272593923 0.35 0.35 1.2 1
0 -1.8671661996271398 -1.1877233771484121 0.35 0.35 1.2 1
0 -2.2436155775954774 1.6001796236312216 0.35 0.35 1.2 1
0 0.27365162571532675 3.141592653589793 0.35 0.35 1.2 1
0 0.5157638435072248 0.7902594612807646 0.35 0.35 1.2 1
0 -2.274067732409625 0.9721999818064346 0.35 0.35 1.2 1
0 -2.4313436806095448 -0.21951274847011382 0.35 0.35 1.2 1
0 -2.09805314269525 2.836567801857389 0.35 0.35 1.2 1
0 -2.4003482665065725 1.9949827504274555 0.35 0.35 1.2 1
0 -3.0554787018569085 1.7249470190053082 0.35 0.35 1.2 1
0 -0.9620346380028699 1.7906474777661288 0.35 0.35 1.2 1
0 0.2341779210680499 2.4184612702427666 0.35 0.35 1.2 1
0 -0.8993578060153872 2.9092752586980892 0.35 0.35 1.2 1
0 -2.0393192739567105 0.6323892507037194 0.35 0.35 1.2 1
0 -2.034788173678378 2.0533298257613692 0.35 0.35 1.2 1
0 -2.090261409537139 2.501595172123963 0.35 0.35 1.2 1
0 -0.1642929047173054 3.00463097429474 0.35 0.35 1.2 1
0 -1.6985196726019174 3.141592653589793 0.35 0.35 1.2 1
0 -0.5889745469437568 1.110421669356375 0.35 0.35 1.2 1
0 -3.141592653589793 -0.1970877895049652 0.35 0.35 1.2 1
0 -0.5539555335774712 1.4223288736283868 0.35 0.35 1.2 1
0 0.433517635256472 2.395852153895847 0.35 0.35 1.2 1
0 -0.49387501005230283 2.79811022449345 0.35 0.35 1.2 1
0 -1.5422643626493122 2.469053619890004 0.35 0.35 1.2 1
0 -3.141592653589793 2.621697273049981 0.35 0.35 1.2 1
0 -0.3077025166596148 3.141592653589793 0.35 0.35 1.2 1
0 -0.599575531752533 0.24981335165194263 0.35 0.35 1.2 1
0 -1.0029835053281553 0.5514580130434672 0.35 0.35 1.2 1
0 -1.7960044282797272 2.310739727228093 0.35 0.35 1.2 1
0 -0.500203117631838 2.853734250936607 0.35 0.35 1.2 1
0 -1.8915283921271437 -0.11772396123808204 0.35 0.35 1.2 1
0 -3.141592653589793 2.5842957630529533 0.35 0.35 1.2 1
0 -2.422711391362954 3.141592653589793 0.35 0.35 1.2 1
0 -1.4913587821414769 1.3912077037555426 0.35 0.35 1.2 1
0 -1.3665238532600927 0.8254151128220633 0.35 0.35 1.2 1
0 -2.3485157408558237 2.3534016946694463 0.35 0.35 1.2 1
0 -1.64143854153983 1.3478438485403346 0.35 0.35 1.2 1
0 -1.6867105090906573 2.5720874973115615 0.35 0.35 1.2 1
0 -2.0969989267355693 3.141592653589793 0.35 0.35 1.2 1
0 -3.141592653589793 2.1651235519106815 0.35 0.35 1.2 1
0 -1.706293056391699 3.141592653589793 0.35 0.35 1.2 1
0 -0.8481699526027613 2.2961211110386968 0.35 0.35 1.2 1
0 -0.6822016358791638 2.0112757121509772 0.35 0.35 1.2 1
0 -3.141592653589793 1.1029158427653143 0.35 0.35 1.2 1
0 -0.18651704425060367 1.9462949272951349 0.35 0.35 1.2 1
0 -1.5891928464405258 3.141592653589793 0.35 0.35 1.2 1
0 -1.8226750335967403 3.141592653589793 0.35 0.35 1.2 1
0 -1.8098988369258973 1.3694960856855218 0.35 0.35 1.2 1
0 -2.2730746421370256 0.8018304251754648 0.35 0.35 1.2 1
0 -1.5113726839678585 2.690072540006955 0.35 0.35 1.2 1
0 -3.141592653589793 3.141592653589793 0.35 0.35 1.2 1
0 -2.2152163712442907 2.4673119581084775 0.35 0.35 1.2 1
0 -3.141592653589793 1.2492490888577523 0.35 0.35 1.2 1
0 -0.16182481052791875 1.0671806092291767 0.35 0.35 1.2 1
0 -2.481595254021385 2.7173994023481027 0.35 0.35 1.2 1
0 -2.478652360505735 0.5142397125603789 0.35 0.35 1.2 1
0 -2.4057740054953802 3.141592653589793 0.35 0.35 1.2 1
0 -1.2938230180807018 1.8358785218834088 0.35 0.35 1.2 1
0 -0.8258218636199017 2.7637104650799875 0.35 0.35 1.2 1
0 -1.0955175143575993 0.5063572955725887 0.35 0.35 1.2 1
0 -2.004087528977981 0.8130672248405046 0.35 0.35 1.2 1
0 -1.6778429876770835 2.8693828520153097 0.35 0.35 1.2 1
0 -3.141592653589793 0.19561526469129886 0.35 0.35 1.2 1
0 -3.1407273228242882 3.076374185784285 0.35 0.35 1.2 1
0 -2.527980605943 1.0615348515369767 0.35 0.35 1.2 1
0 -3.141592653589793 -0.536816603317553 0.35 0.35 1.2 1
0 -2.415360829698248 0.5363126862806347 0.35 0.35 1.2 1
0 -1.6947432820206785 2.5655485572938326 0.35 0.35 1.2 1
0 -3.141592653589793 2.2094544493381303 0.35 0.35 1.2 1
0 -2.2740309806565357 2.3147006714180254 0.35 0.35 1.2 1
0 -2.901577038303903 2.4171858128587616 0.35 0.35 1.2 1
0 -0.24527398545717904 0.4072308212976439 0.35 0.35 1.2 1
0 -3.141592653589793 1.6741709128603879 0.35 0.35 1.2 1
0 -1.0546801187579096 0.998184610794289 0.35 0.35 1.2 1
0 -0.04729760539826566 -1.4741099916563738 0.35 0.35 1.2 1
0 -3.141592653589793 2.1229192474982614 0.35 0.35 1.2 1
0 -3.141592653589793 2.6420087264040637 0.35 0.35 1.2 1
0 -1.6268838755730433 2.5189989134460524 0.35 0.35 1.2 1
0 -0.1767395875657738 0.9443910258994315 0.35 0.35 1.2 1
0 -2.0385221975516408 1.4569784212300518 0.35 0.35 1.2 1
0 -1.3259366918738047 2.329758934040379 0.35 0.35 1.2 1
0 -0.9455950612224376 1.7768897329103785 0.35 0.35 1.2 1
0 -0.4412406702249102 2.790019738072576 0.35 0.35 1.2 1
0 -3.141592653589793 2.210481650875253 0.35 0.35 1.2 1
0 -3.141592653589793 2.9919229826249776 0.35 0.35 1.2 1
0 -1.9740017690967937 0.7925048866676327 0.35 0.35 1.2 1
0 -1.4063171178579865 3.141592653589793 0.35 0.35 1.2 1
0 -1.5492849112700742 2.7802630053008963 0.35 0.35 1.2 1
0 -1.6086818596920174 2.4739613392368973 0.35 0.35 1.2 1
0 -3.141592653589793 3.141592653589793 0.35 0.35 1.2 1
0 -1.643767298571556 2.8446196370468666 0.35 0.35 1.2 1
0 -2.033428114819919 2.41888816903855 0.35 0.35 1.2 1
0 -0.7545193829664723 2.3093267216196254 0.35 0.35 1.2 1
0 -1.9952712457146298 0.7944457589025546 0.35 0.35 1.2 1
0 -1.7481200500364036 1.9801154584641423 0.35 0.35 1.2 1
0 -2.3994178297922266 2.2618267451034004 0.35 0.35 1.2 1
0 -0.22776641254557362 2.845674296286173 0.35 0.35 1.2 1
0 -1.6170526648091381 3.141592653589793 0.35 0.35 1.2 1
0 -3.141592653589793 1.8095319503922291 0.35 0.35 1.2 1
0 -3.141592653589793 3.141592653589793 0.35 0.35 1.2 1
0 -3.141592653589793 1.8688446816441389 0.35 0.35 1.2 1
0 -2.160184899576353 0.23067488748643417 0.35 0.35 1.2 1
0 -1.5928223667946946 0.2696896683024502 0.35 0.35 1.2 1
0 -0.5709058014256798 1.2708376473248422 0.35 0.35 1.2 1
0 -3.141592653589793 2.1588188620941113 0.35 0.35 1.2 1
0 -1.1762210089513907 2.56364624152207 0.35 0.35 1.2 1
0 -0.8126990010330588 3.141592653589793 0.35 0.35 1.2 1
0 -3.141592653589793 3.141592653589793 0.35 0.35 1.2 1
0 -0.49157380416962027 -0.037845273154230474 0.35 0.35 1.2 1
0 -2.1615873662174163 3.141592653589793 0.35 0.35 1.2 1
0 -1.2178106884239681 2.942703438446297 0.35 0.35 1.2 1
0 -3.141592653589793 2.785891875005722 0.35 0.35 1.2 1
0 -2.326529397577273 3.093555740221515 0.35 0.35 1.2 1
0 -3.141592653589793 2.441167285178939 0.35 0.35 1.2 1
0 -2.7984635106770024 0.5328591157985372 0.35 0.35 1.2 1
0 -2.7303208709883124 2.824020444523722 0.35 0.35 1.2 1
0 -2.1672605454309877 2.253082477721517 0.35 0.35 1.2 1
0 -3.141592653589793 1.49296822643315 0.35 0.35 1.2 1
0 -2.4334052661466767 1.6069691565857114 0.35 0.35 1.2 1
0 -1.7585486015914604 1.7946473951877997 0.35 0.35 1.2 1
0 -3.141592653589793 2.2557425357876593 0.35 0.35 1.2 1
0 -1.915680954348112 3.141592653589793 0.35 0.35 1.2 1
0 -3.131210005451275 2.8191357569324262 0.35 0.35 1.2 1
0 -1.7482979756980868 2.4140575400065014 0.35 0.35 1.2 1
0 -2.659055959966601 3.141592653589793 0.35 0.35 1.2 1
0 -1.4625530154474697 2.762444038169165 0.35 0.35 1.2 1
0 -1.8212275268632183 2.4460133963899953 0.35 0.35 1.2 1
0 -0.5352946258865139 3.141592653589793 0.35 0.35 1.2 1
0 -1.112588573441776 1.2906976323875006 0.35 0.35 1.2 1
0 -2.8519674718432753 3.141592653589793 0.35 0.35 1.2 1
0 -2.270041190281857 0.5085580309351274 0.35 0.35 1.2 1
0 -2.0197689044462366 2.6417530270807634 0.35 0.35 1.2 1
0 -1.220118743706066 0.44321817211549197 0.35 0.35 1.2 1
0 -2.739837284179695 1.3710028033300938 0.35 0.35 1.2 1
0 -3.141592653589793 2.860089892544613 0.35 0.35 1.2 1
0 -2.0780862096670942 1.3669075149504823 0.35 0.35 1.2 1
0 -3.141592653589793 2.3901343759420537 0.35 0.35 1.2 1
0 -0.9774532741914648 1.712362945993837 0.35 0.35 1.2 1
0 -1.3420275646898887 2.0643378957515606 0.35 0.35 1.2 1
0 -3.141592653589793 3.141592653589793 0.35 0.35 1.2 1
0 -0.7463453828750928 2.704553247070682 0.35 0.35 1.2 1
0 -3.141592653589793 2.3351387094903435 0.35 0.35 1.2 1
0 -2.128963787724893 0.13099488917208713 0.35 0.35 1.2 1
0 -1.9767516202315065 2.700893651336162 0.35 0.35 1.2 1
0 1.2876828919304781 2.237813424625765 0.35 0.35 1.2 1
0 -3.141592653589793 3.141592653589793 0.35 0.35 1.2 1
0 -0.2764257464468356 0.061209586425676754 0.35 0.35 1.2 1
0 -1.659265431700887 3.141592653589793 0.35 0.35 1.2 1
0 -2.961910399993142 0.6745676693461107 0.35 0.35 1.2 1
0 -3.141592653589793 2.6155431102126054 0.35 0.35 1.2 1
0 -3.0271850168259586 1.3117346158547756 0.35 0.35 1.2 1
0 0.69056758971945 -0.753669223758104 0.35 0.35 1.2 1
0 -1.1884627981225522 2.3262818872127315 0.35 0.35 1.2 1
0 -0.691110322288077 1.4733972512432083 0.35 0.35 1.2 1
0 -1.6450905023969744 -0.9658367448057056 0.35 0.35 1.2 1
0 -3.141592653589793 0.4470960200075285 0.35 0.35 1.2 1
0 -2.430094989592231 2.156059430144242 0.35 0.35 1.2 1
0 -2.23190874648774 1.9822866874934078 0.35 0.35 1.2 1
0 -0.6965185777725994 1.6885508761111794 0.35 0.35 1.2 1
0 -0.8371911192630622 0.577876082688056 0.35 0.35 1.2 1
0 -1.360242377362266 1.238807431028432 0.35 0.35 1.2 1
0 -1.3619862981864204 0.9302508021579318 0.35 0.35 1.2 1
0 -3.141592653589793 2.558941037562229 0.35 0.35 1.2 1
0 -0.47710600347958665 3.141592653589793 0.35 0.35 1.2 1
0 -3.141592653589793 2.795452075064778 0.35 0.35 1.2 1
0 -1.929590112928912 3.141592653589793 0.35 0.35 1.2 1
0 -3.141592653589793 1.8405342367303008 0.35 0.35 1.2 1
0 -1.5830632565600808 -0.3762290834505617 0.35 0.35 1.2 1
0 -0.774429940213911 1.6513053794876194 0.35 0.35 1.2 1
0 -0.06045751985198189 2.2592950713611777 0.35 0.35 1.2 1
0 0.4992001899515188 1.7782173416115186 0.35 0.35 1.2 1
0 -3.120110140914804 3.141592653589793 0.35 0.35 1.2 1
0 -2.6568983064728684 3.141592653589793 0.35 0.35 1.2 1
0 -2.819587392097747 -0.25741311412752754 0.35 0.35 1.2 1
0 1.08351226038137 2.3589172662019724 0.35 0.35 1.2 1
0 -1.8129017863446188 3.141592653589793 0.35 0.35 1.2 1
0 -1.3672003189387336 2.82983532372407 0.35 0.35 1.2 1
0 -1.1621521980525178 0.9705889986276126 0.35 0.35 1.2 1
0 0.12504148767527123 0.730141557821183 0.35 0.35 1.2 1
0 -0.942661435237634 0.26844238073282545 0.35 0.35 1.2 1
0 -2.542409405080916 0.781081109348854 0.35 0.35 1.2 1
0 -0.4143205597906163 0.5913613337745214 0.35 0.35 1.2 1
0 -3.09667630422055 3.141592653589793 0.35 0.35 1.2 1
0 -3.0645522038543724 1.6875714520130982 0.35 0.35 1.2 1
0 -2.651826708721204 3.141592653589793 0.35 0.35 1.2 1
0 -3.0766462632583274 3.141592653589793 0.35 0.35 1.2 1
0 -2.2555012042536973 -0.22787354157865702 0.35 0.35 1.2 1
0 -2.9324157638526107 0.6357426164331019 0.35 0.35 1.2 1
0 -3.141592653589793 2.3360220162529335 0.35 0.35 1.2 1
0 -3.141592653589793 3.0747710977284903 0.35 0.35 1.2 1
0 -2.3364194426773843 2.5539626386103484 0.35 0.35 1.2 1
0 -0.25831554801393763 0.37147695539697756 0.35 0.35 1.2 1
0 -1.810448860637924 2.837926581617488 0.35 0.35 1.2 1
0 -1.7082644375770468 2.9394371597534077 0.35 0.35 1.2 1
0 -1.80630195102281 0.9690515372904218 0.35 0.35 1.2 1
0 -0.7524572108888565 0.6640212925920809 0.35 0.35 1.2 1
0 -3.141592653589793 3.141592653589793 0.35 0.35 1.2 1
0 -1.3852702888215458 2.9342813139913244 0.35 0.35 1.2 1
0 -1.0826953633336422 3.141592653589793 0.35 0.35 1.2 1
0 -1.9421706435030859 2.649524919542602 0.35 0.35 1.2 1
0 -1.219356178424979 1.4016517193578657 0.35 0.35 1.2 1
0 -0.7172997775099206 1.329737350595263 0.35 0.35 1.2 1
0 -2.051277399394002 0.603101190880627 0.35 0.35 1.2 1
0 -2.1515755615403895 2.4995699392127446 0.35 0.35 1.2 1
0 -0.9556900104037216 2.7506471330487443 0.35 0.35 1.2 1
0 -2.3644539877977415 0.9184356769387798 0.35 0.35 1.2 1
0 -3.141592653589793 2.0014104672956856 0.35 0.35 1.2 1
0 -3.141592653589793 1.8521315385181099 0.35 0.35 1.2 1
0 -2.968063437860847 3.083523358456983 0.35 0.35 1.2 1
0 -1.71937641633995 3.141592653589793 0.35 0.35 1.2 1
0 -1.0631134445720865 2.429376175476667 0.35 0.35 1.2 1
0 -3.141592653589793 3.141592653589793 0.35 0.35 1.2 1
0 -0.8452393253459316 1.4279905677462736 0.35 0.35 1.2 1
0 0.6805073666504453 0.6153970526713763 0.35 0.35 1.2 1
0 -3.141592653589793 2.548645873033134 0.35 0.35 1.2 1
0 -2.3523768431859313 2.2281241358384176 0.35 0.35 1.2 1
0 -2.4371147247972234 2.954357450957493 0.35 0.35 1.2 1
0 -3.141592653589793 1.9486159945486168 0.35 0.35 1.2 1
0 -1.2215216826181328 0.9769221072583127 0.35 0.35 1.2 1
0 -1.0332878367081042 2.1950538919716474 0.35 0.35 1.2 1
0 -2.110552382385349 2.786439581997691 0.35 0.35 1.2 1
0 -2.556671048526779 1.9982712238569382 0.35 0.35 1.2 1
0 -0.45227781363040587 0.4274538597079385 0.35 0.35 1.2 1
0 -3.141592653589793 1.2862488610025076 0.35 0.35 1.2 1
0 0.8199733824376176 0.4640067378181094 0.35 0.35 1.2 1
0 -1.1209249720635988 1.8686657741286459 0.35 0.35 1.2 1
0 -3.141592653589793 3.141592653589793 0.35 0.35 1.2 1
0 -3.141592653589793 0.8167416148673419 0.35 0.35 1.2 1
0 -3.141592653589793 1.1022198380193928 0.35 0.35 1.2 1
0 -0.9184799911101565 2.0325354606013697 0.35 0.35 1.2 1
0 -0.4915947291436644 3.141592653589793 0.35 0.35 1.2 1
0 -2.176226493679094 3.141592653589793 0.35 0.35 1.2 1
0 -1.3960187610762655 3.0550920903577077 0.35 0.35 1.2 1
0 -2.426352507249942 3.141592653589793 0.35 0.35 1.2 1
0 -3.141592653589793 1.0879442390085432 0.35 0.35 1.2 1
0 -2.674893254806992 2.748301204357273 0.35 0.35 1.2 1
0 -0.6343087838119263 3.141592653589793 0.35 0.35 1.2 1
0 -3.141592653589793 2.0067720779711737 0.35 0.35 1.2 1
0 -3.1105150396579995 2.6353737376542856 0.35 0.35 1.2 1
0 -1.2617658448665943 1.9946449729778906 0.35 0.35 1.2 1
0 -2.7863572831508865 1.109081898267628 0.35 0.35 1.2 1
0 -2.2859044445182026 0.8654212649398205 0.35 0.35 1.2 1
0 -0.8987474735264162 0.8493283581279306 0.35 0.35 1.2 1
0 -0.9461395622831215 1.0060120591638664 0.35 0.35 1.2 1
0 0.20127091711344436 0.4995394397069315 0.35 0.35 1.2 1
0 -1.043734584480508 3.141592653589793 0.35 0.35 1.2 1
0 -0.2798821008013537 0.6758880245789836 0.35 0.35 1.2 1
0 -0.7591178213227068 -0.33438967466413305 0.35 0.35 1.2 1
0 -1.81130963124511 3.141592653589793 0.35 0.35 1.2 1
0 -1.0129024757473089 1.5044541004743701 0.35 0.35 1.2 1
0 -0.4911834070254495 2.602017233145193 0.35 0.35 1.2 1
0 -0.8598353256265276 2.2286460148588985 0.35 0.35 1.2 1
0 0.5216576166522218 3.141592653589793 0.35 0.35 1.2 1
0 -1.7950069275514002 3.141592653589793 0.35 0.35 1.2 1
0 -1.4333469435855808 2.5969670775343054 0.35 0.35 1.2 1
0 -0.6003223936352026 0.7524389559603287 0.35 0.35 1.2 1
0 -3.141592653589793 2.4617703187960767 0.35 0.35 1.2 1
0 -0.20231127204151622 -1.0485479238758626 0.35 0.35 1.2 1
0 -1.159943040953363 0.21806566550569562 0.35 0.35 1.2 1
0 -1.2744562853980024 3.141592653589793 0.35 0.35 1.2 1
0 -1.2336769689144258 3.093294785874348 0.35 0.35 1.2 1
0 1.6359085171475896 -0.5866299126660992 0.35 0.35 1.2 1
0 -3.141592653589793 1.96049301739574 0.35 0.35 1.2 1
0 -3.141592653589793 -0.5679656469904746 0.35 0.35 1.2 1
0 -0.17448666429452175 1.522186630699305 0.35 0.35 1.2 1
0 -1.5289467269168469 2.390572774581499 0.35 0.35 1.2 1
0 0.40122769493160604 3.141592653589793 0.35 0.35 1.2 1
0 -1.062899204986705 1.3094263248453932 0.35 0.35 1.2 1
0 -0.18626358920708075 1.553915853036657 0.35 0.35 1.2 1
0 -2.356207900626169 1.0488479612296568 0.35 0.35 1.2 1
0 0.8184130813525814 2.6684617919175895 0.35 0.35 1.2 1
0 -2.9587887937517947 0.8668734372418025 0.35 0.35 1.2 1
0 -3.1026348233093723 1.0322133529746813 0.35 0.35 1.2 1
0 -1.9516342413584977 3.141592653589793 0.35 0.35 1.2 1
0 -2.2086731657809957 1.2006265952306827 0.35 0.35 1.2 1
0 -2.367691594547689 3.141592653589793 0.35 0.35 1.2 1
0 0.7930048463221038 3.141592653589793 0.35 0.35 1.2 1
0 -0.06102527862683904 3.141592653589793 0.35 0.35 1.2 1
0 -2.2146863779447648 1.8758695192120634 0.35 0.35 1.2 1
0 -2.629170480334156 1.1868921898753257 0.35 0.35 1.2 1
0 -0.7798038616579372 2.99847231296893 0.35 0.35 1.2 1
0 0.9987992532342163 2.2118623618859345 0.35 0.35 1.2 1
0 0.13535292192964232 3.076063565065952 0.35 0.35 1.2 1
0 -1.9985632198309249 3.141592653589793 0.35 0.35 1.2 1
0 -0.02117711784560805 2.6773150714917726 0.35 0.35 1.2 1
0 -2.2072422054200618 2.5325712643235105 0.35 0.35 1.2 1
0 -2.1775957258046583 0.7050637325084101 0.35 0.35 1.2 1
0 -1.3506698155778385 1.9362436776971816 0.35 0.35 1.2 1
0 -2.4932110632574975 2.095500392115287 0.35 0.35 1.2 1
0 -2.828354487721443 1.5602261424846247 0.35 0.35 1.2 1
0 -2.4646266192076505 1.4446500774514637 0.35 0.35 1.2 1
0 -2.3336084277533944 3.141592653589793 0.35 0.35 1.2 1
0 -1.2598875385241453 2.5427187013355197 0.35 0.35 1.2 1
0 -0.4841463942825045 1.3409305733724874 0.35 0.35 1.2 1
0 -3.141592653589793 2.9408687357835035 0.35 0.35 1.2 1
0 -2.0128811630302414 1.5723004645524454 0.35 0.35 1.2 1
0 -3.141592653589793 2.302786277156839 0.35 0.35 1.2 1
0 -3.141592653589793 1.2175537536985233 0.35 0.35 1.2 1
0 -0.5071080687454239 3.141592653589793 0.35 0.35 1.2 1
0 -2.3342255898410564 1.046237418972714 0.35 0.35 1.2 1
0 -3.141592653589793 1.433304520969465 0.35 0.35 1.2 1
0 -3.141592653589793 3.141592653589793 0.35 0.35 1.2 1
0 -3.141592653589793 -0.3398459436953495 0.35 0.35 1.2 1
0 -1.9777684451128963 2.2293572590276045 0.35 0.35 1.2 1
0 -0.452492051275045 1.9181623300685313 0.35 0.35 1.2 1
0 0.1206590517855477 -0.6779848462920111 0.35 0.35 1.2 1
0 -0.4060982044651511 1.8538372866376243 0.35 0.35 1.2 1
0 0.5834616086896598 1.1388020242661248 0.35 0.35 1.2 1
0 -3.141592653589793 1.9502446041284998 0.35 0.35 1.2 1
0 -0.573169539729133 2.003551559589218 0.35 0.35 1.2 1
0 -0.23858038411601967 3.141592653589793 0.35 0.35 1.2 1
0 -3.141592653589793 1.6729222388609468 0.35 0.35 1.2 1
0 0.33845135985827146 1.8541149271456963 0.35 0.35 1.2 1
0 -2.8908368867714245 2.632246032566608 0.35 0.35 1.2 1
0 -0.6770148172805044 0.14393682208752234 0.35 0.35 1.2 1
0 -1.7361381665827662 2.649032019330964 0.35 0.35 1.2 1
0 0.26178769940282054 1.6214642613559929 0.35 0.35 1.2 1
0 -2.4591190415345876 1.212042758870477 0.35 0.35 1.2 1
0 -2.692300306581771 0.6633100637919838 0.35 0.35 1.2 1
0 -1.913270838545956 1.3275954481872265 0.35 0.35 1.2 1
0 -1.0986155595973528 2.5404343540230787 0.35 0.35 1.2 1
0 -0.8929275109901413 2.2016261028833664 0.35 0.35 1.2 1
0 -0.39372090400052384 3.141592653589793 0.35 0.35 1.2 1
0 -3.141592653589793 2.559973844468124 0.35 0.35 1.2 1
0 -2.925074468892083 1.6697175265388067 0.35 0.35 1.2 1
0 -1.303192283786975 0.9062696868652641 0.35 0.35 1.2 1
0 -1.0404512497087144 1.7654307884003828 0.35 0.35 1.2 1
0 -0.9445367420977462 3.141592653589793 0.35 0.35 1.2 1
0 -1.3744755771543804 1.3609010288051535 0.35 0.35 1.2 1
0 0.33120443525516374 2.4858877332773317 0.35 0.35 1.2 1
0 0.9783656868125807 2.013612175904579 0.35 0.35 1.2 1
0 -1.4453920239449947 1.9677709883512338 0.35 0.35 1.2 1
0 -3.141592653589793 3.141592653589793 0.35 0.35 1.2 1
0 -1.5391816811194703 -0.7404357768722218 0.35 0.35 1.2 1
0 -2.5441410244727347 1.1334361175585173 0.35 0.35 1.2 1
0 -2.821879806104178 1.0434803810977378 0.35 0.35 1.2 1
0 -0.3681176598523346 3.141592653589793 0.35 0.35 1.2 1
0 -1.5592626070537818 -0.5369476462262809 0.35 0.35 1.2 1
0 -1.0603447619944073 0.08931330631875922 0.35 0.35 1.2 1
0 -1.2191321256629915 3.141592653589793 0.35 0.35 1.2 1
0 -2.894617341754008 0.9775555085271952 0.35 0.35 1.2 1
0 -1.2570629593522216 1.1147899404950428 0.35 0.35 1.2 1
0 -2.9664162808188443 1.7043196775519536 0.35 0.35 1.2 1
0 -2.204255000923415 2.5950894613362223 0.35 0.35 1.2 1
0 -2.7181151611659757 3.141592653589793 0.35 0.35 1.2 1
0 -3.141592653589793 1.746004902989105 0.35 0.35 1.2 1
0 -1.5101390730179494 1.6142585481998022 0.35 0.35 1.2 1
0 -1.9559524009799776 0.7135400836993989 0.35 0.35 1.2 1
0 -3.085719382247764 1.9315416709159487 0.35 0.35 1.2 1
0 -3.141592653589793 0.8566079320362889 0.35 0.35 1.2 1
0 -0.7751297103520243 2.64176618146593 0.35 0.35 1.2 1
0 -0.4940068324634552 2.668860504719031 0.35 0.35 1.2 1
0 -2.3662956960054813 2.841984490262804 0.35 0.35 1.2 1
0 -1.7674213894879744 -0.8915734672419329 0.35 0.35 1.2 1
0 -0.7914963584593147 1.5720311444247965 0.35 0.35 1.2 1
0 -1.8118119783261304 2.6331777939317194 0.35 0.35 1.2 1
0 -2.9075319930880092 2.1748002404176145 0.35 0.35 1.2 1
0 -2.5661310071188237 -1.512630775978483 0.35 0.35 1.2 1
0 -1.8030603547308401 1.3674406371464372 0.35 0.35 1.2 1
0 -2.2847789294345704 -1.1228357772389252 0.35 0.35 1.2 1
0 0.35846859836794254 0.6649029887098274 0.35 0.35 1.2 1
0 -2.9212362599903416 2.007640399461613 0.35 0.35 1.2 1
0 -1.3834874958946692 -0.775800710378308 0.35 0.35 1.2 1
0 -3.141592653589793 3.141592653589793 0.35 0.35 1.2 1
0 2.232007272151695 2.181390787281085 0.35 0.35 1.2 1
0 -1.734831332656126 1.1803613534727277 0.35 0.35 1.2 1
0 -0.9481871455727178 -1.2295138331829147 0.35 0.35 1.2 1
0 -0.48133785555982667 1.8732506900499408 0.35 0.35 1.2 1
0 -3.141592653589793 0.8267889765464982 0.35 0.35 1.2 1
0 -2.5348292227673936 1.3360045172662272 0.35 0.35 1.2 1
0 -0.741311097380088 3.0297003494847896 0.35 0.35 1.2 1
0 -3.141592653589793 0.0833283377021099 0.35 0.35 1.2 1
0 0.5182893915414742 0.9174515436303065 0.35 0.35 1.2 1
0 -3.141592653589793 2.5130586860032094 0.35 0.35 1.2 1
0 -1.560471413877286 0.2807906936223168 0.35 0.35 1.2 1
0 -0.4023195725483325 0.044160952105084084 0.35 0.35 1.2 1
0 -2.5475000191443193 1.639530628686225 0.35 0.35 1.2 1
