#! FIELDS time phi psi sigma_phi sigma_psi height biasf
                        #! SET multivariate false
                        #! SET kerneltype stretched-gaussian
                        #! SET min_phi -pi
                        #! SET max_phi pi
                        #! SET min_psi -pi
                        #! SET max_psi pi
0 -3.141592653589793 -3.141592653589793 1.3 1.3 12.658671675804959 1
0 -3.141592653589793 -2.5132741228718345 1.3 1.3 19.67142027648695 1
0 -3.141592653589793 -1.8849555921538759 1.3 1.3 22.253951016148164 1
0 -3.141592653589793 -1.2566370614359172 1.3 1.3 7.675595335885472 1
0 -3.141592653589793 -0.6283185307179586 1.3 1.3 13.43132746536364 1
0 -3.141592653589793 0.0 1.3 1.3 23.96166906637772 1
0 -3.141592653589793 0.6283185307179586 1.3 1.3 4.324107043957971 1
0 -3.141592653589793 1.2566370614359172 1.3 1.3 0.0 1
0 -3.141592653589793 1.8849555921538759 1.3 1.3 23.582783354012996 1
0 -3.141592653589793 2.5132741228718345 1.3 1.3 14.486528089612024 1
0 -2.5132741228718345 -3.141592653589793 1.3 1.3 16.629307190764294 1
0 -2.5132741228718345 -2.5132741228718345 1.3 1.3 4.089729191565392 1
0 -2.5132741228718345 -1.8849555921538759 1.3 1.3 22.102824943542092 1
0 -2.5132741228718345 -1.2566370614359172 1.3 1.3 29.31208322726573 1
0 -2.5132741228718345 -0.6283185307179586 1.3 1.3 0.0 1
0 -2.5132741228718345 0.0 1.3 1.3 11.738694664049033 1
0 -2.5132741228718345 0.6283185307179586 1.3 1.3 22.34497147317247 1
0 -2.5132741228718345 1.2566370614359172 1.3 1.3 15.559446662617368 1
0 -2.5132741228718345 1.8849555921538759 1.3 1.3 25.091158442570915 1
0 -2.5132741228718345 2.5132741228718345 1.3 1.3 14.510766996921236 1
0 -1.8849555921538759 -3.141592653589793 1.3 1.3 22.36200933895006 1
0 -1.8849555921538759 -2.5132741228718345 1.3 1.3 3.5714669852699314 1
0 -1.8849555921538759 -1.8849555921538759 1.3 1.3 15.407330407619632 1
0 -1.8849555921538759 -1.2566370614359172 1.3 1.3 5.954922073956861 1
0 -1.8849555921538759 -0.6283185307179586 1.3 1.3 9.679875765164178 1
0 -1.8849555921538759 0.0 1.3 1.3 32.459172182582094 1
0 -1.8849555921538759 0.6283185307179586 1.3 1.3 6.653448677096738 1
0 -1.8849555921538759 1.2566370614359172 1.3 1.3 8.535451678233477 1
0 -1.8849555921538759 1.8849555921538759 1.3 1.3 15.002294088200216 1
0 -1.8849555921538759 2.5132741228718345 1.3 1.3 4.526166641343047 1
0 -1.2566370614359172 -3.141592653589793 1.3 1.3 12.4881521849288 1
0 -1.2566370614359172 -2.5132741228718345 1.3 1.3 18.02108457680089 1
0 -1.2566370614359172 -1.8849555921538759 1.3 1.3 40.0 1
0 -1.2566370614359172 -1.2566370614359172 1.3 1.3 8.617899945944016 1
0 -1.2566370614359172 -0.6283185307179586 1.3 1.3 15.116279637813186 1
0 -1.2566370614359172 0.0 1.3 1.3 17.219180852812666 1
0 -1.2566370614359172 0.6283185307179586 1.3 1.3 27.31913708174029 1
0 -1.2566370614359172 1.2566370614359172 1.3 1.3 30.370305406497863 1
0 -1.2566370614359172 1.8849555921538759 1.3 1.3 19.599812182676708 1
0 -1.2566370614359172 2.5132741228718345 1.3 1.3 18.58561086763584 1
0 -0.6283185307179586 -3.141592653589793 1.3 1.3 0.0 1
0 -0.6283185307179586 -2.5132741228718345 1.3 1.3 24.5725951147689 1
0 -0.6283185307179586 -1.8849555921538759 1.3 1.3 38.63442156409335 1
0 -0.6283185307179586 -1.2566370614359172 1.3 1.3 12.005389773751883 1
0 -0.6283185307179586 -0.6283185307179586 1.3 1.3 16.71196219211357 1
0 -0.6283185307179586 0.0 1.3 1.3 10.34573350341068 1
0 -0.6283185307179586 0.6283185307179586 1.3 1.3 27.072084314036967 1
0 -0.6283185307179586 1.2566370614359172 1.3 1.3 15.952793160604084 1
0 -0.6283185307179586 1.8849555921538759 1.3 1.3 14.110794294366833 1
0 -0.6283185307179586 2.5132741228718345 1.3 1.3 9.815375533267801 1
0 0.0 -3.141592653589793 1.3 1.3 20.919973156488645 1
0 0.0 -2.5132741228718345 1.3 1.3 10.793533209286421 1
0 0.0 -1.8849555921538759 1.3 1.3 15.342064706918194 1
0 0.0 -1.2566370614359172 1.3 1.3 21.35791514688317 1
0 0.0 -0.6283185307179586 1.3 1.3 22.039844447015817 1
0 0.0 0.0 1.3 1.3 21.004724509317327 1
0 0.0 0.6283185307179586 1.3 1.3 20.546677171129517 1
0 0.0 1.2566370614359172 1.3 1.3 9.635323254934852 1
0 0.0 1.8849555921538759 1.3 1.3 15.346402566854637 1
0 0.0 2.5132741228718345 1.3 1.3 9.690963056654638 1
0 0.6283185307179586 -3.141592653589793 1.3 1.3 25.797763592613528 1
0 0.6283185307179586 -2.5132741228718345 1.3 1.3 6.277586033045029 1
0 0.6283185307179586 -1.8849555921538759 1.3 1.3 22.928552849398674 1
0 0.6283185307179586 -1.2566370614359172 1.3 1.3 8.933751826387173 1
0 0.6283185307179586 -0.6283185307179586 1.3 1.3 14.546366638062157 1
0 0.6283185307179586 0.0 1.3 1.3 19.023905591163086 1
0 0.6283185307179586 0.6283185307179586 1.3 1.3 2.144646493886241 1
0 0.6283185307179586 1.2566370614359172 1.3 1.3 2.823790333967207 1
0 0.6283185307179586 1.8849555921538759 1.3 1.3 6.3690701366186095 1
0 0.6283185307179586 2.5132741228718345 1.3 1.3 10.317275995679417 1
0 1.2566370614359172 -3.141592653589793 1.3 1.3 3.0442539469840666 1
0 1.2566370614359172 -2.5132741228718345 1.3 1.3 12.71293361853779 1
0 1.2566370614359172 -1.8849555921538759 1.3 1.3 15.495273477525613 1
0 1.2566370614359172 -1.2566370614359172 1.3 1.3 22.295431181637404 1
0 1.2566370614359172 -0.6283185307179586 1.3 1.3 6.490695839965879 1
0 1.2566370614359172 0.0 1.3 1.3 2.1139125202397033 1
0 1.2566370614359172 0.6283185307179586 1.3 1.3 19.06003456773063 1
0 1.2566370614359172 1.2566370614359172 1.3 1.3 1.1709088366568912 1
0 1.2566370614359172 1.8849555921538759 1.3 1.3 0.0 1
0 1.2566370614359172 2.5132741228718345 1.3 1.3 6.331704890841959 1
0 1.8849555921538759 -3.141592653589793 1.3 1.3 11.370234074102601 1
0 1.8849555921538759 -2.5132741228718345 1.3 1.3 0.0 1
0 1.8849555921538759 -1.8849555921538759 1.3 1.3 28.259308589097394 1
0 1.8849555921538759 -1.2566370614359172 1.3 1.3 32.812753273009626 1
0 1.8849555921538759 -0.6283185307179586 1.3 1.3 14.937644019058409 1
0 1.8849555921538759 0.0 1.3 1.3 10.067624056507658 1
0 1.8849555921538759 0.6283185307179586 1.3 1.3 13.147156293204501 1
0 1.8849555921538759 1.2566370614359172 1.3 1.3 4.190909393606772 1
0 1.8849555921538759 1.8849555921538759 1.3 1.3 9.90042686739864 1
0 1.8849555921538759 2.5132741228718345 1.3 1.3 15.148034349952335 1
0 2.5132741228718345 -3.141592653589793 1.3 1.3 0.0 1
0 2.5132741228718345 -2.5132741228718345 1.3 1.3 9.39566494571363 1
0 2.5132741228718345 -1.8849555921538759 1.3 1.3 18.934583412233135 1
0 2.5132741228718345 -1.2566370614359172 1.3 1.3 20.10298083822812 1
0 2.5132741228718345 -0.6283185307179586 1.3 1.3 0.0 1
0 2.5132741228718345 0.0 1.3 1.3 2.981018839814414 1
0 2.5132741228718345 0.6283185307179586 1.3 1.3 0.0 1
0 2.5132741228718345 1.2566370614359172 1.3 1.3 2.5532693752923987 1
0 2.5132741228718345 1.8849555921538759 1.3 1.3 3.6294448652887765 1
0 2.5132741228718345 2.5132741228718345 1.3 1.3 2.4521582904119223 1
