#! FIELDS time phi psi sigma_phi sigma_psi height biasf
                        #! SET multivariate false
                        #! SET kerneltype stretched-gaussian
                        #! SET min_phi -pi
                        #! SET max_phi pi
                        #! SET min_psi -pi
                        #! SET max_psi pi
0 -3.141592653589793 -3.141592653589793 1.3 1.3 10.573040005863756 1
0 -3.141592653589793 -2.5132741228718345 1.3 1.3 15.904201599629822 1
0 -3.141592653589793 -1.8849555921538759 1.3 1.3 5.456287988121064 1
0 -3.141592653589793 -1.2566370614359172 1.3 1.3 3.348008434447813 1
0 -3.141592653589793 -0.6283185307179586 1.3 1.3 9.050907001171273 1
0 -3.141592653589793 0.0 1.3 1.3 4.935287137404581 1
0 -3.141592653589793 0.6283185307179586 1.3 1.3 8.79089193434257 1
0 -3.141592653589793 1.2566370614359172 1.3 1.3 9.83719053444876 1
0 -3.141592653589793 1.8849555921538759 1.3 1.3 16.9858893435391 1
0 -3.141592653589793 2.5132741228718345 1.3 1.3 13.849886433396376 1
0 -2.5132741228718345 -3.141592653589793 1.3 1.3 31.55053542651173 1
0 -2.5132741228718345 -2.5132741228718345 1.3 1.3 2.4020191972674576 1
0 -2.5132741228718345 -1.8849555921538759 1.3 1.3 21.091629248039695 1
0 -2.5132741228718345 -1.2566370614359172 1.3 1.3 23.798930712603934 1
0 -2.5132741228718345 -0.6283185307179586 1.3 1.3 21.963471618617735 1
0 -2.5132741228718345 0.0 1.3 1.3 16.895199128549628 1
0 -2.5132741228718345 0.6283185307179586 1.3 1.3 13.625450910553534 1
0 -2.5132741228718345 1.2566370614359172 1.3 1.3 20.538648315965997 1
0 -2.5132741228718345 1.8849555921538759 1.3 1.3 23.972951257233603 1
0 -2.5132741228718345 2.5132741228718345 1.3 1.3 18.23898757729264 1
0 -1.8849555921538759 -3.141592653589793 1.3 1.3 25.362060767858964 1
0 -1.8849555921538759 -2.5132741228718345 1.3 1.3 19.359366467472526 1
0 -1.8849555921538759 -1.8849555921538759 1.3 1.3 37.15699349588261 1
0 -1.8849555921538759 -1.2566370614359172 1.3 1.3 23.604376201088705 1
0 -1.8849555921538759 -0.6283185307179586 1.3 1.3 15.431863799296103 1
0 -1.8849555921538759 0.0 1.3 1.3 24.30096837728904 1
0 -1.8849555921538759 0.6283185307179586 1.3 1.3 10.150303533258175 1
0 -1.8849555921538759 1.2566370614359172 1.3 1.3 11.105963699324338 1
0 -1.8849555921538759 1.8849555921538759 1.3 1.3 36.983061281561305 1
0 -1.8849555921538759 2.5132741228718345 1.3 1.3 17.41348610191085 1
0 -1.2566370614359172 -3.141592653589793 1.3 1.3 16.499441901755276 1
0 -1.2566370614359172 -2.5132741228718345 1.3 1.3 18.765796751522796 1
0 -1.2566370614359172 -1.8849555921538759 1.3 1.3 26.971827169947687 1
0 -1.2566370614359172 -1.2566370614359172 1.3 1.3 23.3076821784915 1
0 -1.2566370614359172 -0.6283185307179586 1.3 1.3 12.756694183098933 1
0 -1.2566370614359172 0.0 1.3 1.3 13.440681866481572 1
0 -1.2566370614359172 0.6283185307179586 1.3 1.3 36.45307865059587 1
0 -1.2566370614359172 1.2566370614359172 1.3 1.3 31.398072393485606 1
0 -1.2566370614359172 1.8849555921538759 1.3 1.3 30.11668115522792 1
0 -1.2566370614359172 2.5132741228718345 1.3 1.3 9.389967251053108 1
0 -0.6283185307179586 -3.141592653589793 1.3 1.3 33.332889265822274 1
0 -0.6283185307179586 -2.5132741228718345 1.3 1.3 29.26874941106033 1
0 -0.6283185307179586 -1.8849555921538759 1.3 1.3 16.949312056325304 1
0 -0.6283185307179586 -1.2566370614359172 1.3 1.3 19.999638074674987 1
0 -0.6283185307179586 -0.6283185307179586 1.3 1.3 17.444172835266887 1
0 -0.6283185307179586 0.0 1.3 1.3 27.90385213855586 1
0 -0.6283185307179586 0.6283185307179586 1.3 1.3 12.834999379327188 1
0 -0.6283185307179586 1.2566370614359172 1.3 1.3 18.384647473830945 1
0 -0.6283185307179586 1.8849555921538759 1.3 1.3 27.758755149725687 1
0 -0.6283185307179586 2.5132741228718345 1.3 1.3 16.51146399843232 1
0 0.0 -3.141592653589793 1.3 1.3 25.686133724945 1
0 0.0 -2.5132741228718345 1.3 1.3 16.649158025781073 1
0 0.0 -1.8849555921538759 1.3 1.3 22.906160783712338 1
0 0.0 -1.2566370614359172 1.3 1.3 8.85331551180143 1
0 0.0 -0.6283185307179586 1.3 1.3 12.280880356233466 1
0 0.0 0.0 1.3 1.3 18.294141269441845 1
0 0.0 0.6283185307179586 1.3 1.3 9.840928677726104 1
0 0.0 1.2566370614359172 1.3 1.3 35.163082174333475 1
0 0.0 1.8849555921538759 1.3 1.3 19.07486121763186 1
0 0.0 2.5132741228718345 1.3 1.3 18.777161140063374 1
0 0.6283185307179586 -3.141592653589793 1.3 1.3 10.077815724035467 1
0 0.6283185307179586 -2.5132741228718345 1.3 1.3 23.43511133789157 1
0 0.6283185307179586 -1.8849555921538759 1.3 1.3 15.966802688785332 1
0 0.6283185307179586 -1.2566370614359172 1.3 1.3 17.086470931164552 1
0 0.6283185307179586 -0.6283185307179586 1.3 1.3 21.359892007531325 1
0 0.6283185307179586 0.0 1.3 1.3 9.120158629197201 1
0 0.6283185307179586 0.6283185307179586 1.3 1.3 23.713542369224704 1
0 0.6283185307179586 1.2566370614359172 1.3 1.3 18.831360528285522 1
0 0.6283185307179586 1.8849555921538759 1.3 1.3 20.704555983394144 1
0 0.6283185307179586 2.5132741228718345 1.3 1.3 16.683010069770184 1
0 1.2566370614359172 -3.141592653589793 1.3 1.3 9.969393069212126 1
0 1.2566370614359172 -2.5132741228718345 1.3 1.3 12.07388466489557 1
0 1.2566370614359172 -1.8849555921538759 1.3 1.3 28.78750794473096 1
0 1.2566370614359172 -1.2566370614359172 1.3 1.3 29.33189161300968 1
0 1.2566370614359172 -0.6283185307179586 1.3 1.3 19.203840259252914 1
0 1.2566370614359172 0.0 1.3 1.3 7.125469016257199 1
0 1.2566370614359172 0.6283185307179586 1.3 1.3 26.708515592734255 1
0 1.2566370614359172 1.2566370614359172 1.3 1.3 19.966281691569236 1
0 1.2566370614359172 1.8849555921538759 1.3 1.3 10.86513412222525 1
0 1.2566370614359172 2.5132741228718345 1.3 1.3 32.7005538697346 1
0 1.8849555921538759 -3.141592653589793 1.3 1.3 11.75162087457623 1
0 1.8849555921538759 -2.5132741228718345 1.3 1.3 27.766784594927024 1
0 1.8849555921538759 -1.8849555921538759 1.3 1.3 16.932621310223915 1
0 1.8849555921538759 -1.2566370614359172 1.3 1.3 20.072130439136906 1
0 1.8849555921538759 -0.6283185307179586 1.3 1.3 15.193534367990434 1
0 1.8849555921538759 0.0 1.3 1.3 4.746227687029657 1
0 1.8849555921538759 0.6283185307179586 1.3 1.3 14.733754160405997 1
0 1.8849555921538759 1.2566370614359172 1.3 1.3 3.050257477418734 1
0 1.8849555921538759 1.8849555921538759 1.3 1.3 12.549050963535837 1
0 1.8849555921538759 2.5132741228718345 1.3 1.3 11.130894136222546 1
0 2.5132741228718345 -3.141592653589793 1.3 1.3 12.11336127553449 1
0 2.5132741228718345 -2.5132741228718345 1.3 1.3 14.956371013726432 1
0 2.5132741228718345 -1.8849555921538759 1.3 1.3 26.825394894219215 1
0 2.5132741228718345 -1.2566370614359172 1.3 1.3 8.576522101335492 1
0 2.5132741228718345 -0.6283185307179586 1.3 1.3 8.611172216800439 1
0 2.5132741228718345 0.0 1.3 1.3 3.0166855646607633 1
0 2.5132741228718345 0.6283185307179586 1.3 1.3 13.055255361874643 1
0 2.5132741228718345 1.2566370614359172 1.3 1.3 0.15213911681161996 1
0 2.5132741228718345 1.8849555921538759 1.3 1.3 21.375379070035468 1
0 2.5132741228718345 2.5132741228718345 1.3 1.3 7.616384872310963 1
