#! FIELDS time phi psi sigma_phi sigma_psi height biasf
                        #! SET multivariate false
                        #! SET kerneltype stretched-gaussian
                        #! SET min_phi -pi
                        #! SET max_phi pi
                        #! SET min_psi -pi
                        #! SET max_psi pi
0 -3.141592653589793 -3.141592653589793 1.3 1.3 8.373661789634708 1
0 -3.141592653589793 -2.5132741228718345 1.3 1.3 12.554968209406864 1
0 -3.141592653589793 -1.8849555921538759 1.3 1.3 29.25805036120213 1
0 -3.141592653589793 -1.2566370614359172 1.3 1.3 9.438455740094202 1
0 -3.141592653589793 -0.6283185307179586 1.3 1.3 17.556479253120518 1
0 -3.141592653589793 0.0 1.3 1.3 7.811776651848982 1
0 -3.141592653589793 0.6283185307179586 1.3 1.3 2.838631503649693 1
0 -3.141592653589793 1.2566370614359172 1.3 1.3 1.5812586576852823 1
0 -3.141592653589793 1.8849555921538759 1.3 1.3 9.28278011880219 1
0 -3.141592653589793 2.5132741228718345 1.3 1.3 19.33195370898582 1
0 -2.5132741228718345 -3.141592653589793 1.3 1.3 15.114415471014981 1
0 -2.5132741228718345 -2.5132741228718345 1.3 1.3 10.129048429746513 1
0 -2.5132741228718345 -1.8849555921538759 1.3 1.3 30.0376316453621 1
0 -2.5132741228718345 -1.2566370614359172 1.3 1.3 24.136203140907917 1
0 -2.5132741228718345 -0.6283185307179586 1.3 1.3 30.20153927749474 1
0 -2.5132741228718345 0.0 1.3 1.3 10.624516364232687 1
0 -2.5132741228718345 0.6283185307179586 1.3 1.3 10.940819582563428 1
0 -2.5132741228718345 1.2566370614359172 1.3 1.3 16.95986392766671 1
0 -2.5132741228718345 1.8849555921538759 1.3 1.3 28.01566874783863 1
0 -2.5132741228718345 2.5132741228718345 1.3 1.3 18.304439627304713 1
0 -1.8849555921538759 -3.141592653589793 1.3 1.3 21.56127236722004 1
0 -1.8849555921538759 -2.5132741228718345 1.3 1.3 16.06716280183277 1
0 -1.8849555921538759 -1.8849555921538759 1.3 1.3 26.574720429130842 1
0 -1.8849555921538759 -1.2566370614359172 1.3 1.3 24.437368770687158 1
0 -1.8849555921538759 -0.6283185307179586 1.3 1.3 9.437816493176554 1
0 -1.8849555921538759 0.0 1.3 1.3 31.0311071753869 1
0 -1.8849555921538759 0.6283185307179586 1.3 1.3 3.7166262396643415 1
0 -1.8849555921538759 1.2566370614359172 1.3 1.3 6.193037587117353 1
0 -1.8849555921538759 1.8849555921538759 1.3 1.3 29.361648982528834 1
0 -1.8849555921538759 2.5132741228718345 1.3 1.3 9.8097785859057 1
0 -1.2566370614359172 -3.141592653589793 1.3 1.3 22.944536675590907 1
0 -1.2566370614359172 -2.5132741228718345 1.3 1.3 17.612024851571242 1
0 -1.2566370614359172 -1.8849555921538759 1.3 1.3 19.318513738633037 1
0 -1.2566370614359172 -1.2566370614359172 1.3 1.3 18.905295776710126 1
0 -1.2566370614359172 -0.6283185307179586 1.3 1.3 30.268868707343632 1
0 -1.2566370614359172 0.0 1.3 1.3 20.208641470137035 1
0 -1.2566370614359172 0.6283185307179586 1.3 1.3 27.258740283670203 1
0 -1.2566370614359172 1.2566370614359172 1.3 1.3 29.272067550419393 1
0 -1.2566370614359172 1.8849555921538759 1.3 1.3 33.43934628414044 1
0 -1.2566370614359172 2.5132741228718345 1.3 1.3 13.409187146596725 1
0 -0.6283185307179586 -3.141592653589793 1.3 1.3 20.93634617138547 1
0 -0.6283185307179586 -2.5132741228718345 1.3 1.3 28.504779858074098 1
0 -0.6283185307179586 -1.8849555921538759 1.3 1.3 28.038214153120176 1
0 -0.6283185307179586 -1.2566370614359172 1.3 1.3 17.414151181117177 1
0 -0.6283185307179586 -0.6283185307179586 1.3 1.3 13.16981447293784 1
0 -0.6283185307179586 0.0 1.3 1.3 27.55847559242607 1
0 -0.6283185307179586 0.6283185307179586 1.3 1.3 27.8671308851481 1
0 -0.6283185307179586 1.2566370614359172 1.3 1.3 14.511978212955276 1
0 -0.6283185307179586 1.8849555921538759 1.3 1.3 32.032582890001315 1
0 -0.6283185307179586 2.5132741228718345 1.3 1.3 35.18506784096805 1
0 0.0 -3.141592653589793 1.3 1.3 28.77502361767236 1
0 0.0 -2.5132741228718345 1.3 1.3 27.150006078995453 1
0 0.0 -1.8849555921538759 1.3 1.3 11.477833854564738 1
0 0.0 -1.2566370614359172 1.3 1.3 12.393106434788853 1
0 0.0 -0.6283185307179586 1.3 1.3 8.083226903267207 1
0 0.0 0.0 1.3 1.3 23.252827189907638 1
0 0.0 0.6283185307179586 1.3 1.3 6.738611505217289 1
0 0.0 1.2566370614359172 1.3 1.3 26.728253236292865 1
0 0.0 1.8849555921538759 1.3 1.3 31.885108556777602 1
0 0.0 2.5132741228718345 1.3 1.3 13.800531885454554 1
0 0.6283185307179586 -3.141592653589793 1.3 1.3 9.034026073311471 1
0 0.6283185307179586 -2.5132741228718345 1.3 1.3 18.045813338030857 1
0 0.6283185307179586 -1.8849555921538759 1.3 1.3 12.928501016456725 1
0 0.6283185307179586 -1.2566370614359172 1.3 1.3 6.171765541581229 1
0 0.6283185307179586 -0.6283185307179586 1.3 1.3 13.901948234994641 1
0 0.6283185307179586 0.0 1.3 1.3 7.651460318087743 1
0 0.6283185307179586 0.6283185307179586 1.3 1.3 16.874300733926322 1
0 0.6283185307179586 1.2566370614359172 1.3 1.3 32.545598058986286 1
0 0.6283185307179586 1.8849555921538759 1.3 1.3 18.827705082379325 1
0 0.6283185307179586 2.5132741228718345 1.3 1.3 9.197104262246409 1
0 1.2566370614359172 -3.141592653589793 1.3 1.3 6.389246767116015 1
0 1.2566370614359172 -2.5132741228718345 1.3 1.3 14.830900955648449 1
0 1.2566370614359172 -1.8849555921538759 1.3 1.3 35.33389931878761 1
0 1.2566370614359172 -1.2566370614359172 1.3 1.3 20.394055068697668 1
0 1.2566370614359172 -0.6283185307179586 1.3 1.3 5.278417753896661 1
0 1.2566370614359172 0.0 1.3 1.3 13.98929763581066 1
0 1.2566370614359172 0.6283185307179586 1.3 1.3 17.558705116231067 1
0 1.2566370614359172 1.2566370614359172 1.3 1.3 17.20734913915397 1
0 1.2566370614359172 1.8849555921538759 1.3 1.3 17.119684301958163 1
0 1.2566370614359172 2.5132741228718345 1.3 1.3 30.148912765563708 1
0 1.8849555921538759 -3.141592653589793 1.3 1.3 14.888102128267633 1
0 1.8849555921538759 -2.5132741228718345 1.3 1.3 20.820618426572075 1
0 1.8849555921538759 -1.8849555921538759 1.3 1.3 37.48735821073792 1
0 1.8849555921538759 -1.2566370614359172 1.3 1.3 28.101422827825523 1
0 1.8849555921538759 -0.6283185307179586 1.3 1.3 12.881264824063171 1
0 1.8849555921538759 0.0 1.3 1.3 13.600045944690114 1
0 1.8849555921538759 0.6283185307179586 1.3 1.3 11.636117198431737 1
0 1.8849555921538759 1.2566370614359172 1.3 1.3 17.52306560194908 1
0 1.8849555921538759 1.8849555921538759 1.3 1.3 6.6231991769353025 1
0 1.8849555921538759 2.5132741228718345 1.3 1.3 10.106644249576556 1
0 2.5132741228718345 -3.141592653589793 1.3 1.3 11.988390107400262 1
0 2.5132741228718345 -2.5132741228718345 1.3 1.3 15.166738114570588 1
0 2.5132741228718345 -1.8849555921538759 1.3 1.3 21.58211708657018 1
0 2.5132741228718345 -1.2566370614359172 1.3 1.3 16.716401559264828 1
0 2.5132741228718345 -0.6283185307179586 1.3 1.3 6.722509852445394 1
0 2.5132741228718345 0.0 1.3 1.3 5.868230239715103 1
0 2.5132741228718345 0.6283185307179586 1.3 1.3 6.051680910540227 1
0 2.5132741228718345 1.2566370614359172 1.3 1.3 13.193350052437575 1
0 2.5132741228718345 1.8849555921538759 1.3 1.3 15.941944037298905 1
0 2.5132741228718345 2.5132741228718345 1.3 1.3 10.900718713165016 1
