#! FIELDS time phi psi sigma_phi sigma_psi height biasf
                        #! SET multivariate false
                        #! SET kerneltype stretched-gaussian
                        #! SET min_phi -pi
                        #! SET max_phi pi
                        #! SET min_psi -pi
                        #! SET max_psi pi
0 -3.141592653589793 -3.141592653589793 1.3 1.3 5.332875931466513 1
0 -3.141592653589793 -2.5132741228718345 1.3 1.3 7.733598587205023 1
0 -3.141592653589793 -1.8849555921538759 1.3 1.3 23.320472414664298 1
0 -3.141592653589793 -1.2566370614359172 1.3 1.3 15.444066463422502 1
0 -3.141592653589793 -0.6283185307179586 1.3 1.3 13.225530463818725 1
0 -3.141592653589793 0.0 1.3 1.3 5.699406950046232 1
0 -3.141592653589793 0.6283185307179586 1.3 1.3 9.39044422666387 1
0 -3.141592653589793 1.2566370614359172 1.3 1.3 8.685909993987636 1
0 -3.141592653589793 1.8849555921538759 1.3 1.3 11.76027517336108 1
0 -3.141592653589793 2.5132741228718345 1.3 1.3 14.870516537339173 1
0 -2.5132741228718345 -3.141592653589793 1.3 1.3 12.693728062368324 1
0 -2.5132741228718345 -2.5132741228718345 1.3 1.3 7.985562416194577 1
0 -2.5132741228718345 -1.8849555921538759 1.3 1.3 26.338116167484824 1
0 -2.5132741228718345 -1.2566370614359172 1.3 1.3 17.233574843011464 1
0 -2.5132741228718345 -0.6283185307179586 1.3 1.3 21.848791829797793 1
0 -2.5132741228718345 0.0 1.3 1.3 13.783151749054726 1
0 -2.5132741228718345 0.6283185307179586 1.3 1.3 8.756202276965944 1
0 -2.5132741228718345 1.2566370614359172 1.3 1.3 18.30760870548924 1
0 -2.5132741228718345 1.8849555921538759 1.3 1.3 32.72767493465704 1
0 -2.5132741228718345 2.5132741228718345 1.3 1.3 16.58939642918271 1
0 -1.8849555921538759 -3.141592653589793 1.3 1.3 12.442716747062269 1
0 -1.8849555921538759 -2.5132741228718345 1.3 1.3 3.381904129785892 1
0 -1.8849555921538759 -1.8849555921538759 1.3 1.3 25.794137670909176 1
0 -1.8849555921538759 -1.2566370614359172 1.3 1.3 21.972794084687184 1
0 -1.8849555921538759 -0.6283185307179586 1.3 1.3 14.774379441693327 1
0 -1.8849555921538759 0.0 1.3 1.3 29.617968303211356 1
0 -1.8849555921538759 0.6283185307179586 1.3 1.3 10.701056713038806 1
0 -1.8849555921538759 1.2566370614359172 1.3 1.3 10.428725022232433 1
0 -1.8849555921538759 1.8849555921538759 1.3 1.3 22.87097763213618 1
0 -1.8849555921538759 2.5132741228718345 1.3 1.3 11.74039980581038 1
0 -1.2566370614359172 -3.141592653589793 1.3 1.3 13.464558989861965 1
0 -1.2566370614359172 -2.5132741228718345 1.3 1.3 17.897470188670056 1
0 -1.2566370614359172 -1.8849555921538759 1.3 1.3 10.449303449091722 1
0 -1.2566370614359172 -1.2566370614359172 1.3 1.3 14.219919999381267 1
0 -1.2566370614359172 -0.6283185307179586 1.3 1.3 29.906197319568122 1
0 -1.2566370614359172 0.0 1.3 1.3 22.424112090957752 1
0 -1.2566370614359172 0.6283185307179586 1.3 1.3 31.342775129851866 1
0 -1.2566370614359172 1.2566370614359172 1.3 1.3 32.13050452425807 1
0 -1.2566370614359172 1.8849555921538759 1.3 1.3 32.92132088776544 1
0 -1.2566370614359172 2.5132741228718345 1.3 1.3 20.57617548290695 1
0 -0.6283185307179586 -3.141592653589793 1.3 1.3 28.100873827285746 1
0 -0.6283185307179586 -2.5132741228718345 1.3 1.3 30.711497955757515 1
0 -0.6283185307179586 -1.8849555921538759 1.3 1.3 23.568729192136576 1
0 -0.6283185307179586 -1.2566370614359172 1.3 1.3 15.671839803831908 1
0 -0.6283185307179586 -0.6283185307179586 1.3 1.3 21.80099286837672 1
0 -0.6283185307179586 0.0 1.3 1.3 26.57694073205954 1
0 -0.6283185307179586 0.6283185307179586 1.3 1.3 26.921135767854306 1
0 -0.6283185307179586 1.2566370614359172 1.3 1.3 22.291749708309318 1
0 -0.6283185307179586 1.8849555921538759 1.3 1.3 35.57640871119349 1
0 -0.6283185307179586 2.5132741228718345 1.3 1.3 30.54673186388786 1
0 0.0 -3.141592653589793 1.3 1.3 19.79986481066113 1
0 0.0 -2.5132741228718345 1.3 1.3 28.395426244203584 1
0 0.0 -1.8849555921538759 1.3 1.3 15.762202273050672 1
0 0.0 -1.2566370614359172 1.3 1.3 11.098967767361636 1
0 0.0 -0.6283185307179586 1.3 1.3 5.754678932414244 1
0 0.0 0.0 1.3 1.3 18.71167171727947 1
0 0.0 0.6283185307179586 1.3 1.3 0.7223471733417686 1
0 0.0 1.2566370614359172 1.3 1.3 28.66353320238681 1
0 0.0 1.8849555921538759 1.3 1.3 31.148710143353696 1
0 0.0 2.5132741228718345 1.3 1.3 17.050108557727903 1
0 0.6283185307179586 -3.141592653589793 1.3 1.3 7.816997148221643 1
0 0.6283185307179586 -2.5132741228718345 1.3 1.3 13.178728119815856 1
0 0.6283185307179586 -1.8849555921538759 1.3 1.3 22.460630258576884 1
0 0.6283185307179586 -1.2566370614359172 1.3 1.3 13.541739545691172 1
0 0.6283185307179586 -0.6283185307179586 1.3 1.3 6.683247052457798 1
0 0.6283185307179586 0.0 1.3 1.3 3.611120202546899 1
0 0.6283185307179586 0.6283185307179586 1.3 1.3 17.35180086384765 1
0 0.6283185307179586 1.2566370614359172 1.3 1.3 27.482390641682812 1
0 0.6283185307179586 1.8849555921538759 1.3 1.3 15.058080101118936 1
0 0.6283185307179586 2.5132741228718345 1.3 1.3 12.452191973844766 1
0 1.2566370614359172 -3.141592653589793 1.3 1.3 3.065370352400943 1
0 1.2566370614359172 -2.5132741228718345 1.3 1.3 10.814249043750003 1
0 1.2566370614359172 -1.8849555921538759 1.3 1.3 35.66528883937913 1
0 1.2566370614359172 -1.2566370614359172 1.3 1.3 17.684416788235623 1
0 1.2566370614359172 -0.6283185307179586 1.3 1.3 6.969537605147455 1
0 1.2566370614359172 0.0 1.3 1.3 14.873592857160215 1
0 1.2566370614359172 0.6283185307179586 1.3 1.3 14.319497529843547 1
0 1.2566370614359172 1.2566370614359172 1.3 1.3 23.236104588713687 1
0 1.2566370614359172 1.8849555921538759 1.3 1.3 14.649552929238947 1
0 1.2566370614359172 2.5132741228718345 1.3 1.3 25.152961231764316 1
0 1.8849555921538759 -3.141592653589793 1.3 1.3 15.765170972010377 1
0 1.8849555921538759 -2.5132741228718345 1.3 1.3 21.232468764389974 1
0 1.8849555921538759 -1.8849555921538759 1.3 1.3 34.66948158119431 1
0 1.8849555921538759 -1.2566370614359172 1.3 1.3 23.474421859667984 1
0 1.8849555921538759 -0.6283185307179586 1.3 1.3 5.361439327524703 1
0 1.8849555921538759 0.0 1.3 1.3 13.425151509592917 1
0 1.8849555921538759 0.6283185307179586 1.3 1.3 9.105411515940007 1
0 1.8849555921538759 1.2566370614359172 1.3 1.3 16.59309786609641 1
0 1.8849555921538759 1.8849555921538759 1.3 1.3 3.2929979572223154 1
0 1.8849555921538759 2.5132741228718345 1.3 1.3 9.038304000364867 1
0 2.5132741228718345 -3.141592653589793 1.3 1.3 10.66946883487273 1
0 2.5132741228718345 -2.5132741228718345 1.3 1.3 18.981840243872316 1
0 2.5132741228718345 -1.8849555921538759 1.3 1.3 24.74311578884767 1
0 2.5132741228718345 -1.2566370614359172 1.3 1.3 17.645209491590755 1
0 2.5132741228718345 -0.6283185307179586 1.3 1.3 9.847485387333647 1
0 2.5132741228718345 0.0 1.3 1.3 8.549160211683171 1
0 2.5132741228718345 0.6283185307179586 1.3 1.3 4.958786970264154 1
0 2.5132741228718345 1.2566370614359172 1.3 1.3 16.287487539685316 1
0 2.5132741228718345 1.8849555921538759 1.3 1.3 21.99197762948505 1
0 2.5132741228718345 2.5132741228718345 1.3 1.3 10.862989194347694 1
