#! FIELDS time phi psi sigma_phi sigma_psi height biasf
                        #! SET multivariate false
                        #! SET kerneltype stretched-gaussian
                        #! SET min_phi -pi
                        #! SET max_phi pi
                        #! SET min_psi -pi
                        #! SET max_psi pi
0 -3.141592653589793 -3.141592653589793 1.3 1.3 2.615756015942771 1
0 -3.141592653589793 -2.5132741228718345 1.3 1.3 8.39278448125942 1
0 -3.141592653589793 -1.8849555921538759 1.3 1.3 24.86500264736488 1
0 -3.141592653589793 -1.2566370614359172 1.3 1.3 12.351880632244475 1
0 -3.141592653589793 -0.6283185307179586 1.3 1.3 14.898211385265451 1
0 -3.141592653589793 0.0 1.3 1.3 9.325011055075251 1
0 -3.141592653589793 0.6283185307179586 1.3 1.3 14.857056629555357 1
0 -3.141592653589793 1.2566370614359172 1.3 1.3 6.862194966197347 1
0 -3.141592653589793 1.8849555921538759 1.3 1.3 8.709598166537653 1
0 -3.141592653589793 2.5132741228718345 1.3 1.3 17.589863018104044 1
0 -2.5132741228718345 -3.141592653589793 1.3 1.3 14.417012434753028 1
0 -2.5132741228718345 -2.5132741228718345 1.3 1.3 11.624697035503562 1
0 -2.5132741228718345 -1.8849555921538759 1.3 1.3 17.153385746063073 1
0 -2.5132741228718345 -1.2566370614359172 1.3 1.3 18.363584659048627 1
0 -2.5132741228718345 -0.6283185307179586 1.3 1.3 29.966709188403467 1
0 -2.5132741228718345 0.0 1.3 1.3 18.031336559606608 1
0 -2.5132741228718345 0.6283185307179586 1.3 1.3 10.898458610122596 1
0 -2.5132741228718345 1.2566370614359172 1.3 1.3 20.382820976667436 1
0 -2.5132741228718345 1.8849555921538759 1.3 1.3 26.48323466873876 1
0 -2.5132741228718345 2.5132741228718345 1.3 1.3 16.320308461587484 1
0 -1.8849555921538759 -3.141592653589793 1.3 1.3 14.998302684947111 1
0 -1.8849555921538759 -2.5132741228718345 1.3 1.3 10.10932612433335 1
0 -1.8849555921538759 -1.8849555921538759 1.3 1.3 27.640122930109015 1
0 -1.8849555921538759 -1.2566370614359172 1.3 1.3 26.41904414161717 1
0 -1.8849555921538759 -0.6283185307179586 1.3 1.3 8.331677906290857 1
0 -1.8849555921538759 0.0 1.3 1.3 32.65069225756486 1
0 -1.8849555921538759 0.6283185307179586 1.3 1.3 9.840170944039173 1
0 -1.8849555921538759 1.2566370614359172 1.3 1.3 14.725964299558154 1
0 -1.8849555921538759 1.8849555921538759 1.3 1.3 33.12252249468302 1
0 -1.8849555921538759 2.5132741228718345 1.3 1.3 9.641677573219638 1
0 -1.2566370614359172 -3.141592653589793 1.3 1.3 23.061589873081623 1
0 -1.2566370614359172 -2.5132741228718345 1.3 1.3 20.232646329907887 1
0 -1.2566370614359172 -1.8849555921538759 1.3 1.3 16.792137665411857 1
0 -1.2566370614359172 -1.2566370614359172 1.3 1.3 19.07085070048928 1
0 -1.2566370614359172 -0.6283185307179586 1.3 1.3 33.5992571006711 1
0 -1.2566370614359172 0.0 1.3 1.3 22.953286305460747 1
0 -1.2566370614359172 0.6283185307179586 1.3 1.3 29.76625847264642 1
0 -1.2566370614359172 1.2566370614359172 1.3 1.3 30.924207150206257 1
0 -1.2566370614359172 1.8849555921538759 1.3 1.3 39.11450782375521 1
0 -1.2566370614359172 2.5132741228718345 1.3 1.3 21.998767944455903 1
0 -0.6283185307179586 -3.141592653589793 1.3 1.3 19.877160424214217 1
0 -0.6283185307179586 -2.5132741228718345 1.3 1.3 32.70497846833979 1
0 -0.6283185307179586 -1.8849555921538759 1.3 1.3 22.825311176088274 1
0 -0.6283185307179586 -1.2566370614359172 1.3 1.3 19.97712536525512 1
0 -0.6283185307179586 -0.6283185307179586 1.3 1.3 24.485094426607134 1
0 -0.6283185307179586 0.0 1.3 1.3 27.16561606343917 1
0 -0.6283185307179586 0.6283185307179586 1.3 1.3 24.81126750179387 1
0 -0.6283185307179586 1.2566370614359172 1.3 1.3 8.038352068505317 1
0 -0.6283185307179586 1.8849555921538759 1.3 1.3 31.5921794781452 1
0 -0.6283185307179586 2.5132741228718345 1.3 1.3 35.58803121821525 1
0 0.0 -3.141592653589793 1.3 1.3 25.168464643060418 1
0 0.0 -2.5132741228718345 1.3 1.3 32.960088301891126 1
0 0.0 -1.8849555921538759 1.3 1.3 2.9418238339504708 1
0 0.0 -1.2566370614359172 1.3 1.3 11.029342743824833 1
0 0.0 -0.6283185307179586 1.3 1.3 17.62899660448593 1
0 0.0 0.0 1.3 1.3 21.05269827572937 1
0 0.0 0.6283185307179586 1.3 1.3 2.1910099235380835 1
0 0.0 1.2566370614359172 1.3 1.3 21.970072369819043 1
0 0.0 1.8849555921538759 1.3 1.3 31.15518047865605 1
0 0.0 2.5132741228718345 1.3 1.3 15.537622003547847 1
0 0.6283185307179586 -3.141592653589793 1.3 1.3 4.897858680968698 1
0 0.6283185307179586 -2.5132741228718345 1.3 1.3 13.652563996232416 1
0 0.6283185307179586 -1.8849555921538759 1.3 1.3 17.126196038824258 1
0 0.6283185307179586 -1.2566370614359172 1.3 1.3 10.866932613114207 1
0 0.6283185307179586 -0.6283185307179586 1.3 1.3 12.808561511922179 1
0 0.6283185307179586 0.0 1.3 1.3 6.723167400352575 1
0 0.6283185307179586 0.6283185307179586 1.3 1.3 12.606175756415002 1
0 0.6283185307179586 1.2566370614359172 1.3 1.3 23.497218937528086 1
0 0.6283185307179586 1.8849555921538759 1.3 1.3 13.6520189665636 1
0 0.6283185307179586 2.5132741228718345 1.3 1.3 9.830907568582118 1
0 1.2566370614359172 -3.141592653589793 1.3 1.3 4.056305194765621 1
0 1.2566370614359172 -2.5132741228718345 1.3 1.3 13.68688826729783 1
0 1.2566370614359172 -1.8849555921538759 1.3 1.3 31.947012745998087 1
0 1.2566370614359172 -1.2566370614359172 1.3 1.3 11.58804568772957 1
0 1.2566370614359172 -0.6283185307179586 1.3 1.3 5.197275674765699 1
0 1.2566370614359172 0.0 1.3 1.3 18.65955678465358 1
0 1.2566370614359172 0.6283185307179586 1.3 1.3 17.63230725071311 1
0 1.2566370614359172 1.2566370614359172 1.3 1.3 18.467653002831064 1
0 1.2566370614359172 1.8849555921538759 1.3 1.3 18.26363322878682 1
0 1.2566370614359172 2.5132741228718345 1.3 1.3 29.662590874560646 1
0 1.8849555921538759 -3.141592653589793 1.3 1.3 17.710860318187386 1
0 1.8849555921538759 -2.5132741228718345 1.3 1.3 25.837897269195707 1
0 1.8849555921538759 -1.8849555921538759 1.3 1.3 38.622661275472744 1
0 1.8849555921538759 -1.2566370614359172 1.3 1.3 25.338363412354777 1
0 1.8849555921538759 -0.6283185307179586 1.3 1.3 10.428406221143145 1
0 1.8849555921538759 0.0 1.3 1.3 13.223155435353663 1
0 1.8849555921538759 0.6283185307179586 1.3 1.3 12.388678463727038 1
0 1.8849555921538759 1.2566370614359172 1.3 1.3 21.84357428289247 1
0 1.8849555921538759 1.8849555921538759 1.3 1.3 6.0276275018109 1
0 1.8849555921538759 2.5132741228718345 1.3 1.3 9.420248005950222 1
0 2.5132741228718345 -3.141592653589793 1.3 1.3 9.663719897037172 1
0 2.5132741228718345 -2.5132741228718345 1.3 1.3 22.758023361072816 1
0 2.5132741228718345 -1.8849555921538759 1.3 1.3 29.496180721421837 1
0 2.5132741228718345 -1.2566370614359172 1.3 1.3 18.622329282006877 1
0 2.5132741228718345 -0.6283185307179586 1.3 1.3 3.0522658766778106 1
0 2.5132741228718345 0.0 1.3 1.3 13.34191581037931 1
0 2.5132741228718345 0.6283185307179586 1.3 1.3 12.51395943118018 1
0 2.5132741228718345 1.2566370614359172 1.3 1.3 11.176849711793572 1
0 2.5132741228718345 1.8849555921538759 1.3 1.3 11.18428657702977 1
0 2.5132741228718345 2.5132741228718345 1.3 1.3 11.717192025826503 1
