#! FIELDS time phi psi sigma_phi sigma_psi height biasf
                        #! SET multivariate false
                        #! SET kerneltype stretched-gaussian
                        #! SET min_phi -pi
                        #! SET max_phi pi
                        #! SET min_psi -pi
                        #! SET max_psi pi
0 -3.141592653589793 -3.141592653589793 1.3 1.3 11.573099764235524 1
0 -3.141592653589793 -2.5132741228718345 1.3 1.3 2.5283434222831374 1
0 -3.141592653589793 -1.8849555921538759 1.3 1.3 20.442440719537338 1
0 -3.141592653589793 -1.2566370614359172 1.3 1.3 11.83982313937424 1
0 -3.141592653589793 -0.6283185307179586 1.3 1.3 11.198462963493224 1
0 -3.141592653589793 0.0 1.3 1.3 8.502328532795719 1
0 -3.141592653589793 0.6283185307179586 1.3 1.3 4.8461529864985975 1
0 -3.141592653589793 1.2566370614359172 1.3 1.3 7.677324305427472 1
0 -3.141592653589793 1.8849555921538759 1.3 1.3 14.793980271631153 1
0 -3.141592653589793 2.5132741228718345 1.3 1.3 20.35753845269804 1
0 -2.5132741228718345 -3.141592653589793 1.3 1.3 23.290708420135783 1
0 -2.5132741228718345 -2.5132741228718345 1.3 1.3 14.588161158743446 1
0 -2.5132741228718345 -1.8849555921538759 1.3 1.3 30.342625605560798 1
0 -2.5132741228718345 -1.2566370614359172 1.3 1.3 18.21480099381374 1
0 -2.5132741228718345 -0.6283185307179586 1.3 1.3 28.75010596150018 1
0 -2.5132741228718345 0.0 1.3 1.3 19.605531233447152 1
0 -2.5132741228718345 0.6283185307179586 1.3 1.3 3.0317478367292194 1
0 -2.5132741228718345 1.2566370614359172 1.3 1.3 21.71039498725421 1
0 -2.5132741228718345 1.8849555921538759 1.3 1.3 20.499360810101745 1
0 -2.5132741228718345 2.5132741228718345 1.3 1.3 11.544156848118277 1
0 -1.8849555921538759 -3.141592653589793 1.3 1.3 19.644205570168456 1
0 -1.8849555921538759 -2.5132741228718345 1.3 1.3 15.455432718146582 1
0 -1.8849555921538759 -1.8849555921538759 1.3 1.3 20.30604317163236 1
0 -1.8849555921538759 -1.2566370614359172 1.3 1.3 28.41651354637643 1
0 -1.8849555921538759 -0.6283185307179586 1.3 1.3 10.332210569724026 1
0 -1.8849555921538759 0.0 1.3 1.3 24.592852220198743 1
0 -1.8849555921538759 0.6283185307179586 1.3 1.3 14.215592986959116 1
0 -1.8849555921538759 1.2566370614359172 1.3 1.3 16.362701459247685 1
0 -1.8849555921538759 1.8849555921538759 1.3 1.3 23.513996209640723 1
0 -1.8849555921538759 2.5132741228718345 1.3 1.3 17.07561568643959 1
0 -1.2566370614359172 -3.141592653589793 1.3 1.3 22.717694207150807 1
0 -1.2566370614359172 -2.5132741228718345 1.3 1.3 21.101131934997976 1
0 -1.2566370614359172 -1.8849555921538759 1.3 1.3 17.534942982595325 1
0 -1.2566370614359172 -1.2566370614359172 1.3 1.3 20.039385826561574 1
0 -1.2566370614359172 -0.6283185307179586 1.3 1.3 28.346174864186345 1
0 -1.2566370614359172 0.0 1.3 1.3 22.02052762860643 1
0 -1.2566370614359172 0.6283185307179586 1.3 1.3 33.18740206782376 1
0 -1.2566370614359172 1.2566370614359172 1.3 1.3 29.518244070325427 1
0 -1.2566370614359172 1.8849555921538759 1.3 1.3 33.43148010919188 1
0 -1.2566370614359172 2.5132741228718345 1.3 1.3 20.493725395652405 1
0 -0.6283185307179586 -3.141592653589793 1.3 1.3 23.072415735575536 1
0 -0.6283185307179586 -2.5132741228718345 1.3 1.3 29.5553165558177 1
0 -0.6283185307179586 -1.8849555921538759 1.3 1.3 28.72409438597767 1
0 -0.6283185307179586 -1.2566370614359172 1.3 1.3 25.838205649853613 1
0 -0.6283185307179586 -0.6283185307179586 1.3 1.3 6.821193766886816 1
0 -0.6283185307179586 0.0 1.3 1.3 29.322306498306368 1
0 -0.6283185307179586 0.6283185307179586 1.3 1.3 25.95558150903205 1
0 -0.6283185307179586 1.2566370614359172 1.3 1.3 11.603400133693814 1
0 -0.6283185307179586 1.8849555921538759 1.3 1.3 30.830221479715284 1
0 -0.6283185307179586 2.5132741228718345 1.3 1.3 39.681874401149926 1
0 0.0 -3.141592653589793 1.3 1.3 27.378313569226883 1
0 0.0 -2.5132741228718345 1.3 1.3 35.06077463876573 1
0 0.0 -1.8849555921538759 1.3 1.3 8.000922992544819 1
0 0.0 -1.2566370614359172 1.3 1.3 12.899316836260052 1
0 0.0 -0.6283185307179586 1.3 1.3 11.312476204588384 1
0 0.0 0.0 1.3 1.3 20.093229380091557 1
0 0.0 0.6283185307179586 1.3 1.3 7.297281773040105 1
0 0.0 1.2566370614359172 1.3 1.3 18.241435671251995 1
0 0.0 1.8849555921538759 1.3 1.3 32.538522135461434 1
0 0.0 2.5132741228718345 1.3 1.3 17.786317771061178 1
0 0.6283185307179586 -3.141592653589793 1.3 1.3 10.129855805855083 1
0 0.6283185307179586 -2.5132741228718345 1.3 1.3 7.742852034786818 1
0 0.6283185307179586 -1.8849555921538759 1.3 1.3 25.30666121813938 1
0 0.6283185307179586 -1.2566370614359172 1.3 1.3 16.918576746339156 1
0 0.6283185307179586 -0.6283185307179586 1.3 1.3 9.588069558146026 1
0 0.6283185307179586 0.0 1.3 1.3 10.065471165494202 1
0 0.6283185307179586 0.6283185307179586 1.3 1.3 12.251048851532033 1
0 0.6283185307179586 1.2566370614359172 1.3 1.3 25.506946304827444 1
0 0.6283185307179586 1.8849555921538759 1.3 1.3 20.928902248409752 1
0 0.6283185307179586 2.5132741228718345 1.3 1.3 2.639333600968561 1
0 1.2566370614359172 -3.141592653589793 1.3 1.3 4.89508516754087 1
0 1.2566370614359172 -2.5132741228718345 1.3 1.3 7.6843978249467115 1
0 1.2566370614359172 -1.8849555921538759 1.3 1.3 35.82756944123337 1
0 1.2566370614359172 -1.2566370614359172 1.3 1.3 16.869183875974155 1
0 1.2566370614359172 -0.6283185307179586 1.3 1.3 7.991528130881324 1
0 1.2566370614359172 0.0 1.3 1.3 22.703537789357817 1
0 1.2566370614359172 0.6283185307179586 1.3 1.3 17.343545965123727 1
0 1.2566370614359172 1.2566370614359172 1.3 1.3 24.86807173102813 1
0 1.2566370614359172 1.8849555921538759 1.3 1.3 25.01323973415874 1
0 1.2566370614359172 2.5132741228718345 1.3 1.3 29.382372617148768 1
0 1.8849555921538759 -3.141592653589793 1.3 1.3 18.46673829934383 1
0 1.8849555921538759 -2.5132741228718345 1.3 1.3 25.730600726950318 1
0 1.8849555921538759 -1.8849555921538759 1.3 1.3 36.79997906942919 1
0 1.8849555921538759 -1.2566370614359172 1.3 1.3 28.066848890059216 1
0 1.8849555921538759 -0.6283185307179586 1.3 1.3 9.843601695513417 1
0 1.8849555921538759 0.0 1.3 1.3 17.49429247532233 1
0 1.8849555921538759 0.6283185307179586 1.3 1.3 11.938147321860228 1
0 1.8849555921538759 1.2566370614359172 1.3 1.3 15.23754834711285 1
0 1.8849555921538759 1.8849555921538759 1.3 1.3 5.429777599222508 1
0 1.8849555921538759 2.5132741228718345 1.3 1.3 16.604006383732163 1
0 2.5132741228718345 -3.141592653589793 1.3 1.3 11.687621315966346 1
0 2.5132741228718345 -2.5132741228718345 1.3 1.3 15.493920616392261 1
0 2.5132741228718345 -1.8849555921538759 1.3 1.3 23.01936091753991 1
0 2.5132741228718345 -1.2566370614359172 1.3 1.3 20.95796787731456 1
0 2.5132741228718345 -0.6283185307179586 1.3 1.3 11.90293964170877 1
0 2.5132741228718345 0.0 1.3 1.3 12.575387902443834 1
0 2.5132741228718345 0.6283185307179586 1.3 1.3 11.600346260188424 1
0 2.5132741228718345 1.2566370614359172 1.3 1.3 15.254376541985089 1
0 2.5132741228718345 1.8849555921538759 1.3 1.3 19.166835155662373 1
0 2.5132741228718345 2.5132741228718345 1.3 1.3 16.960058393605962 1
