#! FIELDS time phi psi sigma_phi sigma_psi height biasf
                        #! SET multivariate false
                        #! SET kerneltype stretched-gaussian
                        #! SET min_phi -pi
                        #! SET max_phi pi
                        #! SET min_psi -pi
                        #! SET max_psi pi
0 -3.141592653589793 -3.141592653589793 1.3 1.3 10.490994051125345 1
0 -3.141592653589793 -2.5132741228718345 1.3 1.3 1.8897793174580086 1
0 -3.141592653589793 -1.8849555921538759 1.3 1.3 24.624864004678937 1
0 -3.141592653589793 -1.2566370614359172 1.3 1.3 11.878301552196744 1
0 -3.141592653589793 -0.6283185307179586 1.3 1.3 5.172615388225984 1
0 -3.141592653589793 0.0 1.3 1.3 20.65517920497062 1
0 -3.141592653589793 0.6283185307179586 1.3 1.3 6.775743287571265 1
0 -3.141592653589793 1.2566370614359172 1.3 1.3 1.4270848578874775 1
0 -3.141592653589793 1.8849555921538759 1.3 1.3 18.07151054684212 1
0 -3.141592653589793 2.5132741228718345 1.3 1.3 22.768589356730295 1
0 -2.5132741228718345 -3.141592653589793 1.3 1.3 9.425413193891416 1
0 -2.5132741228718345 -2.5132741228718345 1.3 1.3 15.867523905230609 1
0 -2.5132741228718345 -1.8849555921538759 1.3 1.3 27.70891783383775 1
0 -2.5132741228718345 -1.2566370614359172 1.3 1.3 11.421116445278763 1
0 -2.5132741228718345 -0.6283185307179586 1.3 1.3 21.054318005328103 1
0 -2.5132741228718345 0.0 1.3 1.3 21.174428283384522 1
0 -2.5132741228718345 0.6283185307179586 1.3 1.3 16.385246235498144 1
0 -2.5132741228718345 1.2566370614359172 1.3 1.3 16.73322071866159 1
0 -2.5132741228718345 1.8849555921538759 1.3 1.3 27.885883654758324 1
0 -2.5132741228718345 2.5132741228718345 1.3 1.3 10.050943597102707 1
0 -1.8849555921538759 -3.141592653589793 1.3 1.3 24.93741605501517 1
0 -1.8849555921538759 -2.5132741228718345 1.3 1.3 9.962852374183301 1
0 -1.8849555921538759 -1.8849555921538759 1.3 1.3 16.418149232030032 1
0 -1.8849555921538759 -1.2566370614359172 1.3 1.3 25.040554806253812 1
0 -1.8849555921538759 -0.6283185307179586 1.3 1.3 5.961768141959425 1
0 -1.8849555921538759 0.0 1.3 1.3 25.15281642222041 1
0 -1.8849555921538759 0.6283185307179586 1.3 1.3 22.3489375235807 1
0 -1.8849555921538759 1.2566370614359172 1.3 1.3 14.57989448382074 1
0 -1.8849555921538759 1.8849555921538759 1.3 1.3 19.818968801479013 1
0 -1.8849555921538759 2.5132741228718345 1.3 1.3 16.146346448772064 1
0 -1.2566370614359172 -3.141592653589793 1.3 1.3 32.30521610666971 1
0 -1.2566370614359172 -2.5132741228718345 1.3 1.3 29.594941577493593 1
0 -1.2566370614359172 -1.8849555921538759 1.3 1.3 17.33004318392763 1
0 -1.2566370614359172 -1.2566370614359172 1.3 1.3 17.878841551838267 1
0 -1.2566370614359172 -0.6283185307179586 1.3 1.3 32.66139114410749 1
0 -1.2566370614359172 0.0 1.3 1.3 23.0718793926911 1
0 -1.2566370614359172 0.6283185307179586 1.3 1.3 26.649934454074756 1
0 -1.2566370614359172 1.2566370614359172 1.3 1.3 27.193966468197885 1
0 -1.2566370614359172 1.8849555921538759 1.3 1.3 29.923098761134153 1
0 -1.2566370614359172 2.5132741228718345 1.3 1.3 22.838759437223032 1
0 -0.6283185307179586 -3.141592653589793 1.3 1.3 18.579571607325303 1
0 -0.6283185307179586 -2.5132741228718345 1.3 1.3 32.6558006855403 1
0 -0.6283185307179586 -1.8849555921538759 1.3 1.3 25.431587320998794 1
0 -0.6283185307179586 -1.2566370614359172 1.3 1.3 20.820190610792093 1
0 -0.6283185307179586 -0.6283185307179586 1.3 1.3 15.24169916514658 1
0 -0.6283185307179586 0.0 1.3 1.3 27.446836336530872 1
0 -0.6283185307179586 0.6283185307179586 1.3 1.3 20.04577167489711 1
0 -0.6283185307179586 1.2566370614359172 1.3 1.3 16.511798895324556 1
0 -0.6283185307179586 1.8849555921538759 1.3 1.3 31.883275495071025 1
0 -0.6283185307179586 2.5132741228718345 1.3 1.3 38.52056135119323 1
0 0.0 -3.141592653589793 1.3 1.3 30.02397983130199 1
0 0.0 -2.5132741228718345 1.3 1.3 28.664123635084774 1
0 0.0 -1.8849555921538759 1.3 1.3 10.259499762834746 1
0 0.0 -1.2566370614359172 1.3 1.3 3.8107369612176987 1
0 0.0 -0.6283185307179586 1.3 1.3 6.748572171072855 1
0 0.0 0.0 1.3 1.3 14.425514869820331 1
0 0.0 0.6283185307179586 1.3 1.3 9.30261830759436 1
0 0.0 1.2566370614359172 1.3 1.3 17.232979345272636 1
0 0.0 1.8849555921538759 1.3 1.3 31.41998391354834 1
0 0.0 2.5132741228718345 1.3 1.3 6.7188190138217605 1
0 0.6283185307179586 -3.141592653589793 1.3 1.3 10.978390467218595 1
0 0.6283185307179586 -2.5132741228718345 1.3 1.3 15.332075993382514 1
0 0.6283185307179586 -1.8849555921538759 1.3 1.3 23.279271011753504 1
0 0.6283185307179586 -1.2566370614359172 1.3 1.3 15.737633120766814 1
0 0.6283185307179586 -0.6283185307179586 1.3 1.3 13.802890685507759 1
0 0.6283185307179586 0.0 1.3 1.3 14.252567255020216 1
0 0.6283185307179586 0.6283185307179586 1.3 1.3 4.680517088685596 1
0 0.6283185307179586 1.2566370614359172 1.3 1.3 28.389781761278318 1
0 0.6283185307179586 1.8849555921538759 1.3 1.3 18.730805338629345 1
0 0.6283185307179586 2.5132741228718345 1.3 1.3 6.899746079666844 1
0 1.2566370614359172 -3.141592653589793 1.3 1.3 9.511430604548067 1
0 1.2566370614359172 -2.5132741228718345 1.3 1.3 3.8637937310167203 1
0 1.2566370614359172 -1.8849555921538759 1.3 1.3 33.97198838434167 1
0 1.2566370614359172 -1.2566370614359172 1.3 1.3 8.67546593232187 1
0 1.2566370614359172 -0.6283185307179586 1.3 1.3 5.944704039847588 1
0 1.2566370614359172 0.0 1.3 1.3 23.48018606741737 1
0 1.2566370614359172 0.6283185307179586 1.3 1.3 20.218750722937735 1
0 1.2566370614359172 1.2566370614359172 1.3 1.3 20.404826184815207 1
0 1.2566370614359172 1.8849555921538759 1.3 1.3 10.505892820102291 1
0 1.2566370614359172 2.5132741228718345 1.3 1.3 26.327884662511185 1
0 1.8849555921538759 -3.141592653589793 1.3 1.3 20.809633579978936 1
0 1.8849555921538759 -2.5132741228718345 1.3 1.3 23.9257181626838 1
0 1.8849555921538759 -1.8849555921538759 1.3 1.3 30.802792173378176 1
0 1.8849555921538759 -1.2566370614359172 1.3 1.3 21.869679824267937 1
0 1.8849555921538759 -0.6283185307179586 1.3 1.3 5.191767487835914 1
0 1.8849555921538759 0.0 1.3 1.3 19.097938783942922 1
0 1.8849555921538759 0.6283185307179586 1.3 1.3 17.637079589701518 1
0 1.8849555921538759 1.2566370614359172 1.3 1.3 22.0602730224684 1
0 1.8849555921538759 1.8849555921538759 1.3 1.3 7.595608727491557 1
0 1.8849555921538759 2.5132741228718345 1.3 1.3 17.450314391118937 1
0 2.5132741228718345 -3.141592653589793 1.3 1.3 9.506216749791648 1
0 2.5132741228718345 -2.5132741228718345 1.3 1.3 18.574668911429235 1
0 2.5132741228718345 -1.8849555921538759 1.3 1.3 25.78489370271204 1
0 2.5132741228718345 -1.2566370614359172 1.3 1.3 15.266894650572585 1
0 2.5132741228718345 -0.6283185307179586 1.3 1.3 9.652830491900762 1
0 2.5132741228718345 0.0 1.3 1.3 15.603731400887336 1
0 2.5132741228718345 0.6283185307179586 1.3 1.3 12.242468958389571 1
0 2.5132741228718345 1.2566370614359172 1.3 1.3 9.476562665264803 1
0 2.5132741228718345 1.8849555921538759 1.3 1.3 21.054020506011547 1
0 2.5132741228718345 2.5132741228718345 1.3 1.3 17.949961278656755 1
