#! FIELDS time phi psi metad.bias
#! SET min_phi -pi
#! SET max_phi pi
#! SET min_psi -pi
#! SET max_psi pi
 0.000000 3.141580 -3.141577 7.731387
 0.020000 -2.609992 2.670172 6.335835
 0.040000 -2.597551 2.696513 6.459517
 0.060000 -2.621255 2.669550 6.335470
 0.080000 -2.585888 2.657422 6.275599
 0.100000 -2.562635 2.708246 6.503132
 0.120000 -2.550785 2.714830 6.529799
 0.140000 -2.547769 2.706491 6.494450
 0.160000 -2.514036 2.714017 6.529619
 0.180000 -2.593220 2.709970 6.521625
 0.200000 -2.613512 2.750485 6.735316
 0.220000 -2.664727 2.705431 6.553142
 0.240000 -2.681051 2.644336 6.223635
 0.260000 -2.604591 2.646344 6.220828
 0.280000 -2.538092 2.636414 6.213654
 0.300000 -2.536581 2.617984 6.143682
 0.320000 -2.442486 2.573717 6.188302
 0.340000 -2.478817 2.526393 5.951950
 0.360000 -2.482297 2.593386 6.147795
 0.380000 -2.432704 2.655077 6.431974
 0.400000 -2.508680 2.665923 6.353852
 0.420000 -2.511333 2.697551 6.468555
 0.440000 -2.564917 2.662070 6.301931
 0.460000 -2.621716 2.723827 6.609989
 0.480000 -2.660026 2.681261 6.416130
 0.500000 -2.614850 2.701400 6.491990
 0.520000 -2.687869 2.654635 6.285162
 0.540000 -2.583391 2.779262 6.838300
 0.560000 -2.707765 2.644953 6.241440
 0.580000 -2.727685 2.601641 6.000552
 0.600000 -2.748984 2.685179 6.521706
 0.620000 -2.852705 2.581489 5.932814
 0.640000 -2.735586 2.775050 7.064363
 0.660000 -2.769788 2.493162 5.409898
 0.680000 -2.713201 2.695274 6.544912
 0.700000 -2.724098 2.751443 6.900739
 0.720000 -2.634546 2.829996 7.164546
 0.740000 -2.636105 2.790689 6.970678
 0.760000 -2.535848 2.772216 6.764388
 0.780000 -2.514042 2.763362 6.719532
 0.800000 -2.502462 2.870005 7.111300
 0.820000 -2.532063 2.808136 6.907019
 0.840000 -2.601917 2.653309 6.254195
 0.860000 -2.520197 2.693967 6.450568
 0.880000 -2.610473 2.686484 6.415950
 0.900000 -2.637658 2.643483 6.206526
 0.920000 -2.727602 2.467200 5.296415
 0.940000 -2.691481 2.642070 6.215896
 0.960000 -2.662529 2.551565 5.738216
 0.980000 -2.601728 2.627734 6.134005
 1.000000 -2.681285 2.487352 5.421498
 1.020000 -2.637219 2.609956 6.036923
 1.040000 -2.588082 2.708407 6.511791
 1.060000 -2.688711 2.535274 5.644676
 1.080000 -2.562575 2.514678 5.707741
 1.100000 -2.586019 2.477439 5.520566
 1.120000 -2.513015 2.652447 6.300252
 1.140000 -2.542690 2.567631 5.942935
 1.160000 -2.522927 2.474826 5.668391
 1.180000 -2.580577 2.342021 5.109499
 1.200000 -2.457767 2.582235 6.171276
 1.220000 -2.555909 2.471878 5.569990
 1.240000 -2.578225 2.478230 5.540176
 1.260000 -2.560481 2.463620 5.530400
 1.280000 -2.593104 2.592284 5.978432
 1.300000 -2.408805 2.612552 6.380307
 1.320000 -2.588967 2.522156 5.688035
 1.340000 -2.494554 2.685168 6.435644
 1.360000 -2.411149 2.801391 6.881354
 1.380000 -2.367986 2.911479 7.252037
 1.400000 -2.498018 2.707383 6.512174
 1.420000 -2.395008 2.781091 6.842679
 1.440000 -2.674770 2.900467 7.594958
 1.460000 -2.728666 2.829200 7.370156
 1.480000 -2.739811 2.734387 6.819377
 1.500000 -3.008924 2.617013 6.122906
 1.520000 -2.935125 2.722736 6.901699
 1.540000 -2.978722 2.667720 6.488312
 1.560000 -3.014648 2.653913 6.351179
 1.580000 -2.922066 2.674373 6.564809
 1.600000 -2.722475 2.804250 7.213247
 1.620000 -2.669948 2.852173 7.354465
 1.640000 -2.443115 2.975932 7.389847
 1.660000 -2.513569 2.857481 7.077824
 1.680000 -2.405405 2.973147 7.387618
 1.700000 -2.388695 3.052554 7.577230
 1.720000 -2.332842 2.742057 6.874494
 1.740000 -2.323952 2.916031 7.347146
 1.760000 -2.291183 2.890014 7.363765
 1.780000 -2.274654 2.859844 7.334828
 1.800000 -2.296062 2.649183 6.818192
 1.820000 -2.358086 2.644196 6.597681
 1.840000 -2.441482 2.486476 5.966648
 1.860000 -2.521883 2.594017 6.075271
 1.880000 -2.796625 2.488271 5.386727
 1.900000 -2.738275 2.378557 4.932172
 1.920000 -2.758245 2.472450 5.309826
 1.940000 -2.842286 2.411502 5.039758
 1.960000 -2.764106 2.517725 5.537577
 1.980000 -2.722358 2.465510 5.291643
 2.000000 -2.641217 2.704924 6.529044
 2.020000 -2.544538 2.682811 6.396479
 2.040000 -2.519535 2.779757 6.785551
 2.060000 -2.722964 2.702683 6.600835
 2.080000 -2.682956 2.836722 7.306127
 2.100000 -2.763675 2.756583 6.997107
 2.120000 -2.837718 2.726036 6.891083
 2.140000 -2.709049 2.741506 6.817288
 2.160000 -2.761619 2.587929 5.933497
 2.180000 -2.662564 2.710260 6.577690
 2.200000 -2.706158 2.572096 5.832060
 2.220000 -2.538045 2.588299 6.028348
 2.240000 -2.559616 2.625926 6.151810
 2.260000 -2.456958 2.671099 6.435290
 2.280000 -2.492954 2.718087 6.553684
 2.300000 -2.463792 2.745988 6.667208
 2.320000 -2.463738 2.787603 6.806334
 2.340000 -2.454875 2.645366 6.361193
 2.360000 -2.263681 2.833370 7.304899
 2.380000 -2.407502 2.732295 6.689133
 2.400000 -2.189934 2.937834 7.941898
 2.420000 -2.199207 2.738510 7.367698
 2.440000 -2.213955 2.747180 7.316318
 2.460000 -2.237258 2.631207 7.031724
 2.480000 -2.254482 2.511306 6.807117
 2.500000 -2.560570 2.521009 5.735362
 2.520000 -2.527583 2.374828 5.365276
 2.540000 -2.818258 2.398156 4.982243
 2.560000 -2.884094 2.343433 4.816658
 2.580000 -2.796559 2.265854 4.613848
 2.600000 -2.770075 2.213682 4.555513
 2.620000 -2.689206 2.448795 5.245986
 2.640000 -2.565175 2.330288 5.128410
 2.660000 -2.412497 2.550798 6.222865
 2.680000 -2.427183 2.589944 6.273341
 2.700000 -2.296994 2.802081 7.115125
 2.720000 -2.394596 2.742980 6.739136
 2.740000 -2.326450 2.731550 6.869590
 2.760000 -2.412428 2.750630 6.732895
 2.780000 -2.446999 2.709177 6.565834
 2.800000 -2.462885 2.870059 7.083201
 2.820000 -2.524079 2.666034 6.340938
 2.840000 -2.514910 2.614895 6.161479
 2.860000 -2.571736 2.607491 6.063569
 2.880000 -2.718354 2.641856 6.230347
 2.900000 -2.815625 2.588152 5.958602
 2.920000 -2.882594 2.725666 6.919477
 2.940000 -2.962806 2.739553 7.003255
 2.960000 -2.733992 2.551719 5.721226
 2.980000 -2.809762 2.695065 6.651981
 3.000000 -2.724200 2.634626 6.191500
 3.020000 -2.566146 2.650523 6.251643
 3.040000 -2.602860 2.693941 6.449283
 3.060000 -2.437916 2.736843 6.660771
 3.080000 -2.347857 2.629330 6.601282
 3.100000 -2.493802 2.726446 6.583280
 3.120000 -2.542864 2.693621 6.441490
 3.140000 -2.525659 2.647063 6.267113
 3.160000 -2.714921 2.510769 5.511124
 3.180000 -2.632281 2.554780 5.775142
 3.200000 -2.665594 2.497523 5.482152
 3.220000 -2.689202 2.479619 5.379643
 3.240000 -2.683879 2.478299 5.378459
 3.260000 -2.749302 2.449256 5.205417
 3.280000 -2.734204 2.499754 5.449352
 3.300000 -2.802048 2.587081 5.945751
 3.320000 -2.753420 2.621936 6.133514
 3.340000 -2.693423 2.751068 6.849629
 3.360000 -2.596669 2.728310 6.611199
 3.380000 -2.678218 2.770022 6.932712
 3.400000 -2.491646 2.744475 6.649171
 3.420000 -2.557557 2.853435 7.122478
 3.440000 -2.471490 2.921049 7.251300
 3.460000 -2.325500 2.851536 7.163502
 3.480000 -2.384166 2.821781 6.972412
 3.500000 -2.315864 2.731153 6.900206
 3.520000 -2.383390 2.798132 6.907204
 3.540000 -2.328377 2.822999 7.080548
 3.560000 -2.507242 2.735814 6.613970
 3.580000 -2.281262 2.813167 7.192506
 3.600000 -2.468451 2.788849 6.809729
 3.620000 -2.429349 2.722538 6.629003
 3.640000 -2.532664 2.599255 6.077722
 3.660000 -2.596367 2.651594 6.246833
 3.680000 -2.591310 2.700568 6.476323
 3.700000 -2.548923 2.587397 6.008730
 3.720000 -2.617109 2.510433 5.596349
 3.740000 -2.582895 2.549058 5.806495
 3.760000 -2.636228 2.417218 5.201200
 3.780000 -2.771755 2.327937 4.754846
 3.800000 -2.636013 2.254534 4.777110
 3.820000 -2.683502 2.233637 4.655398
 3.840000 -2.607134 2.300455 4.935020
 3.860000 -2.595955 2.278100 4.921288
 3.880000 -2.639579 2.134318 4.683381
 3.900000 -2.637337 2.162161 4.689766
 3.920000 -2.610114 2.261995 4.853350
 3.940000 -2.591542 2.309341 4.998662
 3.960000 -2.480900 2.355967 5.498311
 3.980000 -2.492293 2.513831 5.876070
 4.000000 -2.481740 2.452118 5.734287
 4.020000 -2.409112 2.664548 6.507698
 4.040000 -2.579331 2.551464 5.821496
 4.060000 -2.447419 2.784299 6.801332
 4.080000 -2.443790 2.881332 7.114766
 4.100000 -2.422198 2.918616 7.229513
 4.120000 -2.571162 2.867541 7.203448
 4.140000 -2.557975 2.855139 7.130020
 4.160000 -2.856979 2.824038 7.571854
 4.180000 -2.796854 2.841070 7.585304
 4.200000 -2.950756 2.681734 6.606250
 4.220000 -2.921973 2.750484 7.101192
 4.240000 -2.893450 2.784234 7.333312
 4.260000 -2.836460 2.735762 6.956897
 4.280000 -2.731100 2.857812 7.534054
 4.300000 -2.622442 2.796886 6.978674
 4.320000 -2.491437 2.941315 7.332152
 4.340000 -2.441854 2.915250 7.219128
 4.360000 -2.423991 2.952569 7.325994
 4.380000 -2.480832 2.865834 7.078660
 4.400000 -2.470607 2.899249 7.182277
 4.420000 -2.418244 2.916905 7.225559
 4.440000 -2.382435 2.758354 6.801328
 4.460000 -2.357065 2.819941 7.011223
 4.480000 -2.413323 2.714851 6.631869
 4.500000 -2.323613 2.822955 7.092147
 4.520000 -2.462704 2.641420 6.334963
 4.540000 -2.476837 2.530351 5.969239
 4.560000 -2.640224 2.427432 5.230611
 4.580000 -2.740792 2.546377 5.692258
 4.600000 -2.918289 2.365324 4.902437
 4.620000 -2.948259 2.433390 5.166722
 4.640000 -2.884643 2.469006 5.310534
 4.660000 -2.831603 2.517651 5.549975
 4.680000 -2.634242 2.583003 5.906732
 4.700000 -2.584718 2.709881 6.517178
 4.720000 -2.444842 2.750960 6.697389
 4.740000 -2.373042 2.755567 6.811918
 4.760000 -2.384782 2.791772 6.887503
 4.780000 -2.376929 2.731529 6.743744
 4.800000 -2.387812 2.912460 7.231825
 4.820000 -2.429397 2.850417 7.018960
 4.840000 -2.428965 2.767702 6.763559
 4.860000 -2.430490 2.831561 6.959401
 4.880000 -2.578842 2.743186 6.667742
 4.900000 -2.407229 2.828478 6.965514
 4.920000 -2.587355 2.766963 6.785772
 4.940000 -2.495000 2.720464 6.561148
 4.960000 -2.543423 2.802052 6.893392
 4.980000 -2.683781 2.740450 6.773982
 5.000000 -2.695438 2.753372 6.866166
 5.020000 -2.696785 2.831537 7.310561
 5.040000 -2.765452 2.591109 5.953968
 5.060000 -2.635150 2.597988 5.978767
 5.080000 -2.649799 2.514855 5.575891
 5.100000 -2.781738 2.507149 5.482333
 5.120000 -2.626677 2.497186 5.526823
 5.140000 -2.740705 2.393405 4.983513
 5.160000 -2.638387 2.340625 4.957026
 5.180000 -2.628420 2.453590 5.348866
 5.200000 -2.744459 2.478679 5.343290
 5.220000 -2.742926 2.511604 5.507400
 5.240000 -2.740168 2.481674 5.359062
 5.260000 -2.705655 2.537022 5.647307
 5.280000 -2.611343 2.651695 6.245936
 5.300000 -2.441917 2.735797 6.653225
 5.320000 -2.419837 2.836849 6.981248
 5.340000 -2.237627 2.979905 7.832677
 5.360000 -2.240843 2.970367 7.789530
 5.380000 -2.217843 3.132527 8.290448
 5.400000 -2.392455 -3.073340 7.613052
 5.420000 -2.501809 3.096847 7.637860
 5.440000 -2.638778 2.985936 7.794307
 5.460000 -2.642608 3.001117 7.844523
 5.480000 -2.732207 2.852502 7.508017
 5.500000 -2.771334 2.810484 7.349318
 5.520000 -2.714748 2.745630 6.850714
 5.540000 -2.761797 2.630805 6.193326
 5.560000 -2.590576 2.716244 6.549865
 5.580000 -2.680145 2.568000 5.813548
 5.600000 -2.674574 2.664996 6.335714
 5.620000 -2.721920 2.606387 6.025803
 5.640000 -2.731151 2.636270 6.205733
 5.660000 -2.718484 2.462577 5.280796
 5.680000 -2.667370 2.574818 5.851832
 5.700000 -2.689603 2.608583 6.028896
 5.720000 -2.597536 2.576217 5.903646
 5.740000 -2.591770 2.606488 6.042545
 5.760000 -2.594346 2.519118 5.666960
 5.780000 -2.510207 2.655714 6.315162
 5.800000 -2.631466 2.531377 5.669394
 5.820000 -2.652807 2.528453 5.635221
 5.840000 -2.647443 2.514385 5.576159
 5.860000 -2.705923 2.527405 5.598168
 5.880000 -2.710677 2.432681 5.159040
 5.900000 -2.710544 2.401484 5.038127
 5.920000 -2.670516 2.479625 5.397482
 5.940000 -2.594661 2.634915 6.169978
 5.960000 -2.450129 2.610260 6.269447
 5.980000 -2.457560 2.596266 6.211985
 6.000000 -2.210420 2.836571 7.537140
 6.020000 -2.355138 2.848671 7.093564
 6.040000 -2.387892 2.862990 7.086652
 6.060000 -2.421738 2.726127 6.650177
 6.080000 -2.509278 2.847520 7.036830
 6.100000 -2.515301 2.698773 6.471196
 6.120000 -2.642024 2.640716 6.192828
 6.140000 -2.891866 2.515750 5.555732
 6.160000 -2.852173 2.446912 5.196084
 6.180000 -2.856887 2.613519 6.138953
 6.200000 -2.966748 2.448831 5.236525
 6.220000 -2.764527 2.613226 6.087033
 6.240000 -2.909883 2.633160 6.282992
 6.260000 -2.771541 2.707070 6.688360
 6.280000 -2.731993 2.655800 6.323844
 6.300000 -2.603376 2.637782 6.180564
 6.320000 -2.458717 2.830731 6.951533
 6.340000 -2.166190 2.900403 7.956078
 6.360000 -2.190722 2.862023 7.704414
 6.380000 -2.124039 2.862116 8.092249
 6.400000 -1.975199 3.035691 9.880327
 6.420000 -2.066114 2.897325 8.616884
 6.440000 -1.765191 2.863708 11.016029
 6.460000 -1.993877 2.726755 8.554042
 6.480000 -1.923928 2.693616 8.928989
 6.500000 -2.003517 2.542935 8.095162
 6.520000 -2.045770 2.423503 7.713772
 6.540000 -2.143860 2.306289 7.047642
 6.560000 -2.139622 2.369533 7.175122
 6.580000 -2.211871 2.384071 6.838952
 6.600000 -2.359314 2.227722 5.828318
 6.620000 -2.412004 2.273983 5.647457
 6.640000 -2.638142 2.204954 4.712602
 6.660000 -2.681775 2.243469 4.671089
 6.680000 -2.718477 2.192527 4.573626
 6.700000 -2.880495 2.135383 4.611983
 6.720000 -2.723503 2.301910 4.723148
 6.740000 -2.826192 2.310080 4.705310
 6.760000 -2.886187 2.280914 4.674708
 6.780000 -2.833889 2.321142 4.734571
 6.800000 -2.734272 2.455888 5.241733
 6.820000 -2.785621 2.523339 5.569608
 6.840000 -2.595918 2.476283 5.495974
 6.860000 -2.644528 2.405186 5.143944
 6.880000 -2.613408 2.511068 5.604361
 6.900000 -2.659911 2.602922 5.997607
 6.920000 -2.576654 2.777213 6.821261
 6.940000 -2.670536 2.676026 6.394580
 6.960000 -2.436540 2.947053 7.310764
 6.980000 -2.456430 3.046670 7.545794
 7.000000 -2.432814 3.085378 7.593106
 7.020000 -2.329487 3.011774 7.595968
 7.040000 -2.326156 3.102319 7.779896
 7.060000 -2.155365 3.105158 8.634339
 7.080000 -2.125337 2.987687 8.510670
 7.100000 -2.205493 2.915697 7.790171
 7.120000 -2.304471 2.906945 7.372129
 7.140000 -2.310813 2.916696 7.382350
 7.160000 -2.370915 2.660839 6.594893
 7.180000 -2.385347 2.594057 6.408798
 7.200000 -2.585425 2.532619 5.735896
 7.220000 -2.714703 2.527234 5.594426
 7.240000 -2.810153 2.466101 5.278403
 7.260000 -2.957246 2.092967 4.793594
 7.280000 -2.892575 2.115512 4.650196
 7.300000 -2.966865 2.144443 4.726316
 7.320000 -2.828735 2.193022 4.549911
 7.340000 -2.835645 2.217960 4.565621
 7.360000 -2.774643 2.361846 4.856049
 7.380000 -2.691912 2.457931 5.281684
 7.400000 -2.661544 2.712331 6.588064
 7.420000 -2.608496 2.783102 6.889352
 7.440000 -2.453880 2.785592 6.802562
 7.460000 -2.344152 2.901849 7.263544
 7.480000 -2.259950 2.855078 7.375484
 7.500000 -2.090406 2.983461 8.750161
 7.520000 -2.150336 2.923206 8.126311
 7.540000 -2.033011 3.077830 9.503466
 7.560000 -1.855017 3.122037 11.041306
 7.580000 -2.053499 -3.135672 9.455024
 7.600000 -2.116998 -3.117552 8.985270
 7.620000 -2.151815 -3.080337 8.742100
 7.640000 -2.382795 -3.134259 7.678101
 7.660000 -2.309298 3.070579 7.781749
 7.680000 -2.401920 2.857998 7.058261
 7.700000 -2.509429 2.798244 6.851835
 7.720000 -2.441490 2.798103 6.848559
 7.740000 -2.511607 2.562266 5.983315
 7.760000 -2.705432 2.287081 4.711589
 7.780000 -2.796569 2.196571 4.542798
 7.800000 -3.047032 2.132907 4.885551
 7.820000 -3.048325 2.061889 5.064432
 7.840000 -2.962648 2.081532 4.829163
 7.860000 -2.916867 2.004565 4.963050
 7.880000 -2.669506 2.115473 4.635801
 7.900000 -2.682628 2.061495 4.666846
 7.920000 -2.565573 2.142782 4.875139
 7.940000 -2.346410 2.209751 5.863446
 7.960000 -2.152841 2.365566 7.103368
 7.980000 -2.083203 2.565451 7.708983
 8.000000 -2.076104 2.436406 7.584821
 8.020000 -2.239152 2.542464 6.916365
 8.040000 -2.273733 2.610214 6.848622
 8.060000 -2.227220 2.658435 7.111910
 8.080000 -2.310513 2.655684 6.776313
 8.100000 -2.256643 2.753634 7.149625
 8.120000 -2.267712 2.765497 7.132089
 8.140000 -2.219964 2.844099 7.512931
 8.160000 -2.323942 2.834353 7.121218
 8.180000 -2.377765 2.851254 7.065182
 8.200000 -2.403321 2.920019 7.241591
 8.220000 -2.571936 2.779420 6.826072
 8.240000 -2.621304 2.810000 7.041193
 8.260000 -2.994531 2.662070 6.432632
 8.280000 -3.033461 2.754961 6.991378
 8.300000 3.099812 2.677721 5.963631
 8.320000 -2.971503 2.613443 6.134004
 8.340000 -2.805785 2.680892 6.552895
 8.360000 -2.625870 2.767682 6.837280
 8.380000 -2.595712 2.617453 6.089499
 8.400000 -2.504224 2.693440 6.457705
 8.420000 -2.452764 2.825972 6.935648
 8.440000 -2.365718 2.722943 6.747977
 8.460000 -2.177397 2.866437 7.787897
 8.480000 -2.374721 2.698092 6.668496
 8.500000 -2.262342 2.813240 7.259895
 8.520000 -2.338027 2.981227 7.497981
 8.540000 -2.320819 2.883680 7.263540
 8.560000 -2.138688 2.753810 7.710636
 8.580000 -2.090618 2.840159 8.242147
 8.600000 -2.168853 2.729591 7.500176
 8.620000 -2.253542 2.704421 7.071353
 8.640000 -2.255476 2.583866 6.892469
 8.660000 -2.512786 2.699881 6.476567
 8.680000 -2.291518 2.689980 6.902888
 8.700000 -2.566304 2.537177 5.785965
 8.720000 -2.675869 2.557566 5.761696
 8.740000 -2.679965 2.532692 5.636380
 8.760000 -2.771027 2.573653 5.852722
 8.780000 -2.848264 2.489201 5.402134
 8.800000 -2.631274 2.464446 5.386273
 8.820000 -2.691226 2.433995 5.183629
 8.840000 -2.653623 2.571825 5.842396
 8.860000 -2.615826 2.495557 5.536332
 8.880000 -2.851733 2.425590 5.101248
 8.900000 -2.559997 2.601886 6.052340
 8.920000 -2.553662 2.639459 6.212601
 8.940000 -2.460981 2.731309 6.621108
 8.960000 -2.562074 2.642577 6.219933
 8.980000 -2.498142 2.674607 6.395123
 9.000000 -2.555280 2.713407 6.524338
 9.020000 -2.279735 2.557874 6.752101
 9.040000 -2.339925 2.584675 6.547927
 9.060000 -2.351645 2.697832 6.727567
 9.080000 -2.372797 2.726451 6.740214
 9.100000 -2.585845 2.620306 6.108285
 9.120000 -2.514565 2.468117 5.672381
 9.140000 -2.472654 2.466143 5.803417
 9.160000 -2.589531 2.624783 6.126176
 9.180000 -2.531134 2.536921 5.853957
 9.200000 -2.521423 2.544310 5.900823
 9.220000 -2.646976 2.465979 5.368710
 9.240000 -2.568429 2.340205 5.142111
 9.260000 -2.646436 2.414734 5.174088
 9.280000 -2.808888 2.307398 4.696575
 9.300000 -2.559015 2.467281 5.546536
 9.320000 -2.636387 2.428805 5.242398
 9.340000 -2.646055 2.412376 5.166381
 9.360000 -2.601705 2.300280 4.949541
 9.380000 -2.894383 2.366767 4.893602
 9.400000 -2.685618 2.461987 5.305316
 9.420000 -2.491562 2.555670 6.007377
 9.440000 -2.489310 2.419710 5.621086
 9.460000 -2.284928 2.588374 6.771719
 9.480000 -2.264314 2.680961 6.990328
 9.500000 -2.521044 2.623255 6.183237
 9.520000 -2.272626 2.627204 6.876890
 9.540000 -2.409150 2.598683 6.346270
 9.560000 -2.408188 2.738229 6.704361
 9.580000 -2.411121 2.843060 7.006017
 9.600000 -2.684289 2.764656 6.912765
 9.620000 -2.680423 2.819892 7.211152
 9.640000 -2.609392 2.926966 7.521723
 9.660000 -2.747395 2.820734 7.361891
 9.680000 -2.693846 2.927054 7.762447
 9.700000 -2.609065 2.928368 7.525939
 9.720000 -2.813710 2.903114 7.964325
 9.740000 -2.645294 2.944205 7.684051
 9.760000 -2.800280 2.655318 6.378698
 9.780000 -2.865556 2.764731 7.182791
 9.800000 -2.697879 2.858702 7.456377
 9.820000 -2.764758 2.819316 7.389675
 9.840000 -2.768747 2.776858 7.134715
 9.860000 -2.618698 2.650952 6.242466
 9.880000 -2.636412 2.843318 7.232939
 9.900000 -2.489324 2.856223 7.051347
 9.920000 -2.368173 2.629027 6.535845
 9.940000 -2.417085 2.502727 6.095353
 9.960000 -2.393524 2.631808 6.467775
 9.980000 -2.387264 2.442403 6.090771
 10.000000 -2.542818 2.444108 5.514337
 10.020000 -2.469919 2.415221 5.683536
 10.040000 -2.509560 2.272532 5.212398
 10.060000 -2.490348 2.435687 5.659770
 10.080000 -2.644089 2.204541 4.699141
 10.100000 -2.602808 2.398433 5.209861
 10.120000 -2.565054 2.257054 4.981778
 10.140000 -2.443366 2.564736 6.161835
 10.160000 -2.420074 2.396549 5.850577
 10.180000 -2.405658 2.474643 6.078422
 10.200000 -2.433429 2.613320 6.317760
 10.220000 -2.340050 2.852438 7.133288
 10.240000 -2.354639 2.703398 6.731515
 10.260000 -2.433608 2.636230 6.378725
 10.280000 -2.453599 2.787513 6.808965
 10.300000 -2.664284 2.717853 6.621507
 10.320000 -2.663563 2.787980 7.005213
 10.340000 -2.809280 2.585389 5.938628
 10.360000 -2.756431 2.597455 5.987850
 10.380000 -2.794388 2.757759 7.052647
 10.400000 -2.849493 2.631392 6.253148
 10.420000 -2.881252 2.675922 6.570383
 10.440000 -2.800833 2.648208 6.332704
 10.460000 -2.755058 2.730959 6.820100
 10.480000 -2.662502 2.809226 7.116492
 10.500000 -2.479379 2.861663 7.063495
 10.520000 -2.526728 2.926691 7.337836
 10.540000 -2.255373 3.018143 7.863483
 10.560000 -2.353567 2.932743 7.334684
 10.580000 -2.226512 2.920102 7.701615
 10.600000 -2.331673 2.852429 7.151497
 10.620000 -2.167323 2.824206 7.723444
 10.640000 -2.427812 2.840708 6.989109
 10.660000 -2.386665 2.601585 6.420830
 10.680000 -2.576857 2.615725 6.094518
 10.700000 -2.674685 2.552759 5.738110
 10.720000 -2.754223 2.433877 5.136779
 10.740000 -2.740754 2.454173 5.230986
 10.760000 -2.855225 2.207971 4.571312
 10.780000 -2.770109 2.337780 4.783068
 10.800000 -2.572037 2.290017 5.018122
 10.820000 -2.761339 2.446571 5.189763
 10.840000 -2.469050 2.429357 5.721950
 10.860000 -2.612964 2.583263 5.921759
 10.880000 -2.687001 2.696840 6.526694
 10.900000 -2.553824 2.823861 6.995906
 10.920000 -2.725465 2.709135 6.643371
 10.940000 -2.629849 2.905745 7.494517
 10.960000 -2.501354 2.988746 7.474457
 10.980000 -2.607242 3.001724 7.740296
 11.000000 -2.551913 2.995984 7.584892
 11.020000 -2.445720 3.071455 7.577062
 11.040000 -2.690182 3.099050 8.103111
 11.060000 -2.511332 -3.068987 7.527502
 11.080000 -2.718845 3.046853 8.171310
 11.100000 -2.768123 3.020011 8.277450
 11.120000 -2.653732 -3.118324 7.910408
 11.140000 -2.762911 2.980591 8.160169
 11.160000 -2.790709 2.904117 7.919259
 11.180000 -2.471866 3.058040 7.572610
 11.200000 -2.649409 2.956362 7.737824
 11.220000 -2.492785 2.913058 7.246416
 11.240000 -2.511332 2.783377 6.795902
 11.260000 -2.700304 2.702155 6.571886
 11.280000 -2.667163 2.689928 6.469323
 11.300000 -2.760228 2.545478 5.688885
 11.320000 -2.835373 2.468722 5.295615
 11.340000 -2.703171 2.357081 4.895210
 11.360000 -2.802128 2.384702 4.930859
 11.380000 -2.777923 2.404429 5.009039
 11.400000 -2.662543 2.280150 4.765230
 11.420000 -2.513195 2.344105 5.343192
 11.440000 -2.485908 2.469302 5.766796
 11.460000 -2.423252 2.443796 5.939560
 11.480000 -2.487531 2.330010 5.413772
 11.500000 -2.484937 2.426070 5.653813
 11.520000 -2.461583 2.427125 5.745438
 11.540000 -2.505350 2.449452 5.646485
 11.560000 -2.542877 2.422557 5.447957
 11.580000 -2.639305 2.573013 5.855919
 11.600000 -2.635295 2.529639 5.657496
 11.620000 -2.722379 2.647521 6.266675
 11.640000 -2.712609 2.546575 5.695385
 11.660000 -2.683641 2.675448 6.400920
 11.680000 -2.704180 2.675398 6.417463
 11.700000 -2.700570 2.780028 7.029624
 11.720000 -2.734565 2.586118 5.913554
 11.740000 -2.740258 2.742988 6.873859
 11.760000 -2.815013 2.843285 7.632204
 11.780000 -2.795354 2.807456 7.375863
 11.800000 -2.862389 2.847674 7.726491
 11.820000 -2.778886 2.764910 7.075297
 11.840000 -2.706428 2.914151 7.744376
 11.860000 -2.687121 2.961653 7.870628
 11.880000 -2.624924 3.011043 7.812823
 11.900000 -2.643780 2.912834 7.560974
 11.920000 -2.623828 3.055960 7.880658
 11.940000 -2.632444 2.978225 7.753970
 11.960000 -2.633729 2.902159 7.490165
 11.980000 -2.723925 2.852929 7.490363
 12.000000 -2.758575 2.774146 7.099629
 12.020000 -2.744123 2.728985 6.791698
 12.040000 -2.853541 2.501563 5.468681
 12.060000 -2.759971 2.519414 5.546632
 12.080000 -2.792378 2.392804 4.961775
 12.100000 -2.590126 2.475723 5.505620
 12.120000 -2.596916 2.272474 4.908215
 12.140000 -2.397765 2.366024 5.890339
 12.160000 -2.285260 2.372581 6.454068
 12.180000 -2.233404 2.428722 6.799606
 12.200000 -2.193572 2.339392 6.856441
 12.220000 -2.198708 2.261661 6.692368
 12.240000 -2.183413 2.421630 7.035887
 12.260000 -2.164738 2.365713 7.044352
 12.280000 -2.079361 2.453449 7.591545
 12.300000 -2.213374 2.399977 6.855874
 12.320000 -2.061935 2.533117 7.777263
 12.340000 -2.142375 2.577170 7.420425
 12.360000 -2.145139 2.432254 7.239568
 12.380000 -2.263453 2.511479 6.765404
 12.400000 -2.199361 2.582863 7.147892
 12.420000 -2.332292 2.710881 6.809552
 12.440000 -2.423364 2.578869 6.256492
 12.460000 -2.471319 2.477143 5.837296
 12.480000 -2.754342 2.593180 5.961604
 12.500000 -2.732814 2.698337 6.585492
 12.520000 -2.858762 2.674828 6.552235
 12.540000 -2.890903 2.705511 6.780335
 12.560000 -2.867530 2.764979 7.185978
 12.580000 -2.784046 2.930957 8.028794
 12.600000 -2.806940 2.863194 7.734692
 12.620000 -2.713646 2.830275 7.342265
 12.640000 -2.793031 2.781145 7.203576
 12.660000 -2.724815 2.804852 7.221582
 12.680000 -2.779432 2.784683 7.203200
 12.700000 -2.853077 2.685713 6.623947
 12.720000 -2.740187 2.741176 6.862419
 12.740000 -2.680375 2.741308 6.773998
 12.760000 -2.551557 2.712642 6.520598
 12.780000 -2.455273 2.505593 5.966781
 12.800000 -2.484627 2.583131 6.110406
 12.820000 -2.542170 2.509926 5.734808
 12.840000 -2.452501 2.341542 5.588127
 12.860000 -2.714478 2.294011 4.715321
 12.880000 -2.731961 2.089290 4.596841
 12.900000 -2.673676 2.124507 4.625548
 12.920000 -2.800346 2.189252 4.540686
 12.940000 -2.739426 2.196279 4.558872
 12.960000 -2.559439 2.093354 4.894831
 12.980000 -2.400312 2.346666 5.839550
 13.000000 -2.341725 2.347704 6.127891
 13.020000 -2.249533 2.367173 6.623716
 13.040000 -2.493485 2.335346 5.400912
 13.060000 -2.408180 2.480624 6.080989
 13.080000 -2.523178 2.455547 5.608051
 13.100000 -2.633191 2.532181 5.671157
 13.120000 -2.794335 2.545578 5.696281
 13.140000 -2.901604 2.553509 5.774110
 13.160000 -2.983808 2.691948 6.649010
 13.180000 -2.951393 2.678300 6.582074
 13.200000 -2.813028 2.762504 7.110742
 13.220000 -2.693173 2.844743 7.372343
 13.240000 -2.523034 3.000349 7.536868
 13.260000 -2.549905 2.958536 7.480780
 13.280000 -2.332860 2.966141 7.468355
 13.300000 -2.410602 3.059443 7.569261
 13.320000 -2.296673 3.057756 7.798656
 13.340000 -2.265836 3.113184 8.020507
 13.360000 -2.290754 3.094609 7.888637
 13.380000 -2.291324 3.095390 7.887714
 13.400000 -2.368494 3.040281 7.581697
 13.420000 -2.396080 3.053584 7.571284
 13.440000 -2.551297 2.856089 7.122967
 13.460000 -2.564401 2.808823 6.946316
 13.480000 -2.880228 2.820777 7.571544
 13.500000 -2.904795 2.698903 6.736807
 13.520000 -3.072575 2.657433 6.256311
 13.540000 -3.044293 2.712881 6.682648
 13.560000 -2.915060 2.591358 6.009005
 13.580000 -2.779321 2.761466 7.053693
 13.600000 -2.667186 2.744741 6.774482
 13.620000 -2.605795 2.746165 6.705732
 13.640000 -2.477422 2.758183 6.701980
 13.660000 -2.515304 2.863572 7.102077
 13.680000 -2.360967 2.854446 7.099599
 13.700000 -2.447560 2.692114 6.513223
 13.720000 -2.432649 2.684478 6.514248
 13.740000 -2.463240 2.677060 6.444566
 13.760000 -2.473381 2.563361 6.076600
 13.780000 -2.508052 2.499580 5.788085
 13.800000 -2.425374 2.504636 6.069158
 13.820000 -2.464847 2.441748 5.768954
 13.840000 -2.529739 2.468174 5.627960
 13.860000 -2.567890 2.304450 5.061354
 13.880000 -2.674727 2.395754 5.061561
 13.900000 -2.585114 2.338632 5.087537
 13.920000 -2.635559 2.493149 5.497597
 13.940000 -2.698432 2.494590 5.441573
 13.960000 -2.659392 2.465199 5.348829
 13.980000 -2.753904 2.607165 6.044635
 14.000000 -2.730406 2.679397 6.466271
 14.020000 -2.759373 2.697544 6.612017
 14.040000 -2.710603 2.847454 7.428737
 14.060000 -2.690567 2.933504 7.778567
 14.080000 -2.642699 3.008032 7.860602
 14.100000 -2.653925 3.084067 7.990519
 14.120000 -2.610740 3.038706 7.820413
 14.140000 -2.667031 3.031376 7.982538
 14.160000 -2.613692 -3.121110 7.811017
 14.180000 -2.698615 2.983081 7.973215
 14.200000 -2.669108 2.982061 7.877562
 14.220000 -2.654132 3.122744 7.977417
 14.240000 -2.749112 3.053007 8.272232
 14.260000 -2.516598 3.086989 7.653117
 14.280000 -2.559312 2.988651 7.583783
 14.300000 -2.566266 2.955805 7.508831
 14.320000 -2.501386 3.037072 7.573938
 14.340000 -2.686766 2.971380 7.900981
 14.360000 -2.663350 2.920968 7.649016
 14.380000 -2.488343 2.837171 6.983454
 14.400000 -2.658247 2.853291 7.331775
 14.420000 -2.581879 2.840306 7.109307
 14.440000 -2.586017 2.686379 6.408555
 14.460000 -2.771964 2.599372 6.006647
 14.480000 -2.603535 2.608012 6.041644
 14.500000 -2.580330 2.441314 5.404969
 14.520000 -2.687739 2.393756 5.036501
 14.540000 -2.560153 2.486339 5.610108
 14.560000 -2.639507 2.347846 4.974541
 14.580000 -2.626175 2.331203 4.959777
 14.600000 -2.489412 2.316478 5.377732
 14.620000 -2.564500 2.192674 4.905943
 14.640000 -2.416470 2.423263 5.923702
 14.660000 -2.520086 2.330013 5.285387
 14.680000 -2.593954 2.279871 4.930461
 14.700000 -2.604553 2.230301 4.823437
 14.720000 -2.616402 2.406303 5.204013
 14.740000 -2.659377 2.459710 5.326222
 14.760000 -2.491727 2.469833 5.749112
 14.780000 -2.613286 2.552182 5.781641
 14.800000 -2.524020 2.500028 5.746104
 14.820000 -2.354152 2.627697 6.577503
 14.840000 -2.574122 2.531314 5.749512
 14.860000 -2.406710 2.626425 6.419326
 14.880000 -2.391587 2.602271 6.407093
 14.900000 -2.548129 2.663625 6.315765
 14.920000 -2.526227 2.524246 5.821313
 14.940000 -2.667570 2.598976 5.976409
 14.960000 -2.758275 2.741058 6.889393
 14.980000 -2.683086 2.768101 6.930220
 15.000000 -2.652462 2.703734 6.532378
 15.020000 -2.733149 2.684871 6.502752
 15.040000 -2.486051 2.808077 6.878506
 15.060000 -2.706233 2.792194 7.110640
 15.080000 -2.590427 2.817123 7.021327
 15.100000 -2.526687 2.817238 6.938108
 15.120000 -2.567639 2.759821 6.734343
 15.140000 -2.446040 2.844389 6.996450
 15.160000 -2.597878 2.887661 7.341362
 15.180000 -2.773091 2.773615 7.121591
 15.200000 -2.690772 2.820347 7.236317
 15.220000 -2.586332 2.841927 7.124334
 15.240000 -2.696304 2.537826 5.654446
 15.260000 -2.509384 2.642737 6.269162
 15.280000 -2.721837 2.605822 6.022533
 15.300000 -2.621755 2.533660 5.690425
 15.320000 -2.553850 2.501591 5.678682
 15.340000 -2.711583 2.349661 4.862819
 15.360000 -2.627316 2.494884 5.516260
 15.380000 -2.621896 2.497220 5.533945
 15.400000 -2.776374 2.501447 5.452267
 15.420000 -2.664148 2.395538 5.077034
 15.440000 -2.553811 2.453939 5.515325
 15.460000 -2.630175 2.533610 5.680782
 15.480000 -2.395895 2.552358 6.283168
 15.500000 -2.462490 2.582207 6.159435
 15.520000 -2.464820 2.599862 6.205738
 15.540000 -2.232164 2.738537 7.220059
 15.560000 -2.484985 2.595188 6.147873
 15.580000 -2.500383 2.716913 6.545614
 15.600000 -2.672561 2.662975 6.323262
 15.620000 -2.633482 2.688923 6.439708
 15.640000 -2.809509 2.554930 5.755348
 15.660000 -2.590026 2.486602 5.546816
 15.680000 -2.756372 2.562601 5.784727
 15.700000 -2.636210 2.763406 6.830164
 15.720000 -2.524326 2.712251 6.520252
 15.740000 -2.577015 2.580528 5.944271
 15.760000 -2.510684 2.640176 6.258335
 15.780000 -2.596131 2.628551 6.140104
 15.800000 -2.627101 2.751773 6.758095
 15.820000 -2.744131 2.537209 5.642511
 15.840000 -2.618955 2.517591 5.624197
 15.860000 -2.790313 2.407036 5.017198
 15.880000 -2.629004 2.468441 5.405774
 15.900000 -2.725169 2.347274 4.841590
 15.920000 -2.690142 2.373124 4.962962
 15.940000 -2.624705 2.564294 5.825412
 15.960000 -2.644838 2.469628 5.386645
 15.980000 -2.629174 2.514872 5.599199
 16.000000 -2.631366 2.481454 5.454656
 16.020000 -2.573060 2.698997 6.463819
 16.040000 -2.665043 2.696075 6.501602
 16.060000 -2.357677 2.730264 6.784212
 16.080000 -2.502947 2.783066 6.791667
 16.100000 -2.538590 2.962218 7.468358
 16.120000 -2.502223 3.091506 7.635684
 16.140000 -2.516975 -3.088737 7.577966
 16.160000 -2.487323 -3.105667 7.588626
 16.180000 -2.475088 -2.944654 7.030313
 16.200000 -2.567115 -2.965624 7.129264
 16.220000 -2.707962 -2.987554 7.470164
 16.240000 -2.729578 -3.125508 8.143791
 16.260000 -2.977882 3.107843 8.509738
 16.280000 -2.943892 3.095484 8.565629
 16.300000 -3.097226 2.881265 7.533164
 16.320000 -3.119284 2.963909 7.771746
 16.340000 -3.019938 3.089066 8.423711
 16.360000 -2.998701 3.003614 8.394321
 16.380000 -2.875833 3.000368 8.452617
 16.400000 -2.690935 3.020940 8.040663
 16.420000 -2.526987 3.137453 7.668080
 16.440000 -2.380177 2.952898 7.354034
 16.460000 -2.181683 2.948091 8.021088
 16.480000 -2.311411 2.839285 7.166639
 16.500000 -1.997361 2.840397 8.928103
 16.520000 -2.076128 2.817516 8.268055
 16.540000 -2.053465 2.629968 7.962770
 16.560000 -2.089840 2.491868 7.586785
 16.580000 -2.118692 2.506977 7.460754
 16.600000 -2.252866 2.445968 6.728665
 16.620000 -2.184370 2.338417 6.901097
 16.640000 -2.263588 2.320611 6.472142
 16.660000 -2.330607 2.244972 5.999477
 16.680000 -2.038682 2.286559 7.526726
 16.700000 -2.258119 2.133441 6.182386
 16.720000 -2.283199 2.087994 6.010001
 16.740000 -1.983603 2.279395 7.780875
 16.760000 -2.115920 2.271324 7.120658
 16.780000 -2.095202 2.292734 7.262132
 16.800000 -2.096370 2.156423 7.001599
 16.820000 -2.189906 2.456612 7.050801
 16.840000 -2.309574 2.371629 6.330733
 16.860000 -2.115373 2.434175 7.388966
 16.880000 -2.520044 2.303948 5.230588
 16.900000 -2.208856 2.605990 7.129220
 16.920000 -2.444789 2.480576 5.940054
 16.940000 -2.517007 2.460520 5.641946
 16.960000 -2.552668 2.475381 5.590091
 16.980000 -2.639282 2.500495 5.524235
 17.000000 -2.806749 2.668645 6.472189
 17.020000 -2.760711 2.683007 6.520630
 17.040000 -2.867333 2.686848 6.640016
 17.060000 -2.932875 2.726005 6.925630
 17.080000 -2.702321 2.842467 7.382214
 17.100000 -2.897769 2.846506 7.745666
 17.120000 -2.745136 2.987694 8.129911
 17.140000 -2.586782 3.069679 7.789089
 17.160000 -2.495611 -3.104721 7.591381
 17.180000 -2.462718 3.088539 7.599632
 17.200000 -2.381707 3.059332 7.597616
 17.220000 -2.550479 -3.121293 7.678666
 17.240000 -2.535941 2.989600 7.535859
 17.260000 -2.485533 2.838314 6.985941
 17.280000 -2.689785 2.703106 6.565913
 17.300000 -2.559252 2.782147 6.825033
 17.320000 -2.717386 2.546925 5.696505
 17.340000 -2.702516 2.580882 5.879533
 17.360000 -2.712246 2.370241 4.927005
 17.380000 -2.557482 2.459507 5.524175
 17.400000 -2.703372 2.380797 4.972203
 17.420000 -2.578269 2.411706 5.313383
 17.440000 -2.697161 2.399095 5.043846
 17.460000 -2.719227 2.363484 4.897822
 17.480000 -2.691022 2.336963 4.852225
 17.500000 -2.781688 2.383946 4.930846
 17.520000 -2.704053 2.485773 5.396468
 17.540000 -2.662968 2.553507 5.747462
 17.560000 -2.660329 2.656799 6.283172
 17.580000 -2.641392 2.534251 5.672328
 17.600000 -2.631781 2.732983 6.666926
 17.620000 -2.778944 2.685099 6.553541
 17.640000 -2.609805 2.862561 7.262284
 17.660000 -2.658600 2.846864 7.301003
 17.680000 -2.632845 2.832398 7.172665
 17.700000 -2.530039 2.971748 7.478371
 17.720000 -2.739489 2.971763 8.063718
 17.740000 -2.612698 3.017482 7.789718
 17.760000 -2.627939 3.004058 7.806552
 17.780000 -2.517630 3.041227 7.605496
 17.800000 -2.609156 3.011508 7.767323
 17.820000 -2.506514 3.069742 7.624368
 17.840000 -2.894252 2.911925 8.118040
 17.860000 -2.796020 2.964630 8.193251
 17.880000 -2.847014 2.779928 7.269689
 17.900000 -2.915001 2.797126 7.425565
 17.920000 -2.735687 2.699654 6.597040
 17.940000 -2.873929 2.579716 5.928726
 17.960000 -2.847188 2.688247 6.637504
 17.980000 -2.781042 2.459518 5.245582
 18.000000 -2.600010 2.464972 5.445155
 18.020000 -2.619390 2.410758 5.212422
 18.040000 -2.343172 2.517780 6.420322
 18.060000 -2.481536 2.504494 5.880271
 18.080000 -2.446730 2.424151 5.797819
 18.100000 -2.357407 2.340213 6.036392
 18.120000 -2.272157 2.334414 6.453493
 18.140000 -2.147080 2.387747 7.166324
 18.160000 -2.132195 2.352756 7.184904
 18.180000 -2.110701 2.454192 7.437547
 18.200000 -2.134120 2.395435 7.242217
 18.220000 -1.950801 2.451810 8.211596
 18.240000 -2.133204 2.345015 7.167293
 18.260000 -2.103086 2.436144 7.452133
 18.280000 -2.191240 2.481088 7.074519
 18.300000 -2.279836 2.527734 6.711219
 18.320000 -2.322320 2.520585 6.513514
 18.340000 -2.430633 2.502746 6.045572
 18.360000 -2.541456 2.475465 5.619195
 18.380000 -2.616059 2.565620 5.838981
 18.400000 -2.720031 2.616084 6.080871
 18.420000 -2.825774 2.507948 5.495560
 18.440000 -2.859344 2.656316 6.425816
 18.460000 -2.955376 2.719075 6.864879
 18.480000 -2.865864 2.860791 7.809855
 18.500000 -2.925945 2.738276 7.014336
 18.520000 -2.797663 2.903144 7.930268
 18.540000 -2.602210 3.048608 7.809708
 18.560000 -2.486293 3.047399 7.571221
 18.580000 -2.354654 3.120428 7.724591
 18.600000 -2.240127 -3.132777 8.187311
 18.620000 -2.332143 -3.097566 7.798486
 18.640000 -2.243746 -3.087666 8.178687
 18.660000 -2.315957 -3.128498 7.856695
 18.680000 -2.379698 3.055606 7.593894
 18.700000 -2.359079 3.053178 7.622992
 18.720000 -2.485304 2.967046 7.397656
 18.740000 -2.491925 2.819406 6.921603
 18.760000 -2.574000 2.647383 6.234413
 18.780000 -2.607182 2.619401 6.092769
 18.800000 -2.704478 2.475251 5.347738
 18.820000 -2.769516 2.491123 5.399662
 18.840000 -2.867848 2.364829 4.874410
 18.860000 -2.793029 2.397125 4.978155
 18.880000 -2.649348 2.386890 5.073396
 18.900000 -2.589850 2.378730 5.183071
 18.920000 -2.509023 2.305679 5.276844
 18.940000 -2.429964 2.362905 5.734497
 18.960000 -2.461402 2.384151 5.643973
 18.980000 -2.273656 2.380630 6.525624
 19.000000 -2.258805 2.384017 6.605331
 19.020000 -2.384699 2.357562 5.936006
 19.040000 -2.386026 2.269757 5.766165
 19.060000 -2.569164 2.306591 5.061768
 19.080000 -2.593651 2.184224 4.810599
 19.100000 -2.539791 2.260547 5.076135
 19.120000 -2.509014 2.284970 5.237048
 19.140000 -2.416269 2.251459 5.589147
 19.160000 -2.400343 2.245831 5.656522
 19.180000 -2.424617 2.248986 5.545556
 19.200000 -2.271804 2.435247 6.620798
 19.220000 -2.104078 2.429842 7.438855
 19.240000 -2.158405 2.410490 7.143872
 19.260000 -2.094850 2.543822 7.622561
 19.280000 -2.319177 2.596858 6.646975
 19.300000 -2.472067 2.566167 6.088317
 19.320000 -2.429593 2.590893 6.269108
 19.340000 -2.556542 2.606199 6.073800
 19.360000 -2.497523 2.705354 6.505143
 19.380000 -2.384971 2.764821 6.814014
 19.400000 -2.626385 2.600915 5.996490
 19.420000 -2.630935 2.636007 6.168149
 19.440000 -2.691055 2.674629 6.401976
 19.460000 -2.861622 2.612949 6.137203
 19.480000 -2.742999 2.627069 6.158064
 19.500000 -2.947569 2.597944 6.046184
 19.520000 -3.047487 2.670599 6.398692
 19.540000 -3.014423 2.702989 6.679587
 19.560000 -3.078915 2.727721 6.680331
 19.580000 -2.856064 2.868933 7.846929
 19.600000 -2.535417 2.892954 7.236653
 19.620000 -2.459390 2.894384 7.160304
 19.640000 -2.276033 3.002723 7.738435
 19.660000 -2.312574 2.981871 7.562155
 19.680000 -2.321491 2.869353 7.222047
 19.700000 -2.196757 2.835593 7.600507
 19.720000 -2.246824 2.691911 7.078123
 19.740000 -2.386828 2.723019 6.702008
 19.760000 -2.366908 2.585839 6.453302
 19.780000 -2.583459 2.461283 5.467293
 19.800000 -2.543935 2.258005 5.056856
 19.820000 -2.528674 2.314114 5.218938
 19.840000 -2.577178 2.317222 5.059982
 19.860000 -2.556230 2.361833 5.235572
 19.880000 -2.513557 2.285381 5.219859
 19.900000 -2.692980 2.277167 4.709003
 19.920000 -2.629407 2.294167 4.864514
 19.940000 -2.807025 2.198358 4.544906
 19.960000 -2.854625 2.408685 5.031502
 19.980000 -2.838116 2.381414 4.922346
 20.000000 -2.881168 2.510616 5.524949
