#! FIELDS time phi psi metad.bias
#! SET min_phi -pi
#! SET max_phi pi
#! SET min_psi -pi
#! SET max_psi pi
 0.000000 3.141580 -3.141577 3.896740
 0.020000 -2.627782 2.730607 3.394297
 0.040000 -2.641177 2.724855 3.387187
 0.060000 -2.700613 2.721185 3.432225
 0.080000 -2.629744 2.744657 3.416142
 0.100000 -2.686450 2.733757 3.437619
 0.120000 -2.668154 2.790825 3.513656
 0.140000 -2.619394 2.751136 3.425483
 0.160000 -2.622650 2.809254 3.505825
 0.180000 -2.678932 2.761840 3.478957
 0.200000 -2.624440 2.814396 3.512666
 0.220000 -2.705889 2.809893 3.601605
 0.240000 -2.668570 2.877289 3.618556
 0.260000 -2.660005 2.854157 3.585646
 0.280000 -2.623631 2.934051 3.592907
 0.300000 -2.551911 2.915353 3.597979
 0.320000 -2.557622 2.858854 3.574601
 0.340000 -2.507121 2.969546 3.636296
 0.360000 -2.538984 2.979559 3.584614
 0.380000 -2.532924 2.976810 3.593383
 0.400000 -2.552674 2.895374 3.594744
 0.420000 -2.544939 2.903851 3.604389
 0.440000 -2.692228 2.929133 3.688359
 0.460000 -2.717783 2.844674 3.676050
 0.480000 -2.814301 2.751415 3.756653
 0.500000 -2.947298 2.778973 4.212039
 0.520000 -2.809795 2.784509 3.819694
 0.540000 -2.929336 2.671041 3.830360
 0.560000 -2.769291 2.664611 3.427377
 0.580000 -2.689455 2.647409 3.278911
 0.600000 -2.597678 2.762244 3.446893
 0.620000 -2.504943 2.648901 3.471229
 0.640000 -2.410346 2.707130 3.860362
 0.660000 -2.474258 2.569389 3.517041
 0.680000 -2.296520 2.705163 4.397471
 0.700000 -2.468077 2.544948 3.534384
 0.720000 -2.449709 2.531645 3.600002
 0.740000 -2.475479 2.439761 3.572340
 0.760000 -2.491144 2.475151 3.482222
 0.780000 -2.453565 2.529766 3.586346
 0.800000 -2.453416 2.433320 3.660512
 0.820000 -2.555189 2.531417 3.279003
 0.840000 -2.458798 2.574089 3.571701
 0.860000 -2.494813 2.637526 3.490417
 0.880000 -2.529307 2.548115 3.346439
 0.900000 -2.545350 2.587854 3.322455
 0.920000 -2.550651 2.704793 3.426411
 0.940000 -2.696828 2.737424 3.458273
 0.960000 -2.607820 2.756247 3.434775
 0.980000 -2.767161 2.752764 3.631092
 1.000000 -2.649562 2.965879 3.614137
 1.020000 -2.706598 2.930883 3.719531
 1.040000 -2.717722 3.012733 3.710998
 1.060000 -2.737966 2.869812 3.755295
 1.080000 -2.763274 2.982066 3.859515
 1.100000 -2.797921 2.982359 3.964171
 1.120000 -2.790784 2.832615 3.854704
 1.140000 -2.790261 2.769374 3.729720
 1.160000 -2.839096 2.853012 4.040855
 1.180000 -2.743281 2.890565 3.789226
 1.200000 -2.716318 2.764731 3.542697
 1.220000 -2.531063 2.815000 3.579760
 1.240000 -2.570782 2.814253 3.526315
 1.260000 -2.365606 2.849388 4.157713
 1.280000 -2.480683 2.750767 3.644044
 1.300000 -2.463515 2.727961 3.677125
 1.320000 -2.389594 2.666707 3.909850
 1.340000 -2.460483 2.751875 3.710270
 1.360000 -2.578194 2.593818 3.261907
 1.380000 -2.595189 2.465948 3.197396
 1.400000 -2.690366 2.502207 3.071042
 1.420000 -2.714280 2.468919 3.029752
 1.440000 -2.683095 2.487208 3.065003
 1.460000 -2.765632 2.369955 2.927456
 1.480000 -2.729960 2.511158 3.071591
 1.500000 -2.677368 2.480560 3.066403
 1.520000 -2.659384 2.600033 3.194120
 1.540000 -2.717766 2.655664 3.322659
 1.560000 -2.485427 2.639620 3.520805
 1.580000 -2.585375 2.876251 3.566409
 1.600000 -2.450895 2.874326 3.813090
 1.620000 -2.471700 2.944369 3.731997
 1.640000 -2.522242 2.969337 3.612926
 1.660000 -2.429579 -3.123596 3.328649
 1.680000 -2.516049 3.085476 3.428092
 1.700000 -2.542817 -3.119168 3.165808
 1.720000 -2.641624 -3.088364 3.097305
 1.740000 -2.607405 -2.980661 2.568393
 1.760000 -2.864870 -3.075740 3.492304
 1.780000 -2.835240 -2.959171 2.782028
 1.800000 -3.009769 -3.117780 3.905022
 1.820000 -2.944147 -3.021219 3.313088
 1.840000 -2.942615 -3.019317 3.299920
 1.860000 -2.966727 3.092655 4.178540
 1.880000 -2.809117 -3.097317 3.468702
 1.900000 -2.669549 -3.080724 3.104766
 1.920000 -2.707506 -3.128143 3.355611
 1.940000 -2.551702 3.001237 3.552511
 1.960000 -2.640938 2.999943 3.581521
 1.980000 -2.682794 2.880137 3.644073
 2.000000 -2.659269 2.727852 3.401073
 2.020000 -2.710808 2.663745 3.330632
 2.040000 -2.657582 2.466353 3.085080
 2.060000 -2.624236 2.451780 3.142055
 2.080000 -2.584765 2.350096 3.359842
 2.100000 -2.491977 2.330893 3.743139
 2.120000 -2.415993 2.406256 3.846923
 2.140000 -2.271698 2.403393 4.372533
 2.160000 -2.258825 2.441537 4.370401
 2.180000 -2.256538 2.503469 4.365957
 2.200000 -2.276666 2.428893 4.321630
 2.220000 -2.270639 2.589402 4.374727
 2.240000 -2.313183 2.485324 4.147532
 2.260000 -2.279391 2.493646 4.277030
 2.280000 -2.293045 2.552473 4.243564
 2.300000 -2.349277 2.564471 4.007780
 2.320000 -2.392410 2.655907 3.887145
 2.340000 -2.395100 2.673514 3.892511
 2.360000 -2.630882 2.570312 3.174230
 2.380000 -2.637040 2.749134 3.424948
 2.400000 -2.855612 2.730270 3.822369
 2.420000 -2.904129 2.710641 3.900212
 2.440000 -2.900783 2.703684 3.869466
 2.460000 -2.914150 2.896744 4.325536
 2.480000 -2.959014 2.857406 4.399618
 2.500000 -2.765848 2.974238 3.871333
 2.520000 -2.854518 3.063151 4.013308
 2.540000 -2.691135 -3.025919 2.891791
 2.560000 -2.557014 -2.884460 2.037039
 2.580000 -2.644210 -3.003126 2.715099
 2.600000 -2.523956 -2.813417 1.653214
 2.620000 -2.534803 -2.860654 1.905928
 2.640000 -2.536039 -2.862960 1.918430
 2.660000 -2.499366 -3.045354 2.881827
 2.680000 -2.621085 3.098075 3.391704
 2.700000 -2.620973 -2.940309 2.368543
 2.720000 -2.651003 3.097788 3.427834
 2.740000 -2.604315 3.004383 3.545913
 2.760000 -2.641984 2.989160 3.591671
 2.780000 -2.504573 3.053677 3.516796
 2.800000 -2.622072 2.907113 3.586758
 2.820000 -2.556174 2.917832 3.594368
 2.840000 -2.735615 2.695439 3.435091
 2.860000 -2.587282 2.728016 3.407904
 2.880000 -2.654008 2.611077 3.210480
 2.900000 -2.586891 2.626980 3.280514
 2.920000 -2.610517 2.413120 3.196042
 2.940000 -2.666381 2.510121 3.094104
 2.960000 -2.769161 2.454280 2.994649
 2.980000 -2.723674 2.302651 3.027053
 3.000000 -2.755810 2.415570 2.961757
 3.020000 -2.680262 2.348087 3.090501
 3.040000 -2.607487 2.437668 3.184267
 3.060000 -2.755743 2.397330 2.950446
 3.080000 -2.669038 2.329782 3.140332
 3.100000 -2.731452 2.332447 2.987487
 3.120000 -2.603743 2.636111 3.271538
 3.140000 -2.604913 2.680558 3.328501
 3.160000 -2.548923 2.709533 3.435144
 3.180000 -2.562115 2.814210 3.534727
 3.200000 -2.481421 3.039772 3.584351
 3.220000 -2.434443 3.093188 3.555011
 3.240000 -2.608932 3.020248 3.530092
 3.260000 -2.482686 3.102087 3.427502
 3.280000 -2.601773 3.001983 3.547182
 3.300000 -2.539203 3.129819 3.283584
 3.320000 -2.711227 2.908219 3.721250
 3.340000 -2.730114 3.010352 3.744383
 3.360000 -2.838499 2.936127 4.106805
 3.380000 -2.704699 2.973844 3.710643
 3.400000 -2.865087 2.836216 4.098416
 3.420000 -2.691048 2.809840 3.574954
 3.440000 -2.731237 2.802045 3.641955
 3.460000 -2.648492 2.910610 3.612050
 3.480000 -2.459840 2.762155 3.721789
 3.500000 -2.531220 2.680955 3.437574
 3.520000 -2.412108 2.795053 3.928574
 3.540000 -2.543002 2.701881 3.436990
 3.560000 -2.598536 2.782706 3.473324
 3.580000 -2.652944 2.608103 3.206558
 3.600000 -2.582174 2.680514 3.350074
 3.620000 -2.613666 2.600627 3.221213
 3.640000 -2.581246 2.518711 3.220131
 3.660000 -2.553494 2.506295 3.283786
 3.680000 -2.692894 2.484141 3.055315
 3.700000 -2.455414 2.491001 3.594264
 3.720000 -2.597308 2.426714 3.216659
 3.740000 -2.509485 2.553905 3.402906
 3.760000 -2.664134 2.457183 3.074757
 3.780000 -2.697610 2.667208 3.323006
 3.800000 -2.795473 2.601509 3.316501
 3.820000 -2.649305 2.622093 3.226977
 3.840000 -2.785133 2.604290 3.306119
 3.860000 -2.580850 2.692173 3.366631
 3.880000 -2.648363 2.760357 3.448151
 3.900000 -2.673846 2.659635 3.290876
 3.920000 -2.439068 2.670387 3.709568
 3.940000 -2.590489 2.787086 3.482407
 3.960000 -2.509374 2.726401 3.539313
 3.980000 -2.608612 2.749451 3.424994
 4.000000 -2.688626 2.790012 3.539955
 4.020000 -2.748287 2.710707 3.493515
 4.040000 -2.559713 2.781607 3.503627
 4.060000 -2.819668 2.712656 3.672544
 4.080000 -2.573296 2.864257 3.564941
 4.100000 -2.552433 2.816279 3.548099
 4.120000 -2.601538 2.739421 3.413763
 4.140000 -2.335705 2.705892 4.202709
 4.160000 -2.469068 2.564373 3.533401
 4.180000 -2.491422 2.793984 3.652037
 4.200000 -2.565001 2.717461 3.419423
 4.220000 -2.574694 2.710613 3.397958
 4.240000 -2.740254 2.618916 3.273808
 4.260000 -2.570194 2.722393 3.418776
 4.280000 -2.774894 2.741853 3.626097
 4.300000 -2.751636 2.813001 3.710380
 4.320000 -2.749287 2.718659 3.513465
 4.340000 -2.719100 2.749640 3.518652
 4.360000 -2.645361 2.912100 3.608988
 4.380000 -2.699516 2.760993 3.506459
 4.400000 -2.683171 2.879451 3.644158
 4.420000 -2.627740 3.085052 3.429595
 4.440000 -2.549226 3.030631 3.514147
 4.460000 -2.518822 3.095593 3.398526
 4.480000 -2.509938 -2.979141 2.546695
 4.500000 -2.601815 -3.067837 2.975153
 4.520000 -2.445370 -3.055865 2.996113
 4.540000 -2.515699 3.113516 3.350644
 4.560000 -2.555042 3.082797 3.407582
 4.580000 -2.631094 3.071822 3.462359
 4.600000 -2.778600 2.901803 3.900445
 4.620000 -2.778996 2.852277 3.848902
 4.640000 -2.798042 2.785333 3.786546
 4.660000 -2.887210 2.754267 3.980778
 4.680000 -2.839014 2.668737 3.599338
 4.700000 -2.731794 2.733347 3.509620
 4.720000 -2.728263 2.543577 3.120049
 4.740000 -2.564034 2.605194 3.296250
 4.760000 -2.552865 2.521360 3.284034
 4.780000 -2.501372 2.608704 3.449460
 4.800000 -2.369039 2.597062 3.940928
 4.820000 -2.440378 2.381780 3.806775
 4.840000 -2.371757 2.406912 4.012886
 4.860000 -2.446630 2.373499 3.802728
 4.880000 -2.480460 2.340668 3.759825
 4.900000 -2.561311 2.237597 3.759324
 4.920000 -2.561130 2.231549 3.781256
 4.940000 -2.692881 2.083856 3.596663
 4.960000 -2.589001 2.244483 3.615733
 4.980000 -2.788019 2.052140 3.195931
 5.000000 -2.705103 2.245455 3.160855
 5.020000 -2.553846 2.328266 3.515965
 5.040000 -2.600305 2.539811 3.191167
 5.060000 -2.521275 2.595076 3.385786
 5.080000 -2.386226 2.646133 3.905098
 5.100000 -2.551443 2.852356 3.577385
 5.120000 -2.429891 2.821879 3.872816
 5.140000 -2.441849 2.824936 3.829827
 5.160000 -2.527825 2.777199 3.550922
 5.180000 -2.406961 2.871359 3.975567
 5.200000 -2.594088 2.855383 3.550613
 5.220000 -2.824991 2.852983 3.994804
 5.240000 -2.819512 2.845408 3.965653
 5.260000 -2.994578 2.831545 4.428459
 5.280000 -2.951698 2.945133 4.432108
 5.300000 -2.832714 2.924974 4.085544
 5.320000 -2.784058 2.947935 3.933159
 5.340000 -2.673655 2.897701 3.641221
 5.360000 -2.496276 2.972100 3.654090
 5.380000 -2.688440 2.886144 3.659186
 5.400000 -2.485876 2.922643 3.707250
 5.420000 -2.540651 2.940985 3.605682
 5.440000 -2.528395 2.878435 3.622040
 5.460000 -2.442083 2.763617 3.786352
 5.480000 -2.575765 2.738406 3.432845
 5.500000 -2.503741 2.790135 3.616819
 5.520000 -2.370952 2.702795 4.030834
 5.540000 -2.377979 2.583389 3.893821
 5.560000 -2.387336 2.511406 3.843545
 5.580000 -2.439812 2.593880 3.649031
 5.600000 -2.691432 2.469041 3.047202
 5.620000 -2.608587 2.480926 3.165992
 5.640000 -2.702708 2.456114 3.030169
 5.660000 -2.714171 2.506669 3.066782
 5.680000 -2.742542 2.573302 3.182477
 5.700000 -2.875417 2.491943 3.124303
 5.720000 -2.831875 2.593256 3.359753
 5.740000 -2.628453 2.483820 3.130755
 5.760000 -2.580439 2.676421 3.346981
 5.780000 -2.573841 2.685615 3.367031
 5.800000 -2.521446 2.762564 3.549240
 5.820000 -2.698687 2.737169 3.460471
 5.840000 -2.672326 2.694579 3.351673
 5.860000 -2.688011 2.635779 3.257048
 5.880000 -2.792383 2.813120 3.825136
 5.900000 -2.726795 2.955992 3.769050
 5.920000 -2.769599 2.816511 3.764837
 5.940000 -2.698547 2.872192 3.666617
 5.960000 -2.657025 2.911701 3.623290
 5.980000 -2.524287 2.978366 3.602569
 6.000000 -2.594400 2.957254 3.575616
 6.020000 -2.390139 2.941046 4.010567
 6.040000 -2.550762 2.789734 3.524380
 6.060000 -2.648291 2.826252 3.541990
 6.080000 -2.747073 2.786556 3.651042
 6.100000 -2.778292 2.791002 3.741556
 6.120000 -2.711278 2.779043 3.559804
 6.140000 -2.628897 2.584628 3.190425
 6.160000 -2.662191 2.681858 3.323404
 6.180000 -2.703332 2.607542 3.216414
 6.200000 -2.629423 2.778931 3.467389
 6.220000 -2.629385 2.667820 3.298217
 6.240000 -2.385575 2.602960 3.873476
 6.260000 -2.570100 2.686455 3.373208
 6.280000 -2.647827 2.684854 3.323669
 6.300000 -2.788647 2.747208 3.674716
 6.320000 -2.870062 2.674452 3.696327
 6.340000 -2.747095 2.715732 3.502330
 6.360000 -2.640782 2.676216 3.309317
 6.380000 -2.655457 2.732640 3.406732
 6.400000 -2.733134 2.666097 3.366374
 6.420000 -2.580773 2.757685 3.452613
 6.440000 -2.668582 2.717668 3.390149
 6.460000 -2.577179 2.811870 3.518747
 6.480000 -2.557844 2.756027 3.476832
 6.500000 -2.765909 2.859524 3.819880
 6.520000 -2.733501 2.973947 3.780941
 6.540000 -2.782038 2.890688 3.902183
 6.560000 -2.782910 2.861161 3.872660
 6.580000 -2.694503 2.823401 3.600641
 6.600000 -2.588586 2.975347 3.565558
 6.620000 -2.547178 2.848717 3.580328
 6.640000 -2.551620 2.812996 3.546145
 6.660000 -2.653191 2.718870 3.382081
 6.680000 -2.634941 2.869528 3.574100
 6.700000 -2.703329 2.867816 3.672020
 6.720000 -2.811250 2.678552 3.558006
 6.740000 -2.742015 2.801409 3.666150
 6.760000 -2.878899 2.721765 3.864893
 6.780000 -2.666458 2.919858 3.639783
 6.800000 -2.688981 2.673948 3.327604
 6.820000 -2.420030 2.750499 3.861023
 6.840000 -2.379332 2.759204 4.046047
 6.860000 -2.293768 2.777766 4.489330
 6.880000 -2.523276 2.726047 3.505715
 6.900000 -2.403191 2.750274 3.931592
 6.920000 -2.615674 2.691647 3.338123
 6.940000 -2.558417 2.814243 3.538889
 6.960000 -2.605012 2.626467 3.258801
 6.980000 -2.705522 2.508856 3.071184
 7.000000 -2.568235 2.674527 3.361356
 7.020000 -2.605858 2.539509 3.182256
 7.040000 -2.495610 2.489610 3.457759
 7.060000 -2.595975 2.537094 3.197221
 7.080000 -2.673412 2.526118 3.102194
 7.100000 -2.730660 2.679540 3.391831
 7.120000 -2.841979 2.647317 3.542507
 7.140000 -2.813158 2.644651 3.468282
 7.160000 -2.773593 2.705340 3.536559
 7.180000 -2.621369 2.916370 3.589084
 7.200000 -2.587970 2.807606 3.507489
 7.220000 -2.310936 2.999271 4.267993
 7.240000 -2.396491 2.943356 3.982700
 7.260000 -2.194577 3.089491 4.475326
 7.280000 -2.361448 3.069327 3.860471
 7.300000 -2.320820 3.014859 4.184967
 7.320000 -2.477628 3.114267 3.398710
 7.340000 -2.450234 2.976401 3.761473
 7.360000 -2.540637 2.940724 3.605781
 7.380000 -2.626125 2.887989 3.580231
 7.400000 -2.572164 2.867895 3.567821
 7.420000 -2.718253 2.759104 3.535531
 7.440000 -2.517908 2.739383 3.532590
 7.460000 -2.642238 2.550882 3.146565
 7.480000 -2.688077 2.635872 3.257254
 7.500000 -2.600843 2.560729 3.202020
 7.520000 -2.759387 2.524570 3.102722
 7.540000 -2.689328 2.536754 3.106838
 7.560000 -2.710294 2.483328 3.043965
 7.580000 -2.634688 2.507001 3.126948
 7.600000 -2.753999 2.407091 2.957643
 7.620000 -2.571617 2.569420 3.256754
 7.640000 -2.730600 2.329430 2.990877
 7.660000 -2.523866 2.558396 3.363341
 7.680000 -2.455500 2.437421 3.646926
 7.700000 -2.478076 2.526175 3.501776
 7.720000 -2.333909 2.516941 4.059720
 7.740000 -2.432900 2.591700 3.674257
 7.760000 -2.358423 2.670541 4.055005
 7.780000 -2.404976 2.634915 3.815048
 7.800000 -2.338512 2.783226 4.262339
 7.820000 -2.529232 2.699023 3.462139
 7.840000 -2.413499 2.786665 3.917067
 7.860000 -2.595146 2.790319 3.484136
 7.880000 -2.529707 2.791392 3.561163
 7.900000 -2.544001 2.903488 3.605441
 7.920000 -2.678611 2.758908 3.473455
 7.940000 -2.641239 2.916590 3.605949
 7.960000 -2.721888 2.996327 3.737045
 7.980000 -2.852584 2.869228 4.107079
 8.000000 -2.706268 2.843408 3.649869
 8.020000 -2.863557 2.821299 4.065975
 8.040000 -2.877529 2.715890 3.843697
 8.060000 -2.777334 2.830242 3.810501
 8.080000 -3.015760 2.603815 3.705387
 8.100000 -2.901087 2.666999 3.749993
 8.120000 -2.786377 2.757489 3.692318
 8.140000 -2.811404 2.693002 3.597788
 8.160000 -2.661372 2.804537 3.526358
 8.180000 -2.522580 2.729765 3.511401
 8.200000 -2.532008 2.791730 3.557171
 8.220000 -2.268473 2.739480 4.583664
 8.240000 -2.253627 2.817468 4.728763
 8.260000 -2.257602 2.547151 4.387736
 8.280000 -2.031607 2.765570 5.672481
 8.300000 -2.051717 2.700051 5.473939
 8.320000 -2.059757 2.639878 5.291406
 8.340000 -1.864658 2.788686 5.951539
 8.360000 -2.023152 2.667599 5.468952
 8.380000 -1.723543 2.732975 5.707205
 8.400000 -1.739785 2.690578 5.659576
 8.420000 -1.849811 2.447596 4.998452
 8.440000 -1.825295 2.531923 5.234148
 8.460000 -1.800888 2.549648 5.287491
 8.480000 -1.688278 2.307998 4.745953
 8.500000 -1.574714 2.451692 4.859627
 8.520000 -1.425553 2.281239 4.640431
 8.540000 -1.663407 2.400308 4.824307
 8.560000 -1.519769 2.378548 4.723796
 8.580000 -1.584085 2.218752 4.686621
 8.600000 -1.291259 2.382470 4.691045
 8.620000 -1.165138 2.214529 4.696188
 8.640000 -1.277203 2.333841 4.689197
 8.660000 -1.288681 2.267856 4.661891
 8.680000 -1.224443 2.343502 4.707428
 8.700000 -1.119926 2.357208 4.753114
 8.720000 -1.015866 2.359253 4.810417
 8.740000 -1.003761 2.383530 4.800338
 8.760000 -1.011683 2.353509 4.816028
 8.780000 -1.190346 2.476358 4.642420
 8.800000 -0.956508 2.354169 4.845867
 8.820000 -1.066308 2.317948 4.794934
 8.840000 -1.069243 2.364497 4.777082
 8.860000 -1.355373 2.461943 4.706146
 8.880000 -1.402740 2.381676 4.696200
 8.900000 -1.445586 2.388227 4.709932
 8.920000 -1.322947 2.214361 4.621594
 8.940000 -1.412319 2.326845 4.665482
 8.960000 -1.623118 2.403622 4.806874
 8.980000 -1.727523 2.343159 4.790655
 9.000000 -1.833501 2.438685 4.976695
 9.020000 -1.811871 2.360489 4.857103
 9.040000 -1.804202 2.380206 4.870805
 9.060000 -1.969294 2.335921 4.924750
 9.080000 -1.957282 2.370457 4.906154
 9.100000 -1.986099 2.524217 5.117063
 9.120000 -1.938316 2.444155 4.977223
 9.140000 -2.055250 2.394959 4.853069
 9.160000 -2.248719 2.394689 4.458181
 9.180000 -2.486827 2.454097 3.516169
 9.200000 -2.596068 2.673328 3.325980
 9.220000 -2.667454 2.582050 3.168281
 9.240000 -2.686315 2.685761 3.347241
 9.260000 -2.620560 2.731770 3.396523
 9.280000 -2.699020 2.857825 3.652435
 9.300000 -2.727498 2.794964 3.621250
 9.320000 -2.725735 2.825848 3.667787
 9.340000 -2.794755 2.868010 3.918041
 9.360000 -2.773811 2.894149 3.879983
 9.380000 -2.749259 3.091409 3.647334
 9.400000 -3.000098 3.037445 4.385372
 9.420000 -2.869560 3.061909 4.058385
 9.440000 -2.897707 -3.109152 3.721612
 9.460000 -2.736551 3.120816 3.533178
 9.480000 -2.520161 2.991450 3.594913
 9.500000 -2.432972 3.063576 3.643298
 9.520000 -2.285843 2.932690 4.510687
 9.540000 -2.231662 3.000887 4.646007
 9.560000 -2.228543 2.811118 4.859673
 9.580000 -2.287064 2.797092 4.538901
 9.600000 -2.130150 2.814400 5.353521
 9.620000 -2.282953 2.764772 4.534834
 9.640000 -2.207945 2.681866 4.803534
 9.660000 -2.339176 2.495204 4.041423
 9.680000 -2.341236 2.506744 4.030398
 9.700000 -2.323744 2.389820 4.222121
 9.720000 -2.372382 2.290169 4.354333
 9.740000 -2.438579 2.211809 4.431262
 9.760000 -2.440847 2.262585 4.193566
 9.780000 -2.638121 2.299467 3.285257
 9.800000 -2.717910 2.112903 3.394795
 9.820000 -2.679966 2.228458 3.286211
 9.840000 -2.837896 2.113193 2.886987
 9.860000 -2.768515 2.290059 2.928756
 9.880000 -2.817031 2.265167 2.827138
 9.900000 -2.817202 2.167514 2.891507
 9.920000 -2.748099 2.261100 3.004149
 9.940000 -2.708414 2.451190 3.022430
 9.960000 -2.684500 2.550180 3.124086
 9.980000 -2.652728 2.707135 3.362097
 10.000000 -2.597460 2.775485 3.464483
 10.020000 -2.570404 2.869681 3.569970
 10.040000 -2.511001 3.079729 3.448359
 10.060000 -2.730123 3.009357 3.745471
 10.080000 -2.521370 -3.033402 2.812098
 10.100000 -2.513957 -3.072808 2.995082
 10.120000 -2.504388 -2.900775 2.128647
 10.140000 -2.380206 -2.877321 2.095954
 10.160000 -2.468508 -2.805870 1.624639
 10.180000 -2.487940 -2.712565 1.155568
 10.200000 -2.471705 -2.729826 1.238618
 10.220000 -2.522690 -2.722611 1.200650
 10.240000 -2.653893 -2.774805 1.502210
 10.260000 -2.547818 -2.652035 0.898370
 10.280000 -2.693263 -2.821590 1.784420
 10.300000 -2.753846 -2.994566 2.840658
 10.320000 -2.846463 -3.052045 3.332414
 10.340000 -3.021385 3.041663 4.391581
 10.360000 -3.038590 3.010847 4.470409
 10.380000 -3.041892 2.971626 4.533246
 10.400000 -2.940075 2.781310 4.200049
 10.420000 -2.776806 2.754504 3.659882
 10.440000 -2.598323 2.767633 3.453792
 10.460000 -2.565349 2.704513 3.402588
 10.480000 -2.363032 2.706241 4.071462
 10.500000 -2.428588 2.352291 3.927554
 10.520000 -2.311327 2.296194 4.544301
 10.540000 -2.169528 2.290782 4.910280
 10.560000 -2.188139 2.282767 4.909912
 10.580000 -1.996300 2.085643 6.057341
 10.600000 -1.979701 2.107858 5.869437
 10.620000 -2.040637 2.010599 6.719323
 10.640000 -1.727032 1.895976 6.131615
 10.660000 -1.808355 1.958796 6.261008
 10.680000 -1.642244 1.802903 5.914227
 10.700000 -1.538920 1.931961 5.008847
 10.720000 -1.323106 1.749115 4.565049
 10.740000 -1.471160 1.824718 4.888891
 10.760000 -1.109353 1.698958 4.847474
 10.780000 -1.128628 1.792875 4.603115
 10.800000 -1.102607 1.918168 4.537943
 10.820000 -0.997520 1.827233 4.800311
 10.840000 -0.919332 1.820109 4.989290
 10.860000 -0.930407 1.816438 4.972278
 10.880000 -0.951384 1.923953 4.774631
 10.900000 -0.848422 1.760059 5.315190
 10.920000 -1.067621 1.956939 4.581734
 10.940000 -1.236022 1.924704 4.447683
 10.960000 -1.312912 2.061599 4.527268
 10.980000 -1.444752 2.048046 4.632911
 11.000000 -1.427047 2.099524 4.601155
 11.020000 -1.568709 2.134219 4.747886
 11.040000 -1.554924 2.048531 4.849893
 11.060000 -1.796222 2.250631 4.901279
 11.080000 -1.849992 2.163714 5.263887
 11.100000 -1.920084 2.197885 5.253871
 11.120000 -2.009928 2.294876 5.002938
 11.140000 -2.024998 2.318231 4.951640
 11.160000 -2.023640 2.412557 4.886300
 11.180000 -2.076173 2.407558 4.826347
 11.200000 -2.101573 2.568082 4.982970
 11.220000 -2.175471 2.530161 4.680102
 11.240000 -2.402077 2.601889 3.803160
 11.260000 -2.442080 2.674063 3.701612
 11.280000 -2.488287 2.836369 3.689532
 11.300000 -2.616117 2.866218 3.560915
 11.320000 -2.666770 2.965895 3.639619
 11.340000 -2.627585 3.110329 3.366160
 11.360000 -2.796910 -3.065297 3.292257
 11.380000 -2.740478 -2.894781 2.255013
 11.400000 -2.837836 -2.988946 2.963658
 11.420000 -2.958730 -2.958555 2.926043
 11.440000 -2.957484 -2.967568 2.984519
 11.460000 -3.040828 -2.981783 3.090096
 11.480000 -3.091155 -3.054974 3.515258
 11.500000 -3.059258 -3.091084 3.756242
 11.520000 -2.955080 -3.068481 3.601050
 11.540000 -2.887795 -2.985738 3.024919
 11.560000 -2.611770 -3.021793 2.774734
 11.580000 -2.631812 3.131095 3.310970
 11.600000 -2.390517 -3.108962 3.360462
 11.620000 -2.448191 3.055469 3.623891
 11.640000 -2.454488 2.908247 3.798195
 11.660000 -2.546083 2.634052 3.357291
 11.680000 -2.615004 2.649204 3.278954
 11.700000 -2.609402 2.475169 3.165225
 11.720000 -2.703679 2.444072 3.023692
 11.740000 -2.620010 2.429120 3.161600
 11.760000 -2.797602 2.297262 2.864966
 11.780000 -2.542685 2.311058 3.603742
 11.800000 -2.661205 2.283129 3.239958
 11.820000 -2.499645 2.269410 3.915062
 11.840000 -2.517185 2.408105 3.476349
 11.860000 -2.569335 2.502730 3.246157
 11.880000 -2.576412 2.568572 3.247265
 11.900000 -2.548783 2.584673 3.312820
 11.920000 -2.615388 2.718004 3.377031
 11.940000 -2.493533 2.978589 3.653113
 11.960000 -2.526801 2.981954 3.596040
 11.980000 -2.624410 2.835182 3.536155
 12.000000 -2.488179 3.020531 3.606700
 12.020000 -2.705802 2.983145 3.708264
 12.040000 -2.532265 3.044295 3.503203
 12.060000 -2.706239 2.936601 3.719753
 12.080000 -2.798085 3.074488 3.823201
 12.100000 -2.699873 -3.024446 2.898954
 12.120000 -2.805089 -3.124973 3.574701
 12.140000 -2.803186 3.074414 3.837986
 12.160000 -2.723805 3.123092 3.496275
 12.180000 -2.745231 -3.104383 3.347823
 12.200000 -2.656566 2.934800 3.628046
 12.220000 -2.528359 2.902723 3.626509
 12.240000 -2.676523 2.653083 3.280889
 12.260000 -2.560954 2.828081 3.548574
 12.280000 -2.730752 2.561154 3.151160
 12.300000 -2.731345 2.456338 3.009645
 12.320000 -2.790110 2.419484 2.945363
 12.340000 -2.772219 2.485009 3.039850
 12.360000 -2.853729 2.478194 3.068791
 12.380000 -2.675376 2.358187 3.092675
 12.400000 -2.617769 2.459542 3.152385
 12.420000 -2.614100 2.375884 3.228616
 12.440000 -2.427774 2.487573 3.697938
 12.460000 -2.507699 2.376615 3.568842
 12.480000 -2.388090 2.677393 3.927129
 12.500000 -2.312973 2.631526 4.227292
 12.520000 -2.433444 2.770649 3.824947
 12.540000 -2.502252 2.636860 3.468167
 12.560000 -2.551069 2.803267 3.537590
 12.580000 -2.701676 2.775096 3.535593
 12.600000 -2.689481 2.756551 3.483372
 12.620000 -2.663894 2.672326 3.307908
 12.640000 -2.665657 2.619049 3.221551
 12.660000 -2.550788 2.852949 3.578537
 12.680000 -2.705208 2.682182 3.360924
 12.700000 -2.612844 2.769577 3.452450
 12.720000 -2.662086 2.723617 3.395709
 12.740000 -2.654975 2.852999 3.578521
 12.760000 -2.716102 2.903315 3.729730
 12.780000 -2.745078 2.926098 3.814958
 12.800000 -2.789281 2.874936 3.908961
 12.820000 -2.699696 2.980709 3.696100
 12.840000 -2.758035 2.844919 3.777785
 12.860000 -2.742299 2.814321 3.689008
 12.880000 -2.745235 2.876797 3.781788
 12.900000 -2.813071 2.873523 3.983049
 12.920000 -2.739355 2.971728 3.797439
 12.940000 -2.846655 2.699589 3.710003
 12.960000 -2.774066 2.891897 3.878865
 12.980000 -2.736512 2.931646 3.793344
 13.000000 -2.662873 2.973677 3.630174
 13.020000 -2.739522 2.841779 3.724099
 13.040000 -2.549060 2.787925 3.524991
 13.060000 -2.538395 2.822771 3.573877
 13.080000 -2.478135 2.827514 3.712862
 13.100000 -2.340739 2.828838 4.274722
 13.120000 -2.372088 2.646000 3.967823
 13.140000 -2.138713 2.945095 5.224866
 13.160000 -2.275275 2.962559 4.517834
 13.180000 -2.171386 2.890191 5.149172
 13.200000 -2.271719 2.879746 4.631336
 13.220000 -2.206162 2.916181 4.946291
 13.240000 -2.385239 2.891113 4.063643
 13.260000 -2.454189 2.758662 3.738234
 13.280000 -2.709516 2.561310 3.141664
 13.300000 -2.839612 2.567530 3.298604
 13.320000 -2.787430 2.590007 3.274172
 13.340000 -3.005723 2.446031 3.035023
 13.360000 -3.009123 2.391836 2.834299
 13.380000 -2.930373 2.434199 2.983004
 13.400000 -2.782535 2.704264 3.555144
 13.420000 -2.611033 2.622846 3.248823
 13.440000 -2.333599 2.555109 4.070975
 13.460000 -2.456411 2.560860 3.576918
 13.480000 -2.280478 2.666257 4.426530
 13.500000 -2.370345 2.707781 4.038804
 13.520000 -2.373113 2.639659 3.957393
 13.540000 -2.214194 2.649258 4.718107
 13.560000 -2.230164 2.731847 4.771781
 13.580000 -2.279074 2.729750 4.517049
 13.600000 -2.378968 2.617268 3.912512
 13.620000 -2.338300 2.575228 4.061732
 13.640000 -2.423441 2.582484 3.706773
 13.660000 -2.406608 2.658508 3.828837
 13.680000 -2.597200 2.591856 3.231628
 13.700000 -2.800716 2.596868 3.313389
 13.720000 -2.645972 2.758150 3.443225
 13.740000 -2.811152 2.622994 3.403608
 13.760000 -2.641728 2.768179 3.456592
 13.780000 -2.749001 2.761635 3.605939
 13.800000 -2.554659 2.997437 3.554933
 13.820000 -2.461322 2.957717 3.749599
 13.840000 -2.430190 2.853852 3.882999
 13.860000 -2.432503 2.679107 3.743163
 13.880000 -2.514603 2.918662 3.648295
 13.900000 -2.689278 2.753974 3.478403
 13.920000 -2.787919 2.746182 3.670343
 13.940000 -2.966459 2.651078 3.832151
 13.960000 -2.964592 2.574547 3.526967
 13.980000 -2.803334 2.708874 3.619095
 14.000000 -2.918960 2.528537 3.291608
 14.020000 -2.625711 2.600262 3.210232
 14.040000 -2.562687 2.634544 3.325892
 14.060000 -2.317714 2.813576 4.386561
 14.080000 -2.366025 2.727784 4.079313
 14.100000 -2.309511 2.712453 4.340726
 14.120000 -2.406335 2.853795 3.977197
 14.140000 -2.332401 2.858548 4.320257
 14.160000 -2.364343 2.761045 4.118081
 14.180000 -2.527553 2.711206 3.479571
 14.200000 -2.418406 2.755160 3.871759
 14.220000 -2.624308 2.686841 3.327872
 14.240000 -2.509674 2.590434 3.415080
 14.260000 -2.614227 2.246941 3.502499
 14.280000 -2.568814 2.341193 3.432084
 14.300000 -2.697259 2.412837 3.025758
 14.320000 -2.661809 2.349753 3.134638
 14.340000 -2.890689 2.282698 2.694892
 14.360000 -2.816698 2.303265 2.830155
 14.380000 -2.759394 2.486686 3.039975
 14.400000 -2.731500 2.568931 3.165623
 14.420000 -2.582275 2.550066 3.227015
 14.440000 -2.501471 2.571917 3.431240
 14.460000 -2.317545 2.794906 4.377332
 14.480000 -2.306419 2.755296 4.403103
 14.500000 -2.346483 2.779217 4.219602
 14.520000 -2.451930 2.731156 3.720668
 14.540000 -2.398579 2.865973 4.010572
 14.560000 -2.491658 2.808978 3.663081
 14.580000 -2.477900 2.664097 3.566732
 14.600000 -2.649848 2.636290 3.247667
 14.620000 -2.734022 2.712228 3.468816
 14.640000 -2.631471 2.631407 3.245745
 14.660000 -2.741108 2.547028 3.132259
 14.680000 -2.697036 2.620633 3.235741
 14.700000 -2.695839 2.607276 3.211660
 14.720000 -2.598287 2.893917 3.573234
 14.740000 -2.686059 2.675502 3.327933
 14.760000 -2.512182 2.719642 3.524983
 14.780000 -2.641651 2.668966 3.298026
 14.800000 -2.544154 2.804514 3.548770
 14.820000 -2.673544 2.732551 3.421185
 14.840000 -2.738219 2.565288 3.163677
 14.860000 -2.690387 2.692522 3.364081
 14.880000 -2.672442 2.614137 3.214774
 14.900000 -2.610806 2.553370 3.183061
 14.920000 -2.685311 2.487643 3.063482
 14.940000 -2.637656 2.701763 3.349563
 14.960000 -2.583388 2.654703 3.316568
 14.980000 -2.453230 2.700597 3.686175
 15.000000 -2.426116 2.583535 3.696765
 15.020000 -2.416290 2.691547 3.820308
 15.040000 -2.383316 2.870357 4.076607
 15.060000 -2.440455 2.678814 3.712276
 15.080000 -2.322878 2.764782 4.327045
 15.100000 -2.454686 2.686021 3.666723
 15.120000 -2.477752 2.911574 3.730832
 15.140000 -2.599754 2.727312 3.397725
 15.160000 -2.708029 2.758152 3.515221
 15.180000 -2.755378 2.634319 3.329719
 15.200000 -2.817162 2.746139 3.751985
 15.220000 -2.903704 2.668346 3.760893
 15.240000 -2.784290 2.731299 3.625567
 15.260000 -2.732748 2.700989 3.442108
 15.280000 -2.667813 2.715099 3.384954
 15.300000 -2.612276 2.697090 3.347615
 15.320000 -2.656970 2.614883 3.215472
 15.340000 -2.538675 2.798836 3.552175
 15.360000 -2.581582 2.872038 3.565378
 15.380000 -2.441644 2.691315 3.719820
 15.400000 -2.403370 2.721945 3.904511
 15.420000 -2.402664 2.733849 3.918888
 15.440000 -2.410941 2.783927 3.925783
 15.460000 -2.368388 2.725702 4.066106
 15.480000 -2.393353 2.603940 3.841047
 15.500000 -2.425670 2.611201 3.713387
 15.520000 -2.448728 2.654711 3.659012
 15.540000 -2.795497 2.492751 3.063281
 15.560000 -2.618005 2.483306 3.148465
 15.580000 -2.800067 2.432772 2.960395
 15.600000 -2.678157 2.513303 3.087897
 15.620000 -2.654063 2.384424 3.118818
 15.640000 -2.705368 2.397689 3.014375
 15.660000 -2.824880 2.419315 2.935426
 15.680000 -2.501331 2.488606 3.439966
 15.700000 -2.679827 2.451265 3.053095
 15.720000 -2.562381 2.529203 3.262094
 15.740000 -2.410762 2.624732 3.783036
 15.760000 -2.536992 2.776898 3.533290
 15.780000 -2.392305 2.835488 4.033085
 15.800000 -2.378424 2.718993 4.012792
 15.820000 -2.391013 2.767597 3.999827
 15.840000 -2.401740 2.826413 3.989023
 15.860000 -2.335479 2.876583 4.301681
 15.880000 -2.588874 2.803617 3.502605
 15.900000 -2.506668 2.926232 3.661259
 15.920000 -2.728109 2.774744 3.585397
 15.940000 -2.909401 2.714520 3.926248
 15.960000 -2.766616 2.907066 3.867745
 15.980000 -2.936862 2.870662 4.362584
 16.000000 -2.736054 2.953116 3.793494
 16.020000 -2.616290 2.993722 3.563223
 16.040000 -2.617915 3.072282 3.448557
 16.060000 -2.518537 2.958960 3.625701
 16.080000 -2.516085 3.045438 3.518202
 16.100000 -2.616787 2.891388 3.576879
 16.120000 -2.622719 2.918120 3.590371
 16.140000 -2.665316 3.009737 3.606815
 16.160000 -2.839295 2.709834 3.718881
 16.180000 -2.559572 2.789668 3.512541
 16.200000 -2.629298 2.717932 3.374702
 16.220000 -2.599286 2.711560 3.375754
 16.240000 -2.469888 2.680052 3.608329
 16.260000 -2.495462 2.608173 3.466637
 16.280000 -2.528953 2.621338 3.384706
 16.300000 -2.485705 2.613370 3.500119
 16.320000 -2.667927 2.451902 3.068914
 16.340000 -2.714635 2.428038 3.006022
 16.360000 -2.598940 2.483686 3.184680
 16.380000 -2.837787 2.353759 2.836649
 16.400000 -2.622457 2.453542 3.144976
 16.420000 -2.671804 2.440726 3.062768
 16.440000 -2.562086 2.620189 3.313097
 16.460000 -2.467116 2.579559 3.544502
 16.480000 -2.552679 2.595014 3.311118
 16.500000 -2.583028 2.526791 3.217902
 16.520000 -2.597152 2.776555 3.465999
 16.540000 -2.657297 2.797931 3.512704
 16.560000 -2.698705 2.766063 3.514445
 16.580000 -2.612151 2.841077 3.538333
 16.600000 -2.754877 2.833742 3.752498
 16.620000 -2.516275 3.059587 3.489011
 16.640000 -2.557184 3.055547 3.466240
 16.660000 -2.492202 3.047907 3.548180
 16.680000 -2.399790 3.096164 3.642205
 16.700000 -2.520144 3.091798 3.407417
 16.720000 -2.681918 3.105863 3.457858
 16.740000 -2.775837 3.092136 3.716256
 16.760000 -2.811488 2.933177 4.018783
 16.780000 -2.814572 2.949179 4.029491
 16.800000 -2.668308 2.808081 3.539417
 16.820000 -2.807999 2.730516 3.687088
 16.840000 -2.782910 2.667979 3.464268
 16.860000 -2.757939 2.628103 3.319308
 16.880000 -2.752510 2.594212 3.235769
 16.900000 -2.641370 2.560798 3.156357
 16.920000 -2.747321 2.665251 3.387809
 16.940000 -2.683970 2.732658 3.432614
 16.960000 -2.736692 2.686582 3.417431
 16.980000 -2.656251 2.661071 3.286733
 17.000000 -2.565073 2.665821 3.355939
 17.020000 -2.398296 2.721068 3.925688
 17.040000 -2.323115 2.738955 4.301218
 17.060000 -2.207531 2.760310 4.924294
 17.080000 -2.297498 2.550869 4.223557
 17.100000 -2.326609 2.544737 4.096342
 17.120000 -2.402970 2.545051 3.777940
 17.140000 -2.434876 2.612075 3.678084
 17.160000 -2.546979 2.589415 3.319769
 17.180000 -2.610524 2.692481 3.341846
 17.200000 -2.768962 2.612624 3.300277
 17.220000 -2.835654 2.641241 3.509467
 17.240000 -2.838480 2.624598 3.466012
 17.260000 -2.739552 2.666885 3.378381
 17.280000 -2.465191 2.732092 3.675503
 17.300000 -2.475081 2.759363 3.669445
 17.320000 -2.513565 2.887582 3.650435
 17.340000 -2.542431 2.872670 3.599350
 17.360000 -2.670738 2.954784 3.649115
 17.380000 -2.691541 2.950695 3.688534
 17.400000 -2.581933 3.011692 3.531661
 17.420000 -2.795452 3.040904 3.885341
 17.440000 -2.722123 2.933860 3.756883
 17.460000 -2.743624 3.008384 3.782145
 17.480000 -2.694095 3.004426 3.666164
 17.500000 -2.557570 2.967516 3.578728
 17.520000 -2.598565 2.874158 3.563205
 17.540000 -2.608928 -3.133807 3.231215
 17.560000 -2.655852 -3.135744 3.290050
 17.580000 -2.584186 -3.128828 3.200564
 17.600000 -2.728969 3.124957 3.502506
 17.620000 -2.457400 -3.121808 3.266098
 17.640000 -2.576926 3.101212 3.359556
 17.660000 -2.459277 2.981079 3.730608
 17.680000 -2.470575 2.922602 3.746371
 17.700000 -2.586629 2.847357 3.546266
 17.720000 -2.593921 2.872680 3.562589
 17.740000 -2.650809 2.658671 3.282135
 17.760000 -2.733719 2.715798 3.475947
 17.780000 -2.821429 2.761809 3.802668
 17.800000 -2.891532 2.754667 3.994474
 17.820000 -3.061941 2.608583 3.748532
 17.840000 -2.792776 2.718475 3.616169
 17.860000 -2.748701 2.724700 3.525671
 17.880000 -2.451944 2.753203 3.741262
 17.900000 -2.467362 2.746875 3.682518
 17.920000 -2.417541 2.644279 3.770936
 17.940000 -2.424243 2.936360 3.884134
 17.960000 -2.418039 2.787369 3.898877
 17.980000 -2.439728 2.668928 3.705687
 18.000000 -2.414689 2.794236 3.917342
 18.020000 -2.504220 2.796571 3.621171
 18.040000 -2.539712 2.790718 3.542590
 18.060000 -2.576334 2.667534 3.341302
 18.080000 -2.608354 2.549969 3.184271
 18.100000 -2.587104 2.601334 3.254473
 18.120000 -2.651142 2.597455 3.192758
 18.140000 -2.758963 2.532555 3.117139
 18.160000 -2.754176 2.653022 3.371341
 18.180000 -2.813517 2.668653 3.536157
 18.200000 -2.688106 2.787951 3.535788
 18.220000 -2.693014 2.754217 3.484108
 18.240000 -2.619803 2.916118 3.588052
 18.260000 -2.559422 2.909262 3.591192
 18.280000 -2.560769 2.940063 3.588688
 18.300000 -2.593792 2.853134 3.548911
 18.320000 -2.549052 2.933103 3.599289
 18.340000 -2.545081 3.082231 3.413095
 18.360000 -2.546747 2.949763 3.596332
 18.380000 -2.483799 2.857308 3.711034
 18.400000 -2.614058 2.973434 3.575843
 18.420000 -2.552318 2.996299 3.557588
 18.440000 -2.747978 3.008947 3.793463
 18.460000 -2.660504 2.937999 3.633865
 18.480000 -2.833077 2.849766 4.016282
 18.500000 -2.715429 3.001099 3.717204
 18.520000 -2.847095 2.925191 4.132551
 18.540000 -2.797364 2.802262 3.819221
 18.560000 -2.593199 3.013474 3.531393
 18.580000 -2.708371 2.943608 3.725192
 18.600000 -2.558636 2.923752 3.592434
 18.620000 -2.664830 2.851921 3.589529
 18.640000 -2.671352 3.048671 3.563622
 18.660000 -2.634819 2.990853 3.582191
 18.680000 -2.638723 2.863614 3.572342
 18.700000 -2.747698 2.789715 3.658563
 18.720000 -2.634724 2.886977 3.586056
 18.740000 -2.818376 2.884366 4.011882
 18.760000 -2.741749 2.735942 3.535429
 18.780000 -2.699435 2.778198 3.537301
 18.800000 -2.604217 2.664149 3.306767
 18.820000 -2.611818 2.852415 3.548584
 18.840000 -2.633587 2.815942 3.518684
 18.860000 -2.609211 2.709872 3.367593
 18.880000 -2.583038 2.874297 3.566101
 18.900000 -2.565364 2.648884 3.336322
 18.920000 -2.664645 2.582382 3.169279
 18.940000 -2.562595 2.684687 3.382233
 18.960000 -2.642983 2.608756 3.210560
 18.980000 -2.469934 2.518279 3.531191
 19.000000 -2.599083 2.432227 3.207837
 19.020000 -2.548047 2.354719 3.474242
 19.040000 -2.658526 2.526878 3.113052
 19.060000 -2.726543 2.547778 3.126213
 19.080000 -2.819849 2.419722 2.936976
 19.100000 -2.702969 2.451604 3.027690
 19.120000 -2.722439 2.553351 3.133639
 19.140000 -2.756298 2.657126 3.384703
 19.160000 -2.613184 2.606202 3.227745
 19.180000 -2.734420 2.710747 3.466357
 19.200000 -2.578492 2.875326 3.568509
 19.220000 -2.562805 2.853195 3.566006
 19.240000 -2.558812 2.930757 3.591724
 19.260000 -2.672638 2.946756 3.653253
 19.280000 -2.481349 3.095414 3.449187
 19.300000 -2.624631 3.041893 3.511187
 19.320000 -2.553208 3.075379 3.425590
 19.340000 -2.561785 2.991192 3.557628
 19.360000 -2.737361 -3.094373 3.289429
 19.380000 -2.640000 3.124888 3.339237
 19.400000 -2.799479 2.847519 3.905036
 19.420000 -2.747147 2.965755 3.820953
 19.440000 -2.870332 3.004816 4.166945
 19.460000 -2.778987 3.042095 3.835012
 19.480000 -2.906088 2.806853 4.167336
 19.500000 -2.772720 2.712729 3.552334
 19.520000 -2.787977 2.714285 3.593484
 19.540000 -2.714711 2.827172 3.645446
 19.560000 -2.589893 2.701124 3.368993
 19.580000 -2.625509 2.600063 3.210161
 19.600000 -2.536448 2.623046 3.368472
 19.620000 -2.571452 2.706833 3.397157
 19.640000 -2.572837 2.596955 3.273599
 19.660000 -2.599168 2.534658 3.190851
 19.680000 -2.411943 2.668944 3.816421
 19.700000 -2.407200 2.456259 3.803746
 19.720000 -2.331272 2.586394 4.100664
 19.740000 -2.454484 2.506936 3.589381
 19.760000 -2.602463 2.549993 3.192961
 19.780000 -2.446056 2.655949 3.669995
 19.800000 -2.707021 2.611228 3.225551
 19.820000 -2.601315 2.723875 3.391931
 19.840000 -2.789132 2.756705 3.698082
 19.860000 -2.829222 2.942413 4.077002
 19.880000 -2.854448 2.912638 4.151384
 19.900000 -2.675742 2.942283 3.658729
 19.920000 -2.834399 2.831583 3.990740
 19.940000 -2.481595 3.111632 3.400448
 19.960000 -2.635403 2.957783 3.600020
 19.980000 -2.641004 3.002764 3.578970
 20.000000 -2.419312 3.006559 3.811824
