#! FIELDS time phi psi metad.bias
#! SET min_phi -pi
#! SET max_phi pi
#! SET min_psi -pi
#! SET max_psi pi
 0.000000 3.141580 -3.141577 1.752914
 0.020000 -2.748805 2.802149 4.300596
 0.040000 -2.742144 2.796318 4.355005
 0.060000 -2.710729 2.803027 4.660901
 0.080000 -2.806158 2.762195 3.750565
 0.100000 -2.754092 2.775681 4.219607
 0.120000 -2.832134 2.794140 3.556495
 0.140000 -2.833262 2.832745 3.581280
 0.160000 -2.842717 2.816812 3.486658
 0.180000 -2.817506 2.872944 3.761523
 0.200000 -2.912326 2.829565 2.943550
 0.220000 -2.812702 2.879829 3.811926
 0.240000 -2.852493 2.850102 3.435256
 0.260000 -2.765264 2.953794 4.316316
 0.280000 -2.669334 3.010887 5.200887
 0.300000 -2.712734 2.991368 4.814737
 0.320000 -2.678776 2.984711 5.125718
 0.340000 -2.611160 3.029714 5.679148
 0.360000 -2.652630 2.926170 5.355939
 0.380000 -2.687857 2.986183 5.042670
 0.400000 -2.659290 2.797628 5.151841
 0.420000 -2.874536 2.767702 3.205680
 0.440000 -2.750487 2.786854 4.265886
 0.460000 -2.909036 2.559963 3.379331
 0.480000 -2.899603 2.584239 3.325812
 0.500000 -2.845347 2.586154 3.603379
 0.520000 -2.870601 2.650494 3.311807
 0.540000 -2.835806 2.597688 3.629990
 0.560000 -2.768270 2.634169 4.034573
 0.580000 -2.752526 2.616211 4.159549
 0.600000 -2.616260 2.792178 5.566427
 0.620000 -2.618714 2.687891 5.371957
 0.640000 -2.623261 2.793815 5.499966
 0.660000 -2.504241 2.765384 6.609065
 0.680000 -2.653950 2.706027 5.066200
 0.700000 -2.511815 2.886651 6.624195
 0.720000 -2.626614 2.819032 5.502594
 0.740000 -2.624250 2.949830 5.624341
 0.760000 -2.621707 2.886080 5.622385
 0.780000 -2.568355 2.975461 6.100295
 0.800000 -2.800748 2.936326 3.977622
 0.820000 -2.715952 3.064773 4.741930
 0.840000 -2.991176 2.826082 2.401016
 0.860000 -2.953072 2.877311 2.675315
 0.880000 -2.941621 2.834029 2.733069
 0.900000 -2.998427 2.788096 2.365837
 0.920000 -2.944626 2.920922 2.768856
 0.940000 -2.823177 2.985460 3.811499
 0.960000 -2.813181 -3.137818 3.796579
 0.980000 -2.644766 3.074281 5.324335
 1.000000 -2.579919 3.096586 5.758419
 1.020000 -2.663566 3.020848 5.244222
 1.040000 -2.463314 3.098779 6.463588
 1.060000 -2.727908 2.920030 4.639515
 1.080000 -2.665181 2.867965 5.187351
 1.100000 -2.815539 2.703016 3.654016
 1.120000 -2.839203 2.635421 3.537475
 1.140000 -2.844675 2.697556 3.436658
 1.160000 -2.833639 2.586331 3.669159
 1.180000 -2.912009 2.670903 3.022146
 1.200000 -2.755464 2.669385 4.130779
 1.220000 -2.751478 2.884880 4.380370
 1.240000 -2.735805 2.726825 4.333919
 1.260000 -2.576984 2.876186 6.037016
 1.280000 -2.654291 2.847398 5.268790
 1.300000 -2.622926 2.895791 5.617768
 1.320000 -2.682508 2.888628 5.042692
 1.340000 -2.750145 2.863712 4.367405
 1.360000 -2.748371 2.934508 4.459219
 1.380000 -2.529423 2.874245 6.469411
 1.400000 -2.657935 2.918422 5.301754
 1.420000 -2.503613 2.734766 6.565473
 1.440000 -2.561055 2.754989 6.049546
 1.460000 -2.664609 2.678815 4.928450
 1.480000 -2.633103 2.706529 5.265663
 1.500000 -2.720859 2.509476 4.467941
 1.520000 -2.775020 2.556493 4.076332
 1.540000 -2.807676 2.600779 3.796871
 1.560000 -2.943810 2.503235 3.555571
 1.580000 -3.054625 2.480983 3.417852
 1.600000 -2.824957 2.544458 3.831366
 1.620000 -2.729083 2.619684 4.335875
 1.640000 -2.495949 2.594431 6.290471
 1.660000 -2.412154 2.661905 7.223147
 1.680000 -2.480288 2.639988 6.564012
 1.700000 -2.502576 2.772640 6.634712
 1.720000 -2.553340 2.628897 5.866727
 1.740000 -2.762885 2.553487 4.154395
 1.760000 -2.656163 2.512146 4.863125
 1.780000 -2.853181 2.582830 3.569447
 1.800000 -2.865450 2.683024 3.301565
 1.820000 -2.841547 2.540413 3.763685
 1.840000 -2.821719 2.600642 3.709078
 1.860000 -2.695214 2.677632 4.650115
 1.880000 -2.553103 2.805369 6.198888
 1.900000 -2.642419 2.957230 5.458879
 1.920000 -2.640984 2.884174 5.436915
 1.940000 -2.760112 2.985103 4.378921
 1.960000 -2.816645 2.965963 3.858005
 1.980000 -2.920845 3.053525 3.024410
 2.000000 -2.990706 2.912218 2.439861
 2.020000 -2.950686 3.072245 2.803784
 2.040000 -2.925916 2.918591 2.907323
 2.060000 -2.826487 2.938778 3.749529
 2.080000 -2.749234 3.023335 4.479188
 2.100000 -2.744491 3.048377 4.508842
 2.120000 -2.736670 3.044741 4.580520
 2.140000 -2.788936 2.946763 4.093687
 2.160000 -2.912825 2.804672 2.929268
 2.180000 -2.834530 2.843306 3.581014
 2.200000 -2.897412 2.885355 3.100378
 2.220000 -2.754240 2.688013 4.146783
 2.240000 -2.628479 2.716410 5.326315
 2.260000 -2.604860 2.696270 5.519180
 2.280000 -2.543864 2.867947 6.337606
 2.300000 -2.457227 2.814552 7.079518
 2.320000 -2.476768 2.758489 6.852832
 2.340000 -2.290069 2.840305 8.240298
 2.360000 -2.423311 2.803830 7.357621
 2.380000 -2.667098 2.701146 4.935398
 2.400000 -2.699035 2.603254 4.567834
 2.420000 -2.862548 2.610201 3.444227
 2.440000 -2.907255 2.482715 3.793124
 2.460000 -2.812616 2.563753 3.843596
 2.480000 -2.936389 2.464457 3.839149
 2.500000 -2.830328 2.738367 3.541601
 2.520000 -2.781947 2.707229 3.923520
 2.540000 -2.755417 2.804390 4.242277
 2.560000 -2.708510 2.785059 4.657270
 2.580000 -2.673044 2.964046 5.177876
 2.600000 -2.888982 3.043086 3.273184
 2.620000 -2.736647 3.078414 4.545988
 2.640000 -2.930941 2.955809 2.899575
 2.660000 -2.859917 3.016555 3.506946
 2.680000 -2.756987 3.116903 4.311274
 2.700000 -2.869968 -3.075913 3.223956
 2.720000 -2.762179 3.129892 4.242056
 2.740000 -2.735099 -3.071300 4.201108
 2.760000 -2.822311 -2.964232 3.131218
 2.780000 -2.801982 -2.979304 3.331020
 2.800000 -2.842899 -3.005162 3.177845
 2.820000 -2.951424 3.117294 2.784615
 2.840000 -2.859459 -3.103410 3.366949
 2.860000 -2.974324 2.986932 2.604781
 2.880000 -2.942764 2.945781 2.802620
 2.900000 -2.862535 2.913421 3.413457
 2.920000 -2.895221 2.882885 3.115629
 2.940000 -2.813964 2.908666 3.831890
 2.960000 -2.758343 2.720179 4.129824
 2.980000 -2.726627 2.789031 4.490872
 3.000000 -2.784210 2.852349 4.037168
 3.020000 -2.696318 2.780481 4.767575
 3.040000 -2.834348 2.618889 3.596126
 3.060000 -2.691765 2.729229 4.741477
 3.080000 -2.812956 2.655743 3.693644
 3.100000 -2.791318 2.690332 3.844708
 3.120000 -2.866443 2.633439 3.369257
 3.140000 -2.839314 2.650589 3.515493
 3.160000 -2.688870 2.705967 4.739228
 3.180000 -2.768777 2.705777 4.032584
 3.200000 -2.700905 2.767954 4.706342
 3.220000 -2.737299 2.750292 4.344388
 3.240000 -2.761840 2.817299 4.199253
 3.260000 -2.791800 2.564174 3.962210
 3.280000 -2.663437 2.640171 4.891442
 3.300000 -2.846693 2.570930 3.638916
 3.320000 -2.625080 2.592636 5.161461
 3.340000 -2.698666 2.661897 4.605178
 3.360000 -2.650110 2.577579 4.939758
 3.380000 -2.490401 2.807289 6.784093
 3.400000 -2.550224 2.811673 6.233645
 3.420000 -2.391545 2.775008 7.596080
 3.440000 -2.431112 2.749549 7.244194
 3.460000 -2.246394 2.760849 8.532354
 3.480000 -2.291385 2.702981 8.218320
 3.500000 -2.138891 2.629635 8.693362
 3.520000 -2.328491 2.521899 7.279921
 3.540000 -2.447356 2.532660 6.478088
 3.560000 -2.595811 2.485841 5.244979
 3.580000 -2.811219 2.434895 4.325031
 3.600000 -2.892948 2.425326 4.209982
 3.620000 -2.948362 2.543078 3.304361
 3.640000 -2.862440 2.634814 3.391080
 3.660000 -2.788647 2.663359 3.869367
 3.680000 -2.561376 2.709419 5.963972
 3.700000 -2.463088 2.665243 6.787808
 3.720000 -2.401070 2.915315 7.438549
 3.740000 -2.458949 2.899953 7.048642
 3.760000 -2.520528 2.927894 6.534979
 3.780000 -2.601499 2.965762 5.824034
 3.800000 -2.670692 2.929040 5.187588
 3.820000 -2.815306 3.083343 3.868061
 3.840000 -2.954382 2.997323 2.753242
 3.860000 -2.878609 3.013412 3.350468
 3.880000 -2.917744 2.951951 2.998266
 3.900000 -2.705124 2.946695 4.873180
 3.920000 -2.799361 2.821057 3.864367
 3.940000 -2.766573 2.965929 4.311542
 3.960000 -2.904066 2.839711 3.012173
 3.980000 -2.811817 2.893194 3.834609
 4.000000 -2.969803 2.780429 2.544146
 4.020000 -2.825527 2.845811 3.661366
 4.040000 -2.832152 2.790496 3.553585
 4.060000 -2.738917 2.793763 4.381805
 4.080000 -2.508779 2.615514 6.238098
 4.100000 -2.431978 2.569600 6.744971
 4.120000 -2.503972 2.564584 6.129981
 4.140000 -2.404313 2.515738 6.729648
 4.160000 -2.630078 2.542385 5.063290
 4.180000 -2.718272 2.331043 4.949101
 4.200000 -2.656237 2.436039 4.884514
 4.220000 -2.904813 2.366354 4.660092
 4.240000 -2.781478 2.388888 4.616120
 4.260000 -2.702879 2.412283 4.729595
 4.280000 -2.653143 2.467628 4.885005
 4.300000 -2.490467 2.424612 5.779586
 4.320000 -2.424814 2.509819 6.553648
 4.340000 -2.580025 2.676387 5.719158
 4.360000 -2.546447 2.837309 6.294147
 4.380000 -2.657467 2.878190 5.272888
 4.400000 -2.824387 2.865644 3.692779
 4.420000 -2.806892 2.976753 3.951400
 4.440000 -3.030145 2.957166 2.219625
 4.460000 -2.923673 -3.077897 2.857584
 4.480000 -2.947243 2.987666 2.799761
 4.500000 -2.711552 -3.105142 4.504964
 4.520000 -2.757886 -3.065356 4.010170
 4.540000 -2.661689 -2.860993 3.401224
 4.560000 -2.840476 -2.882962 2.618248
 4.580000 -2.818438 -2.879188 2.712966
 4.600000 -2.967924 -2.858238 1.918313
 4.620000 -2.938962 -2.831149 1.917760
 4.640000 -2.891868 -2.812279 2.017541
 4.660000 -2.926997 -3.065645 2.809085
 4.680000 -2.683964 -2.977299 4.068429
 4.700000 -2.775743 3.113668 4.161248
 4.720000 -2.616075 -3.140449 5.339054
 4.740000 -2.642489 3.060083 5.370715
 4.760000 -2.654046 3.024121 5.324005
 4.780000 -2.704287 2.904152 4.849415
 4.800000 -2.765451 2.871656 4.233726
 4.820000 -2.842557 2.845707 3.514887
 4.840000 -2.849770 2.768052 3.397569
 4.860000 -2.694319 2.747500 4.741398
 4.880000 -2.639658 2.572099 5.017676
 4.900000 -2.506162 2.477897 5.843658
 4.920000 -2.548747 2.335357 5.307003
 4.940000 -2.565390 2.409271 5.324403
 4.960000 -2.664284 2.316596 5.047402
 4.980000 -2.637199 2.226683 5.290379
 5.000000 -2.719736 2.362059 4.832803
 5.020000 -2.667959 2.383581 4.900537
 5.040000 -2.689346 2.484874 4.673429
 5.060000 -2.681621 2.418938 4.794672
 5.080000 -2.627570 2.424760 5.025433
 5.100000 -2.462991 2.437747 5.994005
 5.120000 -2.214732 2.600438 8.305346
 5.140000 -2.254829 2.782749 8.486181
 5.160000 -2.224537 2.721803 8.612962
 5.180000 -2.421229 2.723969 7.288401
 5.200000 -2.452931 2.638884 6.804786
 5.220000 -2.540970 2.711482 6.164900
 5.240000 -2.751978 2.789349 4.255203
 5.260000 -2.817020 2.845167 3.734998
 5.280000 -2.916358 2.780842 2.900260
 5.300000 -2.860959 2.697553 3.320374
 5.320000 -2.817218 2.612091 3.716973
 5.340000 -2.727234 2.583451 4.358968
 5.360000 -2.713557 2.697626 4.505761
 5.380000 -2.589121 2.786923 5.825101
 5.400000 -2.694028 2.804901 4.824273
 5.420000 -2.753296 2.835055 4.301297
 5.440000 -2.890246 2.832806 3.114510
 5.460000 -2.881253 2.926028 3.268874
 5.480000 -2.821814 2.972606 3.816437
 5.500000 -2.738861 2.764194 4.345779
 5.520000 -2.604323 2.773266 5.655312
 5.540000 -2.500225 2.803997 6.692264
 5.560000 -2.506584 2.784205 6.612340
 5.580000 -2.568477 2.779172 6.015224
 5.600000 -2.539640 2.707497 6.169692
 5.620000 -2.556991 2.842141 6.199578
 5.640000 -2.570877 2.796908 6.016917
 5.660000 -2.742853 2.791715 4.342530
 5.680000 -2.728095 2.809222 4.504032
 5.700000 -2.696526 2.644141 4.609506
 5.720000 -2.684287 2.619798 4.694587
 5.740000 -2.634043 2.440844 4.991920
 5.760000 -2.716100 2.521788 4.480651
 5.780000 -2.701219 2.521523 4.571905
 5.800000 -2.758423 2.518381 4.245004
 5.820000 -2.773928 2.393150 4.609230
 5.840000 -2.867920 2.432693 4.207082
 5.860000 -2.707204 2.551960 4.513836
 5.880000 -2.710819 2.594537 4.476373
 5.900000 -2.607769 2.647374 5.403438
 5.920000 -2.611235 2.400337 5.100126
 5.940000 -2.528042 2.670889 6.201096
 5.960000 -2.670435 2.574602 4.779223
 5.980000 -2.509609 2.776682 6.574555
 6.000000 -2.602688 2.666768 5.486050
 6.020000 -2.625977 2.749900 5.405464
 6.040000 -2.606195 2.785303 5.655224
 6.060000 -2.713961 2.833137 4.671456
 6.080000 -2.745277 2.754397 4.276185
 6.100000 -2.752617 2.754215 4.209684
 6.120000 -2.761071 2.917675 4.325503
 6.140000 -2.807280 2.835350 3.810041
 6.160000 -2.793741 3.060399 4.069537
 6.180000 -2.997247 2.878774 2.377307
 6.200000 -2.798474 -3.000368 3.451673
 6.220000 -2.831781 -3.056818 3.441022
 6.240000 -2.770545 -3.035480 3.797360
 6.260000 -2.591416 -2.865676 3.753647
 6.280000 -2.746401 -2.951646 3.535484
 6.300000 -2.750364 -2.958063 3.547444
 6.320000 -2.904181 -3.057212 2.939332
 6.340000 -2.976375 -2.950268 2.212723
 6.360000 -2.945994 3.138647 2.805936
 6.380000 -2.965928 -3.009242 2.438537
 6.400000 -2.937438 3.111605 2.886773
 6.420000 -2.885899 -3.101583 3.169106
 6.440000 -2.811587 -3.139148 3.811954
 6.460000 -2.748732 3.018683 4.484819
 6.480000 -2.545352 2.890687 6.330629
 6.500000 -2.502416 2.748185 6.599633
 6.520000 -2.500059 2.769601 6.653960
 6.540000 -2.482048 2.601516 6.434001
 6.560000 -2.593436 2.557670 5.369135
 6.580000 -2.528342 2.318625 5.356248
 6.600000 -2.479682 2.380036 5.699556
 6.620000 -2.511885 2.175043 5.348597
 6.640000 -2.513645 2.250685 5.331921
 6.660000 -2.528324 2.221484 5.307903
 6.680000 -2.589512 2.005946 6.037783
 6.700000 -2.602047 2.004588 6.096545
 6.720000 -2.688529 1.911576 7.191766
 6.740000 -2.742265 2.059956 6.543494
 6.760000 -2.613394 2.045890 5.930002
 6.780000 -2.632704 2.310219 5.102686
 6.800000 -2.475858 2.331406 5.576447
 6.820000 -2.320429 2.411245 6.690051
 6.840000 -2.381999 2.575858 7.163491
 6.860000 -2.193688 2.757384 8.762650
 6.880000 -2.047989 2.895546 8.666295
 6.900000 -1.949740 2.815594 8.884514
 6.920000 -1.828976 2.920355 8.123156
 6.940000 -1.886056 2.960901 8.048192
 6.960000 -1.951050 -3.054470 5.740253
 6.980000 -1.811432 -3.086056 5.788020
 7.000000 -1.653777 3.125265 6.033419
 7.020000 -1.733116 -2.926000 4.104496
 7.040000 -1.788308 -2.986982 4.770404
 7.060000 -1.853065 -2.901386 4.091055
 7.080000 -1.916219 -3.062532 5.759321
 7.100000 -1.558420 -3.060106 4.978726
 7.120000 -1.662920 -3.115076 5.695991
 7.140000 -1.566255 3.098241 5.953039
 7.160000 -1.745215 3.000660 7.312276
 7.180000 -1.629553 3.058953 6.452122
 7.200000 -1.682897 2.874491 7.630688
 7.220000 -1.433918 2.887169 6.230362
 7.240000 -1.393838 2.745076 5.987313
 7.260000 -1.583214 2.723839 7.036667
 7.280000 -1.427734 2.718174 6.108848
 7.300000 -1.499026 2.423026 5.738668
 7.320000 -1.194220 2.331483 6.250104
 7.340000 -1.222577 2.214864 6.810281
 7.360000 -1.122453 2.266428 6.965878
 7.380000 -1.200943 2.147306 7.347345
 7.400000 -1.036758 2.049549 8.866214
 7.420000 -1.061371 1.924292 9.253647
 7.440000 -1.244371 1.900724 8.320258
 7.460000 -1.081107 1.871987 9.284552
 7.480000 -1.448768 1.767871 7.537336
 7.500000 -1.354884 1.744806 8.047137
 7.520000 -1.377756 1.563916 7.934974
 7.540000 -1.497767 1.524691 7.630694
 7.560000 -1.502020 1.360907 7.463359
 7.580000 -1.618774 1.182026 7.769154
 7.600000 -1.408437 1.018604 7.012535
 7.620000 -1.519421 1.091279 7.385365
 7.640000 -1.194365 0.686175 7.601509
 7.660000 -1.347873 0.832991 7.266277
 7.680000 -1.201663 0.531469 8.715647
 7.700000 -1.273497 0.482162 9.264624
 7.720000 -0.995521 0.321362 9.624010
 7.740000 -1.108974 0.196589 10.268558
 7.760000 -1.253368 0.204850 10.672901
 7.780000 -1.169467 0.093243 10.371201
 7.800000 -1.134358 -0.068088 9.364145
 7.820000 -1.202908 -0.036799 9.902135
 7.840000 -1.384098 -0.104711 10.228867
 7.860000 -1.296761 -0.113604 9.831496
 7.880000 -1.353319 -0.191646 9.599759
 7.900000 -1.025925 -0.316510 6.746623
 7.920000 -0.968441 -0.341361 6.302638
 7.940000 -1.006289 -0.325647 6.583155
 7.960000 -1.119669 -0.247502 7.813841
 7.980000 -1.002389 -0.333106 6.509431
 8.000000 -1.096641 -0.247368 7.681962
 8.020000 -1.198211 -0.261950 8.180544
 8.040000 -1.055420 -0.247129 7.459987
 8.060000 -1.189796 -0.312449 7.747992
 8.080000 -0.841554 -0.296454 6.310790
 8.100000 -1.154067 -0.192963 8.468561
 8.120000 -1.189699 -0.136181 9.129428
 8.140000 -1.315970 0.078648 10.756402
 8.160000 -1.223980 -0.005321 10.172789
 8.180000 -1.088958 0.196103 10.200854
 8.200000 -1.230193 0.329099 10.184826
 8.220000 -1.283576 0.372128 10.040920
 8.240000 -1.574429 0.490354 9.319971
 8.260000 -1.459040 0.590562 8.893065
 8.280000 -1.705986 0.666170 8.631402
 8.300000 -1.633373 0.820420 8.380951
 8.320000 -1.540373 0.915031 7.803712
 8.340000 -1.666123 0.892044 8.344259
 8.360000 -1.337340 1.190743 6.959206
 8.380000 -1.391270 1.242716 7.121435
 8.400000 -1.039386 1.256964 7.812431
 8.420000 -1.268185 1.378985 7.665786
 8.440000 -0.851941 1.486843 9.337836
 8.460000 -0.944550 1.657024 9.587926
 8.480000 -0.936602 1.733971 9.775769
 8.500000 -0.952978 1.859192 9.808542
 8.520000 -1.165287 1.861061 8.892628
 8.540000 -1.183415 2.165326 7.333542
 8.560000 -1.326648 2.069133 7.027186
 8.580000 -1.091770 2.219082 7.458888
 8.600000 -1.250019 2.266025 6.386924
 8.620000 -1.386091 2.481393 5.602913
 8.640000 -1.464400 2.521725 5.847734
 8.660000 -1.513414 2.529648 6.057933
 8.680000 -1.303121 2.593373 5.495097
 8.700000 -1.499560 2.645301 6.333229
 8.720000 -1.453123 2.748640 6.288734
 8.740000 -1.861156 2.709830 8.647455
 8.760000 -1.614700 2.793855 7.316852
 8.780000 -1.731829 2.632699 7.726664
 8.800000 -1.661924 2.780116 7.617087
 8.820000 -1.693344 2.618202 7.426886
 8.840000 -1.886264 2.702243 8.730958
 8.860000 -1.823612 2.624074 8.200539
 8.880000 -1.850107 2.614932 8.283677
 8.900000 -1.668416 2.562860 7.015752
 8.920000 -1.748759 2.554484 7.439247
 8.940000 -1.595765 2.566833 6.610585
 8.960000 -1.708118 2.547948 7.171189
 8.980000 -1.528313 2.479643 5.963521
 9.000000 -1.420419 2.348800 5.649913
 9.020000 -1.395980 2.408432 5.613967
 9.040000 -1.506472 2.438414 5.787217
 9.060000 -1.512971 2.361473 5.665769
 9.080000 -1.341564 2.196850 6.314277
 9.100000 -1.325282 2.267005 6.079256
 9.120000 -1.153918 2.264440 6.831283
 9.140000 -1.295212 2.154792 6.762372
 9.160000 -1.236619 2.205709 6.792210
 9.180000 -1.200337 2.049357 7.929845
 9.200000 -1.043884 2.103428 8.516941
 9.220000 -0.987477 1.892973 9.642211
 9.240000 -1.135321 2.013309 8.510001
 9.260000 -1.210034 1.967549 8.273722
 9.280000 -1.311352 1.974790 7.587087
 9.300000 -1.330551 2.023702 7.230983
 9.320000 -1.436998 2.003449 6.699237
 9.340000 -1.403333 1.898987 7.338336
 9.360000 -1.335813 1.828920 7.978065
 9.380000 -1.570742 1.973709 6.293135
 9.400000 -1.368276 1.777110 7.918651
 9.420000 -1.448350 1.946899 6.889814
 9.440000 -1.434476 1.800185 7.515264
 9.460000 -1.526631 1.918980 6.665851
 9.480000 -1.324336 1.805261 8.104491
 9.500000 -1.652857 2.075290 5.800494
 9.520000 -1.411768 1.964616 7.011373
 9.540000 -1.373248 2.049250 6.844515
 9.560000 -1.448820 1.948934 6.878542
 9.580000 -1.287027 1.965753 7.786350
 9.600000 -1.245484 1.952844 8.112138
 9.620000 -1.122064 1.887559 9.054970
 9.640000 -1.131273 1.907266 8.954008
 9.660000 -1.070371 1.828350 9.389677
 9.680000 -1.226794 1.847049 8.582626
 9.700000 -1.290170 1.812985 8.287377
 9.720000 -1.193829 1.727886 8.880392
 9.740000 -1.473020 1.750527 7.479247
 9.760000 -1.373264 1.722608 7.982178
 9.780000 -1.692226 1.681967 7.381579
 9.800000 -1.399925 1.409497 7.555479
 9.820000 -1.552299 1.493919 7.603834
 9.840000 -1.512255 1.293049 7.402390
 9.860000 -1.512357 1.258032 7.369878
 9.880000 -1.415058 1.125425 7.000842
 9.900000 -1.498883 1.184213 7.281798
 9.920000 -1.383284 1.038107 6.912426
 9.940000 -1.239208 0.970635 6.677375
 9.960000 -1.343057 0.913508 6.982893
 9.980000 -1.146127 0.916503 6.738147
 10.000000 -1.095112 0.757176 7.176201
 10.020000 -0.967215 0.762458 7.401242
 10.040000 -1.243211 0.739713 7.395414
 10.060000 -1.386809 0.721025 7.953159
 10.080000 -1.437512 0.588660 8.869142
 10.100000 -1.410952 0.577451 8.888436
 10.120000 -1.498202 0.644676 8.678611
 10.140000 -1.588026 0.581277 8.974763
 10.160000 -1.295911 0.603964 8.415702
 10.180000 -1.312366 0.554732 8.817468
 10.200000 -1.162670 0.717143 7.378547
 10.220000 -1.249150 0.774201 7.233093
 10.240000 -1.037324 0.770193 7.204975
 10.260000 -1.068981 0.797747 7.068465
 10.280000 -1.192131 0.925053 6.704607
 10.300000 -1.386308 0.929343 7.094284
 10.320000 -1.411746 1.123658 6.991019
 10.340000 -1.459674 1.006500 7.232063
 10.360000 -1.615650 1.147249 7.778084
 10.380000 -1.441244 1.223065 7.160274
 10.400000 -1.650394 1.247349 7.881488
 10.420000 -1.690394 1.107941 8.174065
 10.440000 -1.717526 1.211363 8.221129
 10.460000 -1.845096 1.159568 8.859211
 10.480000 -1.641849 1.145102 7.904958
 10.500000 -1.442334 1.172821 7.105285
 10.520000 -1.340745 0.911718 6.980106
 10.540000 -1.450444 1.053076 7.134789
 10.560000 -1.225568 0.881276 6.802253
 10.580000 -1.313632 0.838472 7.129098
 10.600000 -0.925070 0.900627 7.460799
 10.620000 -0.990134 0.838907 7.194896
 10.640000 -1.148320 0.897898 6.758262
 10.660000 -1.226492 1.046239 6.686769
 10.680000 -1.338343 0.925598 6.938017
 10.700000 -1.465675 1.008063 7.255258
 10.720000 -1.566961 0.962872 7.809451
 10.740000 -1.551487 0.989673 7.680757
 10.760000 -1.462235 0.912242 7.459146
 10.780000 -1.217168 0.922006 6.715711
 10.800000 -1.245343 0.945891 6.706141
 10.820000 -1.174081 0.956360 6.686421
 10.840000 -1.305658 1.029660 6.732508
 10.860000 -1.327389 0.943148 6.868313
 10.880000 -1.231729 1.079774 6.726908
 10.900000 -1.370696 1.210267 7.030124
 10.920000 -1.331280 1.136655 6.850112
 10.940000 -1.328631 1.205218 6.990706
 10.960000 -1.282227 0.932457 6.781447
 10.980000 -1.406901 1.133786 6.984506
 11.000000 -1.385954 0.946441 7.052252
 11.020000 -1.445099 0.894541 7.437031
 11.040000 -1.383026 0.960390 7.012423
 11.060000 -1.379655 0.958615 7.003933
 11.080000 -1.447646 0.979934 7.228505
 11.100000 -1.094484 0.883091 6.853459
 11.120000 -1.174109 0.932397 6.701646
 11.140000 -0.997084 0.721708 7.445899
 11.160000 -1.039942 0.788152 7.148293
 11.180000 -1.150749 0.813868 6.953457
 11.200000 -1.195872 0.663919 7.744154
 11.220000 -1.411317 0.832784 7.513884
 11.240000 -1.555664 0.743498 8.396019
 11.260000 -1.525916 0.883466 7.829161
 11.280000 -1.481231 0.816972 7.866831
 11.300000 -1.711630 0.884635 8.476375
 11.320000 -1.570099 0.890792 7.996928
 11.340000 -1.751962 0.968666 8.537057
 11.360000 -1.588460 0.869693 8.123851
 11.380000 -1.517025 0.961793 7.579868
 11.400000 -1.562140 0.990597 7.729271
 11.420000 -1.557058 0.926810 7.848387
 11.440000 -1.447464 0.901164 7.426859
 11.460000 -1.259074 0.859476 6.915802
 11.480000 -1.030681 0.892158 7.015843
 11.500000 -0.807505 0.841863 8.017578
 11.520000 -1.013892 0.867328 7.086798
 11.540000 -0.974025 0.949864 7.265916
 11.560000 -1.283946 1.116520 6.783554
 11.580000 -1.506171 1.101624 7.321384
 11.600000 -1.495922 1.136243 7.266230
 11.620000 -1.605496 1.226769 7.692589
 11.640000 -1.543902 1.182702 7.445767
 11.660000 -1.399205 1.239155 7.122177
 11.680000 -1.438560 1.230177 7.165537
 11.700000 -1.563844 1.226438 7.524455
 11.720000 -1.495983 1.229078 7.299651
 11.740000 -1.451037 1.141774 7.112387
 11.760000 -1.320074 1.131554 6.830951
 11.780000 -1.110601 1.072723 6.923220
 11.800000 -1.181841 0.961368 6.679414
 11.820000 -1.152387 0.908576 6.740851
 11.840000 -1.272282 0.980956 6.702782
 11.860000 -1.424416 0.852142 7.493777
 11.880000 -1.405585 0.883964 7.303509
 11.900000 -1.445457 0.887507 7.460994
 11.920000 -1.505812 0.931791 7.602401
 11.940000 -1.457571 0.869473 7.573911
 11.960000 -1.427229 0.860623 7.474658
 11.980000 -1.426222 0.860895 7.469413
 12.000000 -1.211365 0.877125 6.798387
 12.020000 -1.140426 0.792751 7.026279
 12.040000 -1.061830 0.903079 6.914331
 12.060000 -1.190027 0.971381 6.672268
 12.080000 -1.286524 0.914751 6.825632
 12.100000 -1.483871 0.963196 7.424132
 12.120000 -1.447869 0.928677 7.349286
 12.140000 -1.654615 1.028461 8.097319
 12.160000 -1.479541 0.963948 7.402726
 12.180000 -1.430188 0.974768 7.165612
 12.200000 -1.460374 0.979504 7.284132
 12.220000 -1.418609 0.999492 7.075850
 12.240000 -1.441123 1.023714 7.130274
 12.260000 -1.358340 0.938488 6.972926
 12.280000 -1.326106 1.012555 6.777648
 12.300000 -1.187113 0.882779 6.772600
 12.320000 -1.159159 0.846890 6.856074
 12.340000 -1.094602 0.834410 6.937545
 12.360000 -1.331686 0.708278 7.836578
 12.380000 -1.402578 0.815525 7.549446
 12.400000 -1.357343 0.768229 7.594229
 12.420000 -1.418032 0.807047 7.648210
 12.440000 -1.392216 0.828468 7.453886
 12.460000 -1.405165 0.893809 7.270048
 12.480000 -1.315582 0.861206 7.052929
 12.500000 -1.272350 0.985300 6.699718
 12.520000 -1.086569 0.843449 6.931175
 12.540000 -1.237187 0.956890 6.687031
 12.560000 -1.152705 1.015895 6.730881
 12.580000 -1.273747 1.112537 6.774158
 12.600000 -1.208815 1.007738 6.667022
 12.620000 -1.403281 1.229946 7.108498
 12.640000 -1.508390 1.153733 7.311251
 12.660000 -1.646166 1.231980 7.869498
 12.680000 -1.508196 1.115382 7.321654
 12.700000 -1.546483 1.295935 7.492387
 12.720000 -1.461773 1.237418 7.222816
 12.740000 -1.491130 1.314636 7.386247
 12.760000 -1.519782 1.152333 7.355286
 12.780000 -1.433840 1.306656 7.301520
 12.800000 -1.362869 1.207579 7.016724
 12.820000 -1.193219 1.034825 6.696092
 12.840000 -1.125136 1.090514 6.922524
 12.860000 -1.137819 1.037914 6.786852
 12.880000 -1.154557 1.040788 6.757111
 12.900000 -1.294041 1.122504 6.797825
 12.920000 -1.402457 0.988063 7.033218
 12.940000 -1.634615 1.064499 7.955348
 12.960000 -1.505674 0.906008 7.672733
 12.980000 -1.533881 0.988042 7.601169
 13.000000 -1.308793 0.927970 6.849534
 13.020000 -1.382235 0.917607 7.109723
 13.040000 -1.258318 0.815499 7.071053
 13.060000 -1.296688 0.928203 6.819916
 13.080000 -1.104452 0.900430 6.815531
 13.100000 -1.151539 0.953914 6.709675
 13.120000 -1.091743 0.865618 6.882904
 13.140000 -1.294263 1.102445 6.767337
 13.160000 -1.269223 0.962925 6.715434
 13.180000 -1.266799 1.060343 6.703444
 13.200000 -1.448323 1.214710 7.164090
 13.220000 -1.509528 1.230005 7.340162
 13.240000 -1.558187 1.316720 7.536992
 13.260000 -1.497244 1.407800 7.520066
 13.280000 -1.341319 1.433243 7.715140
 13.300000 -1.226756 1.506817 8.290564
 13.320000 -1.222419 1.385139 7.801963
 13.340000 -1.187972 1.397827 7.952849
 13.360000 -1.039994 1.437727 8.577359
 13.380000 -1.131908 1.417722 8.208664
 13.400000 -1.103643 1.393900 8.185610
 13.420000 -1.385898 1.415974 7.589335
 13.440000 -1.470536 1.320348 7.365327
 13.460000 -1.521084 1.352128 7.481461
 13.480000 -1.498390 1.267257 7.342597
 13.500000 -1.454671 1.340810 7.386744
 13.520000 -1.529810 1.283182 7.437474
 13.540000 -1.738085 1.213942 8.320359
 13.560000 -1.697567 1.158545 8.164200
 13.580000 -1.584321 1.182161 7.613928
 13.600000 -1.477560 1.049918 7.248108
 13.620000 -1.199376 1.021934 6.679810
 13.640000 -1.081243 0.886176 6.877911
 13.660000 -1.157143 0.885109 6.772482
 13.680000 -1.168538 0.855200 6.833958
 13.700000 -1.243914 0.812959 7.050796
 13.720000 -1.370596 0.728754 7.852513
 13.740000 -1.484943 0.718501 8.299116
 13.760000 -1.453931 0.750718 8.044924
 13.780000 -1.429036 0.722917 8.092785
 13.800000 -1.448930 0.741798 8.069145
 13.820000 -1.585684 0.664300 8.706785
 13.840000 -1.591620 0.691479 8.627447
 13.860000 -1.536006 0.885838 7.865912
 13.880000 -1.367267 0.809006 7.438867
 13.900000 -1.259272 0.910444 6.783293
 13.920000 -1.191598 0.935918 6.692845
 13.940000 -1.234851 0.782108 7.165282
 13.960000 -1.125001 0.783460 7.062242
 13.980000 -1.172182 0.827886 6.912031
 14.000000 -1.301798 0.895384 6.909679
 14.020000 -1.358670 0.951633 6.946331
 14.040000 -1.355366 1.077367 6.833444
 14.060000 -1.303711 1.212558 7.009766
 14.080000 -1.506438 1.229552 7.330553
 14.100000 -1.646136 1.286841 7.846621
 14.120000 -1.615392 1.250751 7.729002
 14.140000 -1.347405 1.317057 7.321567
 14.160000 -1.205399 1.344560 7.664324
 14.180000 -1.036274 1.284469 7.937455
 14.200000 -1.134171 1.394504 8.094897
 14.220000 -1.361188 1.273133 7.183090
 14.240000 -1.235099 1.255362 7.222997
 14.260000 -1.428079 1.268068 7.215746
 14.280000 -1.470265 1.386901 7.478415
 14.300000 -1.474866 1.198660 7.215106
 14.320000 -1.468538 1.157677 7.172894
 14.340000 -1.456171 1.162201 7.136947
 14.360000 -1.261368 1.065667 6.706430
 14.380000 -1.372360 0.819714 7.412299
 14.400000 -1.402337 0.854208 7.394529
 14.420000 -1.017419 0.779174 7.222672
 14.440000 -1.195059 0.835816 6.899750
 14.460000 -1.020810 0.775279 7.225142
 14.480000 -1.337520 0.781305 7.458130
 14.500000 -1.398874 0.720722 7.997779
 14.520000 -1.577697 0.672775 8.673309
 14.540000 -1.314870 0.672001 8.007909
 14.560000 -1.525898 0.723855 8.392695
 14.580000 -1.454924 0.771345 7.953650
 14.600000 -1.326544 0.604654 8.497655
 14.620000 -1.361015 0.829980 7.326761
 14.640000 -1.052432 0.739542 7.286156
 14.660000 -1.307602 0.708998 7.753969
 14.680000 -1.305694 0.870952 6.992070
 14.700000 -1.369526 0.978713 6.933752
 14.720000 -1.061146 0.817725 7.032252
 14.740000 -1.325664 1.117502 6.816736
 14.760000 -1.307889 0.967748 6.779904
 14.780000 -1.408516 1.094942 6.973350
 14.800000 -1.661744 1.130709 8.013997
 14.820000 -1.413190 1.095936 6.987269
 14.840000 -1.395389 1.313583 7.299717
 14.860000 -1.191614 1.074227 6.752241
 14.880000 -1.372094 1.507175 7.846294
 14.900000 -1.206320 1.153995 6.919705
 14.920000 -1.236072 1.411402 7.880919
 14.940000 -1.034151 1.211802 7.657137
 14.960000 -1.218764 1.197415 7.038259
 14.980000 -1.219122 1.197759 7.038852
 15.000000 -1.332505 1.112121 6.818860
 15.020000 -1.297614 1.004224 6.726311
 15.040000 -1.402801 1.161560 7.000524
 15.060000 -1.495307 0.768176 8.116925
 15.080000 -1.725714 0.916560 8.487480
 15.100000 -1.703639 0.646214 8.652108
 15.120000 -1.731122 0.790510 8.554498
 15.140000 -1.590659 0.542819 9.099241
 15.160000 -1.626470 0.566332 8.958348
 15.180000 -1.530052 0.519769 9.272170
 15.200000 -1.436115 0.423141 9.838154
 15.220000 -1.387200 0.419689 9.858351
 15.240000 -1.246970 0.370821 9.980350
 15.260000 -0.953188 0.180258 9.765006
 15.280000 -1.045902 0.329814 9.705362
 15.300000 -0.922240 0.256147 9.660444
 15.320000 -1.070275 0.300230 9.899624
 15.340000 -1.166285 0.292612 10.202212
 15.360000 -1.361019 0.479851 9.447549
 15.380000 -1.350822 0.356242 10.210774
 15.400000 -1.613566 0.748175 8.501832
 15.420000 -1.515824 0.623338 8.803568
 15.440000 -1.729205 0.840409 8.535916
 15.460000 -1.597862 0.783266 8.379779
 15.480000 -1.566696 0.975779 7.780640
 15.500000 -1.304236 0.915157 6.866220
 15.520000 -1.384613 1.127620 6.927322
 15.540000 -1.308691 1.127972 6.815761
 15.560000 -1.363872 1.340986 7.387719
 15.580000 -1.155319 1.233383 7.314042
 15.600000 -1.086549 1.505160 8.722186
 15.620000 -1.130031 1.630560 9.001532
 15.640000 -1.146458 1.717802 9.080627
 15.660000 -1.061122 1.837398 9.419058
 15.680000 -1.258535 1.919702 8.162527
 15.700000 -1.034930 2.117634 8.474894
 15.720000 -1.228548 2.174032 7.025530
 15.740000 -1.207456 2.410233 5.828534
 15.760000 -1.299777 2.351405 5.839682
 15.780000 -1.325468 2.558830 5.525394
 15.800000 -1.385161 2.597985 5.717788
 15.820000 -1.242834 2.770847 5.508120
 15.840000 -1.355637 2.831462 5.904273
 15.860000 -1.518950 2.886206 6.666745
 15.880000 -1.554343 3.027693 6.342338
 15.900000 -1.766981 3.011000 7.320493
 15.920000 -1.640716 3.074089 6.386449
 15.940000 -1.670690 3.040600 6.740458
 15.960000 -1.753094 3.033368 7.104101
 15.980000 -1.699289 3.053230 6.758368
 16.000000 -1.715841 3.010293 7.130327
 16.020000 -1.766806 2.816460 8.210581
 16.040000 -1.849505 2.778252 8.638660
 16.060000 -1.802398 2.738389 8.415048
 16.080000 -1.971930 2.618260 8.695806
 16.100000 -1.742312 2.560935 7.438754
 16.120000 -1.900568 2.379387 6.941839
 16.140000 -2.011491 2.329462 6.820963
 16.160000 -2.045940 2.161308 6.124712
 16.180000 -2.069023 2.043487 6.156004
 16.200000 -2.141053 1.909003 6.649136
 16.220000 -2.019962 1.845914 7.095623
 16.240000 -2.086366 1.786073 7.499476
 16.260000 -2.258430 1.774537 7.404140
 16.280000 -2.240902 1.653829 8.383637
 16.300000 -2.380844 1.400741 10.090905
 16.320000 -2.520713 1.521161 9.581773
 16.340000 -2.328633 1.331326 10.257970
 16.360000 -2.418935 1.437702 9.951745
 16.380000 -2.271007 1.269536 10.244116
 16.400000 -2.204302 1.421056 9.793374
 16.420000 -2.233536 1.355560 10.045903
 16.440000 -2.389521 1.212203 10.478504
 16.460000 -2.511328 1.237768 10.840966
 16.480000 -2.543000 1.185861 10.913074
 16.500000 -2.374023 1.416024 10.007355
 16.520000 -2.157497 1.223451 9.989013
 16.540000 -2.267355 1.396850 9.966653
 16.560000 -1.963600 1.138058 9.310936
 16.580000 -2.065267 1.397165 9.555885
 16.600000 -1.939418 1.121361 9.210808
 16.620000 -1.828501 1.171016 8.781881
 16.640000 -1.703210 1.146987 8.201073
 16.660000 -1.617379 1.153955 7.781146
 16.680000 -1.348568 1.139450 6.875780
 16.700000 -1.163837 0.983879 6.694734
 16.720000 -1.189486 1.086602 6.778185
 16.740000 -1.065338 1.016265 6.966302
 16.760000 -1.211875 1.022917 6.673398
 16.780000 -1.039502 1.037003 7.103752
 16.800000 -1.171536 1.073475 6.780584
 16.820000 -1.417837 1.121650 7.006793
 16.840000 -1.460658 1.193500 7.171468
 16.860000 -1.546909 1.172788 7.459132
 16.880000 -1.564378 1.350623 7.570241
 16.900000 -1.575606 1.244390 7.571152
 16.920000 -1.446970 1.336901 7.373986
 16.940000 -1.522509 1.386566 7.518554
 16.960000 -1.246382 1.231628 7.117111
 16.980000 -1.228693 1.209287 7.063601
 17.000000 -1.235162 1.206074 7.043151
 17.020000 -1.056640 1.124033 7.256162
 17.040000 -1.188327 1.095137 6.797357
 17.060000 -1.182372 0.955341 6.681633
 17.080000 -1.368031 1.255275 7.135877
 17.100000 -1.441152 0.916335 7.354357
 17.120000 -1.599424 0.943084 7.997485
 17.140000 -1.590121 0.944288 7.954448
 17.160000 -1.822328 0.848426 8.603013
 17.180000 -1.692335 0.762405 8.558471
 17.200000 -1.514288 0.652309 8.671164
 17.220000 -1.556728 0.665904 8.675815
 17.240000 -1.188028 0.640545 7.884131
 17.260000 -1.121307 0.592183 8.107979
 17.280000 -0.949093 0.624731 7.942072
 17.300000 -1.088587 0.609203 7.961233
 17.320000 -1.172206 0.602974 8.115560
 17.340000 -1.405177 0.764147 7.795572
 17.360000 -1.349059 0.658106 8.204818
 17.380000 -1.367798 0.790940 7.523041
 17.400000 -1.477138 0.821598 7.832063
 17.420000 -1.427396 0.839298 7.555160
 17.440000 -1.540879 0.833409 8.046712
 17.460000 -1.456131 0.845649 7.652939
 17.480000 -1.323192 0.958443 6.830099
 17.500000 -1.209201 1.061399 6.714127
 17.520000 -1.191847 1.125555 6.864039
 17.540000 -1.134549 1.229165 7.357149
 17.560000 -1.291408 1.206212 6.994755
 17.580000 -1.360975 1.324746 7.338502
 17.600000 -1.443591 1.358617 7.417170
 17.620000 -1.420894 1.395581 7.503713
 17.640000 -1.302324 1.405429 7.698282
 17.660000 -1.432681 1.430297 7.572352
 17.680000 -1.399906 1.491036 7.746851
 17.700000 -1.450505 1.426215 7.551581
 17.720000 -1.402891 1.480258 7.718479
 17.740000 -1.526839 1.559188 7.603886
 17.760000 -1.355125 1.504750 7.885836
 17.780000 -1.268835 1.472069 8.031515
 17.800000 -1.220105 1.354691 7.672889
 17.820000 -1.031655 1.262702 7.867030
 17.840000 -1.113294 1.165228 7.182905
 17.860000 -1.232678 1.174815 6.945831
 17.880000 -1.163340 1.081536 6.811264
 17.900000 -1.178653 1.054319 6.737557
 17.920000 -1.404386 1.078014 6.961353
 17.940000 -1.433553 0.886829 7.411739
 17.960000 -1.514593 0.869789 7.822040
 17.980000 -1.455340 0.751479 8.046517
 18.000000 -1.422840 0.658475 8.425923
 18.020000 -1.359129 0.643232 8.331867
 18.040000 -1.163672 0.523284 8.691475
 18.060000 -1.155833 0.579313 8.255286
 18.080000 -1.186866 0.464832 9.189445
 18.100000 -1.249740 0.482226 9.209117
 18.120000 -1.282457 0.425805 9.688446
 18.140000 -1.262854 0.388956 9.897615
 18.160000 -1.359823 0.574739 8.793801
 18.180000 -1.256658 0.596910 8.358583
 18.200000 -1.348311 0.774569 7.529734
 18.220000 -1.341457 0.746409 7.652106
 18.240000 -1.482712 0.956231 7.435156
 18.260000 -1.400776 1.033568 6.971286
 18.280000 -1.384816 1.228664 7.084219
 18.300000 -1.218545 1.183613 6.992643
 18.320000 -1.227434 1.297744 7.408956
 18.340000 -1.045524 1.288691 7.919116
 18.360000 -1.217723 1.426529 7.996804
 18.380000 -1.170983 1.416984 8.089074
 18.400000 -1.238555 1.556009 8.412050
 18.420000 -1.324621 1.465459 7.855313
 18.440000 -1.415193 1.700445 7.814187
 18.460000 -1.420502 1.562708 7.805936
 18.480000 -1.457788 1.690343 7.656997
 18.500000 -1.655829 1.645383 7.457903
 18.520000 -1.719660 1.724635 7.255484
 18.540000 -1.667596 1.727533 7.197888
 18.560000 -1.517855 1.714122 7.416516
 18.580000 -1.429037 1.781837 7.592965
 18.600000 -1.471201 1.687102 7.614535
 18.620000 -1.461178 1.853596 7.207075
 18.640000 -1.623173 1.825622 6.824501
 18.660000 -1.423647 1.831067 7.473797
 18.680000 -1.460680 1.839455 7.260884
 18.700000 -1.379206 2.090935 6.611034
 18.720000 -1.362701 1.957200 7.337986
 18.740000 -1.244783 1.893551 8.341938
 18.760000 -1.250783 1.925319 8.190092
 18.780000 -1.134512 1.882696 9.003443
 18.800000 -1.004136 1.971968 9.372384
 18.820000 -0.921148 1.774809 9.880035
 18.840000 -1.064419 1.876553 9.350626
 18.860000 -1.213743 1.863582 8.617272
 18.880000 -1.469377 1.942680 6.803607
 18.900000 -1.495025 1.909358 6.830923
 18.920000 -1.540237 1.900647 6.697227
 18.940000 -1.410704 1.713550 7.817250
 18.960000 -1.579794 1.900282 6.585571
 18.980000 -1.562562 1.764363 7.161784
 19.000000 -1.633697 1.868092 6.629457
 19.020000 -1.552456 1.794769 7.080571
 19.040000 -1.618803 1.905907 6.483421
 19.060000 -1.611860 1.930654 6.387259
 19.080000 -1.650501 2.043676 5.895509
 19.100000 -1.729830 2.009474 6.002134
 19.120000 -1.749141 2.156227 5.740574
 19.140000 -1.601602 2.095979 5.791735
 19.160000 -1.519975 2.174663 5.750173
 19.180000 -1.265462 2.093047 7.278623
 19.200000 -1.331716 2.105677 6.810117
 19.220000 -1.333958 2.221218 6.239445
 19.240000 -1.408176 2.264994 5.820490
 19.260000 -1.304480 2.309743 5.979448
 19.280000 -1.337774 2.328768 5.821592
 19.300000 -1.269480 2.451201 5.599661
 19.320000 -1.420900 2.517385 5.707649
 19.340000 -1.446486 2.478386 5.714642
 19.360000 -1.284769 2.355879 5.860351
 19.380000 -1.241767 2.486818 5.537037
 19.400000 -1.109581 2.394107 6.172125
 19.420000 -1.048833 2.387794 6.413388
 19.440000 -1.124217 2.322815 6.570936
 19.460000 -1.267880 2.297631 6.156462
 19.480000 -1.206259 2.384350 5.944832
 19.500000 -1.232552 2.430463 5.704410
 19.520000 -1.231885 2.467689 5.591736
 19.540000 -1.438770 2.463535 5.678296
 19.560000 -1.669301 2.466127 6.518738
 19.580000 -1.649818 2.436266 6.280696
 19.600000 -1.634737 2.390180 6.021070
 19.620000 -1.638695 2.263518 5.674195
 19.640000 -1.581783 2.326456 5.700707
 19.660000 -1.641347 2.367058 5.954107
 19.680000 -1.499232 2.143476 5.884480
 19.700000 -1.522940 2.228120 5.655951
 19.720000 -1.472918 2.097757 6.132718
 19.740000 -1.685847 2.460368 6.568100
 19.760000 -1.612774 2.389109 5.945193
 19.780000 -1.636198 2.524363 6.643644
 19.800000 -1.442642 2.369943 5.630995
 19.820000 -1.376663 2.530925 5.614622
 19.840000 -1.440683 2.538811 5.803305
 19.860000 -1.256854 2.521133 5.473225
 19.880000 -1.128306 2.491748 5.644557
 19.900000 -0.903739 2.382635 7.024691
 19.920000 -0.942301 2.558884 5.710253
 19.940000 -0.912533 2.368206 7.108218
 19.960000 -1.055985 2.549968 5.539576
 19.980000 -1.272257 2.513623 5.487201
 20.000000 -1.117462 2.622576 5.326281
