#! FIELDS time phi psi metad.bias
#! SET min_phi -pi
#! SET max_phi pi
#! SET min_psi -pi
#! SET max_psi pi
 0.000000 3.141580 -3.141577 2.075071
 0.020000 -2.618849 2.768154 2.505060
 0.040000 -2.633696 2.744941 2.527009
 0.060000 -2.651524 2.746635 2.546162
 0.080000 -2.627029 2.788362 2.500664
 0.100000 -2.639471 2.784333 2.509637
 0.120000 -2.636220 2.762854 2.519465
 0.140000 -2.661870 2.749091 2.557939
 0.160000 -2.609016 2.724300 2.513534
 0.180000 -2.565557 2.742589 2.496169
 0.200000 -2.552565 2.713119 2.490287
 0.220000 -2.535237 2.697526 2.486110
 0.240000 -2.558195 2.615560 2.491191
 0.260000 -2.628669 2.652827 2.576981
 0.280000 -2.659493 2.632543 2.659821
 0.300000 -2.645136 2.655501 2.606564
 0.320000 -2.674672 2.662195 2.664602
 0.340000 -2.649737 2.709598 2.571261
 0.360000 -2.568206 2.651227 2.494193
 0.380000 -2.575621 2.640939 2.504034
 0.400000 -2.527270 2.626356 2.465881
 0.420000 -2.509195 2.646568 2.466517
 0.440000 -2.511220 2.695852 2.492465
 0.460000 -2.510341 2.694362 2.491932
 0.480000 -2.545134 2.634684 2.476828
 0.500000 -2.633367 2.673941 2.570389
 0.520000 -2.550082 2.772206 2.510922
 0.540000 -2.634717 2.773418 2.512481
 0.560000 -2.588780 2.722258 2.500438
 0.580000 -2.436695 2.739414 2.640353
 0.600000 -2.526772 2.772693 2.532143
 0.620000 -2.473895 2.759707 2.596516
 0.640000 -2.573728 2.794623 2.502568
 0.660000 -2.619718 2.843664 2.477412
 0.680000 -2.668305 2.808858 2.514044
 0.700000 -2.656239 2.826570 2.491107
 0.720000 -2.851827 2.776131 2.944859
 0.740000 -2.724115 2.850842 2.523825
 0.760000 -2.838222 2.863254 2.705336
 0.780000 -2.833293 2.778849 2.889448
 0.800000 -2.665489 2.861691 2.464864
 0.820000 -2.705849 2.974904 2.328232
 0.840000 -2.590484 3.048448 2.392091
 0.860000 -2.607252 3.018131 2.384557
 0.880000 -2.635279 3.005459 2.346368
 0.900000 -2.705661 3.041224 2.215327
 0.920000 -2.661974 3.110899 2.137128
 0.940000 -2.782105 2.998939 2.307027
 0.960000 -2.653216 2.905858 2.426069
 0.980000 -2.679488 2.832893 2.500355
 1.000000 -2.662887 2.829363 2.492374
 1.020000 -2.656072 2.747568 2.551323
 1.040000 -2.637929 2.634724 2.609345
 1.060000 -2.547178 2.821684 2.535234
 1.080000 -2.545189 2.744897 2.502666
 1.100000 -2.651631 2.739362 2.551645
 1.120000 -2.836302 2.694892 3.076024
 1.140000 -2.886609 2.780753 3.024362
 1.160000 -2.894309 2.686614 3.262365
 1.180000 -2.792919 2.727669 2.882952
 1.200000 -2.767258 2.681422 2.890599
 1.220000 -2.628644 2.764393 2.512706
 1.240000 -2.563424 2.875765 2.528363
 1.260000 -2.592925 2.815717 2.493899
 1.280000 -2.431579 2.869822 2.868040
 1.300000 -2.479772 2.829676 2.670039
 1.320000 -2.586159 2.897225 2.492805
 1.340000 -2.574120 2.882236 2.512028
 1.360000 -2.717660 2.814415 2.566842
 1.380000 -2.775189 2.845900 2.614235
 1.400000 -2.674741 2.796182 2.531984
 1.420000 -2.625913 2.792260 2.498478
 1.440000 -2.664141 2.936486 2.391653
 1.460000 -2.566813 2.903985 2.524358
 1.480000 -2.622865 2.786262 2.499874
 1.500000 -2.615915 2.874221 2.467180
 1.520000 -2.635302 2.785157 2.506515
 1.540000 -2.642201 2.811619 2.494968
 1.560000 -2.665940 2.742828 2.569203
 1.580000 -2.652585 2.723424 2.564969
 1.600000 -2.722483 2.661885 2.789421
 1.620000 -2.727016 2.710417 2.732548
 1.640000 -2.723745 2.623201 2.848962
 1.660000 -2.616868 2.671947 2.545434
 1.680000 -2.426951 2.761880 2.700717
 1.700000 -2.434761 2.612259 2.479458
 1.720000 -2.365387 2.548496 2.511854
 1.740000 -2.442875 2.471057 2.474280
 1.760000 -2.515765 2.651781 2.468717
 1.780000 -2.452680 2.623148 2.473667
 1.800000 -2.475961 2.561939 2.444119
 1.820000 -2.584953 2.572662 2.552530
 1.840000 -2.616861 2.644484 2.561662
 1.860000 -2.764595 2.695150 2.859559
 1.880000 -2.876683 2.713805 3.154567
 1.900000 -2.672216 2.746232 2.575738
 1.920000 -2.669461 2.706054 2.608797
 1.940000 -2.567741 3.015238 2.484347
 1.960000 -2.615898 2.897468 2.456833
 1.980000 -2.700626 2.891222 2.445847
 2.000000 -2.681849 2.927133 2.397069
 2.020000 -2.709855 2.867207 2.484804
 2.040000 -2.756366 2.863256 2.549359
 2.060000 -2.777274 2.884073 2.543009
 2.080000 -2.894268 2.819344 2.944629
 2.100000 -2.754013 2.851932 2.565803
 2.120000 -2.700669 2.926991 2.398095
 2.140000 -2.713481 2.778510 2.608446
 2.160000 -2.383251 2.875793 3.058201
 2.180000 -2.527551 2.804960 2.552794
 2.200000 -2.426859 2.809693 2.785067
 2.220000 -2.472306 2.678811 2.506490
 2.240000 -2.549543 2.678299 2.482473
 2.260000 -2.547284 2.708947 2.489195
 2.280000 -2.348635 2.658002 2.692433
 2.300000 -2.608282 2.571333 2.600468
 2.320000 -2.535434 2.559198 2.485900
 2.340000 -2.581549 2.631429 2.514417
 2.360000 -2.657011 2.622973 2.663731
 2.380000 -2.500095 2.506488 2.479987
 2.400000 -2.581611 2.481357 2.643700
 2.420000 -2.631787 2.554304 2.674290
 2.440000 -2.682249 2.541448 2.836486
 2.460000 -2.694144 2.557267 2.851147
 2.480000 -2.822409 2.578850 3.245366
 2.500000 -2.549020 2.721093 2.492778
 2.520000 -2.673978 2.788496 2.538333
 2.540000 -2.583047 2.882564 2.499158
 2.560000 -2.438209 2.970920 2.949665
 2.580000 -2.475591 3.088072 2.756257
 2.600000 -2.374714 -3.122397 3.104107
 2.620000 -2.389580 -3.111326 3.006520
 2.640000 -2.508992 3.106894 2.593166
 2.660000 -2.596988 3.117197 2.274328
 2.680000 -2.630425 -3.094301 2.032002
 2.700000 -2.801730 2.926372 2.491460
 2.720000 -2.700057 3.023557 2.250398
 2.740000 -2.748515 3.006187 2.274896
 2.760000 -2.749358 2.896008 2.480988
 2.780000 -2.608499 2.862640 2.476539
 2.800000 -2.740422 2.745748 2.712795
 2.820000 -2.664597 2.794648 2.522885
 2.840000 -2.654081 2.782618 2.522464
 2.860000 -2.799612 2.668203 3.013613
 2.880000 -2.693337 2.615721 2.769066
 2.900000 -2.665055 2.745825 2.565266
 2.920000 -2.710367 2.617628 2.816365
 2.940000 -2.506063 2.679862 2.484567
 2.960000 -2.536852 2.687250 2.482337
 2.980000 -2.393589 2.773889 2.815390
 3.000000 -2.219035 2.742147 3.342292
 3.020000 -2.287085 2.680489 2.921448
 3.040000 -2.231317 2.682425 3.116219
 3.060000 -2.367926 2.683708 2.695994
 3.080000 -2.571296 2.664847 2.495009
 3.100000 -2.628303 2.612103 2.608172
 3.120000 -2.639191 2.604492 2.639637
 3.140000 -2.784070 2.485931 3.270225
 3.160000 -2.608611 2.707171 2.519160
 3.180000 -2.706402 2.628547 2.789692
 3.200000 -2.685666 2.832361 2.506100
 3.220000 -2.622650 2.849600 2.474001
 3.240000 -2.705784 2.944035 2.374936
 3.260000 -2.713287 3.070111 2.154622
 3.280000 -2.802754 2.983173 2.361903
 3.300000 -2.920625 3.007254 2.447472
 3.320000 -2.887648 2.978799 2.486531
 3.340000 -2.870321 2.967404 2.492694
 3.360000 -2.972919 2.903443 2.852366
 3.380000 -2.665670 3.004858 2.307406
 3.400000 -2.822879 2.926193 2.524560
 3.420000 -2.606383 3.025115 2.379094
 3.440000 -2.561557 3.017708 2.500187
 3.460000 -2.602847 2.994224 2.415852
 3.480000 -2.670545 3.086719 2.169575
 3.500000 -2.657561 3.033048 2.277010
 3.520000 -2.824416 2.971403 2.416091
 3.540000 -2.785267 2.930560 2.459611
 3.560000 -2.738749 2.801107 2.623029
 3.580000 -2.720534 2.831447 2.547113
 3.600000 -2.610399 2.785199 2.496666
 3.620000 -2.593236 2.739014 2.500352
 3.640000 -2.563304 2.834676 2.519912
 3.660000 -2.486506 2.833492 2.658028
 3.680000 -2.524316 2.756968 2.524162
 3.700000 -2.571238 2.765126 2.498864
 3.720000 -2.564738 2.687881 2.489668
 3.740000 -2.702822 2.623259 2.786446
 3.760000 -2.678011 2.516127 2.860530
 3.780000 -2.717586 2.468796 3.070725
 3.800000 -2.661744 2.413080 2.993330
 3.820000 -2.565599 2.518264 2.564335
 3.840000 -2.527804 2.552779 2.480317
 3.860000 -2.459486 2.580482 2.447235
 3.880000 -2.501628 2.685057 2.490099
 3.900000 -2.502125 2.827088 2.616206
 3.920000 -2.533360 2.855361 2.574702
 3.940000 -2.463951 2.746828 2.597821
 3.960000 -2.629851 2.797311 2.497612
 3.980000 -2.670035 2.778974 2.542443
 4.000000 -2.804124 2.848603 2.666432
 4.020000 -2.836557 2.863316 2.701636
 4.040000 -2.792180 2.813529 2.713619
 4.060000 -2.795792 2.918546 2.499961
 4.080000 -2.773830 3.087649 2.095247
 4.100000 -2.829898 3.038606 2.247926
 4.120000 -2.781370 -3.088452 1.808902
 4.140000 -2.724176 3.093701 2.097417
 4.160000 -2.819231 3.004245 2.327251
 4.180000 -2.822100 3.047828 2.216937
 4.200000 -2.873117 3.013215 2.366212
 4.220000 -2.857256 2.977831 2.444396
 4.240000 -2.728465 2.907338 2.441264
 4.260000 -2.702520 3.000370 2.288252
 4.280000 -2.623963 2.947754 2.417066
 4.300000 -2.457564 3.051083 2.865894
 4.320000 -2.544372 2.935482 2.574679
 4.340000 -2.363956 2.798625 2.966924
 4.360000 -2.516566 2.644420 2.466220
 4.380000 -2.599516 2.682357 2.518353
 4.400000 -2.636248 2.597345 2.639659
 4.420000 -2.724866 2.443338 3.142297
 4.440000 -2.713520 2.406728 3.176873
 4.460000 -2.619339 2.364760 2.979305
 4.480000 -2.643179 2.399142 2.965867
 4.500000 -2.633783 2.472982 2.793991
 4.520000 -2.428145 2.446459 2.497504
 4.540000 -2.425336 2.475589 2.469278
 4.560000 -2.264573 2.608102 2.824199
 4.580000 -2.383328 2.562038 2.496193
 4.600000 -2.394091 2.631967 2.553988
 4.620000 -2.476786 2.597546 2.449927
 4.640000 -2.397025 2.715951 2.688379
 4.660000 -2.409879 2.893775 2.983628
 4.680000 -2.364260 2.882292 3.147318
 4.700000 -2.328147 2.920830 3.375784
 4.720000 -2.387372 2.961740 3.164344
 4.740000 -2.286639 2.976799 3.647398
 4.760000 -2.433264 2.927603 2.935171
 4.780000 -2.440589 2.957443 2.931555
 4.800000 -2.464957 3.070705 2.819702
 4.820000 -2.453754 3.031437 2.891003
 4.840000 -2.642674 2.888581 2.444229
 4.860000 -2.647857 2.836481 2.480697
 4.880000 -2.788457 2.943363 2.436205
 4.900000 -2.853410 2.791751 2.912494
 4.920000 -2.857369 2.728229 3.068013
 4.940000 -3.028136 2.615659 3.639788
 4.960000 -2.963270 2.613158 3.566125
 4.980000 -2.980983 2.616052 3.590347
 5.000000 -2.801783 2.758097 2.848700
 5.020000 -2.787754 2.637872 3.029473
 5.040000 -2.613227 2.744883 2.509719
 5.060000 -2.567037 2.724903 2.493485
 5.080000 -2.466726 2.775990 2.631546
 5.100000 -2.504016 2.891496 2.665394
 5.120000 -2.391336 2.908819 3.080847
 5.140000 -2.333062 2.993238 3.443446
 5.160000 -2.122179 2.987316 4.345786
 5.180000 -2.147345 2.947104 4.200932
 5.200000 -2.182969 3.008013 4.130625
 5.220000 -2.210421 3.001075 4.011828
 5.240000 -2.207679 2.796773 3.561415
 5.260000 -2.216877 2.705673 3.236738
 5.280000 -2.273645 2.698515 3.014262
 5.300000 -2.428095 2.668221 2.549090
 5.320000 -2.481697 2.770729 2.595800
 5.340000 -2.649276 2.576090 2.695236
 5.360000 -2.564557 2.554972 2.530005
 5.380000 -2.597128 2.607587 2.550486
 5.400000 -2.627886 2.518517 2.708865
 5.420000 -2.662766 2.516833 2.811894
 5.440000 -2.629878 2.544240 2.681206
 5.460000 -2.599216 2.571953 2.580769
 5.480000 -2.475778 2.715669 2.541419
 5.500000 -2.652097 2.623998 2.650900
 5.520000 -2.646467 2.934444 2.404723
 5.540000 -2.706151 3.091904 2.116063
 5.560000 -2.763336 3.039700 2.206446
 5.580000 -2.663274 3.080654 2.191728
 5.600000 -2.707849 3.105018 2.086570
 5.620000 -2.690257 -3.060542 1.821277
 5.640000 -2.622139 -3.135512 2.147516
 5.660000 -2.584932 3.003775 2.448176
 5.680000 -2.663070 3.074886 2.202203
 5.700000 -2.754101 -3.120292 1.909791
 5.720000 -2.894842 3.136029 2.014795
 5.740000 -3.005746 3.117108 2.163140
 5.760000 -2.894228 3.093421 2.148224
 5.780000 -2.879986 -3.014185 1.577282
 5.800000 -2.763788 -3.042986 1.685982
 5.820000 -2.717133 2.958029 2.355462
 5.840000 -2.632195 3.070878 2.264484
 5.860000 -2.642557 2.913971 2.424907
 5.880000 -2.572245 2.917257 2.513318
 5.900000 -2.721268 2.797819 2.595856
 5.920000 -2.680035 2.751199 2.583317
 5.940000 -2.568168 2.805295 2.508103
 5.960000 -2.638892 2.849809 2.470988
 5.980000 -2.595160 2.823075 2.492273
 6.000000 -2.539789 2.758555 2.512113
 6.020000 -2.445173 2.731743 2.611405
 6.040000 -2.389497 2.754670 2.786935
 6.060000 -2.390415 2.591751 2.511841
 6.080000 -2.472110 2.582772 2.446134
 6.100000 -2.535019 2.646622 2.471917
 6.120000 -2.532659 2.667454 2.475784
 6.140000 -2.619261 2.594382 2.603923
 6.160000 -2.578833 2.717341 2.496220
 6.180000 -2.644426 2.777994 2.517250
 6.200000 -2.647457 2.818968 2.492532
 6.220000 -2.741676 2.769059 2.679281
 6.240000 -2.681713 2.597668 2.758943
 6.260000 -2.699909 2.649130 2.744239
 6.280000 -2.696777 2.720056 2.648957
 6.300000 -2.725608 2.626496 2.849869
 6.320000 -2.720069 2.640749 2.812572
 6.340000 -2.736673 2.764339 2.675483
 6.360000 -2.688028 2.828389 2.512650
 6.380000 -2.650252 2.968244 2.368161
 6.400000 -2.640136 3.011426 2.331744
 6.420000 -2.614747 3.023853 2.362688
 6.440000 -2.428483 3.007739 3.004306
 6.460000 -2.574376 2.975725 2.491494
 6.480000 -2.476780 2.966301 2.794682
 6.500000 -2.573285 2.783663 2.501120
 6.520000 -2.656665 2.855626 2.468121
 6.540000 -2.772021 2.594297 3.050845
 6.560000 -2.699360 2.511810 2.936624
 6.580000 -2.906558 2.588626 3.481339
 6.600000 -2.815696 2.610372 3.169084
 6.620000 -2.679210 2.552422 2.811555
 6.640000 -2.670789 2.595188 2.731213
 6.660000 -2.423334 2.647230 2.528909
 6.680000 -2.434594 2.687706 2.565621
 6.700000 -2.498219 2.611101 2.454334
 6.720000 -2.475037 2.551219 2.444563
 6.740000 -2.499771 2.621811 2.457490
 6.760000 -2.542393 2.554086 2.497409
 6.780000 -2.415270 2.643037 2.535217
 6.800000 -2.647046 2.523467 2.755670
 6.820000 -2.512413 2.675549 2.479963
 6.840000 -2.569269 2.742059 2.495843
 6.860000 -2.575171 2.762467 2.497711
 6.880000 -2.574852 2.670724 2.497204
 6.900000 -2.645816 2.773478 2.521380
 6.920000 -2.691173 2.854702 2.485285
 6.940000 -2.776408 2.759519 2.779030
 6.960000 -2.762029 2.789165 2.691500
 6.980000 -2.967967 2.765996 3.244807
 7.000000 -2.694412 -3.094188 1.904620
 7.020000 -2.868605 3.105500 2.089506
 7.040000 -2.686958 -3.094265 1.916524
 7.060000 -2.746133 -3.136537 1.956962
 7.080000 -2.697472 -2.901501 1.321706
 7.100000 -2.760508 -3.038841 1.676109
 7.120000 -2.702357 3.104051 2.094335
 7.140000 -2.782571 -3.131246 1.928136
 7.160000 -2.668348 -3.025109 1.760205
 7.180000 -2.785717 3.053888 2.180128
 7.200000 -2.854341 2.960815 2.486175
 7.220000 -2.745636 3.099899 2.071472
 7.240000 -2.811032 3.078610 2.128432
 7.260000 -2.589608 3.107419 2.312215
 7.280000 -2.606663 2.867770 2.476409
 7.300000 -2.363842 2.965288 3.275072
 7.320000 -2.392602 3.030562 3.170893
 7.340000 -2.242240 2.837509 3.547620
 7.360000 -2.281346 2.737189 3.097238
 7.380000 -2.187568 2.724898 3.406323
 7.400000 -2.155152 2.816629 3.830810
 7.420000 -2.241260 2.711538 3.165547
 7.440000 -2.317327 2.569573 2.621208
 7.460000 -2.456640 2.508372 2.452164
 7.480000 -2.447111 2.586901 2.454212
 7.500000 -2.591329 2.443185 2.729261
 7.520000 -2.478068 2.310412 2.850370
 7.540000 -2.686925 2.265426 3.472245
 7.560000 -2.638352 2.333240 3.120696
 7.580000 -2.728396 2.398041 3.244867
 7.600000 -2.901031 2.258210 3.947021
 7.620000 -2.678209 2.445619 2.981143
 7.640000 -2.809393 2.697613 2.988962
 7.660000 -2.725521 2.955769 2.361468
 7.680000 -2.737083 2.881417 2.491664
 7.700000 -2.683756 2.907054 2.420807
 7.720000 -2.729967 3.111890 2.052410
 7.740000 -2.513997 -2.958060 1.979348
 7.760000 -2.756622 -3.072494 1.776745
 7.780000 -2.658101 3.127046 2.111423
 7.800000 -2.589581 -2.921368 1.611558
 7.820000 -2.722015 -2.952621 1.451911
 7.840000 -2.590507 -2.978716 1.806509
 7.860000 -2.715794 -3.054518 1.767025
 7.880000 -2.653565 -2.943105 1.534642
 7.900000 -2.632984 -2.907142 1.457422
 7.920000 -2.693698 3.079254 2.154119
 7.940000 -2.873017 3.089297 2.141833
 7.960000 -2.848406 3.096034 2.102592
 7.980000 -2.977829 2.904605 2.855812
 8.000000 -2.881361 2.770293 3.036526
 8.020000 -2.884617 2.628747 3.350507
 8.040000 -2.888986 2.678989 3.263743
 8.060000 -2.735762 2.703345 2.765785
 8.080000 -2.719055 2.579226 2.898731
 8.100000 -2.570055 2.490748 2.605386
 8.120000 -2.434875 2.484785 2.462545
 8.140000 -2.374495 2.631862 2.589405
 8.160000 -2.397340 2.562480 2.479862
 8.180000 -2.246227 2.458398 2.745628
 8.200000 -2.237025 2.518289 2.782036
 8.220000 -2.174542 2.598950 3.107183
 8.240000 -2.145816 2.532908 3.105074
 8.260000 -2.232331 2.551559 2.830072
 8.280000 -2.258398 2.623468 2.875503
 8.300000 -2.171805 2.618950 3.161864
 8.320000 -2.371594 2.586589 2.535126
 8.340000 -2.495168 2.524468 2.463870
 8.360000 -2.552259 2.565374 2.504364
 8.380000 -2.668335 2.707411 2.605377
 8.400000 -2.699729 2.656692 2.734045
 8.420000 -2.647218 2.616193 2.647106
 8.440000 -2.803776 2.799711 2.769144
 8.460000 -2.623861 3.023843 2.344688
 8.480000 -2.720367 2.976231 2.325961
 8.500000 -2.734304 2.850921 2.537357
 8.520000 -2.741196 2.946475 2.385213
 8.540000 -2.865177 3.053723 2.239831
 8.560000 -2.903329 3.061148 2.258175
 8.580000 -2.897654 3.050937 2.283463
 8.600000 -2.919078 2.924051 2.700223
 8.620000 -2.728817 3.115320 2.045291
 8.640000 -2.687589 -3.085547 1.892894
 8.660000 -2.702480 3.079332 2.145134
 8.680000 -2.437873 -3.110417 2.778387
 8.700000 -2.512006 3.103156 2.586515
 8.720000 -2.526183 3.048379 2.592673
 8.740000 -2.543299 2.856538 2.557016
 8.760000 -2.677274 2.844554 2.486854
 8.780000 -2.613505 2.813621 2.488913
 8.800000 -2.413843 2.694305 2.613073
 8.820000 -2.612834 2.539182 2.644119
 8.840000 -2.477899 2.556790 2.444781
 8.860000 -2.506459 2.587621 2.454250
 8.880000 -2.587073 2.460024 2.689614
 8.900000 -2.509867 2.292251 2.958731
 8.920000 -2.544944 2.210442 3.360035
 8.940000 -2.615841 2.361722 2.977387
 8.960000 -2.426352 2.466027 2.477006
 8.980000 -2.502083 2.344080 2.774749
 9.000000 -2.457506 2.320717 2.795288
 9.020000 -2.287316 2.492427 2.636373
 9.040000 -2.336389 2.485413 2.539747
 9.060000 -2.278901 2.641993 2.852926
 9.080000 -2.248148 2.544231 2.773059
 9.100000 -2.300051 2.620850 2.746032
 9.120000 -2.323836 2.655194 2.751418
 9.140000 -2.432853 2.639907 2.508105
 9.160000 -2.624818 2.663344 2.563090
 9.180000 -2.586450 2.739786 2.497936
 9.200000 -2.578448 3.027114 2.445490
 9.220000 -2.696352 2.882618 2.454580
 9.240000 -2.501323 2.964472 2.706522
 9.260000 -2.741749 3.050889 2.181820
 9.280000 -2.651469 -3.106992 2.014650
 9.300000 -2.694114 2.918244 2.408588
 9.320000 -2.894481 2.997640 2.440819
 9.340000 -2.824329 2.968950 2.422108
 9.360000 -2.855429 2.943006 2.535429
 9.380000 -3.130975 2.843506 3.106057
 9.400000 -2.892103 2.840332 2.883896
 9.420000 -2.898749 2.929699 2.647587
 9.440000 -2.830583 3.012071 2.318941
 9.460000 -2.588331 3.022037 2.424487
 9.480000 -2.646139 2.814979 2.494589
 9.500000 -2.626477 2.990880 2.375941
 9.520000 -2.535483 2.969539 2.597662
 9.540000 -2.611697 2.802363 2.492072
 9.560000 -2.567757 2.862999 2.519935
 9.580000 -2.523621 2.940563 2.631672
 9.600000 -2.630228 3.032031 2.322598
 9.620000 -2.425456 3.044192 3.013743
 9.640000 -2.543051 2.916547 2.575828
 9.660000 -2.489060 3.050357 2.733493
 9.680000 -2.296243 3.118986 3.563022
 9.700000 -2.590003 2.896598 2.487442
 9.720000 -2.506624 2.987315 2.689190
 9.740000 -2.655064 2.883902 2.444601
 9.760000 -2.766888 2.818048 2.650344
 9.780000 -2.779866 2.615314 3.041975
 9.800000 -2.706498 2.682659 2.718105
 9.820000 -2.835546 2.674015 3.115317
 9.840000 -2.715137 2.720594 2.689380
 9.860000 -2.723487 2.670196 2.780364
 9.880000 -2.784186 2.681326 2.942086
 9.900000 -2.622377 2.784672 2.500327
 9.920000 -2.687330 2.647192 2.713221
 9.940000 -2.634537 2.724887 2.539350
 9.960000 -2.621187 2.571443 2.629616
 9.980000 -2.549427 2.690937 2.484778
 10.000000 -2.661537 2.696163 2.603090
 10.020000 -2.444132 2.719163 2.594729
 10.040000 -2.506340 2.731366 2.522248
 10.060000 -2.367703 2.818246 2.998486
 10.080000 -2.313543 2.920694 3.441168
 10.100000 -2.309487 2.776986 3.107917
 10.120000 -2.127189 2.912380 4.206136
 10.140000 -2.332049 2.875487 3.267912
 10.160000 -2.242355 2.808016 3.458924
 10.180000 -2.344995 2.867661 3.196769
 10.200000 -2.399327 2.778864 2.808540
 10.220000 -2.454212 2.826236 2.732600
 10.240000 -2.400678 2.894401 3.020756
 10.260000 -2.646475 2.794790 2.507864
 10.280000 -2.555638 2.772716 2.507465
 10.300000 -2.645143 2.725348 2.552797
 10.320000 -2.845148 2.575808 3.323951
 10.340000 -2.598837 2.695865 2.513341
 10.360000 -2.877994 2.490920 3.552486
 10.380000 -2.716408 2.638371 2.805228
 10.400000 -2.686306 2.638054 2.721581
 10.420000 -2.751153 2.712336 2.793291
 10.440000 -2.701598 2.870303 2.473800
 10.460000 -2.613209 2.878466 2.467511
 10.480000 -2.598419 3.053403 2.365888
 10.500000 -2.380271 3.096691 3.189857
 10.520000 -2.354448 2.979172 3.331620
 10.540000 -2.395483 2.956875 3.123491
 10.560000 -2.172456 3.126061 4.074153
 10.580000 -2.405542 3.002370 3.107045
 10.600000 -2.413780 2.821129 2.845853
 10.620000 -2.509419 2.820383 2.595465
 10.640000 -2.729468 2.869992 2.501227
 10.660000 -2.735542 2.964986 2.349306
 10.680000 -2.792628 2.839084 2.662546
 10.700000 -2.844508 2.750202 2.983358
 10.720000 -2.714852 2.816246 2.560175
 10.740000 -2.675839 2.899183 2.428885
 10.760000 -2.835599 2.733803 2.993320
 10.780000 -2.626674 2.693571 2.547433
 10.800000 -2.664445 2.726101 2.581536
 10.820000 -2.586570 2.793613 2.497002
 10.840000 -2.401702 2.753800 2.751176
 10.860000 -2.686907 2.728950 2.618894
 10.880000 -2.637499 2.721258 2.545317
 10.900000 -2.501074 2.869821 2.656984
 10.920000 -2.601060 2.689093 2.517735
 10.940000 -2.439591 2.609097 2.472832
 10.960000 -2.429133 2.663281 2.541007
 10.980000 -2.666380 2.760212 2.554567
 11.000000 -2.505840 2.695458 2.495072
 11.020000 -2.741887 2.654202 2.857764
 11.040000 -2.716489 2.694514 2.727917
 11.060000 -2.626004 2.862369 2.466870
 11.080000 -2.779976 2.977010 2.354107
 11.100000 -2.792970 2.987938 2.341127
 11.120000 -2.566917 -3.092861 2.214323
 11.140000 -2.614601 -3.066365 2.001249
 11.160000 -2.586699 -3.106282 2.182474
 11.180000 -2.340873 -3.016454 2.909681
 11.200000 -2.779693 3.042367 2.205300
 11.220000 -2.650299 3.051975 2.259816
 11.240000 -2.971799 2.858932 2.988173
 11.260000 3.027618 2.827781 2.869933
 11.280000 -3.135781 2.757162 3.330262
 11.300000 -2.995658 2.870470 2.987733
 11.320000 -2.981509 2.702242 3.424002
 11.340000 -2.608391 2.898905 2.463862
 11.360000 -2.680825 2.762142 2.573419
 11.380000 -2.434155 2.738806 2.644775
 11.400000 -2.261353 2.798200 3.353701
 11.420000 -2.327265 2.468601 2.560066
 11.440000 -2.327743 2.581127 2.612451
 11.460000 -2.225196 2.549751 2.850243
 11.480000 -2.390344 2.547086 2.479296
 11.500000 -2.299990 2.445423 2.624793
 11.520000 -2.188791 2.492690 2.923085
 11.540000 -2.274070 2.566252 2.726393
 11.560000 -2.090960 2.644003 3.527887
 11.580000 -2.222980 2.535967 2.841101
 11.600000 -2.205121 2.415847 2.902163
 11.620000 -2.307266 2.613203 2.712135
 11.640000 -2.461277 2.398966 2.590357
 11.660000 -2.666199 2.494267 2.857405
 11.680000 -2.718035 2.403300 3.199212
 11.700000 -2.855364 2.523620 3.439108
 11.720000 -2.969112 2.570330 3.641343
 11.740000 -2.924729 2.629601 3.455349
 11.760000 -2.912287 2.824493 2.971985
 11.780000 -2.720137 3.012441 2.262176
 11.800000 -2.623228 2.931360 2.429704
 11.820000 -2.595570 2.880871 2.483790
 11.840000 -2.700011 2.942985 2.375829
 11.860000 -2.720122 2.914168 2.424782
 11.880000 -2.875279 3.025757 2.332466
 11.900000 -2.757627 2.881084 2.518737
 11.920000 -2.812139 2.890151 2.590384
 11.940000 -2.812537 3.019887 2.281211
 11.960000 -2.727338 -3.108194 1.899454
 11.980000 -2.656250 -3.127605 2.052996
 12.000000 -2.417762 2.955990 3.025695
 12.020000 -2.394658 2.950415 3.120617
 12.040000 -2.395645 2.972616 3.136345
 12.060000 -2.509365 2.840730 2.613186
 12.080000 -2.502122 2.741995 2.535858
 12.100000 -2.607098 2.622819 2.558403
 12.120000 -2.670858 2.553883 2.784280
 12.140000 -2.665955 2.557261 2.765271
 12.160000 -2.858659 2.625638 3.279148
 12.180000 -2.811740 2.712440 2.967189
 12.200000 -2.816578 2.539599 3.291307
 12.220000 -2.629346 2.532865 2.693954
 12.240000 -2.629313 2.479378 2.770650
 12.260000 -2.488085 2.643752 2.468939
 12.280000 -2.564162 2.588046 2.509062
 12.300000 -2.539243 2.608388 2.474357
 12.320000 -2.451648 2.597051 2.457166
 12.340000 -2.504109 2.644698 2.466011
 12.360000 -2.531479 2.686402 2.482092
 12.380000 -2.611122 2.835437 2.483090
 12.400000 -2.526903 2.754209 2.519969
 12.420000 -2.479866 2.720032 2.540998
 12.440000 -2.290633 2.654331 2.845608
 12.460000 -2.484737 2.611758 2.454198
 12.480000 -2.445643 2.648298 2.502621
 12.500000 -2.623705 2.606008 2.603511
 12.520000 -2.728817 2.578114 2.932328
 12.540000 -2.700282 2.640558 2.756369
 12.560000 -2.858752 2.858415 2.761931
 12.580000 -2.793078 2.937538 2.454741
 12.600000 -2.709603 3.027726 2.237881
 12.620000 -2.680606 2.986796 2.320010
 12.640000 -2.582214 3.068549 2.390717
 12.660000 -2.577029 3.031969 2.444956
 12.680000 -2.713554 2.957986 2.354888
 12.700000 -2.679345 2.915941 2.410398
 12.720000 -2.828034 2.893685 2.611723
 12.740000 -2.849026 2.868552 2.715307
 12.760000 -2.851374 2.761048 2.978147
 12.780000 -2.936930 2.928116 2.718296
 12.800000 -2.718550 2.941321 2.382273
 12.820000 -2.606167 2.802608 2.492176
 12.840000 -2.421087 2.747107 2.688780
 12.860000 -2.406438 2.796185 2.821645
 12.880000 -2.438764 2.771281 2.687712
 12.900000 -2.537037 2.654292 2.473966
 12.920000 -2.557573 2.550707 2.521771
 12.940000 -2.562870 2.496217 2.583821
 12.960000 -2.617327 2.636508 2.567717
 12.980000 -2.668520 2.621465 2.694350
 13.000000 -2.707151 2.706751 2.688789
 13.020000 -2.629062 2.658825 2.573447
 13.040000 -2.555270 2.680396 2.484887
 13.060000 -2.476800 2.715335 2.539749
 13.080000 -2.420403 2.599832 2.482861
 13.100000 -2.545831 2.770717 2.513390
 13.120000 -2.552478 2.828500 2.531292
 13.140000 -2.778952 2.679785 2.928814
 13.160000 -2.850992 2.741782 3.020130
 13.180000 -2.913836 2.819936 2.987825
 13.200000 -2.799283 3.016773 2.278019
 13.220000 -2.807836 3.035605 2.237703
 13.240000 -2.635739 2.992529 2.360073
 13.260000 -2.597079 3.053348 2.369346
 13.280000 -2.582181 -3.075728 2.121291
 13.300000 -2.638553 3.120792 2.163693
 13.320000 -2.690626 3.032810 2.241153
 13.340000 -2.775405 2.941490 2.424990
 13.360000 -2.878832 2.982375 2.463058
 13.380000 -2.993808 2.860420 3.016335
 13.400000 -3.005407 2.905752 2.887436
 13.420000 -2.980550 2.899316 2.876451
 13.440000 -2.797218 3.048830 2.197881
 13.460000 -2.575085 2.995896 2.478123
 13.480000 -2.587395 3.024870 2.424243
 13.500000 -2.454439 3.120840 2.805392
 13.520000 -2.489486 3.045615 2.734769
 13.540000 -2.615593 3.010730 2.375174
 13.560000 -2.626367 2.833734 2.480413
 13.580000 -2.755254 2.960700 2.368159
 13.600000 -2.753057 2.855822 2.557407
 13.620000 -2.773074 2.692762 2.888535
 13.640000 -2.800939 2.623659 3.097294
 13.660000 -2.758407 2.676538 2.872199
 13.680000 -2.659877 2.673288 2.620848
 13.700000 -2.718708 2.587358 2.885578
 13.720000 -2.650339 2.662400 2.611164
 13.740000 -2.759526 2.531939 3.109764
 13.760000 -2.792548 2.610970 3.091376
 13.780000 -2.758243 2.652559 2.910620
 13.800000 -2.714523 2.643388 2.792763
 13.820000 -2.608553 2.718579 2.515071
 13.840000 -2.412959 2.881201 2.952571
 13.860000 -2.359827 2.853348 3.105770
 13.880000 -2.216510 2.910031 3.846433
 13.900000 -2.170637 2.984085 4.161486
 13.920000 -2.332851 2.979807 3.433775
 13.940000 -2.291034 2.921620 3.544107
 13.960000 -2.539057 2.773228 2.520200
 13.980000 -2.663652 2.843685 2.480416
 14.000000 -2.877501 2.681648 3.225643
 14.020000 -3.009145 2.729763 3.399661
 14.040000 -3.021931 2.587320 3.675390
 14.060000 -2.918751 2.550117 3.571078
 14.080000 -2.728737 2.687777 2.769761
 14.100000 -2.566440 2.706588 2.491458
 14.120000 -2.383176 2.825177 2.957823
 14.140000 -2.460381 2.759230 2.621453
 14.160000 -2.521379 2.864620 2.604766
 14.180000 -2.664416 2.755022 2.556417
 14.200000 -2.659326 2.902431 2.427227
 14.220000 -2.730491 2.853284 2.528455
 14.240000 -2.622020 2.752832 2.513027
 14.260000 -2.578948 2.818507 2.502121
 14.280000 -2.504538 2.703353 2.501627
 14.300000 -2.419294 2.530098 2.452109
 14.320000 -2.439544 2.513166 2.448676
 14.340000 -2.472096 2.456089 2.505125
 14.360000 -2.522062 2.448318 2.575699
 14.380000 -2.665209 2.460151 2.912184
 14.400000 -2.779499 2.409078 3.390504
 14.420000 -2.776749 2.494404 3.231040
 14.440000 -2.839442 2.458947 3.491433
 14.460000 -2.828043 2.540915 3.326626
 14.480000 -2.664036 2.496739 2.846704
 14.500000 -2.500555 2.563337 2.453555
 14.520000 -2.351854 2.779200 2.962397
 14.540000 -2.271577 2.586246 2.763726
 14.560000 -2.355690 2.745617 2.867972
 14.580000 -2.436638 2.599045 2.467832
 14.600000 -2.488834 2.605203 2.451936
 14.620000 -2.545876 2.683941 2.482529
 14.640000 -2.590949 2.695525 2.506347
 14.660000 -2.614762 2.698858 2.529254
 14.680000 -2.620772 2.512336 2.698156
 14.700000 -2.658619 2.610184 2.681424
 14.720000 -2.586390 2.545910 2.578062
 14.740000 -2.516218 2.733487 2.515026
 14.760000 -2.631158 2.753473 2.520107
 14.780000 -2.506527 2.765793 2.551600
 14.800000 -2.682776 2.799663 2.537707
 14.820000 -2.717160 2.827827 2.547472
 14.840000 -2.768029 2.983844 2.330140
 14.860000 -2.846059 3.005173 2.355034
 14.880000 -2.819671 3.025090 2.274208
 14.900000 -2.812409 3.070983 2.149355
 14.920000 -2.764637 3.127311 1.997458
 14.940000 -2.763471 -3.082555 1.800692
 14.960000 -2.653731 -3.046229 1.850968
 14.980000 -2.675675 3.054574 2.219385
 15.000000 -2.674877 -3.118611 1.997212
 15.020000 -2.824108 -3.134221 1.938298
 15.040000 -2.962482 3.084059 2.244383
 15.060000 -2.891435 3.074592 2.203988
 15.080000 -2.806139 2.909778 2.535636
 15.100000 -2.661153 2.925659 2.404244
 15.120000 -2.525574 2.793888 2.547937
 15.140000 -2.510985 2.872280 2.634030
 15.160000 -2.282334 2.766465 3.178765
 15.180000 -2.166872 2.692522 3.382451
 15.200000 -2.265581 2.606229 2.817435
 15.220000 -2.351739 2.469745 2.523131
 15.240000 -2.474868 2.396494 2.607700
 15.260000 -2.641093 2.227447 3.492016
 15.280000 -2.564925 2.231256 3.303285
 15.300000 -2.698328 2.032060 4.519380
 15.320000 -2.749285 2.075344 4.373055
 15.340000 -2.671664 2.069288 4.292632
 15.360000 -2.660005 2.066807 4.288407
 15.380000 -2.629661 2.036837 4.409541
 15.400000 -2.571324 2.039100 4.333820
 15.420000 -2.652233 2.064265 4.290563
 15.440000 -2.581900 2.122220 3.871300
 15.460000 -2.520989 2.275966 3.038478
 15.480000 -2.405817 2.317525 2.785310
 15.500000 -2.333446 2.382225 2.659204
 15.520000 -2.309274 2.403127 2.658306
 15.540000 -2.361410 2.542537 2.514085
 15.560000 -2.110469 2.744310 3.760408
 15.580000 -2.156019 2.732518 3.550529
 15.600000 -1.984312 2.620790 3.873150
 15.620000 -2.042928 2.761784 4.057416
 15.640000 -2.346573 2.821971 3.085765
 15.660000 -2.382696 2.672330 2.640123
 15.680000 -2.451586 2.787523 2.682279
 15.700000 -2.630970 2.729388 2.532584
 15.720000 -2.591459 2.816129 2.494556
 15.740000 -2.817594 2.736021 2.937089
 15.760000 -2.991965 2.755516 3.312272
 15.780000 -2.894157 2.850029 2.862277
 15.800000 -2.786121 2.856908 2.613126
 15.820000 -2.795524 2.892741 2.555379
 15.840000 -2.470088 2.838610 2.705934
 15.860000 -2.659809 2.897891 2.431366
 15.880000 -2.643065 3.049942 2.275024
 15.900000 -2.515358 2.927264 2.651994
 15.920000 -2.643544 2.981787 2.361142
 15.940000 -2.449484 3.099019 2.858841
 15.960000 -2.465198 3.072113 2.817424
 15.980000 -2.622700 3.100244 2.237520
 16.000000 -2.631536 2.994426 2.364361
 16.020000 -2.626984 3.024674 2.337829
 16.040000 -2.637140 2.949120 2.400287
 16.060000 -2.603529 2.828836 2.487634
 16.080000 -2.597284 2.804503 2.493320
 16.100000 -2.673691 2.830602 2.498246
 16.120000 -2.626787 2.866528 2.464479
 16.140000 -2.673129 2.657748 2.665774
 16.160000 -2.555451 2.780532 2.510293
 16.180000 -2.584125 2.810748 2.498304
 16.200000 -2.519733 2.819948 2.576201
 16.220000 -2.726658 2.660563 2.803275
 16.240000 -2.687302 2.571945 2.809384
 16.260000 -2.788423 2.575558 3.137309
 16.280000 -2.628430 2.506577 2.726943
 16.300000 -2.660840 2.453750 2.910016
 16.320000 -2.647154 2.526260 2.752088
 16.340000 -2.736157 2.448874 3.170721
 16.360000 -2.679877 2.645154 2.696457
 16.380000 -2.648779 2.707881 2.571058
 16.400000 -2.478528 2.652262 2.478964
 16.420000 -2.464989 2.813447 2.686289
 16.440000 -2.429750 2.789220 2.741297
 16.460000 -2.474337 2.821059 2.672969
 16.480000 -2.497203 2.753113 2.552434
 16.500000 -2.574928 2.823345 2.505826
 16.520000 -2.470780 2.907617 2.779240
 16.540000 -2.549100 2.841878 2.541426
 16.560000 -2.592445 2.931553 2.473487
 16.580000 -2.491001 2.854156 2.668616
 16.600000 -2.579054 2.962285 2.487072
 16.620000 -2.662963 2.978803 2.344092
 16.640000 -2.574815 2.882951 2.510978
 16.660000 -2.792143 2.803993 2.732724
 16.680000 -2.781979 2.834852 2.649116
 16.700000 -2.792864 2.629107 3.061299
 16.720000 -3.057937 2.607029 3.658824
 16.740000 -2.891348 2.637052 3.354011
 16.760000 -2.795313 2.671334 2.994451
 16.780000 -2.755369 2.652291 2.902104
 16.800000 -2.658520 2.703696 2.590892
 16.820000 -2.569278 2.751976 2.497279
 16.840000 -2.585803 2.897872 2.493212
 16.860000 -2.400423 2.877695 2.994529
 16.880000 -2.407183 2.813080 2.851983
 16.900000 -2.474931 2.909099 2.766724
 16.920000 -2.348896 2.870399 3.186580
 16.940000 -2.551384 2.759979 2.505448
 16.960000 -2.494125 2.697125 2.504338
 16.980000 -2.435274 2.763303 2.682865
 17.000000 -2.493288 2.728456 2.533429
 17.020000 -2.495946 2.682793 2.491679
 17.040000 -2.515726 2.634909 2.463371
 17.060000 -2.728515 2.711702 2.734516
 17.080000 -2.712124 2.696015 2.714875
 17.100000 -2.791986 2.624897 3.065665
 17.120000 -2.844747 2.547123 3.369676
 17.140000 -2.643065 2.578241 2.676486
 17.160000 -2.772728 2.622206 3.006920
 17.180000 -2.760174 2.585051 3.026081
 17.200000 -2.664074 2.649919 2.652825
 17.220000 -2.704252 2.758038 2.617824
 17.240000 -2.540047 2.881716 2.573274
 17.260000 -2.358867 2.865313 3.135118
 17.280000 -2.548083 2.799274 2.524183
 17.300000 -2.497242 2.948346 2.716147
 17.320000 -2.460265 2.871086 2.774998
 17.340000 -2.584183 2.784404 2.497523
 17.360000 -2.341742 2.833569 3.132091
 17.380000 -2.304058 2.738149 3.019878
 17.400000 -2.393350 2.904859 3.066476
 17.420000 -2.275252 2.858186 3.466952
 17.440000 -2.331923 2.841673 3.190392
 17.460000 -2.377054 2.807985 2.942453
 17.480000 -2.387609 2.938898 3.138378
 17.500000 -2.617979 2.717322 2.524597
 17.520000 -2.906052 2.677035 3.314119
 17.540000 -2.892481 2.526750 3.539340
 17.560000 3.132224 2.404326 3.581011
 17.580000 -2.942993 2.464978 3.724093
 17.600000 -2.974791 2.393787 3.822143
 17.620000 -2.867850 2.602688 3.348316
 17.640000 -2.868125 2.680245 3.201258
 17.660000 -2.756387 2.779585 2.695190
 17.680000 -2.669322 2.787194 2.534207
 17.700000 -2.548074 2.911687 2.563393
 17.720000 -2.487541 2.923119 2.735758
 17.740000 -2.569669 2.987862 2.496786
 17.760000 -2.417802 2.881516 2.934942
 17.780000 -2.569490 3.056931 2.441698
 17.800000 -2.491620 3.067536 2.709677
 17.820000 -2.617338 2.944457 2.428322
 17.840000 -2.501217 -3.112206 2.506006
 17.860000 -2.574324 3.062442 2.421089
 17.880000 -2.550378 -3.048234 2.152070
 17.900000 -2.669950 -3.137938 2.050600
 17.920000 -2.709688 -3.131596 1.977647
 17.940000 -2.694342 3.103351 2.104912
 17.960000 -2.740921 3.059838 2.162841
 17.980000 -2.714690 2.920036 2.412986
 18.000000 -2.676734 2.881697 2.447788
 18.020000 -2.642383 2.887048 2.445458
 18.040000 -2.564659 2.959546 2.521323
 18.060000 -2.563299 2.825921 2.517514
 18.080000 -2.464568 2.871794 2.762438
 18.100000 -2.486640 2.996647 2.762010
 18.120000 -2.623973 2.964053 2.403992
 18.140000 -2.734078 2.934334 2.401587
 18.160000 -2.811751 2.814956 2.756100
 18.180000 -2.875841 2.772168 3.017619
 18.200000 -2.838878 2.835415 2.773433
 18.220000 -2.890222 2.715354 3.188611
 18.240000 -2.885445 2.636388 3.338558
 18.260000 -2.832109 2.687399 3.078320
 18.280000 -2.731333 2.832993 2.560814
 18.300000 -2.617210 2.808210 2.490550
 18.320000 -2.497336 2.941958 2.713455
 18.340000 -2.522562 2.884974 2.613855
 18.360000 -2.498575 2.949658 2.712140
 18.380000 -2.529532 2.848417 2.578038
 18.400000 -2.622296 2.787991 2.498966
 18.420000 -2.683183 2.735931 2.604484
 18.440000 -2.490215 2.692729 2.503711
 18.460000 -2.663036 2.740762 2.566643
 18.480000 -2.602382 2.632669 2.544474
 18.500000 -2.685996 2.673981 2.678267
 18.520000 -2.622657 2.723451 2.526657
 18.540000 -2.558784 2.882920 2.537381
 18.560000 -2.490097 2.722169 2.530964
 18.580000 -2.629295 2.717446 2.537286
 18.600000 -2.705147 2.758687 2.618683
 18.620000 -2.832388 2.746097 2.958103
 18.640000 -2.833628 2.719275 3.017972
 18.660000 -2.692429 2.578451 2.816096
 18.680000 -2.554012 2.887454 2.547004
 18.700000 -2.556194 2.723208 2.492727
 18.720000 -2.447357 2.876386 2.823498
 18.740000 -2.546359 2.773568 2.514241
 18.760000 -2.489464 2.911442 2.721762
 18.780000 -2.424803 2.834748 2.834285
 18.800000 -2.581436 2.821827 2.500595
 18.820000 -2.628735 2.747188 2.521098
 18.840000 -2.680627 2.897311 2.431499
 18.860000 -2.835975 2.854600 2.721285
 18.880000 -2.745232 2.724162 2.758659
 18.900000 -2.725392 2.691105 2.755935
 18.920000 -2.691935 2.850191 2.491182
 18.940000 -2.628949 2.950103 2.408905
 18.960000 -2.639427 2.795561 2.503028
 18.980000 -2.726060 2.817915 2.574970
 19.000000 -2.638937 2.834462 2.480326
 19.020000 -2.784737 2.708503 2.894809
 19.040000 -2.699741 2.799713 2.559686
 19.060000 -2.669921 2.698404 2.617125
 19.080000 -2.546157 2.821867 2.536670
 19.100000 -2.474819 2.798860 2.644046
 19.120000 -2.463985 2.783170 2.647261
 19.140000 -2.387050 2.881536 3.053498
 19.160000 -2.404982 2.915013 3.033556
 19.180000 -2.504618 2.896678 2.667142
 19.200000 -2.628694 2.777563 2.506491
 19.220000 -2.785398 2.839008 2.647791
 19.240000 -2.816784 2.808306 2.782591
 19.260000 -2.802025 2.881366 2.591326
 19.280000 -2.772245 2.743811 2.796263
 19.300000 -2.661105 2.739391 2.564940
 19.320000 -2.710010 2.773623 2.608563
 19.340000 -2.572484 2.811237 2.505908
 19.360000 -2.638393 2.721316 2.546448
 19.380000 -2.569337 2.708363 2.492531
 19.400000 -2.583681 2.685825 2.502195
 19.420000 -2.634381 2.697370 2.556281
 19.440000 -2.669806 2.612900 2.707519
 19.460000 -2.594421 2.527353 2.614502
 19.480000 -2.666970 2.662115 2.647019
 19.500000 -2.515416 2.629520 2.462031
 19.520000 -2.445089 2.632931 2.488163
 19.540000 -2.401665 2.540518 2.465868
 19.560000 -2.333745 2.596161 2.620062
 19.580000 -2.383780 2.542173 2.484431
 19.600000 -2.546749 2.595433 2.484464
 19.620000 -2.573379 2.573007 2.532021
 19.640000 -2.590888 2.519116 2.615983
 19.660000 -2.595069 2.669942 2.517553
 19.680000 -2.628270 2.508582 2.723652
 19.700000 -2.662512 2.564224 2.746286
 19.720000 -2.682148 2.585181 2.776287
 19.740000 -2.602675 2.614355 2.555983
 19.760000 -2.583038 2.679604 2.502757
 19.780000 -2.489348 2.845977 2.664491
 19.800000 -2.620802 2.713420 2.529449
 19.820000 -2.661445 2.936039 2.393492
 19.840000 -2.866771 2.880083 2.723215
 19.860000 -2.818950 3.012556 2.305791
 19.880000 -2.914085 3.005984 2.442576
 19.900000 -2.814188 3.059362 2.180998
 19.920000 -2.670990 3.050135 2.232561
 19.940000 -2.590978 -3.055139 2.038636
 19.960000 -2.598454 3.093791 2.309417
 19.980000 -2.423326 3.089304 2.991388
 20.000000 -2.472223 -3.136733 2.681012
