#! FIELDS time phi psi metad.bias
#! SET min_phi -pi
#! SET max_phi pi
#! SET min_psi -pi
#! SET max_psi pi
 0.000000 3.141580 -3.141577 4.085807
 0.020000 -2.697586 2.600022 5.020850
 0.040000 -2.701275 2.623722 5.178577
 0.060000 -2.667858 2.654209 5.578826
 0.080000 -2.696079 2.655080 5.441375
 0.100000 -2.670280 2.640482 5.466270
 0.120000 -2.717817 2.579458 4.757241
 0.140000 -2.678659 2.588574 5.041305
 0.160000 -2.707639 2.575012 4.780610
 0.180000 -2.660474 2.525201 4.706972
 0.200000 -2.680727 2.528088 4.604412
 0.220000 -2.652312 2.571952 5.074106
 0.240000 -2.674500 2.556834 4.838583
 0.260000 -2.692558 2.567720 4.812139
 0.280000 -2.700197 2.535423 4.540655
 0.300000 -2.743792 2.562634 4.491448
 0.320000 -2.654979 2.592863 5.205915
 0.340000 -2.728282 2.582326 4.721467
 0.360000 -2.646682 2.619971 5.445078
 0.380000 -2.747756 2.596927 4.727395
 0.400000 -2.695397 2.670801 5.562283
 0.420000 -2.767899 2.696482 5.401093
 0.440000 -2.777322 2.721254 5.543175
 0.460000 -2.840718 2.728882 5.278111
 0.480000 -2.798118 2.833082 6.181252
 0.500000 -2.860448 2.724476 5.138196
 0.520000 -2.791157 2.795980 5.997408
 0.540000 -2.703593 2.776100 6.259306
 0.560000 -2.726376 2.796930 6.291792
 0.580000 -2.637079 2.860202 6.925874
 0.600000 -2.780654 2.792834 6.027115
 0.620000 -2.747873 2.791398 6.166205
 0.640000 -2.795033 2.790554 5.944389
 0.660000 -2.778845 2.776826 5.931694
 0.680000 -2.788804 2.654795 4.968333
 0.700000 -2.743873 2.649702 5.157464
 0.720000 -2.810742 2.551123 4.049232
 0.740000 -2.604895 2.611765 5.624711
 0.760000 -2.584663 2.592977 5.623177
 0.780000 -2.549544 2.574591 5.734917
 0.800000 -2.451757 2.621724 6.648648
 0.820000 -2.602093 2.602051 5.576638
 0.840000 -2.534842 2.668656 6.378141
 0.860000 -2.522418 2.575775 5.925984
 0.880000 -2.519248 2.524874 5.664320
 0.900000 -2.546795 2.551361 5.615939
 0.920000 -2.516705 2.547813 5.809809
 0.940000 -2.691103 2.500465 4.360876
 0.960000 -2.641650 2.446731 4.350936
 0.980000 -2.622375 2.456248 4.532792
 1.000000 -2.695025 2.497860 4.320995
 1.020000 -2.658462 2.617459 5.362455
 1.040000 -2.806050 2.507755 3.771571
 1.060000 -2.741940 2.606658 4.832913
 1.080000 -2.730932 2.647196 5.204084
 1.100000 -2.742435 2.614310 4.889359
 1.120000 -2.706451 2.609620 5.044750
 1.140000 -2.762791 2.639943 4.984088
 1.160000 -2.813904 2.528637 3.872054
 1.180000 -2.691931 2.650586 5.428913
 1.200000 -2.836556 2.524178 3.723582
 1.220000 -2.721345 2.636871 5.173683
 1.240000 -2.705467 2.701472 5.740046
 1.260000 -2.737796 2.610359 4.883355
 1.280000 -2.722441 2.580169 4.737213
 1.300000 -2.749566 2.428919 3.609263
 1.320000 -2.789081 2.585624 4.422221
 1.340000 -2.768337 2.582562 4.508445
 1.360000 -2.683545 2.639900 5.392686
 1.380000 -2.819723 2.548732 3.984753
 1.400000 -2.586551 2.753929 6.607308
 1.420000 -2.745144 2.662884 5.253702
 1.440000 -2.713683 2.864223 6.683447
 1.460000 -2.613810 2.833465 6.895626
 1.480000 -2.649530 2.828663 6.754088
 1.500000 -2.440225 2.865651 7.524603
 1.520000 -2.545922 2.758906 6.803311
 1.540000 -2.524329 2.786059 7.012668
 1.560000 -2.664414 2.698938 5.915399
 1.580000 -2.618932 2.773547 6.584877
 1.600000 -2.850930 2.521899 3.634072
 1.620000 -2.715664 2.740707 5.973153
 1.640000 -2.923891 2.543616 3.407524
 1.660000 -2.919784 2.669111 4.372855
 1.680000 -2.804554 2.630471 4.692846
 1.700000 -2.860910 2.574396 3.958743
 1.720000 -2.609358 2.594935 5.485892
 1.740000 -2.577094 2.573888 5.549560
 1.760000 -2.617886 2.562909 5.220144
 1.780000 -2.674697 2.428594 4.042810
 1.800000 -2.589216 2.591242 5.583885
 1.820000 -2.791613 2.427036 3.378497
 1.840000 -2.509338 2.580005 6.040109
 1.860000 -2.635897 2.606469 5.410354
 1.880000 -2.576128 2.677581 6.208600
 1.900000 -2.496466 2.664870 6.576688
 1.920000 -2.519339 2.586573 6.007954
 1.940000 -2.393514 2.567659 6.839540
 1.960000 -2.512333 2.589316 6.070865
 1.980000 -2.568633 2.704830 6.409807
 2.000000 -2.797374 2.644218 4.839839
 2.020000 -2.720208 2.792003 6.287816
 2.040000 -2.924204 2.564794 3.553993
 2.060000 -2.779954 2.765609 5.850528
 2.080000 -2.897600 2.652622 4.368813
 2.100000 -2.728680 2.825541 6.444025
 2.120000 -2.769142 2.678493 5.255169
 2.140000 -2.644671 2.587875 5.229981
 2.160000 -2.711101 2.616447 5.071500
 2.180000 -2.788159 2.413508 3.331672
 2.200000 -2.705564 2.583390 4.853700
 2.220000 -2.715131 2.394572 3.637569
 2.240000 -2.595799 2.333036 4.141431
 2.260000 -2.607142 2.186833 3.682781
 2.280000 -2.614424 2.274996 3.826025
 2.300000 -2.622582 2.209575 3.636108
 2.320000 -2.453092 2.270359 5.019616
 2.340000 -2.554551 2.237775 4.115991
 2.360000 -2.424657 2.207709 5.005111
 2.380000 -2.452882 2.489806 6.011042
 2.400000 -2.711678 2.406072 3.709772
 2.420000 -2.479780 2.543291 6.060683
 2.440000 -2.582727 2.412576 4.585458
 2.460000 -2.604011 2.571289 5.361879
 2.480000 -2.562946 2.510593 5.262562
 2.500000 -2.749164 2.654827 5.170539
 2.520000 -2.863696 2.725618 5.128995
 2.540000 -2.722081 2.747377 5.990574
 2.560000 -2.906273 2.649728 4.297274
 2.580000 -2.903865 2.674891 4.509271
 2.600000 -2.720621 2.843478 6.565814
 2.620000 -2.903939 2.737870 4.991602
 2.640000 -2.600818 2.948546 7.208737
 2.660000 -2.571282 2.624854 5.906899
 2.680000 -2.584706 2.704093 6.327366
 2.700000 -2.550509 2.907435 7.283544
 2.720000 -2.605325 2.897498 7.127825
 2.740000 -2.557098 2.905230 7.264355
 2.760000 -2.287218 2.812083 8.075588
 2.780000 -2.327081 2.783920 7.870468
 2.800000 -2.492248 2.828322 7.277440
 2.820000 -2.318666 2.868210 7.943441
 2.840000 -2.533627 2.643252 6.240277
 2.860000 -2.369440 2.585104 7.091401
 2.880000 -2.648370 2.367997 3.926639
 2.900000 -2.920427 2.518120 3.256371
 2.920000 -3.100875 2.396071 1.919694
 2.940000 -3.099950 2.503956 2.291415
 2.960000 3.095432 2.462156 1.732324
 2.980000 -2.829540 2.571280 4.100271
 3.000000 -2.744702 2.673104 5.335275
 3.020000 -2.673592 2.769493 6.342527
 3.040000 -2.374836 2.792952 7.661229
 3.060000 -2.410111 2.845357 7.599521
 3.080000 -2.303224 2.946342 7.889599
 3.100000 -2.242431 2.832287 8.266438
 3.120000 -2.504464 2.992202 7.361708
 3.140000 -2.522685 3.026925 7.253733
 3.160000 -2.573674 2.874921 7.158121
 3.180000 -2.614239 2.908157 7.126944
 3.200000 -2.611018 2.778680 6.643628
 3.220000 -2.477600 2.799092 7.243213
 3.240000 -2.542184 2.799313 6.999411
 3.260000 -2.495818 2.697042 6.740452
 3.280000 -2.533170 2.543884 5.668871
 3.300000 -2.552759 2.555555 5.599522
 3.320000 -2.736903 2.662273 5.290474
 3.340000 -2.694513 2.647496 5.392567
 3.360000 -2.727335 2.548141 4.476800
 3.380000 -2.854692 2.601794 4.201500
 3.400000 -2.899988 2.445241 2.943261
 3.420000 -2.944339 2.461780 2.818722
 3.440000 -2.907988 2.370733 2.627444
 3.460000 -2.716400 2.369490 3.526089
 3.480000 -2.582320 2.311414 4.156844
 3.500000 -2.652673 2.307874 3.685056
 3.520000 -2.644732 2.228749 3.549301
 3.540000 -2.684067 2.272011 3.419563
 3.560000 -2.613221 2.316131 3.960878
 3.580000 -2.505097 2.292952 4.675433
 3.600000 -2.541846 2.262048 4.280675
 3.620000 -2.524744 2.181314 4.161718
 3.640000 -2.592236 2.390032 4.407776
 3.660000 -2.533192 2.401110 4.912345
 3.680000 -2.434032 2.432398 5.904435
 3.700000 -2.423669 2.454143 6.095418
 3.720000 -2.469083 2.626916 6.557428
 3.740000 -2.406628 2.663858 7.121993
 3.760000 -2.598114 2.700777 6.242483
 3.780000 -2.434227 2.763669 7.317404
 3.800000 -2.534632 2.670516 6.389782
 3.820000 -2.582174 2.833278 6.997761
 3.840000 -2.669267 2.693621 5.855020
 3.860000 -2.745051 2.848287 6.491890
 3.880000 -2.898548 2.825115 5.600148
 3.900000 -2.849460 2.904245 6.233023
 3.920000 -2.952287 2.988851 5.763325
 3.940000 -2.876733 2.954842 6.200322
 3.960000 -2.767809 2.970183 6.731754
 3.980000 -2.706868 2.928551 6.899881
 4.000000 -2.649789 2.936593 7.079798
 4.020000 -2.642522 2.906038 7.046270
 4.040000 -2.685177 2.858720 6.762136
 4.060000 -2.727430 2.801881 6.316805
 4.080000 -2.802185 2.699933 5.255921
 4.100000 -2.836077 2.745972 5.429551
 4.120000 -2.821424 2.649982 4.760344
 4.140000 -2.758217 2.574662 4.502894
 4.160000 -2.718476 2.489117 4.128967
 4.180000 -2.471162 2.496181 5.891138
 4.200000 -2.595606 2.290501 3.994409
 4.220000 -2.598908 2.250024 3.857978
 4.240000 -2.676411 2.150403 3.354364
 4.260000 -2.789301 2.233104 2.928900
 4.280000 -2.703663 2.135030 3.277185
 4.300000 -2.665223 2.114594 3.406945
 4.320000 -2.632140 2.234294 3.626983
 4.340000 -2.616790 2.271291 3.801217
 4.360000 -2.526147 2.303154 4.546855
 4.380000 -2.509857 2.188899 4.284080
 4.400000 -2.250214 2.462517 7.623371
 4.420000 -2.295276 2.398389 7.008580
 4.440000 -2.442032 2.577261 6.511400
 4.460000 -2.509846 2.424397 5.215386
 4.480000 -2.716521 2.473586 4.044355
 4.500000 -2.650001 2.727006 6.172205
 4.520000 -2.673673 2.615926 5.268421
 4.540000 -2.712517 2.810616 6.427520
 4.560000 -2.758325 2.791510 6.120717
 4.580000 -2.620842 2.976131 7.165607
 4.600000 -2.798299 2.871880 6.366345
 4.620000 -2.682058 2.889204 6.882252
 4.640000 -2.868043 2.814340 5.713414
 4.660000 -2.888691 3.029674 6.124106
 4.680000 -3.016908 2.866574 5.020186
 4.700000 -3.103951 2.685162 3.343574
 4.720000 -3.109761 2.800340 4.001214
 4.740000 -2.986665 2.847482 5.147617
 4.760000 -2.754185 2.923855 6.722089
 4.780000 -2.762825 2.796474 6.131434
 4.800000 -2.543206 2.762694 6.832888
 4.820000 -2.659218 2.810408 6.630280
 4.840000 -2.578009 2.895194 7.193981
 4.860000 -2.567706 2.583886 5.672481
 4.880000 -2.532008 2.545171 5.684534
 4.900000 -2.433800 2.567486 6.528562
 4.920000 -2.574408 2.423063 4.699712
 4.940000 -2.626740 2.435841 4.391909
 4.960000 -2.807182 2.205703 2.889690
 4.980000 -2.516315 2.430755 5.193552
 5.000000 -2.519019 2.313175 4.642911
 5.020000 -2.450917 2.406813 5.637102
 5.040000 -2.535542 2.338699 4.614825
 5.060000 -2.545816 2.587611 5.837263
 5.080000 -2.630589 2.603420 5.419485
 5.100000 -2.519086 2.577606 5.959282
 5.120000 -2.559298 2.610459 5.889829
 5.140000 -2.545131 2.668341 6.319433
 5.160000 -2.687540 2.892464 6.874495
 5.180000 -2.847399 2.685736 4.907781
 5.200000 -2.809524 2.664708 4.940260
 5.220000 -2.805149 2.657775 4.907681
 5.240000 -2.715782 2.767206 6.150992
 5.260000 -2.759272 2.640683 5.007940
 5.280000 -2.789474 2.632145 4.784708
 5.300000 -2.748451 2.805722 6.250521
 5.320000 -2.606915 2.888937 7.103117
 5.340000 -2.606965 2.802337 6.779108
 5.360000 -2.573446 2.802436 6.899490
 5.380000 -2.351130 2.998137 7.625278
 5.400000 -2.455120 2.892596 7.508397
 5.420000 -2.259033 2.806749 8.201991
 5.440000 -2.279699 2.696865 8.000001
 5.460000 -2.369246 3.005662 7.563263
 5.480000 -2.395260 2.788054 7.559842
 5.500000 -2.517520 2.738133 6.829444
 5.520000 -2.654580 2.484536 4.485906
 5.540000 -2.774690 2.610248 4.688775
 5.560000 -2.861795 2.724800 5.133256
 5.580000 -2.975738 2.517732 2.977012
 5.600000 -2.838539 2.474241 3.395275
 5.620000 -2.823615 2.359488 2.956619
 5.640000 -2.658348 2.566599 5.001282
 5.660000 -2.758441 2.390876 3.385504
 5.680000 -2.658986 2.579446 5.087834
 5.700000 -2.677936 2.663432 5.594892
 5.720000 -2.577802 2.766559 6.710410
 5.740000 -2.639138 2.664078 5.795831
 5.760000 -2.751628 2.750381 5.877284
 5.780000 -2.705620 2.920495 6.887962
 5.800000 -2.811536 2.863446 6.267088
 5.820000 -2.610289 2.902784 7.126284
 5.840000 -2.807158 2.624924 4.635061
 5.860000 -2.735180 2.888344 6.694200
 5.880000 -2.887499 2.893474 5.985608
 5.900000 -2.913071 3.006186 6.007924
 5.920000 -2.998087 2.770525 4.624281
 5.940000 -2.815021 2.877984 6.312146
 5.960000 -2.896533 3.016929 6.096559
 5.980000 -2.799746 3.022425 6.573341
 6.000000 -2.724531 2.965402 6.885366
 6.020000 -2.811000 2.749490 5.584387
 6.040000 -2.574536 2.918818 7.242036
 6.060000 -2.596163 2.746293 6.524131
 6.080000 -2.541193 2.827210 7.108941
 6.100000 -2.579586 2.525878 5.236062
 6.120000 -2.465134 2.548362 6.198159
 6.140000 -2.555765 2.446610 4.962301
 6.160000 -2.576240 2.333557 4.283660
 6.180000 -2.458214 2.359423 5.356699
 6.200000 -2.575439 2.203637 3.894123
 6.220000 -2.315816 2.244483 6.127635
 6.240000 -2.560528 1.985683 3.704238
 6.260000 -2.574482 1.987012 3.677049
 6.280000 -2.592586 1.865120 3.735774
 6.300000 -2.528517 2.049475 3.865136
 6.320000 -2.534152 1.914689 3.713706
 6.340000 -2.532612 2.002391 3.789160
 6.360000 -2.630436 2.053409 3.540412
 6.380000 -2.632464 2.131477 3.516870
 6.400000 -2.556714 2.180937 3.958161
 6.420000 -2.563823 2.027181 3.714649
 6.440000 -2.333975 2.402494 6.679237
 6.460000 -2.421384 2.349837 5.645167
 6.480000 -2.281273 2.612650 7.818691
 6.500000 -2.348000 2.565600 7.186520
 6.520000 -2.344041 2.777315 7.779643
 6.540000 -2.406416 2.940933 7.625747
 6.560000 -2.546444 2.995864 7.286706
 6.580000 -2.622420 -3.081831 6.117890
 6.600000 -2.664997 -3.045053 5.720621
 6.620000 -2.720798 -2.888531 3.981573
 6.640000 -2.802907 -2.908432 4.001275
 6.660000 -2.787332 -2.812596 3.045311
 6.680000 -2.823178 -2.740828 2.294988
 6.700000 -2.806509 -2.609464 1.315111
 6.720000 -2.731008 -2.545500 1.003312
 6.740000 -2.825163 -2.525773 0.838603
 6.760000 -2.896383 -2.417947 0.407190
 6.780000 -2.954299 -2.527162 0.739249
 6.800000 -2.989821 -2.615181 1.120672
 6.820000 -2.976919 -2.572668 0.919392
 6.840000 -2.812742 -2.550658 0.970048
 6.860000 -2.939532 -2.846587 2.974413
 6.880000 -2.761658 -2.747725 2.461586
 6.900000 -2.776094 -2.875362 3.720812
 6.920000 -2.765464 -3.044240 5.472087
 6.940000 -2.600354 3.093460 6.884389
 6.960000 -2.543266 3.011518 7.262109
 6.980000 -2.377669 3.062096 7.314973
 7.000000 -2.312727 2.820561 7.965941
 7.020000 -2.183424 2.788009 8.545411
 7.040000 -2.145858 2.634455 8.669724
 7.060000 -1.982669 2.571721 9.043757
 7.080000 -2.075210 2.280445 7.999480
 7.100000 -2.086856 2.269812 7.902539
 7.120000 -2.027266 2.168470 7.623395
 7.140000 -1.977046 2.090928 7.370916
 7.160000 -1.898384 1.994388 7.091746
 7.180000 -1.979741 1.818961 6.361903
 7.200000 -2.041882 1.846902 6.100959
 7.220000 -2.005711 1.698688 5.938306
 7.240000 -1.916923 1.598395 6.495366
 7.260000 -1.800723 1.452500 7.574136
 7.280000 -1.853694 1.542917 7.003764
 7.300000 -1.708997 1.302574 8.636650
 7.320000 -1.735174 1.313096 8.407188
 7.340000 -1.583770 1.124362 9.502117
 7.360000 -1.625380 1.172624 9.323555
 7.380000 -1.511798 1.119886 9.798331
 7.400000 -1.457181 1.024746 9.632426
 7.420000 -1.140342 0.913748 9.014251
 7.440000 -1.016031 0.764339 8.388052
 7.460000 -0.997799 0.725913 8.256584
 7.480000 -1.163463 0.605536 7.010704
 7.500000 -1.224689 0.539207 6.113614
 7.520000 -1.296552 0.589213 6.306301
 7.540000 -1.278028 0.325687 3.707406
 7.560000 -1.477441 0.476751 4.256372
 7.580000 -1.476312 0.260729 2.277646
 7.600000 -1.449346 0.084137 1.243703
 7.620000 -1.427926 0.112421 1.455027
 7.640000 -1.337180 -0.066158 0.900584
 7.660000 -1.428653 -0.007667 0.891813
 7.680000 -1.387346 -0.084473 0.723035
 7.700000 -1.141989 -0.202001 1.110777
 7.720000 -1.193764 -0.269725 0.797686
 7.740000 -1.123103 -0.406943 0.875987
 7.760000 -1.073923 -0.503107 1.050097
 7.780000 -1.154615 -0.595741 0.959055
 7.800000 -1.165334 -0.495081 0.792823
 7.820000 -1.036979 -0.613621 1.328151
 7.840000 -1.074146 -0.346435 1.069661
 7.860000 -1.045640 -0.368939 1.142839
 7.880000 -1.047401 -0.260220 1.325317
 7.900000 -1.283276 -0.023709 1.226913
 7.920000 -1.141625 -0.086053 1.512472
 7.940000 -1.356965 0.088476 1.543656
 7.960000 -1.470454 0.153477 1.565644
 7.980000 -1.629389 0.343800 2.307360
 8.000000 -1.638469 0.302987 1.971358
 8.020000 -1.642819 0.585915 4.510764
 8.040000 -1.585415 0.517033 4.118743
 8.060000 -1.729005 0.716103 5.290095
 8.080000 -1.694583 0.792606 6.385607
 8.100000 -1.538689 0.850617 8.051129
 8.120000 -1.237376 0.750569 8.029602
 8.140000 -1.237470 1.006819 9.517861
 8.160000 -0.963013 0.957475 8.532311
 8.180000 -1.076889 1.078731 9.002711
 8.200000 -1.036775 1.117901 8.720790
 8.220000 -1.347216 1.320305 9.586783
 8.240000 -1.463145 1.292645 9.741895
 8.260000 -1.460835 1.395673 9.281954
 8.280000 -1.452518 1.422107 9.136078
 8.300000 -1.470955 1.565576 8.187680
 8.320000 -1.455448 1.742040 6.933796
 8.340000 -1.564215 1.617224 7.815785
 8.360000 -1.627945 1.852119 6.723315
 8.380000 -1.549281 1.767256 6.936379
 8.400000 -1.443530 1.964091 5.681749
 8.420000 -1.424018 1.924181 5.783902
 8.440000 -1.310144 2.084250 4.699101
 8.460000 -1.293032 2.086273 4.624931
 8.480000 -1.175384 2.208353 3.931919
 8.500000 -1.058548 2.253267 3.636679
 8.520000 -1.029377 2.256951 3.605929
 8.540000 -1.029519 2.487842 3.542111
 8.560000 -1.106736 2.473666 3.632892
 8.580000 -0.997287 2.559061 3.545540
 8.600000 -1.002918 2.414400 3.531636
 8.620000 -0.935541 2.407436 3.568460
 8.640000 -1.130867 2.457103 3.681388
 8.660000 -1.257808 2.479799 4.160301
 8.680000 -1.416221 2.447400 5.152765
 8.700000 -1.418310 2.351568 5.062414
 8.720000 -1.639472 2.381386 6.902746
 8.740000 -1.736617 2.408935 7.733411
 8.760000 -1.878797 2.457200 8.642742
 8.780000 -2.102079 2.247189 7.724002
 8.800000 -2.070356 2.427849 8.578221
 8.820000 -2.323996 2.408751 6.795298
 8.840000 -2.501261 2.322917 4.827831
 8.860000 -2.698209 2.257470 3.323109
 8.880000 -2.723239 2.252039 3.199397
 8.900000 -2.816178 2.454181 3.394631
 8.920000 -2.776797 2.404683 3.349764
 8.940000 -2.890334 2.409856 2.831654
 8.960000 -3.010054 2.517402 2.803966
 8.980000 -2.868173 2.689259 4.822702
 9.000000 -2.998621 2.660845 3.842511
 9.020000 -2.836411 2.783561 5.690608
 9.040000 -2.865366 2.760898 5.378457
 9.060000 -2.752072 3.053788 6.683437
 9.080000 -2.710780 3.024480 6.885884
 9.100000 -2.534028 2.925217 7.340299
 9.120000 -2.630953 2.863615 6.957094
 9.140000 -2.511706 3.009335 7.315376
 9.160000 -2.556626 2.929193 7.293419
 9.180000 -2.673407 2.804658 6.546838
 9.200000 -2.710373 2.803771 6.397367
 9.220000 -2.800312 2.704816 5.303279
 9.240000 -2.790976 2.842244 6.262612
 9.260000 -2.789877 2.654527 4.960686
 9.280000 -2.636003 2.684823 5.954214
 9.300000 -2.656996 2.680175 5.819227
 9.320000 -2.605887 2.700437 6.203012
 9.340000 -2.725836 2.645923 5.220294
 9.360000 -2.669700 2.583945 5.058476
 9.380000 -2.702201 2.568661 4.764661
 9.400000 -2.660290 2.514958 4.641042
 9.420000 -2.799435 2.393955 3.190715
 9.440000 -2.884499 2.333729 2.641231
 9.460000 -2.958457 2.406324 2.525013
 9.480000 -2.888449 2.391035 2.771179
 9.500000 -2.661021 2.494580 4.507050
 9.520000 -2.601399 2.330682 4.093473
 9.540000 -2.359310 2.648503 7.379576
 9.560000 -2.370798 2.532965 6.883036
 9.580000 -2.305739 2.670898 7.790360
 9.600000 -2.221375 2.594119 8.181643
 9.620000 -2.277425 2.615606 7.852315
 9.640000 -2.375909 2.744558 7.553416
 9.660000 -2.390002 2.656115 7.201292
 9.680000 -2.632370 2.775378 6.542358
 9.700000 -2.579370 2.782540 6.784764
 9.720000 -2.636122 2.718566 6.179112
 9.740000 -2.627205 2.758066 6.463187
 9.760000 -2.591030 2.602613 5.646639
 9.780000 -2.541820 2.604978 5.966262
 9.800000 -2.589243 2.538048 5.245156
 9.820000 -2.714583 2.455125 3.947711
 9.840000 -2.846763 2.303139 2.744543
 9.860000 -2.900184 2.300113 2.544597
 9.880000 -2.867098 2.257611 2.656681
 9.900000 -2.789278 2.319627 3.009593
 9.920000 -2.849707 2.393457 2.952228
 9.940000 -2.860577 2.354210 2.781661
 9.960000 -2.729451 2.466927 3.930766
 9.980000 -2.609474 2.462585 4.657098
 10.000000 -2.457075 2.540329 6.221123
 10.020000 -2.357019 2.494701 6.848701
 10.040000 -2.312849 2.469357 7.130241
 10.060000 -2.338880 2.649992 7.520977
 10.080000 -2.316214 2.620781 7.595131
 10.100000 -2.298687 2.621431 7.719410
 10.120000 -2.382935 2.597045 7.034717
 10.140000 -2.324074 2.766509 7.862489
 10.160000 -2.559714 2.661679 6.199742
 10.180000 -2.471958 2.635537 6.580673
 10.200000 -2.650473 2.536115 4.840555
 10.220000 -2.614166 2.711212 6.232355
 10.240000 -2.721657 2.629473 5.115229
 10.260000 -2.751509 2.626182 4.934307
 10.280000 -2.820310 2.570537 4.143141
 10.300000 -2.925444 2.634196 4.068059
 10.320000 -2.989001 2.734035 4.436671
 10.340000 -2.971384 2.717948 4.433799
 10.360000 -2.931882 2.866187 5.602913
 10.380000 -2.869263 2.741662 5.217965
 10.400000 -2.784609 2.820998 6.177759
 10.420000 -2.807593 2.793568 5.902377
 10.440000 -2.723095 2.736349 5.909125
 10.460000 -2.586267 2.818580 6.924847
 10.480000 -2.565710 2.780488 6.827214
 10.500000 -2.478250 2.766401 7.126941
 10.520000 -2.590288 2.670173 6.088148
 10.540000 -2.614609 2.810007 6.788527
 10.560000 -2.588958 2.760756 6.634580
 10.580000 -2.424128 2.693610 7.127133
 10.600000 -2.555017 2.673015 6.292926
 10.620000 -2.351874 2.701562 7.578911
 10.640000 -2.410363 2.673859 7.135792
 10.660000 -2.544547 2.578555 5.791882
 10.680000 -2.386889 2.575737 6.922878
 10.700000 -2.567130 2.504562 5.197588
 10.720000 -2.576540 2.445616 4.800710
 10.740000 -2.637980 2.540596 4.947285
 10.760000 -2.847120 2.476872 3.367655
 10.780000 -2.905636 2.437295 2.879700
 10.800000 -2.865610 2.479254 3.289948
 10.820000 -2.948339 2.276192 2.382964
 10.840000 -2.723685 2.366415 3.474175
 10.860000 -2.737035 2.416552 3.616703
 10.880000 -2.737665 2.494871 4.056862
 10.900000 -2.566407 2.601579 5.790859
 10.920000 -2.688822 2.424590 3.935635
 10.940000 -2.630641 2.586783 5.304423
 10.960000 -2.498371 2.711394 6.795945
 10.980000 -2.642547 2.674963 5.854206
 11.000000 -2.606736 2.661469 5.945625
 11.020000 -2.397510 2.701033 7.308264
 11.040000 -2.573658 2.700274 6.358370
 11.060000 -2.380492 2.831290 7.693496
 11.080000 -2.432623 2.729409 7.211164
 11.100000 -2.611431 2.819787 6.844517
 11.120000 -2.474397 2.884985 7.447752
 11.140000 -2.622787 2.784828 6.631415
 11.160000 -2.705112 2.780099 6.277833
 11.180000 -2.646797 2.755305 6.365841
 11.200000 -2.804954 2.771216 5.767517
 11.220000 -2.767162 2.743504 5.755591
 11.240000 -2.783505 2.662285 5.054917
 11.260000 -2.873258 2.623960 4.275575
 11.280000 -2.740671 2.809874 6.307939
 11.300000 -2.670557 2.839912 6.732132
 11.320000 -2.771683 2.702359 5.427552
 11.340000 -2.606855 2.761428 6.565516
 11.360000 -2.726852 2.763614 6.079291
 11.380000 -2.683338 2.820481 6.592618
 11.400000 -2.644924 2.761426 6.410683
 11.420000 -2.687837 2.752148 6.172719
 11.440000 -2.685239 2.744042 6.130428
 11.460000 -2.625666 2.715457 6.206465
 11.480000 -2.737324 2.586479 4.703830
 11.500000 -2.686359 2.645973 5.423177
 11.520000 -2.603231 2.664634 5.984782
 11.540000 -2.664813 2.571142 4.995435
 11.560000 -2.460397 2.617696 6.571081
 11.580000 -2.659624 2.440767 4.202106
 11.600000 -2.602768 2.526743 5.084453
 11.620000 -2.670596 2.493029 4.437922
 11.640000 -2.647907 2.347101 3.846934
 11.660000 -2.612697 2.372242 4.182417
 11.680000 -2.511442 2.478905 5.477939
 11.700000 -2.635842 2.469666 4.518978
 11.720000 -2.637829 2.439972 4.339519
 11.740000 -2.702953 2.343459 3.506941
 11.760000 -2.777907 2.469993 3.683403
 11.780000 -2.600800 2.614389 5.666052
 11.800000 -2.822348 2.509233 3.696230
 11.820000 -2.633183 2.672362 5.883162
 11.840000 -2.700006 2.695044 5.718976
 11.860000 -2.553477 2.737248 6.660777
 11.880000 -2.562762 2.761058 6.743483
 11.900000 -2.579654 2.831150 6.997728
 11.920000 -2.652002 2.832609 6.763576
 11.940000 -2.599996 3.047074 7.075789
 11.960000 -2.660927 2.932062 7.043477
 11.980000 -2.729166 2.800583 6.301913
 12.000000 -2.704150 2.931611 6.914093
 12.020000 -2.876646 2.877604 5.986781
 12.040000 -2.680790 2.993937 7.011031
 12.060000 -2.822632 2.661056 4.842596
 12.080000 -2.658022 2.647975 5.584585
 12.100000 -2.695942 2.755777 6.161654
 12.120000 -2.748727 2.730919 5.751797
 12.140000 -2.731515 2.615097 4.953035
 12.160000 -2.758816 2.602046 4.708246
 12.180000 -2.736899 2.518267 4.215539
 12.200000 -2.756713 2.631990 4.952784
 12.220000 -2.766680 2.606773 4.703551
 12.240000 -2.885869 2.433360 2.952433
 12.260000 -2.676998 2.496227 4.418709
 12.280000 -2.775052 2.405290 3.361429
 12.300000 -2.596787 2.495431 4.934890
 12.320000 -2.630362 2.429674 4.335032
 12.340000 -2.698669 2.540774 4.586545
 12.360000 -2.581727 2.530391 5.248820
 12.380000 -2.633356 2.446171 4.402956
 12.400000 -2.646064 2.391366 4.043213
 12.420000 -2.589502 2.509159 5.067016
 12.440000 -2.471892 2.568101 6.245801
 12.460000 -2.515888 2.494691 5.526265
 12.480000 -2.303835 2.475204 7.228105
 12.500000 -2.522151 2.393674 4.966780
 12.520000 -2.464711 2.598266 6.447156
 12.540000 -2.569910 2.600932 5.765057
 12.560000 -2.640280 2.535655 4.900370
 12.580000 -2.749195 2.592177 4.683482
 12.600000 -2.853948 2.564769 3.923490
 12.620000 -3.006132 2.592148 3.303373
 12.640000 -3.071581 2.666158 3.425175
 12.660000 -2.945814 2.522324 3.155054
 12.680000 -2.980850 2.618264 3.633204
 12.700000 -2.761492 2.671535 5.239137
 12.720000 -2.841510 2.701280 5.061686
 12.740000 -2.868742 2.672638 4.687868
 12.760000 -2.764942 2.786058 6.056363
 12.780000 -2.633823 2.779013 6.557094
 12.800000 -2.635257 2.719242 6.187432
 12.820000 -2.537935 2.721186 6.648631
 12.840000 -2.629401 2.833814 6.845455
 12.860000 -2.653924 2.781749 6.494122
 12.880000 -2.462715 2.721987 7.026615
 12.900000 -2.540395 2.552646 5.668154
 12.920000 -2.515294 2.668858 6.489046
 12.940000 -2.482907 2.782885 7.167259
 12.960000 -2.523245 2.699547 6.608567
 12.980000 -2.560292 2.610592 5.884523
 13.000000 -2.544607 2.584794 5.828479
 13.020000 -2.704419 2.666474 5.485129
 13.040000 -2.685314 2.711239 5.904445
 13.060000 -2.808018 2.452299 3.425792
 13.080000 -2.855931 2.480934 3.347651
 13.100000 -2.890445 2.497612 3.277613
 13.120000 -2.940756 2.367488 2.487112
 13.140000 -3.014390 2.427157 2.359470
 13.160000 -2.860351 2.421869 3.019121
 13.180000 -2.807837 2.531569 3.924370
 13.200000 -2.677912 2.522370 4.582863
 13.220000 -2.680794 2.467931 4.223071
 13.240000 -2.578042 2.484102 5.001558
 13.260000 -2.561232 2.690881 6.365308
 13.280000 -2.511934 2.569261 5.962722
 13.300000 -2.432511 2.556713 6.489508
 13.320000 -2.513640 2.540015 5.789247
 13.340000 -2.496514 2.567511 6.063198
 13.360000 -2.542073 2.810471 7.044323
 13.380000 -2.662568 2.586866 5.119970
 13.400000 -2.617988 2.658468 5.866640
 13.420000 -2.570311 2.717078 6.472482
 13.440000 -2.640870 2.833769 6.806765
 13.460000 -2.652034 2.729031 6.176496
 13.480000 -2.820342 2.752946 5.561785
 13.500000 -2.857610 2.767492 5.467438
 13.520000 -2.788545 2.913072 6.553480
 13.540000 -2.935005 2.628451 3.970051
 13.560000 -2.897875 2.620425 4.113798
 13.580000 -2.773947 2.777138 5.956720
 13.600000 -2.881527 2.695808 4.799916
 13.620000 -2.673940 2.737190 6.134134
 13.640000 -2.764189 2.596706 4.638662
 13.660000 -2.805210 2.698880 5.232283
 13.680000 -2.650971 2.836609 6.784998
 13.700000 -2.846391 2.679269 4.861844
 13.720000 -2.681060 2.501953 4.430437
 13.740000 -2.634571 2.541852 4.976748
 13.760000 -2.627396 2.646194 5.733257
 13.780000 -2.567356 2.469342 4.997026
 13.800000 -2.511793 2.420424 5.179942
 13.820000 -2.599968 2.402522 4.410922
 13.840000 -2.408333 2.467198 6.288565
 13.860000 -2.533924 2.315683 4.534513
 13.880000 -2.654285 2.275546 3.589269
 13.900000 -2.573520 2.347368 4.358952
 13.920000 -2.588453 2.270679 3.982023
 13.940000 -2.619815 2.231624 3.691023
 13.960000 -2.639601 2.212308 3.551154
 13.980000 -2.723866 2.214150 3.172107
 14.000000 -2.688788 2.484409 4.273792
 14.020000 -2.714944 2.487037 4.136221
 14.040000 -2.671108 2.458495 4.228145
 14.060000 -2.753674 2.554746 4.380138
 14.080000 -2.792488 2.673181 5.095352
 14.100000 -2.861158 2.743772 5.278363
 14.120000 -2.871628 2.767744 5.391415
 14.140000 -2.865085 2.721050 5.086621
 14.160000 -2.662918 3.007048 7.041510
 14.180000 -2.758207 2.870077 6.534357
 14.200000 -2.664031 2.916377 7.007236
 14.220000 -2.636947 2.892231 7.028019
 14.240000 -2.643457 3.009489 7.082707
 14.260000 -2.523929 2.975384 7.352307
 14.280000 -2.672335 2.958729 7.038705
 14.300000 -2.666314 2.930109 7.025388
 14.320000 -2.653302 2.924650 7.052977
 14.340000 -2.698666 2.865244 6.741468
 14.360000 -2.722796 2.775593 6.174939
 14.380000 -2.720422 2.782393 6.227969
 14.400000 -2.769173 2.745422 5.759781
 14.420000 -2.803655 2.742373 5.569574
 14.440000 -2.720837 2.688025 5.566626
 14.460000 -2.925161 2.602960 3.830191
 14.480000 -2.769509 2.635301 4.912947
 14.500000 -2.866719 2.603164 4.147962
 14.520000 -2.785563 2.583812 4.426845
 14.540000 -2.673419 2.525264 4.629060
 14.560000 -2.553456 2.652763 6.181172
 14.580000 -2.563714 2.501803 5.206310
 14.600000 -2.427637 2.479163 6.175058
 14.620000 -2.549071 2.474164 5.160421
 14.640000 -2.516127 2.545409 5.800710
 14.660000 -2.474889 2.557949 6.172295
 14.680000 -2.614471 2.482200 4.735427
 14.700000 -2.643938 2.559996 5.041364
 14.720000 -2.749602 2.459583 3.775588
 14.740000 -2.855557 2.436952 3.111892
 14.760000 -2.743061 2.561725 4.488758
 14.780000 -2.670406 2.497952 4.469972
 14.800000 -2.701508 2.556524 4.681320
 14.820000 -2.608574 2.581559 5.401428
 14.840000 -2.811718 2.499036 3.685002
 14.860000 -2.828034 2.431385 3.217893
 14.880000 -2.811245 2.458556 3.443902
 14.900000 -2.918803 2.407049 2.696245
 14.920000 -2.830308 2.450188 3.302264
 14.940000 -2.743863 2.448523 3.744783
 14.960000 -2.787430 2.506946 3.864614
 14.980000 -2.608984 2.493636 4.840471
 15.000000 -2.610212 2.572855 5.333622
 15.020000 -2.585173 2.570061 5.473323
 15.040000 -2.355715 2.737994 7.645320
 15.060000 -2.498251 2.668529 6.584969
 15.080000 -2.508659 2.716085 6.766290
 15.100000 -2.483807 2.805142 7.238415
 15.120000 -2.599481 2.728811 6.407601
 15.140000 -2.561089 2.798840 6.928182
 15.160000 -2.513274 2.838170 7.235344
 15.180000 -2.638813 2.901794 7.046843
 15.200000 -2.626124 2.959530 7.155285
 15.220000 -2.743401 2.890342 6.669552
 15.240000 -2.923105 2.856131 5.612196
 15.260000 -2.935419 2.957320 5.849593
 15.280000 -2.986175 2.820236 5.007734
 15.300000 -3.020753 2.928685 5.200962
 15.320000 -2.985238 2.882455 5.312333
 15.340000 -3.012544 2.801458 4.716525
 15.360000 -2.821496 2.955830 6.487531
 15.380000 -2.756416 2.959988 6.768909
 15.400000 -2.599823 2.990840 7.197800
 15.420000 -2.568757 3.016348 7.210874
 15.440000 -2.561031 2.954081 7.293813
 15.460000 -2.606318 2.893289 7.115431
 15.480000 -2.582963 2.902606 7.195896
 15.500000 -2.498377 2.759692 7.011710
 15.520000 -2.499806 2.614276 6.290401
 15.540000 -2.431301 2.533104 6.391388
 15.560000 -2.557360 2.500167 5.243191
 15.580000 -2.618403 2.534928 5.033880
 15.600000 -2.787531 2.366900 3.148248
 15.620000 -2.716854 2.326398 3.378192
 15.640000 -2.750676 2.349124 3.272086
 15.660000 -2.701385 2.277476 3.341380
 15.680000 -2.759417 2.281279 3.074803
 15.700000 -2.733820 2.278071 3.185594
 15.720000 -2.629179 2.273246 3.730502
 15.740000 -2.615759 2.384213 4.214124
 15.760000 -2.587854 2.343568 4.238956
 15.780000 -2.698689 2.316232 3.446640
 15.800000 -2.764085 2.504978 3.977072
 15.820000 -2.809995 2.377882 3.078970
 15.840000 -2.756056 2.522657 4.139865
 15.860000 -2.751766 2.390757 3.420138
 15.880000 -2.750828 2.494664 3.982460
 15.900000 -2.634533 2.685776 5.967876
 15.920000 -2.658850 2.700622 5.953262
 15.940000 -2.633202 2.817904 6.760655
 15.960000 -2.531127 2.933697 7.351221
 15.980000 -2.602002 -3.105103 6.336619
 16.000000 -2.716229 -3.095151 6.042348
 16.020000 -2.732391 -3.058365 5.692178
 16.040000 -2.857262 -3.108961 5.649101
 16.060000 -2.787750 -2.940369 4.377982
 16.080000 -2.792426 -3.020395 5.166514
 16.100000 -2.912078 -3.029716 4.775896
 16.120000 -2.841327 -3.006139 4.860504
 16.140000 -2.878047 -2.958078 4.260925
 16.160000 -2.822388 -2.880794 3.659872
 16.180000 -2.691263 -2.907963 4.248778
 16.200000 -2.663604 -2.849218 3.648823
 16.220000 -2.693816 -2.908705 4.252356
 16.240000 -2.600979 -2.813087 3.331697
 16.260000 -2.691407 -2.943326 4.634010
 16.280000 -2.665386 -3.002035 5.299960
 16.300000 -2.509074 -3.015754 5.619404
 16.320000 -2.528419 -3.020002 5.647525
 16.340000 -2.440722 3.091277 7.082502
 16.360000 -2.567597 3.077204 7.008129
 16.380000 -2.644235 3.138924 6.550556
 16.400000 -2.633179 3.022865 7.079477
 16.420000 -2.556923 3.009097 7.245495
 16.440000 -2.726177 2.841025 6.532474
 16.460000 -2.683605 2.965336 7.010343
 16.480000 -2.867183 2.793888 5.591569
 16.500000 -2.973328 2.710835 4.369377
 16.520000 -2.897131 2.556252 3.635200
 16.540000 -2.911230 2.502783 3.206338
 16.560000 -2.887930 2.499975 3.304647
 16.580000 -2.841404 2.366316 2.897955
 16.600000 -2.875537 2.406985 2.886918
 16.620000 -2.879436 2.332541 2.659002
 16.640000 -2.639475 2.449665 4.381495
 16.660000 -2.612050 2.332513 4.027263
 16.680000 -2.350346 2.481128 6.852726
 16.700000 -2.363957 2.450894 6.610982
 16.720000 -2.388423 2.504191 6.619753
 16.740000 -2.283152 2.544504 7.622364
 16.760000 -2.245918 2.447502 7.606479
 16.780000 -2.169645 2.581805 8.472852
 16.800000 -2.181827 2.546258 8.333015
 16.820000 -2.312733 2.674580 7.754286
 16.840000 -2.356961 2.627381 7.328285
 16.860000 -2.354808 2.767285 7.709889
 16.880000 -2.547162 2.583150 5.801830
 16.900000 -2.505085 2.719064 6.798529
 16.920000 -2.542816 2.753239 6.789004
 16.940000 -2.653565 2.771008 6.432837
 16.960000 -2.645377 2.785470 6.548397
 16.980000 -2.730011 2.621101 5.007136
 17.000000 -2.766449 2.843443 6.378481
 17.020000 -2.770397 2.793506 6.078715
 17.040000 -2.775371 2.910625 6.603343
 17.060000 -2.836219 2.927988 6.366578
 17.080000 -2.783948 2.881842 6.471107
 17.100000 -2.930750 2.944692 5.859654
 17.120000 -2.891949 3.015066 6.124744
 17.140000 -2.850333 2.920424 6.275363
 17.160000 -2.848703 2.824845 5.880418
 17.180000 -2.689514 2.865397 6.773926
 17.200000 -2.794037 2.784643 5.910890
 17.220000 -2.731981 2.895387 6.729341
 17.240000 -2.802982 2.822129 6.097425
 17.260000 -2.539693 2.827688 7.115582
 17.280000 -2.497892 2.772410 7.065303
 17.300000 -2.432162 2.821017 7.476727
 17.320000 -2.363785 2.761845 7.654540
 17.340000 -2.338370 2.773060 7.800834
 17.360000 -2.246600 2.822797 8.253546
 17.380000 -2.173052 2.590725 8.468636
 17.400000 -2.141295 2.625576 8.682051
 17.420000 -2.222138 2.560518 8.105024
 17.440000 -2.104213 2.664157 8.872109
 17.460000 -2.302161 2.502463 7.337882
 17.480000 -2.304815 2.386737 6.876205
 17.500000 -2.429406 2.391998 5.761884
 17.520000 -2.538721 2.259399 4.294835
 17.540000 -2.666781 2.377397 3.849995
 17.560000 -2.760475 2.185128 3.054896
 17.580000 -2.952794 2.134591 2.780590
 17.600000 -2.980527 2.164545 2.582268
 17.620000 -2.911924 2.172898 2.700407
 17.640000 -2.783028 2.237767 2.950700
 17.660000 -2.624321 2.327894 3.928479
 17.680000 -2.623217 2.488916 4.716313
 17.700000 -2.666724 2.492297 4.457320
 17.720000 -2.650869 2.569917 5.068435
 17.740000 -2.662541 2.762842 6.347055
 17.760000 -2.558205 2.876148 7.203694
 17.780000 -2.487701 2.831725 7.302340
 17.800000 -2.373577 2.852272 7.738724
 17.820000 -2.391561 2.754506 7.498230
 17.840000 -2.320653 2.935467 7.862242
 17.860000 -2.452253 2.845314 7.453323
 17.880000 -2.505324 2.843589 7.275830
 17.900000 -2.645325 2.833673 6.791226
 17.920000 -2.941345 2.882076 5.608677
 17.940000 -3.047436 2.798575 4.450870
 17.960000 3.110401 2.877370 3.861698
 17.980000 -3.138175 2.950997 4.329711
 18.000000 -2.838983 2.930272 6.357767
 18.020000 -2.658340 2.870043 6.894414
 18.040000 -2.534999 2.948110 7.346017
 18.060000 -2.232776 3.087978 7.412283
 18.080000 -2.328609 3.001529 7.662558
 18.100000 -2.148648 2.897477 8.508956
 18.120000 -2.114274 2.767939 8.832799
 18.140000 -2.337436 2.835651 7.869095
 18.160000 -2.305657 2.853895 7.997836
 18.180000 -2.533678 2.606336 6.026240
 18.200000 -2.584238 2.564079 5.441497
 18.220000 -2.684967 2.487799 4.317739
 18.240000 -2.663880 2.441585 4.179515
 18.260000 -2.724440 2.373920 3.498948
 18.280000 -2.548327 2.429609 4.932278
 18.300000 -2.622382 2.271820 3.768095
 18.320000 -2.623952 2.372228 4.105214
 18.340000 -2.747572 2.320457 3.206155
 18.360000 -2.788829 2.364712 3.134636
 18.380000 -2.671029 2.554751 4.844328
 18.400000 -2.672375 2.483743 4.369578
 18.420000 -2.660409 2.632375 5.459550
 18.440000 -2.783340 2.515215 3.941752
 18.460000 -2.803620 2.611646 4.548391
 18.480000 -2.741484 2.724529 5.739293
 18.500000 -2.729970 2.720937 5.766967
 18.520000 -2.713263 2.723213 5.860757
 18.540000 -2.738862 2.764127 6.029557
 18.560000 -2.942304 2.796036 5.155477
 18.580000 -2.950821 2.835888 5.331326
 18.600000 -2.932892 2.915627 5.777954
 18.620000 -2.981859 2.787619 4.842975
 18.640000 -2.755107 2.959756 6.773642
 18.660000 -2.786758 2.984157 6.658347
 18.680000 -2.668895 3.085127 6.797396
 18.700000 -2.493146 3.095075 7.006744
 18.720000 -2.491624 3.095119 7.008093
 18.740000 -2.353438 -3.116294 6.652646
 18.760000 -2.561924 3.127478 6.743803
 18.780000 -2.620828 3.068116 6.964184
 18.800000 -2.775186 2.996758 6.701062
 18.820000 -2.750141 2.949237 6.781333
 18.840000 -2.914426 2.768941 5.150445
 18.860000 -2.790043 2.796663 6.006993
 18.880000 -2.979091 2.630148 3.731042
 18.900000 -2.893948 2.725076 4.954302
 18.920000 -2.928638 2.533545 3.315217
 18.940000 -2.860346 2.505519 3.477685
 18.960000 -2.696472 2.594318 4.984620
 18.980000 -2.605267 2.639052 5.804718
 19.000000 -2.553171 2.517902 5.375326
 19.020000 -2.613794 2.507053 4.889184
 19.040000 -2.490677 2.498391 5.744640
 19.060000 -2.552001 2.485641 5.201324
 19.080000 -2.170544 2.535843 8.378073
 19.100000 -2.313574 2.544349 7.385434
 19.120000 -2.141398 2.503566 8.468686
 19.140000 -2.103792 2.557958 8.755737
 19.160000 -2.163499 2.464525 8.239867
 19.180000 -2.173439 2.403811 7.982258
 19.200000 -2.173678 2.463869 8.175046
 19.220000 -2.365105 2.516700 6.866541
 19.240000 -2.469692 2.396095 5.422474
 19.260000 -2.433465 2.332805 5.459983
 19.280000 -2.779977 2.349830 3.130054
 19.300000 -2.708715 2.463924 4.032501
 19.320000 -2.717181 2.536831 4.453763
 19.340000 -2.816040 2.615041 4.509992
 19.360000 -2.703670 2.638279 5.275924
 19.380000 -2.666808 2.575347 5.013671
 19.400000 -2.888528 2.683787 4.666210
 19.420000 -2.766168 2.759384 5.872491
 19.440000 -2.892304 2.819606 5.605504
 19.460000 -3.032054 2.826675 4.717901
 19.480000 -2.858849 2.857079 5.994408
 19.500000 -3.066748 2.879536 4.698551
 19.520000 -3.009534 2.977437 5.359588
 19.540000 -3.017709 2.935250 5.238437
 19.560000 -2.888492 3.024279 6.133272
 19.580000 -2.751647 3.008204 6.779144
 19.600000 -2.615272 3.056800 7.016533
 19.620000 -2.667957 3.051996 6.926442
 19.640000 -2.587305 -3.130318 6.543656
 19.660000 -2.434171 -3.092422 6.386822
 19.680000 -2.389569 -3.111883 6.583494
 19.700000 -2.205569 3.112367 7.287328
 19.720000 -2.178390 -3.127885 6.979415
 19.740000 -2.276183 -3.117477 6.750807
 19.760000 -2.207932 3.024955 7.842483
 19.780000 -2.374323 2.978527 7.631857
 19.800000 -2.436044 2.807116 7.430169
 19.820000 -2.436733 2.878718 7.549479
 19.840000 -2.351116 2.729275 7.650766
 19.860000 -2.599474 2.729726 6.413082
 19.880000 -2.544316 2.581171 5.808925
 19.900000 -2.918611 2.563234 3.572338
 19.920000 -2.852812 2.576287 4.015679
 19.940000 -2.794107 2.500906 3.789558
 19.960000 -2.714743 2.593969 4.882281
 19.980000 -2.701524 2.370203 3.612986
 20.000000 -2.606630 2.351168 4.136658
