#! FIELDS time phi psi metad.bias
#! SET min_phi -pi
#! SET max_phi pi
#! SET min_psi -pi
#! SET max_psi pi
 0.000000 3.141580 -3.141577 16.903789
 0.020000 -2.436259 2.689107 10.385261
 0.040000 -2.443271 2.691796 10.450470
 0.060000 -2.444244 2.679728 10.425336
 0.080000 -2.448638 2.691475 10.495001
 0.100000 -2.436228 2.759786 10.568001
 0.120000 -2.415763 2.790237 10.479080
 0.140000 -2.339656 2.816483 10.074536
 0.160000 -2.392428 2.762419 10.264666
 0.180000 -2.358983 2.788822 10.125058
 0.200000 -2.403301 2.845068 10.462348
 0.220000 -2.556465 2.786930 11.798121
 0.240000 -2.529124 2.832248 11.511533
 0.260000 -2.691935 2.705471 13.783238
 0.280000 -2.689990 2.800872 13.795983
 0.300000 -2.745905 2.868476 14.752889
 0.320000 -2.693536 2.885377 13.776770
 0.340000 -2.676064 2.807743 13.557090
 0.360000 -2.577636 2.838601 12.082376
 0.380000 -2.608859 2.816407 12.507212
 0.400000 -2.533601 2.755744 11.485687
 0.420000 -2.526944 2.811300 11.479565
 0.440000 -2.543237 2.825165 11.666599
 0.460000 -2.326994 2.882777 10.065268
 0.480000 -2.482825 2.734737 10.912638
 0.500000 -2.377103 2.818009 10.278045
 0.520000 -2.392888 2.803501 10.351135
 0.540000 -2.399270 2.871491 10.441748
 0.560000 -2.362989 2.682046 9.855200
 0.580000 -2.326601 2.584858 9.393063
 0.600000 -2.431140 2.628017 10.173803
 0.620000 -2.429627 2.592055 10.073698
 0.640000 -2.413245 2.491377 9.798001
 0.660000 -2.466933 2.385654 10.459879
 0.680000 -2.261275 2.498710 9.052744
 0.700000 -2.332396 2.512622 9.301598
 0.720000 -2.287223 2.551069 9.168728
 0.740000 -2.331810 2.548373 9.346221
 0.760000 -2.284092 2.650401 9.378131
 0.780000 -2.229247 2.665047 9.224455
 0.800000 -2.186267 2.653534 9.076509
 0.820000 -2.205502 2.640996 9.099700
 0.840000 -2.269126 2.600764 9.199464
 0.860000 -2.038727 2.757902 8.920425
 0.880000 -2.269321 2.648899 9.317763
 0.900000 -2.088599 2.640930 8.873516
 0.920000 -2.257440 2.722416 9.482147
 0.940000 -2.381953 2.775441 10.229408
 0.960000 -2.421085 2.696559 10.287452
 0.980000 -2.507982 2.769956 11.230821
 1.000000 -2.692098 2.697420 13.781492
 1.020000 -2.585203 2.799180 12.174924
 1.040000 -2.663698 2.749011 13.323509
 1.060000 -2.640288 2.645647 12.841685
 1.080000 -2.373137 2.706330 9.989739
 1.100000 -2.446344 2.604615 10.247082
 1.120000 -2.347258 2.738050 9.934514
 1.140000 -2.371396 2.724401 10.032592
 1.160000 -2.488825 2.711168 10.916649
 1.180000 -2.427578 2.863956 10.624954
 1.200000 -2.498450 2.686839 10.956952
 1.220000 -2.596448 2.747844 12.279276
 1.240000 -2.560501 2.840478 11.868748
 1.260000 -2.676060 2.732415 13.521604
 1.280000 -2.577419 2.681733 11.912208
 1.300000 -2.409195 2.743976 10.331275
 1.320000 -2.519055 2.740055 11.294817
 1.340000 -2.319973 2.855388 10.026469
 1.360000 -2.462340 2.821035 10.873043
 1.380000 -2.437128 2.771485 10.599696
 1.400000 -2.420389 2.761722 10.453822
 1.420000 -2.545191 2.801966 11.677332
 1.440000 -2.542776 2.705732 11.502717
 1.460000 -2.463043 2.686913 10.610003
 1.480000 -2.500597 2.627742 10.844167
 1.500000 -2.331980 2.627122 9.525356
 1.520000 -2.198740 2.567207 8.976685
 1.540000 -2.271905 2.576908 9.160779
 1.560000 -2.067663 2.562646 8.900509
 1.580000 -2.149584 2.420713 9.160593
 1.600000 -2.312748 2.395502 9.265824
 1.620000 -2.238365 2.420602 9.085019
 1.640000 -2.185918 2.432125 9.075965
 1.660000 -2.310470 2.403081 9.245383
 1.680000 -2.156984 2.303437 9.628895
 1.700000 -2.359462 2.189569 10.223500
 1.720000 -2.418258 2.221342 10.577794
 1.740000 -2.360979 2.164548 10.360336
 1.760000 -2.360909 2.241845 9.986041
 1.780000 -2.330188 2.214370 9.944040
 1.800000 -2.333997 2.403271 9.337102
 1.820000 -2.471112 2.344757 10.646921
 1.840000 -2.481889 2.389153 10.639341
 1.860000 -2.473006 2.460932 10.394644
 1.880000 -2.439714 2.612849 10.208007
 1.900000 -2.258894 2.772877 9.623992
 1.920000 -2.471385 2.761944 10.864987
 1.940000 -2.349005 2.871814 10.168935
 1.960000 -2.427811 2.930199 10.537490
 1.980000 -2.420690 2.933817 10.482865
 2.000000 -2.376833 3.023780 9.861554
 2.020000 -2.401848 3.083631 9.528267
 2.040000 -2.530944 3.086825 10.353537
 2.060000 -2.432974 3.131507 9.203253
 2.080000 -2.494425 3.126932 9.626715
 2.100000 -2.680816 -3.084196 10.700586
 2.120000 -2.518908 -3.109940 9.247554
 2.140000 -2.749705 -3.122474 12.404799
 2.160000 -2.579238 -3.040693 8.774136
 2.180000 -2.722951 -3.095603 11.529857
 2.200000 -2.772049 -3.019902 10.928827
 2.220000 -2.690881 -3.012344 9.596367
 2.240000 -2.589186 -2.993480 8.099164
 2.260000 -2.585943 -3.108040 9.848130
 2.280000 -2.416659 -2.972780 6.761808
 2.300000 -2.508012 -3.009358 7.722277
 2.320000 -2.426226 -3.019530 7.475988
 2.340000 -2.361110 -2.956964 6.414300
 2.360000 -2.517652 -3.071597 8.713402
 2.380000 -2.420314 -3.033514 7.653684
 2.400000 -2.560379 -3.029203 8.420779
 2.420000 -2.539116 -2.968886 7.287610
 2.440000 -2.499396 3.129796 9.631009
 2.460000 -2.458654 3.030386 10.261824
 2.480000 -2.525369 3.100411 10.164003
 2.500000 -2.404519 3.093538 9.451336
 2.520000 -2.588491 2.911375 12.114319
 2.540000 -2.599740 2.822001 12.379425
 2.560000 -2.526222 2.978788 11.136578
 2.580000 -2.606966 2.977289 12.082829
 2.600000 -2.527553 2.966931 11.209247
 2.620000 -2.535862 2.754029 11.508891
 2.640000 -2.505372 2.839310 11.268578
 2.660000 -2.498043 2.871056 11.186824
 2.680000 -2.407031 2.868022 10.490024
 2.700000 -2.470820 2.701390 10.719331
 2.720000 -2.315187 2.808115 9.942319
 2.740000 -2.438697 2.730081 10.515915
 2.760000 -2.399661 2.725707 10.216591
 2.780000 -2.631746 2.523566 12.751629
 2.800000 -2.561255 2.496607 11.574351
 2.820000 -2.486806 2.649582 10.745618
 2.840000 -2.386870 2.488764 9.596898
 2.860000 -2.342763 2.496397 9.338807
 2.880000 -2.351617 2.466367 9.374726
 2.900000 -2.230941 2.636629 9.160605
 2.920000 -2.151012 2.619741 8.949258
 2.940000 -2.086049 2.489176 9.061272
 2.960000 -2.100450 2.630204 8.883874
 2.980000 -2.172469 2.721339 9.193577
 3.000000 -2.302921 2.653252 9.464302
 3.020000 -2.405504 2.488760 9.734749
 3.040000 -2.324517 2.412202 9.283823
 3.060000 -2.389094 2.567095 9.712879
 3.080000 -2.444076 2.612135 10.244449
 3.100000 -2.549350 2.399069 11.626357
 3.120000 -2.595785 2.399926 12.476475
 3.140000 -2.647227 2.478585 13.174929
 3.160000 -2.500226 2.582667 10.757771
 3.180000 -2.595105 2.523496 12.097834
 3.200000 -2.595713 2.686583 12.181416
 3.220000 -2.441516 2.902461 10.688208
 3.240000 -2.454686 2.950351 10.658192
 3.260000 -2.319707 2.784915 9.915440
 3.280000 -2.289725 2.890156 9.908499
 3.300000 -2.182137 3.076279 9.029313
 3.320000 -2.098354 3.016425 9.163598
 3.340000 -2.024255 2.868014 9.062044
 3.360000 -2.051383 2.857429 9.121848
 3.380000 -1.976699 -3.140515 8.390078
 3.400000 -1.984822 3.062490 8.824228
 3.420000 -1.950545 2.897153 8.920620
 3.440000 -1.953457 2.908952 8.938783
 3.460000 -2.094950 2.991047 9.223328
 3.480000 -2.111566 2.986329 9.270790
 3.500000 -2.298524 2.799775 9.850912
 3.520000 -2.184355 2.724716 9.237690
 3.540000 -2.357137 2.728764 9.962239
 3.560000 -2.243499 2.778209 9.578014
 3.580000 -2.476850 2.391082 10.568666
 3.600000 -2.385523 2.527978 9.623316
 3.620000 -2.487967 2.538221 10.564905
 3.640000 -2.407005 2.551678 9.813552
 3.660000 -2.436785 2.398498 10.091681
 3.680000 -2.461364 2.363761 10.457370
 3.700000 -2.472264 2.508221 10.371989
 3.720000 -2.384952 2.468903 9.579481
 3.740000 -2.474008 2.349627 10.666481
 3.760000 -2.327086 2.414370 9.291531
 3.780000 -2.247467 2.581509 9.096742
 3.800000 -2.371757 2.722857 10.030272
 3.820000 -2.364467 2.591839 9.610712
 3.840000 -2.552997 2.540366 11.418296
 3.860000 -2.509733 2.694089 11.095077
 3.880000 -2.523226 2.954036 11.224147
 3.900000 -2.653815 2.768074 13.173864
 3.920000 -2.569988 2.762534 11.939491
 3.940000 -2.553656 2.923942 11.654721
 3.960000 -2.524585 3.124043 9.898659
 3.980000 -2.543894 2.973622 11.343860
 4.000000 -2.482571 2.954986 10.854846
 4.020000 -2.520186 -3.128020 9.489562
 4.040000 -2.506433 -2.974724 7.173069
 4.060000 -2.639570 3.115754 11.294175
 4.080000 -2.725325 3.021083 13.654454
 4.100000 -2.624600 -3.014104 8.809426
 4.120000 -2.536159 -3.011224 7.943631
 4.140000 -2.509026 3.126940 9.737472
 4.160000 -2.389410 3.026666 9.899823
 4.180000 -2.468697 -3.100625 8.785988
 4.200000 -2.485434 -3.027748 7.865606
 4.220000 -2.543451 3.087895 10.461653
 4.240000 -2.658418 2.887282 13.188042
 4.260000 -2.749785 2.880221 14.803082
 4.280000 -2.628136 3.125527 11.016787
 4.300000 -2.643183 2.895449 12.930538
 4.320000 -2.473197 2.783852 10.920209
 4.340000 -2.339568 2.795547 10.035954
 4.360000 -2.193361 2.815438 9.480901
 4.380000 -2.193849 2.799042 9.448734
 4.400000 -2.238632 2.569690 9.056746
 4.420000 -2.235809 2.471976 9.018913
 4.440000 -2.192409 2.488349 8.979520
 4.460000 -2.106964 2.258561 10.131130
 4.480000 -2.334352 2.219684 9.938615
 4.500000 -2.328554 2.065916 10.660938
 4.520000 -2.343904 2.159045 10.281422
 4.540000 -2.204755 1.976447 10.963153
 4.560000 -2.293787 1.907683 11.183094
 4.580000 -2.251850 1.812350 11.426423
 4.600000 -2.293082 2.006205 10.796136
 4.620000 -2.274606 1.996394 10.801348
 4.640000 -2.227852 1.841703 11.347053
 4.660000 -2.170696 1.869249 11.458701
 4.680000 -2.238435 2.058837 10.543995
 4.700000 -2.229438 2.207349 9.864975
 4.720000 -2.099600 2.110360 11.054561
 4.740000 -2.077969 2.266699 10.268684
 4.760000 -1.910571 2.474648 9.574736
 4.780000 -1.977738 2.584106 8.884732
 4.800000 -2.005753 2.550439 8.967939
 4.820000 -1.980309 2.630643 8.782589
 4.840000 -1.804441 2.701923 8.595748
 4.860000 -1.936778 2.983634 8.926682
 4.880000 -1.997819 2.946858 9.050075
 4.900000 -2.182345 2.864141 9.520684
 4.920000 -2.271506 3.081484 9.149586
 4.940000 -2.358702 3.123053 9.002330
 4.960000 -2.435269 3.109211 9.447823
 4.980000 -2.646261 2.951874 12.779879
 5.000000 -2.623954 3.021845 12.016925
 5.020000 -2.695874 -3.092759 11.061493
 5.040000 -2.724873 2.914999 14.251013
 5.060000 -2.611362 2.930421 12.359920
 5.080000 -2.690944 2.910965 13.664836
 5.100000 -2.568477 3.046369 11.113357
 5.120000 -2.655311 2.963727 12.861212
 5.140000 -2.620916 2.826468 12.681299
 5.160000 -2.609462 2.919791 12.369912
 5.180000 -2.382411 -3.132605 8.787132
 5.200000 -2.507191 3.074322 10.266340
 5.220000 -2.229173 3.064094 9.186085
 5.240000 -2.284081 3.031366 9.503873
 5.260000 -2.079173 3.127340 8.562288
 5.280000 -2.060224 2.923400 9.200733
 5.300000 -2.200565 2.796546 9.465894
 5.320000 -2.285950 2.822009 9.838377
 5.340000 -2.306159 2.852061 9.962886
 5.360000 -2.214431 2.798735 9.518874
 5.380000 -2.215741 2.595917 9.041835
 5.400000 -2.176408 2.658343 9.061785
 5.420000 -2.234964 2.661827 9.234333
 5.440000 -2.183799 2.614731 9.002839
 5.460000 -2.136073 2.427770 9.165425
 5.480000 -2.199502 2.369799 9.234125
 5.500000 -2.142693 2.536904 8.929133
 5.520000 -2.315474 2.360355 9.349547
 5.540000 -2.268715 2.331026 9.331107
 5.560000 -2.469616 2.243990 11.106816
 5.580000 -2.365596 2.384878 9.536577
 5.600000 -2.489642 2.441011 10.622937
 5.620000 -2.333779 2.465836 9.286015
 5.640000 -2.460042 2.330522 10.560660
 5.660000 -2.322238 2.496187 9.243555
 5.680000 -2.519669 2.429845 11.059443
 5.700000 -2.513235 2.466872 10.899317
 5.720000 -2.396301 2.358407 9.815239
 5.740000 -2.389995 2.562823 9.710639
 5.760000 -2.335983 2.810326 10.045853
 5.780000 -2.330601 2.629736 9.525767
 5.800000 -2.353575 2.771822 10.057505
 5.820000 -2.425860 2.889499 10.598034
 5.840000 -2.269213 2.904215 9.827051
 5.860000 -2.467020 2.749557 10.800392
 5.880000 -2.434058 2.683325 10.351217
 5.900000 -2.228840 2.860507 9.671001
 5.920000 -2.293716 2.890395 9.924163
 5.940000 -2.205155 2.771220 9.423295
 5.960000 -2.180975 2.545122 8.946039
 5.980000 -2.315087 2.832318 9.980787
 6.000000 -2.454396 2.841334 10.820635
 6.020000 -2.428086 2.879299 10.621784
 6.040000 -2.732332 2.631909 14.545507
 6.060000 -2.482002 2.802959 11.025736
 6.080000 -2.597936 2.721413 12.264760
 6.100000 -2.571558 2.618902 11.736773
 6.120000 -2.403878 2.523456 9.749536
 6.140000 -2.438032 2.561803 10.086642
 6.160000 -2.303312 2.689630 9.573472
 6.180000 -2.303829 2.651981 9.464599
 6.200000 -2.457285 2.677391 10.532478
 6.220000 -2.529202 2.649961 11.223992
 6.240000 -2.493139 2.846959 11.152437
 6.260000 -2.728239 2.622197 14.473849
 6.280000 -2.615290 2.652405 12.436991
 6.300000 -2.539733 2.638631 11.333862
 6.320000 -2.446490 2.739270 10.601858
 6.340000 -2.085520 2.701289 8.934955
 6.360000 -2.114111 2.536409 8.930733
 6.380000 -2.071894 2.700186 8.905589
 6.400000 -2.110927 2.671584 8.941422
 6.420000 -2.203071 2.697585 9.226755
 6.440000 -2.276986 2.624529 9.282689
 6.460000 -2.219595 2.684480 9.244583
 6.480000 -2.615545 2.577455 12.406946
 6.500000 -2.513145 2.615974 10.964910
 6.520000 -2.670681 2.450596 13.784439
 6.540000 -2.513152 2.447862 10.927485
 6.560000 -2.373476 2.447465 9.508553
 6.580000 -2.305678 2.543541 9.225062
 6.600000 -2.300762 2.470308 9.156821
 6.620000 -2.311291 2.502296 9.203117
 6.640000 -2.346919 2.460323 9.350483
 6.660000 -2.326868 2.423716 9.279496
 6.680000 -2.151199 2.550748 8.924030
 6.700000 -2.376840 2.576171 9.651020
 6.720000 -2.114597 2.635808 8.907263
 6.740000 -2.142330 2.581455 8.914480
 6.760000 -2.173414 2.644439 9.028490
 6.780000 -2.153763 2.517590 8.947770
 6.800000 -2.133139 2.669722 8.983715
 6.820000 -2.259000 2.677906 9.360351
 6.840000 -2.271600 2.601061 9.208456
 6.860000 -2.506508 2.592728 10.846539
 6.880000 -2.722723 2.504582 14.661559
 6.900000 -2.574680 2.544792 11.747289
 6.920000 -2.703671 2.561698 14.077860
 6.940000 -2.545351 2.553406 11.309744
 6.960000 -2.467741 2.526143 10.332021
 6.980000 -2.481213 2.642795 10.671801
 7.000000 -2.426306 2.676141 10.269115
 7.020000 -2.386301 2.593723 9.752655
 7.040000 -2.532924 2.566708 11.146285
 7.060000 -2.388206 2.658462 9.940941
 7.080000 -2.441686 2.646113 10.311001
 7.100000 -2.466842 2.587200 10.405234
 7.120000 -2.289085 2.650095 9.397259
 7.140000 -2.276844 2.672787 9.413154
 7.160000 -2.027838 2.776149 8.923762
 7.180000 -2.133356 2.709953 9.060534
 7.200000 -2.027181 2.732961 8.856145
 7.220000 -2.165671 2.685919 9.092148
 7.240000 -2.036368 2.905685 9.130884
 7.260000 -2.241865 2.780411 9.577160
 7.280000 -2.060930 2.795992 9.046244
 7.300000 -2.188261 2.832366 9.494883
 7.320000 -2.294914 2.781663 9.794771
 7.340000 -2.202439 2.900481 9.605051
 7.360000 -2.353163 2.791230 10.098285
 7.380000 -2.421116 2.696532 10.287610
 7.400000 -2.447985 2.699812 10.512098
 7.420000 -2.645094 2.767263 13.032525
 7.440000 -2.764908 2.623172 15.204079
 7.460000 -2.763319 2.685286 15.125662
 7.480000 -2.881084 2.653098 17.381309
 7.500000 -2.773014 2.789077 15.321841
 7.520000 -2.636714 2.787545 12.913258
 7.540000 -2.685387 2.875620 13.656717
 7.560000 -2.412939 3.126687 9.161978
 7.580000 -2.334482 3.037161 9.619029
 7.600000 -2.310358 -3.051709 7.656212
 7.620000 -2.176399 -2.977973 6.660851
 7.640000 -2.308390 -2.894439 5.476154
 7.660000 -2.415062 -2.956923 6.521921
 7.680000 -2.323653 -2.790116 4.073694
 7.700000 -2.527306 -2.881145 5.803199
 7.720000 -2.415748 -2.762408 3.799237
 7.740000 -2.487109 -2.847739 5.116103
 7.760000 -2.539234 -2.852736 5.423216
 7.780000 -2.643971 -2.846193 6.030953
 7.800000 -2.723693 -3.039574 10.564550
 7.820000 -2.834326 -3.049209 12.514017
 7.840000 -2.853035 -3.103128 13.866459
 7.860000 -2.742180 -3.079791 11.573242
 7.880000 -2.706870 3.034704 13.213511
 7.900000 -2.502944 2.979351 10.916926
 7.920000 -2.489921 2.999406 10.695141
 7.940000 -2.498277 2.978405 10.881020
 7.960000 -2.457884 2.770674 10.765077
 7.980000 -2.517679 2.689456 11.173156
 8.000000 -2.447549 2.787457 10.710615
 8.020000 -2.456595 2.559455 10.256373
 8.040000 -2.334156 2.649454 9.599815
 8.060000 -2.470755 2.353360 10.610367
 8.080000 -2.221860 2.430072 9.063897
 8.100000 -2.293589 2.450622 9.141726
 8.120000 -2.237233 2.310417 9.400015
 8.140000 -2.173523 2.423112 9.112970
 8.160000 -2.204059 2.380174 9.195098
 8.180000 -2.282752 2.515946 9.115407
 8.200000 -2.349780 2.372327 9.471744
 8.220000 -2.394773 2.421950 9.680135
 8.240000 -2.416490 2.501869 9.830160
 8.260000 -2.336575 2.572630 9.415221
 8.280000 -2.428381 2.537311 9.965105
 8.300000 -2.396182 2.538830 9.713074
 8.320000 -2.446682 2.624891 10.298904
 8.340000 -2.477087 2.612477 10.560071
 8.360000 -2.461610 2.730867 10.709634
 8.380000 -2.588808 2.639127 12.014381
 8.400000 -2.624396 2.764293 12.707383
 8.420000 -2.656171 2.941891 12.978459
 8.440000 -2.701779 2.880753 13.929990
 8.460000 -2.620330 2.821108 12.673348
 8.480000 -2.513089 3.047870 10.547823
 8.500000 -2.503203 -3.109203 9.119853
 8.520000 -2.386663 -3.048170 7.752899
 8.540000 -2.369785 -3.071617 8.018060
 8.560000 -2.403773 -3.011507 7.289635
 8.580000 -2.417273 -2.813670 4.455774
 8.600000 -2.588100 -2.926324 6.948916
 8.620000 -2.677031 -2.877321 6.890270
 8.640000 -2.715262 -2.901213 7.759272
 8.660000 -2.751172 -2.782876 5.849377
 8.680000 -2.808431 -2.917589 9.266964
 8.700000 -2.661265 -2.860864 6.439886
 8.720000 -2.684151 -2.757279 4.871415
 8.740000 -2.654059 -2.836884 5.954458
 8.760000 -2.597074 -2.915164 6.831475
 8.780000 -2.707331 -2.881210 7.279182
 8.800000 -2.652017 -2.718565 4.097324
 8.820000 -2.580003 -2.899382 6.430573
 8.840000 -2.555665 -3.136362 9.911148
 8.860000 -2.538227 -3.090824 9.147387
 8.880000 -2.462692 -3.047703 8.033714
 8.900000 -2.616943 2.925661 12.454932
 8.920000 -2.459232 2.698687 10.606826
 8.940000 -2.518143 2.606826 11.008511
 8.960000 -2.488398 2.538645 10.570192
 8.980000 -2.410159 2.584404 9.901218
 9.000000 -2.465678 2.344250 10.578828
 9.020000 -2.365320 2.308088 9.747005
 9.040000 -2.202772 2.284324 9.566484
 9.060000 -2.338411 2.295881 9.640476
 9.080000 -2.132439 2.253093 10.013311
 9.100000 -1.963465 2.343482 10.441843
 9.120000 -1.866064 2.257512 12.036916
 9.140000 -1.659008 2.323553 12.439242
 9.160000 -1.645052 2.346934 12.132990
 9.180000 -1.765201 2.421596 10.594325
 9.200000 -1.489017 2.577473 9.891031
 9.220000 -1.479634 2.526422 10.399177
 9.240000 -1.493270 2.609432 9.649914
 9.260000 -1.396097 2.707784 10.049616
 9.280000 -1.533406 2.681943 9.142811
 9.300000 -1.334986 2.625482 10.863331
 9.320000 -1.279358 2.704467 11.373635
 9.340000 -1.369658 2.631417 10.477952
 9.360000 -1.459005 2.764765 9.548973
 9.380000 -1.414952 2.562262 10.503245
 9.400000 -1.507822 2.600022 9.630806
 9.420000 -1.525968 2.664735 9.227122
 9.440000 -1.499541 2.626151 9.522791
 9.460000 -1.601342 2.552606 9.626418
 9.480000 -1.692947 2.634713 8.867015
 9.500000 -1.774003 2.522336 9.506640
 9.520000 -1.806246 2.591021 8.971939
 9.540000 -1.723771 2.478925 10.052059
 9.560000 -1.790984 2.520747 9.486999
 9.580000 -1.737288 2.509394 9.702587
 9.600000 -1.823180 2.546228 9.234247
 9.620000 -1.925395 2.486894 9.444016
 9.640000 -1.878248 2.421698 10.153821
 9.660000 -1.949595 2.489238 9.364057
 9.680000 -2.073987 2.514159 9.003639
 9.700000 -2.101747 2.504626 8.998322
 9.720000 -2.315767 2.512663 9.229023
 9.740000 -2.380511 2.468871 9.549211
 9.760000 -2.456981 2.467924 10.211167
 9.780000 -2.599949 2.545137 12.158688
 9.800000 -2.635411 2.430953 13.131185
 9.820000 -2.514208 2.627869 11.000287
 9.840000 -2.543081 2.637554 11.374998
 9.860000 -2.496993 2.775571 11.129393
 9.880000 -2.393405 2.920780 10.353426
 9.900000 -2.475464 3.072028 10.045029
 9.920000 -2.394198 -3.101732 8.466214
 9.940000 -2.429564 3.094043 9.565890
 9.960000 -2.499003 3.114816 9.794275
 9.980000 -2.397514 -3.022195 7.423567
 10.000000 -2.405583 -3.055311 7.905259
 10.020000 -2.456185 3.102236 9.634561
 10.040000 -2.379195 -3.053390 7.803475
 10.060000 -2.504606 -3.110615 9.148285
 10.080000 -2.539854 3.117753 10.106986
 10.100000 -2.627337 -3.117200 10.466990
 10.120000 -2.729726 -3.125314 12.111101
 10.140000 -2.776482 -3.068835 11.940931
 10.160000 -2.737091 -3.069877 11.318084
 10.180000 -2.811304 -3.112562 13.313821
 10.200000 -2.555239 -2.959537 7.250414
 10.220000 -2.486646 -3.043079 8.097576
 10.240000 -2.386507 -2.939203 6.196467
 10.260000 -2.148306 -2.896507 5.573304
 10.280000 -2.141994 -2.866049 5.163125
 10.300000 -2.116006 -2.755472 3.765334
 10.320000 -2.020399 -2.784096 4.207619
 10.340000 -2.066637 -2.819574 4.615694
 10.360000 -1.982641 -2.665431 2.908726
 10.380000 -2.130082 -2.723088 3.385517
 10.400000 -2.366467 -2.847500 4.850731
 10.420000 -2.479153 -2.719443 3.417547
 10.440000 -2.593555 -2.889746 6.370284
 10.460000 -2.632451 -2.849722 5.997089
 10.480000 -2.680685 -2.922663 7.781432
 10.500000 -2.773503 -2.984322 10.225375
 10.520000 -2.714573 -2.931753 8.355511
 10.540000 -2.836267 -3.038533 12.325886
 10.560000 -2.813797 -3.096942 13.083836
 10.580000 -2.778672 -3.122338 12.904361
 10.600000 -2.708267 -3.126913 11.783646
 10.620000 -2.538757 -3.075619 8.936964
 10.640000 -2.513497 3.078883 10.276407
 10.660000 -2.410373 3.132030 9.094385
 10.680000 -2.194156 -3.045031 7.512639
 10.700000 -2.073390 3.043274 9.023654
 10.720000 -1.939638 2.993269 8.923360
 10.740000 -2.033784 2.940190 9.133803
 10.760000 -2.260271 2.784423 9.657485
 10.780000 -2.144005 2.708844 9.085722
 10.800000 -2.288307 2.748472 9.680513
 10.820000 -2.248480 2.577300 9.092570
 10.840000 -2.239792 2.630335 9.172516
 10.860000 -2.308388 2.644176 9.462426
 10.880000 -2.315959 2.509415 9.226985
 10.900000 -2.215576 2.577428 9.016473
 10.920000 -2.268171 2.346030 9.284035
 10.940000 -2.234302 2.520626 9.006938
 10.960000 -2.260221 2.503290 9.051448
 10.980000 -2.484562 2.351335 10.802565
 11.000000 -2.437309 2.414267 10.067116
 11.020000 -2.475018 2.381531 10.572707
 11.040000 -2.457266 2.394221 10.323344
 11.060000 -2.473643 2.553274 10.421591
 11.080000 -2.387120 2.535461 9.644523
 11.100000 -2.573324 2.510641 11.750598
 11.120000 -2.435078 2.650898 10.268460
 11.140000 -2.581876 2.429577 12.089119
 11.160000 -2.505422 2.618353 10.879549
 11.180000 -2.501258 2.612357 10.820393
 11.200000 -2.584475 2.684203 12.015514
 11.220000 -2.444751 2.820023 10.732131
 11.240000 -2.513687 2.795006 11.324615
 11.260000 -2.549441 2.934143 11.574072
 11.280000 -2.390219 3.056502 9.697707
 11.300000 -2.417283 -3.133399 8.927885
 11.320000 -2.373676 3.044999 9.711306
 11.340000 -2.299924 -3.069839 7.871334
 11.360000 -2.446717 -3.112671 8.819465
 11.380000 -2.410884 -2.989591 6.992967
 11.400000 -2.428898 -3.117354 8.791309
 11.420000 -2.583974 3.129209 10.426778
 11.440000 -2.616609 -2.999304 8.469836
 11.460000 -2.836036 -3.124048 13.941520
 11.480000 -2.866878 -2.955208 10.916759
 11.500000 -2.809372 -3.013083 11.369842
 11.520000 -2.800867 -3.033310 11.652392
 11.540000 -2.709440 -3.032276 10.220628
 11.560000 -2.609719 -2.989884 8.237423
 11.580000 -2.671824 -3.083811 10.565644
 11.600000 -2.649666 -2.988719 8.650243
 11.620000 -2.637645 -3.052336 9.602355
 11.640000 -2.646204 -3.025859 9.261998
 11.660000 -2.517535 -2.983135 7.372867
 11.680000 -2.489661 -2.994333 7.384097
 11.700000 -2.392258 -2.856569 5.006840
 11.720000 -2.327833 -3.059165 7.775623
 11.740000 -2.298308 -2.804041 4.249364
 11.760000 -2.361593 -2.976291 6.693312
 11.780000 -2.441602 3.108849 9.485090
 11.800000 -2.476211 3.099916 9.785940
 11.820000 -2.634005 3.084510 11.576427
 11.840000 -2.651816 2.861959 13.126904
 11.860000 -2.781004 2.749086 15.470404
 11.880000 -2.670662 2.737294 13.432453
 11.900000 -2.554361 2.750971 11.725316
 11.920000 -2.458377 2.766519 10.761139
 11.940000 -2.466584 2.545093 10.337631
 11.960000 -2.362860 2.759354 10.078490
 11.980000 -2.408345 2.675141 10.130696
 12.000000 -2.367402 2.580006 9.600982
 12.020000 -2.362815 2.549310 9.512629
 12.040000 -2.436316 2.503550 10.005209
 12.060000 -2.247635 2.601346 9.133427
 12.080000 -2.232503 2.525463 9.005640
 12.100000 -2.139702 2.374489 9.361879
 12.120000 -2.086976 2.361611 9.631313
 12.140000 -2.138272 2.533446 8.931793
 12.160000 -2.088406 2.378553 9.532841
 12.180000 -2.108617 2.466860 9.092969
 12.200000 -2.289503 2.355206 9.291338
 12.220000 -2.251431 2.420220 9.095008
 12.240000 -2.419408 2.460661 9.850571
 12.260000 -2.431028 2.344008 10.178884
 12.280000 -2.341147 2.471089 9.321259
 12.300000 -2.224283 2.454373 9.027470
 12.320000 -2.234033 2.551245 9.025814
 12.340000 -2.208928 2.457914 9.018487
 12.360000 -2.317414 2.529555 9.253920
 12.380000 -2.352362 2.584995 9.525413
 12.400000 -2.364328 2.652310 9.773223
 12.420000 -2.525871 2.562245 11.049600
 12.440000 -2.507194 2.772039 11.226079
 12.460000 -2.657537 2.839301 13.240578
 12.480000 -2.534385 2.942721 11.381694
 12.500000 -2.542518 2.894214 11.604522
 12.520000 -2.420514 2.948839 10.437031
 12.540000 -2.421472 3.055214 9.857046
 12.560000 -2.534732 3.072734 10.525738
 12.580000 -2.621158 3.012702 12.047078
 12.600000 -2.744511 2.976250 14.325211
 12.620000 -2.748447 3.118527 13.000930
 12.640000 -2.817533 3.094226 14.579028
 12.660000 -2.706057 -3.116927 11.598121
 12.680000 -2.756614 -3.089737 11.982783
 12.700000 -2.561055 -2.862191 5.695400
 12.720000 -2.629469 -2.864984 6.234765
 12.740000 -2.540546 -2.901213 6.197170
 12.760000 -2.547154 -2.860910 5.593649
 12.780000 -2.579947 -2.975332 7.711743
 12.800000 -2.577394 -2.950944 7.279410
 12.820000 -2.649851 -3.085489 10.290190
 12.840000 -2.651847 -3.050782 9.755030
 12.860000 -2.651371 -2.949840 7.964962
 12.880000 -2.547179 -2.938390 6.845096
 12.900000 -2.593003 -3.101613 9.835101
 12.920000 -2.500715 -2.922925 6.324701
 12.940000 -2.698894 -2.940301 8.331880
 12.960000 -2.567334 -2.974484 7.591784
 12.980000 -2.736621 3.117153 12.812516
 13.000000 -2.669123 3.071785 12.232452
 13.020000 -2.627310 -3.131406 10.663299
 13.040000 -2.757623 2.968581 14.614222
 13.060000 -2.589952 2.870657 12.216143
 13.080000 -2.589975 2.859221 12.229734
 13.100000 -2.453656 3.014761 10.332595
 13.120000 -2.483696 3.002843 10.624707
 13.140000 -2.317517 2.924202 9.989861
 13.160000 -2.468329 2.854181 10.934499
 13.180000 -2.341749 2.928562 10.083948
 13.200000 -2.560751 2.718447 11.752081
 13.220000 -2.486377 2.692070 10.845960
 13.240000 -2.523861 2.511317 11.009661
 13.260000 -2.410171 2.576298 9.883975
 13.280000 -2.325353 2.502687 9.261283
 13.300000 -2.316832 2.444461 9.222250
 13.320000 -2.246206 2.415200 9.099433
 13.340000 -2.269186 2.496457 9.070167
 13.360000 -2.233379 2.464352 9.022715
 13.380000 -2.314207 2.481278 9.205151
 13.400000 -2.221825 2.498470 8.990469
 13.420000 -2.323151 2.577326 9.360571
 13.440000 -2.314010 2.561324 9.288398
 13.460000 -2.276064 2.511180 9.093333
 13.480000 -2.373284 2.597022 9.676761
 13.500000 -2.273984 2.608986 9.234502
 13.520000 -2.412391 2.691371 10.207860
 13.540000 -2.462436 2.645840 10.496187
 13.560000 -2.535914 2.650285 11.307359
 13.580000 -2.527766 2.585567 11.097630
 13.600000 -2.635377 2.633336 12.751595
 13.620000 -2.523829 2.656671 11.173144
 13.640000 -2.638225 2.602224 12.794178
 13.660000 -2.543350 2.806502 11.659328
 13.680000 -2.568294 2.688965 11.799428
 13.700000 -2.478029 2.794249 10.978861
 13.720000 -2.406845 2.860970 10.489364
 13.740000 -2.318672 3.021164 9.660918
 13.760000 -2.268651 2.973887 9.705375
 13.780000 -2.293582 2.968996 9.799785
 13.800000 -2.280257 2.983856 9.708152
 13.820000 -2.361812 2.972112 10.049423
 13.840000 -2.422135 2.887129 10.575834
 13.860000 -2.438841 2.810063 10.676254
 13.880000 -2.479201 2.782984 10.972827
 13.900000 -2.405244 2.736660 10.284661
 13.920000 -2.490532 2.735355 10.988591
 13.940000 -2.486708 2.659282 10.768121
 13.960000 -2.442301 2.718001 10.513575
 13.980000 -2.465933 2.655249 10.553348
 14.000000 -2.511145 2.560227 10.860700
 14.020000 -2.473896 2.572610 10.451981
 14.040000 -2.664281 2.477588 13.528146
 14.060000 -2.500839 2.540067 10.718232
 14.080000 -2.401611 2.448605 9.709139
 14.100000 -2.314281 2.622809 9.429999
 14.120000 -2.161406 2.589448 8.939420
 14.140000 -2.105437 2.803593 9.185244
 14.160000 -2.189898 2.737287 9.287138
 14.180000 -2.026787 2.828039 9.009589
 14.200000 -2.064916 2.719188 8.918701
 14.220000 -1.980374 2.828329 8.889937
 14.240000 -1.932905 2.790963 8.733463
 14.260000 -1.947577 2.707108 8.695444
 14.280000 -1.957103 2.772833 8.755430
 14.300000 -1.867502 2.614967 8.821825
 14.320000 -1.900146 2.587964 8.913574
 14.340000 -1.811088 2.599879 8.920621
 14.360000 -1.905814 2.627002 8.773801
 14.380000 -1.964633 2.531958 9.096333
 14.400000 -1.995552 2.486389 9.261844
 14.420000 -2.108432 2.394426 9.377911
 14.440000 -2.006528 2.310197 10.443639
 14.460000 -2.062024 2.340602 9.882566
 14.480000 -2.139397 2.167344 10.449808
 14.500000 -2.125004 2.340188 9.577637
 14.520000 -2.124866 2.191249 10.411507
 14.540000 -2.293447 2.328805 9.376482
 14.560000 -2.241804 2.206296 9.851022
 14.580000 -2.294145 2.364262 9.278246
 14.600000 -2.510646 2.420864 10.949890
 14.620000 -2.438492 2.492438 10.021601
 14.640000 -2.636970 2.472083 12.992368
 14.660000 -2.638854 2.448793 13.121467
 14.680000 -2.633062 2.562440 12.721477
 14.700000 -2.606240 2.690244 12.343088
 14.720000 -2.621352 2.713164 12.603802
 14.740000 -2.452242 2.683462 10.504309
 14.760000 -2.538202 2.772152 11.563630
 14.780000 -2.474142 2.922931 10.891584
 14.800000 -2.527882 2.992796 11.074428
 14.820000 -2.574908 2.976956 11.676394
 14.840000 -2.475275 3.005185 10.545641
 14.860000 -2.454510 3.084198 9.797514
 14.880000 -2.459074 3.114425 9.527452
 14.900000 -2.359192 -3.064336 7.899947
 14.920000 -2.539091 3.094898 10.347733
 14.940000 -2.394920 -3.099362 8.439624
 14.960000 -2.413080 -3.041672 7.742960
 14.980000 -2.465931 -3.041841 7.966540
 15.000000 -2.393458 -3.043771 7.711776
 15.020000 -2.510242 -3.048849 8.331517
 15.040000 -2.590529 -2.998584 8.197120
 15.060000 -2.503951 3.089167 10.097771
 15.080000 -2.676697 -3.134871 11.406284
 15.100000 -2.645246 -3.106695 10.550558
 15.120000 -2.589214 3.132594 10.444771
 15.140000 -2.664225 3.061149 12.264853
 15.160000 -2.653896 2.919691 13.027338
 15.180000 -2.569266 3.079692 10.813375
 15.200000 -2.625336 2.968825 12.384634
 15.220000 -2.567356 2.911826 11.849392
 15.240000 -2.464114 2.784818 10.842779
 15.260000 -2.613380 2.833501 12.569804
 15.280000 -2.448137 2.831603 10.767323
 15.300000 -2.416983 2.790170 10.487457
 15.320000 -2.381200 2.683873 9.972120
 15.340000 -2.182765 2.727293 9.239292
 15.360000 -2.269458 2.618877 9.241932
 15.380000 -2.300544 2.652634 9.452253
 15.400000 -2.157303 2.710233 9.124200
 15.420000 -2.326846 2.426253 9.276749
 15.440000 -2.186723 2.590001 8.977914
 15.460000 -2.238324 2.403761 9.118336
 15.480000 -2.385157 2.464488 9.581357
 15.500000 -2.437612 2.347191 10.238308
 15.520000 -2.327702 2.507617 9.275597
 15.540000 -2.512168 2.464935 10.887177
 15.560000 -2.282907 2.445878 9.117097
 15.580000 -2.580699 2.380323 12.277817
 15.600000 -2.564032 2.474980 11.654624
 15.620000 -2.553058 2.531509 11.420728
 15.640000 -2.531259 2.566247 11.123756
 15.660000 -2.497373 2.625885 10.804461
 15.680000 -2.347654 2.739441 9.940600
 15.700000 -2.404839 2.878745 10.472635
 15.720000 -2.398760 2.844858 10.434045
 15.740000 -2.206538 2.806725 9.508016
 15.760000 -2.366324 2.855043 10.253484
 15.780000 -2.279151 2.983608 9.705630
 15.800000 -2.393849 2.873420 10.409046
 15.820000 -2.594397 2.838344 12.303161
 15.840000 -2.492784 2.818321 11.139703
 15.860000 -2.626853 2.838364 12.764951
 15.880000 -2.589949 2.860374 12.228242
 15.900000 -2.641180 2.761982 12.966151
 15.920000 -2.554812 2.909580 11.708284
 15.940000 -2.680171 2.762748 13.613236
 15.960000 -2.344696 2.779016 10.026821
 15.980000 -2.558258 2.643471 11.585855
 16.000000 -2.244470 2.829921 9.687761
 16.020000 -2.385561 2.726640 10.126527
 16.040000 -2.425090 2.650797 10.187190
 16.060000 -2.457524 2.623168 10.393308
 16.080000 -2.443356 2.725781 10.542483
 16.100000 -2.584439 2.532447 11.910614
 16.120000 -2.395588 2.649666 9.965215
 16.140000 -2.507237 2.527902 10.791418
 16.160000 -2.493966 2.686056 10.908327
 16.180000 -2.346830 2.632279 9.616435
 16.200000 -2.602639 2.503427 12.260446
 16.220000 -2.435721 2.611120 10.169533
 16.240000 -2.436342 2.527447 10.023872
 16.260000 -2.516004 2.599098 10.969858
 16.280000 -2.454288 2.494164 10.177667
 16.300000 -2.345715 2.584517 9.488289
 16.320000 -2.542392 2.620836 11.338083
 16.340000 -2.320465 2.671018 9.596647
 16.360000 -2.433302 2.602304 10.127965
 16.380000 -2.390817 2.672488 10.000491
 16.400000 -2.308081 2.702797 9.634925
 16.420000 -2.461485 2.694100 10.614891
 16.440000 -2.479082 2.695709 10.783356
 16.460000 -2.530270 2.724559 11.391073
 16.480000 -2.407176 2.788117 10.416566
 16.500000 -2.468422 2.829517 10.929823
 16.520000 -2.281771 2.870468 9.874369
 16.540000 -2.430910 2.878572 10.641514
 16.560000 -2.299299 3.036848 9.514191
 16.580000 -2.491734 2.925680 11.031486
 16.600000 -2.488733 2.874434 11.099154
 16.620000 -2.604386 2.823728 12.444090
 16.640000 -2.567453 2.956872 11.688471
 16.660000 -2.593385 2.895095 12.218768
 16.680000 -2.517706 2.859556 11.385891
 16.700000 -2.539854 2.830613 11.629264
 16.720000 -2.477450 2.830661 11.008000
 16.740000 -2.467184 2.872750 10.917081
 16.760000 -2.539683 2.771607 11.579994
 16.780000 -2.440802 2.782985 10.649940
 16.800000 -2.504412 2.716274 11.087993
 16.820000 -2.499192 2.681207 10.951423
 16.840000 -2.526006 2.626902 11.140412
 16.860000 -2.480799 2.657851 10.704657
 16.880000 -2.448111 2.642979 10.358433
 16.900000 -2.225186 2.665205 9.212163
 16.920000 -2.303673 2.591540 9.307020
 16.940000 -2.246135 2.574889 9.082602
 16.960000 -2.357432 2.578229 9.538662
 16.980000 -2.511303 2.446098 10.904730
 17.000000 -2.569784 2.469051 11.762613
 17.020000 -2.621194 2.396116 13.011795
 17.040000 -2.581813 2.521295 11.877737
 17.060000 -2.547249 2.499799 11.353577
 17.080000 -2.528630 2.445106 11.158174
 17.100000 -2.420217 2.428651 9.883473
 17.120000 -2.240573 2.502257 9.014428
 17.140000 -2.220199 2.593716 9.048533
 17.160000 -2.183681 2.476491 8.994109
 17.180000 -2.259012 2.637414 9.251411
 17.200000 -2.376323 2.527257 9.561647
 17.220000 -2.321712 2.600012 9.405625
 17.240000 -2.490735 2.478174 10.594081
 17.260000 -2.474879 2.624284 10.563981
 17.280000 -2.450356 2.662109 10.429677
 17.300000 -2.351245 2.849098 10.171573
 17.320000 -2.403537 2.729466 10.253416
 17.340000 -2.266551 2.757443 9.614654
 17.360000 -2.468723 2.736750 10.786688
 17.380000 -2.402895 2.860260 10.464749
 17.400000 -2.443896 2.779555 10.667931
 17.420000 -2.510424 2.800694 11.297197
 17.440000 -2.562220 2.836999 11.890408
 17.460000 -2.576141 2.838677 12.063257
 17.480000 -2.680975 2.842722 13.625398
 17.500000 -2.650951 2.873450 13.096095
 17.520000 -2.512787 2.896434 11.292831
 17.540000 -2.491582 2.870072 11.128447
 17.560000 -2.360799 2.838223 10.211978
 17.580000 -2.509635 2.666096 11.030042
 17.600000 -2.482792 2.663179 10.737975
 17.620000 -2.505513 2.649444 10.946453
 17.640000 -2.529367 2.492618 11.097672
 17.660000 -2.444453 2.550667 10.127553
 17.680000 -2.555865 2.618559 11.515408
 17.700000 -2.506483 2.724561 11.128004
 17.720000 -2.593238 2.672049 12.123957
 17.740000 -2.553290 2.654743 11.538602
 17.760000 -2.530684 2.603697 11.159923
 17.780000 -2.391835 2.763353 10.263109
 17.800000 -2.483423 2.586316 10.576025
 17.820000 -2.336926 2.707233 9.788623
 17.840000 -2.456222 2.646497 10.440478
 17.860000 -2.426443 2.746187 10.461700
 17.880000 -2.387560 2.804677 10.320159
 17.900000 -2.408927 2.842508 10.496676
 17.920000 -2.394618 2.963373 10.239813
 17.940000 -2.361921 3.110011 9.138319
 17.960000 -2.436892 3.110885 9.439442
 17.980000 -2.518228 3.008015 10.887748
 18.000000 -2.446689 3.132398 9.264198
 18.020000 -2.585879 3.089910 10.897710
 18.040000 -2.490377 3.079539 10.084787
 18.060000 -2.551649 3.067912 10.738992
 18.080000 -2.632645 -3.122916 10.616086
 18.100000 -2.602604 -3.045142 9.082672
 18.120000 -2.566983 -3.081666 9.278000
 18.140000 -2.626609 -3.128909 10.620205
 18.160000 -2.562267 -3.090478 9.359396
 18.180000 -2.666618 -3.042690 9.810632
 18.200000 -2.689817 -3.029189 9.887293
 18.220000 -2.515656 -3.123083 9.391322
 18.240000 -2.549684 3.098769 10.410272
 18.260000 -2.497045 3.075804 10.170822
 18.280000 -2.513039 2.961851 11.092745
 18.300000 -2.551506 2.992239 11.321287
 18.320000 -2.528159 2.689885 11.294998
 18.340000 -2.397308 2.757645 10.284760
 18.360000 -2.445803 2.815437 10.735601
 18.380000 -2.296425 2.681023 9.517583
 18.400000 -2.238450 2.647786 9.210054
 18.420000 -2.200355 2.529507 8.964057
 18.440000 -2.092205 2.468614 9.118905
 18.460000 -2.163845 2.386083 9.247312
 18.480000 -2.165809 2.373790 9.288494
 18.500000 -2.057400 2.451868 9.271208
 18.520000 -2.034933 2.425889 9.479466
 18.540000 -2.200930 2.332466 9.366543
 18.560000 -2.118691 2.395036 9.340668
 18.580000 -2.226602 2.338075 9.308102
 18.600000 -2.176415 2.544073 8.942131
 18.620000 -2.071237 2.526937 8.972774
 18.640000 -2.158554 2.542167 8.931028
 18.660000 -2.203714 2.499665 8.974960
 18.680000 -2.353565 2.497815 9.396465
 18.700000 -2.472577 2.550911 10.407358
 18.720000 -2.551937 2.526263 11.405761
 18.740000 -2.476964 2.624536 10.585618
 18.760000 -2.549768 2.689481 11.558127
 18.780000 -2.515906 2.913175 11.287310
 18.800000 -2.602402 2.844930 12.409480
 18.820000 -2.639995 2.874287 12.924563
 18.840000 -2.504304 3.136650 9.588897
 18.860000 -2.572251 3.100814 10.625023
 18.880000 -2.454237 3.073737 9.890237
 18.900000 -2.601922 3.086946 11.124252
 18.920000 -2.575913 -3.123872 9.955785
 18.940000 -2.585918 -2.968303 7.645214
 18.960000 -2.540022 -2.978159 7.444103
 18.980000 -2.642354 -2.995287 8.682885
 19.000000 -2.554363 -2.669610 3.098408
 19.020000 -2.589374 -2.696465 3.512784
 19.040000 -2.730568 -2.595302 3.067711
 19.060000 -2.656235 -2.612978 2.924598
 19.080000 -2.799220 -2.585391 3.272226
 19.100000 -2.751630 -2.701373 4.489310
 19.120000 -2.766211 -2.714866 4.802013
 19.140000 -2.692894 -2.609066 3.037005
 19.160000 -2.832391 -2.789934 6.740852
 19.180000 -2.527893 -2.644748 2.794905
 19.200000 -2.640648 -2.660213 3.329082
 19.220000 -2.607738 -2.680664 3.410674
 19.240000 -2.673548 -2.832370 6.043180
 19.260000 -2.719717 -2.892745 7.642921
 19.280000 -2.803503 -2.850198 7.720759
 19.300000 -2.719371 -2.881198 7.411004
 19.320000 -2.727241 3.102270 12.842657
 19.340000 -2.596445 3.052933 11.389114
 19.360000 -2.399306 -3.130776 8.826110
 19.380000 -2.476958 -3.017315 7.664564
 19.400000 -2.352118 3.122950 8.984070
 19.420000 -2.465140 3.031847 10.295811
 19.440000 -2.274667 -3.074313 7.898940
 19.460000 -2.266569 3.127732 8.754696
 19.480000 -2.277413 2.988887 9.681221
 19.500000 -2.394672 2.714709 10.151927
 19.520000 -2.415954 2.841716 10.542166
 19.540000 -2.398554 2.725707 10.209111
 19.560000 -2.486811 2.396518 10.683531
 19.580000 -2.463864 2.403173 10.379142
 19.600000 -2.499068 2.500232 10.687769
 19.620000 -2.468934 2.595803 10.442960
 19.640000 -2.633829 2.296167 13.976016
 19.660000 -2.530587 2.355797 11.488240
 19.680000 -2.526592 2.621862 11.138512
 19.700000 -2.324351 2.689134 9.670240
 19.720000 -2.365633 2.572790 9.574705
 19.740000 -2.241975 2.629946 9.178257
 19.760000 -2.206073 2.782495 9.453281
 19.780000 -2.015108 2.955261 9.086389
 19.800000 -2.071818 2.797031 9.078014
 19.820000 -2.152609 2.786192 9.288547
 19.840000 -2.187887 2.939583 9.541187
 19.860000 -2.358029 2.998436 9.920359
 19.880000 -2.372470 2.926520 10.231672
 19.900000 -2.542116 2.752022 11.578813
 19.920000 -2.626841 2.912822 12.638783
 19.940000 -2.601030 3.078737 11.198655
 19.960000 -2.608209 2.915112 12.367159
 19.980000 -2.542558 2.667021 11.423302
 20.000000 -2.460843 2.806523 10.845904
