#! FIELDS time phi psi metad.bias
#! SET min_phi -pi
#! SET max_phi pi
#! SET min_psi -pi
#! SET max_psi pi
 0.000000 3.141580 -3.141577 8.681506
 0.020000 -2.553100 2.687445 6.902204
 0.040000 -2.539180 2.693235 6.865125
 0.060000 -2.507933 2.697600 6.746726
 0.080000 -2.503521 2.729434 6.883036
 0.100000 -2.454642 2.733177 6.692176
 0.120000 -2.499344 2.725157 6.842159
 0.140000 -2.524370 2.683776 6.758086
 0.160000 -2.545623 2.691336 6.885669
 0.180000 -2.560269 2.579306 6.637704
 0.200000 -2.584739 2.611607 6.787846
 0.220000 -2.566976 2.634816 6.769844
 0.240000 -2.550957 2.680980 6.864279
 0.260000 -2.558516 2.686182 6.921360
 0.280000 -2.490963 2.701687 6.692673
 0.300000 -2.504044 2.752798 7.014280
 0.320000 -2.415800 2.783305 6.803172
 0.340000 -2.510290 2.811916 7.408118
 0.360000 -2.494906 2.751605 6.965587
 0.380000 -2.574057 2.845244 7.948231
 0.400000 -2.626779 2.807782 7.972741
 0.420000 -2.596557 2.885750 8.322011
 0.440000 -2.672702 2.849643 8.483765
 0.460000 -2.614901 2.877200 8.364163
 0.480000 -2.611539 2.918768 8.591148
 0.500000 -2.675911 2.890205 8.752382
 0.520000 -2.714533 2.841582 8.636403
 0.540000 -2.709327 2.850253 8.667255
 0.560000 -2.744340 2.772982 8.331380
 0.580000 -2.730586 2.718398 7.936287
 0.600000 -2.721540 2.666885 7.628279
 0.620000 -2.827820 2.639704 7.993577
 0.640000 -2.714439 2.766788 8.149166
 0.660000 -2.661018 2.713920 7.563358
 0.680000 -2.597633 2.727167 7.317677
 0.700000 -2.524258 2.728342 6.971368
 0.720000 -2.546619 2.691638 6.891570
 0.740000 -2.405553 2.799873 6.856450
 0.760000 -2.401647 2.643794 6.184213
 0.780000 -2.306502 2.547755 6.060961
 0.800000 -2.255182 2.524987 6.133411
 0.820000 -2.354401 2.580424 6.050006
 0.840000 -2.370375 2.515064 6.232685
 0.860000 -2.363547 2.553879 6.108754
 0.880000 -2.394726 2.511267 6.278923
 0.900000 -2.387788 2.624442 6.118657
 0.920000 -2.354312 2.662560 6.095489
 0.940000 -2.406902 2.778769 6.741460
 0.960000 -2.376710 2.743340 6.446319
 0.980000 -2.375117 2.726705 6.366137
 1.000000 -2.545148 2.818014 7.621806
 1.020000 -2.556389 2.689789 6.927843
 1.040000 -2.680320 2.770730 8.003694
 1.060000 -2.758804 2.780272 8.443504
 1.080000 -2.733957 2.829250 8.647351
 1.100000 -2.793204 2.748175 8.394661
 1.120000 -2.819790 2.780301 8.691386
 1.140000 -2.764023 2.749049 8.273430
 1.160000 -2.735138 2.788855 8.390209
 1.180000 -2.695571 2.751132 7.957126
 1.200000 -2.520501 2.630184 6.564321
 1.220000 -2.600115 2.773503 7.611145
 1.240000 -2.477756 2.792892 7.132447
 1.260000 -2.464454 2.842926 7.382741
 1.280000 -2.488003 2.690537 6.632005
 1.300000 -2.372016 2.768116 6.552285
 1.320000 -2.387793 2.808370 6.833637
 1.340000 -2.413753 2.761846 6.676354
 1.360000 -2.431957 2.556019 6.236969
 1.380000 -2.300469 2.614037 5.948437
 1.400000 -2.338058 2.567326 6.045472
 1.420000 -2.263495 2.463811 6.472548
 1.440000 -2.471773 2.458839 6.623684
 1.460000 -2.518004 2.443822 6.781013
 1.480000 -2.530587 2.519577 6.560142
 1.500000 -2.566208 2.522016 6.670913
 1.520000 -2.553141 2.474443 6.738690
 1.540000 -2.614615 2.488672 6.891198
 1.560000 -2.546320 2.641210 6.699672
 1.580000 -2.660692 2.566941 7.044815
 1.600000 -2.435917 2.632720 6.267175
 1.620000 -2.664861 2.678703 7.401820
 1.640000 -2.569575 2.776189 7.473964
 1.660000 -2.707213 2.881502 8.850880
 1.680000 -2.785228 2.871506 9.124257
 1.700000 -2.731348 2.979906 9.424610
 1.720000 -2.698487 2.963172 9.224766
 1.740000 -2.649367 3.083158 9.169496
 1.760000 -2.595213 2.978566 8.781431
 1.780000 -2.343232 3.023632 7.660780
 1.800000 -2.435724 3.078617 8.139681
 1.820000 -2.298029 3.126871 7.449245
 1.840000 -2.441101 2.996664 8.053971
 1.860000 -2.535768 3.060817 8.640723
 1.880000 -2.557759 3.098910 8.714178
 1.900000 -2.558408 2.982226 8.606264
 1.920000 -2.693717 2.949583 9.147225
 1.940000 -2.626188 2.878035 8.427568
 1.960000 -2.613005 2.878932 8.365151
 1.980000 -2.592236 2.737597 7.350505
 2.000000 -2.442934 2.665353 6.369332
 2.020000 -2.452515 2.614430 6.291865
 2.040000 -2.521958 2.556830 6.492921
 2.060000 -2.558905 2.554125 6.623259
 2.080000 -2.709453 2.388212 7.517193
 2.100000 -2.645861 2.423460 7.186205
 2.120000 -2.674086 2.563204 7.099949
 2.140000 -2.622676 2.451867 7.014043
 2.160000 -2.573057 2.463292 6.830166
 2.180000 -2.432362 2.451696 6.604023
 2.200000 -2.373473 2.525273 6.200938
 2.220000 -2.180643 2.558149 6.053441
 2.240000 -2.282126 2.627583 5.926016
 2.260000 -2.323220 2.613503 5.980660
 2.280000 -2.359454 2.717642 6.279691
 2.300000 -2.589717 2.756415 7.451097
 2.320000 -2.494162 2.749122 6.948214
 2.340000 -2.591443 2.862707 8.151243
 2.360000 -2.509931 2.793062 7.286324
 2.380000 -2.598978 2.905924 8.454576
 2.400000 -2.437347 2.772678 6.832628
 2.420000 -2.605146 2.854277 8.167854
 2.440000 -2.591240 2.881143 8.266202
 2.460000 -2.618911 2.898348 8.513317
 2.480000 -2.773002 2.913118 9.308939
 2.500000 -2.710136 2.971523 9.307116
 2.520000 -2.833084 2.961955 9.707315
 2.540000 -2.742942 3.085352 9.544391
 2.560000 -2.777153 2.976937 9.589470
 2.580000 -2.542601 2.907549 8.171652
 2.600000 -2.545291 2.849190 7.825794
 2.620000 -2.241268 2.738160 6.082798
 2.640000 -2.354515 2.695824 6.186713
 2.660000 -2.206408 2.695399 5.933383
 2.680000 -2.410706 2.597283 6.160736
 2.700000 -2.272945 2.544108 6.057653
 2.720000 -2.453036 2.553566 6.291626
 2.740000 -2.481014 2.582045 6.357768
 2.760000 -2.515188 2.528831 6.498350
 2.780000 -2.545092 2.526565 6.594938
 2.800000 -2.430936 2.417005 6.818294
 2.820000 -2.415254 2.489104 6.396323
 2.840000 -2.309639 2.410487 6.850008
 2.860000 -2.401885 2.502891 6.320703
 2.880000 -2.390391 2.615851 6.117729
 2.900000 -2.349356 2.630751 6.036143
 2.920000 -2.450900 2.770803 6.879893
 2.940000 -2.465107 2.714045 6.641953
 2.960000 -2.533031 2.885594 7.992255
 2.980000 -2.676580 2.993090 9.224718
 3.000000 -2.625979 2.933780 8.743063
 3.020000 -2.555907 2.863091 7.969612
 3.040000 -2.727627 2.798574 8.417935
 3.060000 -2.547363 3.066483 8.698097
 3.080000 -2.647478 2.949633 8.926122
 3.100000 -2.641994 3.014810 9.114309
 3.120000 -2.580982 2.925773 8.470930
 3.140000 -2.599520 2.941320 8.645407
 3.160000 -2.620170 2.980226 8.912765
 3.180000 -2.632912 3.035117 9.102039
 3.200000 -2.560357 2.850500 7.911634
 3.220000 -2.425830 2.969737 7.883662
 3.240000 -2.559991 2.684607 6.921124
 3.260000 -2.403905 2.646953 6.196997
 3.280000 -2.537849 2.708314 6.930593
 3.300000 -2.508765 2.616526 6.490302
 3.320000 -2.421515 2.495297 6.379991
 3.340000 -2.436627 2.460725 6.560854
 3.360000 -2.625790 2.557928 6.886374
 3.380000 -2.484999 2.527107 6.416428
 3.400000 -2.721961 2.456795 7.350365
 3.420000 -2.521494 2.478472 6.643987
 3.440000 -2.597955 2.418021 7.079637
 3.460000 -2.652282 2.402683 7.291305
 3.480000 -2.737462 2.446424 7.430915
 3.500000 -2.547363 2.598366 6.608974
 3.520000 -2.558989 2.544685 6.626286
 3.540000 -2.355853 2.792901 6.626034
 3.560000 -2.441587 2.729666 6.621924
 3.580000 -2.499196 2.927866 8.058841
 3.600000 -2.569861 2.979341 8.654837
 3.620000 -2.696111 2.858700 8.657356
 3.640000 -2.670614 2.721229 7.653134
 3.660000 -2.670951 2.857356 8.524656
 3.680000 -2.622004 2.897162 8.522197
 3.700000 -2.642683 2.859501 8.395296
 3.720000 -2.575410 2.773308 7.484991
 3.740000 -2.604472 2.799858 7.805234
 3.760000 -2.466374 2.995523 8.177902
 3.780000 -2.616624 2.851517 8.209132
 3.800000 -2.594237 2.856168 8.123681
 3.820000 -2.585611 2.770472 7.518404
 3.840000 -2.716909 2.660148 7.575806
 3.860000 -2.573616 2.586217 6.697773
 3.880000 -2.702700 2.311206 7.896498
 3.900000 -2.577175 2.512832 6.720753
 3.920000 -2.500492 2.528603 6.455894
 3.940000 -2.427893 2.518983 6.308714
 3.960000 -2.469466 2.373593 7.164883
 3.980000 -2.320405 2.710833 6.148142
 4.000000 -2.454565 2.698925 6.533335
 4.020000 -2.322966 2.736111 6.249885
 4.040000 -2.446031 2.655361 6.351504
 4.060000 -2.462150 2.667114 6.444149
 4.080000 -2.534236 2.834474 7.673995
 4.100000 -2.656010 2.678347 7.356082
 4.120000 -2.703812 2.527951 7.208154
 4.140000 -2.566181 2.710686 7.075069
 4.160000 -2.735805 2.698791 7.854489
 4.180000 -2.693024 2.679655 7.546741
 4.200000 -2.610166 2.781683 7.715390
 4.220000 -2.672701 2.807857 8.208610
 4.240000 -2.489651 2.873194 7.695600
 4.260000 -2.528375 2.691861 6.810606
 4.280000 -2.556317 2.704969 6.999628
 4.300000 -2.446307 2.749545 6.742737
 4.320000 -2.505850 2.661825 6.597090
 4.340000 -2.620724 2.646169 7.051205
 4.360000 -2.485139 2.558987 6.374837
 4.380000 -2.525549 2.644291 6.622279
 4.400000 -2.453050 2.624406 6.307976
 4.420000 -2.292594 2.637617 5.942631
 4.440000 -2.334339 2.564032 6.047144
 4.460000 -2.148649 2.721610 5.973814
 4.480000 -2.212501 2.607734 5.906282
 4.500000 -2.183286 2.662624 5.890116
 4.520000 -2.294433 2.650892 5.957324
 4.540000 -2.244567 2.666401 5.915728
 4.560000 -2.368971 2.673512 6.159991
 4.580000 -2.374415 2.706411 6.282143
 4.600000 -2.495725 2.705199 6.728918
 4.620000 -2.442278 2.758008 6.771637
 4.640000 -2.539560 2.698801 6.892586
 4.660000 -2.526181 2.680690 6.753221
 4.680000 -2.493043 2.726301 6.820313
 4.700000 -2.571892 2.621786 6.756292
 4.720000 -2.513757 2.689597 6.736714
 4.740000 -2.673471 2.505256 7.089278
 4.760000 -2.764647 2.564708 7.514515
 4.780000 -2.777469 2.641024 7.784642
 4.800000 -2.810861 2.617636 7.847329
 4.820000 -2.802224 2.821142 8.880326
 4.840000 -2.650626 2.844119 8.336178
 4.860000 -2.707354 2.810302 8.397544
 4.880000 -2.561572 2.819651 7.715998
 4.900000 -2.449977 2.703213 6.533608
 4.920000 -2.518054 2.774827 7.211802
 4.940000 -2.400350 2.723392 6.437353
 4.960000 -2.547252 2.655951 6.751145
 4.980000 -2.560536 2.709493 7.042151
 5.000000 -2.630459 2.640456 7.077082
 5.020000 -2.661261 2.715317 7.572338
 5.040000 -2.710108 2.745928 7.997794
 5.060000 -2.633594 2.735469 7.547155
 5.080000 -2.575950 2.742252 7.296931
 5.100000 -2.599723 2.747776 7.448667
 5.120000 -2.382152 2.581702 6.100336
 5.140000 -2.598517 2.752692 7.472488
 5.160000 -2.532856 2.744623 7.102088
 5.180000 -2.654170 2.652661 7.236282
 5.200000 -2.697733 2.743432 7.920760
 5.220000 -2.844600 2.674960 8.204457
 5.240000 -2.562956 2.854162 7.948772
 5.260000 -2.684467 2.888045 8.781303
 5.280000 -2.530909 2.826176 7.603176
 5.300000 -2.377353 2.669171 6.171934
 5.320000 -2.508934 2.744588 6.990114
 5.340000 -2.424286 2.636023 6.236920
 5.360000 -2.450642 2.643705 6.338151
 5.380000 -2.584005 2.501166 6.763286
 5.400000 -2.561437 2.517615 6.661004
 5.420000 -2.589803 2.498047 6.788439
 5.440000 -2.705424 2.543722 7.221762
 5.460000 -2.521573 2.672925 6.702615
 5.480000 -2.451975 2.562760 6.279408
 5.500000 -2.326473 2.684908 6.083146
 5.520000 -2.110337 2.617537 5.999064
 5.540000 -2.254650 2.532632 6.101185
 5.560000 -2.142941 2.644750 5.915844
 5.580000 -2.076544 2.652575 6.018855
 5.600000 -2.016686 2.676227 6.154773
 5.620000 -2.063288 2.721192 6.053448
 5.640000 -2.005321 2.726999 6.184234
 5.660000 -2.235492 2.786060 6.259993
 5.680000 -2.199196 2.992521 7.047508
 5.700000 -2.327636 2.684472 6.084639
 5.720000 -2.320757 2.747821 6.293301
 5.740000 -2.449502 2.587609 6.263935
 5.760000 -2.551675 2.525126 6.618338
 5.780000 -2.717792 2.458491 7.331094
 5.800000 -2.619904 2.394334 7.249050
 5.820000 -2.657602 2.493568 7.040024
 5.840000 -2.572150 2.452146 6.868276
 5.860000 -2.667702 2.657303 7.321185
 5.880000 -2.716529 2.703755 7.786320
 5.900000 -2.655133 2.865458 8.496652
 5.920000 -2.695042 2.754561 7.975751
 5.940000 -2.642571 2.741344 7.627993
 5.960000 -2.553683 2.693710 6.933417
 5.980000 -2.717572 2.704459 7.795267
 6.000000 -2.608731 2.868491 8.277363
 6.020000 -2.531369 2.778740 7.300503
 6.040000 -2.529428 2.877727 7.925388
 6.060000 -2.455545 2.929281 7.845727
 6.080000 -2.473776 3.041884 8.316439
 6.100000 -2.615446 3.057142 9.031009
 6.120000 -2.637380 2.938913 8.825591
 6.140000 -2.662448 2.941752 8.963443
 6.160000 -2.675960 2.993235 9.222266
 6.180000 -2.644719 2.741723 7.641260
 6.200000 -2.506528 2.756817 7.049063
 6.220000 -2.453502 2.753811 6.795937
 6.240000 -2.341228 2.686586 6.123254
 6.260000 -2.287626 2.658859 5.957275
 6.280000 -2.320701 2.661463 6.018685
 6.300000 -2.310350 2.727404 6.183118
 6.320000 -2.447213 2.432241 6.735085
 6.340000 -2.644402 2.339226 7.616455
 6.360000 -2.671138 2.189483 8.767592
 6.380000 -2.823172 2.082509 9.458675
 6.400000 -2.800539 2.081111 9.496561
 6.420000 -2.755434 2.020791 10.005109
 6.440000 -2.597700 1.990522 10.743359
 6.460000 -2.560848 2.156105 9.195562
 6.480000 -2.529045 2.212156 8.659105
 6.500000 -2.573323 2.284886 7.947045
 6.520000 -2.467643 2.411113 6.892076
 6.540000 -2.581875 2.494110 6.770567
 6.560000 -2.432515 2.724866 6.563351
 6.580000 -2.600797 2.754748 7.496672
 6.600000 -2.641606 2.853637 8.351971
 6.620000 -2.583758 3.040868 8.869069
 6.640000 -2.504719 -3.046547 7.730991
 6.660000 -2.594701 -2.948620 6.998408
 6.680000 -2.628085 -2.919007 6.705453
 6.700000 -2.685716 -2.717739 3.884509
 6.720000 -2.861416 -2.659976 3.261848
 6.740000 -2.774026 -2.574064 2.210953
 6.760000 -2.988078 -2.793264 5.179555
 6.780000 -2.862249 -2.569452 2.195457
 6.800000 -2.863989 -2.642167 3.032169
 6.820000 -2.717283 -2.635027 2.847012
 6.840000 -2.701635 -2.673352 3.307790
 6.860000 -2.578603 -2.548184 1.862112
 6.880000 -2.508728 -2.526825 1.667722
 6.900000 -2.478518 -2.807550 4.744528
 6.920000 -2.470777 -2.690227 3.219466
 6.940000 -2.704401 -2.821582 5.453344
 6.960000 -2.626399 -2.915200 6.647393
 6.980000 -2.755563 -3.120116 9.264455
 7.000000 -2.748420 3.117724 9.470609
 7.020000 -2.733163 3.021920 9.525907
 7.040000 -2.648680 2.811873 8.112644
 7.060000 -2.632035 2.628348 7.045038
 7.080000 -2.523431 2.567386 6.496421
 7.100000 -2.613583 2.442743 7.018193
 7.120000 -2.636257 2.357466 7.489545
 7.140000 -2.506885 2.487530 6.577778
 7.160000 -2.575149 2.326442 7.611358
 7.180000 -2.362607 2.473633 6.416111
 7.200000 -2.437822 2.318161 7.648355
 7.220000 -2.372736 2.495474 6.315906
 7.240000 -2.241659 2.531785 6.108794
 7.260000 -2.061260 2.633815 6.082074
 7.280000 -1.978895 2.824841 6.387518
 7.300000 -1.951855 2.812915 6.421815
 7.320000 -2.196632 2.868904 6.562939
 7.340000 -2.298807 2.858781 6.790222
 7.360000 -2.288384 2.952935 7.212842
 7.380000 -2.469128 2.945203 7.992580
 7.400000 -2.398425 2.990898 7.827913
 7.420000 -2.659169 2.805527 8.124113
 7.440000 -2.633589 2.897843 8.585361
 7.460000 -2.687252 2.909861 8.919745
 7.480000 -2.775494 2.741153 8.277378
 7.500000 -2.776332 2.809935 8.708143
 7.520000 -2.798181 2.872170 9.175445
 7.540000 -2.826236 2.873447 9.274892
 7.560000 -2.865155 2.846356 9.223261
 7.580000 -2.873347 2.710543 8.468833
 7.600000 -2.774671 2.750886 8.331862
 7.620000 -2.556847 2.948458 8.458791
 7.640000 -2.539934 2.678923 6.806354
 7.660000 -2.477749 2.690497 6.590037
 7.680000 -2.608781 2.525171 6.820548
 7.700000 -2.535010 2.581763 6.543682
 7.720000 -2.506617 2.558766 6.441660
 7.740000 -2.514911 2.387248 7.106281
 7.760000 -2.528068 2.501853 6.590594
 7.780000 -2.459948 2.460240 6.597327
 7.800000 -2.567896 2.569363 6.660338
 7.820000 -2.487220 2.451860 6.684582
 7.840000 -2.280626 2.531266 6.106268
 7.860000 -2.282056 2.616145 5.927259
 7.880000 -2.078796 2.798733 6.198538
 7.900000 -2.048789 2.804346 6.238050
 7.920000 -2.021470 2.920726 6.588238
 7.940000 -1.996840 3.084297 6.762749
 7.960000 -1.937636 3.053551 6.772004
 7.980000 -1.913119 -3.117171 6.525919
 8.000000 -1.971585 -3.053241 6.230467
 8.020000 -1.871412 -2.912593 5.166430
 8.040000 -1.925751 -3.025419 6.036954
 8.060000 -1.941242 -2.983030 5.734209
 8.080000 -2.076797 -3.084475 6.525061
 8.100000 -2.172386 -2.921344 5.431917
 8.120000 -2.335936 -3.084215 7.299722
 8.140000 -2.399366 3.054920 7.961339
 8.160000 -2.579487 3.049036 8.854046
 8.180000 -2.803729 3.009238 9.748560
 8.200000 -2.814970 3.003389 9.769400
 8.220000 -2.967721 2.675560 8.467653
 8.240000 -2.720324 2.770073 8.198762
 8.260000 -2.866157 2.552643 7.903770
 8.280000 -2.583743 2.636333 6.848468
 8.300000 -2.646593 2.648769 7.184455
 8.320000 -2.441941 2.702500 6.499827
 8.340000 -2.346668 2.663443 6.078938
 8.360000 -2.244080 2.740253 6.094468
 8.380000 -2.224746 2.626549 5.889184
 8.400000 -2.290836 2.668090 5.976646
 8.420000 -2.181270 2.673372 5.897881
 8.440000 -2.343990 2.528246 6.155879
 8.460000 -2.084902 2.530222 6.391159
 8.480000 -2.292294 2.413253 6.837652
 8.500000 -2.240546 2.611840 5.902880
 8.520000 -2.400448 2.471961 6.458746
 8.540000 -2.394338 2.566325 6.141209
 8.560000 -2.258982 2.583948 5.948109
 8.580000 -2.307617 2.597531 5.966283
 8.600000 -2.341256 2.660189 6.059956
 8.620000 -2.411187 2.789576 6.820046
 8.640000 -2.291701 2.726144 6.135176
 8.660000 -2.406806 2.624055 6.168160
 8.680000 -2.255114 2.745593 6.132667
 8.700000 -2.372251 2.630274 6.086749
 8.720000 -2.413486 2.744444 6.585233
 8.740000 -2.500442 2.617689 6.461499
 8.760000 -2.608143 2.604950 6.875450
 8.780000 -2.652359 2.583209 7.030755
 8.800000 -2.772510 2.509965 7.504163
 8.820000 -2.801439 2.636869 7.874355
 8.840000 -2.805040 2.639464 7.899439
 8.860000 -2.725977 2.585559 7.375861
 8.880000 -2.745082 2.535052 7.392982
 8.900000 -2.655376 2.531882 7.002930
 8.920000 -2.628711 2.640706 7.069694
 8.940000 -2.612216 2.824419 8.008043
 8.960000 -2.494945 2.733747 6.867648
 8.980000 -2.373270 2.853364 7.038446
 9.000000 -2.397606 2.838883 7.054245
 9.020000 -2.345753 2.837673 6.839469
 9.040000 -2.365047 2.925266 7.400363
 9.060000 -2.380581 2.684016 6.223549
 9.080000 -2.117867 2.753408 6.055068
 9.100000 -2.245130 2.615051 5.901859
 9.120000 -2.203759 2.458830 6.574813
 9.140000 -2.373130 2.398578 6.933525
 9.160000 -2.494930 2.420162 6.869467
 9.180000 -2.580373 2.334696 7.554989
 9.200000 -2.546225 2.338481 7.493175
 9.220000 -2.679869 2.336266 7.702236
 9.240000 -2.595288 2.432139 7.009690
 9.260000 -2.633008 2.455937 7.034281
 9.280000 -2.548844 2.297728 7.829292
 9.300000 -2.501438 2.556490 6.426349
 9.320000 -2.431026 2.589556 6.212955
 9.340000 -2.463328 2.844722 7.388603
 9.360000 -2.432858 2.910874 7.636747
 9.380000 -2.551662 2.892965 8.133211
 9.400000 -2.542855 2.893381 8.090078
 9.420000 -2.656535 3.032184 9.209416
 9.440000 -2.675671 3.101775 9.246345
 9.460000 -2.742494 3.041821 9.577393
 9.480000 -2.753155 2.946894 9.390803
 9.500000 -2.759436 2.946895 9.415295
 9.520000 -2.787989 2.972508 9.612225
 9.540000 -2.866565 2.956082 9.755859
 9.560000 -2.819619 3.056139 9.810460
 9.580000 -2.838921 2.950316 9.679892
 9.600000 -2.782433 2.918359 9.370238
 9.620000 -2.812025 2.812462 8.862066
 9.640000 -2.761169 2.998611 9.590340
 9.660000 -2.670483 2.864511 8.567828
 9.680000 -2.621903 2.733846 7.478054
 9.700000 -2.452522 2.634298 6.324210
 9.720000 -2.379390 2.698564 6.268754
 9.740000 -2.396380 2.640901 6.163987
 9.760000 -2.363100 2.514560 6.226123
 9.780000 -2.249585 2.521579 6.150521
 9.800000 -2.255236 2.448016 6.591327
 9.820000 -2.252322 2.515942 6.175822
 9.840000 -2.403629 2.442334 6.630656
 9.860000 -2.356646 2.430861 6.684615
 9.880000 -2.380814 2.504828 6.285077
 9.900000 -2.278195 2.437483 6.652865
 9.920000 -2.385991 2.449239 6.574484
 9.940000 -2.333584 2.481797 6.355136
 9.960000 -2.404306 2.598705 6.144928
 9.980000 -2.274537 2.679495 5.972699
 10.000000 -2.243830 2.607007 5.908660
 10.020000 -2.381958 2.625224 6.104937
 10.040000 -2.340933 2.831204 6.784892
 10.060000 -2.565376 2.844195 7.896519
 10.080000 -2.430688 2.829740 7.144242
 10.100000 -2.572052 2.725197 7.180594
 10.120000 -2.411453 2.871185 7.308613
 10.140000 -2.677957 2.862679 8.593444
 10.160000 -2.569708 2.943620 8.502511
 10.180000 -2.809125 2.799883 8.773487
 10.200000 -2.684227 2.885219 8.763282
 10.220000 -2.659657 2.806178 8.130941
 10.240000 -2.766850 2.838351 8.849473
 10.260000 -2.599885 2.901855 8.435714
 10.280000 -2.657990 2.771635 7.895777
 10.300000 -2.518052 2.731643 6.960595
 10.320000 -2.631214 2.697311 7.325236
 10.340000 -2.444644 2.773819 6.870259
 10.360000 -2.628122 2.592843 6.939539
 10.380000 -2.481986 2.647938 6.461181
 10.400000 -2.543107 2.490080 6.663803
 10.420000 -2.509136 2.478077 6.616227
 10.440000 -2.569208 2.467966 6.803844
 10.460000 -2.534093 2.374296 7.218099
 10.480000 -2.528208 2.419351 6.927022
 10.500000 -2.525426 2.540581 6.515241
 10.520000 -2.426810 2.558018 6.222367
 10.540000 -2.607440 2.459584 6.942452
 10.560000 -2.459613 2.698938 6.553074
 10.580000 -2.587474 2.712453 7.187061
 10.600000 -2.331960 2.915399 7.212098
 10.620000 -2.503116 2.761257 7.059265
 10.640000 -2.325814 2.911525 7.168054
 10.660000 -2.453958 2.962725 7.994613
 10.680000 -2.484047 2.951429 8.097203
 10.700000 -2.504186 2.726320 6.869683
 10.720000 -2.591979 2.706623 7.178675
 10.740000 -2.576176 2.855556 8.026198
 10.760000 -2.648867 2.667639 7.272457
 10.780000 -2.571330 2.661770 6.879257
 10.800000 -2.608611 2.569306 6.823458
 10.820000 -2.516366 2.617359 6.520583
 10.840000 -2.545329 2.498823 6.647347
 10.860000 -2.549287 2.472184 6.736019
 10.880000 -2.567446 2.465708 6.806580
 10.900000 -2.642698 2.449607 7.085007
 10.920000 -2.633207 2.520101 6.918138
 10.940000 -2.758807 2.421665 7.568979
 10.960000 -2.537777 2.564732 6.546818
 10.980000 -2.442187 2.594200 6.244656
 11.000000 -2.353954 2.597837 6.036255
 11.020000 -2.399543 2.505103 6.308815
 11.040000 -2.370452 2.685408 6.198380
 11.060000 -2.560510 2.642047 6.763168
 11.080000 -2.486337 2.674779 6.563687
 11.100000 -2.591478 2.474792 6.848344
 11.120000 -2.644469 2.820857 8.150772
 11.140000 -2.491446 2.935245 8.057157
 11.160000 -2.547016 2.885272 8.062523
 11.180000 -2.477766 2.854415 7.519372
 11.200000 -2.395463 2.796717 6.797320
 11.220000 -2.426119 2.985429 7.943273
 11.240000 -2.528695 2.820840 7.557331
 11.260000 -2.504061 2.659289 6.581413
 11.280000 -2.652440 2.693178 7.410418
 11.300000 -2.626342 2.818840 8.043940
 11.320000 -2.800068 2.532523 7.628794
 11.340000 -2.906024 2.592400 8.100041
 11.360000 -2.835582 2.709148 8.340294
 11.380000 -2.719374 2.598972 7.376403
 11.400000 -2.669901 2.587550 7.118341
 11.420000 -2.629347 2.514483 6.907709
 11.440000 -2.489228 2.594439 6.391432
 11.460000 -2.485285 2.624821 6.419517
 11.480000 -2.365044 2.641273 6.083585
 11.500000 -2.379524 2.534112 6.182576
 11.520000 -2.251166 2.661264 5.915725
 11.540000 -2.399616 2.666317 6.229806
 11.560000 -2.393804 2.752718 6.552823
 11.580000 -2.391254 2.611861 6.117343
 11.600000 -2.319041 2.636160 5.982568
 11.620000 -2.156297 2.681112 5.911962
 11.640000 -2.178030 2.593054 5.952649
 11.660000 -2.184850 2.731937 6.004776
 11.680000 -2.211692 2.604590 5.910923
 11.700000 -2.174248 2.761086 6.085153
 11.720000 -2.215372 2.578135 5.962898
 11.740000 -2.299850 2.610325 5.948888
 11.760000 -2.386140 2.550590 6.152784
 11.780000 -2.553298 2.619670 6.672556
 11.800000 -2.524979 2.585096 6.509212
 11.820000 -2.680560 2.374926 7.496536
 11.840000 -2.578225 2.559139 6.696088
 11.860000 -2.646549 2.465179 7.054796
 11.880000 -2.639981 2.504977 6.958238
 11.900000 -2.746898 2.465370 7.432960
 11.920000 -2.644154 2.588623 7.003272
 11.940000 -2.759621 2.572234 7.504937
 11.960000 -2.640555 2.735896 7.585228
 11.980000 -2.725239 2.802396 8.431623
 12.000000 -2.663997 3.002221 9.190242
 12.020000 -2.466756 -3.138035 8.142727
 12.040000 -2.570475 3.037591 8.799746
 12.060000 -2.324394 3.120821 7.572011
 12.080000 -2.472993 -3.060034 7.708197
 12.100000 -2.412290 -3.084651 7.620459
 12.120000 -2.377398 3.088099 7.856294
 12.140000 -2.385639 -3.115971 7.676916
 12.160000 -2.405223 3.113182 7.948808
 12.180000 -2.346594 -2.994079 6.632056
 12.200000 -2.385973 3.108658 7.868510
 12.220000 -2.416989 3.069639 8.050512
 12.240000 -2.385679 -3.093268 7.558104
 12.260000 -2.713640 2.976910 9.340599
 12.280000 -2.742553 3.027704 9.568510
 12.300000 -2.788810 2.868044 9.117188
 12.320000 -2.878572 2.814522 9.066838
 12.340000 -2.683217 2.721426 7.718062
 12.360000 -2.745203 2.615398 7.545444
 12.380000 -2.741472 2.603003 7.491563
 12.400000 -2.639786 2.630061 7.086652
 12.420000 -2.514452 2.613580 6.506398
 12.440000 -2.511776 2.543597 6.468955
 12.460000 -2.374073 2.511671 6.249972
 12.480000 -2.595245 2.479712 6.847063
 12.500000 -2.495061 2.538401 6.425001
 12.520000 -2.541320 2.334523 7.520407
 12.540000 -2.431192 2.451218 6.605309
 12.560000 -2.462494 2.306262 7.755657
 12.580000 -2.390082 2.615116 6.116457
 12.600000 -2.431038 2.560771 6.228852
 12.620000 -2.369561 2.679876 6.179291
 12.640000 -2.207627 2.712262 5.969730
 12.660000 -2.244837 2.936340 6.992612
 12.680000 -2.275141 2.835079 6.591294
 12.700000 -2.331823 2.926755 7.267310
 12.720000 -2.397298 2.970397 7.749291
 12.740000 -2.424166 2.976261 7.900682
 12.760000 -2.450053 2.924666 7.794532
 12.780000 -2.574327 2.802716 7.669705
 12.800000 -2.583067 2.960584 8.648520
 12.820000 -2.631379 2.941117 8.806191
 12.840000 -2.763833 2.794824 8.558564
 12.860000 -2.663548 2.870548 8.570999
 12.880000 -2.831276 2.734260 8.461430
 12.900000 -2.772144 2.794838 8.594407
 12.920000 -2.783776 2.738910 8.300210
 12.940000 -2.727061 2.556010 7.331057
 12.960000 -2.763145 2.523369 7.466414
 12.980000 -2.614047 2.655260 7.053244
 13.000000 -2.770832 2.592966 7.600942
 13.020000 -2.547799 2.740513 7.149706
 13.040000 -2.557977 2.567847 6.621789
 13.060000 -2.362429 2.741429 6.389962
 13.080000 -2.385135 2.609973 6.101719
 13.100000 -2.319753 2.631402 5.980321
 13.120000 -2.342507 2.625870 6.018501
 13.140000 -2.146410 2.593072 5.991359
 13.160000 -2.178039 2.505178 6.309236
 13.180000 -2.134010 2.532661 6.245460
 13.200000 -2.133152 2.537683 6.222369
 13.220000 -2.219200 2.500099 6.282746
 13.240000 -2.193290 2.547804 6.078702
 13.260000 -2.126330 2.429186 6.999866
 13.280000 -2.202912 2.503252 6.283649
 13.300000 -2.174555 2.597620 5.945937
 13.320000 -2.285011 2.539614 6.076350
 13.340000 -2.315257 2.539703 6.092314
 13.360000 -2.269127 2.448041 6.580064
 13.380000 -2.382091 2.560800 6.126240
 13.400000 -2.483830 2.564693 6.367935
 13.420000 -2.564198 2.600635 6.680199
 13.440000 -2.669650 2.610145 7.169291
 13.460000 -2.619002 2.605830 6.925578
 13.480000 -2.592659 2.631107 6.872860
 13.500000 -2.658017 2.728917 7.633306
 13.520000 -2.588736 2.655439 6.935496
 13.540000 -2.662379 2.801606 8.114524
 13.560000 -2.619035 2.733511 7.461600
 13.580000 -2.603125 2.722205 7.317324
 13.600000 -2.698344 2.847797 8.598670
 13.620000 -2.697748 2.788983 8.209916
 13.640000 -2.665708 2.872039 8.591143
 13.660000 -2.652596 2.862287 8.463666
 13.680000 -2.671200 2.733063 7.724782
 13.700000 -2.444071 2.815256 7.115757
 13.720000 -2.564752 2.792608 7.555177
 13.740000 -2.387698 2.744601 6.490721
 13.760000 -2.358818 2.714323 6.264894
 13.780000 -2.418377 2.743601 6.599846
 13.800000 -2.381430 2.665449 6.173985
 13.820000 -2.471503 2.661203 6.460395
 13.840000 -2.580739 2.574440 6.714321
 13.860000 -2.353160 2.594000 6.036635
 13.880000 -2.455022 2.576321 6.280183
 13.900000 -2.492968 2.444229 6.732969
 13.920000 -2.436485 2.545034 6.264644
 13.940000 -2.586653 2.513374 6.752596
 13.960000 -2.465394 2.498929 6.446352
 13.980000 -2.394343 2.450894 6.570597
 14.000000 -2.587110 2.480032 6.820709
 14.020000 -2.557957 2.549917 6.620637
 14.040000 -2.673594 2.584133 7.128869
 14.060000 -2.734258 2.595068 7.436895
 14.080000 -2.507832 2.703590 6.773716
 14.100000 -2.518102 2.628533 6.550978
 14.120000 -2.475907 2.716036 6.695856
 14.140000 -2.373479 2.851542 7.028600
 14.160000 -2.418409 2.814947 7.000109
 14.180000 -2.348854 2.841272 6.871790
 14.200000 -2.301384 2.729715 6.170247
 14.220000 -2.497555 2.813305 7.354817
 14.240000 -2.580648 2.791675 7.629669
 14.260000 -2.743947 2.708825 7.947607
 14.280000 -2.912095 2.759161 8.812770
 14.300000 -2.847337 2.682765 8.250298
 14.320000 -2.887755 2.715166 8.530168
 14.340000 -2.841875 2.702831 8.329929
 14.360000 -2.661165 2.734544 7.682388
 14.380000 -2.625846 2.647207 7.079142
 14.400000 -2.495904 2.631752 6.473157
 14.420000 -2.441968 2.618737 6.264390
 14.440000 -2.470537 2.689209 6.556123
 14.460000 -2.499112 2.533394 6.444043
 14.480000 -2.443125 2.646759 6.319789
 14.500000 -2.508431 2.510808 6.514704
 14.520000 -2.434490 2.474234 6.491125
 14.540000 -2.500314 2.492401 6.546115
 14.560000 -2.466885 2.529055 6.366803
 14.580000 -2.154675 2.702048 5.937724
 14.600000 -2.249768 2.557149 6.013783
 14.620000 -2.205866 2.583951 5.953095
 14.640000 -2.265396 2.544528 6.055307
 14.660000 -2.305557 2.756275 6.289128
 14.680000 -2.483586 2.611255 6.390851
 14.700000 -2.349501 2.661607 6.081895
 14.720000 -2.628279 2.629036 7.029662
 14.740000 -2.591578 2.666503 6.991427
 14.760000 -2.722348 2.680261 7.694800
 14.780000 -2.810610 2.622906 7.863628
 14.800000 -2.575480 2.738732 7.273985
 14.820000 -2.618393 2.642166 7.026232
 14.840000 -2.478025 2.722531 6.736411
 14.860000 -2.629672 2.700059 7.331568
 14.880000 -2.701777 2.614566 7.335443
 14.900000 -2.771003 2.633427 7.726639
 14.920000 -2.606732 2.581519 6.828937
 14.940000 -2.748034 2.527078 7.401910
 14.960000 -2.623863 2.766236 7.686265
 14.980000 -2.738759 2.678412 7.765786
 15.000000 -2.648286 2.648775 7.192669
 15.020000 -2.530737 2.631839 6.609335
 15.040000 -2.372470 2.560922 6.109141
 15.060000 -2.253087 2.756219 6.169676
 15.080000 -2.292259 2.689184 6.023718
 15.100000 -2.210292 2.649243 5.884515
 15.120000 -2.255472 2.673434 5.936853
 15.140000 -2.170309 2.617304 5.915319
 15.160000 -2.327982 2.611975 5.988353
 15.180000 -2.279214 2.702912 6.036190
 15.200000 -2.377401 2.707490 6.295501
 15.220000 -2.397514 2.572586 6.140525
 15.240000 -2.489731 2.616257 6.420171
 15.260000 -2.666355 2.568299 7.071604
 15.280000 -2.605953 2.684146 7.136526
 15.300000 -2.712726 2.555258 7.265009
 15.320000 -2.749681 2.636435 7.638491
 15.340000 -2.774390 2.630202 7.730427
 15.360000 -2.841120 2.754433 8.610627
 15.380000 -2.885441 2.723799 8.569102
 15.400000 -2.653539 2.869882 8.516457
 15.420000 -2.632225 2.829247 8.143405
 15.440000 -2.499345 2.864944 7.692781
 15.460000 -2.434118 2.871371 7.414253
 15.480000 -2.553166 2.761673 7.301586
 15.500000 -2.439994 2.788716 6.937076
 15.520000 -2.329429 2.774841 6.444427
 15.540000 -2.364735 2.647200 6.092020
 15.560000 -2.286281 2.627668 5.930732
 15.580000 -2.367721 2.663856 6.132642
 15.600000 -2.459263 2.609257 6.307188
 15.620000 -2.241276 2.612770 5.902283
 15.640000 -2.334182 2.446976 6.568843
 15.660000 -2.238267 2.577877 5.958056
 15.680000 -2.295177 2.614803 5.941861
 15.700000 -2.419742 2.550364 6.218502
 15.720000 -2.455720 2.507156 6.399559
 15.740000 -2.450088 2.613969 6.283660
 15.760000 -2.482271 2.626864 6.412644
 15.780000 -2.378332 2.783883 6.659067
 15.800000 -2.464619 2.794759 7.083348
 15.820000 -2.570840 2.791141 7.576444
 15.840000 -2.513688 2.946363 8.225699
 15.860000 -2.673047 2.873425 8.636360
 15.880000 -2.728532 2.853844 8.779637
 15.900000 -2.662454 2.904971 8.771760
 15.920000 -2.849419 2.891709 9.438050
 15.940000 -2.824099 2.825510 8.983608
 15.960000 -2.916130 2.624535 8.214964
 15.980000 -2.982426 2.638220 8.337191
 16.000000 -2.832649 2.820466 8.980344
 16.020000 -2.707255 2.647129 7.474852
 16.040000 -2.740401 2.579407 7.430396
 16.060000 -2.434016 2.672443 6.360132
 16.080000 -2.548368 2.670371 6.809331
 16.100000 -2.366752 2.689522 6.200727
 16.120000 -2.210428 2.570698 5.985684
 16.140000 -2.079897 2.658445 6.006796
 16.160000 -1.934651 2.592695 6.712416
 16.180000 -1.887764 2.713317 6.607078
 16.200000 -2.125665 2.514341 6.365699
 16.220000 -1.899651 2.595689 6.882222
 16.240000 -1.821594 2.623096 7.186664
 16.260000 -1.779433 2.655266 7.279275
 16.280000 -1.742212 2.518337 8.277798
 16.300000 -1.978224 2.557238 6.670876
 16.320000 -2.054628 2.624845 6.118408
 16.340000 -1.906016 2.548319 7.102870
 16.360000 -2.009948 2.474094 7.079229
 16.380000 -2.048978 2.497099 6.731064
 16.400000 -1.988406 2.547147 6.678467
 16.420000 -2.183494 2.562180 6.035641
 16.440000 -2.162121 2.478592 6.510413
 16.460000 -2.097209 2.463326 6.804578
 16.480000 -2.222586 2.664729 5.898281
 16.500000 -2.237698 2.793517 6.297243
 16.520000 -2.267717 2.685013 5.974045
 16.540000 -2.474532 2.701543 6.623853
 16.560000 -2.448387 2.825192 7.196811
 16.580000 -2.406357 2.872216 7.291815
 16.600000 -2.612607 2.799252 7.843144
 16.620000 -2.492935 2.997507 8.319500
 16.640000 -2.660868 2.938320 8.939377
 16.660000 -2.765482 2.934145 9.382520
 16.680000 -2.865683 2.848040 9.234209
 16.700000 -2.910257 2.865972 9.406044
 16.720000 -2.888319 2.918772 9.640691
 16.740000 -2.747233 2.899974 9.135896
 16.760000 -2.754907 2.640976 7.680232
 16.780000 -2.686168 2.680567 7.516967
 16.800000 -2.600833 2.914062 8.510187
 16.820000 -2.618599 2.753057 7.576581
 16.840000 -2.408744 2.676589 6.288161
 16.860000 -2.451796 2.630162 6.313852
 16.880000 -2.443711 2.791924 6.972453
 16.900000 -2.514123 2.626424 6.530690
 16.920000 -2.605657 2.513414 6.820154
 16.940000 -2.527431 2.454698 6.750771
 16.960000 -2.427614 2.528782 6.281165
 16.980000 -2.550149 2.550408 6.592574
 17.000000 -2.567358 2.462764 6.816519
 17.020000 -2.582797 2.531732 6.719683
 17.040000 -2.713967 2.540634 7.257937
 17.060000 -2.611068 2.672695 7.109956
 17.080000 -2.660077 2.521876 7.024637
 17.100000 -2.667656 2.794619 8.095273
 17.120000 -2.711188 2.813563 8.437616
 17.140000 -2.635935 2.880139 8.490670
 17.160000 -2.644503 2.812148 8.093039
 17.180000 -2.466576 2.993264 8.171814
 17.200000 -2.514214 3.024812 8.495781
 17.220000 -2.337828 3.042577 7.667767
 17.240000 -2.417429 2.961876 7.810868
 17.260000 -2.479117 2.817016 7.289627
 17.280000 -2.456065 3.034824 8.217693
 17.300000 -2.548705 2.956056 8.451222
 17.320000 -2.601300 2.802224 7.804567
 17.340000 -2.513709 2.754426 7.068634
 17.360000 -2.544478 2.804195 7.528292
 17.380000 -2.570445 2.717849 7.133048
 17.400000 -2.580032 2.588579 6.726957
 17.420000 -2.569885 2.540232 6.667589
 17.440000 -2.506489 2.534207 6.464363
 17.460000 -2.459631 2.487568 6.476138
 17.480000 -2.744900 2.256386 8.309268
 17.500000 -2.773023 2.436006 7.586658
 17.520000 -2.877731 2.379682 8.050656
 17.540000 -2.686555 2.551444 7.143804
 17.560000 -2.678582 2.426123 7.278224
 17.580000 -2.482796 2.590835 6.367376
 17.600000 -2.573640 2.742082 7.284518
 17.620000 -2.436413 2.821615 7.120231
 17.640000 -2.362222 2.765469 6.504467
 17.660000 -2.239312 2.670172 5.916045
 17.680000 -2.363765 2.793884 6.659913
 17.700000 -2.370852 2.803181 6.737959
 17.720000 -2.562840 2.723671 7.127765
 17.740000 -2.657650 2.690422 7.422700
 17.760000 -2.461166 2.676421 6.471908
 17.780000 -2.525075 2.738067 7.028346
 17.800000 -2.471208 2.787545 7.069461
 17.820000 -2.403513 2.687015 6.304919
 17.840000 -2.420763 2.718368 6.489110
 17.860000 -2.493053 2.721218 6.794528
 17.880000 -2.514331 2.564675 6.465318
 17.900000 -2.722816 2.592728 7.377278
 17.920000 -2.691991 2.626250 7.324712
 17.940000 -2.690387 2.569009 7.180846
 17.960000 -2.858244 2.508845 7.837828
 17.980000 -2.789666 2.645640 7.857137
 18.000000 -2.758067 2.620244 7.621125
 18.020000 -2.669021 2.699225 7.524681
 18.040000 -2.422611 2.611551 6.199507
 18.060000 -2.356682 2.512735 6.226342
 18.080000 -2.425469 2.471029 6.493806
 18.100000 -2.392325 2.394646 6.967176
 18.120000 -2.545505 2.406135 7.032187
 18.140000 -2.446643 2.454479 6.607159
 18.160000 -2.407040 2.496311 6.354353
 18.180000 -2.472545 2.508155 6.432863
 18.200000 -2.497409 2.501920 6.509926
 18.220000 -2.499209 2.587584 6.420299
 18.240000 -2.422993 2.628883 6.221110
 18.260000 -2.297830 2.686536 6.027589
 18.280000 -2.236066 2.700998 5.969220
 18.300000 -2.320331 2.755500 6.326089
 18.320000 -2.355570 2.857516 6.991321
 18.340000 -2.412642 2.907860 7.524200
 18.360000 -2.554818 2.866218 7.983858
 18.380000 -2.416798 3.012868 7.978696
 18.400000 -2.619569 3.077217 9.040691
 18.420000 -2.631425 -3.140832 8.912333
 18.440000 -2.795940 2.985820 9.676237
 18.460000 -2.797059 3.115191 9.622892
 18.480000 -2.823799 3.139344 9.573089
 18.500000 -2.826217 3.041629 9.831059
 18.520000 -2.874346 3.048303 9.908744
 18.540000 -2.903623 2.945266 9.761089
 18.560000 -2.848340 3.083323 9.825830
 18.580000 -2.916329 3.041005 9.931413
 18.600000 -2.754839 3.058884 9.619281
 18.620000 -2.729958 3.021030 9.512127
 18.640000 -2.529720 3.083446 8.600348
 18.660000 -2.530956 3.077489 8.611660
 18.680000 -2.331879 2.922245 7.245677
 18.700000 -2.432421 2.909778 7.628622
 18.720000 -2.229278 2.946661 6.985878
 18.740000 -2.210544 2.795693 6.258131
 18.760000 -2.210650 2.742591 6.057316
 18.780000 -2.220625 2.640348 5.885319
 18.800000 -2.221339 2.664291 5.897239
 18.820000 -2.256509 2.660323 5.919958
 18.840000 -2.167077 2.525149 6.218577
 18.860000 -2.153534 2.573862 6.036487
 18.880000 -2.116436 2.598067 6.031665
 18.900000 -2.215200 2.485892 6.372479
 18.920000 -2.250486 2.338899 7.617599
 18.940000 -2.231364 2.323237 7.830483
 18.960000 -2.089376 2.391634 7.491940
 18.980000 -2.195154 2.355167 7.552119
 19.000000 -2.146861 2.338592 7.871706
 19.020000 -2.391225 2.371037 7.166427
 19.040000 -2.395444 2.326976 7.580901
 19.060000 -2.446041 2.411813 6.866362
 19.080000 -2.533758 2.399763 7.050975
 19.100000 -2.476957 2.457237 6.640361
 19.120000 -2.546940 2.501218 6.646485
 19.140000 -2.600027 2.515179 6.797702
 19.160000 -2.680804 2.528773 7.109536
 19.180000 -2.677793 2.608375 7.203019
 19.200000 -2.752134 2.920696 9.265568
 19.220000 -2.719357 3.046784 9.489896
 19.240000 -2.700600 -3.100713 8.952037
 19.260000 -2.711200 -3.087868 8.892805
 19.280000 -2.741265 -3.003001 8.135552
 19.300000 -2.846042 -2.894860 6.819924
 19.320000 -2.768386 -2.935261 7.303123
 19.340000 -2.707159 -2.989884 7.880089
 19.360000 -2.572271 -2.898473 6.254156
 19.380000 -2.618016 -2.856853 5.784930
 19.400000 -2.622504 -2.781104 4.681694
 19.420000 -2.711220 -2.884165 6.422510
 19.440000 -2.601044 -2.779702 4.618047
 19.460000 -2.675414 -2.799763 5.063826
 19.480000 -2.617491 -2.895048 6.337057
 19.500000 -2.598500 -2.925204 6.700513
 19.520000 -2.547413 -3.005231 7.501274
 19.540000 -2.477145 3.079828 8.343009
 19.560000 -2.485638 2.996842 8.280140
 19.580000 -2.491093 2.783459 7.136823
 19.600000 -2.524226 2.792708 7.353661
 19.620000 -2.464581 2.725596 6.695319
 19.640000 -2.676404 2.539205 7.092562
 19.660000 -2.506652 2.497480 6.545847
 19.680000 -2.581799 2.400595 7.132143
 19.700000 -2.516940 2.436266 6.816535
 19.720000 -2.471837 2.369372 7.199499
 19.740000 -2.685067 2.261799 8.202848
 19.760000 -2.627547 2.265607 8.130938
 19.780000 -2.599566 2.292794 7.894455
 19.800000 -2.522237 2.279008 7.998252
 19.820000 -2.433619 2.335234 7.486689
 19.840000 -2.362606 2.449877 6.557441
 19.860000 -2.406097 2.437676 6.662034
 19.880000 -2.223669 2.628672 5.888089
 19.900000 -2.340361 2.519875 6.182807
 19.920000 -2.151479 2.624185 5.924841
 19.940000 -2.258235 2.584243 5.947306
 19.960000 -2.290321 2.633488 5.937426
 19.980000 -2.283213 2.723018 6.106306
 20.000000 -2.194467 2.797776 6.243112
