#! FIELDS time phi psi metad.bias
#! SET min_phi -pi
#! SET max_phi pi
#! SET min_psi -pi
#! SET max_psi pi
 0.000000 3.141580 -3.141577 16.526154
 0.020000 -2.687277 -2.731933 7.900724
 0.040000 -2.688553 -2.716511 7.535648
 0.060000 -2.676881 -2.727609 7.791131
 0.080000 -2.655169 -2.720646 7.616452
 0.100000 -2.711319 -2.770666 8.872364
 0.120000 -2.641219 -2.777199 9.018672
 0.140000 -2.656366 -2.817412 10.062218
 0.160000 -2.548262 -2.830224 10.504935
 0.180000 -2.624040 -2.847190 10.863027
 0.200000 -2.568995 -2.810118 9.936417
 0.220000 -2.626843 -2.880326 11.734162
 0.240000 -2.662811 -2.845098 10.790720
 0.260000 -2.665790 -2.817914 10.074479
 0.280000 -2.715011 -2.869578 11.446528
 0.300000 -2.712211 -2.847051 10.853288
 0.320000 -2.736039 -2.893843 12.094495
 0.340000 -2.720823 -2.831587 10.452656
 0.360000 -2.729225 -2.845328 10.820088
 0.380000 -2.686195 -2.856269 11.085524
 0.400000 -2.696923 -2.886287 11.873689
 0.420000 -2.689752 -2.792898 9.427220
 0.440000 -2.718386 -2.810836 9.908076
 0.460000 -2.715974 -2.805439 9.766117
 0.480000 -2.644290 -2.718767 7.569554
 0.500000 -2.617172 -2.622388 5.477863
 0.520000 -2.617419 -2.630029 5.626646
 0.540000 -2.562339 -2.598621 5.025385
 0.560000 -2.665975 -2.526583 3.952835
 0.580000 -2.718749 -2.503795 3.751033
 0.600000 -2.748094 -2.534290 4.207428
 0.620000 -2.843541 -2.617365 5.725952
 0.640000 -2.867482 -2.573085 5.041440
 0.660000 -2.836078 -2.586921 5.190685
 0.680000 -2.923080 -2.727286 8.110677
 0.700000 -2.799934 -2.587901 5.126570
 0.720000 -2.694680 -2.553672 4.383816
 0.740000 -2.589162 -2.595394 4.969125
 0.760000 -2.384377 -2.569014 4.604664
 0.780000 -2.423974 -2.540135 4.099764
 0.800000 -2.401056 -2.630220 5.760097
 0.820000 -2.370040 -2.609634 5.373866
 0.840000 -2.478995 -2.728460 7.941340
 0.860000 -2.566293 -2.722742 7.693180
 0.880000 -2.686652 -2.817913 10.076894
 0.900000 -2.814193 -2.903365 12.440230
 0.920000 -2.822955 -2.845096 10.930372
 0.940000 -2.832498 -2.785286 9.398255
 0.960000 -2.897579 -2.797663 9.800933
 0.980000 -2.831425 -2.788009 9.465582
 1.000000 -2.783307 -2.773631 9.030066
 1.020000 -2.774661 -2.813266 10.030412
 1.040000 -2.751383 -2.814732 10.039886
 1.060000 -2.706717 -2.887316 11.904509
 1.080000 -2.754736 -2.871049 11.519558
 1.100000 -2.645051 -2.955313 13.607947
 1.120000 -2.546201 -2.884153 11.948099
 1.140000 -2.409861 -2.897549 12.650033
 1.160000 -2.293596 -2.928199 13.766798
 1.180000 -2.240233 -2.903735 13.207826
 1.200000 -2.347746 -2.983410 14.988005
 1.220000 -2.459626 -2.999628 14.990770
 1.240000 -2.613825 -3.100291 16.420595
 1.260000 -2.700388 3.123490 17.170187
 1.280000 -2.798388 3.092583 17.731260
 1.300000 -2.907690 3.067994 18.285575
 1.320000 -2.951012 3.005009 18.703217
 1.340000 -2.906656 3.029556 18.516075
 1.360000 -2.832001 2.965225 18.353549
 1.380000 -2.756424 3.007770 17.959170
 1.400000 -2.694676 2.997551 17.716920
 1.420000 -2.702325 2.982093 17.736649
 1.440000 -2.693272 3.020631 17.698316
 1.460000 -2.746044 2.970154 17.916311
 1.480000 -2.663073 2.893824 17.277813
 1.500000 -2.720857 2.866539 17.420746
 1.520000 -2.511827 2.820005 16.368388
 1.540000 -2.491281 2.668654 15.149344
 1.560000 -2.373143 2.694805 15.362196
 1.580000 -2.263780 2.513316 14.646053
 1.600000 -2.249149 2.548647 14.803536
 1.620000 -2.329556 2.248265 14.511413
 1.640000 -2.388740 2.293704 14.389204
 1.660000 -2.440592 2.073506 15.142921
 1.680000 -2.455898 2.091058 15.089658
 1.700000 -2.403467 1.960259 15.738225
 1.720000 -2.462009 2.037551 15.372019
 1.740000 -2.361889 1.892670 16.181339
 1.760000 -2.384047 2.002259 15.465870
 1.780000 -2.187907 2.132324 15.180489
 1.800000 -2.105361 2.070022 15.684425
 1.820000 -1.994182 2.114600 15.914109
 1.840000 -2.054305 2.248948 15.366934
 1.860000 -1.945566 2.241758 15.772408
 1.880000 -1.932925 2.304632 15.720352
 1.900000 -1.908418 2.372192 15.757694
 1.920000 -1.786232 2.441214 16.146541
 1.940000 -1.859688 2.523451 16.140226
 1.960000 -1.781948 2.533016 16.378453
 1.980000 -1.748836 2.547393 16.503806
 2.000000 -1.650458 2.622838 17.024673
 2.020000 -1.776258 2.590651 16.645683
 2.040000 -1.743465 2.656476 17.110041
 2.060000 -1.979682 2.675638 16.561543
 2.080000 -2.045121 2.678854 16.336687
 2.100000 -2.148745 2.749929 16.551630
 2.120000 -2.239676 2.842544 17.134018
 2.140000 -2.425758 2.848752 16.670313
 2.160000 -2.499783 2.710056 15.449052
 2.180000 -2.630731 2.727907 16.014801
 2.200000 -2.807162 2.639543 16.900871
 2.220000 -2.861800 2.668592 17.446570
 2.240000 -2.910779 2.534083 17.486974
 2.260000 -2.816172 2.655203 17.033138
 2.280000 -2.847834 2.627492 17.202345
 2.300000 -2.745332 2.609708 16.266550
 2.320000 -2.677043 2.699203 16.121774
 2.340000 -2.604961 2.731111 15.910324
 2.360000 -2.476197 2.741696 15.676265
 2.380000 -2.460413 2.605880 14.759962
 2.400000 -2.510643 2.616574 14.894720
 2.420000 -2.533848 2.524577 14.653722
 2.440000 -2.537817 2.533044 14.686547
 2.460000 -2.621719 2.396930 15.073532
 2.480000 -2.577247 2.504216 14.813970
 2.500000 -2.563764 2.408024 14.711282
 2.520000 -2.571943 2.590132 14.997010
 2.540000 -2.603439 2.681990 15.588324
 2.560000 -2.530564 2.720519 15.583480
 2.580000 -2.492332 2.793177 16.124569
 2.600000 -2.440704 2.744448 15.699836
 2.620000 -2.393049 2.840812 16.657265
 2.640000 -2.439547 2.937688 17.360847
 2.660000 -2.466301 2.885782 16.936040
 2.680000 -2.398692 2.828815 16.531874
 2.700000 -2.485060 2.845455 16.582110
 2.720000 -2.488322 2.933744 17.258619
 2.740000 -2.558269 2.922744 17.181438
 2.760000 -2.636589 2.895876 17.188658
 2.780000 -2.696848 2.769689 16.681415
 2.800000 -2.690516 2.674911 16.088073
 2.820000 -2.889037 2.678510 17.674009
 2.840000 -2.704749 2.472365 15.701506
 2.860000 -2.823281 2.510413 16.789231
 2.880000 -2.645746 2.524566 15.269741
 2.900000 -2.516545 2.573929 14.733667
 2.920000 -2.422619 2.494165 14.375604
 2.940000 -2.403945 2.545013 14.500849
 2.960000 -2.318806 2.628784 15.007853
 2.980000 -2.251228 2.610439 15.089970
 3.000000 -2.212399 2.522747 14.836683
 3.020000 -2.194970 2.438835 14.730030
 3.040000 -2.271311 2.492283 14.574077
 3.060000 -2.243626 2.468177 14.608756
 3.080000 -2.363881 2.397484 14.307683
 3.100000 -2.365912 2.198300 14.606853
 3.120000 -2.463842 2.391242 14.362908
 3.140000 -2.524074 2.373784 14.553461
 3.160000 -2.543134 2.396396 14.617394
 3.180000 -2.608550 2.378524 15.001189
 3.200000 -2.660822 2.526338 15.383442
 3.220000 -2.703518 2.618603 15.945925
 3.240000 -2.669003 2.626601 15.713089
 3.260000 -2.729281 2.740561 16.732535
 3.280000 -2.500210 2.917506 17.143193
 3.300000 -2.375053 3.017428 17.894325
 3.320000 -2.308936 3.081302 18.084913
 3.340000 -2.248899 3.039823 18.342846
 3.360000 -2.316836 -3.071468 16.804863
 3.380000 -2.423848 -2.981885 14.714098
 3.400000 -2.396313 -3.016097 15.541557
 3.420000 -2.674771 3.009975 17.651927
 3.440000 -2.699046 3.135214 17.050390
 3.460000 -2.696595 -3.071624 16.003988
 3.480000 -2.773043 3.051848 17.896410
 3.500000 -2.764529 3.017080 17.978602
 3.520000 -2.677111 3.016548 17.654409
 3.540000 -2.816176 3.092147 17.799468
 3.560000 -2.806117 -3.107367 16.793805
 3.580000 -2.951710 2.968170 18.791064
 3.600000 -2.906191 3.056766 18.361275
 3.620000 -2.815703 3.069514 17.966864
 3.640000 -2.743084 3.105395 17.439489
 3.660000 -2.595464 3.043179 17.492000
 3.680000 -2.435687 3.000370 17.671695
 3.700000 -2.294053 3.019509 18.171130
 3.720000 -2.199302 2.990849 18.397959
 3.740000 -2.094891 2.850201 17.724811
 3.760000 -2.294698 2.835229 16.873177
 3.780000 -2.100971 2.700489 16.293530
 3.800000 -2.264078 2.722590 15.879440
 3.820000 -2.308350 2.462462 14.432104
 3.840000 -2.454906 2.359553 14.367593
 3.860000 -2.461558 2.262702 14.532244
 3.880000 -2.481006 2.391893 14.401243
 3.900000 -2.532364 2.124499 15.205162
 3.920000 -2.326006 2.025528 15.345572
 3.940000 -2.479002 2.160462 14.869871
 3.960000 -2.415614 2.205919 14.601567
 3.980000 -2.443448 2.214249 14.616381
 4.000000 -2.329883 2.204823 14.615432
 4.020000 -2.373115 2.426177 14.307409
 4.040000 -2.316377 2.539457 14.593344
 4.060000 -2.623942 2.515249 15.106369
 4.080000 -2.648848 2.590951 15.442848
 4.100000 -2.663179 2.642784 15.740719
 4.120000 -2.593452 2.652584 15.375107
 4.140000 -2.642506 2.690519 15.850914
 4.160000 -2.570995 2.619529 15.111481
 4.180000 -2.768422 2.591091 16.419139
 4.200000 -2.677016 2.832539 16.971210
 4.220000 -2.742452 2.657891 16.417116
 4.240000 -2.793546 2.588296 16.636477
 4.260000 -2.739721 2.668079 16.438940
 4.280000 -2.683655 2.848130 17.105756
 4.300000 -2.618789 2.853190 16.852390
 4.320000 -2.552622 2.723168 15.660242
 4.340000 -2.402752 2.781146 16.070721
 4.360000 -2.223919 2.978184 18.264064
 4.380000 -2.110077 3.032091 18.731214
 4.400000 -2.100465 2.810877 17.325802
 4.420000 -1.994290 2.804141 17.637432
 4.440000 -2.149815 2.928711 18.206009
 4.460000 -2.135919 2.678601 15.979240
 4.480000 -2.231221 2.661551 15.492484
 4.500000 -2.362390 2.526946 14.477648
 4.520000 -2.432975 2.636860 14.910742
 4.540000 -2.510536 2.519021 14.565090
 4.560000 -2.705651 2.387908 15.755122
 4.580000 -2.556043 2.322542 14.766672
 4.600000 -2.671075 2.330036 15.542179
 4.620000 -2.672280 2.471443 15.429452
 4.640000 -2.592886 2.412790 14.873445
 4.660000 -2.636196 2.312201 15.298823
 4.680000 -2.622628 2.415131 15.066960
 4.700000 -2.501635 2.707490 15.432734
 4.720000 -2.454567 2.763830 15.863917
 4.740000 -2.484608 2.761957 15.851304
 4.760000 -2.057549 2.816171 17.532622
 4.780000 -2.345358 2.975636 17.844043
 4.800000 -2.114972 2.849284 17.645974
 4.820000 -2.169262 2.735342 16.336890
 4.840000 -2.191543 2.580340 15.138233
 4.860000 -2.274640 2.663752 15.365174
 4.880000 -2.193745 2.613124 15.305461
 4.900000 -2.596286 2.498349 14.912846
 4.920000 -2.526395 2.448285 14.538644
 4.940000 -2.668245 2.505032 15.416055
 4.960000 -2.726980 2.571617 16.007250
 4.980000 -2.565868 2.476567 14.727461
 5.000000 -2.588397 2.500422 14.869854
 5.020000 -2.441898 2.558262 14.551003
 5.040000 -2.334896 2.713191 15.591404
 5.060000 -2.387284 2.633760 14.917740
 5.080000 -2.429185 2.588996 14.665727
 5.100000 -2.240490 2.767171 16.378550
 5.120000 -2.458357 2.794770 16.139603
 5.140000 -2.343192 2.839477 16.767285
 5.160000 -2.578100 2.690605 15.527655
 5.180000 -2.679058 2.643798 15.858303
 5.200000 -2.595858 2.758760 16.068946
 5.220000 -2.635988 2.460360 15.150933
 5.240000 -2.659347 2.392571 15.360137
 5.260000 -2.601444 2.373677 14.959759
 5.280000 -2.717289 2.477337 15.812458
 5.300000 -2.662927 2.459969 15.353633
 5.320000 -2.598274 2.493193 14.919460
 5.340000 -2.581877 2.540480 14.900887
 5.360000 -2.486066 2.782504 16.029108
 5.380000 -2.625831 2.775310 16.317965
 5.400000 -2.619182 2.763435 16.202248
 5.420000 -2.497137 2.819734 16.358256
 5.440000 -2.465111 2.877817 16.872081
 5.460000 -2.493127 2.840813 16.540645
 5.480000 -2.307002 2.735615 15.863690
 5.500000 -2.637592 2.667523 15.694563
 5.520000 -2.490229 2.694846 15.325634
 5.540000 -2.661339 2.641892 15.723989
 5.560000 -2.734473 2.507154 15.980205
 5.580000 -2.680735 2.606208 15.724676
 5.600000 -2.596855 2.470124 14.894649
 5.620000 -2.644756 2.470462 15.216944
 5.640000 -2.540801 2.247309 14.848554
 5.660000 -2.534731 2.266235 14.774130
 5.680000 -2.350177 2.479493 14.386615
 5.700000 -2.098754 2.545562 15.346742
 5.720000 -2.192571 2.590992 15.187588
 5.740000 -2.037662 2.598241 15.830120
 5.760000 -2.021226 2.731527 16.869360
 5.780000 -2.038903 2.697000 16.506140
 5.800000 -2.135112 2.746663 16.572596
 5.820000 -1.921892 2.631084 16.461181
 5.840000 -2.067788 2.626256 15.878003
 5.860000 -1.936633 2.469193 15.745339
 5.880000 -2.002675 2.370186 15.430956
 5.900000 -2.088127 2.276471 15.191227
 5.920000 -2.106780 2.269770 15.130260
 5.940000 -1.976081 2.293298 15.586485
 5.960000 -2.136981 2.262892 15.026663
 5.980000 -2.114025 2.084888 15.598931
 6.000000 -2.356907 2.113626 14.907816
 6.020000 -2.433433 2.092775 15.039242
 6.040000 -2.348868 2.178347 14.675709
 6.060000 -2.210876 2.054031 15.421910
 6.080000 -2.102284 2.187286 15.320755
 6.100000 -1.832740 2.258329 16.087716
 6.120000 -1.862836 2.352594 15.906731
 6.140000 -1.842683 2.439539 15.997613
 6.160000 -1.669658 2.456478 16.395967
 6.180000 -1.743140 2.505914 16.374103
 6.200000 -1.619499 2.579897 16.831817
 6.220000 -1.864211 2.721334 17.323167
 6.240000 -1.884287 2.665063 16.819232
 6.260000 -2.007039 2.682404 16.510131
 6.280000 -1.721734 2.595406 16.775256
 6.300000 -1.952219 2.624012 16.308726
 6.320000 -1.830661 2.434472 16.024944
 6.340000 -2.006304 2.487311 15.532417
 6.360000 -1.959587 2.338104 15.598471
 6.380000 -1.951874 2.325002 15.635511
 6.400000 -1.922474 2.176464 15.982408
 6.420000 -2.010625 2.147438 15.763042
 6.440000 -2.162516 2.186957 15.099625
 6.460000 -2.078949 2.269475 15.237281
 6.480000 -2.138619 2.288323 14.981141
 6.500000 -1.947499 2.265951 15.724870
 6.520000 -1.959150 2.317860 15.617253
 6.540000 -1.922651 2.329889 15.729481
 6.560000 -1.943645 2.357474 15.642468
 6.580000 -1.899519 2.417860 15.801623
 6.600000 -1.821451 2.364638 16.019198
 6.620000 -1.796811 2.497017 16.230545
 6.640000 -1.861722 2.604104 16.496464
 6.660000 -1.972249 2.648398 16.392935
 6.680000 -1.971595 2.671588 16.561458
 6.700000 -2.056139 2.602119 15.780368
 6.720000 -1.989958 2.606527 16.063011
 6.740000 -2.071071 2.525469 15.383340
 6.760000 -2.143881 2.531236 15.118304
 6.780000 -2.064202 2.539640 15.459566
 6.800000 -2.057322 2.603225 15.781953
 6.820000 -2.043689 2.509000 15.442450
 6.840000 -2.197850 2.469946 14.762742
 6.860000 -2.226531 2.557570 14.912204
 6.880000 -2.430758 2.737438 15.645178
 6.900000 -2.477793 2.620367 14.851476
 6.920000 -2.514570 2.629258 14.967091
 6.940000 -2.664974 2.619331 15.655640
 6.960000 -2.673561 2.652998 15.860217
 6.980000 -2.661015 2.735359 16.235394
 7.000000 -2.616448 2.653790 15.500620
 7.020000 -2.572860 2.636503 15.198970
 7.040000 -2.571851 2.702959 15.583455
 7.060000 -2.720993 2.714792 16.525397
 7.080000 -2.837322 2.619203 17.092964
 7.100000 -2.934218 2.477862 17.596218
 7.120000 -2.852522 2.599740 17.167053
 7.140000 -2.747850 2.450289 16.091130
 7.160000 -2.721423 2.539783 15.900244
 7.180000 -2.725691 2.456752 15.887147
 7.200000 -2.542967 2.685967 15.374644
 7.220000 -2.401461 2.794466 16.198789
 7.240000 -2.251373 2.802515 16.692442
 7.260000 -2.140166 2.836048 17.429000
 7.280000 -2.185443 2.846790 17.370210
 7.300000 -2.205349 2.957045 18.211414
 7.320000 -2.249502 2.787238 16.545736
 7.340000 -2.353245 2.584432 14.702347
 7.360000 -2.324028 2.503088 14.475510
 7.380000 -2.428951 2.566434 14.574214
 7.400000 -2.586480 2.412004 14.835264
 7.420000 -2.695467 2.445297 15.623975
 7.440000 -2.738479 2.278447 16.234473
 7.460000 -2.665423 2.434311 15.378556
 7.480000 -2.652717 2.411419 15.291428
 7.500000 -2.627480 2.430447 15.093798
 7.520000 -2.612793 2.398191 15.011272
 7.540000 -2.590130 2.387362 14.874900
 7.560000 -2.499408 2.462906 14.456912
 7.580000 -2.411671 2.482450 14.353304
 7.600000 -2.407051 2.573257 14.601397
 7.620000 -2.324350 2.650561 15.135728
 7.640000 -2.333402 2.715793 15.617283
 7.660000 -2.338907 2.633695 14.993627
 7.680000 -2.367516 2.608452 14.799737
 7.700000 -2.437524 2.675660 15.159833
 7.720000 -2.485921 2.723853 15.538526
 7.740000 -2.471447 2.682741 15.221309
 7.760000 -2.605513 2.574733 15.118684
 7.780000 -2.507166 2.678771 15.241650
 7.800000 -2.659170 2.768650 16.443953
 7.820000 -2.650778 2.923382 17.380157
 7.840000 -2.584821 2.861842 16.815526
 7.860000 -2.479956 2.869892 16.793103
 7.880000 -2.640236 2.789316 16.486797
 7.900000 -2.648838 2.878588 17.131761
 7.920000 -2.791931 2.757980 17.309999
 7.940000 -2.685938 2.829251 16.998666
 7.960000 -2.696523 2.674065 16.128131
 7.980000 -2.735394 2.670034 16.412408
 8.000000 -2.907730 2.708137 17.900653
 8.020000 -3.002233 2.562439 17.862353
 8.040000 -2.947973 2.720365 18.135755
 8.060000 -2.764902 2.672515 16.668171
 8.080000 -2.523875 2.637628 15.034443
 8.100000 -2.426687 2.653076 15.010657
 8.120000 -2.257584 2.739452 16.054928
 8.140000 -2.179136 2.824513 17.173277
 8.160000 -1.882254 2.790146 17.870603
 8.180000 -1.836181 2.662457 16.944227
 8.200000 -1.719195 2.696692 17.442075
 8.220000 -1.786214 2.709678 17.425808
 8.240000 -1.936436 2.597910 16.213977
 8.260000 -1.683706 2.506860 16.482002
 8.280000 -1.786055 2.390502 16.108565
 8.300000 -1.587232 2.396363 16.458495
 8.320000 -1.597298 2.251470 16.536450
 8.340000 -1.561230 2.278026 16.550616
 8.360000 -1.535264 2.108570 16.741529
 8.380000 -1.295457 2.068118 16.612413
 8.400000 -1.102978 2.002557 16.005049
 8.420000 -1.025449 1.924476 15.668829
 8.440000 -0.902242 1.861323 15.207408
 8.460000 -1.188971 1.971276 16.293280
 8.480000 -1.146151 2.003486 16.167737
 8.500000 -1.077418 1.819556 15.982230
 8.520000 -1.038441 1.867017 15.767024
 8.540000 -1.036808 1.836425 15.803213
 8.560000 -1.153363 1.828238 16.213293
 8.580000 -1.141658 1.665284 16.594138
 8.600000 -1.302420 1.688891 16.648542
 8.620000 -1.207147 1.657402 16.703981
 8.640000 -1.376511 1.680827 16.641880
 8.660000 -1.463709 1.556490 16.775331
 8.680000 -1.744843 1.645655 16.783312
 8.700000 -1.831305 1.662169 16.979065
 8.720000 -1.813335 1.540614 16.917502
 8.740000 -1.826773 1.538000 16.954330
 8.760000 -1.811439 1.399193 16.972980
 8.780000 -1.790558 1.427272 16.906618
 8.800000 -1.753962 1.451564 16.823392
 8.820000 -1.688403 1.312219 17.093671
 8.840000 -1.550688 1.440692 16.915365
 8.860000 -1.622521 1.319966 17.164437
 8.880000 -1.432491 1.364890 17.513691
 8.900000 -1.372148 1.285075 17.993627
 8.920000 -1.164717 1.119482 18.078815
 8.940000 -1.048632 1.246300 18.170618
 8.960000 -0.919940 0.956035 15.875073
 8.980000 -0.988952 1.039670 17.004161
 9.000000 -1.110431 0.973057 16.802399
 9.020000 -1.158199 0.870015 15.863700
 9.040000 -1.317128 0.864121 16.790704
 9.060000 -1.327969 0.677525 14.835592
 9.080000 -1.552371 0.754104 17.328667
 9.100000 -1.479191 0.421231 13.150063
 9.120000 -1.501264 0.322032 12.073905
 9.140000 -1.506189 0.280222 11.594054
 9.160000 -1.409971 -0.020451 8.592260
 9.180000 -1.520454 0.066651 9.483136
 9.200000 -1.328136 -0.199128 7.997430
 9.220000 -1.328394 -0.151768 8.065488
 9.240000 -1.124136 -0.388957 7.850736
 9.260000 -1.185482 -0.457780 7.609646
 9.280000 -1.118193 -0.567004 7.360022
 9.300000 -1.095141 -0.615233 7.202826
 9.320000 -1.040283 -0.641904 7.204248
 9.340000 -1.096232 -0.641614 7.080090
 9.360000 -1.395007 -0.424352 7.514593
 9.380000 -1.106793 -0.518680 7.563862
 9.400000 -1.201809 -0.340264 7.824017
 9.420000 -1.076173 -0.358093 7.960999
 9.440000 -1.105678 -0.239067 7.905904
 9.460000 -1.166525 -0.216904 7.883210
 9.480000 -1.141865 -0.042127 7.705031
 9.500000 -1.076321 -0.032801 7.556952
 9.520000 -1.207698 0.167097 8.321364
 9.540000 -1.308690 0.394689 11.095127
 9.560000 -1.251907 0.459828 11.269580
 9.580000 -1.284578 0.593368 13.322521
 9.600000 -1.134332 0.700040 13.368885
 9.620000 -1.292429 0.841691 16.412250
 9.640000 -1.230350 0.850435 16.091553
 9.660000 -1.180496 0.940992 16.794876
 9.680000 -1.180237 1.258524 18.319903
 9.700000 -1.072731 1.147459 17.995623
 9.720000 -1.337045 1.447800 17.441433
 9.740000 -1.346668 1.318947 17.948337
 9.760000 -1.423880 1.498552 17.022621
 9.780000 -1.150434 1.564742 17.068737
 9.800000 -1.334687 1.591214 16.883712
 9.820000 -1.133393 1.686042 16.499976
 9.840000 -1.385734 1.791395 16.585666
 9.860000 -1.523429 1.875510 16.708179
 9.880000 -1.368513 1.966300 16.661459
 9.900000 -1.401951 1.989781 16.709630
 9.920000 -1.354970 2.107899 16.704240
 9.940000 -1.345271 2.219219 16.661483
 9.960000 -1.509053 2.272930 16.602797
 9.980000 -1.272668 2.282784 16.565429
 10.000000 -1.271219 2.319604 16.551249
 10.020000 -1.197865 2.306779 16.441137
 10.040000 -1.330748 2.349794 16.586286
 10.060000 -1.372610 2.475787 16.629108
 10.080000 -1.512597 2.459592 16.572528
 10.100000 -1.348865 2.525860 16.701430
 10.120000 -1.360533 2.514900 16.685103
 10.140000 -1.504953 2.552123 16.787086
 10.160000 -1.442944 2.615715 17.031116
 10.180000 -1.517521 2.637739 17.164555
 10.200000 -1.419030 2.582126 16.887228
 10.220000 -1.287517 2.681004 17.123425
 10.240000 -1.347835 2.585904 16.856818
 10.260000 -1.383690 2.673129 17.249342
 10.280000 -1.337873 2.543745 16.733798
 10.300000 -1.197460 2.597172 16.682002
 10.320000 -1.275511 2.511945 16.625513
 10.340000 -1.148406 2.636881 16.655851
 10.360000 -1.546406 2.506642 16.634905
 10.380000 -1.432881 2.541325 16.761785
 10.400000 -1.425363 2.437089 16.592736
 10.420000 -1.426563 2.479436 16.635587
 10.440000 -1.440950 2.341985 16.587335
 10.460000 -1.586369 2.352342 16.464740
 10.480000 -1.750958 2.289563 16.238910
 10.500000 -1.750916 2.273747 16.257571
 10.520000 -1.571838 2.234657 16.585492
 10.540000 -1.767486 2.063761 16.586567
 10.560000 -1.762956 2.212281 16.324961
 10.580000 -1.813133 2.093603 16.453464
 10.600000 -1.940578 2.109894 16.097309
 10.620000 -1.483613 2.042087 16.768811
 10.640000 -1.677698 2.022902 16.731057
 10.660000 -1.516188 2.068473 16.766045
 10.680000 -1.721087 2.186895 16.445117
 10.700000 -1.538423 2.199956 16.657036
 10.720000 -1.616316 2.173318 16.610413
 10.740000 -1.284684 2.237091 16.595844
 10.760000 -1.541772 2.321778 16.532429
 10.780000 -1.435535 2.362947 16.580185
 10.800000 -1.291288 2.350475 16.561711
 10.820000 -1.200840 2.396314 16.450159
 10.840000 -1.084626 2.425610 16.196274
 10.860000 -1.002783 2.262607 15.790723
 10.880000 -1.246672 2.361269 16.514225
 10.900000 -1.085898 2.343989 16.157570
 10.920000 -1.308760 2.432882 16.575682
 10.940000 -1.109333 2.337904 16.226758
 10.960000 -1.364668 2.407990 16.585904
 10.980000 -1.165653 2.208242 16.350440
 11.000000 -1.678546 2.503872 16.481692
 11.020000 -1.432215 2.417747 16.581026
 11.040000 -1.478304 2.449422 16.582352
 11.060000 -1.378282 2.403280 16.586051
 11.080000 -1.416230 2.376714 16.581975
 11.100000 -1.544542 2.470386 16.564255
 11.120000 -1.647526 2.492517 16.497549
 11.140000 -1.531686 2.409864 16.519671
 11.160000 -1.489841 2.589223 16.929043
 11.180000 -1.648863 2.598987 16.895497
 11.200000 -1.797598 2.665768 17.065406
 11.220000 -1.850944 2.685831 17.076232
 11.240000 -2.071392 2.588462 15.647648
 11.260000 -1.701439 2.652051 17.146684
 11.280000 -2.025836 2.495090 15.476118
 11.300000 -2.018516 2.493490 15.500449
 11.320000 -2.264733 2.390844 14.486446
 11.340000 -2.147502 2.452103 14.919800
 11.360000 -2.387056 2.278278 14.415950
 11.380000 -2.320517 2.530673 14.556559
 11.400000 -2.571602 2.450398 14.745028
 11.420000 -2.689728 2.672629 16.070978
 11.440000 -2.722835 2.647459 16.212430
 11.460000 -2.931298 2.540974 17.611669
 11.480000 -2.768379 2.698828 16.818851
 11.500000 -2.766575 2.682543 16.727111
 11.520000 -2.693485 2.718036 16.343132
 11.540000 -2.549318 2.777953 16.073255
 11.560000 -2.537956 2.794285 16.183981
 11.580000 -2.527762 2.894867 16.980719
 11.600000 -2.483378 2.939840 17.301455
 11.620000 -2.615383 2.871992 16.970177
 11.640000 -2.616451 2.929189 17.308021
 11.660000 -2.645284 2.767842 16.362291
 11.680000 -2.675668 2.733421 16.315282
 11.700000 -2.536275 2.694824 15.414890
 11.720000 -2.632851 2.581497 15.306182
 11.740000 -2.412236 2.618580 14.812586
 11.760000 -2.471575 2.628871 14.888164
 11.780000 -2.389571 2.629637 14.890947
 11.800000 -2.570147 2.683096 15.449065
 11.820000 -2.566652 2.740431 15.829779
 11.840000 -2.581560 2.837086 16.621711
 11.860000 -2.488248 2.700931 15.367075
 11.880000 -2.519048 2.561222 14.698740
 11.900000 -2.441547 2.622077 14.829731
 11.920000 -2.416087 2.576570 14.612818
 11.940000 -2.298000 2.464867 14.458112
 11.960000 -2.265909 2.492085 14.588505
 11.980000 -2.295180 2.499245 14.528430
 12.000000 -2.390250 2.704704 15.414608
 12.020000 -2.535793 2.618233 14.972744
 12.040000 -2.643757 2.604398 15.453621
 12.060000 -2.636379 2.725621 16.030392
 12.080000 -2.777473 2.640000 16.645715
 12.100000 -2.646505 2.651287 15.668554
 12.120000 -2.617717 2.391990 15.050060
 12.140000 -2.503212 2.470324 14.473978
 12.160000 -2.478456 2.512857 14.474469
 12.180000 -2.478642 2.630898 14.907857
 12.200000 -2.564175 2.624499 15.105248
 12.220000 -2.553398 2.630052 15.089837
 12.240000 -2.614798 2.711720 15.827937
 12.260000 -2.693959 2.767209 16.646844
 12.280000 -2.670636 2.791168 16.660854
 12.300000 -2.656507 2.646561 15.712261
 12.320000 -2.450241 2.756137 15.797567
 12.340000 -2.391790 2.693595 15.324815
 12.360000 -2.337702 2.597604 14.793308
 12.380000 -2.396375 2.692722 15.312314
 12.400000 -2.469741 2.729421 15.572422
 12.420000 -2.450586 2.698670 15.326970
 12.440000 -2.522145 2.761978 15.891071
 12.460000 -2.640147 2.729872 16.078753
 12.480000 -2.646458 2.832525 16.819838
 12.500000 -2.714480 2.667999 16.235913
 12.520000 -2.787334 2.618333 16.660881
 12.540000 -2.603505 2.607673 15.220793
 12.560000 -2.574754 2.638189 15.215461
 12.580000 -2.553104 2.727159 15.690745
 12.600000 -2.392818 2.771691 15.998088
 12.620000 -2.416408 2.752186 15.786984
 12.640000 -2.474355 2.866927 16.772247
 12.660000 -2.459609 2.793832 16.130565
 12.680000 -2.579401 2.715902 15.699482
 12.700000 -2.687182 2.647511 15.934543
 12.720000 -2.625411 2.498368 15.097053
 12.740000 -2.798434 2.359506 16.644479
 12.760000 -2.663026 2.323480 15.487848
 12.780000 -2.717019 2.242310 16.123518
 12.800000 -2.631574 2.454551 15.118920
 12.820000 -2.665732 2.436677 15.380090
 12.840000 -2.579293 2.529277 14.864667
 12.860000 -2.634307 2.642451 15.549564
 12.880000 -2.487341 2.793117 16.122202
 12.900000 -2.563917 2.655749 15.263347
 12.920000 -2.503847 2.624176 14.916663
 12.940000 -2.419512 2.813875 16.354468
 12.960000 -2.314752 2.935575 17.699508
 12.980000 -2.305753 2.870900 17.183214
 13.000000 -2.313635 3.017074 18.099812
 13.020000 -2.398904 2.930173 17.406303
 13.040000 -2.492068 3.028677 17.591706
 13.060000 -2.623863 3.045550 17.506520
 13.080000 -2.786499 3.048182 17.968223
 13.100000 -2.777839 3.088358 17.690477
 13.120000 -2.757226 2.961233 17.960931
 13.140000 -2.759498 2.777830 17.172410
 13.160000 -2.587857 2.836614 16.634876
 13.180000 -2.703562 2.801427 16.926268
 13.200000 -2.552349 2.798942 16.250198
 13.220000 -2.606294 2.842630 16.734879
 13.240000 -2.639733 2.834598 16.804284
 13.260000 -2.647423 2.782854 16.477715
 13.280000 -2.700033 2.848671 17.198638
 13.300000 -2.589969 2.734978 15.873686
 13.320000 -2.521352 2.696217 15.388077
 13.340000 -2.420509 2.473917 14.343330
 13.360000 -2.296091 2.523581 14.589825
 13.380000 -2.300467 2.416292 14.406832
 13.400000 -2.268431 2.323877 14.509355
 13.420000 -2.177631 2.400676 14.765360
 13.440000 -2.220218 2.228041 14.806237
 13.460000 -2.216534 2.296468 14.692186
 13.480000 -2.144937 2.350935 14.894449
 13.500000 -2.308162 2.345159 14.403129
 13.520000 -2.169602 2.324106 14.822916
 13.540000 -2.092269 2.286086 15.161206
 13.560000 -2.081424 2.346451 15.142216
 13.580000 -2.027593 2.337501 15.352519
 13.600000 -1.998481 2.427392 15.467969
 13.620000 -2.142592 2.465626 14.959030
 13.640000 -1.946145 2.618925 16.299777
 13.660000 -2.110646 2.539100 15.275734
 13.680000 -2.163773 2.723566 16.250366
 13.700000 -2.286341 2.683385 15.479125
 13.720000 -2.404093 2.761997 15.891049
 13.740000 -2.514838 2.853318 16.651428
 13.760000 -2.504898 2.854464 16.657754
 13.780000 -2.728492 2.827676 17.246925
 13.800000 -2.749802 2.823272 17.363364
 13.820000 -2.763577 2.896458 17.816747
 13.840000 -2.780204 2.852102 17.722034
 13.860000 -2.748749 2.865732 17.585987
 13.880000 -2.804146 2.861764 17.925958
 13.900000 -2.842616 3.012490 18.343936
 13.920000 -2.877500 3.000297 18.521668
 13.940000 -2.917145 2.897529 18.662609
 13.960000 -2.868560 2.890400 18.421999
 13.980000 -2.760559 2.968126 17.985721
 14.000000 -2.704290 2.989554 17.749647
 14.020000 -2.556308 2.781531 16.118444
 14.040000 -2.392190 2.811570 16.379156
 14.060000 -2.431334 2.771701 15.948262
 14.080000 -2.200371 2.790606 16.756126
 14.100000 -2.396075 2.607643 14.764644
 14.120000 -2.317936 2.640745 15.085748
 14.140000 -2.352916 2.510562 14.446519
 14.160000 -2.319826 2.592115 14.803177
 14.180000 -2.512882 2.291075 14.629485
 14.200000 -2.348217 2.326838 14.363257
 14.220000 -2.402842 2.304274 14.376489
 14.240000 -2.357566 2.340317 14.341321
 14.260000 -2.297974 2.233116 14.594318
 14.280000 -2.358807 2.158448 14.736332
 14.300000 -2.362469 2.505684 14.423179
 14.320000 -2.422049 2.384179 14.309016
 14.340000 -2.501531 2.324351 14.530871
 14.360000 -2.662026 2.304724 15.514929
 14.380000 -2.606243 2.440296 14.948197
 14.400000 -2.671252 2.543293 15.490474
 14.420000 -2.565573 2.396623 14.727595
 14.440000 -2.612017 2.484942 14.997815
 14.460000 -2.545110 2.588911 14.881877
 14.480000 -2.451962 2.672574 15.140194
 14.500000 -2.570295 2.613098 15.080432
 14.520000 -2.392478 2.700301 15.376431
 14.540000 -2.542874 2.747947 15.820575
 14.560000 -2.402336 2.809093 16.336760
 14.580000 -2.670961 2.698943 16.079377
 14.600000 -2.453825 2.730352 15.577313
 14.620000 -2.643007 2.811398 16.656222
 14.640000 -2.439687 2.984440 17.606927
 14.660000 -2.517564 2.772982 15.975027
 14.680000 -2.467184 2.730526 15.580509
 14.700000 -2.538391 2.761194 15.914775
 14.720000 -2.565992 2.764394 16.009269
 14.740000 -2.573520 2.611967 15.089877
 14.760000 -2.623326 2.477064 15.067708
 14.780000 -2.537822 2.586723 14.847477
 14.800000 -2.590275 2.540174 14.945129
 14.820000 -2.497665 2.522508 14.537476
 14.840000 -2.620693 2.461537 15.044406
 14.860000 -2.451705 2.604638 14.746848
 14.880000 -2.504267 2.615927 14.876904
 14.900000 -2.468294 2.508582 14.447952
 14.920000 -2.569988 2.486502 14.756547
 14.940000 -2.534170 2.538071 14.684870
 14.960000 -2.531698 2.545892 14.695852
 14.980000 -2.438935 2.527862 14.457965
 15.000000 -2.468686 2.341648 14.414934
 15.020000 -2.495424 2.539810 14.573726
 15.040000 -2.471660 2.632532 14.908154
 15.060000 -2.517676 2.431821 14.503569
 15.080000 -2.381106 2.608891 14.785012
 15.100000 -2.421855 2.430468 14.307509
 15.120000 -2.358180 2.684700 15.310665
 15.140000 -2.458777 2.483698 14.391503
 15.160000 -2.408836 2.556984 14.539717
 15.180000 -2.303253 2.573299 14.753907
 15.200000 -2.280407 2.709240 15.709941
 15.220000 -2.348799 2.585593 14.714996
 15.240000 -2.352754 2.594885 14.752912
 15.260000 -2.315383 2.737096 15.853380
 15.280000 -2.366803 2.606766 14.791866
 15.300000 -2.242762 2.625453 15.207394
 15.320000 -2.487011 2.555676 14.601480
 15.340000 -2.444256 2.642028 14.943017
 15.360000 -2.525577 2.483861 14.560412
 15.380000 -2.577993 2.426460 14.780603
 15.400000 -2.531687 2.408197 14.561879
 15.420000 -2.554663 2.597982 14.953417
 15.440000 -2.498053 2.543626 14.590232
 15.460000 -2.575034 2.652019 15.288330
 15.480000 -2.580291 2.538236 14.887832
 15.500000 -2.649851 2.587235 15.438327
 15.520000 -2.695561 2.579643 15.762812
 15.540000 -2.674214 2.541073 15.509613
 15.560000 -2.630698 2.688249 15.768941
 15.580000 -2.719767 2.632922 16.130016
 15.600000 -2.704874 2.743855 16.575910
 15.620000 -2.711613 2.621472 16.021404
 15.640000 -2.747320 2.785671 17.128445
 15.660000 -2.547149 2.816998 16.387558
 15.680000 -2.514313 2.771307 15.956795
 15.700000 -2.459026 2.713141 15.439210
 15.720000 -2.368198 2.700889 15.419163
 15.740000 -2.366305 2.821966 16.536398
 15.760000 -2.414054 2.809781 16.324049
 15.780000 -2.281176 2.737412 15.958370
 15.800000 -2.373699 2.680313 15.250218
 15.820000 -2.247870 2.832043 17.000893
 15.840000 -2.559935 2.646160 15.196094
 15.860000 -2.636054 2.615656 15.445354
 15.880000 -2.704602 2.641693 16.042931
 15.900000 -2.769510 2.569592 16.381000
 15.920000 -2.721593 2.396619 15.887889
 15.940000 -2.796129 2.453012 16.537013
 15.960000 -2.848115 2.330909 17.121478
 15.980000 -2.795194 2.459455 16.526652
 16.000000 -2.720701 2.457427 15.842228
 16.020000 -2.595837 2.431971 14.884198
 16.040000 -2.410721 2.675520 15.170486
 16.060000 -2.440958 2.633367 14.891812
 16.080000 -2.361810 2.801903 16.350938
 16.100000 -2.332004 2.696351 15.458818
 16.120000 -2.366065 2.757014 15.911913
 16.140000 -2.165830 2.836497 17.340503
 16.160000 -2.255233 2.718843 15.875768
 16.180000 -2.253148 2.761264 16.277112
 16.200000 -2.155971 2.780178 16.817258
 16.220000 -2.219751 2.640532 15.384665
 16.240000 -2.247798 2.646798 15.330668
 16.260000 -2.148646 2.543586 15.143805
 16.280000 -2.380340 2.658771 15.086494
 16.300000 -2.464060 2.657291 15.046722
 16.320000 -2.595558 2.553218 15.003931
 16.340000 -2.772337 2.483885 16.315997
 16.360000 -2.820338 2.519260 16.769620
 16.380000 -2.784969 2.514503 16.446639
 16.400000 -2.874450 2.409075 17.236682
 16.420000 -2.688631 2.383531 15.612238
 16.440000 -2.640909 2.407317 15.204360
 16.460000 -2.505545 2.426299 14.462297
 16.480000 -2.482973 2.443318 14.402873
 16.500000 -2.370332 2.576243 14.642248
 16.520000 -2.456802 2.598606 14.722899
 16.540000 -2.333528 2.671853 15.265520
 16.560000 -2.346355 2.688022 15.360139
 16.580000 -2.449939 2.668503 15.112111
 16.600000 -2.285741 2.682790 15.476236
 16.620000 -2.345339 2.794033 16.315190
 16.640000 -2.130682 2.667935 15.917906
 16.660000 -2.198191 2.707706 15.980985
 16.680000 -2.193034 2.719781 16.106110
 16.700000 -2.387462 2.742596 15.740559
 16.720000 -2.353123 2.847518 16.818368
 16.740000 -2.494851 2.687108 15.277598
 16.760000 -2.488914 2.783213 16.036448
 16.780000 -2.662817 2.668220 15.859837
 16.800000 -2.768657 2.657348 16.636213
 16.820000 -2.845951 2.596572 17.106407
 16.840000 -2.856305 2.500900 17.066937
 16.860000 -2.794836 2.465866 16.522273
 16.880000 -2.768409 2.427897 16.292681
 16.900000 -2.755932 2.569275 16.258301
 16.920000 -2.753135 2.566531 16.227663
 16.940000 -2.679959 2.637089 15.836075
 16.960000 -2.653577 2.623151 15.590847
 16.980000 -2.457955 2.779414 16.001491
 17.000000 -2.511663 2.802751 16.220370
 17.020000 -2.348120 2.864535 16.994490
 17.040000 -2.331022 2.816378 16.574237
 17.060000 -2.368788 2.909653 17.333472
 17.080000 -2.268590 2.951837 17.964602
 17.100000 -2.370161 2.857961 16.873235
 17.120000 -2.476814 2.919307 17.176700
 17.140000 -2.473570 2.897766 17.022533
 17.160000 -2.653149 3.063495 17.488717
 17.180000 -2.736638 2.918304 17.745739
 17.200000 -2.695376 2.836234 17.096117
 17.220000 -2.776828 2.820815 17.537386
 17.240000 -2.844306 2.764255 17.734794
 17.260000 -2.746047 2.581371 16.196826
 17.280000 -2.907315 2.615435 17.598101
 17.300000 -2.759138 2.697812 16.738106
 17.320000 -2.647513 2.514714 15.269593
 17.340000 -2.585231 2.691639 15.563762
 17.360000 -2.546943 2.632333 15.077948
 17.380000 -2.541924 2.615564 14.980910
 17.400000 -2.603591 2.676040 15.554366
 17.420000 -2.436701 2.649178 14.985073
 17.440000 -2.387268 2.544379 14.506975
 17.460000 -2.307392 2.576920 14.760078
 17.480000 -2.285854 2.457282 14.476314
 17.500000 -2.300603 2.531314 14.602527
 17.520000 -2.308489 2.447436 14.413568
 17.540000 -2.349954 2.435120 14.334473
 17.560000 -2.385601 2.520791 14.439476
 17.580000 -2.425515 2.595011 14.692317
 17.600000 -2.529793 2.708373 15.493204
 17.620000 -2.586990 2.650009 15.330993
 17.640000 -2.653167 2.623982 15.591387
 17.660000 -2.656938 2.860695 17.054588
 17.680000 -2.649473 2.874470 17.109114
 17.700000 -2.510998 2.876638 16.839100
 17.720000 -2.538507 2.853235 16.669489
 17.740000 -2.490231 2.838795 16.523249
 17.760000 -2.523298 2.913668 17.110224
 17.780000 -2.670759 2.941382 17.524503
 17.800000 -2.714798 2.935263 17.691451
 17.820000 -2.758724 2.925944 17.892085
 17.840000 -2.825168 2.957889 18.315482
 17.860000 -2.808533 2.691144 17.115564
 17.880000 -2.835138 2.745603 17.577904
 17.900000 -2.763015 2.673208 16.655369
 17.920000 -2.498872 2.613052 14.851616
 17.940000 -2.457563 2.544816 14.522148
 17.960000 -2.296282 2.628156 15.061564
 17.980000 -2.318975 2.731995 15.797305
 18.000000 -2.484802 2.755507 15.796702
 18.020000 -2.440462 2.648486 14.981215
 18.040000 -2.419368 2.645664 14.966363
 18.060000 -2.454969 2.654142 15.021146
 18.080000 -2.350327 2.664796 15.178672
 18.100000 -2.473280 2.489219 14.423631
 18.120000 -2.403647 2.362220 14.311672
 18.140000 -2.337623 2.405647 14.337262
 18.160000 -2.387831 2.255389 14.462090
 18.180000 -2.541015 2.377731 14.621807
 18.200000 -2.632081 2.295509 15.301119
 18.220000 -2.679897 2.512611 15.515792
 18.240000 -2.615654 2.619692 15.337429
 18.260000 -2.655863 2.523907 15.342865
 18.280000 -2.650580 2.622011 15.565899
 18.300000 -2.572009 2.860282 16.776227
 18.320000 -2.467228 2.868229 16.789403
 18.340000 -2.316582 3.010270 18.073388
 18.360000 -2.170228 2.983678 18.459216
 18.380000 -2.288777 -3.097976 17.279557
 18.400000 -2.182795 -2.762889 9.254077
 18.420000 -2.403319 -2.893439 12.557784
 18.440000 -2.452243 -2.762348 8.864337
 18.460000 -2.544419 -2.694251 7.029878
 18.480000 -2.678195 -2.538393 4.135289
 18.500000 -2.732485 -2.722781 7.724204
 18.520000 -2.726299 -2.590612 5.024394
 18.540000 -2.824692 -2.625571 5.835444
 18.560000 -2.947990 -2.737621 8.367803
 18.580000 -3.001584 -2.773389 9.208975
 18.600000 -3.140840 -2.761877 8.475198
 18.620000 -3.034989 -2.710779 7.731466
 18.640000 -2.935135 -2.811429 10.180174
 18.660000 -2.764406 -2.761176 8.693066
 18.680000 -2.664631 -2.750926 8.354880
 18.700000 -2.523821 -2.647680 6.005910
 18.720000 -2.483621 -2.792357 9.605806
 18.740000 -2.424741 -2.728440 8.029017
 18.760000 -2.498855 -2.771079 9.010654
 18.780000 -2.446724 -2.813486 10.257662
 18.800000 -2.392759 -2.928769 13.520018
 18.820000 -2.418388 -2.981085 14.713358
 18.840000 -2.453752 -2.992078 14.845897
 18.860000 -2.616627 -3.098591 16.395541
 18.880000 -2.683037 -3.058699 15.770683
 18.900000 -2.733610 3.115433 17.323612
 18.920000 -2.669248 3.130788 17.049716
 18.940000 -2.786663 3.033510 18.028501
 18.960000 -2.622672 3.034439 17.525551
 18.980000 -2.754929 3.137194 17.158924
 19.000000 -2.717579 2.987494 17.801424
 19.020000 -2.655954 2.937194 17.456727
 19.040000 -2.734363 2.875711 17.548158
 19.060000 -2.650981 2.863889 17.048981
 19.080000 -2.666520 2.805280 16.733188
 19.100000 -2.755587 2.726686 16.857956
 19.120000 -2.726988 2.581241 16.029824
 19.140000 -2.606368 2.652428 15.439358
 19.160000 -2.533441 2.599127 14.881520
 19.180000 -2.374365 2.580506 14.655978
 19.200000 -2.336659 2.464336 14.382912
 19.220000 -2.317958 2.525967 14.547654
 19.240000 -2.285522 2.559431 14.740587
 19.260000 -2.143502 2.440695 14.920669
 19.280000 -2.212858 2.616946 15.258651
 19.300000 -2.120205 2.555761 15.302911
 19.320000 -2.137042 2.573829 15.316075
 19.340000 -2.167912 2.563594 15.150503
 19.360000 -2.150808 2.593897 15.362061
 19.380000 -2.094331 2.572562 15.478860
 19.400000 -2.106071 2.643335 15.838943
 19.420000 -2.243998 2.592162 15.014164
 19.440000 -2.368412 2.517096 14.444330
 19.460000 -2.447433 2.526565 14.461539
 19.480000 -2.684694 2.581958 15.682087
 19.500000 -2.733521 2.532584 15.997093
 19.520000 -2.780707 2.584242 16.512666
 19.540000 -2.833229 2.672174 17.238212
 19.560000 -2.739659 2.649315 16.358484
 19.580000 -2.796917 2.648539 16.844841
 19.600000 -2.686940 2.701159 16.200985
 19.620000 -2.544410 2.880712 16.887908
 19.640000 -2.408598 2.930803 17.385769
 19.660000 -2.447507 2.915153 17.190267
 19.680000 -2.380674 2.839275 16.670063
 19.700000 -2.552673 2.970326 17.407602
 19.720000 -2.572011 3.128138 17.069791
 19.740000 -2.540761 2.936167 17.249079
 19.760000 -2.600539 2.923537 17.244877
 19.780000 -2.555984 3.014536 17.506791
 19.800000 -2.683039 3.017912 17.670295
 19.820000 -2.724481 2.945818 17.768348
 19.840000 -2.884391 2.714374 17.784464
 19.860000 -2.732666 2.708560 16.581209
 19.880000 -2.744150 2.747384 16.883439
 19.900000 -2.706112 2.738677 16.553576
 19.920000 -2.662667 2.550235 15.438187
 19.940000 -2.622982 2.537289 15.135369
 19.960000 -2.456171 2.570379 14.605810
 19.980000 -2.386531 2.509526 14.411373
 20.000000 -2.324371 2.416511 14.361048
