#! FIELDS time phi psi sigma_phi sigma_psi height biasf
                        #! SET multivariate false
                        #! SET kerneltype stretched-gaussian
                        #! SET min_phi -pi
                        #! SET max_phi pi
                        #! SET min_psi -pi
                        #! SET max_psi pi
0 -3.141592653589793 -3.141592653589793 1.257 1.257 5.102277084768996 1
0 -3.141592653589793 -2.5132741228718345 1.257 1.257 6.849058459160127 1
0 -3.141592653589793 -1.8849555921538759 1.257 1.257 0.0 1
0 -3.141592653589793 -1.2566370614359172 1.257 1.257 0.0 1
0 -3.141592653589793 -0.6283185307179586 1.257 1.257 2.401054901215815 1
0 -3.141592653589793 0.0 1.257 1.257 2.527366528538723 1
0 -3.141592653589793 0.6283185307179586 1.257 1.257 4.908238217826975 1
0 -3.141592653589793 1.2566370614359172 1.257 1.257 4.058149656684086 1
0 -3.141592653589793 1.8849555921538759 1.257 1.257 8.205858106642886 1
0 -3.141592653589793 2.5132741228718345 1.257 1.257 3.6962169002713248 1
0 -2.5132741228718345 -3.141592653589793 1.257 1.257 9.792143601438399 1
0 -2.5132741228718345 -2.5132741228718345 1.257 1.257 7.034301260322918 1
0 -2.5132741228718345 -1.8849555921538759 1.257 1.257 0.16924460646762596 1
0 -2.5132741228718345 -1.2566370614359172 1.257 1.257 2.4389390415787116 1
0 -2.5132741228718345 -0.6283185307179586 1.257 1.257 2.117218141108582 1
0 -2.5132741228718345 0.0 1.257 1.257 0.0 1
0 -2.5132741228718345 0.6283185307179586 1.257 1.257 2.2387617399225035 1
0 -2.5132741228718345 1.2566370614359172 1.257 1.257 1.4611583915132837 1
0 -2.5132741228718345 1.8849555921538759 1.257 1.257 5.906317946562851 1
0 -2.5132741228718345 2.5132741228718345 1.257 1.257 4.570189722525469 1
0 -1.8849555921538759 -3.141592653589793 1.257 1.257 1.0475745815577935 1
0 -1.8849555921538759 -2.5132741228718345 1.257 1.257 3.2865438120794495 1
0 -1.8849555921538759 -1.8849555921538759 1.257 1.257 3.094494155572764 1
0 -1.8849555921538759 -1.2566370614359172 1.257 1.257 1.5864751536406732 1
0 -1.8849555921538759 -0.6283185307179586 1.257 1.257 0.0 1
0 -1.8849555921538759 0.0 1.257 1.257 0.6354197622773213 1
0 -1.8849555921538759 0.6283185307179586 1.257 1.257 2.839736667035879 1
0 -1.8849555921538759 1.2566370614359172 1.257 1.257 5.417215589869825 1
0 -1.8849555921538759 1.8849555921538759 1.257 1.257 5.188983408386598 1
0 -1.8849555921538759 2.5132741228718345 1.257 1.257 0.4066552009197162 1
0 -1.2566370614359172 -3.141592653589793 1.257 1.257 0.0 1
0 -1.2566370614359172 -2.5132741228718345 1.257 1.257 3.4838871541798557 1
0 -1.2566370614359172 -1.8849555921538759 1.257 1.257 2.2452813399132956 1
0 -1.2566370614359172 -1.2566370614359172 1.257 1.257 2.7346878948776885 1
0 -1.2566370614359172 -0.6283185307179586 1.257 1.257 0.6035698725612235 1
0 -1.2566370614359172 0.0 1.257 1.257 6.740634569214473 1
0 -1.2566370614359172 0.6283185307179586 1.257 1.257 6.826963381355029 1
0 -1.2566370614359172 1.2566370614359172 1.257 1.257 8.751218242201313 1
0 -1.2566370614359172 1.8849555921538759 1.257 1.257 1.0533773950861283 1
0 -1.2566370614359172 2.5132741228718345 1.257 1.257 5.398931506029695 1
0 -0.6283185307179586 -3.141592653589793 1.257 1.257 0.774696618059576 1
0 -0.6283185307179586 -2.5132741228718345 1.257 1.257 6.669119376090585 1
0 -0.6283185307179586 -1.8849555921538759 1.257 1.257 2.624120677122686 1
0 -0.6283185307179586 -1.2566370614359172 1.257 1.257 4.427374036386734 1
0 -0.6283185307179586 -0.6283185307179586 1.257 1.257 8.970609008772856 1
0 -0.6283185307179586 0.0 1.257 1.257 7.533931257403498 1
0 -0.6283185307179586 0.6283185307179586 1.257 1.257 5.025448993129136 1
0 -0.6283185307179586 1.2566370614359172 1.257 1.257 3.3292624096974297 1
0 -0.6283185307179586 1.8849555921538759 1.257 1.257 1.9665613733049003 1
0 -0.6283185307179586 2.5132741228718345 1.257 1.257 4.832353810621054 1
0 0.0 -3.141592653589793 1.257 1.257 4.704119139397379 1
0 0.0 -2.5132741228718345 1.257 1.257 3.5890443111318238 1
0 0.0 -1.8849555921538759 1.257 1.257 4.447716532340939 1
0 0.0 -1.2566370614359172 1.257 1.257 4.786321434338607 1
0 0.0 -0.6283185307179586 1.257 1.257 2.2944570066937224 1
0 0.0 0.0 1.257 1.257 2.9775694831556483 1
0 0.0 0.6283185307179586 1.257 1.257 4.820575003232213 1
0 0.0 1.2566370614359172 1.257 1.257 4.868145111221487 1
0 0.0 1.8849555921538759 1.257 1.257 0.05460143073667245 1
0 0.0 2.5132741228718345 1.257 1.257 1.4727979509921296 1
0 0.6283185307179586 -3.141592653589793 1.257 1.257 6.487135036812882 1
0 0.6283185307179586 -2.5132741228718345 1.257 1.257 7.2869516316144916 1
0 0.6283185307179586 -1.8849555921538759 1.257 1.257 1.4044297931543241 1
0 0.6283185307179586 -1.2566370614359172 1.257 1.257 4.750690294145896 1
0 0.6283185307179586 -0.6283185307179586 1.257 1.257 7.063292444610733 1
0 0.6283185307179586 0.0 1.257 1.257 4.302926214312977 1
0 0.6283185307179586 0.6283185307179586 1.257 1.257 1.8430050637240494 1
0 0.6283185307179586 1.2566370614359172 1.257 1.257 7.722351032758739 1
0 0.6283185307179586 1.8849555921538759 1.257 1.257 7.0094688522301345 1
0 0.6283185307179586 2.5132741228718345 1.257 1.257 0.7628489448363138 1
0 1.2566370614359172 -3.141592653589793 1.257 1.257 2.2219225917985415 1
0 1.2566370614359172 -2.5132741228718345 1.257 1.257 1.1023574251298829 1
0 1.2566370614359172 -1.8849555921538759 1.257 1.257 6.685931564982761 1
0 1.2566370614359172 -1.2566370614359172 1.257 1.257 2.9565039818152723 1
0 1.2566370614359172 -0.6283185307179586 1.257 1.257 5.577912760550966 1
0 1.2566370614359172 0.0 1.257 1.257 5.037945047012272 1
0 1.2566370614359172 0.6283185307179586 1.257 1.257 9.321143008531836 1
0 1.2566370614359172 1.2566370614359172 1.257 1.257 0.7259729339159094 1
0 1.2566370614359172 1.8849555921538759 1.257 1.257 4.4683092803555144 1
0 1.2566370614359172 2.5132741228718345 1.257 1.257 2.055556378924985 1
0 1.8849555921538759 -3.141592653589793 1.257 1.257 2.797055054183152 1
0 1.8849555921538759 -2.5132741228718345 1.257 1.257 0.4843961886072726 1
0 1.8849555921538759 -1.8849555921538759 1.257 1.257 1.1092524731160638 1
0 1.8849555921538759 -1.2566370614359172 1.257 1.257 1.8616379127020841 1
0 1.8849555921538759 -0.6283185307179586 1.257 1.257 2.548655328776114 1
0 1.8849555921538759 0.0 1.257 1.257 2.3754107999623715 1
0 1.8849555921538759 0.6283185307179586 1.257 1.257 1.4967520217542383 1
0 1.8849555921538759 1.2566370614359172 1.257 1.257 5.229105620586888 1
0 1.8849555921538759 1.8849555921538759 1.257 1.257 3.5155598159124812 1
0 1.8849555921538759 2.5132741228718345 1.257 1.257 5.85993964822325 1
0 2.5132741228718345 -3.141592653589793 1.257 1.257 2.692179593825772 1
0 2.5132741228718345 -2.5132741228718345 1.257 1.257 2.1548890136934142 1
0 2.5132741228718345 -1.8849555921538759 1.257 1.257 4.882042140772937 1
0 2.5132741228718345 -1.2566370614359172 1.257 1.257 0.0 1
0 2.5132741228718345 -0.6283185307179586 1.257 1.257 0.9148984448764227 1
0 2.5132741228718345 0.0 1.257 1.257 2.7542501044291328 1
0 2.5132741228718345 0.6283185307179586 1.257 1.257 0.0 1
0 2.5132741228718345 1.2566370614359172 1.257 1.257 1.0154881788277628 1
0 2.5132741228718345 1.8849555921538759 1.257 1.257 2.9802678202940616 1
0 2.5132741228718345 2.5132741228718345 1.257 1.257 0.06846198699917894 1
