#! FIELDS time phi psi sigma_phi sigma_psi height biasf
                        #! SET multivariate false
                        #! SET kerneltype stretched-gaussian
                        #! SET min_phi -pi
                        #! SET max_phi pi
                        #! SET min_psi -pi
                        #! SET max_psi pi
0 -3.141592653589793 -3.141592653589793 1.257 1.257 6.060801472181161 1
0 -3.141592653589793 -2.5132741228718345 1.257 1.257 5.839117653668323 1
0 -3.141592653589793 -1.8849555921538759 1.257 1.257 0.4202051303396564 1
0 -3.141592653589793 -1.2566370614359172 1.257 1.257 2.131949500636583 1
0 -3.141592653589793 -0.6283185307179586 1.257 1.257 0.8475199569796388 1
0 -3.141592653589793 0.0 1.257 1.257 2.1327077618612544 1
0 -3.141592653589793 0.6283185307179586 1.257 1.257 2.24363188993959 1
0 -3.141592653589793 1.2566370614359172 1.257 1.257 2.591845974635094 1
0 -3.141592653589793 1.8849555921538759 1.257 1.257 8.153076723057449 1
0 -3.141592653589793 2.5132741228718345 1.257 1.257 5.716503573051673 1
0 -2.5132741228718345 -3.141592653589793 1.257 1.257 7.736676164475624 1
0 -2.5132741228718345 -2.5132741228718345 1.257 1.257 6.339366066409978 1
0 -2.5132741228718345 -1.8849555921538759 1.257 1.257 0.0 1
0 -2.5132741228718345 -1.2566370614359172 1.257 1.257 1.0966688278671042 1
0 -2.5132741228718345 -0.6283185307179586 1.257 1.257 4.047205402289831 1
0 -2.5132741228718345 0.0 1.257 1.257 0.46466518169755067 1
0 -2.5132741228718345 0.6283185307179586 1.257 1.257 1.866590994493321 1
0 -2.5132741228718345 1.2566370614359172 1.257 1.257 1.5522584701545639 1
0 -2.5132741228718345 1.8849555921538759 1.257 1.257 5.292476175608903 1
0 -2.5132741228718345 2.5132741228718345 1.257 1.257 4.826942814980225 1
0 -1.8849555921538759 -3.141592653589793 1.257 1.257 4.4921223599785325 1
0 -1.8849555921538759 -2.5132741228718345 1.257 1.257 2.282236595097344 1
0 -1.8849555921538759 -1.8849555921538759 1.257 1.257 2.1316489943377572 1
0 -1.8849555921538759 -1.2566370614359172 1.257 1.257 2.721556005139036 1
0 -1.8849555921538759 -0.6283185307179586 1.257 1.257 3.950089682915565 1
0 -1.8849555921538759 0.0 1.257 1.257 1.579179095569365 1
0 -1.8849555921538759 0.6283185307179586 1.257 1.257 0.0 1
0 -1.8849555921538759 1.2566370614359172 1.257 1.257 4.8226913531283095 1
0 -1.8849555921538759 1.8849555921538759 1.257 1.257 6.925095322854269 1
0 -1.8849555921538759 2.5132741228718345 1.257 1.257 4.715985963656964 1
0 -1.2566370614359172 -3.141592653589793 1.257 1.257 4.567361060025162 1
0 -1.2566370614359172 -2.5132741228718345 1.257 1.257 2.633332923467273 1
0 -1.2566370614359172 -1.8849555921538759 1.257 1.257 0.8789696167370232 1
0 -1.2566370614359172 -1.2566370614359172 1.257 1.257 4.349823799557644 1
0 -1.2566370614359172 -0.6283185307179586 1.257 1.257 3.5918033670174916 1
0 -1.2566370614359172 0.0 1.257 1.257 5.471127450174667 1
0 -1.2566370614359172 0.6283185307179586 1.257 1.257 7.403177783617128 1
0 -1.2566370614359172 1.2566370614359172 1.257 1.257 9.462630913357492 1
0 -1.2566370614359172 1.8849555921538759 1.257 1.257 1.0590991973290529 1
0 -1.2566370614359172 2.5132741228718345 1.257 1.257 6.661188368484757 1
0 -0.6283185307179586 -3.141592653589793 1.257 1.257 1.4824617379408462 1
0 -0.6283185307179586 -2.5132741228718345 1.257 1.257 5.277749513970415 1
0 -0.6283185307179586 -1.8849555921538759 1.257 1.257 2.3093776164408384 1
0 -0.6283185307179586 -1.2566370614359172 1.257 1.257 5.750171842719682 1
0 -0.6283185307179586 -0.6283185307179586 1.257 1.257 6.389901658320445 1
0 -0.6283185307179586 0.0 1.257 1.257 6.927224380410803 1
0 -0.6283185307179586 0.6283185307179586 1.257 1.257 6.777435235425464 1
0 -0.6283185307179586 1.2566370614359172 1.257 1.257 3.7452290920086924 1
0 -0.6283185307179586 1.8849555921538759 1.257 1.257 6.177977154583312 1
0 -0.6283185307179586 2.5132741228718345 1.257 1.257 6.283447414123131 1
0 0.0 -3.141592653589793 1.257 1.257 7.415276264525941 1
0 0.0 -2.5132741228718345 1.257 1.257 5.322863053558061 1
0 0.0 -1.8849555921538759 1.257 1.257 2.182020677882029 1
0 0.0 -1.2566370614359172 1.257 1.257 7.224784505094358 1
0 0.0 -0.6283185307179586 1.257 1.257 3.2827108275790255 1
0 0.0 0.0 1.257 1.257 3.3687690609216725 1
0 0.0 0.6283185307179586 1.257 1.257 8.199298926302895 1
0 0.0 1.2566370614359172 1.257 1.257 2.7002550108852414 1
0 0.0 1.8849555921538759 1.257 1.257 0.0 1
0 0.0 2.5132741228718345 1.257 1.257 4.078025738760848 1
0 0.6283185307179586 -3.141592653589793 1.257 1.257 8.6166505698007 1
0 0.6283185307179586 -2.5132741228718345 1.257 1.257 7.209072755629384 1
0 0.6283185307179586 -1.8849555921538759 1.257 1.257 1.420137455487407 1
0 0.6283185307179586 -1.2566370614359172 1.257 1.257 9.405276458750219 1
0 0.6283185307179586 -0.6283185307179586 1.257 1.257 6.870191131909616 1
0 0.6283185307179586 0.0 1.257 1.257 6.004718316134596 1
0 0.6283185307179586 0.6283185307179586 1.257 1.257 1.4546104617243552 1
0 0.6283185307179586 1.2566370614359172 1.257 1.257 7.1059278776672254 1
0 0.6283185307179586 1.8849555921538759 1.257 1.257 3.23110902129273 1
0 0.6283185307179586 2.5132741228718345 1.257 1.257 4.129865162460764 1
0 1.2566370614359172 -3.141592653589793 1.257 1.257 3.823161806205221 1
0 1.2566370614359172 -2.5132741228718345 1.257 1.257 0.7794455830338145 1
0 1.2566370614359172 -1.8849555921538759 1.257 1.257 1.4677460436875873 1
0 1.2566370614359172 -1.2566370614359172 1.257 1.257 3.3541762617618676 1
0 1.2566370614359172 -0.6283185307179586 1.257 1.257 2.21405213918126 1
0 1.2566370614359172 0.0 1.257 1.257 5.53285870908409 1
0 1.2566370614359172 0.6283185307179586 1.257 1.257 6.861335431686727 1
0 1.2566370614359172 1.2566370614359172 1.257 1.257 0.0 1
0 1.2566370614359172 1.8849555921538759 1.257 1.257 7.5938786103068505 1
0 1.2566370614359172 2.5132741228718345 1.257 1.257 2.6236658862853046 1
0 1.8849555921538759 -3.141592653589793 1.257 1.257 2.961299925034649 1
0 1.8849555921538759 -2.5132741228718345 1.257 1.257 1.9246353979443518 1
0 1.8849555921538759 -1.8849555921538759 1.257 1.257 0.49344057759390203 1
0 1.8849555921538759 -1.2566370614359172 1.257 1.257 4.652053590598958 1
0 1.8849555921538759 -0.6283185307179586 1.257 1.257 4.124522423675057 1
0 1.8849555921538759 0.0 1.257 1.257 2.981086821451739 1
0 1.8849555921538759 0.6283185307179586 1.257 1.257 3.8010306903691777 1
0 1.8849555921538759 1.2566370614359172 1.257 1.257 2.0068054400031095 1
0 1.8849555921538759 1.8849555921538759 1.257 1.257 0.0 1
0 1.8849555921538759 2.5132741228718345 1.257 1.257 4.829516552923335 1
0 2.5132741228718345 -3.141592653589793 1.257 1.257 6.305363225934558 1
0 2.5132741228718345 -2.5132741228718345 1.257 1.257 1.3854564184365314 1
0 2.5132741228718345 -1.8849555921538759 1.257 1.257 2.530521602217222 1
0 2.5132741228718345 -1.2566370614359172 1.257 1.257 0.25780644711878553 1
0 2.5132741228718345 -0.6283185307179586 1.257 1.257 2.954427340878773 1
0 2.5132741228718345 0.0 1.257 1.257 4.408878464007581 1
0 2.5132741228718345 0.6283185307179586 1.257 1.257 1.8682292842714285 1
0 2.5132741228718345 1.2566370614359172 1.257 1.257 2.516213464659949 1
0 2.5132741228718345 1.8849555921538759 1.257 1.257 2.183651840225998 1
0 2.5132741228718345 2.5132741228718345 1.257 1.257 0.812982798693512 1
