#! FIELDS time phi psi sigma_phi sigma_psi height biasf
                        #! SET multivariate false
                        #! SET kerneltype stretched-gaussian
                        #! SET min_phi -pi
                        #! SET max_phi pi
                        #! SET min_psi -pi
                        #! SET max_psi pi
0 -3.141592653589793 -3.141592653589793 1.257 1.257 7.884040112225538 1
0 -3.141592653589793 -2.5132741228718345 1.257 1.257 5.669819471925845 1
0 -3.141592653589793 -1.8849555921538759 1.257 1.257 0.0 1
0 -3.141592653589793 -1.2566370614359172 1.257 1.257 1.2593742742388097 1
0 -3.141592653589793 -0.6283185307179586 1.257 1.257 1.6180873617958413 1
0 -3.141592653589793 0.0 1.257 1.257 2.620458173719568 1
0 -3.141592653589793 0.6283185307179586 1.257 1.257 0.0 1
0 -3.141592653589793 1.2566370614359172 1.257 1.257 3.5079152227108676 1
0 -3.141592653589793 1.8849555921538759 1.257 1.257 7.747847508965458 1
0 -3.141592653589793 2.5132741228718345 1.257 1.257 3.6881892723238137 1
0 -2.5132741228718345 -3.141592653589793 1.257 1.257 7.261788398951219 1
0 -2.5132741228718345 -2.5132741228718345 1.257 1.257 3.5940511618221573 1
0 -2.5132741228718345 -1.8849555921538759 1.257 1.257 3.4958236090107686 1
0 -2.5132741228718345 -1.2566370614359172 1.257 1.257 0.476272683915997 1
0 -2.5132741228718345 -0.6283185307179586 1.257 1.257 4.275294005614423 1
0 -2.5132741228718345 0.0 1.257 1.257 3.01257036597882 1
0 -2.5132741228718345 0.6283185307179586 1.257 1.257 0.19440565388150954 1
0 -2.5132741228718345 1.2566370614359172 1.257 1.257 4.149301367551367 1
0 -2.5132741228718345 1.8849555921538759 1.257 1.257 3.0772137737703296 1
0 -2.5132741228718345 2.5132741228718345 1.257 1.257 5.337725322443589 1
0 -1.8849555921538759 -3.141592653589793 1.257 1.257 0.8318300236354033 1
0 -1.8849555921538759 -2.5132741228718345 1.257 1.257 3.2613642940844603 1
0 -1.8849555921538759 -1.8849555921538759 1.257 1.257 0.8125257256526162 1
0 -1.8849555921538759 -1.2566370614359172 1.257 1.257 3.603506839017845 1
0 -1.8849555921538759 -0.6283185307179586 1.257 1.257 4.345290402219924 1
0 -1.8849555921538759 0.0 1.257 1.257 0.0 1
0 -1.8849555921538759 0.6283185307179586 1.257 1.257 6.122694525043153 1
0 -1.8849555921538759 1.2566370614359172 1.257 1.257 3.4004680846067084 1
0 -1.8849555921538759 1.8849555921538759 1.257 1.257 6.8015530817550935 1
0 -1.8849555921538759 2.5132741228718345 1.257 1.257 0.9728402419208622 1
0 -1.2566370614359172 -3.141592653589793 1.257 1.257 4.444099114999632 1
0 -1.2566370614359172 -2.5132741228718345 1.257 1.257 0.0 1
0 -1.2566370614359172 -1.8849555921538759 1.257 1.257 1.0126473338897826 1
0 -1.2566370614359172 -1.2566370614359172 1.257 1.257 3.9190584570227216 1
0 -1.2566370614359172 -0.6283185307179586 1.257 1.257 3.6841838384066636 1
0 -1.2566370614359172 0.0 1.257 1.257 8.060967326576591 1
0 -1.2566370614359172 0.6283185307179586 1.257 1.257 7.274426247377308 1
0 -1.2566370614359172 1.2566370614359172 1.257 1.257 6.4049968966889725 1
0 -1.2566370614359172 1.8849555921538759 1.257 1.257 3.4925188069901743 1
0 -1.2566370614359172 2.5132741228718345 1.257 1.257 5.710940624351894 1
0 -0.6283185307179586 -3.141592653589793 1.257 1.257 0.5412973528047296 1
0 -0.6283185307179586 -2.5132741228718345 1.257 1.257 6.130469628736432 1
0 -0.6283185307179586 -1.8849555921538759 1.257 1.257 2.008390918589103 1
0 -0.6283185307179586 -1.2566370614359172 1.257 1.257 8.141438844477044 1
0 -0.6283185307179586 -0.6283185307179586 1.257 1.257 1.4652893408474053 1
0 -0.6283185307179586 0.0 1.257 1.257 8.286622838090318 1
0 -0.6283185307179586 0.6283185307179586 1.257 1.257 7.524505443433431 1
0 -0.6283185307179586 1.2566370614359172 1.257 1.257 2.3365634850137154 1
0 -0.6283185307179586 1.8849555921538759 1.257 1.257 4.880260758539883 1
0 -0.6283185307179586 2.5132741228718345 1.257 1.257 5.565764282887139 1
0 0.0 -3.141592653589793 1.257 1.257 8.038042648581346 1
0 0.0 -2.5132741228718345 1.257 1.257 3.717847775448625 1
0 0.0 -1.8849555921538759 1.257 1.257 2.802002480632722 1
0 0.0 -1.2566370614359172 1.257 1.257 6.452632691926082 1
0 0.0 -0.6283185307179586 1.257 1.257 4.0555122412875235 1
0 0.0 0.0 1.257 1.257 3.4322437201976985 1
0 0.0 0.6283185307179586 1.257 1.257 2.5044488788536645 1
0 0.0 1.2566370614359172 1.257 1.257 5.067884341003429 1
0 0.0 1.8849555921538759 1.257 1.257 5.6721564128819875 1
0 0.0 2.5132741228718345 1.257 1.257 2.57798120233903 1
0 0.6283185307179586 -3.141592653589793 1.257 1.257 5.489668456566052 1
0 0.6283185307179586 -2.5132741228718345 1.257 1.257 3.732749297661077 1
0 0.6283185307179586 -1.8849555921538759 1.257 1.257 0.69993038989381 1
0 0.6283185307179586 -1.2566370614359172 1.257 1.257 5.835739140937431 1
0 0.6283185307179586 -0.6283185307179586 1.257 1.257 4.55334939672178 1
0 0.6283185307179586 0.0 1.257 1.257 4.916186358374285 1
0 0.6283185307179586 0.6283185307179586 1.257 1.257 2.1978077403441367 1
0 0.6283185307179586 1.2566370614359172 1.257 1.257 8.72018020048666 1
0 0.6283185307179586 1.8849555921538759 1.257 1.257 6.727798514685766 1
0 0.6283185307179586 2.5132741228718345 1.257 1.257 4.6875406284924175 1
0 1.2566370614359172 -3.141592653589793 1.257 1.257 0.0 1
0 1.2566370614359172 -2.5132741228718345 1.257 1.257 0.0 1
0 1.2566370614359172 -1.8849555921538759 1.257 1.257 3.1299718944381842 1
0 1.2566370614359172 -1.2566370614359172 1.257 1.257 0.0 1
0 1.2566370614359172 -0.6283185307179586 1.257 1.257 3.0114290682523013 1
0 1.2566370614359172 0.0 1.257 1.257 5.809662442637966 1
0 1.2566370614359172 0.6283185307179586 1.257 1.257 6.134704001327449 1
0 1.2566370614359172 1.2566370614359172 1.257 1.257 4.073432052920105 1
0 1.2566370614359172 1.8849555921538759 1.257 1.257 6.084808115015674 1
0 1.2566370614359172 2.5132741228718345 1.257 1.257 1.4858831687427336 1
0 1.8849555921538759 -3.141592653589793 1.257 1.257 4.086594444857301 1
0 1.8849555921538759 -2.5132741228718345 1.257 1.257 2.6845256335721133 1
0 1.8849555921538759 -1.8849555921538759 1.257 1.257 2.1432108728581047 1
0 1.8849555921538759 -1.2566370614359172 1.257 1.257 3.3807700400483913 1
0 1.8849555921538759 -0.6283185307179586 1.257 1.257 0.6685081167878884 1
0 1.8849555921538759 0.0 1.257 1.257 4.702062239243432 1
0 1.8849555921538759 0.6283185307179586 1.257 1.257 5.522150837476978 1
0 1.8849555921538759 1.2566370614359172 1.257 1.257 3.9357048072356235 1
0 1.8849555921538759 1.8849555921538759 1.257 1.257 1.7480478338401604 1
0 1.8849555921538759 2.5132741228718345 1.257 1.257 5.623570013332616 1
0 2.5132741228718345 -3.141592653589793 1.257 1.257 3.127921247299267 1
0 2.5132741228718345 -2.5132741228718345 1.257 1.257 0.0 1
0 2.5132741228718345 -1.8849555921538759 1.257 1.257 1.66575283153408 1
0 2.5132741228718345 -1.2566370614359172 1.257 1.257 0.1509755095370331 1
0 2.5132741228718345 -0.6283185307179586 1.257 1.257 1.5491714539655475 1
0 2.5132741228718345 0.0 1.257 1.257 4.206310613925991 1
0 2.5132741228718345 0.6283185307179586 1.257 1.257 4.134153437050808 1
0 2.5132741228718345 1.2566370614359172 1.257 1.257 1.3112258670510426 1
0 2.5132741228718345 1.8849555921538759 1.257 1.257 0.5458211704482128 1
0 2.5132741228718345 2.5132741228718345 1.257 1.257 4.286643293658004 1
