#! FIELDS time phi psi metad.bias
#! SET min_phi -pi
#! SET max_phi pi
#! SET min_psi -pi
#! SET max_psi pi
 0.000000 3.141580 -3.141577 68.274194
 0.020000 -3.011013 3.075473 72.598262
 0.040000 -3.029740 3.067803 72.078722
 0.060000 -3.032567 3.054834 72.126749
 0.080000 -3.041472 3.007768 72.343947
 0.100000 -2.979548 3.018509 74.282917
 0.120000 -2.957603 3.021669 75.037532
 0.140000 -2.946485 3.009984 75.580159
 0.160000 -2.947964 2.966959 76.010936
 0.180000 -2.988132 2.959794 74.629128
 0.200000 -2.986558 2.920255 75.132579
 0.220000 -2.989837 2.849067 75.847426
 0.240000 -2.959747 2.921698 76.092434
 0.260000 -2.989752 2.865358 75.656264
 0.280000 -3.020026 2.905601 74.144399
 0.300000 -3.057806 2.924357 72.724665
 0.320000 -3.092674 2.980841 71.115927
 0.340000 -3.120918 3.038535 69.787526
 0.360000 -3.107650 -3.080982 68.474774
 0.380000 -3.093035 -2.948139 67.396527
 0.400000 -3.026138 -2.859813 68.280921
 0.420000 -2.968681 -2.834075 69.883385
 0.440000 -2.927357 -2.740286 70.240971
 0.460000 -2.910147 -2.602448 69.077909
 0.480000 -2.948400 -2.752644 69.616888
 0.500000 -2.941654 -2.764187 70.008883
 0.520000 -3.031646 -2.749662 66.768552
 0.540000 -3.089014 -2.773527 65.407953
 0.560000 3.080666 -2.920247 64.626686
 0.580000 -3.110454 -2.941094 66.870768
 0.600000 -3.080686 -2.866165 66.767357
 0.620000 -3.053216 -3.062069 69.750525
 0.640000 -2.979437 -3.073938 72.220411
 0.660000 -3.041492 -3.087255 70.364018
 0.680000 -3.078546 -3.136666 69.814983
 0.700000 -3.097357 2.983962 70.954791
 0.720000 -3.106179 2.939657 71.159042
 0.740000 -2.987446 2.893571 75.408175
 0.760000 -2.888810 2.898569 79.183948
 0.780000 -2.917733 2.738457 80.107659
 0.800000 -2.842944 2.759345 83.045173
 0.820000 -2.994691 2.761740 76.768543
 0.840000 -2.948415 2.786544 78.207969
 0.860000 -2.981121 2.704083 78.047507
 0.880000 -3.030871 2.616884 77.348448
 0.900000 -3.049847 2.744775 75.022253
 0.920000 -2.984144 2.864067 75.874692
 0.940000 -3.042431 2.698715 75.855412
 0.960000 -2.897208 2.733474 81.041828
 0.980000 -2.934696 2.795272 78.635013
 1.000000 -2.965422 2.993792 75.061396
 1.020000 -2.932122 3.015054 76.069733
 1.040000 -3.115782 3.022406 70.078838
 1.060000 -3.049246 3.099279 71.148974
 1.080000 -2.997695 -3.000186 70.798406
 1.100000 -3.118901 -3.034323 67.703058
 1.120000 -2.932279 -2.894151 71.916582
 1.140000 -3.002570 -2.872743 69.185843
 1.160000 -2.993934 -2.838579 69.069979
 1.180000 -2.992590 -2.843876 69.177302
 1.200000 -3.104847 -2.733203 64.470409
 1.220000 -3.087361 -2.716047 64.712395
 1.240000 -2.970927 -2.769292 69.019616
 1.260000 -3.027421 -2.769475 67.148416
 1.280000 -2.979224 -2.699844 67.849142
 1.300000 -2.898576 -2.635885 69.982171
 1.320000 -2.985521 -2.867960 69.699311
 1.340000 -2.924777 -2.797449 71.051217
 1.360000 -3.055872 -2.900715 67.869824
 1.380000 -3.018817 -2.945771 69.506956
 1.400000 3.086894 3.082682 67.667649
 1.420000 3.088678 3.050374 67.997186
 1.440000 3.083235 2.988819 68.436236
 1.460000 3.086260 2.820485 69.950172
 1.480000 -3.070013 2.783051 73.901305
 1.500000 -2.997785 2.707210 77.371494
 1.520000 -2.980759 2.750568 77.436541
 1.540000 -2.898986 2.799833 80.035161
 1.560000 -2.960135 2.827970 77.213482
 1.580000 -2.901724 2.818580 79.665641
 1.600000 -2.878849 2.799688 80.891551
 1.620000 -2.952870 2.730092 78.797008
 1.640000 -2.913405 2.800778 79.423887
 1.660000 -2.951614 2.839436 77.395156
 1.680000 -3.034368 2.762817 75.333113
 1.700000 -3.001707 2.953217 74.233031
 1.720000 3.139878 2.893118 70.625655
 1.740000 3.132873 3.070908 68.758404
 1.760000 -3.067239 -3.046045 69.178591
 1.780000 -3.130639 -2.974117 66.760469
 1.800000 -2.887050 -2.950144 74.336862
 1.820000 -2.970900 -2.881526 70.364096
 1.840000 -2.915333 -2.790273 71.325256
 1.860000 -2.967124 -2.915037 70.883639
 1.880000 -3.091293 -2.858244 66.389399
 1.900000 -3.056649 -2.925210 68.130709
 1.920000 -3.135123 -2.869876 65.436994
 1.940000 -3.128787 -2.968200 66.737055
 1.960000 -2.971956 -2.878538 70.292164
 1.980000 -2.979092 -2.882181 70.086677
 2.000000 -2.951112 -2.994787 72.355580
 2.020000 -2.891388 -2.989513 74.600146
 2.040000 -3.063705 -3.092372 69.770240
 2.060000 -3.011229 3.136811 71.935838
 2.080000 -3.088976 2.998813 71.036966
 2.100000 -3.116285 2.994566 70.342120
 2.120000 -3.066671 2.813348 73.660769
 2.140000 -2.978788 2.972790 74.813678
 2.160000 -3.131443 2.767143 72.200816
 2.180000 -2.925752 2.726262 79.948242
 2.200000 -3.109906 2.782385 72.672676
 2.220000 -2.971258 2.946013 75.386301
 2.240000 -2.994805 2.861304 75.522643
 2.260000 -3.072333 2.759408 74.100633
 2.280000 -3.031054 2.812410 74.841559
 2.300000 -2.919615 2.872880 78.238478
 2.320000 -3.106024 2.944606 71.113679
 2.340000 -2.927436 2.956323 76.925606
 2.360000 -3.006433 2.938927 74.231153
 2.380000 -3.040190 3.030434 72.145287
 2.400000 -2.931963 -3.091046 74.124122
 2.420000 -3.118025 -3.130682 68.727371
 2.440000 -3.123789 -3.129305 68.572739
 2.460000 -3.027291 -3.116253 71.103603
 2.480000 -2.992416 -3.007968 71.059730
 2.500000 -2.960953 -3.075796 72.888832
 2.520000 -2.762974 3.057976 83.026566
 2.540000 -2.962830 3.127456 73.690914
 2.560000 -2.902579 3.112124 76.148898
 2.580000 -3.040532 3.017639 72.268680
 2.600000 3.084184 2.969450 68.624539
 2.620000 -3.089866 2.974550 71.258345
 2.640000 -3.005877 3.055631 72.979869
 2.660000 -3.011226 3.005918 73.335477
 2.680000 -2.845889 2.868302 81.417467
 2.700000 -2.960300 2.822098 77.281664
 2.720000 -2.979742 3.035546 74.089894
 2.740000 -2.999041 2.796373 76.164384
 2.760000 -3.124863 2.739304 72.689024
 2.780000 -3.083876 2.779843 73.497772
 2.800000 -3.037451 2.961041 72.969216
 2.820000 -3.026493 2.992478 72.980904
 2.840000 -2.934180 2.872737 77.661353
 2.860000 -2.920312 -3.126324 74.957930
 2.880000 -2.870240 -2.963895 75.188606
 2.900000 -2.827903 -3.003186 77.470392
 2.920000 -3.045205 3.013555 72.167333
 2.940000 -3.012254 -3.117128 71.589205
 2.960000 -3.120879 -3.130490 68.655459
 2.980000 3.069766 2.954813 68.448604
 3.000000 3.139889 2.723987 72.305621
 3.020000 -3.133261 2.803652 71.772056
 3.040000 -3.045346 2.968293 72.643317
 3.060000 -2.967958 2.992696 74.981560
 3.080000 -2.978104 2.886480 75.829323
 3.100000 -2.848326 2.993525 79.781645
 3.120000 -2.884465 3.037006 77.731882
 3.140000 -2.941611 2.848330 77.671944
 3.160000 -2.874930 2.849241 80.394232
 3.180000 -2.888562 2.686616 82.099308
 3.200000 -3.032711 2.708365 76.077164
 3.220000 -2.972140 2.615811 79.648549
 3.240000 3.045645 2.538195 71.309986
 3.260000 3.084368 2.727424 70.729114
 3.280000 3.092474 2.774777 70.510410
 3.300000 -3.098693 2.867484 72.102770
 3.320000 -2.908619 2.788688 79.786618
 3.340000 -2.821255 3.100418 79.779040
 3.360000 -2.804400 3.107380 80.479113
 3.380000 -2.796968 -3.061074 79.547778
 3.400000 -2.985735 2.997374 74.297255
 3.420000 -3.110041 3.088342 69.569183
 3.440000 -3.090221 -2.936665 67.338091
 3.460000 2.924101 -3.126411 64.637577
 3.480000 3.087226 -3.107639 66.788568
 3.500000 3.049394 -2.995072 64.942115
 3.520000 -2.990927 -2.706996 67.542921
 3.540000 -2.952304 -2.961392 71.936193
 3.560000 -2.783438 -2.921268 78.592871
 3.580000 -2.829205 -2.859200 75.729928
 3.600000 -2.869753 -2.803555 73.312007
 3.620000 -3.078368 -3.112394 69.570194
 3.640000 3.074098 3.141156 66.872679
 3.660000 3.139119 -3.080711 67.600922
 3.680000 3.058380 3.047644 67.437024
 3.700000 -2.987853 2.951597 74.731063
 3.720000 -3.117561 2.706858 73.265102
 3.740000 -2.963726 3.045525 74.551371
 3.760000 -3.044451 2.908507 73.313868
 3.780000 -3.088266 2.845375 72.641963
 3.800000 -3.115911 2.792487 72.386770
 3.820000 -3.033578 3.044673 72.202068
 3.840000 -3.080222 3.058704 70.670907
 3.860000 -2.989736 2.976505 74.386640
 3.880000 -3.106092 2.942016 71.137794
 3.900000 -2.898125 3.128842 76.143687
 3.920000 -2.904517 3.138123 75.784880
 3.940000 -2.925193 2.928660 77.338359
 3.960000 -2.913442 2.986253 77.132981
 3.980000 -2.999676 3.056623 73.176406
 4.000000 -3.099997 3.024113 70.478827
 4.020000 -3.103147 2.995464 70.681319
 4.040000 3.025460 2.888446 68.086875
 4.060000 -3.075836 3.007486 71.320409
 4.080000 -3.055995 3.056260 71.396099
 4.100000 -2.978283 2.948100 75.109653
 4.120000 -2.828402 2.959204 81.080349
 4.140000 -2.789100 3.098357 81.303007
 4.160000 -2.835612 2.982960 80.472055
 4.180000 -2.883108 3.030528 77.862411
 4.200000 -3.120486 2.903365 71.129886
 4.220000 3.128793 2.947742 69.834723
 4.240000 3.076585 2.833391 69.609693
 4.260000 3.141530 2.768866 71.890370
 4.280000 -2.907429 2.838410 79.168730
 4.300000 -2.794447 2.988752 82.305016
 4.320000 -2.849775 2.980018 79.876654
 4.340000 -2.856209 2.936241 80.118663
 4.360000 -3.045433 3.090454 71.356204
 4.380000 -3.026100 -3.099186 70.960743
 4.400000 -3.076927 -3.113836 69.624549
 4.420000 -3.100631 3.064074 70.058698
 4.440000 -2.900239 -3.108887 75.558925
 4.460000 -2.912263 -3.019381 74.098608
 4.480000 -2.904674 3.128118 75.888635
 4.500000 -2.881667 3.067985 77.498530
 4.520000 -3.008867 3.081036 72.609115
 4.540000 -3.096650 -3.103294 68.988322
 4.560000 3.065471 3.032899 67.696321
 4.580000 2.975154 -3.126685 65.206359
 4.600000 3.097759 -3.042535 66.328485
 4.620000 -3.109573 -2.928119 66.741847
 4.640000 -2.971995 -3.002285 71.694563
 4.660000 -2.859853 -3.053195 76.623717
 4.680000 -2.835818 -2.917327 76.137084
 4.700000 -2.887179 -3.047048 75.407308
 4.720000 -2.888611 -3.133700 76.304987
 4.740000 3.133585 2.967988 69.761092
 4.760000 -3.075937 -3.098257 69.490347
 4.780000 3.081106 3.035780 67.976911
 4.800000 -3.046810 3.058685 71.646840
 4.820000 -2.994866 2.930473 74.724270
 4.840000 -2.908718 3.037666 76.734293
 4.860000 -2.770100 3.012742 83.198547
 4.880000 -2.866899 2.969286 79.260345
 4.900000 -2.851892 2.869089 81.141565
 4.920000 -3.028197 2.873476 74.230732
 4.940000 -3.069690 2.908997 72.525523
 4.960000 3.109387 2.732352 71.356324
 4.980000 -3.102931 2.932618 71.319338
 5.000000 3.099998 2.716852 71.246520
 5.020000 -2.982594 2.892299 75.597530
 5.040000 -3.127532 2.856510 71.401269
 5.060000 -2.997783 2.964740 74.239250
 5.080000 -3.049711 3.020682 71.954434
 5.100000 -3.082999 -3.114966 69.470772
 5.120000 -3.069606 3.035939 71.205809
 5.140000 -3.057918 3.091775 70.970471
 5.160000 -3.027894 -2.942676 69.188920
 5.180000 -2.991913 -3.091557 71.985212
 5.200000 -2.903629 -2.935855 73.505666
 5.220000 -2.994544 -2.975947 70.632217
 5.240000 -2.874663 -2.749369 72.434126
 5.260000 -3.026523 -2.756228 67.011005
 5.280000 -2.944747 -2.725133 69.400715
 5.300000 -3.052560 -2.656684 64.926519
 5.320000 -3.083461 -2.649532 63.938777
 5.340000 -3.094438 -2.721124 64.587536
 5.360000 3.071784 -2.816879 63.192893
 5.380000 3.073091 -2.751058 62.345709
 5.400000 -3.141372 -2.908479 65.750016
 5.420000 3.015703 -2.881359 63.089390
 5.440000 -3.027966 -2.959740 69.380791
 5.460000 -3.074141 -2.912555 67.490942
 5.480000 -3.007296 -2.795075 68.106287
 5.500000 -2.969086 -2.948528 71.192476
 5.520000 -2.975023 -2.952802 71.033340
 5.540000 -3.029771 -2.844146 67.984175
 5.560000 -2.887713 -2.972409 74.559860
 5.580000 -2.966577 3.054721 74.347794
 5.600000 -2.951100 -3.119348 73.720721
 5.620000 -2.843333 3.022492 79.665684
 5.640000 -3.047494 2.970550 72.552580
 5.660000 -2.935180 2.829384 78.165962
 5.680000 -3.115885 2.784718 72.470298
 5.700000 -3.012079 2.898703 74.490279
 5.720000 3.118743 2.782745 71.124349
 5.740000 -3.133092 2.869287 71.124989
 5.760000 -3.136985 2.771781 71.993558
 5.780000 -2.991839 3.138109 72.564449
 5.800000 -3.049027 2.822958 74.120098
 5.820000 -2.860904 2.973042 79.473988
 5.840000 -3.026734 2.851294 74.531547
 5.860000 -2.964559 3.046706 74.508322
 5.880000 -3.059202 3.045317 71.414119
 5.900000 -3.099612 3.034207 70.387437
 5.920000 -3.029751 3.086142 71.884477
 5.940000 -3.022211 3.104031 71.932539
 5.960000 -2.972546 -3.051319 72.214593
 5.980000 -2.993371 -3.132104 72.373099
 6.000000 -2.833367 -3.012087 77.323442
 6.020000 -2.945579 3.094459 74.680390
 6.040000 -2.839944 -3.029300 77.224469
 6.060000 -3.013911 3.133227 71.887310
 6.080000 -3.030856 3.134198 71.340318
 6.100000 -3.019427 3.110427 71.953036
 6.120000 3.032594 2.873851 68.334043
 6.140000 -3.117987 3.079517 69.454139
 6.160000 3.085085 3.092468 67.541554
 6.180000 -3.095621 -3.002372 67.939367
 6.200000 -3.054904 2.921019 72.850060
 6.220000 -2.940729 -3.102165 73.916357
 6.240000 -2.936609 -3.095539 73.998052
 6.260000 -2.807601 -3.096372 79.444919
 6.280000 -3.046163 3.010164 72.173801
 6.300000 -2.971545 2.995555 74.820473
 6.320000 -3.054364 -3.133195 70.464418
 6.340000 -3.108174 3.084912 69.651859
 6.360000 -2.904946 3.013689 77.159003
 6.380000 -2.931651 2.991712 76.353286
 6.400000 -2.852046 -3.097029 77.449967
 6.420000 -2.974400 3.058586 74.026853
 6.440000 -2.917769 -3.128717 75.083010
 6.460000 -3.073988 3.061179 70.821860
 6.480000 -2.892635 3.129243 76.362827
 6.500000 -3.078118 2.957585 71.768197
 6.520000 -3.064161 2.931663 72.452986
 6.540000 -3.130164 2.984395 70.085552
 6.560000 3.057720 3.003622 67.800423
 6.580000 3.056918 2.972836 68.041858
 6.600000 -3.134264 2.948225 70.331341
 6.620000 -3.090011 3.137482 69.597093
 6.640000 -2.945135 3.035622 75.345020
 6.660000 -2.885589 3.105548 76.915863
 6.680000 -3.020592 2.987845 73.222121
 6.700000 -2.905928 3.055834 76.640935
 6.720000 -3.087848 3.057728 70.468746
 6.740000 -2.997348 3.044205 73.388698
 6.760000 -3.093124 2.905289 71.873929
 6.780000 -2.978944 3.018418 74.305229
 6.800000 -3.127069 2.984320 70.164869
 6.820000 -2.935753 2.962269 76.532464
 6.840000 -2.994219 2.906571 75.018755
 6.860000 -2.947327 2.988687 75.787572
 6.880000 -3.033516 2.959830 73.107709
 6.900000 -3.053532 3.008911 71.962644
 6.920000 -3.117538 3.065654 69.603496
 6.940000 -3.080144 2.970224 71.579529
 6.960000 -3.010790 3.054941 72.824962
 6.980000 -3.019056 2.994358 73.201630
 7.000000 -2.880137 3.015536 78.158819
 7.020000 -3.018603 3.004778 73.104577
 7.040000 -2.892900 3.091607 76.769976
 7.060000 -3.059452 3.023231 71.635314
 7.080000 -2.968374 3.037119 74.476266
 7.100000 -3.127779 3.135347 68.661971
 7.120000 -3.104792 -3.106574 68.812383
 7.140000 -3.084401 3.132479 69.799090
 7.160000 -2.996990 -3.077494 71.665368
 7.180000 -2.911153 -3.045504 74.428112
 7.200000 -2.811562 -3.082494 79.106743
 7.220000 -2.734585 -3.087549 82.893822
 7.240000 -2.865054 -3.078465 76.682679
 7.260000 -2.913954 -3.114865 75.080046
 7.280000 3.116932 -3.092989 67.241551
 7.300000 3.002707 3.089198 66.163862
 7.320000 3.090863 3.054142 68.007355
 7.340000 -3.047935 -3.128955 70.609605
 7.360000 -2.998609 3.079580 72.965326
 7.380000 -2.810342 3.058034 80.757927
 7.400000 -2.938276 3.080346 75.108525
 7.420000 -2.951987 -3.100988 73.487794
 7.440000 -2.995425 3.041046 73.488049
 7.460000 3.140933 3.016444 69.476353
 7.480000 -3.025531 3.039670 72.509686
 7.500000 -3.058961 2.976174 72.142590
 7.520000 -3.029208 2.918482 73.697571
 7.540000 -3.042514 2.747228 75.243935
 7.560000 -3.107929 2.699181 73.652987
 7.580000 -3.076761 2.802440 73.465040
 7.600000 -3.015125 2.764032 75.996052
 7.620000 -3.075568 2.667133 75.097799
 7.640000 -2.960330 2.840361 77.049694
 7.660000 -3.004698 2.849691 75.308624
 7.680000 -2.896877 2.953837 78.183556
 7.700000 -2.836180 2.933515 81.038751
 7.720000 -2.875757 2.871353 80.075531
 7.740000 -2.848528 3.052619 79.092683
 7.760000 -2.972720 3.000939 74.718779
 7.780000 -3.087973 2.922252 71.847839
 7.800000 3.139587 3.018257 69.426466
 7.820000 3.125325 3.103902 68.271446
 7.840000 -3.110492 3.126425 69.176877
 7.860000 3.130446 -3.133610 67.942836
 7.880000 3.041291 -3.087897 65.781109
 7.900000 3.057243 -2.905436 64.034713
 7.920000 2.960206 -2.903982 62.666214
 7.940000 3.006520 -2.991425 64.253290
 7.960000 3.133441 -2.926299 65.773345
 7.980000 -3.113076 -2.891816 66.226166
 8.000000 -2.959579 -2.995929 72.062691
 8.020000 -2.999438 -3.003487 70.777565
 8.040000 -3.053635 -3.042160 69.524400
 8.060000 -2.916861 -2.950364 73.149463
 8.080000 -2.951369 -2.909246 71.382870
 8.100000 -2.961433 -3.039130 72.473836
 8.120000 -2.824785 -2.905727 76.492662
 8.140000 -2.890676 -2.929773 73.956899
 8.160000 -2.790561 -2.983180 78.971961
 8.180000 -2.867734 3.066343 78.105549
 8.200000 -2.960484 3.094130 74.137007
 8.220000 -3.108322 2.886152 71.636731
 8.240000 -3.034587 2.863837 74.126873
 8.260000 3.061598 2.691186 70.451530
 8.280000 -3.062520 2.743226 74.613554
 8.300000 -3.095829 2.620548 74.970813
 8.320000 3.115147 2.702517 71.808365
 8.340000 -3.025948 2.856696 74.496215
 8.360000 3.140848 2.867627 70.895264
 8.380000 3.113553 2.882051 70.067512
 8.400000 -3.123996 2.789104 72.187121
 8.420000 -3.106474 2.952816 71.019168
 8.440000 -3.029702 2.947289 73.366477
 8.460000 -2.958846 2.944924 75.854586
 8.480000 -2.943004 2.992455 75.908701
 8.500000 -2.853537 3.088497 78.470007
 8.520000 -2.922569 -3.114011 74.735588
 8.540000 -2.991176 -3.096275 72.060272
 8.560000 -2.924903 -3.044456 73.882595
 8.580000 -2.960872 -3.003601 72.102024
 8.600000 -2.870078 -2.835907 73.691089
 8.620000 -2.938426 -2.992378 72.796983
 8.640000 -2.945400 -2.898881 71.482350
 8.660000 -3.016078 -2.930636 69.421055
 8.680000 -3.040415 -3.010523 69.568578
 8.700000 3.089101 -3.125632 67.000432
 8.720000 3.089662 -3.013149 65.856693
 8.740000 3.011706 -3.104113 65.486175
 8.760000 2.927142 3.036072 65.580000
 8.780000 2.969528 3.138346 65.297533
 8.800000 2.939863 3.137265 64.964571
 8.820000 3.100424 -3.132450 67.292307
 8.840000 -2.990644 3.023979 73.836576
 8.860000 -2.912616 3.048073 76.461064
 8.880000 -2.768296 2.982069 83.648375
 8.900000 -2.839201 2.895352 81.373679
 8.920000 -3.021836 2.778786 75.572250
 8.940000 -2.977114 2.765289 77.380762
 8.960000 -3.033093 2.881558 73.978138
 8.980000 -3.116017 2.673406 73.686429
 9.000000 -2.949117 2.780732 78.258076
 9.020000 -2.962266 2.760766 78.011382
 9.040000 -2.804881 2.945195 82.335152
 9.060000 -2.768388 2.863780 85.117355
 9.080000 -2.753706 2.811697 86.544275
 9.100000 -2.932411 2.971866 76.551344
 9.120000 -3.079419 2.974110 71.560502
 9.140000 2.986175 2.848243 67.619213
 9.160000 2.992149 2.857746 67.668367
 9.180000 2.980254 2.709539 68.367613
 9.200000 -3.102644 2.896116 71.696087
 9.220000 -3.004592 2.997498 73.648198
 9.240000 -2.938833 2.899873 77.149008
 9.260000 -2.872334 3.104293 77.486035
 9.280000 -2.914995 -3.047090 74.294823
 9.300000 -2.999989 3.133376 72.341907
 9.320000 -2.933961 -3.000024 73.049769
 9.340000 -3.059635 -2.941645 68.235001
 9.360000 -2.892765 -2.992979 74.583088
 9.380000 -2.839763 -3.071255 77.703808
 9.400000 -2.970895 -3.098160 72.778883
 9.420000 -2.909040 -3.027433 74.313851
 9.440000 -3.057654 -3.041513 69.401478
 9.460000 3.090570 -3.043533 66.198921
 9.480000 -3.140622 -2.995373 66.767849
 9.500000 3.110504 -2.964359 65.725717
 9.520000 -3.129756 -2.938359 66.371438
 9.540000 -2.949452 -2.930001 71.688661
 9.560000 -3.024793 -3.024984 70.203507
 9.580000 -2.919165 -3.018622 73.821196
 9.600000 -3.039772 -3.114368 70.701579
 9.620000 3.132111 3.118031 68.288462
 9.640000 3.138872 3.103424 68.583513
 9.660000 -3.121393 3.004294 70.113895
 9.680000 -3.064951 2.850129 73.304169
 9.700000 -2.973814 3.050295 74.138053
 9.720000 -2.917617 3.036088 76.398302
 9.740000 -2.814028 2.932888 82.057835
 9.760000 -2.881458 2.905562 79.407857
 9.780000 -2.878180 2.927084 79.284644
 9.800000 -2.954791 3.089884 74.390333
 9.820000 -3.057853 2.952996 72.420068
 9.840000 -2.942755 2.938492 76.538170
 9.860000 -2.956681 2.798530 77.726426
 9.880000 -2.908780 2.933056 77.943780
 9.900000 -3.034190 2.867342 74.100267
 9.920000 -3.019294 2.791837 75.498810
 9.940000 -3.137077 2.854955 71.157455
 9.960000 -3.101627 2.871628 71.975369
 9.980000 -3.096217 2.892430 71.916885
 10.000000 -3.079760 2.942420 71.877311
 10.020000 -2.938857 2.980095 76.208030
 10.040000 -2.921831 3.048860 76.088581
 10.060000 -2.870823 3.101346 77.582912
 10.080000 -2.993943 2.972027 74.290414
 10.100000 -3.034389 3.100738 71.585614
 10.120000 3.024816 3.013497 67.126943
 10.140000 -3.127714 3.116038 68.853913
 10.160000 3.057593 2.952934 68.218104
 10.180000 -3.018717 3.033440 72.795332
 10.200000 -2.974712 3.120695 73.342290
 10.220000 -2.845914 -3.051050 77.205514
 10.240000 -2.861904 -3.115272 77.225964
 10.260000 -2.901675 -2.983814 74.122299
 10.280000 -3.023531 -2.936778 69.256503
 10.300000 -3.056173 -3.014183 69.146798
 10.320000 -3.110257 -2.939944 66.862378
 10.340000 -3.094935 -3.050725 68.480603
 10.360000 -3.042692 -3.097459 70.436026
 10.380000 3.120239 3.139439 67.818163
 10.400000 -3.009258 3.071536 72.697912
 10.420000 -3.065630 3.084621 70.820270
 10.440000 -3.008246 3.120693 72.205150
 10.460000 -3.021736 3.090329 72.093495
 10.480000 -2.999018 -3.118459 72.037101
 10.500000 -3.074543 -3.047473 68.991234
 10.520000 -2.983921 -3.104581 72.396389
 10.540000 -3.133427 2.962421 70.215791
 10.560000 -3.009422 3.055258 72.866596
 10.580000 -2.991320 3.036847 73.673737
 10.600000 -3.003266 2.854792 75.298996
 10.620000 -2.938705 2.733214 79.321898
 10.640000 -3.027239 2.547537 78.435959
 10.660000 -2.985643 2.783408 76.823392
 10.680000 -3.059193 2.713436 75.088065
 10.700000 -2.918563 2.787598 79.391789
 10.720000 -2.970191 2.895487 76.013538
 10.740000 -2.790636 3.029150 82.014454
 10.760000 -2.926064 3.050940 75.900368
 10.780000 -2.834483 3.060435 79.629324
 10.800000 -2.961145 3.095299 74.100390
 10.820000 -2.977915 -3.050708 72.021622
 10.840000 3.104412 -3.055379 66.595907
 10.860000 3.005617 3.127380 65.875875
 10.880000 2.993653 -3.014688 64.334812
 10.900000 3.116185 -2.802995 63.898184
 10.920000 -2.965139 -2.885648 70.615400
 10.940000 -2.839481 -2.846574 75.122244
 10.960000 -2.801357 -2.735680 75.424588
 10.980000 -2.878442 -2.780422 72.668259
 11.000000 -2.979452 -2.783533 68.899058
 11.020000 -3.126436 -2.819398 65.028977
 11.040000 -3.113615 -2.850891 65.728419
 11.060000 -3.137013 -2.819832 64.782963
 11.080000 -2.974461 -2.916062 70.637851
 11.100000 -2.972677 -2.992151 71.557572
 11.120000 -2.912557 -3.038297 74.294454
 11.140000 -2.874623 -3.056503 76.032808
 11.160000 -2.964028 3.134976 73.566420
 11.180000 -2.843095 3.105888 78.735029
 11.200000 -2.988151 2.914628 75.140540
 11.220000 -3.046796 2.940386 72.896070
 11.240000 3.096771 2.771076 70.654726
 11.260000 -3.136233 2.777192 71.959509
 11.280000 3.114462 2.670391 72.106791
 11.300000 -2.998099 2.608883 78.715709
 11.320000 -2.952073 2.621346 80.384783
 11.340000 -3.084615 2.742049 73.905096
 11.360000 3.137496 2.716141 72.316890
 11.380000 3.013043 2.616750 69.775552
 11.400000 3.066768 2.747649 70.100813
 11.420000 -3.032765 2.822728 74.662141
 11.440000 -2.856261 2.945641 80.002775
 11.460000 -2.878957 2.834214 80.417049
 11.480000 -2.647605 2.827074 91.808303
 11.500000 -2.757176 2.900661 85.195680
 11.520000 -2.825796 3.064821 79.972180
 11.540000 -2.867961 3.024705 78.568056
 11.560000 -3.069706 3.035670 71.205705
 11.580000 3.083747 -3.088191 66.528895
 11.600000 -3.111075 -3.016408 67.701322
 11.620000 3.107438 -2.973379 65.765695
 11.640000 -2.992882 -2.896895 69.789409
 11.660000 -2.811014 -2.831917 76.210663
 11.680000 -3.002607 -2.800053 68.320584
 11.700000 -2.976669 -2.708542 68.049977
 11.720000 3.076824 -2.775883 62.749682
 11.740000 2.970539 -2.708804 60.133349
 11.760000 2.973086 -2.687097 59.845903
 11.780000 2.970618 -2.724168 60.360355
 11.800000 -3.109028 -2.654134 63.308542
 11.820000 -2.902854 -2.683367 70.449476
 11.840000 -2.856713 -2.718171 72.777180
 11.860000 -2.571603 -2.601348 84.380582
 11.880000 -2.717713 -2.799538 80.265781
 11.900000 -2.775851 -2.814654 77.632991
 11.920000 -2.811849 -2.958483 77.696864
 11.940000 -3.015007 -3.026618 70.528728
 11.960000 -3.060054 -3.065374 69.588886
 11.980000 -3.093848 3.052487 70.357631
 12.000000 -3.130079 2.989973 70.033390
 12.020000 -3.057840 3.048520 71.421398
 12.040000 -2.973749 3.034579 74.312166
 12.060000 -3.108480 2.751251 73.054144
 12.080000 -2.986860 3.031275 73.888037
 12.100000 3.052538 2.823724 69.138760
 12.120000 -3.063644 3.007515 71.675235
 12.140000 -3.052058 3.025628 71.831668
 12.160000 -2.991249 2.885024 75.371831
 12.180000 -2.922700 3.049868 76.043251
 12.200000 -2.932499 -3.117844 74.397663
 12.220000 -3.110298 3.091539 69.530519
 12.240000 -2.976005 -3.104854 72.672891
 12.260000 -3.116127 -3.034570 67.773332
 12.280000 -3.032235 -2.995610 69.651211
 12.300000 -2.968225 -2.947800 71.214527
 12.320000 3.118079 -2.956442 65.792477
 12.340000 -2.994529 -2.888765 69.639750
 12.360000 -3.134434 -2.883614 65.615419
 12.380000 -3.067880 -2.920590 67.758158
 12.400000 -2.946602 -2.894549 71.388066
 12.420000 -2.963329 -3.012079 72.108635
 12.440000 -2.953656 -3.044393 72.810965
 12.460000 -2.900979 -3.090800 75.330581
 12.480000 3.117239 3.121447 67.927082
 12.500000 -3.099893 3.119357 69.519510
 12.520000 3.119255 3.115395 68.028597
 12.540000 -3.071807 2.896949 72.589130
 12.560000 -2.927441 2.918433 77.371054
 12.580000 -3.013994 3.068782 72.572389
 12.600000 -2.873215 2.906394 79.748393
 12.620000 -2.800479 2.957389 82.394891
 12.640000 -2.875485 2.963847 78.958699
 12.660000 -2.849934 3.006037 79.564888
 12.680000 -2.894889 3.064350 76.993119
 12.700000 3.073416 2.897125 69.006928
 12.720000 -2.985144 2.892391 75.504332
 12.740000 -3.089082 2.942586 71.607270
 12.760000 -3.042710 3.062890 71.727876
 12.780000 -3.006334 2.971987 73.868171
 12.800000 3.048959 3.013918 67.549447
 12.820000 3.047130 3.115455 66.635609
 12.840000 -3.102107 -3.091268 68.722847
 12.860000 3.087695 3.132981 67.209504
 12.880000 -2.871482 -3.066109 76.271973
 12.900000 -2.824661 -3.022451 77.832013
 12.920000 -2.936525 -2.961582 72.522933
 12.940000 -2.897262 -3.069876 75.249817
 12.960000 3.133079 -3.031403 66.948296
 12.980000 -3.110132 -3.000639 67.551777
 13.000000 -2.991815 -3.059617 71.645376
 13.020000 -3.048014 -3.122794 70.543186
 13.040000 -2.907805 -3.086567 75.011457
 13.060000 -2.913339 -2.990556 73.736850
 13.080000 -3.043451 3.140089 70.892492
 13.100000 -2.942933 3.110704 74.601760
 13.120000 -3.056692 -3.138830 70.454807
 13.140000 -3.065528 3.120821 70.446805
 13.160000 -3.015811 2.985681 73.402370
 13.180000 3.103993 2.916152 69.532660
 13.200000 -3.045604 3.003271 72.263915
 13.220000 -3.067199 2.789818 73.913526
 13.240000 -3.088963 2.752772 73.644236
 13.260000 -3.016888 2.863682 74.723653
 13.280000 -3.030645 2.874082 74.142465
 13.300000 -3.130333 2.980822 70.116007
 13.320000 -2.937101 3.035371 75.650953
 13.340000 -3.019248 2.939902 73.789968
 13.360000 -2.827597 -3.043654 77.939120
 13.380000 -2.804348 -3.130193 79.973012
 13.400000 -2.974844 3.091697 73.650829
 13.420000 -2.979594 3.117437 73.206952
 13.440000 -3.105382 3.098562 69.587028
 13.460000 3.016522 3.082154 66.432422
 13.480000 3.068724 3.059402 67.527074
 13.500000 3.085271 3.054445 67.892201
 13.520000 -3.081573 3.054987 70.670771
 13.540000 -2.867532 -3.117117 77.005679
 13.560000 -3.092375 3.075192 70.168608
 13.580000 -2.972040 -3.129979 73.084494
 13.600000 -3.118939 -3.089771 68.286014
 13.620000 -3.123584 2.985109 70.246394
 13.640000 -3.064456 2.996141 71.769697
 13.660000 -3.030947 2.931037 73.503189
 13.680000 -2.989381 2.930779 74.912868
 13.700000 -2.928376 2.897333 77.589161
 13.720000 -3.018870 2.878138 74.491903
 13.740000 -3.057098 2.938985 72.591284
 13.760000 -3.005609 3.069199 72.843325
 13.780000 3.119482 2.955208 69.542697
 13.800000 -2.921061 2.999889 76.673909
 13.820000 -3.013543 3.049377 72.794119
 13.840000 -2.887294 3.043603 77.539300
 13.860000 -2.894956 3.026264 77.421523
 13.880000 -2.963689 3.012843 74.913004
 13.900000 -3.064625 3.045764 71.249958
 13.920000 -3.004814 3.092249 72.622512
 13.940000 3.062341 3.009763 67.836757
 13.960000 -2.988654 3.097347 73.110805
 13.980000 -3.062017 3.134065 70.408690
 14.000000 -3.025365 -3.094746 70.936614
 14.020000 -2.911242 2.980345 77.289428
 14.040000 -2.977086 -3.108184 72.671465
 14.060000 -3.057677 3.059803 71.309527
 14.080000 -2.971907 3.079015 73.892437
 14.100000 -3.122351 2.934710 70.772294
 14.120000 -2.991697 2.928682 74.855292
 14.140000 -2.953574 3.066397 74.691975
 14.160000 3.123670 2.974417 69.463621
 14.180000 -2.960998 3.002957 75.120819
 14.200000 -3.067734 3.018391 71.442106
 14.220000 -2.948620 -3.102371 73.626323
 14.240000 -2.884423 3.060900 77.463370
 14.260000 -2.876431 3.037756 78.059460
 14.280000 -3.014220 2.973534 73.587533
 14.300000 -2.903765 2.990374 77.474991
 14.320000 3.093634 2.807666 70.243169
 14.340000 3.133722 2.721501 72.151575
 14.360000 3.106725 2.766623 70.957124
 14.380000 -3.131449 2.955394 70.334127
 14.400000 -2.942087 2.866487 77.428973
 14.420000 -2.924129 2.869860 78.095175
 14.440000 -2.829069 3.059135 79.888094
 14.460000 -2.796700 3.070663 81.253882
 14.480000 -2.917329 -2.998624 73.671171
 14.500000 -2.953933 3.073697 74.598576
 14.520000 -2.999750 3.089338 72.822134
 14.540000 3.117523 3.132592 67.825984
 14.560000 -3.090059 3.069620 70.287933
 14.580000 -3.119498 3.016615 70.040590
 14.600000 3.139243 3.039751 69.210121
 14.620000 -2.985720 -3.108949 72.382233
 14.640000 -3.028831 3.108440 71.676902
 14.660000 -2.987855 -3.067795 71.867024
 14.680000 -3.002339 -3.090560 71.628616
 14.700000 -2.974283 -3.054174 72.185108
 14.720000 -3.029576 -3.014669 69.942622
 14.740000 -2.939370 -3.063736 73.546121
 14.760000 -3.017026 -3.130263 71.576799
 14.780000 -2.952451 3.088342 74.492939
 14.800000 -2.904251 3.025139 77.056294
 14.820000 -2.926479 2.927814 77.297520
 14.840000 -2.946431 2.883206 77.056840
 14.860000 -3.000244 2.806126 75.997905
 14.880000 -3.069452 2.824404 73.449011
 14.900000 -3.059532 2.792606 74.129243
 14.920000 -3.024800 2.827635 74.874053
 14.940000 -3.020786 2.700998 76.602890
 14.960000 -2.944549 2.802077 78.153175
 14.980000 -3.040753 2.832726 74.279330
 15.000000 -3.014291 2.869695 74.743942
 15.020000 3.110875 2.784581 70.897732
 15.040000 -3.126529 2.873351 71.262329
 15.060000 3.139900 -3.128670 68.107190
 15.080000 -3.112240 3.090679 69.489272
 15.100000 -3.127989 3.095902 69.043335
 15.120000 -3.013015 -3.011569 70.427008
 15.140000 -2.943090 -3.025279 72.988113
 15.160000 -2.874816 -2.911408 74.396576
 15.180000 -2.905780 -3.042127 74.603513
 15.200000 -2.956302 -3.094763 73.262771
 15.220000 -3.052686 -2.947670 68.504067
 15.240000 3.090510 -3.073584 66.509998
 15.260000 -3.119067 3.120054 69.025757
 15.280000 3.098894 3.136814 67.395728
 15.300000 -2.939629 -2.953768 72.318986
 15.320000 -2.879886 -3.114951 76.460320
 15.340000 -2.724178 -3.038506 82.867830
 15.360000 -2.865869 -3.037172 76.186526
 15.380000 -2.800761 -2.991946 78.590462
 15.400000 -3.107188 3.104298 69.482161
 15.420000 -3.114330 3.056146 69.780509
 15.440000 3.075379 2.935013 68.731808
 15.460000 -3.100149 2.973625 70.982717
 15.480000 -2.947045 2.829913 77.693322
 15.500000 -2.987096 2.716157 77.655538
 15.520000 -2.923649 2.839661 78.493270
 15.540000 -2.980682 2.919485 75.350953
 15.560000 -3.057115 3.056507 71.360274
 15.580000 -3.047666 2.930688 72.972699
 15.600000 -2.996980 2.991671 73.970195
 15.620000 -3.059724 2.974850 72.133499
 15.640000 -2.849425 3.041051 79.184538
 15.660000 -2.954891 2.920328 76.290742
 15.680000 -2.946720 2.865687 77.259186
 15.700000 -2.980904 2.955785 74.929169
 15.720000 -3.111748 3.009812 70.309042
 15.740000 3.100109 -3.104711 67.012829
 15.760000 -3.110520 3.130916 69.131354
 15.780000 -3.080716 3.119326 70.035399
 15.800000 -2.914199 -2.965424 73.422393
 15.820000 -2.792697 -2.983153 78.870674
 15.840000 -2.826790 -3.017334 77.677570
 15.860000 -2.886609 -3.049712 75.460338
 15.880000 -3.029238 3.115427 71.589909
 15.900000 -3.053359 -3.127776 70.437644
 15.920000 3.133114 3.112706 68.362467
 15.940000 -3.106280 3.052612 70.024913
 15.960000 -3.029875 3.012690 72.656465
 15.980000 -2.964555 3.097476 73.953993
 16.000000 -3.019340 3.050192 72.596988
 16.020000 -2.933306 2.954817 76.713693
 16.040000 -2.999444 2.997220 73.825664
 16.060000 -2.946518 2.803052 78.062854
 16.080000 -2.893347 2.878981 79.237228
 16.100000 -3.046006 2.872339 73.659838
 16.120000 -2.927974 2.772775 79.210818
 16.140000 -3.061376 2.738109 74.712740
 16.160000 -3.076663 2.835444 73.102384
 16.180000 -2.974925 2.903563 75.744403
 16.200000 -3.018438 2.924132 73.991280
 16.220000 -2.975557 2.797448 77.019604
 16.240000 -2.835439 2.918993 81.249775
 16.260000 -2.932827 3.000665 76.205718
 16.280000 -2.910844 3.017456 76.878942
 16.300000 -2.938541 3.112265 74.749387
 16.320000 -3.087697 3.065777 70.391542
 16.340000 -3.133700 3.047603 69.379660
 16.360000 3.133225 3.098989 68.496095
 16.380000 3.092901 3.129282 67.347234
 16.400000 -2.956326 3.131534 73.881617
 16.420000 -2.823728 3.123511 79.408637
 16.440000 -2.889220 -3.124554 76.178908
 16.460000 -2.821920 -3.109872 78.937014
 16.480000 -2.959836 -2.996184 72.056321
 16.500000 -3.045180 -3.014887 69.474774
 16.520000 -3.053848 3.137968 70.605214
 16.540000 3.127505 -3.043020 66.950023
 16.560000 -3.052807 -3.006946 69.164655
 16.580000 -3.031368 3.135823 71.307191
 16.600000 -2.951810 3.140160 73.952615
 16.620000 -2.940397 3.108103 74.725076
 16.640000 -2.910813 3.095623 76.002395
 16.660000 -2.977951 -3.089644 72.440170
 16.680000 -2.981475 -3.114589 72.589049
 16.700000 -3.123168 3.112265 69.001448
 16.720000 -3.070388 3.076860 70.763699
 16.740000 -3.110963 3.036955 70.059443
 16.760000 -3.028506 3.035722 72.456630
 16.780000 -2.906532 2.953488 77.793153
 16.800000 -3.004624 2.768356 76.319332
 16.820000 -3.077352 2.832582 73.112605
 16.840000 -3.047221 2.863531 73.718730
 16.860000 -3.133939 2.767816 72.121737
 16.880000 -3.046656 2.927873 73.034718
 16.900000 -3.031006 2.890622 73.946262
 16.920000 -3.091827 3.008897 70.855435
 16.940000 -2.980599 -3.134246 72.832112
 16.960000 -3.024367 3.047578 72.463120
 16.980000 -2.961014 3.083216 74.236401
 17.000000 -2.903134 3.137396 75.848141
 17.020000 -2.954392 3.117468 74.104939
 17.040000 -2.967351 -3.000497 71.837563
 17.060000 -3.025575 -2.968123 69.549197
 17.080000 3.105801 -2.992381 65.945738
 17.100000 -3.125508 -2.829016 65.170375
 17.120000 3.117022 -2.787215 63.713004
 17.140000 -3.025864 -2.660512 65.796311
 17.160000 -2.889682 -2.750073 71.832594
 17.180000 -2.870030 -2.733951 72.428066
 17.200000 -2.878644 -2.694834 71.565858
 17.220000 -3.033361 -2.810498 67.469381
 17.240000 3.122039 -2.970366 66.035455
 17.260000 3.101199 -2.942782 65.288363
 17.280000 3.010419 -3.092885 65.360322
 17.300000 3.068161 3.123318 66.932992
 17.320000 -3.077379 -3.110591 69.578677
 17.340000 -3.122658 3.004121 70.083230
 17.360000 -2.880479 3.007011 78.242898
 17.380000 -2.853517 2.917187 80.468897
 17.400000 -2.850736 2.946805 80.230408
 17.420000 -2.765256 2.814486 85.933807
 17.440000 -2.947139 2.748489 78.772735
 17.460000 -2.943303 2.681026 79.872128
 17.480000 -2.934398 2.713685 79.770917
 17.500000 -3.041682 2.826263 74.323426
 17.520000 -3.121751 2.761068 72.548655
 17.540000 -2.892877 2.812212 80.122410
 17.560000 -3.060911 2.884915 73.051457
 17.580000 -2.883160 2.999380 78.219071
 17.600000 -2.942608 2.939769 76.528936
 17.620000 -2.928711 3.082861 75.445155
 17.640000 -2.973297 3.022748 74.457972
 17.660000 -3.063673 3.058852 71.143088
 17.680000 3.044116 2.918838 68.222239
 17.700000 -3.081579 3.067471 70.543746
 17.720000 3.053103 2.965445 68.028138
 17.740000 -3.118589 3.089905 69.335727
 17.760000 -3.039647 3.101662 71.414157
 17.780000 -3.092029 3.042270 70.511078
 17.800000 -2.876245 -2.985550 75.179000
 17.820000 -2.969920 -3.028040 72.052037
 17.840000 -2.904449 -3.032130 74.547149
 17.860000 -2.897070 -3.060452 75.153404
 17.880000 -2.845579 -2.876650 75.225638
 17.900000 -2.988502 -2.991984 71.013713
 17.920000 -2.883982 -3.081371 75.919030
 17.940000 -3.112131 3.122828 69.171325
 17.960000 -2.990551 -3.067439 71.772257
 17.980000 -3.022406 3.092838 72.045468
 18.000000 -3.104042 -3.133802 69.109996
 18.020000 -3.023823 -3.114250 71.190746
 18.040000 3.095841 -3.135141 67.226028
 18.060000 3.096489 -2.981900 65.643474
 18.080000 -3.082124 -3.040549 68.710644
 18.100000 -3.084027 -3.068142 68.954328
 18.120000 -2.947120 -3.078518 73.419925
 18.140000 -2.827181 -3.007563 77.551310
 18.160000 -3.022499 3.092008 72.051317
 18.180000 -2.887499 -3.128634 76.294984
 18.200000 -2.961345 3.061261 74.464843
 18.220000 -2.835563 3.057497 79.614068
 18.240000 -2.873476 3.082548 77.679796
 18.260000 -3.026818 2.899955 73.981070
 18.280000 -2.956499 3.002568 75.290458
 18.300000 -2.984891 3.022684 74.050030
 18.320000 -2.966675 2.924606 75.801095
 18.340000 -3.016123 2.969375 73.570028
 18.360000 -3.041091 2.947306 73.001549
 18.380000 -3.053389 2.973231 72.342780
 18.400000 -3.043402 2.977416 72.606730
 18.420000 3.092213 2.820482 70.095230
 18.440000 -3.125189 2.898414 71.051672
 18.460000 3.072108 3.025251 67.892147
 18.480000 -3.099442 2.961705 71.122450
 18.500000 -3.015607 2.946472 73.838629
 18.520000 -2.965987 3.009820 74.863077
 18.540000 -2.920907 3.055036 76.055384
 18.560000 -2.873904 3.132437 77.107549
 18.580000 -3.016070 3.138353 71.763097
 18.600000 -3.012229 3.059849 72.725335
 18.620000 -3.084350 -3.065036 68.912701
 18.640000 3.064139 -3.011772 65.375039
 18.660000 -2.984806 -3.041514 71.685407
 18.680000 -3.036023 -3.065114 70.292841
 18.700000 -2.921207 -2.946116 72.932975
 18.720000 -2.897775 -2.951665 73.919236
 18.740000 -2.981896 -2.982319 71.129748
 18.760000 -3.137238 -3.003571 66.935734
 18.780000 -3.137771 -3.107802 68.023343
 18.800000 2.931414 -3.125664 64.703988
 18.820000 3.019493 3.100299 66.322133
 18.840000 -3.120550 3.049554 69.687670
 18.860000 -3.110344 3.025512 70.189759
 18.880000 -2.871707 3.021119 78.450027
 18.900000 -2.871228 3.047725 78.166253
 18.920000 -2.900670 3.042744 77.001055
 18.940000 -2.896524 2.965784 78.057283
 18.960000 -2.972996 2.887930 75.999524
 18.980000 -3.049905 2.855790 73.718763
 19.000000 -3.017625 2.895313 74.340367
 19.020000 -3.078082 2.915798 72.203416
 19.040000 -3.062513 2.749677 74.537118
 19.060000 -2.895916 2.851879 79.473067
 19.080000 -3.001828 3.009700 73.609596
 19.100000 -2.821154 3.009756 80.813287
 19.120000 -2.965383 2.943306 75.631374
 19.140000 -2.913196 3.082967 76.048066
 19.160000 -3.037013 3.048544 72.054049
 19.180000 3.104219 3.086582 67.982758
 19.200000 2.975161 3.129166 65.447392
 19.220000 3.050924 3.138041 66.489607
 19.240000 3.023133 -3.042629 65.040894
 19.260000 -2.941862 -2.845442 70.984440
 19.280000 -2.912053 -2.988798 73.767584
 19.300000 -2.909221 -2.963349 73.594760
 19.320000 -2.864217 -2.829135 73.853398
 19.340000 -3.019958 -2.980673 69.864812
 19.360000 3.106176 -3.083940 66.926422
 19.380000 -3.065225 -3.081958 69.617845
 19.400000 -3.078199 -3.091012 69.352796
 19.420000 -2.987395 -3.082690 72.042662
 19.440000 -2.864562 3.075328 78.140634
 19.460000 -2.960363 2.988994 75.299757
 19.480000 -2.873134 3.079805 77.724908
 19.500000 -2.843184 2.970875 80.276196
 19.520000 -2.973244 2.906590 75.770423
 19.540000 -3.019953 2.854942 74.719633
 19.560000 -3.066145 2.844815 73.325545
 19.580000 3.100731 2.796017 70.527933
 19.600000 3.140683 2.756328 71.994062
 19.620000 3.024773 2.696181 69.485477
 19.640000 -3.126539 2.897084 71.028473
 19.660000 -3.061841 2.898153 72.880360
 19.680000 -2.880710 2.914013 79.336222
 19.700000 -2.854160 3.050638 78.868624
 19.720000 -2.828600 -3.087305 78.382788
 19.740000 -2.973947 3.111564 73.467807
 19.760000 -2.954677 -3.044532 72.775539
 19.780000 -3.112566 -3.048718 68.012073
 19.800000 -2.985026 -3.000600 71.226914
 19.820000 -3.001946 -3.044068 71.140752
 19.840000 -2.961219 -2.986730 71.901029
 19.860000 -2.854265 -2.849789 74.525406
 19.880000 -2.955772 -2.894850 71.057486
 19.900000 -3.085781 -2.789007 65.690739
 19.920000 -3.120827 -2.678908 63.340563
 19.940000 3.052233 -2.701327 61.275311
 19.960000 3.124480 -2.656931 62.128737
 19.980000 -3.088770 -2.677358 64.163011
 20.000000 3.119042 -2.642175 61.799836
