#! FIELDS time phi psi metad.bias
#! SET min_phi -pi
#! SET max_phi pi
#! SET min_psi -pi
#! SET max_psi pi
 0.000000 3.141580 -3.141577 45.692015
 0.020000 -3.106677 3.065703 47.521677
 0.040000 -3.085084 3.074906 48.300800
 0.060000 -3.083809 3.053152 48.556224
 0.080000 -3.085195 3.080834 48.242833
 0.100000 -3.085460 3.104219 48.028887
 0.120000 -3.095417 3.079328 47.843339
 0.140000 -3.113092 3.022220 47.680230
 0.160000 -3.071681 2.982595 49.815653
 0.180000 -3.095308 2.971569 48.926430
 0.200000 -3.091979 2.995399 48.803608
 0.220000 -3.133758 2.992566 47.193220
 0.240000 3.107807 3.008334 45.610537
 0.260000 3.136130 3.071303 46.009838
 0.280000 -3.099212 3.074317 47.737136
 0.300000 -3.048355 3.033014 50.313265
 0.320000 -2.985898 3.100575 52.682989
 0.340000 -3.052431 3.043333 50.019002
 0.360000 -3.060866 3.043211 49.641299
 0.380000 -3.141248 2.995672 46.889168
 0.400000 -3.139879 3.086837 46.132215
 0.420000 3.119755 3.067557 45.501799
 0.440000 -3.098560 3.048579 47.998348
 0.460000 -3.123582 3.068819 46.856794
 0.480000 -3.029817 3.133985 50.197418
 0.500000 -3.075077 3.107268 48.429917
 0.520000 -3.096516 3.093416 47.678154
 0.540000 -3.093203 -3.092989 47.102945
 0.560000 -3.102539 -3.096247 46.773840
 0.580000 -3.030655 -3.054824 49.444497
 0.600000 -3.089311 3.140774 47.584253
 0.620000 -3.003646 -3.001591 50.355814
 0.640000 -3.111305 -3.046719 46.186883
 0.660000 -3.103452 -3.108545 46.816231
 0.680000 3.045687 3.096516 43.269506
 0.700000 -3.125894 -3.091404 45.917031
 0.720000 3.023470 3.126468 42.639051
 0.740000 -3.066136 3.138733 48.544460
 0.760000 -3.097590 3.012639 48.391767
 0.780000 -3.086342 3.088401 48.129029
 0.800000 -3.031407 -3.093924 49.682136
 0.820000 -3.116317 3.093037 46.923062
 0.840000 -3.044864 -3.132415 49.371051
 0.860000 -2.998537 -3.099125 51.281838
 0.880000 -3.006867 -3.107885 50.943709
 0.900000 -3.018374 -3.140869 50.665697
 0.920000 -2.987336 -3.112944 51.959647
 0.940000 3.104518 3.068082 45.024747
 0.960000 -3.070510 2.993403 49.745751
 0.980000 3.047824 2.980895 44.120693
 1.000000 3.136171 2.973408 46.906102
 1.020000 -3.131964 3.008071 47.105608
 1.040000 -3.068845 2.989003 49.868727
 1.060000 -3.125789 2.956809 47.869964
 1.080000 -2.992081 -3.124362 51.817169
 1.100000 -3.085244 3.122808 47.884476
 1.120000 -3.017728 3.135713 50.754363
 1.140000 -3.106016 3.027527 47.904923
 1.160000 -3.036064 -3.107932 49.575716
 1.180000 -3.050762 -3.111520 48.951465
 1.200000 -3.117972 3.091487 46.874321
 1.220000 -3.134865 2.991568 47.162471
 1.240000 3.065290 -3.119790 43.397851
 1.260000 3.137300 -3.077562 45.188556
 1.280000 3.106018 3.069796 45.057543
 1.300000 -3.052579 -3.128946 49.004285
 1.320000 -3.016282 -3.122015 50.605766
 1.340000 -2.904576 -3.071267 56.188820
 1.360000 -3.135285 3.083564 46.316381
 1.380000 -2.994364 3.100016 52.250038
 1.400000 3.130748 3.000796 46.444047
 1.420000 -3.083463 3.127353 47.919921
 1.440000 3.104803 2.848071 47.227149
 1.460000 -3.119881 2.983798 47.807523
 1.480000 -3.091095 2.921565 49.693715
 1.500000 -2.948009 3.019064 55.690157
 1.520000 -3.024183 2.876303 53.459780
 1.540000 -3.014225 2.961203 52.810781
 1.560000 -3.087051 3.041780 48.531840
 1.580000 3.006799 2.879006 44.016443
 1.600000 3.031956 2.812002 45.388927
 1.620000 2.914209 2.779461 43.102679
 1.640000 -3.132357 3.079402 46.451943
 1.660000 3.122343 2.857687 47.729812
 1.680000 -2.950247 2.980515 56.055340
 1.700000 -3.063811 2.954679 50.495975
 1.720000 -2.991994 3.137277 52.014713
 1.740000 3.112234 3.050687 45.395863
 1.760000 -3.084723 3.040046 48.645624
 1.780000 -3.115211 3.040912 47.420103
 1.800000 -3.052312 -3.101504 48.811362
 1.820000 -3.006051 -3.094844 50.880193
 1.840000 -2.999143 -3.131676 51.525905
 1.860000 -2.898960 -3.045287 56.297082
 1.880000 -3.014905 -3.079843 50.343145
 1.900000 -3.017144 -3.019278 49.835077
 1.920000 -3.080616 -3.093982 47.595564
 1.940000 -3.118194 -3.085071 46.147060
 1.960000 3.116794 3.104531 45.142418
 1.980000 3.103191 3.031548 45.269358
 2.000000 2.989419 2.922757 43.230733
 2.020000 3.141002 2.930750 47.540646
 2.040000 3.047093 2.823607 45.683739
 2.060000 -3.101096 2.799386 50.934012
 2.080000 3.111825 2.817918 47.865467
 2.100000 3.137194 2.843540 48.467560
 2.120000 3.096908 2.857084 46.845716
 2.140000 3.131445 2.836135 48.347304
 2.160000 -3.089316 2.732763 52.500220
 2.180000 -2.924641 2.879111 59.081193
 2.200000 -2.952570 2.900024 57.062655
 2.220000 -2.895022 2.855877 61.355037
 2.240000 -2.905968 2.916762 59.675877
 2.260000 -3.075598 2.983089 49.637994
 2.280000 -3.075058 2.966756 49.848919
 2.300000 3.039917 3.058798 43.358729
 2.320000 3.071645 -3.094260 43.443715
 2.340000 3.098525 3.133206 44.420313
 2.360000 3.139064 -3.109750 45.416861
 2.380000 3.135555 -3.026265 44.914997
 2.400000 -3.133403 -2.933343 45.066273
 2.420000 2.985255 -2.941030 41.633029
 2.440000 -3.132524 -2.935812 45.098623
 2.460000 3.042583 -3.103140 42.819323
 2.480000 -3.100607 -2.925480 46.098370
 2.500000 -2.997928 -2.940322 50.295341
 2.520000 -3.018089 -3.138171 50.656028
 2.540000 -2.938249 3.113317 55.171233
 2.560000 -3.129963 3.086144 46.483088
 2.580000 -3.081749 3.048649 48.685618
 2.600000 -3.120189 2.909373 48.637147
 2.620000 -2.989989 2.809718 56.327035
 2.640000 -2.984760 2.672167 59.026868
 2.660000 -2.815258 2.883222 66.469454
 2.680000 -3.106581 2.737468 51.643146
 2.700000 -2.979043 2.685098 59.122271
 2.720000 3.056117 2.606485 49.048409
 2.740000 3.103561 2.721297 48.933113
 2.760000 3.125046 2.761203 49.147683
 2.780000 3.058879 2.819719 46.082637
 2.800000 3.138087 2.799840 49.100012
 2.820000 -3.108350 2.917718 49.015583
 2.840000 3.105765 2.957096 46.030209
 2.860000 -2.984499 3.099187 52.770303
 2.880000 -3.110240 3.059818 47.437045
 2.900000 -3.056802 -3.129187 48.823382
 2.920000 -2.966768 -3.096209 52.888313
 2.940000 3.108822 -3.064617 44.288607
 2.960000 -3.061651 -2.998603 47.816355
 2.980000 -3.032278 -2.979091 48.943484
 3.000000 -3.055788 -2.992804 48.024996
 3.020000 -2.988756 -2.983451 50.960347
 3.040000 -2.956173 -2.841527 51.872440
 3.060000 -3.128340 -2.894730 45.142719
 3.080000 -2.997360 -2.975893 50.505822
 3.100000 3.102512 3.123821 44.590723
 3.120000 -3.099997 -3.102464 46.906341
 3.140000 3.137915 3.012528 46.583279
 3.160000 3.124942 2.903498 47.265625
 3.180000 3.098336 2.710130 48.909964
 3.200000 3.120269 2.584795 51.794374
 3.220000 3.053156 2.742387 46.911288
 3.240000 3.128646 2.801711 48.709132
 3.260000 -3.090182 2.694027 53.102713
 3.280000 -3.081505 2.678661 53.775237
 3.300000 -2.963087 2.690070 59.980813
 3.320000 -2.958203 2.793727 58.435721
 3.340000 -2.968453 2.865702 56.658714
 3.360000 -2.953840 2.647004 61.357609
 3.380000 -2.988019 2.712070 58.111266
 3.400000 3.111780 2.746118 48.868004
 3.420000 -3.122976 2.845772 49.346745
 3.440000 3.048821 2.860800 45.303830
 3.460000 -3.064301 3.014022 49.794650
 3.480000 -3.109150 3.002666 48.030645
 3.500000 -3.022244 -3.115959 50.273993
 3.520000 3.075832 -3.036001 43.342842
 3.540000 -3.055553 -2.956154 47.870258
 3.560000 -3.140040 -3.048724 45.239496
 3.580000 -3.014583 -3.020172 49.957838
 3.600000 -3.076754 -3.097578 47.771828
 3.620000 -3.105264 -3.019861 46.273331
 3.640000 -3.136266 -3.131184 45.803903
 3.660000 3.116550 3.036398 45.649349
 3.680000 3.058209 3.109849 43.492462
 3.700000 -3.076362 -3.127616 47.992755
 3.720000 -3.109624 3.060255 47.456771
 3.740000 -3.045236 2.969437 51.180830
 3.760000 -3.049595 2.964166 51.038824
 3.780000 -3.132377 3.057503 46.635010
 3.800000 -3.096209 2.999681 48.583155
 3.820000 -3.114163 2.878445 49.271963
 3.840000 -2.976701 2.871852 56.091863
 3.860000 -2.998513 2.851922 55.182601
 3.880000 -2.932126 2.896443 58.348113
 3.900000 -3.106779 2.820080 50.384578
 3.920000 -3.098803 2.826770 50.633973
 3.940000 3.102302 2.753103 48.418027
 3.960000 3.111683 2.952078 46.277001
 3.980000 3.118697 2.912033 46.947330
 4.000000 -3.092692 3.113254 47.664550
 4.020000 -3.022194 -3.102980 50.174865
 4.040000 -2.952642 3.086104 54.641887
 4.060000 -3.004564 3.124460 51.499626
 4.080000 -2.997247 -3.029679 50.836135
 4.100000 3.141287 3.138619 45.701547
 4.120000 3.081814 3.006529 44.838552
 4.140000 3.129389 3.043390 46.011654
 4.160000 3.134838 3.002772 46.567774
 4.180000 -3.042253 3.006234 50.891266
 4.200000 -3.067449 2.948759 50.402746
 4.220000 -3.087698 2.862368 50.619962
 4.240000 -3.084612 2.974352 49.346748
 4.260000 3.082847 2.999807 44.925169
 4.280000 3.140149 2.946883 47.330554
 4.300000 -3.047894 2.978820 50.943192
 4.320000 -3.040024 2.903976 52.274896
 4.340000 -2.952587 2.971442 56.040323
 4.360000 -3.081032 3.039267 48.808021
 4.380000 -3.114568 3.037677 47.475017
 4.400000 -3.068546 3.044508 49.290472
 4.420000 -3.113602 3.123413 46.791241
 4.440000 3.137728 -3.129292 45.489126
 4.460000 -3.090758 -3.079680 47.115218
 4.480000 -3.118686 -3.042075 45.909841
 4.500000 -3.082515 3.122184 47.999780
 4.520000 3.140601 -3.139733 45.647971
 4.540000 -3.132419 -3.068592 45.577896
 4.560000 -3.112328 -3.097665 46.426928
 4.580000 3.125667 3.075766 45.628994
 4.600000 -3.120909 2.975177 47.859133
 4.620000 3.104552 3.019328 45.413423
 4.640000 3.081848 3.092335 44.207160
 4.660000 -3.070391 3.033967 49.316923
 4.680000 -3.016282 2.950917 52.837816
 4.700000 -2.905369 2.914325 59.751475
 4.720000 -2.944765 2.895288 57.598936
 4.740000 -2.983503 3.000963 53.928073
 4.760000 -3.009078 2.898019 53.933322
 4.780000 -3.106243 2.773594 51.095972
 4.800000 -3.086220 2.837884 51.031661
 4.820000 3.063449 2.920205 45.095385
 4.840000 3.083848 2.915745 45.754279
 4.860000 3.109184 3.029797 45.470231
 4.880000 -3.118156 3.132661 46.560549
 4.900000 -3.076161 3.081503 48.611618
 4.920000 -3.095466 -2.957402 46.373557
 4.940000 -3.076156 -3.004824 47.276797
 4.960000 -3.125448 -3.131359 46.174237
 4.980000 3.088652 -3.049225 43.696817
 5.000000 3.131571 -3.079221 45.017940
 5.020000 3.129438 -3.122110 45.181877
 5.040000 -3.127251 3.050021 46.886717
 5.060000 -3.009273 3.063406 51.870909
 5.080000 -3.025078 3.021152 51.548564
 5.100000 -2.987972 3.088693 52.696155
 5.120000 -3.115772 3.047751 47.335442
 5.140000 -3.083977 3.010641 48.977149
 5.160000 3.106350 2.969522 45.926292
 5.180000 -3.058712 3.013192 50.054133
 5.200000 -3.065746 2.934917 50.650673
 5.220000 -2.979940 2.969779 54.517501
 5.240000 -3.076242 2.835318 51.522948
 5.260000 -3.052172 2.942462 51.185337
 5.280000 3.053052 2.951300 44.513420
 5.300000 3.124340 3.034441 45.919635
 5.320000 -3.127561 3.102440 46.443193
 5.340000 -3.086796 3.007504 48.891427
 5.360000 -2.981783 -3.125945 52.359311
 5.380000 -3.116716 -3.132301 46.488259
 5.400000 -3.113790 3.095409 46.997949
 5.420000 3.085203 3.024735 44.787679
 5.440000 3.097578 3.043674 45.001777
 5.460000 3.128445 2.939926 46.983397
 5.480000 -3.082454 3.022719 48.915689
 5.500000 3.133001 2.981759 46.708934
 5.520000 -2.999532 2.922333 54.097111
 5.540000 -3.130160 2.976602 47.491287
 5.560000 -3.096086 2.987869 48.714605
 5.580000 -3.119697 2.943048 48.261037
 5.600000 -3.103725 3.043092 47.845310
 5.620000 -3.075489 2.934528 50.216325
 5.640000 -2.888814 2.919080 60.753103
 5.660000 -3.041086 3.076280 50.207743
 5.680000 -2.964607 3.033263 54.574528
 5.700000 -3.133508 2.978387 47.347468
 5.720000 3.012265 3.007313 43.075391
 5.740000 3.033651 3.014212 43.511550
 5.760000 2.982493 3.082595 42.075129
 5.780000 3.101453 2.983003 45.639635
 5.800000 -3.047789 3.102402 49.655551
 5.820000 -2.990267 3.136143 52.113448
 5.840000 -2.952896 -3.099357 53.665170
 5.860000 -3.029469 -3.087919 49.726440
 5.880000 3.124094 -3.046700 44.652869
 5.900000 3.110884 -3.082537 44.423121
 5.920000 3.022442 3.108376 42.701540
 5.940000 -3.000526 3.055085 52.403605
 5.960000 -2.979160 2.929292 55.110393
 5.980000 -2.821003 3.061964 63.358058
 6.000000 -2.950898 2.850418 57.931908
 6.020000 -2.921878 2.864087 59.493635
 6.040000 -3.126833 2.881884 48.715431
 6.060000 3.109643 2.992623 45.812710
 6.080000 3.030586 2.859178 44.815645
 6.100000 3.111221 3.023350 45.588986
 6.120000 -3.140260 3.000746 46.874943
 6.140000 -2.962064 3.017891 54.902685
 6.160000 -2.954964 3.115220 54.204591
 6.180000 -3.022616 2.962888 52.364733
 6.200000 -3.081490 3.024779 48.935229
 6.220000 2.962895 3.047721 41.917387
 6.240000 3.021222 3.134527 42.559671
 6.260000 2.892955 3.052704 41.022495
 6.280000 3.052122 -3.008031 42.755180
 6.300000 3.125594 -3.090684 44.892032
 6.320000 -2.960068 -2.984147 52.404951
 6.340000 -2.953899 -2.967072 52.617516
 6.360000 -2.872024 -3.080593 58.291813
 6.380000 -2.950228 -3.086866 53.702446
 6.400000 -3.004262 3.097552 51.772507
 6.420000 3.098444 3.048802 44.987737
 6.440000 3.077240 3.003352 44.733707
 6.460000 3.027268 2.862557 44.692284
 6.480000 3.099703 2.715068 48.885311
 6.500000 -3.093313 2.816657 51.023141
 6.520000 -3.032056 2.826611 53.801532
 6.540000 -3.013736 2.865483 54.161307
 6.560000 -3.008350 2.871881 54.351494
 6.580000 -3.068637 2.686483 54.264649
 6.600000 -3.071896 2.883520 51.041508
 6.620000 -3.059130 2.940172 50.889176
 6.640000 -3.082757 2.870723 50.724774
 6.660000 -3.113057 2.776824 50.751450
 6.680000 -3.118407 2.809983 50.036626
 6.700000 3.138474 2.757951 49.721442
 6.720000 3.122414 2.853531 47.785124
 6.740000 -3.104453 2.929260 49.037155
 6.760000 -3.005903 3.051841 52.164741
 6.780000 -2.960616 3.087878 54.176969
 6.800000 -3.042902 3.130454 49.627438
 6.820000 -3.069343 -3.024008 47.636588
 6.840000 3.096048 -2.921308 43.596741
 6.860000 3.130052 -3.064440 44.903951
 6.880000 -3.095918 -3.055796 46.786566
 6.900000 -3.003160 -3.048960 50.682066
 6.920000 -2.894198 -3.022063 56.389173
 6.940000 -2.951663 -3.065068 53.442044
 6.960000 -3.107350 3.045552 47.679944
 6.980000 -3.139928 3.120565 45.887436
 7.000000 2.935784 -3.014654 41.096753
 7.020000 2.916212 -3.080113 40.945487
 7.040000 3.085578 3.124190 44.113311
 7.060000 -3.096045 3.088370 47.739786
 7.080000 -2.780800 -3.099178 64.785388
 7.100000 -2.738732 3.095146 69.125313
 7.120000 -2.885275 2.905616 61.196315
 7.140000 -2.873943 2.884862 62.286730
 7.160000 3.051498 2.828759 45.751811
 7.180000 2.931394 2.773118 43.483792
 7.200000 2.997209 2.664250 46.367063
 7.220000 3.058807 2.768581 46.733025
 7.240000 -2.870416 2.845484 63.180340
 7.260000 -2.782895 2.705141 72.234244
 7.280000 -2.841438 2.802655 65.963880
 7.300000 -2.951745 2.858581 57.751446
 7.320000 3.114684 2.972940 46.167640
 7.340000 2.999438 2.942860 43.279487
 7.360000 3.050456 2.879018 45.151228
 7.380000 -3.127344 2.995686 47.400579
 7.400000 -2.908822 -3.138857 56.586371
 7.420000 -3.006034 3.031209 52.386980
 7.440000 -2.954679 3.004380 55.490493
 7.460000 -3.101476 -3.139292 47.095297
 7.480000 3.083440 -3.075631 43.661330
 7.500000 3.141297 3.107459 45.912885
 7.520000 3.086903 3.044689 44.680672
 7.540000 -3.036197 -3.057873 49.218217
 7.560000 -2.991945 -3.062187 51.324695
 7.580000 -3.025726 2.969481 52.127264
 7.600000 -3.036595 2.844014 53.305534
 7.620000 -3.140523 3.010514 46.771091
 7.640000 3.091570 2.972250 45.431087
 7.660000 3.120594 2.823850 48.106019
 7.680000 -3.116838 2.753535 50.943081
 7.700000 -2.952042 2.845652 57.940160
 7.720000 -2.969548 2.986811 54.873051
 7.740000 -2.984190 2.910093 55.104530
 7.760000 -3.061974 2.921871 50.989128
 7.780000 3.100771 2.887886 46.608916
 7.800000 3.080012 2.903623 45.764513
 7.820000 3.091851 2.888295 46.309794
 7.840000 3.101946 2.949437 45.982883
 7.860000 -3.036122 3.065192 50.549176
 7.880000 -3.079344 2.996072 49.331235
 7.900000 -3.086623 -3.101659 47.409906
 7.920000 3.076730 -3.050495 43.408237
 7.940000 3.118123 -2.934752 44.170897
 7.960000 -3.069161 -2.884186 47.108347
 7.980000 -2.929983 -2.941341 53.744438
 8.000000 -2.975363 -2.889753 51.138092
 8.020000 -2.965426 -2.887240 51.613610
 8.040000 -3.110981 -3.093035 46.447770
 8.060000 3.065943 3.132892 43.558605
 8.080000 3.128717 -3.108843 45.084110
 8.100000 2.964848 3.007330 42.162651
 8.120000 3.125554 2.943776 46.839800
 8.140000 -3.048708 2.988357 50.793300
 8.160000 -3.067183 2.946420 50.443281
 8.180000 -3.030198 2.837918 53.722795
 8.200000 3.117845 2.907557 46.967986
 8.220000 -3.124546 2.892105 48.676338
 8.240000 -3.028285 2.869615 53.347027
 8.260000 -3.090204 2.827603 51.001927
 8.280000 -3.019406 2.752761 55.660388
 8.300000 3.097438 2.859722 46.831494
 8.320000 2.997128 2.884751 43.736898
 8.340000 3.008830 2.829060 44.580215
 8.360000 3.017703 2.925701 43.843119
 8.380000 3.092251 3.014011 45.082924
 8.400000 -3.071921 3.122214 48.435974
 8.420000 -3.062044 -3.137836 48.665813
 8.440000 -2.979471 -3.106674 52.310651
 8.460000 -3.049338 -3.063173 48.682596
 8.480000 -3.049123 -3.094360 48.898364
 8.500000 -3.053378 -3.131672 48.990691
 8.520000 -3.048619 3.102748 49.615097
 8.540000 -3.022796 3.075382 51.081323
 8.560000 -3.052301 2.980732 50.714924
 8.580000 -3.105725 2.914328 49.165262
 8.600000 -3.108498 3.088926 47.251282
 8.620000 -3.082333 2.941562 49.828857
 8.640000 -3.107884 2.969370 48.436059
 8.660000 -3.070450 2.892860 50.981608
 8.680000 -3.105569 2.900998 49.337773
 8.700000 3.139721 2.991651 46.849341
 8.720000 3.070390 2.808317 46.583726
 8.740000 3.089161 2.768332 47.737360
 8.760000 3.095015 2.819556 47.253619
 8.780000 -3.122913 2.950282 48.053534
 8.800000 3.115315 2.899332 46.973709
 8.820000 -3.117627 2.906022 48.780594
 8.840000 -3.141449 2.928008 47.598886
 8.860000 -3.019173 -3.114098 50.403741
 8.880000 -3.130774 3.028434 46.954837
 8.900000 -3.105260 2.973681 48.494472
 8.920000 -3.060414 3.084498 49.259717
 8.940000 -3.061761 3.037242 49.662589
 8.960000 -2.983942 2.906533 55.169625
 8.980000 -3.074646 2.941690 50.166011
 9.000000 -3.003897 3.003835 52.815045
 9.020000 -3.016641 3.011700 52.074152
 9.040000 -3.120919 3.013012 47.470372
 9.060000 -3.138646 2.849189 48.676275
 9.080000 -3.064897 3.069359 49.206422
 9.100000 -3.102557 3.005938 48.259809
 9.120000 -3.044085 2.912824 51.956733
 9.140000 3.085105 2.776103 47.491198
 9.160000 2.982041 2.759880 44.719282
 9.180000 3.035573 2.919558 44.343169
 9.200000 2.974715 2.832286 43.751292
 9.220000 -3.103222 2.835321 50.320021
 9.240000 -3.074146 2.837366 51.589838
 9.260000 -2.972583 3.006174 54.460576
 9.280000 -3.005096 3.061460 52.101975
 9.300000 -3.007209 3.099802 51.602987
 9.320000 -3.065808 3.136740 48.574266
 9.340000 -2.964447 3.132411 53.511630
 9.360000 -3.020071 3.096938 50.999961
 9.380000 -3.037102 -3.091049 49.404304
 9.400000 -3.008621 3.058979 51.950651
 9.420000 -3.053028 2.979092 50.700453
 9.440000 -3.093651 2.908206 49.750877
 9.460000 -3.114268 2.943867 48.467055
 9.480000 3.072258 3.095263 43.932430
 9.500000 3.070853 2.859569 45.974156
 9.520000 3.071996 2.844086 46.192643
 9.540000 3.107588 2.873497 47.011053
 9.560000 -3.085492 2.933070 49.794475
 9.580000 -3.096283 2.860547 50.268203
 9.600000 -3.047446 2.717585 54.789958
 9.620000 -3.046533 2.702348 55.099935
 9.640000 -3.063379 2.772210 53.095082
 9.660000 -3.083749 2.828555 51.278573
 9.680000 -3.107867 2.670363 52.690717
 9.700000 -3.075890 2.838975 51.485836
 9.720000 -3.024488 2.965997 52.232230
 9.740000 -3.054240 2.920321 51.371022
 9.760000 -3.080477 3.041470 48.809515
 9.780000 -3.044236 -3.106144 49.197538
 9.800000 -2.985365 -3.072777 51.734109
 9.820000 -2.953373 -3.060051 53.309112
 9.840000 -2.992901 -3.077670 51.393567
 9.860000 -3.125159 -3.069734 45.825656
 9.880000 -3.126854 -2.966468 45.355853
 9.900000 3.034272 -3.136137 42.772718
 9.920000 3.085164 -3.104880 43.826528
 9.940000 3.108245 3.133400 44.700489
 9.960000 -3.111351 -3.076046 46.337638
 9.980000 -3.106730 3.096111 47.259103
 10.000000 -3.120303 2.998036 47.643931
 10.020000 -3.101396 3.070786 47.682472
 10.040000 -3.027268 3.077150 50.848578
 10.060000 -3.103575 2.963900 48.671639
 10.080000 -2.954429 2.882140 57.224661
 10.100000 -3.045081 2.877853 52.390190
 10.120000 -2.899239 2.955795 59.524722
 10.140000 -3.029847 2.859576 53.414902
 10.160000 -3.011673 2.820635 54.961728
 10.180000 -3.061778 2.755112 53.447655
 10.200000 -3.086438 2.927074 49.826908
 10.220000 3.078585 2.874864 46.038493
 10.240000 3.109797 2.905281 46.715430
 10.260000 2.993810 2.852979 43.968119
 10.280000 3.134600 3.076786 45.915405
 10.300000 -3.074261 3.078498 48.719138
 10.320000 -3.048011 3.133281 49.374650
 10.340000 -3.117448 3.124998 46.640101
 10.360000 3.078442 -3.043830 43.428076
 10.380000 2.948598 -2.996846 41.215738
 10.400000 3.042891 -2.973529 42.523873
 10.420000 3.104952 -3.045016 44.108213
 10.440000 -3.061758 -2.959169 47.636374
 10.460000 -2.992803 -2.820145 50.065716
 10.480000 -3.017267 -2.961032 49.513943
 10.500000 -2.946642 -2.936806 52.823260
 10.520000 -3.002101 -2.947015 50.134016
 10.540000 -2.965005 -2.950079 51.946760
 10.560000 -3.093766 3.133428 47.464771
 10.580000 -3.033488 3.076168 50.563233
 10.600000 -3.102089 2.981639 48.536213
 10.620000 -3.121958 2.867266 49.100600
 10.640000 -3.121463 2.737701 50.992320
 10.660000 -3.137573 2.713937 50.690723
 10.680000 -3.131422 2.773109 50.034836
 10.700000 3.078050 2.685634 48.558690
 10.720000 3.094366 2.735862 48.383793
 10.740000 3.001680 2.713774 45.805573
 10.760000 3.129771 2.981721 46.595989
 10.780000 3.141323 2.934710 47.508156
 10.800000 -3.036353 2.925795 52.160958
 10.820000 -3.019089 2.943825 52.786954
 10.840000 -2.901915 3.104047 57.443356
 10.860000 -3.013835 -3.110933 50.632213
 10.880000 -3.023424 3.106561 50.746994
 10.900000 -3.034740 -3.134172 49.842831
 10.920000 -3.066493 -2.939517 47.375255
 10.940000 3.111477 -2.989374 44.112183
 10.960000 -3.067219 -3.051726 47.872768
 10.980000 -3.140425 -3.005364 45.058960
 11.000000 -3.092305 -2.987172 46.596544
 11.020000 -3.012451 -3.014564 50.022465
 11.040000 -3.110893 -3.090649 46.436982
 11.060000 -3.057606 -3.058154 48.304031
 11.080000 -3.109414 -3.097644 46.531475
 11.100000 3.075880 3.016556 44.587350
 11.120000 3.089573 2.939866 45.685005
 11.140000 3.065138 2.974156 44.642074
 11.160000 3.057215 2.891249 45.214743
 11.180000 -3.108780 2.787230 50.779977
 11.200000 3.125330 2.690867 50.236027
 11.220000 -2.983274 2.696952 58.658088
 11.240000 -3.006875 2.810934 55.375641
 11.260000 -2.967478 2.730389 58.986755
 11.280000 -3.026313 2.647676 57.141678
 11.300000 -3.025212 2.812709 54.372002
 11.320000 -3.027522 2.979950 51.910042
 11.340000 -3.044930 2.933006 51.649829
 11.360000 -3.074544 2.925292 50.373498
 11.380000 -2.962358 3.076729 54.201643
 11.400000 -3.103203 3.132881 47.108592
 11.420000 -3.079395 -3.101052 47.689463
 11.440000 3.061911 3.125754 43.497063
 11.460000 3.031797 -3.101151 42.590583
 11.480000 3.122566 -2.985200 44.404464
 11.500000 3.098649 -2.985642 43.769566
 11.520000 -3.071599 -3.035975 47.610117
 11.540000 -3.024161 -2.968180 49.243499
 11.560000 -3.123180 -2.991256 45.553907
 11.580000 -3.077884 -2.894270 46.814292
 11.600000 3.112403 -3.073625 44.426899
 11.620000 3.134947 -3.030716 44.913468
 11.640000 -3.071364 -3.114575 48.103376
 11.660000 -3.066380 3.039967 49.430837
 11.680000 -3.099689 3.040875 48.026659
 11.700000 -3.066802 2.931043 50.651030
 11.720000 -3.103133 2.794654 50.915074
 11.740000 3.069843 2.779806 46.935024
 11.760000 -3.085106 2.854607 50.843676
 11.780000 3.087234 2.926546 45.747670
 11.800000 -3.087097 2.942600 49.609877
 11.820000 -3.054136 2.901565 51.625790
 11.840000 -2.989100 3.096540 52.556857
 11.860000 -2.911752 -3.114144 56.161946
 11.880000 -2.956805 3.103522 54.223045
 11.900000 -2.945198 2.950442 56.763294
 11.920000 -3.047191 3.102870 49.678184
 11.940000 3.035649 2.975359 43.858098
 11.960000 2.920441 2.906008 42.109499
 11.980000 2.846423 2.947501 41.019517
 12.000000 2.956660 2.989525 42.129652
 12.020000 -3.048589 3.102863 49.615410
 12.040000 -2.941410 3.046335 55.740235
 12.060000 -2.876306 2.972107 60.785774
 12.080000 -2.946754 -3.106711 54.070600
 12.100000 -3.037803 -3.109460 49.508956
 12.120000 -3.133603 3.084577 46.367191
 12.140000 3.121277 3.017918 45.963416
 12.160000 -3.117782 3.126678 46.616103
 12.180000 -3.083330 -3.090539 47.467430
 12.200000 -2.981905 2.916753 55.135691
 12.220000 -3.020792 2.898753 53.313453
 12.240000 -2.944155 3.048247 55.558128
 12.260000 -3.136966 3.077810 46.303430
 12.280000 -3.127099 3.124852 46.297986
 12.300000 2.983980 2.952474 42.880306
 12.320000 3.038003 3.042506 43.419436
 12.340000 -3.140288 3.114654 45.916168
 12.360000 -3.107639 3.033888 47.779412
 12.380000 -2.901929 2.917857 59.918359
 12.400000 -2.790040 2.897658 68.132101
 12.420000 -2.903953 2.852961 60.819684
 12.440000 -2.859222 2.775983 65.189404
 12.460000 -3.139401 2.687567 51.038031
 12.480000 3.028429 2.724983 46.403474
 12.500000 3.037206 2.644919 47.826616
 12.520000 3.032295 2.691033 46.993809
 12.540000 -3.025893 2.829663 54.071361
 12.560000 -2.930878 2.961244 57.470048
 12.580000 -2.973907 3.040778 53.973229
 12.600000 -2.986643 3.071416 52.948168
 12.620000 -3.121638 -3.101709 46.122632
 12.640000 3.117819 -2.945470 44.182392
 12.660000 -3.139086 -2.984877 45.032543
 12.680000 -3.131236 -3.045925 45.508936
 12.700000 -2.973277 -3.056689 52.229704
 12.720000 -3.014814 -3.114402 50.613295
 12.740000 -3.096394 3.062763 47.952934
 12.760000 3.113639 3.061195 45.357435
 12.780000 3.033818 3.029817 43.406574
 12.800000 3.072003 3.022029 44.436027
 12.820000 -3.082862 3.005201 49.082101
 12.840000 -3.097391 2.947305 49.117353
 12.860000 -3.001402 3.099906 51.893090
 12.880000 -2.976880 3.096681 53.199287
 12.900000 -3.012023 3.016707 52.248596
 12.920000 -3.015035 2.958158 52.808297
 12.940000 -3.103034 2.894749 49.523836
 12.960000 3.080936 2.936699 45.450010
 12.980000 3.069428 2.948369 44.996084
 13.000000 3.060153 2.827883 46.022080
 13.020000 -3.099463 2.876709 49.911922
 13.040000 -3.138399 2.937499 47.605882
 13.060000 -3.057009 2.992095 50.366773
 13.080000 -3.032230 3.099144 50.400222
 13.100000 -3.082587 3.087933 48.286850
 13.120000 -3.005258 3.025825 52.487875
 13.140000 -3.090770 3.050076 48.298697
 13.160000 3.135237 3.102523 45.745926
 13.180000 -3.091758 3.029054 48.463791
 13.200000 -3.118680 3.023208 47.456000
 13.220000 -3.124930 2.896235 48.609497
 13.240000 -3.004018 3.030174 52.501805
 13.260000 3.039710 2.931750 44.336961
 13.280000 -3.070623 2.962760 50.092397
 13.300000 3.084270 2.870932 46.264649
 13.320000 -3.078879 3.032574 48.966421
 13.340000 -3.097153 2.950593 49.088948
 13.360000 -3.006927 3.084735 51.767511
 13.380000 -3.063938 3.027199 49.670371
 13.400000 -2.958385 2.992308 55.432733
 13.420000 3.138758 3.034328 46.412441
 13.440000 -3.132728 3.051454 46.675180
 13.460000 -3.087854 3.121260 47.792240
 13.480000 -3.112218 3.087429 47.122668
 13.500000 -2.899892 -3.086640 56.613561
 13.520000 -3.030425 3.132155 50.184925
 13.540000 -3.022931 -2.973233 49.322722
 13.560000 3.071963 -3.079875 43.396020
 13.580000 3.040582 -2.983665 42.492012
 13.600000 3.002846 -2.952974 41.856934
 13.620000 -2.988396 -2.974124 50.924201
 13.640000 -3.062722 -3.063013 48.122310
 13.660000 -2.792440 -3.040344 63.293366
 13.680000 -2.963348 3.139785 53.500194
 13.700000 -3.120456 3.124210 46.537610
 13.720000 3.085078 3.105134 44.214544
 13.740000 3.003884 3.097841 42.387323
 13.760000 3.083981 3.047209 44.578095
 13.780000 -3.072790 2.987020 49.716761
 13.800000 -3.007524 3.022361 52.411849
 13.820000 -2.919679 3.011213 57.477221
 13.840000 -2.964601 2.956864 55.546446
 13.860000 -3.140014 2.840911 48.733487
 13.880000 -3.139025 2.892632 48.105701
 13.900000 3.018548 2.927302 43.849062
 13.920000 -3.035744 3.093394 50.290542
 13.940000 -3.108564 2.947882 48.650580
 13.960000 -2.985908 2.997350 53.842898
 13.980000 -2.970357 3.136748 53.151143
 14.000000 -3.080186 -3.134678 47.890077
 14.020000 -3.080429 3.125660 48.056531
 14.040000 3.129190 3.099482 45.569603
 14.060000 3.112077 3.063695 45.289306
 14.080000 -3.092825 -3.033581 46.786890
 14.100000 -3.127373 3.126136 46.279446
 14.120000 -3.084136 3.135061 47.833076
 14.140000 -3.008058 3.124297 51.327991
 14.160000 -3.138614 -3.126053 45.693737
 14.180000 -3.031127 3.102808 50.417491
 14.200000 -3.083355 3.012477 48.984147
 14.220000 -3.064444 3.014799 49.779936
 14.240000 -2.956391 2.934406 56.333799
 14.260000 -2.992433 2.960538 53.960474
 14.280000 -3.068578 2.914443 50.781770
 14.300000 -3.126572 2.961008 47.794017
 14.320000 3.080386 2.970788 45.108166
 14.340000 3.011043 2.890314 44.009575
 14.360000 -3.042977 2.993404 51.004084
 14.380000 -3.062122 3.052482 49.492402
 14.400000 -2.941827 3.052588 55.641648
 14.420000 -3.038410 2.936235 51.923715
 14.440000 3.107271 3.068663 45.103925
 14.460000 3.076494 3.137412 43.800512
 14.480000 3.023165 3.108218 42.717133
 14.500000 3.051665 2.931850 44.654011
 14.520000 -3.054496 3.076453 49.597147
 14.540000 -3.056251 3.134420 49.002963
 14.560000 -3.078810 2.990643 49.413997
 14.580000 -3.050372 3.025522 50.300353
 14.600000 -3.101521 3.028415 48.074668
 14.620000 -3.019740 3.124833 50.754812
 14.640000 -3.085886 2.962769 49.424654
 14.660000 -3.017488 2.985720 52.339857
 14.680000 -3.014181 3.003456 52.294151
 14.700000 -2.888750 3.055520 58.848308
 14.720000 -3.100682 2.755101 51.626994
 14.740000 -3.078918 2.908302 50.394743
 14.760000 3.066527 2.900905 45.384924
 14.780000 3.129055 2.980982 46.578363
 14.800000 3.125764 2.824087 48.294733
 14.820000 -3.121182 2.797991 50.093962
 14.840000 -2.979345 3.083840 53.202063
 14.860000 -3.106585 3.011723 48.039761
 14.880000 -3.115178 3.041418 47.416645
 14.900000 3.122473 2.991041 46.253696
 14.920000 3.070637 3.109675 43.803460
 14.940000 3.103063 3.126780 44.588750
 14.960000 -3.090745 3.113063 47.743320
 14.980000 -3.071633 3.092316 48.705281
 15.000000 -2.920064 -3.097756 55.513340
 15.020000 -2.989825 3.141175 52.089875
 15.040000 -3.043118 -3.029383 48.745302
 15.060000 -3.122907 -3.008133 45.624666
 15.080000 3.056349 -3.095402 43.091297
 15.100000 3.102256 3.107722 44.684316
 15.120000 -3.062876 3.065644 49.330305
 15.140000 -3.123230 3.073432 46.830362
 15.160000 -2.856790 2.967851 62.165858
 15.180000 -2.946938 2.900495 57.389905
 15.200000 -3.054539 2.748666 53.910079
 15.220000 -3.104360 2.794810 50.859130
 15.240000 2.975026 2.811349 43.975668
 15.260000 2.921745 2.703658 44.080647
 15.280000 3.061383 2.806661 46.321371
 15.300000 3.128898 2.735934 49.675379
 15.320000 -2.947089 2.981341 56.228820
 15.340000 -2.920973 2.882079 59.263843
 15.360000 -3.049902 3.009414 50.498322
 15.380000 -3.042585 -3.126146 49.423163
 15.400000 3.095974 -3.085782 44.027169
 15.420000 3.030819 -2.945384 42.289327
 15.440000 -3.080291 -2.811422 46.590732
 15.460000 -3.030820 -2.731103 48.305609
 15.480000 -2.913956 -2.605897 53.126607
 15.500000 -2.901446 -2.533141 53.460479
 15.520000 -2.923015 -2.630414 52.772194
 15.540000 -2.970798 -2.575240 50.516573
 15.560000 -2.986635 -2.601496 49.908539
 15.580000 3.025377 -2.737499 42.581107
 15.600000 2.962202 -2.823445 41.658187
 15.620000 2.841104 -2.919723 41.028135
 15.640000 2.999042 -2.912846 41.828831
 15.660000 3.119395 -3.094862 44.726894
 15.680000 -3.059685 -3.136863 48.758920
 15.700000 -3.015338 3.022664 52.013694
 15.720000 -3.068391 2.951957 50.321470
 15.740000 3.120877 2.757680 49.040187
 15.760000 -3.126875 2.666377 51.918186
 15.780000 -3.104283 2.593306 54.199494
 15.800000 -3.003112 2.528427 60.688668
 15.820000 -2.978489 2.486926 62.935940
 15.840000 -3.057301 2.404311 60.049485
 15.860000 -2.950076 2.539256 63.675175
 15.880000 -3.015538 2.629892 58.061208
 15.900000 -2.951316 2.843478 58.018820
 15.920000 -3.109647 2.920348 48.930617
 15.940000 -3.087570 3.079079 48.161538
 15.960000 3.133073 -3.088296 45.109906
 15.980000 -3.037012 -2.974524 48.718338
 16.000000 3.113876 -3.014417 44.249092
 16.020000 -3.088752 -2.836305 46.330094
 16.040000 3.018657 -2.926118 42.094651
 16.060000 3.140718 -2.801429 44.695332
 16.080000 3.109006 -2.734194 44.007172
 16.100000 3.103073 -2.741546 43.865447
 16.120000 -3.056536 -2.627796 47.360564
 16.140000 -3.077835 -2.620162 46.694871
 16.160000 -2.942714 -2.561784 51.679885
 16.180000 -2.914030 -2.684232 53.400125
 16.200000 -2.882691 -2.683920 55.036852
 16.220000 -2.971538 -2.843265 51.129837
 16.240000 -2.973442 -3.007478 51.870537
 16.260000 3.061886 2.989344 44.423290
 16.280000 3.068309 2.930943 45.130196
 16.300000 3.024117 2.965997 43.654464
 16.320000 -3.136982 2.821979 49.110624
 16.340000 -3.046007 2.612159 56.744703
 16.360000 -2.963116 2.761124 58.704611
 16.380000 -3.008227 2.803613 55.420794
 16.400000 -3.068550 2.779025 52.738303
 16.420000 2.979920 2.598872 46.856262
 16.440000 3.066299 2.514333 50.949554
 16.460000 3.129774 2.704366 50.198965
 16.480000 -3.063576 2.776593 53.015961
 16.500000 -2.946339 2.806985 58.925984
 16.520000 -3.137089 2.891296 48.196325
 16.540000 -3.091061 -3.105474 47.263222
 16.560000 3.137340 -2.981397 44.819012
 16.580000 3.132136 -2.831459 44.460426
 16.600000 -3.088299 -2.802329 46.313647
 16.620000 -2.892981 -2.671115 54.433249
 16.640000 -2.909559 -2.658255 53.530580
 16.660000 -2.892695 -2.727829 54.693593
 16.680000 -3.003570 -2.682135 49.319309
 16.700000 3.066237 -2.830390 42.980927
 16.720000 3.103262 -2.869943 43.738362
 16.740000 2.849382 -3.067917 40.633490
 16.760000 3.063780 -2.966567 42.930320
 16.780000 3.098730 -3.105196 44.188890
 16.800000 -3.082616 3.069751 48.449797
 16.820000 -2.960054 2.930980 56.170377
 16.840000 -2.975933 3.040234 53.869192
 16.860000 -3.099165 2.758799 51.637254
 16.880000 -3.097636 2.627181 53.908740
 16.900000 2.993707 2.455244 49.560724
 16.920000 3.126574 2.401355 55.362792
 16.940000 -3.074238 2.485249 57.657508
 16.960000 3.110168 2.354459 55.516353
 16.980000 -2.963965 2.524161 63.103926
 17.000000 -2.973150 2.539070 62.254752
 17.020000 -2.930113 2.685598 62.114780
 17.040000 -2.817703 2.848655 66.878597
 17.060000 -2.956491 2.761367 59.097669
 17.080000 -3.052797 2.863070 52.226170
 17.100000 3.111096 2.946420 46.315624
 17.120000 2.864314 2.866062 41.637295
 17.140000 2.929913 2.886334 42.409342
 17.160000 2.952163 3.024507 41.865544
 17.180000 3.023144 3.133449 42.602414
 17.200000 -3.103424 -2.925161 46.002393
 17.220000 -3.111381 -2.791755 45.579842
 17.240000 -3.042708 -2.608577 47.832424
 17.260000 -2.927831 -2.511676 52.198604
 17.280000 -3.045073 -2.469730 47.878954
 17.300000 -2.873731 -2.416312 54.222972
 17.320000 -3.069034 -2.568306 47.024577
 17.340000 -3.004398 -2.602342 49.213768
 17.360000 -3.093838 -2.773705 46.120231
 17.380000 -3.103247 -2.779989 45.826495
 17.400000 -3.088365 -2.893770 46.440932
 17.420000 -3.105246 -2.932952 45.962519
 17.440000 -3.137427 -2.977227 45.059791
 17.460000 -3.052837 -3.038732 48.388123
 17.480000 -3.100702 -3.115260 46.961403
 17.500000 -3.081961 2.927962 50.011363
 17.520000 -2.875585 3.005420 60.361913
 17.540000 -3.070196 2.805194 52.254845
 17.560000 -2.904340 2.537726 66.680870
 17.580000 3.117599 2.430487 54.452422
 17.600000 3.089132 2.411441 53.641876
 17.620000 2.993523 2.321050 51.879200
 17.640000 3.065703 2.435572 52.317015
 17.660000 2.976275 2.253509 52.527622
 17.680000 -3.038431 2.461793 59.980220
 17.700000 -3.024171 2.548080 59.123914
 17.720000 -3.008252 2.855505 54.601988
 17.740000 -2.748603 2.936167 70.738723
 17.760000 -3.015938 2.939454 53.005078
 17.780000 -2.897232 -3.126733 57.169678
 17.800000 -3.056805 3.139603 48.936338
 17.820000 3.006398 -3.069101 42.035677
 17.840000 2.934368 -3.125182 41.171265
 17.860000 2.996800 -2.967628 41.772741
 17.880000 2.846656 -3.056637 40.644611
 17.900000 -2.945860 -2.775022 52.133314
 17.920000 -3.114534 -2.857862 45.519250
 17.940000 -2.920628 -2.772760 53.403081
 17.960000 -2.910640 -2.710982 53.674330
 17.980000 -3.031389 -2.816526 48.414802
 18.000000 -2.961335 -2.757022 51.327343
 18.020000 -2.991865 -2.882905 50.327064
 18.040000 -3.103226 -3.076177 46.630815
 18.060000 -3.058398 2.994416 50.277053
 18.080000 -3.061646 3.080956 49.238796
 18.100000 3.097166 2.820337 47.317331
 18.120000 -3.046065 2.787651 53.703287
 18.140000 -3.131934 2.629260 52.327582
 18.160000 -3.040156 2.777199 54.169741
 18.180000 -3.052107 2.727841 54.378635
 18.200000 -3.073272 2.769183 52.668551
 18.220000 3.105410 2.895836 46.673875
 18.240000 -2.964416 2.741486 58.972277
 18.260000 3.127447 2.690421 50.327181
 18.280000 -3.030292 2.835793 53.750475
 18.300000 -3.094467 2.764557 51.759049
 18.320000 3.088401 2.857997 46.551802
 18.340000 -3.115703 2.812219 50.118025
 18.360000 3.075059 2.907761 45.568321
 18.380000 -3.115827 3.054591 47.271147
 18.400000 -3.072553 -3.116405 48.067671
 18.420000 -3.055658 -3.090207 48.589593
 18.440000 -2.960123 -2.975765 52.347972
 18.460000 -3.055114 -2.941684 47.829154
 18.480000 -3.047938 -2.873027 47.888791
 18.500000 -3.104219 -3.020717 46.314065
 18.520000 3.138256 -3.056288 45.119547
 18.540000 3.100879 -3.108945 44.265902
 18.560000 -3.110387 -3.076905 46.376727
 18.580000 3.088897 3.082137 44.469900
 18.600000 -3.080238 3.069562 48.550487
 18.620000 3.138329 3.071995 46.078737
 18.640000 -3.113330 3.039032 47.509734
 18.660000 -3.130866 3.037611 46.866693
 18.680000 3.125480 2.901893 47.303473
 18.700000 -3.105831 2.903611 49.293803
 18.720000 -3.107308 2.794172 50.740413
 18.740000 3.055068 2.714363 47.366517
 18.760000 -3.116603 2.794579 50.336321
 18.780000 -3.067059 2.775488 52.865501
 18.800000 -3.041322 2.880838 52.532674
 18.820000 -2.883017 2.857974 62.117316
 18.840000 -2.940482 2.968973 56.785409
 18.860000 -2.910216 3.017711 57.976322
 18.880000 -2.915040 3.091157 56.784839
 18.900000 -3.140491 2.929792 47.614404
 18.920000 -3.123453 3.020305 47.303519
 18.940000 3.095458 3.067584 44.759549
 18.960000 3.124793 3.125726 45.252364
 18.980000 -3.087459 3.082714 48.133697
 19.000000 3.096053 3.131998 44.357423
 19.020000 3.066913 -2.964250 42.993348
 19.040000 -3.122915 -2.892565 45.304669
 19.060000 3.011746 -2.876090 42.039248
 19.080000 -3.048897 -2.788455 47.688293
 19.100000 -3.069412 -2.723263 46.911306
 19.120000 -3.036365 -2.833016 48.250656
 19.140000 -2.957933 -2.853396 51.834801
 19.160000 -3.010132 -3.002678 50.059826
 19.180000 -3.057549 3.118647 49.079621
 19.200000 -3.058216 3.050649 49.684096
 19.220000 3.138835 2.882065 48.034934
 19.240000 -3.063892 2.900711 51.178912
 19.260000 -3.062571 2.708281 54.188976
 19.280000 -3.031816 2.676375 56.327376
 19.300000 -2.924869 2.787289 60.599267
 19.320000 -2.931988 2.696579 61.789387
 19.340000 -2.880313 2.573229 67.624790
 19.360000 -2.974702 2.574906 61.469068
 19.380000 -3.091180 2.472256 57.059037
 19.400000 3.111330 2.656141 50.244800
 19.420000 3.024612 2.612596 47.934277
 19.440000 2.846189 2.571860 44.376756
 19.460000 2.985070 2.669857 45.963854
 19.480000 3.014066 2.831001 44.690674
 19.500000 -3.074299 3.052862 48.959933
 19.520000 -2.915626 3.091522 56.745229
 19.540000 -3.052852 -3.134032 49.031969
 19.560000 -2.983435 -2.883878 50.726134
 19.580000 3.093475 -2.850478 43.517788
 19.600000 3.016059 -2.906140 42.067753
 19.620000 3.118913 -2.916218 44.162435
 19.640000 -2.980021 -2.871910 50.838715
 19.660000 -3.021243 -2.926470 49.181700
 19.680000 -2.802886 -2.860638 60.941345
 19.700000 -2.957245 -2.981842 52.537289
 19.720000 -2.882560 -2.814638 55.680052
 19.740000 -3.037098 -2.949411 48.599639
 19.760000 3.020328 -3.085170 42.320825
 19.780000 2.998917 -3.059848 41.895440
 19.800000 3.077398 -3.101325 43.613942
 19.820000 3.055592 2.885459 45.229428
 19.840000 -3.139900 2.834157 48.829042
 19.860000 -3.141005 2.680737 51.082523
 19.880000 -3.126849 2.671467 51.834363
 19.900000 -3.118936 2.568737 53.966576
 19.920000 3.134958 2.287199 57.758530
 19.940000 -3.095770 2.424704 57.722083
 19.960000 -3.078957 2.453114 58.024694
 19.980000 -3.013902 2.486412 60.873686
 20.000000 -3.017650 2.487383 60.643209
