#! FIELDS time phi psi metad.bias
#! SET min_phi -pi
#! SET max_phi pi
#! SET min_psi -pi
#! SET max_psi pi
 0.000000 3.141580 -3.141577 35.442330
 0.020000 -2.555830 2.843663 36.486480
 0.040000 -2.544334 2.867577 36.315832
 0.060000 -2.523140 2.890298 36.082394
 0.080000 -2.572093 2.835585 36.616066
 0.100000 -2.552859 2.863611 36.384567
 0.120000 -2.612145 2.799364 36.983151
 0.140000 -2.685646 2.787303 37.436728
 0.160000 -2.687178 2.733995 37.592753
 0.180000 -2.700299 2.740961 37.646071
 0.200000 -2.707305 2.750380 37.658765
 0.220000 -2.605058 2.772942 37.022990
 0.240000 -2.615419 2.764996 37.107077
 0.260000 -2.473311 2.820058 36.071668
 0.280000 -2.458116 2.843421 35.894652
 0.300000 -2.489787 2.808831 36.209597
 0.320000 -2.440567 2.852032 35.755956
 0.340000 -2.437146 2.760479 36.033031
 0.360000 -2.398944 2.751417 35.835850
 0.380000 -2.338000 2.798846 35.373759
 0.400000 -2.351360 2.724087 35.644102
 0.420000 -2.319049 2.801961 35.269726
 0.440000 -2.216037 2.869070 34.567634
 0.460000 -2.286610 2.903407 34.700502
 0.480000 -2.251853 2.904970 34.538268
 0.500000 -2.359664 2.975668 34.669383
 0.520000 -2.570617 2.931136 36.141600
 0.540000 -2.532615 2.940115 35.868903
 0.560000 -2.667040 2.841691 37.132891
 0.580000 -2.612561 2.866049 36.723437
 0.600000 -2.585729 2.855022 36.617300
 0.620000 -2.626843 2.929865 36.462235
 0.640000 -2.591465 2.866288 36.600815
 0.660000 -2.589007 2.811757 36.804310
 0.680000 -2.712128 2.867505 37.242086
 0.700000 -2.715570 2.843219 37.372502
 0.720000 -2.804142 3.037014 36.401974
 0.740000 -2.853219 2.955797 37.207729
 0.760000 -2.668587 3.010918 36.102908
 0.780000 -2.717288 2.972895 36.614954
 0.800000 -2.520258 3.020800 35.254038
 0.820000 -2.469767 3.047171 34.772985
 0.840000 -2.338133 3.019011 34.274245
 0.860000 -2.274565 3.018696 33.964547
 0.880000 -2.197144 2.989719 33.833887
 0.900000 -2.400798 3.092642 34.037700
 0.920000 -2.366021 2.991268 34.605060
 0.940000 -2.357326 3.051963 34.135093
 0.960000 -2.386293 2.853858 35.434924
 0.980000 -2.251954 2.866614 34.718426
 1.000000 -2.404762 2.867972 35.480732
 1.020000 -2.374009 2.794823 35.574803
 1.040000 -2.316913 2.807852 35.239180
 1.060000 -2.333913 2.642923 35.704034
 1.080000 -2.378209 2.645357 35.917253
 1.100000 -2.383754 2.620793 35.973496
 1.120000 -2.503471 2.637969 36.637249
 1.140000 -2.631433 2.531458 37.413751
 1.160000 -2.546769 2.604169 36.918570
 1.180000 -2.715854 2.525716 37.862584
 1.200000 -2.508283 2.504801 36.689885
 1.220000 -2.589933 2.549585 37.180633
 1.240000 -2.471701 2.537887 36.485661
 1.260000 -2.323389 2.600388 35.708464
 1.280000 -2.350528 2.535997 35.874455
 1.300000 -2.330046 2.523876 35.794071
 1.320000 -2.393584 2.648532 35.993723
 1.340000 -2.533855 2.656500 36.805977
 1.360000 -2.552910 2.686623 36.887162
 1.380000 -2.469293 2.668906 36.399759
 1.400000 -2.632324 2.725294 37.301612
 1.420000 -2.369311 2.806846 35.510858
 1.440000 -2.408062 2.777444 35.817862
 1.460000 -2.435935 2.788459 35.948122
 1.480000 -2.281817 2.885630 34.763569
 1.500000 -2.399167 2.818682 35.637471
 1.520000 -2.528111 2.929360 35.905158
 1.540000 -2.521150 2.925311 35.887081
 1.560000 -2.813653 2.834169 37.809834
 1.580000 -2.873429 2.950261 37.298442
 1.600000 -2.804267 2.959882 37.035597
 1.620000 -2.893114 3.021163 36.760543
 1.640000 -2.740666 2.987200 36.603322
 1.660000 -2.558063 3.102752 34.760711
 1.680000 -2.574003 3.008007 35.645398
 1.700000 -2.435471 2.974841 35.093271
 1.720000 -2.501610 2.985630 35.400580
 1.740000 -2.732845 2.989776 36.551834
 1.760000 -2.711116 3.075152 35.720536
 1.780000 -2.836358 2.995412 36.854417
 1.800000 -2.834175 3.008633 36.737607
 1.820000 -2.727830 3.026176 36.232296
 1.840000 -2.654588 -3.136825 34.769993
 1.860000 -2.528890 3.082751 34.792969
 1.880000 -2.345621 3.082898 33.833424
 1.900000 -2.380835 3.032327 34.403507
 1.920000 -2.323474 3.106215 33.532162
 1.940000 -2.469016 3.087917 34.435684
 1.960000 -2.554258 2.934144 36.029811
 1.980000 -2.532975 2.927037 35.946896
 2.000000 -2.499155 2.875941 36.005845
 2.020000 -2.575706 2.938725 36.125311
 2.040000 -2.508102 2.907703 35.904783
 2.060000 -2.468544 2.889297 35.759913
 2.080000 -2.398728 2.842432 35.549331
 2.100000 -2.339428 2.832138 35.266633
 2.120000 -2.532181 2.681648 36.766360
 2.140000 -2.520939 2.697353 36.673943
 2.160000 -2.679506 2.710646 37.597787
 2.180000 -2.721597 2.563147 37.918264
 2.200000 -2.738921 2.646007 37.993235
 2.220000 -2.748880 2.573591 38.053984
 2.240000 -2.676232 2.670570 37.640542
 2.260000 -2.488286 2.624129 36.556191
 2.280000 -2.482190 2.528912 36.545462
 2.300000 -2.330075 2.649063 35.677656
 2.320000 -2.365999 2.613429 35.891676
 2.340000 -2.504585 2.644582 36.638462
 2.360000 -2.415503 2.639119 36.123370
 2.380000 -2.444729 2.718166 36.173682
 2.400000 -2.443888 2.664946 36.255014
 2.420000 -2.252310 2.925336 34.435168
 2.440000 -2.335335 2.800771 35.353964
 2.460000 -2.255800 2.879019 34.678725
 2.480000 -2.130585 2.895601 34.200543
 2.500000 -2.205066 2.861203 34.564168
 2.520000 -2.150045 2.860297 34.419057
 2.540000 -2.172897 2.870830 34.425077
 2.560000 -2.243760 2.918611 34.434565
 2.580000 -2.270607 2.940769 34.431844
 2.600000 -2.178289 2.839115 34.580905
 2.620000 -2.375253 2.933064 35.001345
 2.640000 -2.199575 3.051610 33.409628
 2.660000 -2.228427 2.931562 34.302343
 2.680000 -2.337905 2.915991 34.891523
 2.700000 -2.368553 2.835989 35.406159
 2.720000 -2.473096 2.746149 36.283021
 2.740000 -2.644568 2.859205 36.933717
 2.760000 -2.605869 2.617473 37.272671
 2.780000 -2.712525 2.653688 37.854482
 2.800000 -2.859772 2.665952 38.453159
 2.820000 -2.750164 2.672021 38.019925
 2.840000 -2.934073 2.620582 38.665588
 2.860000 -2.796751 2.671342 38.221691
 2.880000 -2.778785 2.753734 37.981870
 2.900000 -2.658642 2.797758 37.254455
 2.920000 -2.685019 2.856713 37.160075
 2.940000 -2.516604 2.867340 36.149743
 2.960000 -2.570227 3.016257 35.562350
 2.980000 -2.378445 3.141117 33.499571
 3.000000 -2.351124 2.996071 34.495501
 3.020000 -2.425900 3.076140 34.306362
 3.040000 -2.287259 -3.017784 31.848968
 3.060000 -2.376930 3.137356 33.526135
 3.080000 -2.351737 3.049292 34.126257
 3.100000 -2.357629 3.079673 33.920684
 3.120000 -2.357017 3.139804 33.405488
 3.140000 -2.428548 3.095161 34.161418
 3.160000 -2.308708 3.007598 34.203702
 3.180000 -2.540495 2.968117 35.739552
 3.200000 -2.472698 2.904036 35.712518
 3.220000 -2.530154 2.982621 35.583831
 3.240000 -2.680865 2.751394 37.516934
 3.260000 -2.630208 2.781964 37.144492
 3.280000 -2.781415 2.707597 38.103431
 3.300000 -2.762678 2.707588 38.022519
 3.320000 -2.797468 2.594027 38.266762
 3.340000 -2.822248 2.669317 38.320928
 3.360000 -2.757988 2.715424 37.985912
 3.380000 -2.627611 2.741073 37.239848
 3.400000 -2.659357 2.602017 37.591748
 3.420000 -2.506819 2.736730 36.511597
 3.440000 -2.478235 2.804326 36.153560
 3.460000 -2.450534 2.789780 36.031273
 3.480000 -2.371982 2.822871 35.471636
 3.500000 -2.387146 2.738545 35.801119
 3.520000 -2.432962 2.936591 35.306187
 3.540000 -2.486814 2.793251 36.240916
 3.560000 -2.560648 2.846959 36.502095
 3.580000 -2.557438 2.836983 36.522556
 3.600000 -2.448579 2.940853 35.372287
 3.620000 -2.568218 2.895491 36.323652
 3.640000 -2.508279 2.947077 35.685294
 3.660000 -2.533225 2.973129 35.665067
 3.680000 -2.607528 3.073379 35.276656
 3.700000 -2.602954 3.002160 35.843790
 3.720000 -2.700875 2.881094 37.118694
 3.740000 -2.728898 3.022437 36.268637
 3.760000 -2.782007 2.929897 37.172033
 3.780000 -2.833784 2.859216 37.754121
 3.800000 -2.899148 2.717969 38.473613
 3.820000 -2.797129 2.824829 37.794298
 3.840000 -2.693160 2.819653 37.359009
 3.860000 -2.635338 2.898607 36.687136
 3.880000 -2.545706 2.779334 36.644125
 3.900000 -2.551342 2.815606 36.563915
 3.920000 -2.575382 2.885591 36.415285
 3.940000 -2.653221 2.843238 37.051484
 3.960000 -2.556099 2.842782 36.491628
 3.980000 -2.608726 2.744937 37.118228
 4.000000 -2.348350 2.798159 35.428739
 4.020000 -2.429754 2.774262 35.952559
 4.040000 -2.402052 2.815555 35.664510
 4.060000 -2.364420 2.659856 35.827154
 4.080000 -2.258047 2.782394 35.065210
 4.100000 -2.336651 2.796904 35.373350
 4.120000 -2.348322 2.853773 35.229857
 4.140000 -2.546420 2.773146 36.665684
 4.160000 -2.656197 2.780423 37.298087
 4.180000 -2.663632 2.785685 37.322748
 4.200000 -2.764837 2.716083 38.015279
 4.220000 -2.736248 2.697364 37.916941
 4.240000 -2.822171 2.804513 37.965820
 4.260000 -2.716842 2.847808 37.358006
 4.280000 -2.740656 2.821791 37.579074
 4.300000 -2.573235 2.895564 36.352569
 4.320000 -2.605974 2.944140 36.260780
 4.340000 -2.527187 3.021195 35.289447
 4.360000 -2.645189 3.013655 35.969202
 4.380000 -2.658753 3.022099 35.966033
 4.400000 -2.667903 3.038958 35.866611
 4.420000 -2.728115 3.010379 36.366851
 4.440000 -2.621564 2.907504 36.563186
 4.460000 -2.579178 2.949757 36.076714
 4.480000 -2.356709 2.982513 34.611352
 4.500000 -2.364305 2.926275 34.978167
 4.520000 -2.187643 2.809399 34.727613
 4.540000 -2.382333 2.892870 35.243695
 4.560000 -2.240280 2.874179 34.636856
 4.580000 -2.399188 2.859914 35.482750
 4.600000 -2.366356 2.677624 35.809133
 4.620000 -2.361283 2.757896 35.614289
 4.640000 -2.521463 2.710184 36.655410
 4.660000 -2.529961 2.624941 36.806790
 4.680000 -2.559902 2.565858 37.004156
 4.700000 -2.551510 2.517916 36.942955
 4.720000 -2.499146 2.528082 36.642361
 4.740000 -2.520746 2.462026 36.739531
 4.760000 -2.744085 2.415974 37.824494
 4.780000 -2.681093 2.345823 37.407003
 4.800000 -2.813316 2.359034 37.945729
 4.820000 -2.795405 2.246045 37.574952
 4.840000 -2.699886 2.212437 37.207605
 4.860000 -2.791898 2.348539 37.849321
 4.880000 -2.621386 2.489713 37.323321
 4.900000 -2.600677 2.421199 37.135331
 4.920000 -2.435683 2.494120 36.291496
 4.940000 -2.263836 2.536717 35.549548
 4.960000 -2.191339 2.745805 34.961542
 4.980000 -2.154462 2.655354 35.128233
 5.000000 -2.174500 2.638900 35.191309
 5.020000 -2.163121 2.675110 35.095139
 5.040000 -2.124607 2.842122 34.455420
 5.060000 -2.249789 2.715525 35.225594
 5.080000 -2.307125 2.821950 35.143185
 5.100000 -2.289158 2.886984 34.791363
 5.120000 -2.362872 3.082388 33.925686
 5.140000 -2.462321 3.015693 34.968450
 5.160000 -2.435974 3.050366 34.564910
 5.180000 -2.491267 -3.073930 33.367685
 5.200000 -2.453009 -3.112982 33.591242
 5.220000 -2.464347 3.126554 34.067206
 5.240000 -2.433412 3.043736 34.601742
 5.260000 -2.627891 -3.128999 34.572584
 5.280000 -2.501410 -3.103509 33.727397
 5.300000 -2.737791 3.078949 35.785485
 5.320000 -2.692499 3.088126 35.520672
 5.340000 -2.753428 3.106484 35.564199
 5.360000 -2.784428 -3.064627 34.379992
 5.380000 -2.901278 3.086140 36.147867
 5.400000 -2.861184 3.109314 35.834412
 5.420000 -2.973390 3.061116 36.470414
 5.440000 -2.803732 3.124815 35.528303
 5.460000 -2.758160 2.995285 36.606172
 5.480000 -2.685404 3.029258 36.028107
 5.500000 -2.544811 3.014965 35.433791
 5.520000 -2.462921 3.080342 34.467725
 5.540000 -2.308887 2.893869 34.853712
 5.560000 -2.352229 2.855202 35.244676
 5.580000 -2.254509 2.966535 34.210739
 5.600000 -2.372251 2.987744 34.660831
 5.620000 -2.145899 2.807552 34.643359
 5.640000 -2.208011 2.682218 35.174076
 5.660000 -2.124858 2.717734 34.935273
 5.680000 -2.023699 2.727645 34.932731
 5.700000 -2.022878 2.710399 34.997665
 5.720000 -1.983517 2.565409 35.508992
 5.740000 -1.981809 2.589811 35.459419
 5.760000 -2.057168 2.697514 34.997693
 5.780000 -2.243726 2.647738 35.345282
 5.800000 -2.168741 2.565742 35.309593
 5.820000 -2.424733 2.510918 36.234261
 5.840000 -2.299926 2.559553 35.652073
 5.860000 -2.483271 2.477868 36.542241
 5.880000 -2.532666 2.387930 36.745848
 5.900000 -2.534664 2.501927 36.839085
 5.920000 -2.575769 2.620097 37.088702
 5.940000 -2.667872 2.665985 37.599019
 5.960000 -2.769916 2.654250 38.128537
 5.980000 -2.858419 2.763485 38.238422
 6.000000 -2.868750 2.859260 37.857794
 6.020000 -2.733773 3.047533 36.066074
 6.040000 -2.742757 2.891484 37.253587
 6.060000 -2.543793 3.026865 35.337084
 6.080000 -2.503577 -3.099516 33.695948
 6.100000 -2.534807 -2.963554 32.266555
 6.120000 -2.405605 -3.069386 32.922514
 6.140000 -2.469159 3.126304 34.094007
 6.160000 -2.375162 -2.941306 31.364203
 6.180000 -2.428184 -3.006416 32.339528
 6.200000 -2.360251 -3.019889 32.190598
 6.220000 -2.443613 3.108514 34.123915
 6.240000 -2.201643 -3.014686 31.464219
 6.260000 -2.297414 3.086423 33.567789
 6.280000 -2.407257 2.978847 34.909489
 6.300000 -2.359287 2.790564 35.509837
 6.320000 -2.480020 2.828284 36.083518
 6.340000 -2.474260 2.627782 36.470458
 6.360000 -2.430382 2.481908 36.263958
 6.380000 -2.469303 2.438845 36.454023
 6.400000 -2.456071 2.369766 36.362410
 6.420000 -2.311293 2.368275 35.799544
 6.440000 -2.516180 2.143979 36.572170
 6.460000 -2.393351 1.981570 36.717591
 6.480000 -2.426437 2.038775 36.562966
 6.500000 -2.441836 2.062002 36.526776
 6.520000 -2.263866 1.992294 36.544936
 6.540000 -2.332673 2.000595 36.575749
 6.560000 -2.329706 2.017383 36.504164
 6.580000 -2.316065 2.129712 36.123261
 6.600000 -2.303408 2.084493 36.231381
 6.620000 -2.325198 2.098730 36.220351
 6.640000 -2.031399 2.370018 35.662349
 6.660000 -2.136774 2.334535 35.573833
 6.680000 -2.140313 2.409026 35.484334
 6.700000 -2.079973 2.443341 35.480503
 6.720000 -2.174551 2.480837 35.423806
 6.740000 -2.079797 2.626106 35.174615
 6.760000 -2.018358 2.670292 35.139708
 6.780000 -2.138820 2.557639 35.294680
 6.800000 -2.165845 2.776416 34.801182
 6.820000 -2.169664 2.883454 34.355559
 6.840000 -2.188133 2.968933 33.935417
 6.860000 -2.181091 2.991687 33.765522
 6.880000 -2.156387 2.980524 33.761542
 6.900000 -2.352453 -3.114772 33.119269
 6.920000 -2.338289 -3.070734 32.622769
 6.940000 -2.451510 3.098112 34.256142
 6.960000 -2.492265 -3.125164 33.903960
 6.980000 -2.462115 -2.945584 31.763134
 7.000000 -2.617367 -3.059728 33.754623
 7.020000 -2.737925 3.122706 35.341688
 7.040000 -2.610785 -2.963550 32.540477
 7.060000 -2.790274 -3.021296 33.840630
 7.080000 -2.794611 -3.119107 35.063086
 7.100000 -2.676529 -3.135913 34.849861
 7.120000 -2.926408 -3.108710 35.194400
 7.140000 -2.857194 3.096964 35.956601
 7.160000 -2.844350 2.989683 36.921977
 7.180000 -2.867231 2.854165 37.880271
 7.200000 -2.633248 2.976609 36.188444
 7.220000 -2.407438 3.062320 34.319028
 7.240000 -2.385531 3.006299 34.610419
 7.260000 -2.184958 2.938913 34.104803
 7.280000 -2.106301 2.970296 33.703735
 7.300000 -2.132655 3.088421 32.898183
 7.320000 -2.002931 2.974304 33.572011
 7.340000 -2.083649 2.986098 33.554305
 7.360000 -2.131045 2.938830 33.956554
 7.380000 -2.081717 3.016652 33.332534
 7.400000 -2.205091 2.837037 34.666833
 7.420000 -2.061280 2.813091 34.541228
 7.440000 -2.061494 2.931634 33.887689
 7.460000 -2.029866 2.743206 34.863840
 7.480000 -2.119804 2.820745 34.546279
 7.500000 -2.126008 2.759821 34.797106
 7.520000 -2.263044 2.693742 35.322597
 7.540000 -2.303132 2.636008 35.579400
 7.560000 -2.326331 2.581683 35.738962
 7.580000 -2.522557 2.464391 36.750924
 7.600000 -2.408034 2.579247 36.130847
 7.620000 -2.572457 2.566839 37.079827
 7.640000 -2.569158 2.402962 36.948615
 7.660000 -2.462036 2.548275 36.431773
 7.680000 -2.666881 2.531688 37.611880
 7.700000 -2.586031 2.594946 37.160090
 7.720000 -2.634638 2.407078 37.292030
 7.740000 -2.668207 2.505004 37.595309
 7.760000 -2.657041 2.547475 37.567736
 7.780000 -2.478146 2.729627 36.351151
 7.800000 -2.709296 2.616010 37.860896
 7.820000 -2.474008 2.725431 36.334783
 7.840000 -2.498225 2.839883 36.151273
 7.860000 -2.448738 2.999049 35.009077
 7.880000 -2.376691 2.947005 34.931732
 7.900000 -2.356665 2.894425 35.096523
 7.920000 -2.404203 3.094402 34.040633
 7.940000 -2.311592 -3.124053 33.010768
 7.960000 -2.383002 3.092282 33.948263
 7.980000 -2.439277 3.025464 34.769693
 8.000000 -2.381876 -3.058740 32.701579
 8.020000 -2.563282 -3.096913 33.943834
 8.040000 -2.552259 -3.121418 34.151817
 8.060000 -2.617723 3.089100 35.180567
 8.080000 -2.697418 -3.090132 34.413447
 8.100000 -2.674626 -3.000763 33.234214
 8.120000 -2.763944 3.042226 36.223797
 8.140000 -2.786363 3.000888 36.658084
 8.160000 -2.762437 3.052042 36.128560
 8.180000 -2.841082 -3.073810 34.631637
 8.200000 -2.813245 2.940631 37.201853
 8.220000 -2.796008 2.990823 36.770943
 8.240000 -2.835144 2.986745 36.921799
 8.260000 -2.694742 3.125083 35.157379
 8.280000 -2.730749 2.992626 36.520928
 8.300000 -2.701751 2.997656 36.358408
 8.320000 -2.496142 3.062070 34.796106
 8.340000 -2.399677 3.139546 33.619772
 8.360000 -2.351286 2.997706 34.485682
 8.380000 -2.287649 2.888599 34.776743
 8.400000 -2.304615 3.001844 34.221862
 8.420000 -2.299029 2.898914 34.781542
 8.440000 -2.136541 2.789534 34.700204
 8.460000 -2.249506 2.702276 35.255765
 8.480000 -2.262224 2.854548 34.813779
 8.500000 -2.200792 2.862429 34.544861
 8.520000 -2.220753 2.790602 34.900418
 8.540000 -2.168712 2.773720 34.816831
 8.560000 -2.175051 2.754581 34.895513
 8.580000 -2.276287 2.771222 35.174869
 8.600000 -2.415122 2.659361 36.097958
 8.620000 -2.340121 2.528593 35.833305
 8.640000 -2.605048 2.379742 37.103253
 8.660000 -2.515875 2.542466 36.740503
 8.680000 -2.743907 2.401650 37.794451
 8.700000 -2.730252 2.348276 37.620987
 8.720000 -2.786891 2.437350 38.040581
 8.740000 -2.690258 2.416602 37.582490
 8.760000 -2.552822 2.426126 36.885927
 8.780000 -2.529692 2.497362 36.808667
 8.800000 -2.382005 2.551783 36.012735
 8.820000 -2.233892 2.615228 35.369630
 8.840000 -2.039255 2.737003 34.877287
 8.860000 -2.115194 2.662251 35.082182
 8.880000 -1.878935 3.001453 33.496860
 8.900000 -2.091493 3.007071 33.420625
 8.920000 -1.809503 3.057148 33.150396
 8.940000 -1.800253 3.071501 33.028293
 8.960000 -1.867110 -3.115548 31.869592
 8.980000 -1.919135 -2.977801 30.388143
 9.000000 -1.850122 -3.051272 31.180510
 9.020000 -1.864321 3.099160 32.589528
 9.040000 -1.983007 -2.999664 30.701126
 9.060000 -1.898442 -2.964842 30.230852
 9.080000 -2.221071 -3.068612 32.082739
 9.100000 -2.003061 -2.876234 29.416736
 9.120000 -2.232301 -3.003043 31.462699
 9.140000 -2.365182 -2.870947 30.479427
 9.160000 -2.370033 -2.983754 31.831915
 9.180000 -2.593898 -3.109727 34.217605
 9.200000 -2.581341 -3.045572 33.443502
 9.220000 -2.778665 3.045270 36.245187
 9.240000 -2.993296 2.745259 38.508427
 9.260000 -3.059177 2.758315 38.407148
 9.280000 -3.087944 2.944177 37.367794
 9.300000 3.127934 2.672945 38.330931
 9.320000 -2.881412 2.833398 38.019869
 9.340000 -2.890315 2.697307 38.494659
 9.360000 -2.719989 2.932648 36.905733
 9.380000 -2.545253 2.909138 36.117515
 9.400000 -2.516793 2.762664 36.510277
 9.420000 -2.260589 2.771074 35.111345
 9.440000 -2.184478 2.811475 34.710995
 9.460000 -1.992767 2.862949 34.314418
 9.480000 -1.982789 2.780885 34.775372
 9.500000 -1.892374 2.699904 35.474820
 9.520000 -1.837047 2.698232 35.801202
 9.540000 -1.753239 2.818461 35.638576
 9.560000 -1.727814 2.546956 37.253816
 9.580000 -1.726137 2.734154 36.454844
 9.600000 -1.766373 2.707853 36.269396
 9.620000 -1.715178 2.692256 36.802121
 9.640000 -1.661648 2.738726 37.037021
 9.660000 -1.732955 2.543077 37.213982
 9.680000 -1.701258 2.793516 36.256547
 9.700000 -1.813268 2.745114 35.711432
 9.720000 -1.837843 2.795998 35.250750
 9.740000 -1.827334 2.631943 36.147935
 9.760000 -1.900565 2.732754 35.284884
 9.780000 -2.069964 2.736974 34.856457
 9.800000 -2.001972 2.762796 34.822834
 9.820000 -2.239286 2.701950 35.222003
 9.840000 -2.286650 2.605687 35.555108
 9.860000 -2.257931 2.780102 35.072213
 9.880000 -2.546269 2.664447 36.873918
 9.900000 -2.535667 2.756385 36.643068
 9.920000 -2.580545 2.678886 37.067484
 9.940000 -2.593036 2.656481 37.168589
 9.960000 -2.618148 2.749528 37.163612
 9.980000 -2.626855 2.757226 37.195680
 10.000000 -2.736962 2.803213 37.635118
 10.020000 -2.633697 2.942239 36.422031
 10.040000 -2.603933 2.832968 36.814597
 10.060000 -2.600602 2.918288 36.386021
 10.080000 -2.582899 3.034194 35.488051
 10.100000 -2.667934 2.978519 36.347748
 10.120000 -2.623106 3.113449 34.969982
 10.140000 -2.577250 2.982205 35.850298
 10.160000 -2.518769 3.037743 35.115014
 10.180000 -2.576872 3.079318 35.070753
 10.200000 -2.520735 3.094809 34.643664
 10.220000 -2.628169 3.033295 35.725868
 10.240000 -2.566432 2.976946 35.826784
 10.260000 -2.699033 2.960767 36.620899
 10.280000 -2.639330 -3.112303 34.440543
 10.300000 -2.678577 3.084711 35.495747
 10.320000 -2.619540 3.092081 35.160962
 10.340000 -2.500430 -3.115875 33.849961
 10.360000 -2.541844 -3.074030 33.598045
 10.380000 -2.395798 -2.934790 31.369915
 10.400000 -2.471930 -3.099644 33.547769
 10.420000 -2.496238 -3.103064 33.698222
 10.440000 -2.602674 -3.117015 34.334538
 10.460000 -2.753921 -3.126241 35.019054
 10.480000 -2.807896 3.009469 36.654669
 10.500000 -2.782711 3.007412 36.591805
 10.520000 -2.902568 2.966319 37.234300
 10.540000 -2.814781 2.809222 37.921601
 10.560000 -2.926617 2.885650 37.826969
 10.580000 -2.893308 2.789670 38.240223
 10.600000 -2.800626 2.857902 37.654493
 10.620000 -2.698608 2.786049 37.508652
 10.640000 -2.608772 2.750267 37.105668
 10.660000 -2.491904 2.958092 35.522689
 10.680000 -2.369067 2.925881 35.006082
 10.700000 -2.361347 3.137548 33.447120
 10.720000 -2.116437 2.973968 33.701186
 10.740000 -2.027794 2.967950 33.622689
 10.760000 -1.948266 -3.085935 31.556970
 10.780000 -1.821788 3.112317 32.532952
 10.800000 -1.859664 3.036402 33.218587
 10.820000 -1.763222 3.048323 33.413356
 10.840000 -1.787806 -3.127331 32.128393
 10.860000 -1.736644 -3.133455 32.348877
 10.880000 -1.738674 -3.103369 31.980606
 10.900000 -1.621076 3.100330 33.530615
 10.920000 -1.609401 -3.068299 32.039507
 10.940000 -1.659010 -3.116828 32.452878
 10.960000 -1.436652 3.041464 35.944849
 10.980000 -1.581634 3.044857 34.551960
 11.000000 -1.393962 3.087299 35.655343
 11.020000 -1.448380 3.035659 35.911957
 11.040000 -1.299940 2.901777 39.749833
 11.060000 -1.420629 2.857650 38.733200
 11.080000 -1.435166 2.929769 37.610326
 11.100000 -1.544789 2.933513 36.339892
 11.120000 -1.477614 2.865734 37.921096
 11.140000 -1.523941 2.731087 38.672055
 11.160000 -1.751820 2.819070 35.644461
 11.180000 -1.826174 2.727055 35.726704
 11.200000 -1.856067 2.740795 35.472248
 11.220000 -1.985794 2.557131 35.518880
 11.240000 -1.942329 2.321842 36.014412
 11.260000 -2.198822 2.633895 35.248999
 11.280000 -2.382409 2.405584 36.042092
 11.300000 -2.462405 2.573986 36.429172
 11.320000 -2.618991 2.523301 37.337273
 11.340000 -2.798286 2.569430 38.262532
 11.360000 -2.757065 2.599305 38.096480
 11.380000 -2.982521 2.647479 38.696092
 11.400000 -2.926021 2.818146 38.182092
 11.420000 -2.820639 2.910258 37.424999
 11.440000 -2.720834 3.025138 36.213064
 11.460000 -2.693518 3.127379 35.128555
 11.480000 -2.594365 -2.999634 32.940386
 11.500000 -2.810962 -2.894495 32.125879
 11.520000 -2.676784 -2.719417 29.298746
 11.540000 -2.721416 -2.735671 29.617311
 11.560000 -2.719478 -2.548601 26.923418
 11.580000 -2.710407 -2.506288 26.341119
 11.600000 -2.817101 -2.464783 25.892807
 11.620000 -2.710898 -2.437979 25.462724
 11.640000 -2.792499 -2.348849 24.466172
 11.660000 -2.649230 -2.379971 24.750207
 11.680000 -2.678129 -2.355191 24.483179
 11.700000 -2.577530 -2.258321 23.534912
 11.720000 -2.533372 -2.250875 23.494214
 11.740000 -2.452522 -2.238543 23.451847
 11.760000 -2.416639 -2.264631 23.684856
 11.780000 -2.390124 -2.172684 23.062154
 11.800000 -2.311174 -2.318340 24.189120
 11.820000 -2.257913 -2.380170 24.738994
 11.840000 -2.296664 -2.409285 25.003418
 11.860000 -2.343759 -2.497845 25.932050
 11.880000 -2.474184 -2.650997 27.964664
 11.900000 -2.491493 -2.766581 29.542225
 11.920000 -2.562100 -2.751206 29.506613
 11.940000 -2.560168 -2.887166 31.364142
 11.960000 -2.671981 -2.942363 32.452482
 11.980000 -2.671580 -2.903806 31.923621
 12.000000 -2.650181 -3.006781 33.229736
 12.020000 -2.668836 -3.072966 34.108549
 12.040000 -2.653348 3.001535 36.104111
 12.060000 -2.738810 2.947743 36.885561
 12.080000 -2.756977 2.710800 37.990578
 12.100000 -2.830619 2.721495 38.260479
 12.120000 -2.827439 2.473902 38.258648
 12.140000 -2.870446 2.460394 38.368967
 12.160000 -2.793872 2.449438 38.091038
 12.180000 -2.710375 2.394633 37.634717
 12.200000 -2.685229 2.372698 37.477947
 12.220000 -2.573209 2.367825 36.928930
 12.240000 -2.480686 2.315630 36.451362
 12.260000 -2.330650 2.290010 35.908688
 12.280000 -2.308715 2.275245 35.864108
 12.300000 -2.139760 2.243851 35.709409
 12.320000 -2.139977 2.406505 35.487148
 12.340000 -2.007059 2.320352 35.786241
 12.360000 -2.045695 2.473349 35.499842
 12.380000 -2.009462 2.338191 35.759267
 12.400000 -2.056842 2.452321 35.506329
 12.420000 -2.030367 2.465869 35.545341
 12.440000 -2.006519 2.472443 35.601360
 12.460000 -1.992914 2.514962 35.575510
 12.480000 -1.901003 2.554091 35.906421
 12.500000 -1.904954 2.595498 35.779006
 12.520000 -1.926744 2.627376 35.576803
 12.540000 -1.973237 2.683187 35.211591
 12.560000 -1.915907 2.759187 35.088231
 12.580000 -1.895920 2.910376 34.199311
 12.600000 -2.010718 2.874174 34.231883
 12.620000 -1.900655 2.918551 34.124548
 12.640000 -1.971338 3.013446 33.273916
 12.660000 -1.829252 3.034325 33.321073
 12.680000 -1.832655 2.938111 34.199976
 12.700000 -1.761469 2.958116 34.356975
 12.720000 -1.917665 2.923768 34.042260
 12.740000 -1.927693 3.049799 32.986623
 12.760000 -2.126658 2.918362 34.066678
 12.780000 -2.292503 2.886043 34.811488
 12.800000 -2.416134 2.831497 35.690390
 12.820000 -2.673226 2.893917 36.912086
 12.840000 -2.762375 2.970846 36.811739
 12.860000 -2.895493 2.776785 38.293340
 12.880000 -2.776407 2.820273 37.735701
 12.900000 -2.772628 2.813270 37.749779
 12.920000 -2.546027 2.913172 36.100383
 12.940000 -2.534486 2.903810 36.081921
 12.960000 -2.460799 2.879064 35.761159
 12.980000 -2.492117 2.920272 35.743049
 13.000000 -2.607132 2.968192 36.109545
 13.020000 -2.607968 2.996380 35.913337
 13.040000 -2.682468 3.039869 35.923944
 13.060000 -2.667227 2.971288 36.396466
 13.080000 -2.661378 2.876117 36.943214
 13.100000 -2.544206 2.860510 36.346175
 13.120000 -2.674164 2.824851 37.239733
 13.140000 -2.519679 2.761164 36.531830
 13.160000 -2.573175 2.740219 36.912892
 13.180000 -2.589358 2.685670 37.112254
 13.200000 -2.583669 2.640309 37.125011
 13.220000 -2.811097 2.683894 38.259445
 13.240000 -2.787378 2.756202 38.009660
 13.260000 -2.651470 2.742330 37.375559
 13.280000 -2.554177 2.823982 36.551569
 13.300000 -2.413703 2.862468 35.555528
 13.320000 -2.291712 2.859951 34.923170
 13.340000 -2.376698 2.832125 35.464565
 13.360000 -2.186676 2.844125 34.582186
 13.380000 -2.162138 2.822286 34.613944
 13.400000 -2.264341 2.780820 35.095543
 13.420000 -2.227596 2.850356 34.691646
 13.440000 -2.442660 2.884430 35.628790
 13.460000 -2.538575 2.851775 36.349208
 13.480000 -2.613580 2.769067 37.084746
 13.500000 -2.661587 2.799979 37.263103
 13.520000 -2.705760 2.730774 37.697688
 13.540000 -2.574438 2.828788 36.656060
 13.560000 -2.601774 2.731579 37.105987
 13.580000 -2.601429 2.687491 37.183012
 13.600000 -2.606764 2.638421 37.265663
 13.620000 -2.738097 2.721631 37.879498
 13.640000 -2.590102 2.922477 36.302875
 13.660000 -2.693033 2.948601 36.676769
 13.680000 -2.672281 2.934370 36.669632
 13.700000 -2.704526 2.981815 36.492414
 13.720000 -2.792807 -3.118929 35.055949
 13.740000 -2.732995 3.141014 35.127712
 13.760000 -2.574248 3.104414 34.825535
 13.780000 -2.535221 3.029036 35.273371
 13.800000 -2.456773 -3.079797 33.270587
 13.820000 -2.525454 -3.010474 32.801236
 13.840000 -2.717797 -3.048175 33.975181
 13.860000 -2.503068 -2.932702 31.759284
 13.880000 -2.639985 -2.947185 32.420402
 13.900000 -2.463100 -2.879587 30.937548
 13.920000 -2.526798 -2.910943 31.565384
 13.940000 -2.538843 -2.830258 30.530972
 13.960000 -2.604107 -2.985859 32.803207
 13.980000 -2.600382 -2.960387 32.463845
 14.000000 -2.775776 -3.034508 33.974905
 14.020000 -2.801868 -3.022236 33.880887
 14.040000 -2.866355 -3.137564 35.443347
 14.060000 -2.914665 3.109550 35.920051
 14.080000 -2.820831 -3.118365 35.123772
 14.100000 -2.875239 -3.089406 34.887972
 14.120000 -2.713353 -3.035988 33.808647
 14.140000 -2.638156 3.037822 35.736669
 14.160000 -2.500170 3.084512 34.627920
 14.180000 -2.471889 3.115791 34.204549
 14.200000 -2.311798 2.980266 34.395433
 14.220000 -2.340301 2.850481 35.201208
 14.240000 -2.016172 2.894769 34.105740
 14.260000 -2.013623 2.893596 34.113976
 14.280000 -2.058164 2.865638 34.273277
 14.300000 -2.145647 2.778474 34.756214
 14.320000 -2.111930 2.747228 34.828565
 14.340000 -1.921483 2.681943 35.409965
 14.360000 -1.928641 2.520306 35.830255
 14.380000 -1.892231 2.549490 35.967276
 14.400000 -2.002017 2.511031 35.553536
 14.420000 -1.756460 2.431192 37.150566
 14.440000 -1.816963 2.226102 36.642190
 14.460000 -1.772959 2.209121 36.860544
 14.480000 -1.859811 2.166783 36.427671
 14.500000 -1.864484 2.259373 36.407631
 14.520000 -1.800842 2.172657 36.675749
 14.540000 -1.632888 2.069872 37.013055
 14.560000 -1.538221 2.058411 37.208758
 14.580000 -1.710573 2.065335 36.767365
 14.600000 -1.499704 2.064406 37.380557
 14.620000 -1.505005 1.853863 35.179397
 14.640000 -1.307555 1.851622 34.265009
 14.660000 -1.168976 1.828263 33.145424
 14.680000 -1.280547 1.819148 33.556193
 14.700000 -1.173924 1.638850 29.439326
 14.720000 -1.114614 1.597307 28.138847
 14.740000 -1.056073 1.436497 25.057509
 14.760000 -0.920340 1.422896 23.883529
 14.780000 -0.801392 1.127214 21.374813
 14.800000 -0.986666 0.973569 21.684645
 14.820000 -0.970281 0.950300 21.602870
 14.840000 -1.243851 0.806933 24.913291
 14.860000 -1.301045 0.629494 26.502474
 14.880000 -1.175802 0.497964 25.170315
 14.900000 -1.435244 0.492554 29.683582
 14.920000 -1.467612 0.183262 31.115640
 14.940000 -1.420769 0.281066 30.067293
 14.960000 -1.090103 -0.017457 26.789419
 14.980000 -1.338044 0.113844 28.980273
 15.000000 -0.899156 -0.065013 26.468822
 15.020000 -1.174762 -0.103449 27.547884
 15.040000 -0.950372 -0.203960 27.157248
 15.060000 -1.099630 -0.114861 27.161938
 15.080000 -1.170255 -0.324138 27.843275
 15.100000 -1.246524 -0.189832 28.116552
 15.120000 -1.364344 -0.257898 28.902642
 15.140000 -1.324941 -0.194092 28.721583
 15.160000 -1.274505 -0.116683 28.340821
 15.180000 -1.110796 0.005762 26.828750
 15.200000 -1.265348 0.156756 27.864194
 15.220000 -1.101092 0.221577 25.819514
 15.240000 -1.334212 0.379735 28.147119
 15.260000 -1.205102 0.233524 26.821743
 15.280000 -1.115538 0.526967 24.324279
 15.300000 -1.200208 0.481558 25.575135
 15.320000 -1.171361 0.686048 24.228339
 15.340000 -1.009258 0.904314 21.907624
 15.360000 -1.197747 0.972606 23.966855
 15.380000 -1.329892 1.198075 26.816542
 15.400000 -1.474178 1.518279 31.586503
 15.420000 -1.491739 1.548850 32.100036
 15.440000 -1.315310 1.720807 32.140194
 15.460000 -1.202082 1.809929 32.941769
 15.480000 -1.248035 1.832281 33.625140
 15.500000 -0.977382 1.987553 36.335115
 15.520000 -1.123883 1.849099 33.388310
 15.540000 -1.054252 1.841549 32.905113
 15.560000 -0.938551 1.725396 29.563692
 15.580000 -0.947164 1.967411 35.747531
 15.600000 -0.979170 1.751246 30.380434
 15.620000 -0.943848 1.637295 27.648427
 15.640000 -1.221497 1.644582 30.001165
 15.660000 -1.404850 1.483702 30.210553
 15.680000 -1.264512 1.417269 27.371542
 15.700000 -1.221296 1.160663 24.753812
 15.720000 -1.155781 1.043517 23.425003
 15.740000 -1.144486 0.937655 23.218920
 15.760000 -1.402423 0.678664 28.315717
 15.780000 -1.303795 0.584168 26.740440
 15.800000 -1.275516 0.579741 26.265656
 15.820000 -1.147379 0.366774 25.504274
 15.840000 -1.230950 0.454414 26.143115
 15.860000 -1.074566 0.256514 25.425039
 15.880000 -1.163873 0.291535 26.070456
 15.900000 -0.970444 0.089409 25.779547
 15.920000 -1.310265 0.171190 28.456283
 15.940000 -1.222040 0.026934 27.682218
 15.960000 -1.271944 0.130880 28.020963
 15.980000 -1.247772 0.140338 27.685848
 16.000000 -1.092420 0.222120 25.746432
 16.020000 -1.065010 0.248389 25.399823
 16.040000 -1.363507 0.382741 28.667143
 16.060000 -1.182262 0.329529 26.094525
 16.080000 -1.132524 0.411237 25.114767
 16.100000 -1.009559 0.333014 24.560772
 16.120000 -0.918484 0.499979 23.270658
 16.140000 -1.030547 0.552080 23.463237
 16.160000 -1.119023 0.631058 23.841081
 16.180000 -1.109794 0.822644 22.998161
 16.200000 -1.227007 0.779752 24.712333
 16.220000 -1.518825 1.051071 30.393906
 16.240000 -1.418709 1.050113 28.180071
 16.260000 -1.451158 1.203774 29.252114
 16.280000 -1.119126 1.257728 23.889969
 16.300000 -0.976140 1.268519 22.618030
 16.320000 -1.133596 1.393320 25.344283
 16.340000 -1.131722 1.289090 24.291023
 16.360000 -1.165307 1.398542 25.793802
 16.380000 -1.158780 1.316889 24.875944
 16.400000 -1.053322 1.435195 25.014704
 16.420000 -1.036369 1.367292 24.031091
 16.440000 -1.449243 1.379952 30.121214
 16.460000 -1.277469 1.196210 25.856685
 16.480000 -1.340244 1.187089 26.963471
 16.500000 -1.176722 1.009988 23.675042
 16.520000 -1.056458 1.042194 22.271075
 16.540000 -1.082898 0.783034 22.835807
 16.560000 -1.225253 0.926994 24.411025
 16.580000 -1.197042 0.768864 24.286939
 16.600000 -1.391522 0.838111 27.663087
 16.620000 -1.326825 0.732131 26.616749
 16.640000 -1.304602 0.758273 26.116688
 16.660000 -1.315487 0.712052 26.465651
 16.680000 -1.103332 0.684311 23.431315
 16.700000 -1.023946 0.600007 23.164714
 16.720000 -1.248937 0.596646 25.753379
 16.740000 -1.228764 0.581258 25.506616
 16.760000 -1.276139 0.569635 26.320994
 16.780000 -1.015754 0.598642 23.119034
 16.800000 -0.933786 0.742139 22.056087
 16.820000 -1.152281 0.789463 23.605893
 16.840000 -1.334433 0.910726 26.394584
 16.860000 -1.228193 0.816863 24.632947
 16.880000 -1.452257 0.852775 28.964336
 16.900000 -1.237464 0.918092 24.618062
 16.920000 -1.096846 0.851184 22.784061
 16.940000 -1.060818 0.910060 22.316029
 16.960000 -1.080718 0.915755 22.500833
 16.980000 -1.168879 0.980552 23.544503
 17.000000 -1.256086 1.100618 25.114114
 17.020000 -1.276895 1.016483 25.315561
 17.040000 -1.306485 1.126638 26.098175
 17.060000 -1.295480 1.150553 25.979784
 17.080000 -0.944226 1.043255 21.481532
 17.100000 -1.115678 0.961193 22.852012
 17.120000 -1.134772 0.934797 23.095699
 17.140000 -1.167543 0.798853 23.780461
 17.160000 -1.279755 0.855942 25.430542
 17.180000 -1.162287 0.842622 23.597044
 17.200000 -1.154113 0.821712 23.539227
 17.220000 -1.212838 0.754576 24.568745
 17.240000 -1.371401 0.860632 27.203598
 17.260000 -1.154834 0.462920 25.093580
 17.280000 -1.319482 0.770158 26.363916
 17.300000 -0.934551 0.484043 23.397521
 17.320000 -1.118034 0.524246 24.364255
 17.340000 -1.003004 0.552939 23.287864
 17.360000 -1.158734 0.557474 24.657359
 17.380000 -1.257941 0.579381 25.974746
 17.400000 -1.424172 0.606352 29.030135
 17.420000 -1.323432 0.697697 26.664532
 17.440000 -1.279976 0.524619 26.587575
 17.460000 -1.172785 0.686386 24.245986
 17.480000 -1.030221 0.665956 22.878003
 17.500000 -1.198858 0.560779 25.167585
 17.520000 -1.213250 0.760256 24.556804
 17.540000 -1.242605 0.695756 25.241573
 17.560000 -1.167965 0.799571 23.784145
 17.580000 -1.316028 1.017763 26.045073
 17.600000 -1.368010 0.802043 27.247108
 17.620000 -1.419709 1.021854 28.170456
 17.640000 -1.387150 1.011241 27.469255
 17.660000 -1.217032 0.972529 24.267909
 17.680000 -1.370229 1.033513 27.141336
 17.700000 -1.280515 1.043733 25.418561
 17.720000 -1.352154 1.103310 26.909353
 17.740000 -0.989576 0.884761 21.819355
 17.760000 -1.091666 1.078864 22.703442
 17.780000 -0.921552 0.972823 21.379146
 17.800000 -1.103639 1.102884 22.905923
 17.820000 -0.925625 0.803981 21.785498
 17.840000 -1.083665 1.007213 22.508115
 17.860000 -1.229033 1.014522 24.488542
 17.880000 -1.270592 0.918677 25.188305
 17.900000 -1.418773 0.808209 28.306631
 17.920000 -1.221600 0.873186 24.413030
 17.940000 -1.318198 0.880337 26.110443
 17.960000 -1.160376 0.767156 23.781577
 17.980000 -1.368347 0.738940 27.420124
 18.000000 -1.316989 0.755671 26.357569
 18.020000 -1.304343 0.681407 26.364700
 18.040000 -1.143162 0.848436 23.333482
 18.060000 -1.074011 0.699142 23.080897
 18.080000 -1.263800 0.721266 25.503445
 18.100000 -1.163451 0.765505 23.827688
 18.120000 -1.338375 0.727414 26.855673
 18.140000 -1.193065 0.784616 24.180889
 18.160000 -1.498886 0.853374 30.022041
 18.180000 -1.435808 0.916206 28.521674
 18.200000 -1.411206 0.968207 27.961675
 18.220000 -1.148813 0.975529 23.267444
 18.240000 -1.203897 0.948767 24.062583
 18.260000 -1.059843 1.053204 22.320164
 18.280000 -1.122358 1.032104 22.975636
 18.300000 -1.126952 1.187752 23.542219
 18.320000 -0.935241 1.062964 21.467058
 18.340000 -1.183562 1.223564 24.510979
 18.360000 -1.227602 1.099143 24.631911
 18.380000 -1.401849 1.129249 27.985393
 18.400000 -1.211239 0.965738 24.174917
 18.420000 -1.354165 1.020626 26.798876
 18.440000 -1.114651 1.060659 22.929615
 18.460000 -1.340712 0.932993 26.504225
 18.480000 -1.110029 0.894157 22.845219
 18.500000 -1.146950 1.007992 23.261313
 18.520000 -1.182047 0.847422 23.861256
 18.540000 -1.114499 1.051776 22.911028
 18.560000 -1.139103 0.869436 23.238408
 18.580000 -1.071094 0.805114 22.649977
 18.600000 -1.360024 0.969469 26.886082
 18.620000 -1.282706 0.893257 25.430379
 18.640000 -1.598241 1.029084 32.192128
 18.660000 -1.462274 1.003870 29.093244
 18.680000 -1.684419 1.207751 34.176129
 18.700000 -1.549492 1.218863 31.370427
 18.720000 -1.302382 1.134308 26.047683
 18.740000 -1.175656 1.131917 23.945614
 18.760000 -0.902049 1.098954 21.411647
 18.780000 -0.777033 1.143023 21.445112
 18.800000 -0.677194 0.993053 21.810212
 18.820000 -1.080389 1.290452 23.711512
 18.840000 -1.105681 1.209474 23.405336
 18.860000 -1.459455 1.224669 29.503188
 18.880000 -1.367440 1.228570 27.677595
 18.900000 -1.420331 1.194310 28.581192
 18.920000 -1.280899 1.066344 25.467590
 18.940000 -1.362674 1.046080 27.004237
 18.960000 -1.208926 0.939099 24.144387
 18.980000 -1.070918 1.014997 22.382806
 19.000000 -1.100207 0.939208 22.685269
 19.020000 -1.056637 1.137280 22.522060
 19.040000 -1.181128 1.008455 23.737864
 19.060000 -1.185946 1.024674 23.826092
 19.080000 -1.457278 0.985481 28.976156
 19.100000 -1.042043 0.864427 22.236844
 19.120000 -1.190971 1.042567 23.927265
 19.140000 -1.066782 0.760973 22.763871
 19.160000 -1.297004 0.960332 25.653974
 19.180000 -1.195206 0.821475 24.112300
 19.200000 -1.319504 0.849395 26.182277
 19.220000 -1.369771 0.855744 27.177486
 19.240000 -1.336296 0.869667 26.477994
 19.260000 -1.195626 0.705730 24.486449
 19.280000 -1.003253 0.925794 21.832743
 19.300000 -1.048714 0.685395 22.926303
 19.320000 -0.994686 0.863759 21.900783
 19.340000 -1.354802 0.663481 27.393096
 19.360000 -1.293401 0.771932 25.870378
 19.380000 -1.350065 0.703064 27.163915
 19.400000 -1.241666 0.764655 24.993818
 19.420000 -1.135717 0.840059 23.259481
 19.440000 -1.307319 0.757664 26.169241
 19.460000 -1.355628 0.895340 26.833590
 19.480000 -1.318860 0.871627 26.134934
 19.500000 -0.996817 0.767934 22.224663
 19.520000 -1.253599 0.865902 24.954320
 19.540000 -1.015654 0.910498 21.942742
 19.560000 -1.208519 0.821795 24.312151
 19.580000 -1.168223 0.900234 23.574733
 19.600000 -1.462924 0.957435 29.102177
 19.620000 -1.543014 0.999631 30.919960
 19.640000 -1.663802 0.928109 33.746072
 19.660000 -1.599101 1.254335 32.499442
 19.680000 -1.395597 1.050747 27.691349
 19.700000 -1.266391 1.211136 25.742987
 19.720000 -0.989097 0.988511 21.697133
 19.740000 -1.163011 1.052641 23.541231
 19.760000 -0.828931 1.111627 21.328299
 19.780000 -0.948038 0.968177 21.480140
 19.800000 -0.911644 1.139982 21.559001
 19.820000 -1.245354 1.197821 25.320010
 19.840000 -1.323256 1.163565 26.545192
 19.860000 -1.387983 1.163263 27.808672
 19.880000 -1.359628 1.120351 27.104154
 19.900000 -1.290486 1.079942 25.671940
 19.920000 -1.364287 1.002326 26.988076
 19.940000 -1.046688 0.920433 22.175306
 19.960000 -1.160470 1.055069 23.510797
 19.980000 -0.881291 0.789651 21.767409
 20.000000 -1.171798 1.090657 23.754967
