#! FIELDS time phi psi metad.bias
#! SET min_phi -pi
#! SET max_phi pi
#! SET min_psi -pi
#! SET max_psi pi
 0.000000 3.141580 -3.141577 102.699411
 0.020000 -2.938058 -1.507387 65.101655
 0.040000 -2.930609 -1.522007 65.202863
 0.060000 -2.936232 -1.509715 65.131307
 0.080000 -2.924950 -1.531259 65.296689
 0.100000 -2.914964 -1.532300 65.528148
 0.120000 -2.940801 -1.560241 64.838930
 0.140000 -2.898948 -1.647054 65.904403
 0.160000 -2.945872 -1.678586 64.852193
 0.180000 -2.881815 -1.696989 66.599397
 0.200000 -2.928109 -1.733895 65.637286
 0.220000 -2.974863 -1.792037 65.013325
 0.240000 -3.017293 -1.805759 64.187059
 0.260000 -2.997489 -1.795062 64.514773
 0.280000 -2.902439 -1.720583 66.207222
 0.300000 -2.920316 -1.740925 65.896719
 0.320000 -2.810997 -1.630740 68.232715
 0.340000 -2.887880 -1.596146 66.091376
 0.360000 -2.843022 -1.471498 67.606071
 0.380000 -2.986461 -1.507939 64.049098
 0.400000 -2.987463 -1.442785 64.502845
 0.420000 -2.983687 -1.359914 65.488350
 0.440000 -2.946311 -1.401878 65.751835
 0.460000 -2.996526 -1.211502 67.685206
 0.480000 -3.049447 -1.423129 63.567775
 0.500000 -2.965629 -1.279796 67.020228
 0.520000 -2.988214 -1.284664 66.510122
 0.540000 -2.810392 -1.316429 69.931214
 0.560000 -2.843138 -1.296490 69.420702
 0.580000 -2.822471 -1.258346 70.482730
 0.600000 -2.790371 -1.247169 71.421249
 0.620000 -2.747321 -1.210864 73.045667
 0.640000 -2.861576 -1.260908 69.536248
 0.660000 -2.855482 -1.374295 68.130546
 0.680000 -2.898717 -1.293850 68.185171
 0.700000 -2.957051 -1.457760 65.002304
 0.720000 -2.798611 -1.264525 70.954192
 0.740000 -2.833492 -1.475798 67.824907
 0.760000 -2.721013 -1.381347 71.481993
 0.780000 -2.685736 -1.435579 72.007309
 0.800000 -2.765824 -1.696481 69.937372
 0.820000 -2.775964 -1.529092 69.149676
 0.840000 -2.880085 -1.779450 67.365701
 0.860000 -2.920641 -1.738287 65.866293
 0.880000 -2.951737 -1.878482 66.748713
 0.900000 -2.942676 -1.858146 66.674446
 0.920000 3.133418 -2.011885 65.061553
 0.940000 -3.135848 -1.971680 64.456079
 0.960000 3.075778 -2.020481 64.576832
 0.980000 -3.104739 -1.997800 65.487690
 1.000000 -3.008251 -1.983218 67.245192
 1.020000 -3.073417 -1.930686 64.792142
 1.040000 -2.935156 -1.877508 67.179047
 1.060000 -2.911519 -2.056356 71.711749
 1.080000 -2.874069 -1.878630 68.957522
 1.100000 -2.983792 -1.989385 68.001274
 1.120000 -2.945816 -1.964929 68.508985
 1.140000 -2.999383 -1.847435 65.098021
 1.160000 -2.901389 -1.861350 67.864811
 1.180000 -2.815575 -1.741378 68.844381
 1.200000 -2.776320 -1.633200 69.238252
 1.220000 -2.674684 -1.548286 71.996015
 1.240000 -2.668365 -1.430986 72.506897
 1.260000 -2.777288 -1.275999 71.302627
 1.280000 -2.862559 -1.229826 70.034008
 1.300000 -2.964364 -1.191912 68.655114
 1.320000 -3.011910 -1.160642 68.489299
 1.340000 -3.014373 -1.049470 71.115279
 1.360000 -3.114870 -1.104881 68.420105
 1.380000 3.123602 -1.060090 69.200361
 1.400000 3.107539 -0.995054 70.948908
 1.420000 3.086593 -1.151366 66.616574
 1.440000 -3.038662 -0.897039 75.117458
 1.460000 -3.021540 -1.044020 71.152955
 1.480000 -3.001946 -1.079373 70.547313
 1.500000 -2.929196 -1.025094 73.124474
 1.520000 -2.895016 -1.144464 70.982564
 1.540000 -2.859622 -1.239289 69.937830
 1.560000 -2.968922 -1.348175 65.933319
 1.580000 -2.999759 -1.548533 63.590836
 1.600000 -2.977740 -1.613869 63.963092
 1.620000 -2.880282 -1.474247 66.658153
 1.640000 -2.868066 -1.791949 67.856345
 1.660000 -2.780207 -1.596078 69.012564
 1.680000 -2.768449 -1.683454 69.759355
 1.700000 -2.730575 -1.706502 71.091712
 1.720000 -2.827418 -1.759797 68.681117
 1.740000 -2.969183 -1.722333 64.539600
 1.760000 -2.986573 -1.797316 64.791662
 1.780000 -3.001278 -1.887423 65.641446
 1.800000 -3.015595 -1.752637 63.723853
 1.820000 -2.977397 -2.045463 69.481800
 1.840000 -2.958390 -1.864829 66.361696
 1.860000 -3.117978 -2.013487 65.585851
 1.880000 -3.068728 -1.935034 64.960955
 1.900000 -3.017893 -1.889844 65.290952
 1.920000 -3.014733 -1.897884 65.492212
 1.940000 -2.888833 -1.823834 67.672285
 1.960000 -2.944387 -1.908148 67.447491
 1.980000 -2.955234 -1.744744 65.043050
 2.000000 -3.070658 -1.823053 63.301997
 2.020000 -2.963473 -1.747344 64.864502
 2.040000 -2.963455 -1.836940 65.832635
 2.060000 -2.883736 -1.609949 66.209967
 2.080000 -2.875966 -1.709891 66.845442
 2.100000 -2.887075 -1.659172 66.260160
 2.120000 -2.798481 -1.604392 68.507361
 2.140000 -2.800089 -1.509624 68.546783
 2.160000 -2.610245 -1.422026 74.119970
 2.180000 -2.656015 -1.238922 74.836769
 2.200000 -2.754223 -1.201217 73.042538
 2.220000 -2.713374 -1.104396 75.791268
 2.240000 -2.929721 -1.020216 73.239941
 2.260000 -2.982914 -0.994732 73.040681
 2.280000 3.113085 -1.044048 69.569077
 2.300000 3.090476 -1.040194 69.544251
 2.320000 3.072051 -0.973400 71.444482
 2.340000 -2.992629 -1.011954 72.429933
 2.360000 -2.970489 -0.966341 74.005377
 2.380000 -2.826861 -1.085574 73.667973
 2.400000 -2.791778 -1.146309 73.167080
 2.420000 -2.824742 -1.228824 70.911861
 2.440000 -2.810835 -1.419685 68.804157
 2.460000 -2.779230 -1.517590 69.088799
 2.480000 -2.831692 -1.536377 67.609121
 2.500000 -2.857401 -1.620865 66.921581
 2.520000 -2.769320 -1.577153 69.297325
 2.540000 -3.033708 -1.626826 62.822664
 2.560000 -2.925094 -1.659865 65.287290
 2.580000 -2.961290 -1.696346 64.567400
 2.600000 -3.004425 -1.690758 63.576846
 2.620000 -2.889293 -1.703714 66.441241
 2.640000 -2.922313 -1.816199 66.636312
 2.660000 -2.852554 -1.667232 67.228435
 2.680000 -2.847034 -1.790582 68.459024
 2.700000 -2.824592 -1.754583 68.709659
 2.720000 -2.939965 -1.865797 66.863457
 2.740000 -2.776264 -1.701895 69.667642
 2.760000 -2.852624 -1.708130 67.480665
 2.780000 -2.892553 -1.633915 66.029963
 2.800000 -2.981567 -1.589346 63.884572
 2.820000 -3.037522 -1.534362 62.929944
 2.840000 -2.985933 -1.306138 66.209225
 2.860000 -2.945067 -1.358403 66.287013
 2.880000 -3.005378 -1.190967 67.950531
 2.900000 -3.054386 -1.286389 65.353766
 2.920000 -3.023932 -1.083010 70.123748
 2.940000 3.138972 -1.141911 67.222988
 2.960000 -2.987781 -1.155766 68.999412
 2.980000 -2.957380 -1.149681 69.670300
 3.000000 -2.933438 -1.137028 70.390187
 3.020000 -2.648087 -1.091421 77.533802
 3.040000 -2.768571 -1.048571 75.738955
 3.060000 -2.661134 -1.076015 77.540364
 3.080000 -2.623617 -1.133427 77.315480
 3.100000 -2.717338 -1.107010 75.649407
 3.120000 -2.669740 -1.169418 75.608148
 3.140000 -2.809153 -1.160978 72.491307
 3.160000 -2.849061 -1.255341 69.912568
 3.180000 -2.968636 -1.310710 66.471196
 3.200000 -2.884758 -1.335915 67.905156
 3.220000 -3.020552 -1.433631 63.962228
 3.240000 -3.060565 -1.414510 63.479601
 3.260000 -2.996891 -1.414997 64.587476
 3.280000 -3.059901 -1.511946 62.666369
 3.300000 -2.809607 -1.348562 69.549547
 3.320000 -2.904801 -1.436964 66.349768
 3.340000 -2.928880 -1.440321 65.767100
 3.360000 -2.893731 -1.375955 67.210658
 3.380000 -2.978361 -1.460495 64.536264
 3.400000 -3.016839 -1.514404 63.414793
 3.420000 -2.874978 -1.502261 66.628877
 3.440000 -3.074874 -1.537215 62.292447
 3.460000 -2.918229 -1.474748 65.746539
 3.480000 -2.914181 -1.580024 65.439990
 3.500000 -2.895609 -1.468687 66.323467
 3.520000 -2.786332 -1.454673 69.191485
 3.540000 -2.764573 -1.467485 69.699239
 3.560000 -2.757621 -1.495939 69.756341
 3.580000 -2.779004 -1.665988 69.330243
 3.600000 -2.740554 -1.642580 70.333358
 3.620000 -2.951835 -1.787077 65.526943
 3.640000 -2.872629 -1.784516 67.635384
 3.660000 -3.059614 -1.961010 65.628380
 3.680000 -3.027066 -1.878273 64.906534
 3.700000 -3.037168 -1.865026 64.494975
 3.720000 3.135620 -1.892224 62.971232
 3.740000 -3.141458 -1.974722 64.431766
 3.760000 -3.121861 -1.781096 62.047900
 3.780000 -3.062594 -1.819074 63.408615
 3.800000 -3.119542 -1.803834 62.286792
 3.820000 -2.872612 -1.703222 66.890968
 3.840000 -2.975221 -1.774080 64.822751
 3.860000 -2.863866 -1.746100 67.480723
 3.880000 -2.993033 -1.828761 65.005358
 3.900000 -2.894668 -1.830545 67.598703
 3.920000 -2.857221 -1.858571 69.133598
 3.940000 -2.840889 -1.814846 68.966495
 3.960000 -2.807608 -1.818595 70.046396
 3.980000 -2.811972 -1.642461 68.251691
 4.000000 -2.700967 -1.614132 71.376086
 4.020000 -2.852379 -1.558088 67.017003
 4.040000 -2.782391 -1.394013 69.763981
 4.060000 -2.925106 -1.385210 66.397047
 4.080000 -2.983574 -1.287987 66.542302
 4.100000 -3.065326 -1.342778 64.308821
 4.120000 3.056805 -1.303780 63.331614
 4.140000 -3.127933 -1.326653 63.717717
 4.160000 3.061392 -1.367000 62.374523
 4.180000 -3.068675 -1.240411 65.970993
 4.200000 -3.093727 -1.258133 65.296505
 4.220000 -2.937105 -1.240626 68.257142
 4.240000 -3.076486 -1.187652 66.943415
 4.260000 -2.815481 -1.306102 69.946411
 4.280000 -2.814641 -1.224573 71.217442
 4.300000 -2.729528 -1.248182 72.889530
 4.320000 -2.719085 -1.445843 71.046219
 4.340000 -2.746779 -1.341670 71.220074
 4.360000 -2.703959 -1.361324 72.121218
 4.380000 -2.739723 -1.348893 71.321125
 4.400000 -2.669324 -1.340341 73.235530
 4.420000 -2.846359 -1.395445 68.132628
 4.440000 -2.739529 -1.334046 71.491956
 4.460000 -2.859083 -1.184030 70.943975
 4.480000 -2.841045 -1.356972 68.678442
 4.500000 -2.883966 -1.116127 71.815477
 4.520000 -2.904400 -1.382602 66.891831
 4.540000 -2.880226 -1.299907 68.509829
 4.560000 -2.970573 -1.286661 66.811889
 4.580000 -3.006871 -1.560474 63.410658
 4.600000 -3.036926 -1.332346 64.908972
 4.620000 -2.975464 -1.469018 64.529832
 4.640000 -3.024717 -1.529826 63.185250
 4.660000 -3.025942 -1.486883 63.419910
 4.680000 -3.040950 -1.551089 62.799837
 4.700000 -3.084102 -1.571148 62.024572
 4.720000 -3.039894 -1.562228 62.782962
 4.740000 -2.977979 -1.665057 64.053236
 4.760000 -2.776374 -1.529352 69.137669
 4.780000 -2.859294 -1.561711 66.832589
 4.800000 -2.910059 -1.671829 65.716677
 4.820000 -2.931795 -1.696366 65.289019
 4.840000 -2.945021 -1.740375 65.259376
 4.860000 -2.825179 -1.649587 67.908088
 4.880000 -2.856044 -1.761836 67.861904
 4.900000 -2.852957 -1.754975 67.880331
 4.920000 -2.739686 -1.584473 70.158854
 4.940000 -2.741286 -1.515984 70.148885
 4.960000 -2.892450 -1.458483 66.471798
 4.980000 -2.856617 -1.369356 68.157828
 5.000000 -2.963798 -1.379901 65.635458
 5.020000 -2.990121 -1.226727 67.503496
 5.040000 -3.077391 -1.155087 67.654182
 5.060000 3.055709 -1.223504 64.852420
 5.080000 -3.123371 -1.007161 70.973185
 5.100000 -3.093306 -1.146465 67.653719
 5.120000 -3.038438 -0.947889 73.598939
 5.140000 -2.923536 -1.182340 69.629220
 5.160000 -2.979070 -1.258161 67.132233
 5.180000 -2.987859 -1.269550 66.771237
 5.200000 -2.799042 -1.465251 68.789258
 5.220000 -2.829156 -1.278235 70.019478
 5.240000 -2.788934 -1.501543 68.880480
 5.260000 -2.800058 -1.525867 68.493794
 5.280000 -2.934923 -1.505298 65.183611
 5.300000 -2.827965 -1.541203 67.695665
 5.320000 -2.770325 -1.574396 69.267166
 5.340000 -2.991493 -1.543498 63.778406
 5.360000 -3.063774 -1.773734 62.939841
 5.380000 -2.939802 -1.748679 65.459955
 5.400000 -3.100076 -1.599485 61.728277
 5.420000 -2.995258 -1.809350 64.722476
 5.440000 -3.004910 -1.814146 64.556371
 5.460000 -3.093815 -1.766135 62.356903
 5.480000 -2.852475 -1.705635 67.466654
 5.500000 -2.872132 -1.772161 67.510706
 5.520000 -2.965065 -1.712526 64.572470
 5.540000 -2.712537 -1.715781 71.735019
 5.560000 -2.791922 -1.659973 68.916770
 5.580000 -2.867772 -1.563899 66.611528
 5.600000 -2.736466 -1.540340 70.242461
 5.620000 -2.985215 -1.520940 64.006963
 5.640000 -2.912643 -1.438801 66.151698
 5.660000 -2.964974 -1.365511 65.787600
 5.680000 -3.023675 -1.468038 63.602531
 5.700000 -3.065848 -1.208386 66.651601
 5.720000 -2.876614 -1.307169 68.487079
 5.740000 -2.857812 -1.160811 71.422366
 5.760000 -2.742967 -1.091569 75.378916
 5.780000 -2.639954 -1.203514 75.759129
 5.800000 -2.806741 -1.166031 72.449312
 5.820000 -2.857365 -1.213685 70.434564
 5.840000 -2.944757 -1.335482 66.595867
 5.860000 -2.981950 -1.262648 67.000067
 5.880000 -3.065728 -1.309346 64.807200
 5.900000 -3.024824 -1.316988 65.343431
 5.920000 3.135957 -1.274206 64.402358
 5.940000 -3.048793 -1.210032 66.865781
 5.960000 -3.045260 -1.200066 67.124016
 5.980000 -3.064871 -1.200125 66.837383
 6.000000 -2.864361 -1.211165 70.324459
 6.020000 -2.874740 -1.231678 69.730396
 6.040000 -2.817167 -1.315610 69.777297
 6.060000 -2.875511 -1.334338 68.139128
 6.080000 -2.971497 -1.593905 64.100836
 6.100000 -2.982190 -1.520009 64.074717
 6.120000 -2.835255 -1.690550 67.851085
 6.140000 -2.874260 -1.678868 66.697163
 6.160000 -2.864007 -1.663168 66.895457
 6.180000 -2.869630 -1.680333 66.830830
 6.200000 -2.832183 -1.593774 67.548470
 6.220000 -2.769733 -1.515829 69.355957
 6.240000 -2.717395 -1.550252 70.778171
 6.260000 -2.815716 -1.471827 68.309488
 6.280000 -3.023715 -1.474117 63.554403
 6.300000 -3.023674 -1.552829 63.108376
 6.320000 3.111928 -1.409409 62.171781
 6.340000 -3.062070 -1.508979 62.648980
 6.360000 -3.078665 -1.475976 62.621192
 6.380000 -2.966213 -1.367711 65.734996
 6.400000 -2.840264 -1.376137 68.480662
 6.420000 -2.754226 -1.226986 72.614242
 6.440000 -2.648048 -1.343011 73.756356
 6.460000 -2.573072 -1.329907 75.781932
 6.480000 -2.329143 -1.351518 80.944436
 6.500000 -2.479427 -1.351099 77.846218
 6.520000 -2.538621 -1.341142 76.521782
 6.540000 -2.760091 -1.423773 70.099207
 6.560000 -2.815948 -1.375208 69.093275
 6.580000 -2.843243 -1.409213 68.078955
 6.600000 -2.860507 -1.425380 67.509672
 6.620000 -2.864361 -1.433465 67.347452
 6.640000 -2.857458 -1.319118 68.765848
 6.660000 -2.714201 -1.243443 73.339069
 6.680000 -2.961836 -1.244279 67.705645
 6.700000 -2.773971 -1.358756 70.335632
 6.720000 -2.803768 -1.364082 69.519281
 6.740000 -2.843454 -1.444529 67.779554
 6.760000 -2.919592 -1.580688 65.308801
 6.780000 -3.090153 -1.673117 61.924386
 6.800000 3.087502 -1.625244 60.646328
 6.820000 3.054799 -1.783917 61.028357
 6.840000 -3.127615 -1.598117 61.359919
 6.860000 2.948292 -1.666751 60.462648
 6.880000 -3.025093 -1.598795 62.986833
 6.900000 3.135646 -1.579108 61.167937
 6.920000 -2.979356 -1.514947 64.159699
 6.940000 -2.868106 -1.424340 67.333415
 6.960000 -2.818457 -1.507577 68.059933
 6.980000 -2.835285 -1.417747 68.201514
 7.000000 -2.849007 -1.692661 67.474585
 7.020000 -2.768909 -1.530298 69.344190
 7.040000 -2.894940 -1.602222 65.917111
 7.060000 -2.797077 -1.602933 68.543552
 7.080000 -2.939433 -1.578670 64.841178
 7.100000 -2.720752 -1.442683 71.020202
 7.120000 -2.760360 -1.304816 71.325240
 7.140000 -2.756035 -1.404968 70.355515
 7.160000 -2.794925 -1.159922 72.834273
 7.180000 -2.791674 -1.304847 70.546145
 7.200000 -2.802749 -0.950334 77.345374
 7.220000 -2.985062 -1.299329 66.331743
 7.240000 -3.127910 -1.199374 66.072030
 7.260000 2.985240 -1.363540 62.302810
 7.280000 3.073081 -1.434900 61.609922
 7.300000 3.083846 -1.297641 63.574920
 7.320000 -3.006102 -1.479694 63.842745
 7.340000 -2.883653 -1.353438 67.707261
 7.360000 -2.849643 -1.458002 67.526764
 7.380000 -2.735269 -1.430014 70.713430
 7.400000 -2.810009 -1.711805 68.742446
 7.420000 -2.785973 -1.397864 69.635487
 7.440000 -2.787724 -1.671445 69.107532
 7.460000 -2.928577 -1.659455 65.199834
 7.480000 -2.958319 -1.636273 64.427841
 7.500000 -2.997768 -1.704550 63.787493
 7.520000 -3.037408 -1.724177 63.080708
 7.540000 -3.098348 -1.806743 62.645056
 7.560000 -2.866775 -1.625118 66.682301
 7.580000 -2.804633 -1.715242 68.930711
 7.600000 -2.684006 -1.378482 72.483509
 7.620000 -2.670897 -1.699849 72.863545
 7.640000 -2.655196 -1.488476 72.617954
 7.660000 -2.472772 -1.470169 77.454688
 7.680000 -2.638847 -1.542864 73.010877
 7.700000 -2.678174 -1.460522 72.084128
 7.720000 -2.877856 -1.487166 66.638846
 7.740000 -2.934168 -1.486238 65.308747
 7.760000 -3.124333 -1.475591 62.003652
 7.780000 3.060482 -1.407007 61.856572
 7.800000 3.057546 -1.504655 60.917096
 7.820000 2.959664 -1.221607 64.891793
 7.840000 -2.992409 -1.255609 66.931585
 7.860000 -2.994445 -1.120505 69.681135
 7.880000 -2.786692 -1.106207 74.094115
 7.900000 -2.757937 -1.142347 74.025421
 7.920000 -2.782581 -1.253792 71.505576
 7.940000 -2.786309 -1.327868 70.382257
 7.960000 -2.735767 -1.317909 71.779829
 7.980000 -2.679416 -1.499173 71.916601
 8.000000 -2.734444 -1.248040 72.770266
 8.020000 -2.628514 -1.411000 73.702499
 8.040000 -2.843963 -1.269144 69.811374
 8.060000 -2.910001 -1.162078 70.312386
 8.080000 -2.867103 -1.158521 71.268120
 8.100000 -2.754195 -1.028678 76.491080
 8.120000 -2.742951 -0.916184 79.396843
 8.140000 -2.722931 -0.925093 79.574825
 8.160000 -2.877445 -0.950706 75.953931
 8.180000 3.112818 -0.977461 71.510158
 8.200000 3.086118 -1.287844 63.758708
 8.220000 2.936079 -1.292074 63.631179
 8.240000 3.101281 -1.404095 62.146407
 8.260000 -3.097076 -1.480111 62.322283
 8.280000 -2.865152 -1.372115 67.922454
 8.300000 -2.754339 -1.406767 70.385023
 8.320000 -2.560493 -1.376834 75.697964
 8.340000 -2.555231 -1.392516 75.722382
 8.360000 -2.653183 -1.456872 72.784981
 8.380000 -2.648594 -1.556552 72.743784
 8.400000 -2.813738 -1.483304 68.298383
 8.420000 -2.900662 -1.582238 65.769750
 8.440000 -2.955664 -1.672731 64.594476
 8.460000 -2.965181 -1.691656 64.452849
 8.480000 -2.983208 -1.637989 63.869474
 8.500000 -2.838165 -1.636673 67.491659
 8.520000 -2.875325 -1.521862 66.531650
 8.540000 -2.883617 -1.536853 66.274315
 8.560000 -2.567933 -1.489792 74.996284
 8.580000 -2.627056 -1.401127 73.807272
 8.600000 -2.628571 -1.434925 73.560078
 8.620000 -2.746840 -1.456801 70.236133
 8.640000 -2.917254 -1.526645 65.495445
 8.660000 -3.035816 -1.481727 63.279684
 8.680000 -3.065944 -1.461616 62.935343
 8.700000 2.953897 -1.566978 60.548700
 8.720000 3.002629 -1.517204 60.699800
 8.740000 3.095268 -1.418006 61.939674
 8.760000 3.106394 -1.490738 61.341008
 8.780000 -2.998285 -1.324781 65.698867
 8.800000 -2.898595 -1.414564 66.696188
 8.820000 -2.785501 -1.435726 69.341068
 8.840000 -2.746822 -1.358349 71.037664
 8.860000 -2.788121 -1.580786 68.764595
 8.880000 -2.889081 -1.671829 66.264342
 8.900000 -2.872443 -1.775533 67.538651
 8.920000 -2.958955 -1.805902 65.557683
 8.940000 -2.878553 -1.877073 68.795332
 8.960000 -2.960187 -1.743098 64.909064
 8.980000 -2.978900 -1.681090 64.092134
 9.000000 -2.853850 -1.603804 66.981402
 9.020000 -2.817633 -1.459327 68.336600
 9.040000 -2.858219 -1.428431 67.539880
 9.060000 -2.800512 -1.502229 68.564309
 9.080000 -2.926326 -1.425049 65.961242
 9.100000 -2.956475 -1.460276 64.995375
 9.120000 -2.989270 -1.558019 63.778008
 9.140000 3.131012 -1.469851 61.741139
 9.160000 3.086011 -1.627232 60.634514
 9.180000 -3.086781 -1.539998 62.097948
 9.200000 -3.050723 -1.406691 63.723588
 9.220000 -2.957314 -1.444264 65.106343
 9.240000 -2.816084 -1.335704 69.545367
 9.260000 -2.853551 -1.209180 70.600566
 9.280000 -2.712083 -1.053083 76.873454
 9.300000 -2.797251 -1.021129 75.752862
 9.320000 -3.021130 -0.953501 73.649867
 9.340000 -2.898694 -1.092342 72.059143
 9.360000 -2.988536 -1.055058 71.367454
 9.380000 -2.922265 -1.078561 71.933266
 9.400000 -2.872812 -1.164201 71.033353
 9.420000 -2.947695 -1.180073 69.207952
 9.440000 -2.918455 -1.241402 68.623441
 9.460000 -2.741290 -1.204373 73.299487
 9.480000 -2.654106 -1.276795 74.365362
 9.500000 -2.635467 -1.198835 75.939932
 9.520000 -2.555858 -1.251503 77.080089
 9.540000 -2.687418 -1.222639 74.312641
 9.560000 -2.705836 -1.231360 73.728128
 9.580000 -2.902935 -1.411013 66.629614
 9.600000 3.099248 -1.402005 62.155914
 9.620000 3.061565 -1.592429 60.527581
 9.640000 3.092539 -1.513154 61.074045
 9.660000 3.098437 -1.535467 60.988813
 9.680000 -3.110744 -1.495910 62.019523
 9.700000 -3.023417 -1.498795 63.385910
 9.720000 -3.051895 -1.479211 63.021316
 9.740000 -2.791353 -1.542012 68.695430
 9.760000 -2.777949 -1.595043 69.075408
 9.780000 -2.795458 -1.613052 68.616128
 9.800000 -2.670606 -1.690216 72.781592
 9.820000 -2.781366 -1.769235 70.197205
 9.840000 -2.876631 -1.786430 67.543524
 9.860000 -2.873025 -1.657916 66.628520
 9.880000 -2.936327 -1.787879 65.931162
 9.900000 -2.924644 -1.531622 65.302453
 9.920000 -2.864174 -1.452368 67.205038
 9.940000 -2.815038 -1.450213 68.464587
 9.960000 -2.901812 -1.208666 69.563544
 9.980000 -2.866840 -1.326054 68.451693
 10.000000 -2.866709 -1.302159 68.787784
 10.020000 -2.985792 -1.350692 65.569583
 10.040000 -3.062177 -1.382026 63.831781
 10.060000 -3.041966 -1.534690 62.849967
 10.080000 3.131866 -1.456643 61.867610
 10.100000 -3.038150 -1.582164 62.766503
 10.120000 -3.008847 -1.561602 63.368061
 10.140000 -2.959852 -1.531341 64.503382
 10.160000 -2.908779 -1.483005 65.914597
 10.180000 -2.866794 -1.422032 67.385449
 10.200000 -2.834715 -1.410222 68.282293
 10.220000 -2.860749 -1.321273 68.659127
 10.240000 -2.762718 -1.416089 70.088530
 10.260000 -2.886800 -1.311167 68.197626
 10.280000 -3.002446 -1.424631 64.384482
 10.300000 -3.140039 -1.430474 62.244014
 10.320000 -3.100581 -1.373321 63.390276
 10.340000 -3.098969 -1.541648 61.913602
 10.360000 -3.007455 -1.508587 63.627928
 10.380000 -2.843063 -1.429623 67.906330
 10.400000 -2.890078 -1.450552 66.588305
 10.420000 -2.749767 -1.355180 70.995391
 10.440000 -2.756661 -1.431559 70.133779
 10.460000 -2.720741 -1.382703 71.476764
 10.480000 -2.652374 -1.307965 74.025998
 10.500000 -2.748471 -1.410255 70.511039
 10.520000 -2.878765 -1.468584 66.732529
 10.540000 -2.967849 -1.463339 64.730133
 10.560000 -3.025011 -1.509870 63.287990
 10.580000 -3.103224 -1.524910 61.938585
 10.600000 -2.967527 -1.499073 64.497758
 10.620000 -2.893338 -1.532298 66.049602
 10.640000 -2.795306 -1.327552 70.161266
 10.660000 -2.813671 -1.385687 69.042004
 10.680000 -2.887774 -1.437114 66.750971
 10.700000 -2.799866 -1.468636 68.747591
 10.720000 -2.867165 -1.413350 67.454567
 10.740000 -2.813069 -1.515327 68.175026
 10.760000 -2.956517 -1.575690 64.453598
 10.780000 -3.016520 -1.662193 63.222750
 10.800000 -3.060602 -1.622114 62.335733
 10.820000 -3.034670 -1.598285 62.807153
 10.840000 -3.073045 -1.659921 62.167240
 10.860000 -2.966465 -1.612053 64.213060
 10.880000 -2.809283 -1.507669 68.305920
 10.900000 -2.856155 -1.392388 67.923558
 10.920000 -2.821327 -1.388659 68.820273
 10.940000 -2.859418 -1.373372 68.045899
 10.960000 -2.835566 -1.440882 68.006544
 10.980000 -2.890925 -1.460300 66.495187
 11.000000 -2.910770 -1.549913 65.572388
 11.020000 -3.021839 -1.638513 63.066041
 11.040000 -2.961416 -1.769563 65.112612
 11.060000 -2.927413 -1.586939 65.117617
 11.080000 -2.922274 -1.727437 65.737841
 11.100000 -2.816234 -1.729680 68.713780
 11.120000 -2.873075 -1.609040 66.483677
 11.140000 -2.875013 -1.746235 67.169047
 11.160000 -2.852295 -1.463164 67.425233
 11.180000 -2.900420 -1.548502 65.827200
 11.200000 -2.940305 -1.574995 64.825367
 11.220000 -3.055501 -1.606051 62.428301
 11.240000 3.074628 -1.471572 61.266521
 11.260000 3.055922 -1.568272 60.570785
 11.280000 3.140328 -1.615031 61.156325
 11.300000 -3.055726 -1.504232 62.782687
 11.320000 -2.776198 -1.501038 69.228983
 11.340000 -2.598456 -1.354346 74.919399
 11.360000 -2.569692 -1.406810 75.266104
 11.380000 -2.498035 -1.418120 76.999675
 11.400000 -2.378582 -1.299243 80.429982
 11.420000 -2.507741 -1.220118 78.605893
 11.440000 -2.619445 -1.117781 77.692789
 11.460000 -2.715895 -1.168134 74.534254
 11.480000 -2.883979 -1.148622 71.119282
 11.500000 -3.031522 -0.866085 76.150081
 11.520000 -3.044962 -0.963832 73.054548
 11.540000 3.133066 -0.980574 71.546932
 11.560000 -3.081657 -0.762657 78.998841
 11.580000 -2.817244 -0.878373 78.962606
 11.600000 -2.826796 -0.853248 79.476842
 11.620000 -2.801184 -1.003659 76.081272
 11.640000 -2.762010 -1.226390 72.435133
 11.660000 -2.778083 -1.306228 70.864619
 11.680000 -2.715504 -1.292483 72.617380
 11.700000 -2.812102 -1.511755 68.214245
 11.720000 -2.929105 -1.614682 65.086211
 11.740000 -3.042251 -1.515915 62.941648
 11.760000 -3.073335 -1.610473 62.126542
 11.780000 -3.139863 -1.741881 61.526893
 11.800000 -3.123531 -1.703036 61.542055
 11.820000 -2.994120 -1.721182 63.963930
 11.840000 -2.819903 -1.734097 68.646102
 11.860000 -2.733330 -1.641961 70.545206
 11.880000 -2.764229 -1.727795 70.265460
 11.900000 -2.753648 -1.961823 74.632081
 11.920000 -2.771552 -1.809811 71.057572
 11.940000 -2.856932 -1.985467 71.676687
 11.960000 -2.808075 -1.936344 72.181948
 11.980000 -2.970586 -2.011542 68.853785
 12.000000 -2.994598 -1.930912 66.547538
 12.020000 -2.947329 -1.872497 66.770850
 12.040000 -3.038231 -1.977085 66.410823
 12.060000 -3.117214 -1.818611 62.470323
 12.080000 3.125124 -1.754030 61.388229
 12.100000 -3.029458 -1.581731 62.926883
 12.120000 -2.938086 -1.407247 65.874246
 12.140000 -2.817906 -1.187578 71.795586
 12.160000 -2.764904 -1.281971 71.521773
 12.180000 -2.830280 -1.216683 70.993244
 12.200000 -3.010998 -1.292233 65.973406
 12.220000 -3.086289 -1.393283 63.336136
 12.240000 -3.126848 -1.423776 62.463710
 12.260000 -2.970228 -1.307735 66.485474
 12.280000 -2.776542 -1.277709 71.296240
 12.300000 -2.726473 -1.249129 72.950843
 12.320000 -2.584846 -1.098052 78.835401
 12.340000 -2.576351 -1.112730 78.759902
 12.360000 -2.571596 -1.054528 79.940341
 12.380000 -2.629302 -1.075786 78.262063
 12.400000 -2.698615 -1.040118 77.450833
 12.420000 -2.780106 -1.008199 76.411218
 12.440000 -2.951892 -1.011002 73.102439
 12.460000 -2.993742 -1.138905 69.272132
 12.480000 3.116028 -1.140997 67.056767
 12.500000 3.107533 -1.282944 63.994295
 12.520000 3.127038 -1.163351 66.612030
 12.540000 -3.090404 -1.133072 68.004879
 12.560000 -2.900383 -1.322500 67.732321
 12.580000 -2.789220 -1.154660 73.064361
 12.600000 -2.619260 -1.302386 74.922649
 12.620000 -2.592007 -1.406927 74.688916
 12.640000 -2.510475 -1.475621 76.515328
 12.660000 -2.722711 -1.594005 70.672358
 12.680000 -2.714643 -1.680154 71.351839
 12.700000 -3.016148 -1.879451 65.170251
 12.720000 -2.989612 -1.948826 67.013027
 12.740000 -3.079759 -2.089045 68.085778
 12.760000 -3.079203 -2.075648 67.757125
 12.780000 -2.889180 -1.981642 70.556992
 12.800000 -2.985363 -2.117166 71.182988
 12.820000 -2.837406 -1.884142 70.190424
 12.840000 -2.983919 -1.955960 67.299499
 12.860000 -2.725782 -1.984560 76.196964
 12.880000 -2.628725 -1.788385 75.340938
 12.900000 -2.605322 -1.980331 80.427758
 12.920000 -2.691180 -1.927392 76.004573
 12.940000 -2.891443 -1.796991 67.250160
 12.960000 -3.000348 -1.781028 64.307592
 12.980000 3.106638 -1.784838 61.423283
 13.000000 3.094537 -1.685086 60.770689
 13.020000 2.933859 -1.608696 60.545025
 13.040000 -3.071840 -1.299219 64.880532
 13.060000 -3.109830 -1.272127 64.842942
 13.080000 -2.877964 -1.014961 74.306541
 13.100000 -2.734011 -0.934659 79.118140
 13.120000 -2.710696 -0.839790 81.924121
 13.140000 -2.781307 -0.738186 83.352446
 13.160000 -2.853349 -0.894196 77.896465
 13.180000 -2.843653 -0.726608 82.728798
 13.200000 -2.902750 -0.842221 78.563381
 13.220000 -2.842540 -0.817334 80.204435
 13.240000 -2.913895 -0.993753 74.197003
 13.260000 -2.904312 -0.932992 75.975899
 13.280000 -2.744006 -1.049843 76.243549
 13.300000 -2.729569 -1.070536 76.117198
 13.320000 -2.595386 -1.186533 77.082816
 13.340000 -2.641592 -1.292264 74.483825
 13.360000 -2.731007 -1.361269 71.415895
 13.380000 -2.979184 -1.582892 63.943214
 13.400000 -3.128234 -1.691247 61.435617
 13.420000 2.942008 -1.957009 63.122035
 13.440000 3.120828 -1.878202 62.590141
 13.460000 -3.137296 -2.097991 67.249376
 13.480000 -2.961891 -2.076217 70.713918
 13.500000 -2.937713 -2.199735 75.179096
 13.520000 -2.745220 -2.253407 84.288479
 13.540000 -2.770719 -2.247147 83.010872
 13.560000 -2.885244 -2.345817 82.371062
 13.580000 -2.859877 -2.272132 80.477391
 13.600000 -2.995449 -2.312142 77.310603
 13.620000 -2.938948 -2.253735 77.000082
 13.640000 -2.947683 -2.346551 80.149724
 13.660000 -2.815850 -2.303951 83.407717
 13.680000 -3.093197 -2.343733 75.829695
 13.700000 -2.910470 -2.181876 75.489013
 13.720000 -2.916220 -2.292500 79.188717
 13.740000 -2.931238 -2.128738 73.147129
 13.760000 -2.874406 -2.032801 72.281227
 13.780000 -2.956485 -2.214418 75.065980
 13.800000 -2.767426 -1.883420 72.453298
 13.820000 -2.864769 -1.870656 69.104167
 13.840000 -2.717552 -1.665087 71.155134
 13.860000 -2.765776 -1.677304 69.795429
 13.880000 -2.847882 -1.408689 67.968878
 13.900000 -2.991916 -1.570577 63.693184
 13.920000 3.108493 -1.337263 63.105734
 13.940000 2.906159 -1.344125 62.982547
 13.960000 3.059538 -1.257591 64.179570
 13.980000 -3.068522 -1.093533 69.244838
 14.000000 -3.020594 -1.005977 72.184724
 14.020000 -2.905340 -0.874907 77.585045
 14.040000 -3.044906 -1.193042 67.276226
 14.060000 -2.929204 -0.941690 75.333282
 14.080000 -2.792053 -1.146414 73.158764
 14.100000 -2.767448 -0.998951 76.890675
 14.120000 -2.713957 -1.183408 74.311721
 14.140000 -2.783827 -1.254001 71.472264
 14.160000 -2.760467 -1.224326 72.506140
 14.180000 -2.852456 -1.393853 67.998953
 14.200000 -2.848056 -1.412551 67.929261
 14.220000 -2.982079 -1.585035 63.878137
 14.240000 -2.767281 -1.551332 69.359072
 14.260000 -2.755039 -1.483022 69.880824
 14.280000 -2.862127 -1.461261 67.192614
 14.300000 -2.848313 -1.723008 67.720121
 14.320000 -2.983552 -1.612638 63.835495
 14.340000 -2.851770 -1.605559 67.039898
 14.360000 -2.986257 -1.778681 64.607503
 14.380000 -2.999251 -1.791823 64.440792
 14.400000 3.139517 -1.736779 61.450022
 14.420000 -2.900468 -1.744201 66.452135
 14.440000 -2.906461 -1.744724 66.295777
 14.460000 -2.992150 -1.712580 63.955140
 14.480000 -2.712604 -1.791088 72.674769
 14.500000 -2.884390 -1.624262 66.217621
 14.520000 -2.784784 -1.723074 69.595504
 14.540000 -2.741256 -1.676799 70.524381
 14.560000 -2.695484 -1.689767 72.013558
 14.580000 -2.824995 -1.710313 68.291275
 14.600000 -2.941006 -1.824994 66.252750
 14.620000 -2.965445 -1.736122 64.727747
 14.640000 -3.052531 -1.722605 62.782175
 14.660000 -3.008673 -1.796637 64.279252
 14.680000 -3.031116 -1.724039 63.204335
 14.700000 -2.894616 -1.682840 66.174314
 14.720000 -2.962093 -1.542901 64.409232
 14.740000 -2.958065 -1.584494 64.407915
 14.760000 -3.053930 -1.428491 63.439377
 14.780000 -2.935551 -1.341597 66.705552
 14.800000 -2.979716 -1.283920 66.681841
 14.820000 -3.047224 -1.291372 65.382314
 14.840000 -3.119640 -1.252265 65.097787
 14.860000 -3.092519 -1.138736 67.844824
 14.880000 -3.056568 -1.208812 66.775541
 14.900000 -3.093424 -1.021001 70.872479
 14.920000 -2.904032 -1.115035 71.442498
 14.940000 -2.877767 -1.020892 74.164059
 14.960000 -2.722650 -1.016064 77.455941
 14.980000 -2.734402 -0.936015 79.077318
 15.000000 -2.695647 -1.098888 76.303009
 15.020000 -2.825783 -0.885013 78.629084
 15.040000 -2.780576 -1.063415 75.150667
 15.060000 -2.772655 -1.019693 76.302493
 15.080000 -2.881158 -0.987805 74.929051
 15.100000 -2.905552 -1.090966 71.958305
 15.120000 -3.043097 -1.137271 68.537515
 15.140000 -3.009101 -1.106277 69.780847
 15.160000 -3.062994 -1.219366 66.467642
 15.180000 -2.930260 -1.290013 67.568504
 15.200000 -3.030217 -1.204613 67.263444
 15.220000 -2.982535 -1.570659 63.891125
 15.240000 -3.003949 -1.540374 63.537220
 15.260000 -3.033750 -1.580668 62.849569
 15.280000 -2.992523 -1.720056 63.992090
 15.300000 -2.977787 -1.747900 64.529218
 15.320000 -2.986299 -1.752257 64.367736
 15.340000 -2.905964 -1.773939 66.589871
 15.360000 -2.838448 -1.771043 68.479489
 15.380000 -2.897673 -1.741284 66.502017
 15.400000 -2.821434 -1.708702 68.382298
 15.420000 -2.812143 -1.763393 69.180895
 15.440000 -2.924992 -1.731610 65.699735
 15.460000 -3.001548 -1.688611 63.628298
 15.480000 -3.020279 -1.808704 64.154454
 15.500000 -2.989257 -1.688370 63.893198
 15.520000 -2.985852 -1.685373 63.955252
 15.540000 -2.964889 -1.874094 66.335917
 15.560000 -2.949927 -1.664922 64.701765
 15.580000 -2.896619 -1.690581 66.164567
 15.600000 -2.874776 -1.627427 66.476521
 15.620000 -2.784114 -1.648118 69.081451
 15.640000 -2.857612 -1.451010 67.377471
 15.660000 -2.819205 -1.482702 68.157524
 15.680000 -2.872071 -1.468718 66.896137
 15.700000 -2.893230 -1.314134 68.010356
 15.720000 -2.919990 -1.310787 67.469354
 15.740000 -2.869625 -1.217136 70.100567
 15.760000 -2.933503 -1.213542 68.826049
 15.780000 -3.009777 -1.154514 68.658943
 15.800000 -2.924928 -1.294106 67.616336
 15.820000 -3.024484 -1.113028 69.383374
 15.840000 -3.007872 -1.326652 65.496615
 15.860000 -2.963799 -1.366096 65.804050
 15.880000 -2.954325 -1.216940 68.354668
 15.900000 -2.909456 -1.409202 66.497191
 15.920000 -2.776803 -1.354159 70.313699
 15.940000 -2.900686 -1.432364 66.485617
 15.960000 -2.781994 -1.400729 69.712940
 15.980000 -2.765437 -1.422809 69.965261
 16.000000 -2.838522 -1.328870 69.087041
 16.020000 -2.857308 -1.520988 66.992949
 16.040000 -2.917542 -1.534186 65.460199
 16.060000 -3.048195 -1.510372 62.871468
 16.080000 -2.979355 -1.598189 63.926469
 16.100000 -2.988015 -1.700982 63.982138
 16.120000 -2.987060 -1.619458 63.763165
 16.140000 -2.824008 -1.652726 67.955736
 16.160000 -2.902898 -1.723723 66.218361
 16.180000 -2.909863 -1.649490 65.633590
 16.200000 -2.837449 -1.760239 68.388464
 16.220000 -2.878978 -1.770709 67.301863
 16.240000 -2.899535 -1.639111 65.865002
 16.260000 -3.048388 -1.847359 64.025433
 16.280000 -3.065637 -1.688071 62.377789
 16.300000 3.136510 -1.673519 61.157965
 16.320000 -2.936259 -1.589089 64.907141
 16.340000 -2.957495 -1.497178 64.725465
 16.360000 -2.893680 -1.451629 66.493867
 16.380000 -2.900664 -1.421464 66.583440
 16.400000 -2.907380 -1.349887 67.211458
 16.420000 -2.846630 -1.368788 68.406352
 16.440000 -2.888994 -1.327482 67.920970
 16.460000 -2.832916 -1.303599 69.562242
 16.480000 -2.856125 -1.350748 68.389033
 16.500000 -2.831581 -1.202375 71.217150
 16.520000 -2.864535 -1.256374 69.542490
 16.540000 -2.808038 -1.130509 73.116058
 16.560000 -2.927259 -1.060206 72.283319
 16.580000 -2.875711 -1.040969 73.714755
 16.600000 -2.861371 -0.951388 76.218886
 16.620000 -2.931249 -1.029833 72.968076
 16.640000 -2.931946 -1.029802 72.956718
 16.660000 -2.997797 -1.080823 70.576531
 16.680000 -3.018381 -1.123797 69.222414
 16.700000 -2.993505 -1.121606 69.671038
 16.720000 -2.944200 -1.234284 68.229989
 16.740000 -2.961974 -1.124782 70.139612
 16.760000 -2.937031 -1.141841 70.217433
 16.780000 -2.879111 -1.157977 71.026572
 16.800000 -2.857045 -1.214035 70.435440
 16.820000 -2.763863 -1.226612 72.386659
 16.840000 -2.756860 -1.366628 70.692850
 16.860000 -2.854996 -1.270542 69.534168
 16.880000 -2.922793 -1.489593 65.548117
 16.900000 -3.072875 -1.571126 62.199835
 16.920000 -3.140328 -1.637984 61.179886
 16.940000 3.083002 -1.770915 61.111101
 16.960000 -3.043705 -1.753549 63.157697
 16.980000 -3.002650 -1.810186 64.562446
 17.000000 -2.934971 -1.798645 66.086806
 17.020000 -2.847343 -1.836119 69.081097
 17.040000 -2.868897 -1.839886 68.487597
 17.060000 -2.875696 -2.007716 71.604792
 17.080000 -2.937893 -2.009418 69.729233
 17.100000 -3.053745 -2.031540 67.249502
 17.120000 -3.031922 -2.040964 67.973215
 17.140000 -3.048776 -2.163493 70.859027
 17.160000 -3.020744 -2.163769 71.578880
 17.180000 -2.947685 -2.185339 74.389464
 17.200000 -3.002792 -2.198149 73.141097
 17.220000 -2.947824 -2.180134 74.217591
 17.240000 -2.903578 -2.188355 75.933932
 17.260000 -2.789193 -2.056634 75.887333
 17.280000 -2.716168 -2.013820 77.338462
 17.300000 -2.717070 -2.019961 77.477919
 17.320000 -2.802082 -1.918244 71.997680
 17.340000 -2.914649 -1.957994 69.260613
 17.360000 -3.025451 -1.905230 65.366724
 17.380000 -3.034070 -1.840810 64.239093
 17.400000 -3.068891 -1.810749 63.200555
 17.420000 -3.121452 -1.695611 61.541145
 17.440000 3.132615 -1.604446 61.082083
 17.460000 -3.022202 -1.526816 63.247355
 17.480000 -2.900459 -1.365437 67.177966
 17.500000 -2.771555 -1.176876 73.060307
 17.520000 -2.695838 -1.196148 74.531359
 17.540000 -2.813321 -1.029239 75.228375
 17.560000 -2.678446 -1.144904 75.834509
 17.580000 -2.819083 -1.104869 73.412810
 17.600000 -2.837011 -1.197021 71.191700
 17.620000 -2.968235 -1.181018 68.807563
 17.640000 -2.997329 -1.296671 66.146581
 17.660000 -2.978196 -1.239719 67.479158
 17.680000 -2.901666 -1.153482 70.658748
 17.700000 -2.846717 -1.309959 69.145461
 17.720000 -2.884819 -1.281855 68.678416
 17.740000 -2.810153 -1.297002 70.201104
 17.760000 -2.827713 -1.273817 70.120233
 17.780000 -2.817824 -1.266690 70.462619
 17.800000 -2.991744 -1.361235 65.316222
 17.820000 -3.018662 -1.586351 63.124405
 17.840000 -3.129726 -1.554922 61.453510
 17.860000 3.124100 -1.657461 60.990405
 17.880000 -3.129847 -1.726987 61.570697
 17.900000 -3.133326 -1.620511 61.265538
 17.920000 -3.075739 -1.749030 62.534000
 17.940000 -2.889626 -1.722846 66.568670
 17.960000 -2.828300 -1.757452 68.629417
 17.980000 -2.737465 -1.824793 72.392192
 18.000000 -2.699004 -1.994263 77.425326
 18.020000 -2.797178 -1.934175 72.500201
 18.040000 -2.920127 -2.028943 70.736631
 18.060000 -2.960830 -2.118274 71.928249
 18.080000 -3.053084 -2.132362 69.849469
 18.100000 -3.054485 -2.100750 68.946677
 18.120000 -2.937773 -2.058457 70.955342
 18.140000 -2.915862 -2.036772 71.065182
 18.160000 -2.894843 -1.884899 68.442672
 18.180000 -2.824324 -1.825781 69.633235
 18.200000 -2.752539 -1.705860 70.417369
 18.220000 -2.845393 -1.705387 67.665669
 18.240000 -2.844454 -1.698485 67.642923
 18.260000 -2.932899 -1.667692 65.123633
 18.280000 -2.985724 -1.661745 63.871491
 18.300000 -3.099054 -1.613146 61.728991
 18.320000 -3.107356 -1.697371 61.745756
 18.340000 -3.119063 -1.505290 61.847887
 18.360000 3.110036 -1.600391 60.862374
 18.380000 -3.012760 -1.326371 65.413226
 18.400000 -2.945353 -1.262158 67.716369
 18.420000 -2.719706 -1.176332 74.297916
 18.440000 -2.664831 -1.124740 76.517837
 18.460000 -2.671724 -1.254010 74.235633
 18.480000 -2.759337 -1.042282 76.077658
 18.500000 -2.795902 -1.274664 70.868065
 18.520000 -2.902940 -1.202208 69.661718
 18.540000 -2.897463 -1.271692 68.557944
 18.560000 -2.932060 -1.193629 69.237615
 18.580000 -2.896378 -1.249800 68.943259
 18.600000 -2.866052 -1.019924 74.409456
 18.620000 -2.832114 -1.222810 70.845079
 18.640000 -2.899482 -1.043528 73.202586
 18.660000 -2.893636 -1.081219 72.415148
 18.680000 -2.815828 -1.248602 70.793454
 18.700000 -2.887667 -1.037135 73.580149
 18.720000 -2.966558 -1.206993 68.314239
 18.740000 -3.066666 -1.267398 65.498120
 18.760000 3.130346 -1.307592 63.764935
 18.780000 3.005197 -1.423432 61.523514
 18.800000 -3.122936 -1.494617 61.873696
 18.820000 3.079632 -1.356052 62.626636
 18.840000 -3.084627 -1.564736 62.035471
 18.860000 -2.922427 -1.487529 65.568716
 18.880000 -2.727681 -1.392547 71.207530
 18.900000 -2.601804 -1.359927 74.785227
 18.920000 -2.512834 -1.386459 76.810181
 18.940000 -2.521061 -1.493207 76.223522
 18.960000 -2.409684 -1.312288 79.693767
 18.980000 -2.316360 -1.513132 80.859197
 19.000000 -2.598121 -1.411621 74.500492
 19.020000 -2.687827 -1.610740 71.748652
 19.040000 -2.821850 -1.612675 67.870609
 19.060000 -2.773575 -1.504932 69.286061
 19.080000 -2.806487 -1.519081 68.340021
 19.100000 -2.953281 -1.435773 65.266872
 19.120000 -2.997397 -1.413273 64.595891
 19.140000 -3.034584 -1.184728 67.609429
 19.160000 -2.930741 -1.267689 67.919807
 19.180000 -3.090247 -1.154835 67.497066
 19.200000 -3.077128 -1.381271 63.615825
 19.220000 3.140002 -1.256835 64.764151
 19.240000 -3.094463 -1.419180 62.925067
 19.260000 -3.030508 -1.370895 64.489630
 19.280000 -3.090300 -1.579586 61.909277
 19.300000 -3.088712 -1.539868 62.069926
 19.320000 3.113701 -1.544227 61.075703
 19.340000 3.133248 -1.640363 61.071216
 19.360000 -3.141049 -1.548600 61.346696
 19.380000 -3.000670 -1.584236 63.487899
 19.400000 -2.890380 -1.349947 67.595666
 19.420000 -2.684743 -1.400660 72.277797
 19.440000 -2.844591 -1.260298 69.936088
 19.460000 -2.786593 -1.472638 69.079526
 19.480000 -2.762302 -1.387915 70.343240
 19.500000 -2.760447 -1.388250 70.388464
 19.520000 -2.715283 -1.431238 71.238349
 19.540000 -2.814316 -1.505164 68.180767
 19.560000 -2.804001 -1.532897 68.366789
 19.580000 -2.852147 -1.291263 69.285474
 19.600000 -2.646252 -1.467328 72.932583
 19.620000 -2.801084 -1.110354 73.687028
 19.640000 -2.802627 -1.261261 70.907297
 19.660000 -2.874450 -1.030340 73.995901
 19.680000 3.122454 -1.059046 69.220420
 19.700000 3.034952 -1.152391 66.397699
 19.720000 2.852653 -1.205617 66.113594
 19.740000 2.833546 -1.276460 64.963736
 19.760000 2.912541 -1.182087 66.026897
 19.780000 -3.087495 -1.137498 67.935447
 19.800000 -3.064063 -1.079910 69.645935
 19.820000 -2.861267 -1.201075 70.576969
 19.840000 -2.816937 -1.221179 71.222100
 19.860000 -2.784338 -1.427553 69.431916
 19.880000 -2.767892 -1.424433 69.888308
 19.900000 -2.768035 -1.654769 69.587099
 19.920000 -2.805624 -1.604089 68.305187
 19.940000 -2.758312 -1.576664 69.612662
 19.960000 -2.621788 -1.658725 73.993172
 19.980000 -2.692610 -1.535665 71.489932
 20.000000 -2.682292 -1.494342 71.849177
