#! FIELDS time phi psi metad.bias
#! SET min_phi -pi
#! SET max_phi pi
#! SET min_psi -pi
#! SET max_psi pi
 0.000000 3.141580 -3.141577 77.313571
 0.020000 3.062330 -2.896681 66.692404
 0.040000 3.085935 -2.901995 68.109518
 0.060000 3.036376 -2.935195 66.188266
 0.080000 3.059325 -2.943140 67.582040
 0.100000 3.012009 -2.978396 65.868281
 0.120000 3.028476 -2.956239 66.236487
 0.140000 3.063370 -2.983929 68.727081
 0.160000 3.023040 -3.032512 67.567839
 0.180000 3.066454 -3.014161 69.582122
 0.200000 3.050410 -3.073146 69.952104
 0.220000 3.001049 -3.108623 67.951690
 0.240000 3.068102 -3.026358 69.950783
 0.260000 2.997172 -3.003595 65.650100
 0.280000 3.066415 -2.954938 68.241774
 0.300000 3.048134 -2.936566 66.832501
 0.320000 2.969815 -2.930777 62.966688
 0.340000 3.040047 -2.863640 64.815855
 0.360000 3.057280 -2.842557 65.208846
 0.380000 3.064452 -2.941169 67.818793
 0.400000 -3.076728 -2.804876 73.036494
 0.420000 3.110515 -2.766135 66.198721
 0.440000 3.121871 -2.778277 67.124870
 0.460000 3.125130 -2.696519 65.269548
 0.480000 3.010232 -2.642717 59.019866
 0.500000 3.035500 -2.549078 58.151998
 0.520000 3.055583 -2.499754 57.938114
 0.540000 3.101141 -2.488749 59.424470
 0.560000 -3.077206 -2.426186 62.885350
 0.580000 -3.048020 -2.301599 61.691027
 0.600000 -3.092763 -2.395614 61.445586
 0.620000 -3.100374 -2.410556 61.398628
 0.640000 3.041563 -2.306201 54.581097
 0.660000 -3.101846 -2.319125 59.533654
 0.680000 3.105835 -2.388978 57.744040
 0.700000 3.113562 -2.300732 56.610466
 0.720000 -3.128447 -2.234095 57.132854
 0.740000 3.141063 -2.365378 58.682288
 0.760000 -3.066156 -2.201449 59.160238
 0.780000 -3.055341 -2.143628 58.858666
 0.800000 3.094664 -2.302920 56.022084
 0.820000 3.108271 -2.213462 55.339072
 0.840000 3.110232 -2.141591 54.737535
 0.860000 3.018967 -2.284578 53.842289
 0.880000 -3.037912 -2.341374 63.022084
 0.900000 3.043563 -2.295123 54.499211
 0.920000 -3.128998 -2.426396 60.406917
 0.940000 -3.069048 -2.511686 65.384855
 0.960000 3.119089 -2.590194 62.410435
 0.980000 3.104671 -2.536858 60.576659
 1.000000 3.080035 -2.821499 65.898934
 1.020000 2.906036 -3.002241 61.706168
 1.040000 -3.141353 -2.896713 71.314593
 1.060000 -3.122581 -2.985887 74.836135
 1.080000 -3.089803 3.057241 83.018199
 1.100000 -2.954093 2.874992 97.770121
 1.120000 3.105658 2.818437 81.301263
 1.140000 3.042916 2.776786 77.833038
 1.160000 2.936451 2.635063 73.799293
 1.180000 2.807839 2.482749 69.749967
 1.200000 2.866969 2.498297 72.262474
 1.220000 2.984232 2.535335 77.920692
 1.240000 2.778264 2.585821 66.947424
 1.260000 3.005527 2.692658 76.864432
 1.280000 2.854013 2.775528 67.434802
 1.300000 2.950145 2.947667 69.430684
 1.320000 3.101051 3.022055 77.135999
 1.340000 3.026672 -3.127704 69.738952
 1.360000 3.098623 -3.136906 74.309937
 1.380000 3.104897 -2.868693 68.393004
 1.400000 2.967922 -2.920594 62.696097
 1.420000 3.085958 -2.786498 65.387099
 1.440000 3.117132 -2.812064 67.699813
 1.460000 3.126554 -2.714475 65.790827
 1.480000 -2.995145 -2.546102 70.805637
 1.500000 3.052213 -2.632733 60.403956
 1.520000 -3.094603 -2.379434 61.021551
 1.540000 -3.074820 -2.308099 60.538463
 1.560000 -3.027654 -2.151592 60.164286
 1.580000 -2.952236 -2.163969 64.071328
 1.600000 -2.951083 -1.971364 61.834375
 1.620000 -3.126524 -2.160086 56.334307
 1.640000 3.099046 -2.052535 53.986238
 1.660000 3.119557 -2.035072 54.426309
 1.680000 2.990955 -2.280779 53.299275
 1.700000 -3.093580 -2.056623 56.610689
 1.720000 2.911645 -2.247877 52.315968
 1.740000 -3.100347 -2.186147 57.572769
 1.760000 3.116852 -2.210613 55.569615
 1.780000 -2.962031 -2.031802 61.815354
 1.800000 -2.882789 -2.169191 68.048143
 1.820000 -2.915683 -2.039101 64.188469
 1.840000 -3.024132 -2.086284 59.549117
 1.860000 -2.995752 -2.158253 61.755904
 1.880000 -3.105596 -2.149215 56.957851
 1.900000 2.999051 -2.223894 52.960914
 1.920000 -3.040365 -2.194381 60.193727
 1.940000 3.008963 -2.361440 54.501370
 1.960000 -3.011667 -2.180260 61.317915
 1.980000 -3.059701 -2.372556 62.581156
 2.000000 -3.037242 -2.256718 61.368417
 2.020000 -3.005641 -2.333268 64.561344
 2.040000 -3.020553 -2.303022 63.109756
 2.060000 3.006840 -2.280554 53.569679
 2.080000 3.013079 -2.416344 55.333779
 2.100000 2.924869 -2.415709 53.707575
 2.120000 2.967924 -2.409838 54.285176
 2.140000 -2.990187 -2.289789 64.450622
 2.160000 3.065733 -2.537075 59.006062
 2.180000 -2.964847 -2.236284 64.724895
 2.200000 -3.087991 -2.507625 64.252971
 2.220000 -3.123823 -2.586501 64.332353
 2.240000 -3.084431 -2.560645 65.805629
 2.260000 3.048911 -2.711258 61.922574
 2.280000 2.873112 -2.845992 58.255758
 2.300000 2.997066 -2.891433 63.387313
 2.320000 2.873198 -2.780956 57.351881
 2.340000 3.063776 -2.992914 68.952072
 2.360000 -2.999434 -3.003550 84.459806
 2.380000 -3.107154 3.111192 80.483414
 2.400000 -2.854871 -2.983355 96.067905
 2.420000 3.005540 3.022989 71.136521
 2.440000 2.931795 2.929192 68.787272
 2.460000 2.852512 2.967062 64.471287
 2.480000 2.806400 2.919974 63.292570
 2.500000 2.911267 2.876531 68.615453
 2.520000 3.057736 2.769022 78.915020
 2.540000 2.929126 2.914673 68.894615
 2.560000 2.996834 2.940648 72.153888
 2.580000 2.959634 3.044936 68.224609
 2.600000 2.707249 3.007823 59.102618
 2.620000 3.095695 -3.033072 71.766540
 2.640000 2.933188 -3.113516 64.720604
 2.660000 3.041971 -2.918773 66.118432
 2.680000 -3.094034 -2.821145 72.347625
 2.700000 3.080204 -2.779072 64.917902
 2.720000 -3.107598 -2.568341 64.734841
 2.740000 -3.007006 -2.516454 69.190917
 2.760000 3.020615 -2.444212 55.939467
 2.780000 -2.999664 -2.374519 65.864456
 2.800000 -3.081276 -2.149467 57.876586
 2.820000 3.124733 -2.185202 55.549139
 2.840000 -3.028603 -2.021816 58.817130
 2.860000 3.103375 -2.081038 54.197753
 2.880000 -3.034495 -2.032761 58.656628
 2.900000 -2.983820 -1.852621 60.062122
 2.920000 -3.082613 -1.990152 56.659112
 2.940000 -3.047070 -1.836818 57.796628
 2.960000 -3.031466 -1.828281 58.346826
 2.980000 3.023314 -1.769413 54.125082
 3.000000 -2.888744 -1.641373 64.845171
 3.020000 -3.058533 -1.625501 59.123331
 3.040000 -3.016421 -1.532681 61.541816
 3.060000 -2.953952 -1.517633 63.736453
 3.080000 -3.043692 -1.413160 62.807365
 3.100000 -2.908094 -1.413329 66.944274
 3.120000 -2.932610 -1.430703 65.788487
 3.140000 -2.915436 -1.352621 67.725175
 3.160000 -2.986030 -1.359609 65.341943
 3.180000 -2.861632 -1.480505 67.723686
 3.200000 -3.049587 -1.383736 63.217728
 3.220000 -2.936013 -1.535575 64.123239
 3.240000 -2.938663 -1.511430 64.355937
 3.260000 -2.988895 -1.328936 65.850312
 3.280000 -2.863745 -1.594281 66.302214
 3.300000 -2.888642 -1.459523 66.952263
 3.320000 -2.969155 -1.437447 64.464471
 3.340000 -3.011086 -1.732896 59.516411
 3.360000 -2.957379 -1.794533 61.210762
 3.380000 3.048639 -1.833418 53.725617
 3.400000 -2.962866 -2.024828 61.711250
 3.420000 -3.102894 -2.080522 56.452607
 3.440000 -3.072746 -2.144304 58.155124
 3.460000 -3.025917 -2.179995 60.641870
 3.480000 -3.057909 -2.425104 63.866169
 3.500000 -3.019149 -2.358385 64.395682
 3.520000 -3.081882 -2.411674 62.322996
 3.540000 2.956204 -2.615602 56.917088
 3.560000 3.106445 -2.517805 60.246863
 3.580000 3.056484 -2.439696 56.921888
 3.600000 2.987483 -2.602891 57.576615
 3.620000 -3.054076 -2.796348 74.326767
 3.640000 2.982841 -2.665040 58.507077
 3.660000 3.139876 -2.630434 64.408187
 3.680000 3.066079 -2.909713 67.190070
 3.700000 2.979335 -3.027077 65.255921
 3.720000 3.039671 -2.968697 67.089646
 3.740000 3.134985 -2.892137 70.770990
 3.760000 2.917637 3.097199 65.264510
 3.780000 -3.107586 3.074674 81.289500
 3.800000 2.918704 2.968381 67.476061
 3.820000 -3.122501 -3.019904 75.702200
 3.840000 3.029460 2.830087 76.080460
 3.860000 3.088387 2.865661 79.288170
 3.880000 3.065655 2.890103 77.331741
 3.900000 3.130143 3.076887 77.965033
 3.920000 2.929554 2.899263 69.176200
 3.940000 2.962671 2.853167 71.737816
 3.960000 2.945579 2.970329 68.801263
 3.980000 3.030724 -3.109695 69.598293
 4.000000 -3.125424 -3.048188 76.203950
 4.020000 2.924647 3.052235 66.353104
 4.040000 3.115364 -2.928311 70.472524
 4.060000 2.918792 -2.866499 59.909369
 4.080000 3.007442 -2.824126 62.482597
 4.100000 3.032890 -2.878772 64.794049
 4.120000 -3.134017 -2.677753 66.098475
 4.140000 -3.112160 -2.618819 65.785341
 4.160000 -2.891994 -2.495811 76.274926
 4.180000 3.116594 -2.469365 59.663888
 4.200000 -2.995623 -2.301807 64.412681
 4.220000 -3.083190 -2.255080 59.242244
 4.240000 -3.108923 -2.301282 58.919981
 4.260000 -2.989073 -2.010591 60.401646
 4.280000 -3.091703 -2.169118 57.699687
 4.300000 -2.985787 -1.954872 60.201125
 4.320000 -3.073109 -2.049435 57.290605
 4.340000 -2.981777 -1.890616 60.166078
 4.360000 -3.098996 -2.059398 56.443775
 4.380000 -2.932813 -1.990795 62.844059
 4.400000 3.092187 -1.920393 53.852681
 4.420000 -3.081315 -2.112535 57.489481
 4.440000 -3.023079 -1.992675 58.857781
 4.460000 3.095300 -2.196271 54.795402
 4.480000 3.104644 -2.228268 55.391597
 4.500000 3.025667 -2.420079 55.711213
 4.520000 2.980910 -2.300824 53.323175
 4.540000 3.134212 -2.464288 60.308079
 4.560000 -3.022731 -2.348859 63.986491
 4.580000 -2.997324 -2.323752 64.803319
 4.600000 -2.812759 -2.403671 78.914572
 4.620000 -2.992771 -2.368869 66.121159
 4.640000 -3.040812 -2.559517 68.322946
 4.660000 -2.936396 -2.367932 69.490436
 4.680000 3.113524 -2.648958 63.519906
 4.700000 3.048374 -2.663052 60.879783
 4.720000 3.027850 -2.595644 58.751894
 4.740000 2.876732 -2.494090 54.015024
 4.760000 3.136758 -2.709392 66.219522
 4.780000 -3.019358 -2.550145 69.380422
 4.800000 -3.127131 -2.515606 62.458166
 4.820000 -2.963091 -2.432882 69.592435
 4.840000 3.097055 -2.432255 58.187001
 4.860000 3.095115 -2.458093 58.595425
 4.880000 -3.074851 -2.276441 59.966052
 4.900000 2.960347 -2.465103 54.839428
 4.920000 3.091804 -2.366067 56.872043
 4.940000 3.070521 -2.557224 59.592505
 4.960000 3.023598 -2.561433 57.979253
 4.980000 -2.942838 -2.579970 75.399060
 5.000000 -3.124381 -2.821132 70.411222
 5.020000 3.087023 -2.709990 63.651689
 5.040000 3.030914 -2.742171 61.802171
 5.060000 2.765849 -2.887824 56.706763
 5.080000 2.970110 -3.026628 64.814048
 5.100000 3.073761 -2.797407 65.015348
 5.120000 2.939915 -3.002927 63.045245
 5.140000 -3.047313 -3.102691 83.344791
 5.160000 3.010793 3.066871 70.600991
 5.180000 2.973493 2.982641 70.076549
 5.200000 3.009930 2.984221 72.117872
 5.220000 2.767436 2.802639 63.407237
 5.240000 2.913248 2.749619 70.769037
 5.260000 2.935251 2.732682 72.208756
 5.280000 2.945528 2.835302 71.093676
 5.300000 3.015111 2.783029 75.993440
 5.320000 3.131117 2.876074 82.074075
 5.340000 3.116023 2.875314 81.018824
 5.360000 -2.925901 3.079913 95.976834
 5.380000 3.045195 2.976796 74.400149
 5.400000 3.120061 -3.067343 74.118630
 5.420000 3.029082 -3.014835 67.515660
 5.440000 2.937741 -3.053832 63.863821
 5.460000 2.894593 -3.070606 62.386569
 5.480000 2.866722 -2.996966 60.270199
 5.500000 2.814719 -2.936605 58.069335
 5.520000 3.060394 -2.952327 67.848243
 5.540000 3.049724 -2.954568 67.317088
 5.560000 -3.071483 -2.860142 74.955164
 5.580000 -2.988810 -2.651390 74.452038
 5.600000 3.125690 -2.828821 68.612981
 5.620000 3.141037 -2.911608 71.647757
 5.640000 3.125353 -2.820366 68.380233
 5.660000 3.086963 -2.841503 66.739205
 5.680000 3.098474 -3.080806 73.037818
 5.700000 3.034323 3.136759 70.559811
 5.720000 2.913809 3.123684 64.646668
 5.740000 3.031102 -3.077451 68.948943
 5.760000 2.930737 3.116836 65.531489
 5.780000 3.067107 3.110123 73.085797
 5.800000 3.139241 -3.093264 76.015865
 5.820000 3.073565 -2.960557 68.774194
 5.840000 3.002955 -3.034804 66.570842
 5.860000 3.113440 -3.065016 73.632415
 5.880000 2.934091 3.026833 67.247911
 5.900000 3.116432 3.070695 77.153507
 5.920000 2.923956 2.878759 69.227737
 5.940000 2.887720 2.834816 68.113027
 5.960000 2.770819 2.653248 65.653223
 5.980000 2.702197 2.730716 62.014058
 6.000000 2.850522 2.846208 66.182003
 6.020000 2.962845 2.950238 70.067172
 6.040000 3.122422 3.017551 78.697402
 6.060000 -2.979271 -3.113639 89.133808
 6.080000 -3.000106 -3.041642 85.477064
 6.100000 -3.070711 -3.003000 78.959968
 6.120000 -2.987628 -2.795214 79.071902
 6.140000 3.081026 -2.936316 68.637537
 6.160000 3.061171 -2.833794 65.208334
 6.180000 3.040789 -2.655779 60.420543
 6.200000 2.906632 -2.632839 56.047625
 6.220000 -3.060998 -2.446273 64.205656
 6.240000 -3.113906 -2.412026 60.796045
 6.260000 -3.101078 -2.163377 57.277723
 6.280000 -3.045285 -2.291592 61.630405
 6.300000 3.026159 -2.121061 52.821710
 6.320000 3.066215 -2.068435 53.342515
 6.340000 3.087428 -1.908125 53.811192
 6.360000 2.910786 -1.996230 52.306714
 6.380000 -3.138449 -1.846980 55.214046
 6.400000 3.078945 -1.699713 55.409204
 6.420000 3.116138 -1.790194 55.015263
 6.440000 -2.916756 -1.540343 64.771425
 6.460000 -2.990002 -1.680512 60.640724
 6.480000 -2.893098 -1.554743 65.510494
 6.500000 -2.808423 -1.568299 68.999087
 6.520000 -2.958319 -1.476312 64.195318
 6.540000 -3.026811 -1.598050 60.344560
 6.560000 -2.912668 -1.430856 66.494642
 6.580000 -3.010822 -1.411922 63.679138
 6.600000 -3.006676 -1.436149 63.368831
 6.620000 -2.984452 -1.186827 68.964972
 6.640000 3.093992 -1.444976 59.711275
 6.660000 -2.896432 -1.166106 72.080636
 6.680000 -2.887943 -1.294335 69.777801
 6.700000 -3.027701 -1.259408 66.265707
 6.720000 -3.002198 -1.439458 63.438948
 6.740000 3.140750 -1.384433 61.465827
 6.760000 3.114043 -1.433126 60.155554
 6.780000 -3.112481 -1.770249 56.312226
 6.800000 3.132304 -1.593027 57.610518
 6.820000 3.079220 -1.795889 54.395558
 6.840000 -2.903559 -1.816151 63.488572
 6.860000 -3.118583 -1.867200 55.605353
 6.880000 -2.955998 -1.912094 61.313015
 6.900000 -2.904303 -2.161020 66.653839
 6.920000 -2.985817 -2.274523 64.365194
 6.940000 -3.090743 -2.259477 58.991082
 6.960000 3.124499 -2.517881 61.036135
 6.980000 2.921878 -2.683414 57.097224
 7.000000 2.877048 -2.844607 58.337930
 7.020000 -3.137250 -2.689024 66.208118
 7.040000 2.992965 -3.086045 67.084860
 7.060000 -3.003725 3.084798 89.224218
 7.080000 3.099326 3.097039 75.436880
 7.100000 3.123404 3.052797 78.020189
 7.120000 3.021868 2.818500 75.807921
 7.140000 2.972671 2.712822 74.612207
 7.160000 2.903705 2.722238 70.711665
 7.180000 3.047718 2.681368 79.653827
 7.200000 3.005701 2.704736 76.686615
 7.220000 3.064927 2.515504 83.018688
 7.240000 3.123630 2.770767 83.353992
 7.260000 2.988244 2.762843 74.715473
 7.280000 3.128276 2.843567 82.453424
 7.300000 2.989115 2.854100 73.230554
 7.320000 2.949790 2.880769 70.562574
 7.340000 2.969638 2.984916 69.825413
 7.360000 2.863361 3.020850 64.116041
 7.380000 2.874661 3.114938 63.144856
 7.400000 -3.114370 -2.974506 75.102779
 7.420000 3.065381 -2.880406 66.483849
 7.440000 -2.979066 -2.809753 80.178256
 7.460000 -3.079664 -2.594218 66.973836
 7.480000 -3.056847 -2.357958 62.410882
 7.500000 -3.111129 -2.442696 61.577342
 7.520000 -3.045097 -2.330285 62.419281
 7.540000 3.021474 -2.201522 53.167871
 7.560000 -3.127883 -2.132073 56.021261
 7.580000 3.114078 -2.266800 56.154518
 7.600000 3.141387 -2.019401 54.951264
 7.620000 -2.953236 -1.994583 61.904829
 7.640000 -3.134111 -1.948338 55.051284
 7.660000 -3.027917 -1.944120 58.462995
 7.680000 3.114501 -1.926243 54.270041
 7.700000 3.026443 -1.883577 53.162178
 7.720000 3.051662 -1.874433 53.469753
 7.740000 -3.118267 -1.841798 55.716354
 7.760000 -3.124984 -1.921904 55.307764
 7.780000 -2.920949 -1.950526 63.113890
 7.800000 -3.053762 -1.966297 57.578231
 7.820000 -3.022315 -1.949022 58.693336
 7.840000 -2.917709 -2.084542 64.669925
 7.860000 -2.998326 -1.961840 59.707904
 7.880000 -2.809735 -1.954442 68.961866
 7.900000 -2.788622 -2.007821 70.816273
 7.920000 -2.935197 -2.013711 62.934250
 7.940000 -3.062960 -2.076409 57.871794
 7.960000 -3.058104 -2.118463 58.459696
 7.980000 3.076073 -2.140137 53.867100
 8.000000 3.121548 -2.050853 54.530543
 8.020000 3.100710 -2.062010 54.056775
 8.040000 2.859415 -2.154855 52.211810
 8.060000 -3.093405 -2.015748 56.400063
 8.080000 3.024388 -2.135922 52.852328
 8.100000 -3.041295 -2.155977 59.614155
 8.120000 -2.927026 -2.106950 64.501391
 8.140000 3.121185 -2.247874 56.144663
 8.160000 -3.138306 -2.362217 58.779746
 8.180000 -3.138069 -2.366590 58.868227
 8.200000 2.865162 -2.562366 54.597604
 8.220000 3.085321 -2.593005 60.948358
 8.240000 3.030687 -2.597987 58.896983
 8.260000 3.078958 -2.659216 62.120838
 8.280000 -2.846364 -2.570089 82.191134
 8.300000 -2.999594 -2.779938 77.707073
 8.320000 -2.933963 -2.796848 83.264371
 8.340000 -2.931069 -2.862745 85.670751
 8.360000 3.044245 -3.068876 69.506810
 8.380000 2.980780 -3.135042 67.408876
 8.400000 2.982973 3.139491 67.687052
 8.420000 2.696951 2.884879 60.057741
 8.440000 3.024139 2.889062 74.716364
 8.460000 2.886615 2.807664 68.491703
 8.480000 2.936187 2.901112 69.491702
 8.500000 3.029206 2.946997 73.971775
 8.520000 2.802909 2.856699 64.022609
 8.540000 2.897723 2.969359 66.452359
 8.560000 3.057727 3.057957 73.582211
 8.580000 2.986133 3.110043 68.412920
 8.600000 3.087705 2.983815 77.012084
 8.620000 3.070233 3.087049 73.768510
 8.640000 2.800890 3.086381 60.901881
 8.660000 3.124786 -3.124256 75.760610
 8.680000 2.872004 2.985669 65.026981
 8.700000 3.074115 -3.075543 71.407937
 8.720000 -3.129574 -2.943695 73.285654
 8.740000 3.070554 -2.867495 66.463207
 8.760000 3.077976 -2.838393 66.184508
 8.780000 -3.125975 -2.628808 65.286957
 8.800000 -3.079176 -2.435793 63.005167
 8.820000 -2.953474 -2.457127 70.895117
 8.840000 -2.861229 -2.335390 73.458062
 8.860000 -2.973838 -2.321435 66.069427
 8.880000 -3.030569 -2.387180 64.443012
 8.900000 3.012861 -2.482017 56.314571
 8.920000 2.852649 -2.548303 54.350776
 8.940000 2.778815 -2.569309 54.327136
 8.960000 2.868705 -2.709942 56.350567
 8.980000 2.991136 -2.687216 59.184097
 9.000000 3.101522 -2.559555 60.928966
 9.020000 3.035099 -2.676391 60.615341
 9.040000 -3.099568 -2.685272 68.273860
 9.060000 3.078221 -2.586819 60.516532
 9.080000 -3.133493 -2.559177 63.167732
 9.100000 -3.065722 -2.608482 68.188328
 9.120000 3.139857 -2.763365 67.767995
 9.140000 -3.065516 -2.684172 70.335267
 9.160000 -3.093632 -2.793126 71.599040
 9.180000 3.138227 -3.018731 74.155145
 9.200000 3.115064 -3.065147 73.740917
 9.220000 2.967572 -3.047724 65.097585
 9.240000 2.798536 3.052990 61.248563
 9.260000 2.929004 3.028101 66.976171
 9.280000 2.807043 3.116780 60.710998
 9.300000 2.935705 3.122001 65.673349
 9.320000 3.092343 -3.066800 72.332029
 9.340000 3.081454 -3.028283 70.786890
 9.360000 -3.005292 -3.038272 84.965881
 9.380000 -2.961327 -3.000449 87.472838
 9.400000 3.098101 -3.093404 73.300547
 9.420000 -3.137301 3.035529 79.979451
 9.440000 2.790897 3.029932 61.287199
 9.460000 2.781360 3.015630 61.154329
 9.480000 2.757847 2.877286 62.083864
 9.500000 2.785730 2.958583 62.023882
 9.520000 3.000522 3.039097 70.547650
 9.540000 3.091194 3.028298 76.346400
 9.560000 3.064226 -3.116549 71.704058
 9.580000 -3.132961 -3.024204 75.094678
 9.600000 3.067083 -2.959756 68.388990
 9.620000 3.050201 -2.914823 66.458720
 9.640000 3.139840 -2.801836 68.757180
 9.660000 2.975781 -2.785625 60.474118
 9.680000 3.055760 -2.818076 64.584375
 9.700000 3.012893 -2.798063 62.187282
 9.720000 3.114178 -2.610488 62.648118
 9.740000 3.041182 -2.660097 60.525120
 9.760000 3.096829 -2.622492 62.111224
 9.780000 3.111888 -2.478701 59.658427
 9.800000 3.108034 -2.400784 58.031301
 9.820000 -3.128253 -2.370867 59.354032
 9.840000 -3.060267 -2.270018 60.517284
 9.860000 -3.048110 -2.179215 59.629528
 9.880000 -2.956652 -2.139392 63.442610
 9.900000 -2.890480 -2.094413 66.295286
 9.920000 -3.106363 -2.157535 57.018517
 9.940000 3.128174 -2.244386 56.333161
 9.960000 2.968928 -2.231198 52.623896
 9.980000 3.131325 -2.151379 55.431977
 10.000000 3.067577 -2.140548 53.679952
 10.020000 -3.042588 -2.107019 58.979459
 10.040000 -3.115303 -2.154799 56.669093
 10.060000 -3.044713 -2.037235 58.283111
 10.080000 -2.995465 -2.135787 61.449528
 10.100000 -2.987508 -2.228353 63.352886
 10.120000 -2.986410 -2.130051 61.806608
 10.140000 3.013213 -2.269366 53.581388
 10.160000 3.053178 -2.486440 57.618733
 10.180000 2.952953 -2.517642 55.396324
 10.200000 2.983826 -2.444149 55.041916
 10.220000 3.045477 -2.632798 60.136671
 10.240000 -3.082510 -2.628696 67.745115
 10.260000 3.109486 -2.626856 62.804579
 10.280000 -2.860385 -2.521792 79.442996
 10.300000 -3.053889 -2.685858 71.126838
 10.320000 -3.018179 -2.682554 73.396198
 10.340000 -3.133926 -2.650378 65.405695
 10.360000 2.936003 -2.767387 58.811979
 10.380000 3.072869 -2.827603 65.666584
 10.400000 3.032217 -2.952388 66.346234
 10.420000 -3.140343 -2.906870 71.640284
 10.440000 3.034577 -3.083189 69.263503
 10.460000 3.097391 -3.057941 72.444271
 10.480000 2.901427 -3.056290 62.417191
 10.500000 3.004752 -3.076544 67.507310
 10.520000 2.827766 3.059543 62.173839
 10.540000 3.050326 -3.098744 70.495571
 10.560000 2.894764 3.089889 64.371419
 10.580000 3.100521 3.120615 75.001345
 10.600000 2.862801 2.878497 66.254491
 10.620000 2.971197 2.856985 72.152153
 10.640000 2.880523 2.857354 67.409235
 10.660000 2.902519 2.933336 67.261267
 10.680000 2.869791 2.744146 68.675602
 10.700000 2.996773 2.782079 74.902526
 10.720000 3.028795 2.888990 75.004632
 10.740000 -3.095829 3.037236 83.004227
 10.760000 -2.986537 3.005423 92.464686
 10.780000 3.104626 2.875304 80.225002
 10.800000 -2.956919 -3.118717 91.153980
 10.820000 -3.129472 -2.981514 74.260315
 10.840000 3.097728 -3.058723 72.483508
 10.860000 2.995497 -3.078892 67.073829
 10.880000 3.008171 -2.909756 64.266803
 10.900000 2.905612 -2.851555 59.250858
 10.920000 -3.042955 -2.926796 78.900005
 10.940000 2.994615 -3.116819 67.774446
 10.960000 -3.093788 -2.913839 74.901159
 10.980000 3.004561 -2.792971 61.736746
 11.000000 2.761381 -2.955709 57.273006
 11.020000 2.941407 -3.079620 64.486380
 11.040000 2.944451 -2.838079 60.294548
 11.060000 -3.139514 -2.770124 68.163660
 11.080000 -3.003225 -2.962177 82.964866
 11.100000 -3.084775 -3.021138 78.408927
 11.120000 -3.050624 -2.974919 79.687162
 11.140000 -3.132415 -2.923711 72.583546
 11.160000 2.818451 2.998098 62.675194
 11.180000 3.059285 3.036613 74.109502
 11.200000 2.859691 3.017746 64.010760
 11.220000 3.049572 3.056104 73.113936
 11.240000 3.002374 2.887044 73.438194
 11.260000 2.974789 3.064163 68.670036
 11.280000 3.099250 -3.065295 72.731009
 11.300000 -3.099543 -3.077491 78.770596
 11.320000 3.015303 -3.128394 69.117972
 11.340000 3.095455 -2.949287 69.783778
 11.360000 2.953110 -2.914030 61.974273
 11.380000 2.775776 -3.130863 59.380391
 11.400000 2.877946 -3.057104 61.556259
 11.420000 2.711990 -3.084717 57.566384
 11.440000 2.891507 -2.913802 59.794784
 11.460000 2.930740 3.134318 65.227954
 11.480000 3.041085 -3.081353 69.592606
 11.500000 3.093733 -2.948137 69.654501
 11.520000 -3.130377 -2.877146 71.505006
 11.540000 2.894376 -3.079242 62.517235
 11.560000 3.102523 -2.927429 69.678397
 11.580000 2.976009 -2.735788 59.559805
 11.600000 -3.054842 -2.757190 73.136110
 11.620000 -3.135000 -3.024653 74.967728
 11.640000 -3.036044 -2.794584 75.530087
 11.660000 -3.072841 -2.763693 72.126729
 11.680000 3.109826 -2.963183 70.985342
 11.700000 3.017253 3.120528 69.912311
 11.720000 2.976342 -3.041170 65.386771
 11.740000 2.900837 -2.998109 61.448206
 11.760000 2.775065 3.110323 59.837531
 11.780000 2.899969 3.119708 64.110473
 11.800000 3.023628 -3.049576 67.956479
 11.820000 -3.078906 -2.927638 76.316380
 11.840000 -3.094707 -3.024838 77.786093
 11.860000 -3.063477 -3.015914 79.842232
 11.880000 2.981650 -3.022078 65.268430
 11.900000 2.919880 -3.070678 63.397771
 11.920000 2.786941 3.121026 60.051624
 11.940000 2.847325 3.125011 61.959660
 11.960000 2.836433 3.043283 62.720192
 11.980000 3.081734 -3.104755 72.522756
 12.000000 2.944820 3.036113 67.623133
 12.020000 -3.074503 -3.014454 78.985492
 12.040000 3.066984 -3.021200 69.770332
 12.060000 3.095590 -2.968053 70.237503
 12.080000 3.047114 -2.934990 66.743547
 12.100000 3.055828 -2.751350 63.103252
 12.120000 3.058303 -2.743908 63.053002
 12.140000 -3.094306 -2.789815 71.464152
 12.160000 -3.070568 -2.672683 69.692452
 12.180000 -3.050835 -2.727028 72.524888
 12.200000 -2.924333 -2.660970 79.434488
 12.220000 3.026687 -2.857168 64.034200
 12.240000 -3.139811 -2.684114 65.942190
 12.260000 2.890595 -2.622072 55.616250
 12.280000 2.805445 -2.691515 55.343785
 12.300000 2.809698 -2.696369 55.423667
 12.320000 2.998056 -2.408667 54.875411
 12.340000 -3.054120 -2.315482 61.667623
 12.360000 -2.905643 -2.409572 72.649959
 12.380000 -2.846383 -2.302892 73.526736
 12.400000 -2.978000 -2.401115 67.813366
 12.420000 -3.099551 -2.415922 61.552297
 12.440000 2.932573 -2.681992 57.340418
 12.460000 2.994123 -2.549575 56.876158
 12.480000 2.890639 -2.717602 56.879656
 12.500000 3.058668 -2.822012 64.816882
 12.520000 -3.128778 -2.755170 68.403911
 12.540000 -2.983875 -2.715086 76.814795
 12.560000 -3.033092 -2.673276 72.117060
 12.580000 -2.933181 -2.739723 81.418343
 12.600000 3.085446 -2.594236 60.980110
 12.620000 3.082165 -2.720127 63.649182
 12.640000 3.021011 -2.890286 64.467614
 12.660000 2.989751 -2.872160 62.684646
 12.680000 -3.047204 -2.819837 75.490756
 12.700000 2.991221 -3.047334 66.232540
 12.720000 2.926081 3.119004 65.279165
 12.740000 3.045246 -3.103081 70.291783
 12.760000 2.807321 -3.099571 59.874898
 12.780000 2.923890 -3.035871 62.966280
 12.800000 2.951390 -3.069150 64.747914
 12.820000 2.809316 -3.014931 58.881933
 12.840000 -3.132667 -2.811447 69.647000
 12.860000 3.098153 -2.911338 69.032148
 12.880000 -3.097533 -3.040188 77.976256
 12.900000 -2.921954 -2.778121 83.589725
 12.920000 -3.068616 -2.825735 74.177297
 12.940000 3.139520 -2.953737 72.623348
 12.960000 2.960952 -2.940204 62.770030
 12.980000 2.762830 -2.889548 56.684456
 13.000000 2.939927 -2.742413 58.512808
 13.020000 2.986646 -2.875284 62.614389
 13.040000 3.110850 -2.821875 67.587212
 13.060000 -2.943241 -2.694352 79.133267
 13.080000 -2.994850 -2.729920 76.491606
 13.100000 -3.059130 -2.942632 78.156195
 13.120000 3.119508 -2.901362 70.055517
 13.140000 2.824660 -2.889253 57.705124
 13.160000 2.917786 -2.920808 60.775899
 13.180000 2.879786 -3.133734 62.812660
 13.200000 2.973858 -3.108969 66.562801
 13.220000 -3.073055 -2.944506 77.197566
 13.240000 3.114433 -3.053184 73.420834
 13.260000 3.135573 -3.067848 75.161861
 13.280000 2.980896 3.055141 69.163819
 13.300000 2.856984 -3.046776 60.683950
 13.320000 2.912128 -3.104144 63.642279
 13.340000 3.011955 3.084996 70.314850
 13.360000 3.081104 3.026033 75.726584
 13.380000 -3.040173 3.091958 86.089414
 13.400000 -3.116407 3.078879 80.543243
 13.420000 -3.130593 3.032126 80.536917
 13.440000 3.051614 2.955983 75.201591
 13.460000 2.905412 2.759370 70.208075
 13.480000 2.870526 2.949238 65.525053
 13.500000 2.878532 2.883384 66.906444
 13.520000 2.948828 2.952755 69.273216
 13.540000 3.072765 2.997925 75.747673
 13.560000 3.019330 3.019970 71.997613
 13.580000 -3.101630 -2.997772 76.590636
 13.600000 3.092552 -2.875743 67.859975
 13.620000 3.111395 -2.972562 71.308960
 13.640000 -3.126428 -2.963996 74.016703
 13.660000 3.129303 -2.758511 67.044125
 13.680000 2.879606 -2.905638 59.310734
 13.700000 3.058124 -2.789829 64.068251
 13.720000 2.863131 -2.854776 58.127340
 13.740000 3.040233 -2.713665 61.600372
 13.760000 3.128051 -2.699828 65.507159
 13.780000 -3.013196 -2.611424 71.577947
 13.800000 -3.098088 -2.664070 67.787811
 13.820000 -3.050752 -2.517872 66.587253
 13.840000 3.087912 -2.512195 59.368556
 13.860000 3.116344 -2.521850 60.761009
 13.880000 3.118007 -2.342441 57.409326
 13.900000 3.096724 -2.538772 60.278985
 13.920000 -3.123007 -2.450797 61.192551
 13.940000 -3.134931 -2.565312 63.242892
 13.960000 -3.040319 -2.489209 66.437143
 13.980000 3.119381 -2.637690 63.541648
 14.000000 -3.075930 -2.620494 67.910318
 14.020000 -3.139683 -2.593830 63.693867
 14.040000 3.062074 -2.688067 62.000384
 14.060000 3.003239 -2.740906 60.654934
 14.080000 2.959424 -2.767426 59.565642
 14.100000 3.022268 -2.612097 58.866173
 14.120000 3.030072 -2.867259 64.409745
 14.140000 3.085264 -2.815087 66.024043
 14.160000 3.073023 -2.743411 63.739174
 14.180000 3.050299 -2.933805 66.885949
 14.200000 2.896642 -3.113627 63.161460
 14.220000 2.886956 -3.018068 61.270539
 14.240000 2.833908 -3.086302 60.501683
 14.260000 2.822245 3.069470 61.841471
 14.280000 2.897087 -3.109375 63.110610
 14.300000 3.133672 3.128605 77.062115
 14.320000 -3.095352 -2.948749 75.736462
 14.340000 -3.041759 -3.048785 82.374078
 14.360000 -3.042470 -3.083987 83.243326
 14.380000 3.105136 -2.952939 70.451647
 14.400000 3.068698 -2.855384 66.087563
 14.420000 2.992168 -3.018740 65.709714
 14.440000 3.078487 -3.035622 70.774685
 14.460000 3.083761 -2.983164 69.888132
 14.480000 -3.091357 -3.001438 77.417260
 14.500000 3.043053 -3.022276 68.434515
 14.520000 2.991132 -3.047667 66.234719
 14.540000 2.870829 -2.934939 59.489093
 14.560000 2.894015 -2.925548 60.058150
 14.580000 2.888367 -2.932193 59.982454
 14.600000 3.057687 -2.861402 65.652508
 14.620000 2.996335 -2.944005 64.407558
 14.640000 3.129111 -2.942066 71.666134
 14.660000 3.044016 -2.999472 67.993112
 14.680000 3.020164 -3.049528 67.769763
 14.700000 2.868126 -3.129932 62.308784
 14.720000 2.975730 -2.966237 63.902745
 14.740000 2.912544 3.067954 65.521720
 14.760000 3.139354 -2.989425 73.506721
 14.780000 3.107843 -3.126927 74.690155
 14.800000 -3.103367 3.119969 80.558704
 14.820000 -3.021386 -3.116783 85.757678
 14.840000 -3.139771 -3.018315 74.490615
 14.860000 -3.081292 3.128772 82.001432
 14.880000 3.114816 2.982761 78.880264
 14.900000 2.943894 3.103945 66.381479
 14.920000 2.946518 2.938242 69.400950
 14.940000 2.892345 2.965177 66.268431
 14.960000 2.759473 2.903146 61.814910
 14.980000 3.009081 3.013625 71.517759
 15.000000 2.846757 3.090089 62.440415
 15.020000 3.007346 -2.980791 65.685385
 15.040000 3.047011 -3.022276 68.654192
 15.060000 2.998993 -2.985560 65.372881
 15.080000 3.097137 -2.817153 66.711402
 15.100000 3.044819 -2.857827 64.924419
 15.120000 3.028959 -2.846453 63.913481
 15.140000 3.087107 -2.935910 68.977563
 15.160000 3.120997 -2.775894 67.016433
 15.180000 3.057595 -2.815894 64.626051
 15.200000 -3.124803 -2.724809 67.841660
 15.220000 3.052348 -2.733016 62.542546
 15.240000 -3.073392 -2.431976 63.214732
 15.260000 -3.093120 -2.481451 63.354228
 15.280000 -3.048221 -2.388601 63.530021
 15.300000 -2.984538 -2.187230 62.777711
 15.320000 -3.018498 -2.310764 63.379324
 15.340000 -3.086698 -2.241677 58.883357
 15.360000 -3.120517 -2.308936 58.572729
 15.380000 3.051237 -2.217233 53.883984
 15.400000 2.950663 -2.319835 53.085619
 15.420000 3.063783 -2.148777 53.647281
 15.440000 3.025620 -2.284686 53.980591
 15.460000 3.131296 -2.051900 54.792851
 15.480000 -2.984027 -2.080132 61.287024
 15.500000 -2.970196 -1.944190 60.820487
 15.520000 -2.907297 -1.753473 63.429212
 15.540000 -2.885299 -1.866805 64.426299
 15.560000 -3.022023 -1.727763 59.192655
 15.580000 -3.048186 -1.704013 58.580385
 15.600000 -3.076691 -1.726169 57.584760
 15.620000 -3.043021 -1.744433 58.407789
 15.640000 -3.077804 -1.616392 58.749748
 15.660000 -2.954337 -1.631229 62.361025
 15.680000 -3.027431 -1.697539 59.265291
 15.700000 -2.954129 -1.605598 62.631244
 15.720000 -2.921337 -1.736606 62.895944
 15.740000 -2.988536 -1.705105 60.491892
 15.760000 -2.942768 -1.617975 62.918484
 15.780000 -3.073161 -1.702461 57.895820
 15.800000 -3.025569 -1.555359 60.951983
 15.820000 3.102111 -1.555619 57.786470
 15.840000 -3.054832 -1.643585 59.008425
 15.860000 3.073849 -1.621679 56.430187
 15.880000 -3.083290 -1.542493 59.679974
 15.900000 -3.104448 -1.661789 57.566786
 15.920000 -3.072827 -1.617161 58.861611
 15.940000 -3.080725 -1.679145 57.935595
 15.960000 -3.052067 -1.765261 57.987867
 15.980000 -3.034362 -1.797883 58.366782
 16.000000 -3.129700 -1.939525 55.169155
 16.020000 -3.010100 -2.067866 59.976404
 16.040000 -3.085886 -2.201654 58.341389
 16.060000 -2.921901 -2.135790 65.233296
 16.080000 -3.140140 -2.308853 57.798726
 16.100000 -3.087745 -2.380293 61.364437
 16.120000 3.045096 -2.483254 57.298099
 16.140000 3.030283 -2.426332 55.930468
 16.160000 3.030912 -2.630057 59.524607
 16.180000 3.136018 -2.703805 66.037879
 16.200000 3.056783 -2.825659 64.804941
 16.220000 3.075325 -2.865892 66.681391
 16.240000 3.026470 -2.958121 66.173989
 16.260000 2.852027 3.061713 63.052545
 16.280000 2.936176 3.022080 67.433295
 16.300000 2.835479 2.987193 63.482633
 16.320000 2.948327 2.894064 70.257563
 16.340000 2.907938 2.805470 69.598811
 16.360000 2.952776 2.793012 72.194510
 16.380000 2.963431 2.768507 73.193226
 16.400000 -3.136445 2.951074 81.781344
 16.420000 3.079460 2.869933 78.610460
 16.440000 -2.965738 2.993451 94.486748
 16.460000 -3.084074 2.915710 86.392612
 16.480000 -3.036381 3.120700 85.698101
 16.500000 3.126300 3.046838 78.349363
 16.520000 2.973708 3.056004 68.762810
 16.540000 2.790354 3.093574 60.483746
 16.560000 2.895887 -3.032866 61.828304
 16.580000 2.928995 -3.013906 62.792925
 16.600000 3.027149 -2.992097 66.930701
 16.620000 -3.033399 -2.929723 79.698853
 16.640000 3.000396 -2.932475 64.365737
 16.660000 3.125544 -2.710004 65.625428
 16.680000 2.790223 -2.870291 56.873749
 16.700000 2.989395 -2.714760 59.637947
 16.720000 3.044100 -2.676101 60.975978
 16.740000 -3.096528 -2.515905 64.007750
 16.760000 -3.077896 -2.607065 67.426012
 16.780000 -3.044546 -2.538731 67.519827
 16.800000 -3.066910 -2.484951 64.829612
 16.820000 -2.894710 -2.491828 75.953017
 16.840000 -2.972745 -2.501465 70.944381
 16.860000 3.088976 -2.628702 61.892990
 16.880000 -3.139261 -2.465406 60.762735
 16.900000 2.874694 -2.778894 57.357568
 16.920000 3.106303 -2.610962 62.287555
 16.940000 3.114035 -2.506471 60.330626
 16.960000 -3.092458 -2.548881 65.055188
 16.980000 -3.034319 -2.475680 66.432139
 17.000000 -3.050432 -2.272417 61.020598
 17.020000 3.088034 -2.382078 57.003196
 17.040000 -3.094013 -2.514486 64.104460
 17.060000 3.132402 -2.273508 56.869160
 17.080000 3.049606 -2.434574 56.622617
 17.100000 3.066269 -2.506568 58.439856
 17.120000 2.857857 -2.499979 53.937525
 17.140000 3.078508 -2.426265 57.419922
 17.160000 -3.132729 -2.499008 61.809305
 17.180000 3.131295 -2.649588 64.435392
 17.200000 -3.082345 -2.499202 64.345542
 17.220000 3.139038 -2.571064 62.923988
 17.240000 3.092841 -2.627505 62.041753
 17.260000 -3.037197 -2.697157 72.553836
 17.280000 3.082087 -2.651518 62.090998
 17.300000 -3.092295 -2.685284 68.710303
 17.320000 3.134469 -2.767286 67.559548
 17.340000 3.121099 -2.852221 68.930163
 17.360000 -3.082446 -2.807486 72.729932
 17.380000 -3.140860 -2.852906 70.223598
 17.400000 3.032360 3.094462 71.305617
 17.420000 3.105866 3.112935 75.523500
 17.440000 2.778382 3.056164 60.568058
 17.460000 2.875268 3.022401 64.598404
 17.480000 2.858777 2.775497 67.658164
 17.500000 2.796211 2.828971 64.144996
 17.520000 3.016907 2.826980 75.357496
 17.540000 3.046444 2.859304 76.641871
 17.560000 3.067527 2.863278 77.938184
 17.580000 3.132572 2.843307 82.764764
 17.600000 3.086233 2.801464 80.261617
 17.620000 2.978961 2.785033 73.809177
 17.640000 3.084767 2.912602 78.184060
 17.660000 2.911531 2.781809 70.165950
 17.680000 3.066175 2.997769 75.324065
 17.700000 3.007533 2.878674 73.892820
 17.720000 3.101102 3.071546 76.100948
 17.740000 -3.139569 -3.089250 76.219828
 17.760000 3.111988 -3.029037 72.695991
 17.780000 3.085955 -3.018957 70.845339
 17.800000 3.074269 -2.901385 67.445961
 17.820000 2.995444 -2.802195 61.547816
 17.840000 3.024066 -2.761396 61.911141
 17.860000 3.094964 -2.636648 62.346193
 17.880000 2.967121 -2.628132 57.410986
 17.900000 -3.088178 -2.281641 59.466966
 17.920000 3.080720 -2.491102 58.679513
 17.940000 -3.065939 -2.305164 60.896653
 17.960000 -3.041821 -2.082685 58.769500
 17.980000 3.095989 -2.207688 54.924416
 18.000000 3.083935 -2.175207 54.310502
 18.020000 3.039834 -2.080664 52.912849
 18.040000 3.057049 -2.069058 53.175378
 18.060000 -3.108949 -2.099645 56.388562
 18.080000 -3.111877 -1.905265 55.682015
 18.100000 3.135510 -2.148800 55.537888
 18.120000 -3.013053 -1.965489 59.123032
 18.140000 -3.133026 -2.058169 55.357102
 18.160000 -3.117533 -2.064658 55.868240
 18.180000 -3.122793 -2.083852 55.820337
 18.200000 3.023079 -2.113006 52.748287
 18.220000 -3.075864 -2.094810 57.534905
 18.240000 -3.102080 -2.126435 56.857531
 18.260000 -3.058643 -2.101954 58.268869
 18.280000 -3.088087 -2.378484 61.310438
 18.300000 -3.072777 -2.033503 57.203383
 18.320000 -3.111351 -2.297468 58.754556
 18.340000 -3.021210 -2.332559 63.706325
 18.360000 -3.068664 -2.325831 61.169575
 18.380000 3.106193 -2.435769 58.596329
 18.400000 -3.077921 -2.527078 65.288625
 18.420000 2.971877 -2.618792 57.391242
 18.440000 3.133631 -2.528591 61.690317
 18.460000 3.027538 -2.756719 61.961729
 18.480000 -3.139757 -2.630580 64.597395
 18.500000 3.035550 -2.768008 62.546220
 18.520000 3.134576 -2.693693 65.705115
 18.540000 2.995568 -2.817398 61.851141
 18.560000 -2.992226 -2.769893 77.935462
 18.580000 -3.141149 -2.891764 71.201188
 18.600000 3.090985 -2.895274 68.236209
 18.620000 3.124160 -3.003331 72.860326
 18.640000 2.932780 -3.118522 64.790221
 18.660000 3.054024 -3.110362 70.960705
 18.680000 2.982158 2.940084 71.321777
 18.700000 2.984483 3.078726 68.916697
 18.720000 2.925726 2.991053 67.443461
 18.740000 2.942985 2.960191 68.839981
 18.760000 2.852849 3.029264 63.560101
 18.780000 3.023685 -3.131231 69.642503
 18.800000 2.881574 2.991792 65.354512
 18.820000 3.091709 -3.107346 73.207204
 18.840000 3.044196 -3.029676 68.658830
 18.860000 2.980545 -3.109957 66.916862
 18.880000 2.975426 -2.982781 64.211158
 18.900000 3.025468 -2.975902 66.500260
 18.920000 2.978119 -2.982216 64.322823
 18.940000 3.116541 -2.742233 65.936872
 18.960000 3.124104 -2.830743 68.568665
 18.980000 -3.088070 -2.874960 74.228995
 19.000000 -3.073379 -2.671892 69.495664
 19.020000 3.119212 -2.622005 63.160649
 19.040000 -3.130216 -2.720945 67.427528
 19.060000 3.071590 -2.661162 61.833860
 19.080000 -3.038637 -2.536370 67.807990
 19.100000 3.138266 -2.508179 61.447004
 19.120000 -3.085553 -2.621125 67.360005
 19.140000 -3.122659 -2.479543 61.845149
 19.160000 -3.032248 -2.501602 67.238691
 19.180000 3.045230 -2.660974 60.707281
 19.200000 3.046242 -2.649665 60.513756
 19.220000 2.969142 -2.695562 58.604747
 19.240000 2.819931 -2.770686 56.273536
 19.260000 3.016164 -2.795821 62.281117
 19.280000 2.977983 -2.829841 61.387517
 19.300000 3.141522 -2.847819 70.043467
 19.320000 -3.090162 -2.788558 71.696486
 19.340000 -3.038317 -2.892330 78.248359
 19.360000 3.133588 -3.005301 73.520485
 19.380000 3.109755 -2.852134 68.268307
 19.400000 2.913784 -3.036328 62.569425
 19.420000 2.918970 3.092773 65.400139
 19.440000 2.845877 -3.128824 61.489272
 19.460000 3.003701 -3.098082 67.882876
 19.480000 3.021431 3.049087 71.559674
 19.500000 -3.125777 -3.124602 78.029278
 19.520000 3.098537 3.129937 74.666183
 19.540000 -3.122545 -3.063401 76.778872
 19.560000 3.069773 -3.068315 70.985954
 19.580000 3.078363 -3.049858 71.088761
 19.600000 2.976645 3.107162 67.968223
 19.620000 2.903106 -3.078913 62.854236
 19.640000 2.856189 -3.132912 61.913565
 19.660000 2.849114 3.112372 62.206368
 19.680000 2.950620 -3.088601 65.068273
 19.700000 2.868372 3.132302 62.634923
 19.720000 3.056593 -2.962919 67.877220
 19.740000 2.886912 -3.064770 62.003183
 19.760000 2.962448 -2.919287 62.445761
 19.780000 3.003313 -2.819459 62.213454
 19.800000 3.060361 -2.714333 62.496866
 19.820000 3.134980 -2.745602 67.037110
 19.840000 -2.922700 -2.532414 75.289831
 19.860000 -3.105952 -2.554957 64.482970
 19.880000 -3.016989 -2.581843 70.453732
 19.900000 -3.107373 -2.495418 62.959762
 19.920000 3.082814 -2.531631 59.559935
 19.940000 3.082696 -2.571465 60.380282
 19.960000 3.014926 -2.517737 56.951588
 19.980000 2.985870 -2.488199 55.712254
 20.000000 3.037551 -2.592825 59.045925
