#! FIELDS time phi psi metad.bias
#! SET min_phi -pi
#! SET max_phi pi
#! SET min_psi -pi
#! SET max_psi pi
 0.000000 3.141580 -3.141577 33.881970
 0.020000 -2.775384 3.058684 35.577541
 0.040000 -2.765437 3.064968 35.561046
 0.060000 -2.738930 3.082753 35.505031
 0.080000 -2.748220 3.102308 35.195147
 0.100000 -2.763791 3.048770 35.783066
 0.120000 -2.701220 3.101675 35.518813
 0.140000 -2.742354 3.091703 35.367258
 0.160000 -2.739268 3.099954 35.282887
 0.180000 -2.801974 3.101948 34.883089
 0.200000 -2.788329 3.073337 35.311057
 0.220000 -2.856854 3.084704 34.803462
 0.240000 -2.833429 3.050073 35.336657
 0.260000 -2.872198 3.069926 34.901837
 0.280000 -2.834250 3.087929 34.877813
 0.300000 -2.771108 3.117644 34.868223
 0.320000 -2.759699 3.094049 35.227057
 0.340000 -2.713835 3.122826 35.162595
 0.360000 -2.810097 -3.119962 34.144523
 0.380000 -2.706458 -3.070378 34.152129
 0.400000 -2.739484 -3.115765 34.466472
 0.420000 -2.660739 -3.097234 34.741166
 0.440000 -2.669017 -3.010954 33.755500
 0.460000 -2.696415 -3.038966 33.878994
 0.480000 -2.732320 -3.119772 34.555244
 0.500000 -2.709241 3.136360 35.024335
 0.520000 -2.780260 3.109220 34.917481
 0.540000 -2.796450 2.981878 36.457680
 0.560000 -2.785970 2.971344 36.679800
 0.580000 -2.851911 2.891539 37.289438
 0.600000 -2.746212 2.831127 39.066306
 0.620000 -2.813394 2.780200 39.182863
 0.640000 -2.815019 2.759646 39.468127
 0.660000 -2.660047 2.976927 37.619928
 0.680000 -2.745382 2.977079 36.908960
 0.700000 -2.696297 3.021194 36.662730
 0.720000 -2.604040 3.037402 37.181337
 0.740000 -2.657216 -3.003126 33.749484
 0.760000 -2.579709 -2.921325 33.521102
 0.780000 -2.498114 -2.997946 34.771221
 0.800000 -2.548249 -2.914702 33.673423
 0.820000 -2.603913 -2.807086 32.711198
 0.840000 -2.724122 -2.879881 32.472468
 0.860000 -2.937077 -2.998220 32.715816
 0.880000 -2.960784 -2.899953 32.159237
 0.900000 -3.075677 -3.006392 32.873797
 0.920000 -2.999245 -2.951245 32.443197
 0.940000 -2.990823 -3.084509 33.330553
 0.960000 -2.806971 -3.032599 33.284814
 0.980000 -2.702624 -3.085292 34.339435
 1.000000 -2.533961 -3.131254 36.096278
 1.020000 -2.477886 3.107184 37.187365
 1.040000 -2.481904 3.070461 37.708459
 1.060000 -2.590447 2.987047 38.076705
 1.080000 -2.650379 2.880957 39.213431
 1.100000 -2.672352 2.839546 39.661733
 1.120000 -2.776605 2.637679 41.656922
 1.140000 -2.702668 2.690403 41.708398
 1.160000 -2.750929 2.640843 41.907161
 1.180000 -2.719219 2.603132 42.846168
 1.200000 -2.754436 2.703749 40.924867
 1.220000 -2.721721 2.613271 42.664653
 1.240000 -2.783738 2.743462 40.018083
 1.260000 -2.746863 2.933397 37.531055
 1.280000 -2.806474 3.112326 34.736179
 1.300000 -2.778347 3.087047 35.200069
 1.320000 -2.760848 -3.121013 34.404387
 1.340000 -2.758981 -2.938723 32.706035
 1.360000 -2.608804 -2.771871 32.570561
 1.380000 -2.507101 -2.779060 33.192102
 1.400000 -2.456862 -2.766719 33.488178
 1.420000 -2.472394 -2.622357 33.308023
 1.440000 -2.580274 -2.708095 32.619267
 1.460000 -2.787402 -2.772080 31.865298
 1.480000 -2.953844 -2.972199 32.537902
 1.500000 -3.027694 -2.849389 32.109400
 1.520000 -3.106572 -3.069975 33.320365
 1.540000 -2.999087 -3.139552 33.786980
 1.560000 -2.866185 3.112884 34.444536
 1.580000 -2.665732 -3.107376 34.829159
 1.600000 -2.562678 3.058235 37.213258
 1.620000 -2.405859 2.976258 39.904754
 1.640000 -2.505444 3.008088 38.492681
 1.660000 -2.453541 2.923124 40.393696
 1.680000 -2.686986 2.887017 38.768189
 1.700000 -2.730977 2.804748 39.623031
 1.720000 -2.835598 2.682977 40.370498
 1.740000 -2.759013 2.797292 39.456314
 1.760000 -2.833682 2.742755 39.535396
 1.780000 -2.639415 2.693592 42.395774
 1.800000 -2.563141 2.688008 43.378731
 1.820000 -2.556795 2.804877 41.444168
 1.840000 -2.584846 2.783560 41.509504
 1.860000 -2.683023 2.767473 40.710812
 1.880000 -2.839504 2.897290 37.302159
 1.900000 -2.901813 3.071772 34.750560
 1.920000 -2.974730 2.938403 35.968660
 1.940000 -2.924218 3.139764 33.963113
 1.960000 -2.775934 -3.081531 33.896636
 1.980000 -2.756109 -3.021796 33.402782
 2.000000 -2.652352 -2.985693 33.614723
 2.020000 -2.598271 -2.934002 33.504057
 2.040000 -2.662949 -2.928211 33.080704
 2.060000 -2.671058 -2.920714 32.982604
 2.080000 -2.897197 -2.877695 32.046131
 2.100000 -2.887866 -2.985881 32.684424
 2.120000 -3.002707 -3.035054 32.958822
 2.140000 -2.805488 -2.955523 32.659482
 2.160000 -2.812914 3.130677 34.491760
 2.180000 -2.568828 -3.126903 35.763705
 2.200000 -2.562072 3.106663 36.503432
 2.220000 -2.420184 3.079988 38.084101
 2.240000 -2.441812 2.961736 39.833819
 2.260000 -2.527772 2.971633 38.890122
 2.280000 -2.599020 2.854503 40.158289
 2.300000 -2.748465 2.962344 37.096770
 2.320000 -2.863908 2.860051 37.627404
 2.340000 -2.931189 2.890863 36.775051
 2.360000 -2.913692 2.854997 37.345784
 2.380000 -2.968631 2.802757 37.659751
 2.400000 -2.771017 2.831982 38.816504
 2.420000 -2.759516 2.790729 39.550805
 2.440000 -2.675928 2.900023 38.667180
 2.460000 -2.629866 2.990333 37.678114
 2.480000 -2.729750 3.106441 35.263635
 2.500000 -2.731158 -3.113269 34.486958
 2.520000 -2.708211 -2.959804 33.087487
 2.540000 -2.712487 -2.959524 33.064977
 2.560000 -2.702902 -2.954231 33.068921
 2.580000 -2.635516 -2.858592 32.779113
 2.600000 -2.701267 -2.976753 33.263743
 2.620000 -2.540834 -2.950231 34.014925
 2.640000 -2.641495 -3.084681 34.720773
 2.660000 -2.645485 -3.022736 34.014818
 2.680000 -2.760333 -3.016182 33.331813
 2.700000 -2.824152 -3.014843 33.067188
 2.720000 -2.881393 -2.989887 32.724057
 2.740000 -2.892687 -3.025452 32.976527
 2.760000 -2.801337 -2.923548 32.454179
 2.780000 -2.705565 -2.930973 32.881153
 2.800000 -2.584045 -3.103704 35.352900
 2.820000 -2.541380 3.121879 36.453262
 2.840000 -2.590029 -3.092247 35.167864
 2.860000 -2.748998 3.014665 36.351687
 2.880000 -2.814096 2.987361 36.261061
 2.900000 -2.964591 2.980918 35.519422
 2.920000 -2.928040 2.989497 35.579384
 2.940000 -2.880514 2.984354 35.888163
 2.960000 -2.876129 2.985173 35.902825
 2.980000 -2.671726 2.983947 37.412551
 3.000000 -2.528613 2.929471 39.585914
 3.020000 -2.546269 2.995642 38.331906
 3.040000 -2.533920 2.782481 42.076371
 3.060000 -2.676615 2.862296 39.256464
 3.080000 -2.800096 2.934192 37.090958
 3.100000 -2.779896 2.908401 37.619249
 3.120000 -2.804619 2.864734 38.036489
 3.140000 -2.854809 3.041120 35.328640
 3.160000 -2.763770 -3.125191 34.435624
 3.180000 -2.716580 -3.091245 34.323019
 3.200000 -2.634469 3.097932 36.058552
 3.220000 -2.635836 -3.097764 34.914310
 3.240000 -2.684694 -2.900116 32.773813
 3.260000 -2.807864 -2.986379 32.886890
 3.280000 -2.930080 -3.007130 32.784646
 3.300000 -2.956426 -2.994508 32.681220
 3.320000 -2.951329 -2.841726 31.937050
 3.340000 -2.898278 -2.975353 32.596202
 3.360000 -2.809152 -3.128331 34.240140
 3.380000 -2.657778 -3.089195 34.666161
 3.400000 -2.731582 -3.113765 34.490149
 3.420000 -2.600219 2.954423 38.507420
 3.440000 -2.774791 2.682866 41.014187
 3.460000 -2.697917 2.891796 38.591953
 3.480000 -2.771988 2.653130 41.483583
 3.500000 -2.871824 2.728786 39.383741
 3.520000 -2.965416 2.639797 39.769350
 3.540000 -2.893942 2.713634 39.396966
 3.560000 -2.761684 2.859068 38.500723
 3.580000 -2.623985 2.788591 41.000206
 3.600000 -2.467345 2.836971 41.789598
 3.620000 -2.367238 2.973477 40.284612
 3.640000 -2.248827 3.139790 38.577819
 3.660000 -2.432726 2.880401 41.340493
 3.680000 -2.257350 2.979284 41.070581
 3.700000 -2.504920 3.023128 38.254206
 3.720000 -2.448151 -3.101203 36.376505
 3.740000 -2.635772 2.916429 38.785416
 3.760000 -2.604247 3.023605 37.388922
 3.780000 -2.790227 3.085010 35.155007
 3.800000 -2.780860 3.118505 34.802835
 3.820000 -2.955571 3.043414 34.863493
 3.840000 -2.796669 3.096489 34.978097
 3.860000 -2.844753 -3.084049 33.630238
 3.880000 -2.859181 -3.123708 33.975415
 3.900000 -2.831016 -3.083108 33.673260
 3.920000 -2.944981 3.126555 34.039729
 3.940000 -2.831673 -2.903100 32.249931
 3.960000 -2.810938 -2.936353 32.509067
 3.980000 -2.838194 -3.090520 33.718945
 4.000000 -2.726492 -2.916683 32.686081
 4.020000 -2.688869 -2.828775 32.375116
 4.040000 -2.712214 -2.906074 32.681629
 4.060000 -2.519839 -3.090163 35.663830
 4.080000 -2.585088 -2.977339 33.962567
 4.100000 -2.558720 -2.962668 34.004230
 4.120000 -2.487636 -3.053409 35.463027
 4.140000 -2.616599 3.000718 37.633692
 4.160000 -2.553699 2.934841 39.259590
 4.180000 -2.540595 2.993307 38.420289
 4.200000 -2.602426 2.938293 38.746084
 4.220000 -2.557066 2.728435 42.759289
 4.240000 -2.561962 2.788242 41.676379
 4.260000 -2.785803 2.793046 39.256132
 4.280000 -2.822885 2.723930 39.911332
 4.300000 -2.915481 2.654323 40.003883
 4.320000 -3.039052 2.629528 39.366483
 4.340000 -2.809007 2.720511 40.099184
 4.360000 -2.954500 2.854607 37.095031
 4.380000 -2.947937 2.862535 37.034195
 4.400000 -2.890361 2.881917 37.147413
 4.420000 -2.842170 3.131269 34.346606
 4.440000 -2.675493 -3.043419 34.047192
 4.460000 -2.513408 -3.078569 35.568559
 4.480000 -2.561562 -3.059477 34.982068
 4.500000 -2.529454 -2.930597 33.925756
 4.520000 -2.522197 -2.880111 33.597738
 4.540000 -2.683871 -3.098413 34.605549
 4.560000 -2.511886 -3.089060 35.710971
 4.580000 -2.669936 -2.971898 33.390451
 4.600000 -2.715479 -3.136299 34.855398
 4.620000 -2.629629 3.101366 36.047936
 4.640000 -2.777370 3.049139 35.688048
 4.660000 -2.768616 3.021980 36.109552
 4.680000 -2.696374 2.956928 37.605951
 4.700000 -2.780376 3.000450 36.318902
 4.720000 -2.683705 2.782519 40.462678
 4.740000 -2.637590 2.959756 38.083775
 4.760000 -2.862491 2.733889 39.396199
 4.780000 -2.695935 2.736904 41.055626
 4.800000 -2.653284 2.786983 40.713327
 4.820000 -2.654709 2.686814 42.325413
 4.840000 -2.563836 2.626502 44.398166
 4.860000 -2.613222 2.576029 44.592229
 4.880000 -2.814553 2.721784 40.025033
 4.900000 -2.598457 2.814932 40.831358
 4.920000 -2.789907 2.865569 38.151742
 4.940000 -2.741953 2.832265 39.090060
 4.960000 -2.714684 2.798992 39.878523
 4.980000 -2.807892 2.885962 37.707501
 5.000000 -2.655909 3.059259 36.437126
 5.020000 -2.637349 3.013215 37.264940
 5.040000 -2.594406 2.962692 38.428145
 5.060000 -2.558076 -3.066710 35.092246
 5.080000 -2.653505 -2.976797 33.528332
 5.100000 -2.705066 -3.015137 33.594794
 5.120000 -2.684148 -2.947962 33.115938
 5.140000 -2.775794 -2.875972 32.253721
 5.160000 -2.767020 -2.926268 32.588662
 5.180000 -2.888653 -2.888735 32.100348
 5.200000 -2.993479 -3.017787 32.837799
 5.220000 -2.979653 -3.062289 33.161730
 5.240000 -3.032275 -3.046539 33.054344
 5.260000 -2.966429 -3.103399 33.510240
 5.280000 -2.878839 -3.123330 33.900322
 5.300000 -2.838998 -3.066206 33.479443
 5.320000 -2.847386 -3.102572 33.804237
 5.340000 -2.626454 -3.065774 34.601892
 5.360000 -2.768344 3.098910 35.113132
 5.380000 -2.568007 -3.063621 34.984298
 5.400000 -2.524543 3.091239 37.034582
 5.420000 -2.615136 2.958678 38.303734
 5.440000 -2.488523 3.070183 37.656085
 5.460000 -2.631317 2.969006 37.995747
 5.480000 -2.506109 2.912939 40.079752
 5.500000 -2.521293 2.889635 40.334718
 5.520000 -2.527953 2.866905 40.662969
 5.540000 -2.669904 2.898182 38.752446
 5.560000 -2.693199 2.856883 39.181132
 5.580000 -2.958149 2.717970 38.818869
 5.600000 -2.890879 2.784992 38.446723
 5.620000 -3.027370 2.765560 37.778327
 5.640000 -2.966589 2.815944 37.506681
 5.660000 -2.777519 2.846068 38.547730
 5.680000 -2.786845 2.956207 36.884526
 5.700000 -2.563465 3.066753 37.078384
 5.720000 -2.603133 3.118708 36.010965
 5.740000 -2.490400 -2.986165 34.708215
 5.760000 -2.537959 -2.898134 33.618021
 5.780000 -2.470894 -2.969684 34.689706
 5.800000 -2.618423 -2.935570 33.393018
 5.820000 -2.714146 -2.927864 32.818351
 5.840000 -2.787403 -3.002391 33.094321
 5.860000 -2.903614 -3.043606 33.103534
 5.880000 -2.744742 -3.104631 34.309819
 5.900000 -2.866209 -3.079947 33.517814
 5.920000 -2.803624 -3.073419 33.688491
 5.940000 -2.866528 -3.035182 33.113406
 5.960000 -2.862464 -3.141226 34.145916
 5.980000 -2.906943 3.031728 35.183756
 6.000000 -2.842085 3.107691 34.610589
 6.020000 -2.828287 3.031478 35.596904
 6.040000 -2.778419 3.005427 36.265031
 6.060000 -2.701334 2.937916 37.852046
 6.080000 -2.596465 3.054286 36.991213
 6.100000 -2.510197 3.086278 37.228232
 6.120000 -2.489772 -3.095245 35.965399
 6.140000 -2.434240 3.086483 37.865680
 6.160000 -2.434603 3.032148 38.722328
 6.180000 -2.472842 3.054863 38.029086
 6.200000 -2.613923 3.043337 37.009627
 6.220000 -2.725780 2.978659 37.041540
 6.240000 -2.741986 2.968625 37.057573
 6.260000 -2.848675 2.884095 37.414356
 6.280000 -2.798654 2.963401 36.695714
 6.300000 -2.940468 2.828957 37.506554
 6.320000 -2.807373 3.020507 35.865819
 6.340000 -2.739891 3.084109 35.481039
 6.360000 -2.637849 3.121075 35.717227
 6.380000 -2.679455 -3.121315 34.907093
 6.400000 -2.789583 -3.037623 33.400404
 6.420000 -2.828400 -3.040647 33.279950
 6.440000 -2.829946 -2.984291 32.801321
 6.460000 -2.811732 -3.119064 34.127285
 6.480000 -2.810612 -3.004369 33.024611
 6.500000 -2.824009 -3.033632 33.232124
 6.520000 -2.809141 3.137392 34.434471
 6.540000 -2.615549 -3.058303 34.590893
 6.560000 -2.679436 -3.090216 34.538534
 6.580000 -2.459070 -2.925045 34.376023
 6.600000 -2.385837 -3.035585 36.051222
 6.620000 -2.391699 -3.055333 36.242588
 6.640000 -2.363028 -3.069571 36.652852
 6.660000 -2.568064 -3.127377 35.775896
 6.680000 -2.585163 3.023710 37.550521
 6.700000 -2.673870 2.965174 37.677817
 6.720000 -2.585267 2.920239 39.201267
 6.740000 -2.699655 2.748470 40.832493
 6.760000 -2.647512 2.834098 40.000022
 6.780000 -2.898316 2.745803 38.921179
 6.800000 -2.861370 2.875200 37.441099
 6.820000 -2.946946 2.800893 37.824343
 6.840000 -2.864935 2.833688 37.980427
 6.860000 -2.824866 2.841718 38.188725
 6.880000 -2.778118 2.980222 36.614667
 6.900000 -2.687158 2.930287 38.093642
 6.920000 -2.762062 2.846530 38.683710
 6.940000 -2.568137 3.040268 37.441045
 6.960000 -2.623778 -3.105497 35.091545
 6.980000 -2.577048 -3.038666 34.636995
 7.000000 -2.599410 -3.038251 34.478562
 7.020000 -2.529445 -2.891694 33.628554
 7.040000 -2.680722 -2.890155 32.730732
 7.060000 -2.633420 -2.900511 33.048468
 7.080000 -2.652179 -3.030239 34.050229
 7.100000 -2.773253 -2.986993 33.022173
 7.120000 -2.726003 -3.057722 33.906893
 7.140000 -3.013105 2.998054 35.176561
 7.160000 -3.074704 3.082128 34.282788
 7.180000 -3.058531 3.108281 34.056890
 7.200000 -3.058506 -3.119735 33.606047
 7.220000 -2.975988 3.062368 34.604821
 7.240000 -2.836114 -3.132521 34.162694
 7.260000 -2.870830 -3.138272 34.082648
 7.280000 -2.642323 -3.089258 34.769097
 7.300000 -2.643823 2.948414 38.204581
 7.320000 -2.527567 2.959976 39.085000
 7.340000 -2.453243 3.039804 38.437607
 7.360000 -2.648980 2.882579 39.201066
 7.380000 -2.666132 2.858396 39.420529
 7.400000 -2.738306 2.823170 39.265443
 7.420000 -2.709924 2.923271 37.999734
 7.440000 -2.687398 2.892393 38.680265
 7.460000 -2.683199 2.907518 38.482790
 7.480000 -2.730998 2.934923 37.641732
 7.500000 -2.616021 3.129001 35.772514
 7.520000 -2.768115 2.907429 37.731993
 7.540000 -2.826227 2.983740 36.228524
 7.560000 -2.793372 3.075956 35.248372
 7.580000 -2.918120 3.116476 34.213895
 7.600000 -2.866494 -3.107547 33.784895
 7.620000 -2.833889 3.137495 34.315745
 7.640000 -2.962960 -3.015455 32.822750
 7.660000 -2.833656 -3.000635 32.919403
 7.680000 -2.857263 -2.976861 32.674939
 7.700000 -2.881266 -3.018477 32.943048
 7.720000 -2.659190 -2.964463 33.388746
 7.740000 -2.811424 -2.985039 32.864411
 7.760000 -2.792372 -3.053942 33.544545
 7.780000 -2.734834 -3.131284 34.674968
 7.800000 -2.921851 -3.129350 33.832614
 7.820000 -2.757286 3.066792 35.590811
 7.840000 -2.681579 2.995839 37.151642
 7.860000 -2.777492 2.974019 36.705953
 7.880000 -2.590293 3.045612 37.172861
 7.900000 -2.568289 2.972188 38.512184
 7.920000 -2.689047 2.761929 40.734376
 7.940000 -2.582846 2.926780 39.116894
 7.960000 -2.829140 2.812217 38.573034
 7.980000 -2.906695 2.781909 38.365238
 8.000000 -2.749226 2.738890 40.445998
 8.020000 -2.980076 2.636810 39.691946
 8.040000 -2.777266 2.864322 38.282067
 8.060000 -2.690032 2.832932 39.591211
 8.080000 -2.878456 2.919908 36.728421
 8.100000 -2.549051 3.096206 36.760118
 8.120000 -2.534756 -3.088226 35.526186
 8.140000 -2.673340 -3.140690 35.188051
 8.160000 -2.446000 -3.008763 35.276314
 8.180000 -2.721726 -3.000070 33.368289
 8.200000 -2.773121 -3.064998 33.740884
 8.220000 -2.731191 -3.049700 33.796517
 8.240000 -3.010326 3.127165 33.920929
 8.260000 -2.988184 -3.115737 33.591320
 8.280000 -2.841634 -3.073793 33.542316
 8.300000 -2.978372 -3.118351 33.624938
 8.320000 -2.756977 -3.049625 33.665188
 8.340000 -2.708368 -2.963335 33.115533
 8.360000 -2.862190 -3.049217 33.248037
 8.380000 -2.634874 -3.045156 34.317327
 8.400000 -2.773152 3.113197 34.910111
 8.420000 -2.751678 3.070861 35.574930
 8.440000 -2.459655 3.102304 37.412376
 8.460000 -2.579907 2.889024 39.771791
 8.480000 -2.465795 2.977930 39.343371
 8.500000 -2.316351 2.792553 43.989137
 8.520000 -2.472125 2.940171 39.928808
 8.540000 -2.520545 2.783507 42.200219
 8.560000 -2.425188 2.766013 43.488937
 8.580000 -2.786970 2.731253 40.166869
 8.600000 -2.533901 2.849250 40.909372
 8.620000 -2.717640 2.753775 40.554594
 8.640000 -2.789620 2.714409 40.388947
 8.660000 -2.730713 2.863707 38.718103
 8.680000 -2.593161 2.861608 40.098813
 8.700000 -2.572460 2.984077 38.283970
 8.720000 -2.452772 3.024859 38.683275
 8.740000 -2.519323 3.091811 37.069639
 8.760000 -2.623329 -3.018221 34.109251
 8.780000 -2.594512 -3.007298 34.188745
 8.800000 -2.911878 3.108609 34.314945
 8.820000 -2.914896 -2.947595 32.402232
 8.840000 -3.007382 -2.959647 32.497414
 8.860000 -3.042008 -3.046555 33.063372
 8.880000 -2.873449 -2.927628 32.323695
 8.900000 -2.812663 -2.955397 32.636518
 8.920000 -2.796239 -2.900912 32.330153
 8.940000 -2.670912 -2.920965 32.985167
 8.960000 -2.700098 -3.001786 33.495141
 8.980000 -2.845273 -2.988910 32.793676
 9.000000 -2.698525 -2.899113 32.701022
 9.020000 -3.049548 3.122554 33.936616
 9.040000 -2.730883 -3.118499 34.549076
 9.060000 -2.676731 3.040370 36.542977
 9.080000 -2.587991 3.044680 37.206257
 9.100000 -2.524811 2.850709 40.975479
 9.120000 -2.593184 2.803162 41.086676
 9.140000 -2.657197 2.843021 39.756730
 9.160000 -2.623587 2.932081 38.648789
 9.180000 -2.611959 2.721958 42.245530
 9.200000 -2.675692 2.689818 42.030492
 9.220000 -2.533959 3.041895 37.706360
 9.240000 -2.817035 2.861740 37.973355
 9.260000 -2.657049 2.997245 37.337987
 9.280000 -2.778008 2.982719 36.580718
 9.300000 -2.746995 3.117987 35.008403
 9.320000 -2.647506 -3.039625 34.177818
 9.340000 -2.815675 -3.054971 33.459786
 9.360000 -2.918831 -3.115270 33.706084
 9.380000 -2.877273 -2.926906 32.314656
 9.400000 -2.892911 -2.789722 31.776337
 9.420000 -2.978539 -3.055375 33.109184
 9.440000 -2.680704 -2.836350 32.444190
 9.460000 -2.900139 -2.866763 31.999438
 9.480000 -2.590218 -2.746834 32.613414
 9.500000 -2.675536 -2.960959 33.266952
 9.520000 -2.644388 -2.864446 32.764165
 9.540000 -2.751730 -2.971198 32.983003
 9.560000 -2.729199 -2.980231 33.158339
 9.580000 -2.932427 -3.101119 33.545926
 9.600000 -2.866312 3.027628 35.431580
 9.620000 -2.831452 2.992952 36.072865
 9.640000 -2.870395 2.915503 36.839608
 9.660000 -2.697795 2.971928 37.369364
 9.680000 -2.741707 2.820929 39.266535
 9.700000 -2.636478 2.936901 38.452770
 9.720000 -2.727952 2.909075 38.055507
 9.740000 -2.653433 2.877423 39.240182
 9.760000 -2.694942 2.953484 37.670444
 9.780000 -2.635804 3.002266 37.444013
 9.800000 -2.735639 2.933049 37.630304
 9.820000 -2.699788 2.924713 38.067338
 9.840000 -2.752006 3.096363 35.246185
 9.860000 -2.734857 3.109081 35.196795
 9.880000 -2.699283 -3.100345 34.531363
 9.900000 -2.743850 -3.096316 34.222310
 9.920000 -2.708155 -2.893681 32.622897
 9.940000 -2.774465 -3.010281 33.216539
 9.960000 -2.821629 -2.841743 31.969519
 9.980000 -2.843567 -2.941054 32.456576
 10.000000 -2.743314 -2.970374 33.012692
 10.020000 -2.789611 -2.908200 32.394480
 10.040000 -2.662407 -3.002940 33.716818
 10.060000 -2.845378 -3.090555 33.691853
 10.080000 -2.851226 -3.008799 32.934853
 10.100000 -2.839019 -3.073251 33.546670
 10.120000 -2.847645 3.029727 35.506553
 10.140000 -2.742088 -3.113819 34.428993
 10.160000 -2.645946 3.071733 36.337726
 10.180000 -2.604595 3.060138 36.837212
 10.200000 -2.538406 2.965950 38.886763
 10.220000 -2.575938 2.866682 40.187034
 10.240000 -2.639091 2.961934 38.036341
 10.260000 -2.668707 2.908288 38.604935
 10.280000 -2.688855 2.845367 39.404893
 10.300000 -2.654087 2.881029 39.176193
 10.320000 -2.625900 2.921233 38.801205
 10.340000 -2.744858 2.838432 38.967643
 10.360000 -2.758862 3.055179 35.731969
 10.380000 -2.851908 2.937079 36.677736
 10.400000 -2.882081 3.080456 34.737295
 10.420000 -2.876923 3.037165 35.262429
 10.440000 -2.935644 3.119882 34.129224
 10.460000 -2.946316 -3.134150 33.821669
 10.480000 -2.807174 -3.067574 33.615546
 10.500000 -2.864567 -3.105480 33.771039
 10.520000 -2.685822 -3.118432 34.830459
 10.540000 -2.768230 -3.004839 33.195466
 10.560000 -2.715862 -3.008245 33.472581
 10.580000 -2.613614 -3.131729 35.494797
 10.600000 -2.688006 -3.138752 35.064668
 10.620000 -2.609312 -3.137345 35.599227
 10.640000 -2.729605 3.117113 35.130516
 10.660000 -2.720469 3.120610 35.146579
 10.680000 -2.764513 2.965725 36.922096
 10.700000 -2.575733 3.103388 36.441126
 10.720000 -2.675360 3.008566 37.015604
 10.740000 -2.692080 2.910706 38.352299
 10.760000 -2.774342 2.981886 36.619582
 10.780000 -2.834802 2.991302 36.073065
 10.800000 -2.801519 2.997121 36.215249
 10.820000 -2.868096 2.895216 37.124375
 10.840000 -2.821523 2.991748 36.153225
 10.860000 -2.789502 3.021994 35.964239
 10.880000 -2.768319 2.979067 36.704295
 10.900000 -2.846543 2.775546 38.948990
 10.920000 -2.707723 2.897799 38.409143
 10.940000 -2.859639 2.903154 37.077650
 10.960000 -2.643097 2.878414 39.325311
 10.980000 -2.800516 2.880272 37.849807
 11.000000 -2.765712 2.790431 39.493344
 11.020000 -2.654069 3.046808 36.630569
 11.040000 -2.733919 3.109098 35.202716
 11.060000 -2.641831 2.977811 37.766059
 11.080000 -2.556840 -3.118398 35.744133
 11.100000 -2.510296 -3.074342 35.540671
 11.120000 -2.624076 -3.069894 34.665009
 11.140000 -2.459542 -3.088411 36.117935
 11.160000 -2.816541 3.071559 35.168842
 11.180000 -2.713045 -3.068277 34.091240
 11.200000 -2.809101 3.138327 34.424143
 11.220000 -3.034118 3.064250 34.472703
 11.240000 -2.984968 -3.126593 33.689070
 11.260000 -3.095568 2.985914 35.157227
 11.280000 -2.907574 -3.102568 33.614463
 11.300000 -2.798324 3.004125 36.142890
 11.320000 -2.703468 3.030940 36.467485
 11.340000 -2.773590 3.053798 35.652372
 11.360000 -2.633726 2.979225 37.815674
 11.380000 -2.945307 2.933010 36.171948
 11.400000 -2.668514 2.915249 38.497602
 11.420000 -2.840151 2.854286 37.889018
 11.440000 -2.745649 2.758843 40.178491
 11.460000 -2.713816 2.849486 39.096913
 11.480000 -2.701850 2.828391 39.545248
 11.500000 -2.670291 2.860501 39.346393
 11.520000 -2.691689 2.871445 38.967534
 11.540000 -2.552412 2.888998 40.042029
 11.560000 -2.686256 3.036381 36.524872
 11.580000 -2.595129 3.035609 37.283593
 11.600000 -2.800788 2.976455 36.500664
 11.620000 -2.714132 3.030262 36.394539
 11.640000 -2.753235 3.100004 35.192656
 11.660000 -2.782985 -3.052618 33.572141
 11.680000 -2.752819 -3.096243 34.172591
 11.700000 -2.731120 3.110881 35.198638
 11.720000 -2.829064 -3.047102 33.336555
 11.740000 -2.796638 -3.044359 33.434891
 11.760000 -2.914559 3.102188 34.373264
 11.780000 -2.879717 3.076009 34.798000
 11.800000 -2.733670 3.059231 35.850481
 11.820000 -2.806965 3.052036 35.465752
 11.840000 -2.728967 3.034656 36.221316
 11.860000 -2.777101 3.141342 34.555384
 11.880000 -2.744878 3.109377 35.128249
 11.900000 -2.654299 -3.070787 34.477140
 11.920000 -2.636620 -2.936308 33.290826
 11.940000 -2.627613 3.140514 35.535645
 11.960000 -2.535088 -3.062116 35.206885
 11.980000 -2.563378 -3.114054 35.638279
 12.000000 -2.589355 3.047843 37.147070
 12.020000 -2.630623 3.041182 36.903215
 12.040000 -2.864824 2.861396 37.602309
 12.060000 -2.910790 2.934289 36.344487
 12.080000 -2.923742 2.966084 35.879775
 12.100000 -3.007403 2.870710 36.623056
 12.120000 -2.903138 2.903310 36.784877
 12.140000 -2.748340 3.033477 36.097113
 12.160000 -2.769228 3.026216 36.047842
 12.180000 -2.615935 3.004173 37.586248
 12.200000 -2.680146 2.908430 38.496494
 12.220000 -2.784951 2.966098 36.760532
 12.240000 -2.765202 3.011132 36.282099
 12.260000 -2.865792 2.956339 36.334474
 12.280000 -2.885872 2.907009 36.848207
 12.300000 -2.877370 3.017380 35.498303
 12.320000 -2.832036 2.977407 36.274175
 12.340000 -2.800257 3.041443 35.641079
 12.360000 -2.708659 -3.135586 34.890365
 12.380000 -2.704000 2.899264 38.420579
 12.400000 -2.670120 3.094788 35.832788
 12.420000 -2.640582 3.028778 37.004686
 12.440000 -2.780959 2.998832 36.336805
 12.460000 -2.653949 3.088439 36.041628
 12.480000 -2.776668 2.971382 36.749105
 12.500000 -2.716224 2.949435 37.550298
 12.520000 -2.812636 2.975968 36.424254
 12.540000 -2.773042 3.012875 36.201946
 12.560000 -2.846943 2.948297 36.561656
 12.580000 -2.664725 3.083727 36.025106
 12.600000 -2.732742 3.071515 35.693985
 12.620000 -2.685524 3.045926 36.394936
 12.640000 -2.708639 -3.080964 34.255315
 12.660000 -2.813401 -3.100600 33.923995
 12.680000 -2.825215 3.062215 35.234227
 12.700000 -2.931976 3.124374 34.094368
 12.720000 -2.946457 -3.069635 33.250696
 12.740000 -2.942009 -3.079623 33.340753
 12.760000 -2.769404 -3.131319 34.475506
 12.780000 -2.828970 3.067943 35.143926
 12.800000 -2.490476 -3.126700 36.381114
 12.820000 -2.523757 -3.061805 35.287805
 12.840000 -2.503525 -3.136963 36.418319
 12.860000 -2.496081 2.969016 39.221343
 12.880000 -2.676820 3.017400 36.874264
 12.900000 -2.797300 2.996948 36.246472
 12.920000 -2.858790 2.934699 36.663406
 12.940000 -2.893106 2.792097 38.332303
 12.960000 -2.829119 2.992454 36.094427
 12.980000 -2.637627 2.861937 39.645473
 13.000000 -2.698474 2.704521 41.535240
 13.020000 -2.561980 2.831866 40.923931
 13.040000 -2.656074 2.795376 40.546215
 13.060000 -2.775272 2.735444 40.225290
 13.080000 -2.762620 2.855585 38.543883
 13.100000 -2.863482 2.793260 38.553813
 13.120000 -2.923713 2.792115 38.101738
 13.140000 -2.906095 3.099631 34.429628
 13.160000 -2.915160 2.987108 35.670149
 13.180000 -2.908950 3.004061 35.498970
 13.200000 -2.641799 -2.964192 33.488528
 13.220000 -2.732712 -3.064323 33.939018
 13.240000 -2.489038 -3.044685 35.350186
 13.260000 -2.564577 -3.036922 34.706219
 13.280000 -2.643805 -2.898612 32.977770
 13.300000 -2.662180 -3.019031 33.875567
 13.320000 -2.735129 -3.030716 33.588573
 13.340000 -2.928956 -3.074431 33.317560
 13.360000 -2.797186 -2.972375 32.813775
 13.380000 -2.940322 3.069108 34.637749
 13.400000 -2.889529 -3.076891 33.422949
 13.420000 -2.737755 3.115874 35.093242
 13.440000 -2.794380 3.069131 35.327293
 13.460000 -2.729508 2.961718 37.258661
 13.480000 -2.739921 2.814596 39.381518
 13.500000 -2.874659 2.835470 37.882163
 13.520000 -2.811167 2.848272 38.214410
 13.540000 -2.824309 2.824522 38.436794
 13.560000 -2.742459 2.795174 39.654750
 13.580000 -2.659944 2.887527 39.016032
 13.600000 -2.693923 2.934098 37.975245
 13.620000 -2.639348 2.972442 37.870897
 13.640000 -2.549860 3.061237 37.274882
 13.660000 -2.616155 -3.128186 35.430734
 13.680000 -2.636508 -3.040934 34.261444
 13.700000 -2.703207 -3.026757 33.718140
 13.720000 -2.804931 -3.028200 33.252717
 13.740000 -2.821717 -3.119003 34.081479
 13.760000 -2.871209 -3.009297 32.891060
 13.780000 -2.907109 -3.129149 33.869889
 13.800000 -2.783022 3.104498 34.958765
 13.820000 -2.721177 -3.020900 33.564840
 13.840000 -2.654050 -3.093632 34.742759
 13.860000 -2.564262 3.134782 36.089605
 13.880000 -2.712945 3.075330 35.783103
 13.900000 -2.672337 3.131919 35.329225
 13.920000 -2.898944 3.082316 34.645534
 13.940000 -2.887783 3.102634 34.467888
 13.960000 -2.924942 2.935916 36.243842
 13.980000 -2.734752 2.983930 36.894266
 14.000000 -2.730690 2.962947 37.231036
 14.020000 -2.582921 3.032197 37.439204
 14.040000 -2.652908 2.938434 38.277940
 14.060000 -2.555477 3.096817 36.699081
 14.080000 -2.634917 -3.067729 34.568324
 14.100000 -2.687546 -3.134319 35.012866
 14.120000 -2.667737 -3.035314 34.008855
 14.140000 -2.813108 -3.089914 33.814933
 14.160000 -2.776527 -3.065843 33.733127
 14.180000 -2.830977 3.098133 34.775260
 14.200000 -2.915575 -3.133919 33.893250
 14.220000 -2.841388 3.077341 34.965669
 14.240000 -2.809187 3.048988 35.490767
 14.260000 -2.901464 -3.113781 33.736474
 14.280000 -2.891643 -3.124724 33.871442
 14.300000 -2.981531 -3.111091 33.558406
 14.320000 -3.021377 -3.053570 33.096269
 14.340000 -2.859228 -3.065445 33.404226
 14.360000 -2.922655 3.107651 34.290590
 14.380000 -2.676606 -3.094776 34.609371
 14.400000 -2.612307 -3.128342 35.460556
 14.420000 -2.418261 3.100856 37.779175
 14.440000 -2.294734 3.084957 39.032854
 14.460000 -2.292779 -3.030876 36.749863
 14.480000 -2.386366 3.080423 38.359115
 14.500000 -2.299572 3.109143 38.623880
 14.520000 -2.419432 3.139465 37.197552
 14.540000 -2.456284 2.896896 40.828487
 14.560000 -2.519495 3.025299 38.092535
 14.580000 -2.696841 2.871956 38.910587
 14.600000 -2.663132 2.974731 37.626440
 14.620000 -2.825592 2.909079 37.244707
 14.640000 -2.938232 2.878484 36.890344
 14.660000 -2.960900 2.866504 36.909834
 14.680000 -2.926042 2.974087 35.771336
 14.700000 -2.899852 3.056371 34.931985
 14.720000 -2.801560 2.900984 37.546875
 14.740000 -2.858237 2.931097 36.714802
 14.760000 -2.760987 -3.071338 33.865262
 14.780000 -2.635156 -3.089160 34.816060
 14.800000 -2.632595 3.034681 36.983337
 14.820000 -2.526603 3.030744 37.944323
 14.840000 -2.583900 3.137920 35.894831
 14.860000 -2.717196 -3.095120 34.362967
 14.880000 -2.756793 3.098601 35.188067
 14.900000 -2.751095 3.085522 35.389703
 14.920000 -2.775813 3.064520 35.499851
 14.940000 -2.778915 -3.109580 34.182432
 14.960000 -2.848098 3.048045 35.280347
 14.980000 -2.824516 3.059507 35.271250
 15.000000 -2.624111 -3.126468 35.351762
 15.020000 -2.734255 3.089561 35.448876
 15.040000 -2.582667 3.016912 37.677174
 15.060000 -2.607368 3.102696 36.201231
 15.080000 -2.546609 3.091612 36.847437
 15.100000 -2.552823 3.028934 37.747134
 15.120000 -2.620854 2.985916 37.825461
 15.140000 -2.810690 2.949008 36.805472
 15.160000 -2.689501 3.126454 35.280607
 15.180000 -2.772890 3.039912 35.838650
 15.200000 -2.720583 2.976259 37.118250
 15.220000 -2.667535 2.902277 38.710423
 15.240000 -2.906250 3.005979 35.489354
 15.260000 -2.850409 3.105956 34.590952
 15.280000 -2.942886 2.920161 36.342802
 15.300000 -2.899346 2.997275 35.628024
 15.320000 -2.805861 3.063618 35.327695
 15.340000 -2.611482 -3.136340 35.570239
 15.360000 -2.706044 3.131579 35.104713
 15.380000 -2.363563 -3.041350 36.299334
 15.400000 -2.456192 3.117510 37.215164
 15.420000 -2.430190 3.136049 37.158200
 15.440000 -2.382340 -3.103630 36.943223
 15.460000 -2.622259 3.040936 36.976140
 15.480000 -2.621877 3.017119 37.337404
 15.500000 -2.680006 3.063566 36.189307
 15.520000 -2.733701 2.960811 37.237834
 15.540000 -2.930745 2.955486 35.972529
 15.560000 -2.843762 3.027654 35.554223
 15.580000 -3.060083 2.973451 35.328229
 15.600000 -2.805413 3.117078 34.686246
 15.620000 -2.877736 3.038437 35.243247
 15.640000 -2.753003 -3.079674 33.993369
 15.660000 -2.710500 3.119392 35.228044
 15.680000 -2.685057 -3.053123 34.092912
 15.700000 -2.678714 -3.017676 33.765871
 15.720000 -2.637166 -3.070057 34.580116
 15.740000 -2.654442 -3.012208 33.854365
 15.760000 -2.583508 -3.099959 35.310274
 15.780000 -2.452096 -3.017741 35.327626
 15.800000 -2.725250 3.066082 35.818572
 15.820000 -2.554328 -3.139082 36.040904
 15.840000 -2.757021 3.080842 35.411442
 15.860000 -2.703210 3.006661 36.816538
 15.880000 -2.717880 2.942012 37.647388
 15.900000 -2.746801 2.815014 39.307159
 15.920000 -2.856325 2.833755 38.046236
 15.940000 -2.724450 3.001991 36.715937
 15.960000 -2.914966 2.820026 37.794554
 15.980000 -2.870996 2.864745 37.511917
 16.000000 -2.780987 2.971903 36.709269
 16.020000 -2.929600 2.897490 36.700359
 16.040000 -2.756663 3.086878 35.336784
 16.060000 -2.734947 3.022630 36.344675
 16.080000 -2.784836 3.073337 35.332133
 16.100000 -2.638011 3.057264 36.607819
 16.120000 -2.625022 -3.060093 34.546824
 16.140000 -2.713946 -3.119018 34.658552
 16.160000 -2.589846 3.055461 37.028597
 16.180000 -2.698286 -3.101262 34.548163
 16.200000 -2.709617 3.071448 35.859331
 16.220000 -2.675963 -3.059382 34.215033
 16.240000 -2.834076 3.055501 35.266735
 16.260000 -2.720037 -3.115597 34.580942
 16.280000 -2.765880 3.121228 34.855040
 16.300000 -2.813854 3.140172 34.380258
 16.320000 -2.795130 3.136994 34.510120
 16.340000 -2.818338 2.996776 36.107413
 16.360000 -2.830785 3.018764 35.742115
 16.380000 -2.833760 3.073785 35.047903
 16.400000 -2.897440 2.929742 36.481562
 16.420000 -2.918947 2.939623 36.231286
 16.440000 -2.809847 2.952951 36.757461
 16.460000 -2.765166 2.961100 36.982835
 16.480000 -2.668866 3.008936 37.063784
 16.500000 -2.609589 2.872071 39.759247
 16.520000 -2.626581 3.061951 36.631492
 16.540000 -2.470024 3.031491 38.425312
 16.560000 -2.527046 3.011750 38.243223
 16.580000 -2.443720 3.044185 38.449555
 16.600000 -2.551990 3.124288 36.333326
 16.620000 -2.505704 -3.030916 35.068209
 16.640000 -2.700539 3.065276 36.010597
 16.660000 -2.603456 -3.081164 34.938563
 16.680000 -2.815054 -3.076109 33.667662
 16.700000 -2.847178 -3.099741 33.776549
 16.720000 -2.888645 -3.016704 32.914779
 16.740000 -2.928758 -3.021485 32.891763
 16.760000 -2.923144 -3.092698 33.488868
 16.780000 -2.956311 -3.005796 32.757870
 16.800000 -2.897407 -2.954048 32.457227
 16.820000 -2.965151 -3.085725 33.361624
 16.840000 -2.639631 -3.042333 34.256292
 16.860000 -2.849655 -3.045875 33.255855
 16.880000 -2.630887 3.137879 35.546349
 16.900000 -2.774328 -3.113174 34.245224
 16.920000 -2.664252 -3.105877 34.820938
 16.940000 -2.577925 3.060033 37.059138
 16.960000 -2.566751 2.969919 38.562704
 16.980000 -2.618722 2.893346 39.320818
 17.000000 -2.654889 2.929371 38.402089
 17.020000 -2.607608 2.885109 39.563984
 17.040000 -2.868474 2.723907 39.481692
 17.060000 -2.707640 2.731712 41.007765
 17.080000 -2.802245 2.816179 38.758523
 17.100000 -2.700092 2.931735 37.957194
 17.120000 -2.727979 2.928767 37.759287
 17.140000 -2.778363 2.819974 38.926705
 17.160000 -2.794816 2.972607 36.596932
 17.180000 -2.798244 2.985021 36.401869
 17.200000 -2.884693 2.953929 36.249749
 17.220000 -2.743131 2.962703 37.134200
 17.240000 -2.759896 2.949408 37.191944
 17.260000 -2.813596 2.942936 36.867625
 17.280000 -2.675735 3.018748 36.863430
 17.300000 -2.707417 3.045600 36.231249
 17.320000 -2.635488 3.138917 35.499636
 17.340000 -2.419262 -3.087431 36.427858
 17.360000 -2.477820 -3.081429 35.883141
 17.380000 -2.423223 -3.071308 36.189423
 17.400000 -2.442995 -3.118598 36.652012
 17.420000 -2.492441 -3.017401 35.018303
 17.440000 -2.539105 3.079882 37.083112
 17.460000 -2.505153 3.076154 37.422995
 17.480000 -2.653267 3.075534 36.227113
 17.500000 -2.748990 -3.136817 34.654941
 17.520000 -2.828570 2.983491 36.216385
 17.540000 -2.978737 3.087119 34.348557
 17.560000 -2.927775 3.086235 34.497492
 17.580000 -2.990003 2.984679 35.387413
 17.600000 -2.886957 -3.111218 33.752916
 17.620000 -2.937537 2.976989 35.681443
 17.640000 -2.724526 3.063886 35.853430
 17.660000 -2.782872 3.138251 34.560193
 17.680000 -2.570391 -3.048814 34.796600
 17.700000 -2.612553 3.138783 35.668239
 17.720000 -2.476161 -3.030104 35.281636
 17.740000 -2.554685 -3.068406 35.137008
 17.760000 -2.497329 -2.990013 34.696267
 17.780000 -2.552253 -3.077006 35.258168
 17.800000 -2.705464 -3.100421 34.494167
 17.820000 -2.619577 -3.101425 35.070831
 17.840000 -2.867481 3.122024 34.339350
 17.860000 -2.794127 3.031120 35.812847
 17.880000 -2.957231 2.957073 35.823733
 17.900000 -2.902656 3.029978 35.223775
 17.920000 -2.932366 2.942084 36.127564
 17.940000 -2.759324 3.073728 35.487837
 17.960000 -2.799816 2.928311 37.175558
 17.980000 -2.661797 3.090664 35.951490
 18.000000 -2.698253 3.013501 36.757724
 18.020000 -2.676164 3.006569 37.038338
 18.040000 -2.637311 3.070175 36.427710
 18.060000 -2.643138 3.065479 36.448890
 18.080000 -2.650693 3.097265 35.944387
 18.100000 -2.797289 3.036196 35.727040
 18.120000 -2.699303 -3.141547 35.024346
 18.140000 -2.799121 2.964709 36.674201
 18.160000 -2.643843 -3.101920 34.910001
 18.180000 -2.788654 3.017567 36.029183
 18.200000 -2.655957 -3.051299 34.250661
 18.220000 -2.834499 -3.065856 33.492470
 18.240000 -2.813574 -3.048773 33.409316
 18.260000 -2.861763 -3.000238 32.840492
 18.280000 -2.830028 -2.902135 32.248071
 18.300000 -2.862745 -2.933068 32.371676
 18.320000 -2.826341 -3.060054 33.467536
 18.340000 -2.809481 -2.898154 32.275868
 18.360000 -2.921490 -3.105829 33.611912
 18.380000 -2.930968 -3.080651 33.367694
 18.400000 -3.009371 2.988862 35.283869
 18.420000 -2.823550 3.058320 35.291262
 18.440000 -2.872001 3.022569 35.463302
 18.460000 -2.719616 2.889093 38.433816
 18.480000 -2.776429 2.915985 37.538794
 18.500000 -2.693823 2.946489 37.786577
 18.520000 -2.593893 2.977265 38.200750
 18.540000 -2.612056 2.753875 41.711132
 18.560000 -2.595210 2.809589 40.956179
 18.580000 -2.660977 2.701494 42.015943
 18.600000 -2.639243 2.854046 39.757699
 18.620000 -2.742288 2.664285 41.656384
 18.640000 -2.674570 2.705394 41.795760
 18.660000 -2.678901 2.865625 39.181655
 18.680000 -2.756321 2.974306 36.863489
 18.700000 -2.813801 2.945740 36.827620
 18.720000 -2.956050 3.028632 35.021947
 18.740000 -2.973379 -3.125516 33.694840
 18.760000 -2.972021 -3.117439 33.625205
 18.780000 -2.921125 -2.957310 32.457412
 18.800000 -2.812547 -3.082772 33.744744
 18.820000 -2.684338 -2.833791 32.416508
 18.840000 -2.703238 -2.788427 32.177781
 18.860000 -2.595978 -2.651475 32.561521
 18.880000 -2.515905 -2.628302 33.029880
 18.900000 -2.541344 -2.547954 33.136986
 18.920000 -2.573960 -2.542012 32.998577
 18.940000 -2.613374 -2.634475 32.506108
 18.960000 -2.652383 -2.564716 32.560128
 18.980000 -2.636829 -2.810739 32.550238
 19.000000 -2.651363 -2.892484 32.896444
 19.020000 -2.874735 3.100078 34.549699
 19.040000 -2.794029 3.118873 34.726081
 19.060000 -2.961457 2.954325 35.837375
 19.080000 -2.946802 2.879027 36.833676
 19.100000 -2.901693 2.781853 38.404619
 19.120000 -2.839934 2.711112 39.927935
 19.140000 -2.747727 2.897670 38.051641
 19.160000 -2.715024 2.764429 40.416316
 19.180000 -2.681923 2.701438 41.773474
 19.200000 -2.670347 2.618088 43.223590
 19.220000 -2.553375 2.781189 41.890500
 19.240000 -2.622591 2.769562 41.333157
 19.260000 -2.571755 2.809773 41.201687
 19.280000 -2.682941 2.805601 40.100575
 19.300000 -2.688720 2.927910 38.116459
 19.320000 -2.693671 2.992203 37.104794
 19.340000 -2.791174 3.125751 34.660922
 19.360000 -2.768581 -3.047903 33.592676
 19.380000 -2.726805 3.128908 35.002462
 19.400000 -2.798536 -2.962217 32.732073
 19.420000 -2.831321 -2.965409 32.655763
 19.440000 -2.874079 -2.950050 32.461536
 19.460000 -2.993555 -2.990367 32.660500
 19.480000 -2.817937 -2.874131 32.125124
 19.500000 -2.961543 -2.924405 32.273404
 19.520000 -2.891165 -2.802308 31.799424
 19.540000 -2.789877 -2.630352 31.944193
 19.560000 -2.745666 -2.658451 31.975230
 19.580000 -2.667963 -2.686414 32.204908
 19.600000 -2.607446 -2.723269 32.490162
 19.620000 -2.760118 -2.714796 31.888096
 19.640000 -2.756290 -2.907656 32.505785
 19.660000 -2.741111 -3.033250 33.583248
 19.680000 -2.927555 3.041575 34.982904
 19.700000 -2.900401 3.038526 35.134607
 19.720000 -2.790206 2.953418 36.897946
 19.740000 -2.807205 2.924907 37.165568
 19.760000 -2.584586 2.920746 39.199445
 19.780000 -2.694656 2.876413 38.861764
 19.800000 -2.675383 3.016463 36.899656
 19.820000 -2.654113 2.952781 38.043560
 19.840000 -2.634848 2.928802 38.596524
 19.860000 -2.633513 2.766537 41.264276
 19.880000 -2.599620 2.752021 41.880085
 19.900000 -2.733011 2.733082 40.708641
 19.920000 -2.823397 2.745722 39.590689
 19.940000 -2.842674 2.760009 39.205021
 19.960000 -2.997054 2.781291 37.756617
 19.980000 -2.910958 2.940966 36.259771
 20.000000 -2.888947 3.052916 35.020402
