#! FIELDS time phi psi metad.bias
#! SET min_phi -pi
#! SET max_phi pi
#! SET min_psi -pi
#! SET max_psi pi
 0.000000 3.141580 -3.141577 50.438290
 0.020000 -2.582943 2.830462 44.784933
 0.040000 -2.586750 2.819265 44.822946
 0.060000 -2.561250 2.819369 44.685235
 0.080000 -2.547041 2.819158 44.617377
 0.100000 -2.538020 2.852393 44.573600
 0.120000 -2.577410 2.835654 44.749713
 0.140000 -2.564322 2.871723 44.677772
 0.160000 -2.540350 2.911998 44.651331
 0.180000 -2.533404 2.900722 44.613514
 0.200000 -2.563373 2.841087 44.677292
 0.220000 -2.559113 2.894369 44.675396
 0.240000 -2.660942 2.873586 45.199505
 0.260000 -2.608960 2.848513 44.906254
 0.280000 -2.598485 2.773004 45.016581
 0.300000 -2.585263 2.773979 44.920808
 0.320000 -2.500732 2.744453 44.491846
 0.340000 -2.491658 2.814947 44.410458
 0.360000 -2.541237 2.680558 44.940769
 0.380000 -2.421408 2.700293 44.204865
 0.400000 -2.505961 2.690913 44.649899
 0.420000 -2.455950 2.704947 44.340280
 0.440000 -2.478116 2.721365 44.419716
 0.460000 -2.458024 2.740064 44.311617
 0.480000 -2.479025 2.768717 44.371421
 0.500000 -2.375851 2.695739 44.075112
 0.520000 -2.411634 2.648956 44.215063
 0.540000 -2.368301 2.729186 44.098641
 0.560000 -2.351320 2.739488 44.109140
 0.580000 -2.424393 2.731280 44.204845
 0.600000 -2.354414 2.699089 44.041194
 0.620000 -2.486063 2.640017 44.682586
 0.640000 -2.518558 2.767039 44.543480
 0.660000 -2.564154 2.734809 44.901173
 0.680000 -2.599828 2.748205 45.117661
 0.700000 -2.602467 2.716658 45.280195
 0.720000 -2.543792 2.726785 44.787396
 0.740000 -2.609789 2.776129 45.088723
 0.760000 -2.472013 2.674903 44.483358
 0.780000 -2.537044 2.747241 44.685240
 0.800000 -2.454257 2.745285 44.295281
 0.820000 -2.454689 2.708244 44.330085
 0.840000 -2.509683 2.751609 44.524225
 0.860000 -2.549976 2.721388 44.848075
 0.880000 -2.590734 2.840943 44.813971
 0.900000 -2.530525 2.756948 44.624730
 0.920000 -2.564214 2.822566 44.696631
 0.940000 -2.516584 2.828875 44.493543
 0.960000 -2.618791 2.820398 45.020635
 0.980000 -2.605429 2.922846 44.876424
 1.000000 -2.656782 2.852252 45.210484
 1.020000 -2.577472 2.902113 44.747159
 1.040000 -2.679700 2.873651 45.334205
 1.060000 -2.675291 3.002458 45.305053
 1.080000 -2.764454 2.927481 45.919275
 1.100000 -2.706057 2.918557 45.457301
 1.120000 -2.766897 2.929269 45.937863
 1.140000 -2.641848 3.002272 45.159575
 1.160000 -2.715004 2.944831 45.499777
 1.180000 -2.669564 2.997686 45.267689
 1.200000 -2.639325 3.007977 45.166008
 1.220000 -2.685002 2.980429 45.320326
 1.240000 -2.594351 2.935719 44.849805
 1.260000 -2.698554 2.887051 45.450662
 1.280000 -2.651672 2.992920 45.176721
 1.300000 -2.757667 2.907200 45.899936
 1.320000 -2.724912 3.027395 45.624856
 1.340000 -2.724338 2.851341 45.764244
 1.360000 -2.573816 2.983262 44.910481
 1.380000 -2.657667 2.893976 45.152089
 1.400000 -2.435764 2.885454 44.491468
 1.420000 -2.532806 2.770951 44.610164
 1.440000 -2.389698 2.793851 44.230503
 1.460000 -2.441920 2.763467 44.257147
 1.480000 -2.504301 2.716673 44.568793
 1.500000 -2.454268 2.721489 44.312898
 1.520000 -2.486767 2.612959 44.793785
 1.540000 -2.460184 2.589654 44.677309
 1.560000 -2.520545 2.504704 45.757425
 1.580000 -2.471342 2.601226 44.718912
 1.600000 -2.516740 2.561339 45.334166
 1.620000 -2.369197 2.590190 44.100204
 1.640000 -2.474986 2.494837 45.295983
 1.660000 -2.412968 2.684442 44.184376
 1.680000 -2.498261 2.657506 44.708072
 1.700000 -2.538135 2.806705 44.586721
 1.720000 -2.507985 2.853060 44.483415
 1.740000 -2.508500 2.821604 44.465008
 1.760000 -2.587372 2.998888 44.991134
 1.780000 -2.598682 2.966816 44.925297
 1.800000 -2.701795 2.973325 45.413347
 1.820000 -2.830436 2.897539 46.667653
 1.840000 -2.760723 3.033105 45.868097
 1.860000 -2.945380 2.955484 47.889627
 1.880000 -2.808906 3.056814 46.268774
 1.900000 -2.899662 2.862171 47.706862
 1.920000 -2.683368 2.979970 45.310719
 1.940000 -2.714857 2.946569 45.497937
 1.960000 -2.520841 2.971684 44.808051
 1.980000 -2.459295 2.851104 44.395024
 2.000000 -2.377447 2.907618 44.708958
 2.020000 -2.295272 2.854975 44.735638
 2.040000 -2.364010 2.743482 44.120314
 2.060000 -2.285996 2.750445 44.234017
 2.080000 -2.230990 2.576986 43.778762
 2.100000 -2.183421 2.605330 43.954252
 2.120000 -2.245335 2.380221 43.709170
 2.140000 -2.291088 2.466853 43.867604
 2.160000 -2.509334 2.229786 48.070717
 2.180000 -2.454203 2.405559 45.639852
 2.200000 -2.513415 2.306676 47.368452
 2.220000 -2.493016 2.393766 46.256490
 2.240000 -2.413939 2.436644 44.972942
 2.260000 -2.450005 2.479575 45.118727
 2.280000 -2.259153 2.673388 44.016906
 2.300000 -2.184243 2.643080 44.118698
 2.320000 -2.006431 2.709431 46.091117
 2.340000 -2.127115 2.636854 44.378176
 2.360000 -2.088685 2.827797 46.246279
 2.380000 -2.218143 2.804305 44.836893
 2.400000 -2.209190 2.821846 45.018557
 2.420000 -2.251812 2.682683 44.064459
 2.440000 -2.399502 2.727345 44.143347
 2.460000 -2.533987 2.783770 44.595461
 2.480000 -2.627688 2.696575 45.622262
 2.500000 -2.667016 2.655763 46.326947
 2.520000 -2.663173 2.586998 46.876070
 2.540000 -2.567513 2.706082 45.038911
 2.560000 -2.750942 2.725406 46.774796
 2.580000 -2.597095 2.786358 44.964798
 2.600000 -2.788516 2.849779 46.404463
 2.620000 -2.646025 2.904200 45.074328
 2.640000 -2.667967 2.974371 45.221364
 2.660000 -2.639751 3.022431 45.212117
 2.680000 -2.671997 3.088634 45.584879
 2.700000 -2.601446 3.042462 45.194659
 2.720000 -2.600312 2.958088 44.911028
 2.740000 -2.482123 2.892850 44.517486
 2.760000 -2.465062 2.925272 44.625051
 2.780000 -2.571205 2.866480 44.704982
 2.800000 -2.471623 2.914667 44.582617
 2.820000 -2.580621 2.829198 44.774052
 2.840000 -2.609284 2.762416 45.135614
 2.860000 -2.605064 2.811294 44.951354
 2.880000 -2.714526 2.794412 45.922212
 2.900000 -2.697446 2.799217 45.733243
 2.920000 -2.641102 2.658050 46.015478
 2.940000 -2.710521 2.647946 46.927961
 2.960000 -2.638586 2.616628 46.304986
 2.980000 -2.452279 2.771423 44.286307
 3.000000 -2.567034 2.687946 45.116584
 3.020000 -2.440226 2.718835 44.260527
 3.040000 -2.620147 2.729334 45.372193
 3.060000 -2.729414 2.839788 45.854038
 3.080000 -2.659446 2.786231 45.449158
 3.100000 -2.734768 2.725668 46.578746
 3.120000 -2.601318 2.808781 44.932864
 3.140000 -2.417466 2.869617 44.447923
 3.160000 -2.401110 2.810600 44.270982
 3.180000 -2.363539 2.839333 44.412097
 3.200000 -2.305982 2.919466 45.112006
 3.220000 -2.382751 2.904268 44.674227
 3.240000 -2.377331 2.927173 44.821320
 3.260000 -2.535172 2.795386 44.585454
 3.280000 -2.581351 2.927014 44.791779
 3.300000 -2.633576 2.929197 45.009439
 3.320000 -2.642714 2.812386 45.213543
 3.340000 -2.595746 2.791879 44.940007
 3.360000 -2.492217 2.884026 44.505765
 3.380000 -2.511876 2.709142 44.634072
 3.400000 -2.423289 2.711917 44.205527
 3.420000 -2.530737 2.594862 45.276807
 3.440000 -2.579098 2.689407 45.212570
 3.460000 -2.586540 2.595742 45.861364
 3.480000 -2.598158 2.662309 45.539349
 3.500000 -2.629571 2.673553 45.785667
 3.520000 -2.528872 2.670290 44.887308
 3.540000 -2.559969 2.726635 44.900492
 3.560000 -2.480791 2.646405 44.622898
 3.580000 -2.308350 2.676987 43.978176
 3.600000 -2.316432 2.762788 44.212606
 3.620000 -2.265627 2.762861 44.355119
 3.640000 -2.234982 2.795489 44.678747
 3.660000 -2.348856 2.789584 44.249995
 3.680000 -2.317731 2.807815 44.391104
 3.700000 -2.281184 2.859276 44.835749
 3.720000 -2.460340 2.778012 44.309896
 3.740000 -2.427045 2.792658 44.252952
 3.760000 -2.448829 2.800320 44.296968
 3.780000 -2.723540 2.689815 46.727352
 3.800000 -2.551366 2.810164 44.646246
 3.820000 -2.764655 2.603426 48.125123
 3.840000 -2.602084 2.823209 44.907282
 3.860000 -2.651524 2.785321 45.385441
 3.880000 -2.686302 2.810003 45.582724
 3.900000 -2.743043 2.763793 46.404071
 3.920000 -2.622534 2.998545 45.081929
 3.940000 -2.718896 2.822337 45.828798
 3.960000 -2.392745 2.981302 45.111769
 3.980000 -2.487078 3.002448 44.974726
 4.000000 -2.397747 2.973747 45.039666
 4.020000 -2.314427 3.083555 46.523787
 4.040000 -2.463068 3.002935 45.023188
 4.060000 -2.456212 2.964801 44.817994
 4.080000 -2.405937 2.933219 44.762679
 4.100000 -2.632226 2.874670 45.013037
 4.120000 -2.679365 2.719405 46.004152
 4.140000 -2.656783 2.638024 46.348265
 4.160000 -2.855538 2.576317 49.874191
 4.180000 -2.614248 2.611192 46.062151
 4.200000 -2.487471 2.546030 45.126921
 4.220000 -2.567793 2.608443 45.569731
 4.240000 -2.366592 2.739478 44.114229
 4.260000 -2.446990 2.580603 44.609461
 4.280000 -2.419199 2.712227 44.192257
 4.300000 -2.289065 2.668120 43.966210
 4.320000 -2.295803 2.707092 44.061411
 4.340000 -2.404462 2.588450 44.290935
 4.360000 -2.264091 2.655514 43.955528
 4.380000 -2.506322 2.493486 45.666759
 4.400000 -2.313831 2.669665 43.965280
 4.420000 -2.403213 2.672657 44.156018
 4.440000 -2.402965 2.588152 44.282833
 4.460000 -2.409253 2.597675 44.298185
 4.480000 -2.523490 2.786624 44.541071
 4.500000 -2.573698 2.820225 44.748741
 4.520000 -2.532807 2.762239 44.626535
 4.540000 -2.577844 2.846337 44.742240
 4.560000 -2.539011 2.908380 44.641064
 4.580000 -2.315262 2.957132 45.341354
 4.600000 -2.490143 2.922249 44.612259
 4.620000 -2.456101 3.012338 45.100937
 4.640000 -2.367214 3.012916 45.481944
 4.660000 -2.747591 2.892066 45.847358
 4.680000 -2.626403 2.875954 44.977468
 4.700000 -2.891450 2.748782 48.456992
 4.720000 -2.946489 2.878509 48.266951
 4.740000 -2.815426 2.786714 47.095036
 4.760000 -2.752272 2.665761 47.308380
 4.780000 -2.748936 2.614852 47.773790
 4.800000 -2.525495 2.688852 44.790380
 4.820000 -2.642636 2.743411 45.503593
 4.840000 -2.567695 2.772383 44.809889
 4.860000 -2.405334 2.721078 44.153519
 4.880000 -2.464112 2.810877 44.338189
 4.900000 -2.330869 2.844326 44.527278
 4.920000 -2.266483 2.893523 45.167754
 4.940000 -2.427790 2.785217 44.244233
 4.960000 -2.212426 2.876183 45.430319
 4.980000 -2.183442 2.797579 45.044571
 5.000000 -2.303943 2.732628 44.128726
 5.020000 -2.258742 2.739046 44.271491
 5.040000 -2.382407 2.801814 44.252545
 5.060000 -2.564882 2.641141 45.341634
 5.080000 -2.425463 2.695593 44.223062
 5.100000 -2.628803 2.621377 46.152093
 5.120000 -2.647849 2.606645 46.502118
 5.140000 -2.504480 2.793970 44.454435
 5.160000 -2.758375 2.678478 47.270324
 5.180000 -2.563606 2.700342 45.032661
 5.200000 -2.565717 2.670892 45.188802
 5.220000 -2.635464 2.715070 45.589152
 5.240000 -2.550158 2.828634 44.625013
 5.260000 -2.588045 2.766362 44.964033
 5.280000 -2.701540 2.833674 45.624591
 5.300000 -2.501403 2.850956 44.464872
 5.320000 -2.653348 2.872174 45.150189
 5.340000 -2.616097 2.917311 44.919144
 5.360000 -2.448849 3.026106 45.216437
 5.380000 -2.554740 2.973593 44.845531
 5.400000 -2.332830 3.017797 45.739972
 5.420000 -2.465311 3.019053 45.120386
 5.440000 -2.508037 2.969199 44.795521
 5.460000 -2.496124 3.013699 45.026284
 5.480000 -2.553420 2.886448 44.648223
 5.500000 -2.667933 2.839182 45.327585
 5.520000 -2.627133 2.816818 45.086820
 5.540000 -2.799925 2.778663 46.963854
 5.560000 -2.779012 2.704358 47.306122
 5.580000 -2.649839 2.659922 46.098866
 5.600000 -2.718018 2.698281 46.591639
 5.620000 -2.540987 2.723800 44.778161
 5.640000 -2.514431 2.724574 44.608403
 5.660000 -2.511583 2.755619 44.526770
 5.680000 -2.393705 2.795850 44.235280
 5.700000 -2.323947 2.780216 44.261789
 5.720000 -2.456455 2.868148 44.435054
 5.740000 -2.304629 2.792264 44.361522
 5.760000 -2.430975 2.891981 44.519653
 5.780000 -2.475323 2.872607 44.460091
 5.800000 -2.407881 2.761583 44.187848
 5.820000 -2.490901 2.714857 44.497752
 5.840000 -2.566500 2.689716 45.103868
 5.860000 -2.550692 2.682865 45.005787
 5.880000 -2.555047 2.613815 45.406036
 5.900000 -2.626822 2.666876 45.801212
 5.920000 -2.518075 2.711757 44.665527
 5.940000 -2.528546 2.778059 44.576713
 5.960000 -2.474813 2.872177 44.458568
 5.980000 -2.477225 2.851559 44.418490
 6.000000 -2.416893 2.858167 44.407897
 6.020000 -2.417483 2.994358 45.104557
 6.040000 -2.423382 2.916069 44.633336
 6.060000 -2.556767 2.777531 44.730950
 6.080000 -2.575387 2.810231 44.773103
 6.100000 -2.743632 2.702533 46.870539
 6.120000 -2.756416 2.737938 46.743390
 6.140000 -2.844659 2.616476 49.183097
 6.160000 -2.802229 2.685558 47.793697
 6.180000 -2.715305 2.735122 46.288787
 6.200000 -2.592103 2.688252 45.334049
 6.220000 -2.542345 2.620636 45.243057
 6.240000 -2.305321 2.820657 44.495544
 6.260000 -2.320487 2.697529 44.016809
 6.280000 -2.109397 2.899895 46.715933
 6.300000 -2.055999 2.882108 47.216232
 6.320000 -2.081920 3.048124 48.748568
 6.340000 -1.992408 3.025351 49.813609
 6.360000 -2.090237 2.839290 46.338508
 6.380000 -2.207724 2.853669 45.279805
 6.400000 -2.298218 2.883373 44.904211
 6.420000 -2.375474 2.773641 44.185034
 6.440000 -2.494500 2.599391 44.918325
 6.460000 -2.460378 2.587254 44.688390
 6.480000 -2.631289 2.408906 48.298488
 6.500000 -2.715739 2.450203 49.230421
 6.520000 -2.744054 2.354224 51.113549
 6.540000 -2.668772 2.384558 49.259957
 6.560000 -2.446105 2.551498 44.718217
 6.580000 -2.374438 2.628837 44.076853
 6.600000 -2.380415 2.769359 44.176651
 6.620000 -2.351451 2.920959 44.887551
 6.640000 -2.299367 2.968785 45.544636
 6.660000 -2.321045 3.023232 45.872852
 6.680000 -2.191528 3.039699 47.246949
 6.700000 -2.345098 2.938646 45.034116
 6.720000 -2.458844 2.927358 44.637648
 6.740000 -2.466781 2.840911 44.384325
 6.760000 -2.630407 2.826764 45.084193
 6.780000 -2.665598 2.775763 45.551557
 6.800000 -2.749791 2.762059 46.491343
 6.820000 -2.835252 2.838761 46.994481
 6.840000 -2.789697 2.835168 46.487909
 6.860000 -2.719384 2.785238 46.020869
 6.880000 -2.701603 2.713115 46.288975
 6.900000 -2.436320 2.797700 44.272866
 6.920000 -2.490144 2.728731 44.466520
 6.940000 -2.340762 2.709835 44.045763
 6.960000 -2.335960 2.642061 43.962961
 6.980000 -2.351789 2.648092 43.999691
 7.000000 -2.299930 2.643805 43.918302
 7.020000 -2.274470 2.584913 43.812912
 7.040000 -2.341763 2.564302 44.007734
 7.060000 -2.240827 2.618967 43.878098
 7.080000 -2.282670 2.611357 43.857704
 7.100000 -2.206343 2.420165 43.515540
 7.120000 -2.296347 2.447733 43.925567
 7.140000 -2.209917 2.513250 43.640982
 7.160000 -2.269574 2.539676 43.760390
 7.180000 -2.102967 2.528879 43.889644
 7.200000 -2.175311 2.548899 43.759209
 7.220000 -2.098642 2.635843 44.560988
 7.240000 -2.121291 2.665923 44.604542
 7.260000 -2.364259 2.749906 44.133107
 7.280000 -2.286728 2.695261 44.039895
 7.300000 -2.358646 2.735480 44.102795
 7.320000 -2.399990 2.627702 44.190498
 7.340000 -2.506727 2.570022 45.181891
 7.360000 -2.584633 2.541728 46.258045
 7.380000 -2.668439 2.562962 47.180390
 7.400000 -2.523416 2.598395 45.185947
 7.420000 -2.634242 2.448819 47.888200
 7.440000 -2.593777 2.762966 45.016700
 7.460000 -2.695341 2.831294 45.579254
 7.480000 -2.713402 2.754538 46.140984
 7.500000 -2.582188 2.801305 44.830224
 7.520000 -2.601791 2.745173 45.145545
 7.540000 -2.444360 2.814160 44.308194
 7.560000 -2.423727 2.891176 44.524175
 7.580000 -2.365165 2.875170 44.575487
 7.600000 -2.300656 2.905848 45.045552
 7.620000 -2.210390 2.995810 46.571880
 7.640000 -2.413320 2.815948 44.286187
 7.660000 -2.319672 2.894107 44.864338
 7.680000 -2.635815 2.719121 45.569526
 7.700000 -2.677780 2.725791 45.946741
 7.720000 -2.750195 2.605537 47.891572
 7.740000 -2.846937 2.486782 51.008071
 7.760000 -2.805311 2.548024 49.432215
 7.780000 -2.587201 2.620299 45.696005
 7.800000 -2.651572 2.709082 45.782930
 7.820000 -2.398736 2.722974 44.139130
 7.840000 -2.430909 2.761367 44.229866
 7.860000 -2.398353 2.847790 44.386764
 7.880000 -2.323905 2.863258 44.657112
 7.900000 -2.498253 2.687874 44.609316
 7.920000 -2.383263 2.673429 44.088506
 7.940000 -2.498808 2.567487 45.119109
 7.960000 -2.412389 2.595192 44.323303
 7.980000 -2.486950 2.529899 45.214540
 8.000000 -2.401042 2.589245 44.268940
 8.020000 -2.486056 2.543037 45.129624
 8.040000 -2.413383 2.592505 44.336231
 8.060000 -2.468078 2.716194 44.380033
 8.080000 -2.555228 2.602528 45.477176
 8.100000 -2.494636 2.708633 44.532552
 8.120000 -2.552162 2.711204 44.900946
 8.140000 -2.414224 2.837161 44.342775
 8.160000 -2.430953 2.684318 44.256555
 8.180000 -2.312387 2.872970 44.765679
 8.200000 -2.468484 2.766637 44.335515
 8.220000 -2.202783 2.919004 45.894891
 8.240000 -2.489378 2.788987 44.401089
 8.260000 -2.455497 2.812934 44.323899
 8.280000 -2.592766 2.797898 44.904518
 8.300000 -2.729475 2.765669 46.243257
 8.320000 -2.772619 2.682100 47.425510
 8.340000 -2.800869 2.725689 47.402834
 8.360000 -2.800165 2.811181 46.743591
 8.380000 -2.721937 2.719959 46.471463
 8.400000 -2.614512 2.782693 45.100914
 8.420000 -2.601413 2.816832 44.915892
 8.440000 -2.513240 2.956425 44.744843
 8.460000 -2.594865 2.941878 44.861761
 8.480000 -2.454469 3.028572 45.215912
 8.500000 -2.498729 2.973945 44.818656
 8.520000 -2.471065 3.006002 45.024016
 8.540000 -2.412722 2.996149 45.134820
 8.560000 -2.531759 3.017560 45.020167
 8.580000 -2.402407 2.905041 44.625358
 8.600000 -2.454041 2.871234 44.442674
 8.620000 -2.454482 2.820908 44.333543
 8.640000 -2.594037 2.755069 45.046940
 8.660000 -2.540192 2.639753 45.121515
 8.680000 -2.728779 2.563110 48.049827
 8.700000 -2.573939 2.581791 45.820037
 8.720000 -2.497817 2.527434 45.344850
 8.740000 -2.532733 2.586269 45.347164
 8.760000 -2.439328 2.418455 45.368704
 8.780000 -2.234036 2.599159 43.831716
 8.800000 -2.277742 2.513163 43.777399
 8.820000 -2.113556 2.530717 43.855912
 8.840000 -2.087835 2.421515 43.443352
 8.860000 -2.280939 2.506625 43.790619
 8.880000 -2.089432 2.413557 43.410051
 8.900000 -2.138949 2.427303 43.414454
 8.920000 -2.274332 2.367120 43.933746
 8.940000 -2.107508 2.272258 43.078902
 8.960000 -2.178665 2.425832 43.451467
 8.980000 -2.249927 2.267875 43.982268
 9.000000 -2.110830 2.434471 43.453055
 9.020000 -2.029360 2.269504 42.972217
 9.040000 -2.066128 2.423878 43.506867
 9.060000 -2.096505 2.373260 43.268341
 9.080000 -2.009927 2.430839 43.782467
 9.100000 -2.046039 2.568209 44.471920
 9.120000 -1.922081 2.493072 44.977445
 9.140000 -1.917384 2.477737 44.886829
 9.160000 -2.032868 2.463886 43.858008
 9.180000 -2.000125 2.624310 45.354062
 9.200000 -2.126957 2.410608 43.369622
 9.220000 -2.045118 2.454833 43.743544
 9.240000 -2.173827 2.374518 43.380160
 9.260000 -2.220658 2.414385 43.564121
 9.280000 -2.359086 2.389717 44.623868
 9.300000 -2.461643 2.428706 45.573702
 9.320000 -2.437806 2.411569 45.394063
 9.340000 -2.391492 2.626926 44.151481
 9.360000 -2.627584 2.634867 46.035387
 9.380000 -2.521325 2.684598 44.775930
 9.400000 -2.649831 2.796363 45.326388
 9.420000 -2.645766 2.931242 45.072419
 9.440000 -2.529368 3.031050 45.093321
 9.460000 -2.610059 2.958640 44.945630
 9.480000 -2.554674 -3.138679 45.871428
 9.500000 -2.703619 -3.086071 46.337337
 9.520000 -2.694265 -3.085293 46.323234
 9.540000 -2.830999 3.126691 46.609181
 9.560000 -2.790522 3.130575 46.332667
 9.580000 -2.864167 -3.034299 47.438000
 9.600000 -2.777912 -3.067550 46.724632
 9.620000 -2.687011 3.006236 45.371919
 9.640000 -2.601890 3.033834 45.156539
 9.660000 -2.533084 3.045702 45.175750
 9.680000 -2.635717 2.912929 45.015389
 9.700000 -2.549418 2.926843 44.703401
 9.720000 -2.570117 2.863937 44.700396
 9.740000 -2.408121 2.891630 44.550333
 9.760000 -2.492455 2.756935 44.435135
 9.780000 -2.417056 2.843616 44.361045
 9.800000 -2.536513 2.717509 44.768417
 9.820000 -2.336341 2.630376 43.959792
 9.840000 -2.342547 2.514094 44.089450
 9.860000 -2.343158 2.564238 44.014087
 9.880000 -2.323531 2.546000 43.945365
 9.900000 -2.360428 2.663501 44.024724
 9.920000 -2.381533 2.493704 44.416626
 9.940000 -2.360367 2.488676 44.270608
 9.960000 -2.297740 2.491060 43.876216
 9.980000 -2.402227 2.551517 44.380310
 10.000000 -2.321955 2.586131 43.918694
 10.020000 -2.364456 2.440657 44.466751
 10.040000 -2.234931 2.537032 43.701840
 10.060000 -2.190691 2.446587 43.504855
 10.080000 -2.342211 2.539858 44.042278
 10.100000 -2.372315 2.548504 44.194811
 10.120000 -2.380686 2.789089 44.220299
 10.140000 -2.434332 2.691826 44.262248
 10.160000 -2.412498 2.741822 44.179106
 10.180000 -2.588570 2.848485 44.794405
 10.200000 -2.698950 2.880644 45.466947
 10.220000 -2.688874 2.923428 45.331760
 10.240000 -2.738884 2.758280 46.394381
 10.260000 -2.687718 2.855123 45.439288
 10.280000 -2.656855 2.937530 45.134086
 10.300000 -2.757469 2.944722 45.832719
 10.320000 -2.731416 2.957315 45.615518
 10.340000 -2.662039 3.018007 45.282370
 10.360000 -2.760944 2.992820 45.836863
 10.380000 -2.670258 3.115415 45.718412
 10.400000 -2.783053 2.965334 46.030432
 10.420000 -2.730816 3.017876 45.645473
 10.440000 -2.627492 3.003959 45.113283
 10.460000 -2.585815 2.929403 44.810272
 10.480000 -2.583026 2.796057 44.847347
 10.500000 -2.528654 2.885520 44.576617
 10.520000 -2.580891 2.883012 44.748328
 10.540000 -2.437450 2.804844 44.284097
 10.560000 -2.535408 2.732267 44.715942
 10.580000 -2.656755 2.707267 45.847003
 10.600000 -2.501142 2.845270 44.458097
 10.620000 -2.680083 2.637327 46.638036
 10.640000 -2.512878 2.497971 45.713670
 10.660000 -2.529052 2.561917 45.460254
 10.680000 -2.591675 2.677214 45.390353
 10.700000 -2.517392 2.645758 44.900378
 10.720000 -2.393103 2.780920 44.203765
 10.740000 -2.429761 2.661523 44.283097
 10.760000 -2.216422 2.827883 45.012535
 10.780000 -2.313212 2.758930 44.204815
 10.800000 -2.392775 2.843287 44.376842
 10.820000 -2.250857 2.859223 45.015166
 10.840000 -2.365127 2.723145 44.086523
 10.860000 -2.302790 2.749085 44.189292
 10.880000 -2.400553 2.604813 44.232685
 10.900000 -2.464684 2.575872 44.770966
 10.920000 -2.550679 2.638888 45.221031
 10.940000 -2.392296 2.654852 44.126640
 10.960000 -2.520765 2.501680 45.782053
 10.980000 -2.361391 2.624922 44.033077
 11.000000 -2.506255 2.520735 45.480631
 11.020000 -2.593268 2.709988 45.233526
 11.040000 -2.605989 2.609090 45.983362
 11.060000 -2.728132 2.709921 46.621253
 11.080000 -2.627984 2.666665 45.814772
 11.100000 -2.702879 2.755218 46.026048
 11.120000 -2.725776 2.910948 45.619898
 11.140000 -2.641961 2.905212 45.050642
 11.160000 -2.619312 2.983600 45.032013
 11.180000 -2.704206 2.936894 45.427543
 11.200000 -2.545984 -3.084051 46.414214
 11.220000 -2.863495 3.051371 46.767151
 11.240000 -2.709322 -3.129381 46.057949
 11.260000 -2.870516 2.942437 46.985349
 11.280000 -2.755144 3.093335 45.977622
 11.300000 -2.669354 2.988589 45.249893
 11.320000 -2.550421 2.923082 44.697533
 11.340000 -2.456523 2.944274 44.715416
 11.360000 -2.396884 2.921198 44.723126
 11.380000 -2.310513 2.820849 44.477707
 11.400000 -2.403949 2.736485 44.158345
 11.420000 -2.280076 2.723295 44.144268
 11.440000 -2.473364 2.663513 44.521564
 11.460000 -2.412604 2.631256 44.247733
 11.480000 -2.530038 2.382889 46.907716
 11.500000 -2.507773 2.345771 46.902472
 11.520000 -2.459203 2.292387 46.586741
 11.540000 -2.455074 2.345604 46.092723
 11.560000 -2.392421 2.288855 45.592261
 11.580000 -2.232548 2.339833 43.682301
 11.600000 -2.157413 2.514058 43.668191
 11.620000 -2.222654 2.334464 43.623257
 11.640000 -2.088757 2.545627 44.049604
 11.660000 -2.204036 2.522558 43.658584
 11.680000 -1.929690 2.698289 47.005176
 11.700000 -2.068720 2.635506 44.791922
 11.720000 -2.112665 2.673968 44.723410
 11.740000 -2.204423 2.665223 44.140382
 11.760000 -2.153496 2.711142 44.677911
 11.780000 -2.342810 2.706731 44.041269
 11.800000 -2.283796 2.688932 44.025573
 11.820000 -2.479524 2.601124 44.784986
 11.840000 -2.659371 2.797407 45.401438
 11.860000 -2.691912 2.737384 46.021449
 11.880000 -2.794404 2.602458 48.579843
 11.900000 -2.742060 2.797448 46.186303
 11.920000 -2.692752 2.796192 45.703813
 11.940000 -2.578570 3.014111 45.034250
 11.960000 -2.575056 2.919110 44.759331
 11.980000 -2.537676 3.050754 45.203086
 12.000000 -2.598797 3.101179 45.516744
 12.020000 -2.587041 3.108543 45.562315
 12.040000 -2.702156 2.988469 45.429353
 12.060000 -2.789791 2.923307 46.163348
 12.080000 -2.818936 3.044654 46.341230
 12.100000 -2.785216 2.896517 46.191297
 12.120000 -2.737110 2.744211 46.470617
 12.140000 -2.664672 2.825137 45.344853
 12.160000 -2.513612 2.895953 44.563819
 12.180000 -2.549814 2.781461 44.683147
 12.200000 -2.465518 2.791684 44.328326
 12.220000 -2.550306 2.697832 44.939489
 12.240000 -2.463833 2.806833 44.333520
 12.260000 -2.527812 2.748155 44.628922
 12.280000 -2.519332 2.676026 44.792992
 12.300000 -2.438397 2.659887 44.329710
 12.320000 -2.378168 2.697153 44.080916
 12.340000 -2.451287 2.639539 44.449846
 12.360000 -2.457910 2.595208 44.638230
 12.380000 -2.464514 2.727838 44.348751
 12.400000 -2.479058 2.675280 44.524752
 12.420000 -2.578586 2.704859 45.133930
 12.440000 -2.719038 2.609402 47.411760
 12.460000 -2.659554 2.903178 45.156367
 12.480000 -2.696514 2.960141 45.373404
 12.500000 -2.537659 2.824388 44.573387
 12.520000 -2.518007 2.953805 44.737572
 12.540000 -2.486465 2.969972 44.807318
 12.560000 -2.507299 3.064704 45.332346
 12.580000 -2.586983 2.932993 44.819813
 12.600000 -2.565919 2.910784 44.718189
 12.620000 -2.561430 2.830245 44.675757
 12.640000 -2.601761 2.861247 44.852834
 12.660000 -2.745773 2.642158 47.449795
 12.680000 -2.516692 2.708277 44.666929
 12.700000 -2.598083 2.703859 45.306038
 12.720000 -2.463578 2.680992 44.421222
 12.740000 -2.496107 2.621368 44.833310
 12.760000 -2.562016 2.736848 44.878971
 12.780000 -2.692864 2.799030 45.691363
 12.800000 -2.588618 2.710419 45.191894
 12.820000 -2.748918 2.634040 47.574389
 12.840000 -2.608923 2.678166 45.549271
 12.860000 -2.550461 2.751148 44.757689
 12.880000 -2.599494 2.762091 45.062136
 12.900000 -2.433965 2.715840 44.239987
 12.920000 -2.491951 2.647602 44.698077
 12.940000 -2.469158 2.799189 44.341122
 12.960000 -2.391217 2.882158 44.542003
 12.980000 -2.463668 2.838072 44.374972
 13.000000 -2.488722 2.789024 44.398806
 13.020000 -2.413297 2.938693 44.772892
 13.040000 -2.689860 2.768606 45.817392
 13.060000 -2.598852 2.914301 44.841177
 13.080000 -2.547141 2.904781 44.654657
 13.100000 -2.600886 2.870239 44.842170
 13.120000 -2.454926 2.940361 44.699055
 13.140000 -2.510540 2.871137 44.513223
 13.160000 -2.620242 2.930117 44.947329
 13.180000 -2.599265 2.903988 44.835779
 13.200000 -2.449760 2.946907 44.737224
 13.220000 -2.700243 2.859420 45.529810
 13.240000 -2.452710 2.904767 44.552094
 13.260000 -2.617672 2.853040 44.951346
 13.280000 -2.691365 2.764535 45.854719
 13.300000 -2.454690 2.653507 44.434509
 13.320000 -2.536308 2.673328 44.932648
 13.340000 -2.476739 2.556374 44.968881
 13.360000 -2.406184 2.651071 44.187621
 13.380000 -2.624137 2.588968 46.357813
 13.400000 -2.560325 2.574601 45.717902
 13.420000 -2.421827 2.609477 44.346060
 13.440000 -2.565708 2.628031 45.426412
 13.460000 -2.382453 2.759382 44.158806
 13.480000 -2.310877 2.783904 44.307517
 13.500000 -2.471653 2.791337 44.345017
 13.520000 -2.267017 2.820478 44.661519
 13.540000 -2.323113 2.790172 44.302182
 13.560000 -2.534492 2.801644 44.575052
 13.580000 -2.318259 2.882224 44.795667
 13.600000 -2.597977 2.784574 44.976133
 13.620000 -2.663781 2.807800 45.397683
 13.640000 -2.645271 2.867471 45.103578
 13.660000 -2.785266 2.807829 46.594721
 13.680000 -2.767200 2.755701 46.738585
 13.700000 -2.655811 2.731087 45.694323
 13.720000 -2.684784 2.719929 46.058103
 13.740000 -2.672843 2.643987 46.492240
 13.760000 -2.540652 2.749987 44.699906
 13.780000 -2.685620 2.651254 46.586831
 13.800000 -2.313795 2.877251 44.785667
 13.820000 -2.473348 2.769346 44.351059
 13.840000 -2.335241 2.912665 44.908926
 13.860000 -2.369997 2.875333 44.562468
 13.880000 -2.449338 2.872755 44.446098
 13.900000 -2.562860 2.804071 44.713864
 13.920000 -2.349333 2.742566 44.116038
 13.940000 -2.494753 2.674634 44.626574
 13.960000 -2.276414 2.598935 43.834132
 13.980000 -2.314044 2.528142 43.919018
 14.000000 -2.629941 2.575804 46.544498
 14.020000 -2.553389 2.517695 46.060689
 14.040000 -2.635712 2.512758 47.223152
 14.060000 -2.590093 2.582220 46.002899
 14.080000 -2.529196 2.608019 45.188160
 14.100000 -2.573940 2.738674 44.957761
 14.120000 -2.593102 2.812642 44.872942
 14.140000 -2.392545 2.850805 44.405610
 14.160000 -2.319023 2.901528 44.916077
 14.180000 -2.287097 2.902932 45.105547
 14.200000 -2.236878 2.915121 45.564259
 14.220000 -2.483690 2.835553 44.407150
 14.240000 -2.514814 2.915826 44.614143
 14.260000 -2.540265 2.826860 44.583239
 14.280000 -2.760864 2.801629 46.362513
 14.300000 -2.692319 2.832551 45.548633
 14.320000 -2.752553 2.896720 45.879289
 14.340000 -2.778310 2.761924 46.825618
 14.360000 -2.636208 2.733848 45.494088
 14.380000 -2.724295 2.705830 46.607369
 14.400000 -2.671614 2.800414 45.494036
 14.420000 -2.549885 2.926653 44.704031
 14.440000 -2.730698 2.818867 45.958097
 14.460000 -2.583233 2.846196 44.769194
 14.480000 -2.599326 2.945944 44.884371
 14.500000 -2.727411 2.981315 45.587622
 14.520000 -2.426092 2.928199 44.686846
 14.540000 -2.427105 2.894879 44.535148
 14.560000 -2.265507 2.935678 45.514842
 14.580000 -2.229848 2.909284 45.571224
 14.600000 -2.378197 2.711421 44.090786
 14.620000 -2.563935 2.580202 45.718972
 14.640000 -2.314463 2.736557 44.126580
 14.660000 -2.619684 2.605034 46.173425
 14.680000 -2.566677 2.751435 44.863460
 14.700000 -2.705106 2.520363 48.183792
 14.720000 -2.765991 2.674851 47.405145
 14.740000 -2.638626 2.725930 45.558680
 14.760000 -2.474243 2.594787 44.768543
 14.780000 -2.462784 2.557234 44.838013
 14.800000 -2.215596 2.766335 44.615543
 14.820000 -2.302743 2.743406 44.168545
 14.840000 -2.465753 2.743047 44.338702
 14.860000 -2.338101 2.709325 44.043528
 14.880000 -2.553189 2.566640 45.693584
 14.900000 -2.399023 2.845263 44.377203
 14.920000 -2.585803 2.698826 45.223926
 14.940000 -2.675183 2.719962 45.956749
 14.960000 -2.626694 2.709134 45.539588
 14.980000 -2.503986 2.821657 44.450485
 15.000000 -2.515445 2.760122 44.538563
 15.020000 -2.390053 2.727651 44.125739
 15.040000 -2.462492 2.916982 44.593477
 15.060000 -2.538458 3.060565 45.262775
 15.080000 -2.463547 2.982896 44.903539
 15.100000 -2.711807 2.867087 45.605220
 15.120000 -2.650000 3.017123 45.232010
 15.140000 -2.702140 2.960751 45.409735
 15.160000 -2.691777 2.942436 45.341982
 15.180000 -2.698665 2.697809 46.367189
 15.200000 -2.589600 2.892932 44.788999
 15.220000 -2.663061 2.803041 45.410153
 15.240000 -2.474499 2.857015 44.424989
 15.260000 -2.591692 2.642222 45.599431
 15.280000 -2.615167 2.697922 45.494188
 15.300000 -2.577196 2.726895 45.027627
 15.320000 -2.630403 2.632042 46.088583
 15.340000 -2.558381 2.556661 45.824028
 15.360000 -2.472327 2.591865 44.765345
 15.380000 -2.369152 2.676731 44.050456
 15.400000 -2.289022 2.611526 43.863595
 15.420000 -2.105509 2.596447 44.258342
 15.440000 -2.154446 2.593353 44.002162
 15.460000 -2.025468 2.690064 45.681107
 15.480000 -2.105599 2.664115 44.707420
 15.500000 -2.145332 2.400452 43.356367
 15.520000 -2.019199 2.544182 44.501645
 15.540000 -2.154253 2.507450 43.650049
 15.560000 -2.040678 2.585915 44.646723
 15.580000 -2.136159 2.390467 43.326979
 15.600000 -2.079241 2.430496 43.499622
 15.620000 -2.162072 2.376236 43.348873
 15.640000 -2.043295 2.370677 43.330316
 15.660000 -2.277250 2.085922 45.109899
 15.680000 -2.133034 2.161840 43.211857
 15.700000 -2.347144 2.198725 45.510688
 15.720000 -2.253145 2.264365 44.023654
 15.740000 -2.301479 2.208566 44.805791
 15.760000 -2.309229 2.097864 45.547397
 15.780000 -2.370057 2.537293 44.207212
 15.800000 -2.350898 2.559188 44.057387
 15.820000 -2.317543 2.686265 43.994928
 15.840000 -2.290816 2.648748 43.924668
 15.860000 -2.237509 2.790380 44.633539
 15.880000 -2.404869 2.846149 44.375294
 15.900000 -2.420115 2.911206 44.616839
 15.920000 -2.585652 2.861980 44.771144
 15.940000 -2.595134 2.961231 44.901457
 15.960000 -2.547726 2.992244 44.907942
 15.980000 -2.788955 2.906682 46.198407
 16.000000 -2.720448 2.919930 45.563671
 16.020000 -2.889219 2.909990 47.330338
 16.040000 -2.785318 3.020681 46.039267
 16.060000 -2.843219 2.795785 47.384009
 16.080000 -2.641235 2.958521 45.072567
 16.100000 -2.794773 2.760605 47.036883
 16.120000 -2.575414 3.000360 44.974611
 16.140000 -2.694210 2.778856 45.804943
 16.160000 -2.560547 2.887490 44.673176
 16.180000 -2.507474 2.824668 44.462518
 16.200000 -2.389691 2.923581 44.758147
 16.220000 -2.281390 2.818324 44.580578
 16.240000 -2.287811 2.693974 44.034656
 16.260000 -2.231947 2.680320 44.108453
 16.280000 -2.358557 2.609040 44.033989
 16.300000 -2.307895 2.615587 43.893664
 16.320000 -2.432675 2.421227 45.272291
 16.340000 -2.291307 2.540670 43.823598
 16.360000 -2.431312 2.399153 45.393570
 16.380000 -2.421954 2.433521 45.077615
 16.400000 -2.475068 2.442423 45.644789
 16.420000 -2.522634 2.561876 45.392351
 16.440000 -2.303975 2.558457 43.864497
 16.460000 -2.334517 2.544251 43.997617
 16.480000 -2.340771 2.656493 43.979617
 16.500000 -2.343447 2.663042 43.988266
 16.520000 -2.339579 2.831069 44.435371
 16.540000 -2.426754 2.498609 44.786778
 16.560000 -2.318769 2.750204 44.164896
 16.580000 -2.652386 2.695232 45.879874
 16.600000 -2.574883 2.880839 44.722674
 16.620000 -2.793695 2.663270 47.898211
 16.640000 -2.736793 2.860460 45.846671
 16.660000 -2.775837 2.961629 45.971185
 16.680000 -2.643773 2.966121 45.094349
 16.700000 -2.708875 3.019940 45.517169
 16.720000 -2.526009 3.077803 45.390996
 16.740000 -2.610900 -3.104255 46.106175
 16.760000 -2.585747 3.127600 45.699377
 16.780000 -2.493134 3.039457 45.189776
 16.800000 -2.546296 3.133999 45.797183
 16.820000 -2.437384 -3.069545 47.087976
 16.840000 -2.478806 2.988037 44.906987
 16.860000 -2.576828 2.887369 44.733660
 16.880000 -2.551952 2.880316 44.637866
 16.900000 -2.584026 2.929963 44.805192
 16.920000 -2.679224 2.671542 46.344996
 16.940000 -2.552173 2.529034 45.957062
 16.960000 -2.629028 2.629543 46.091878
 16.980000 -2.696025 2.579251 47.400242
 17.000000 -2.553550 2.483500 46.344516
 17.020000 -2.704435 2.439029 49.182033
 17.040000 -2.463551 2.572424 44.776438
 17.060000 -2.344312 2.578845 44.003892
 17.080000 -2.420832 2.572195 44.443836
 17.100000 -2.401056 2.544637 44.393743
 17.120000 -2.226778 2.713395 44.274816
 17.140000 -2.361110 2.676405 44.031972
 17.160000 -2.181267 2.701086 44.437763
 17.180000 -2.164329 2.722607 44.677073
 17.200000 -2.336852 2.802646 44.319382
 17.220000 -2.155224 2.802542 45.325284
 17.240000 -2.313063 2.742109 44.146589
 17.260000 -2.266324 2.657246 43.957819
 17.280000 -2.270291 2.797582 44.515860
 17.300000 -2.336887 2.877199 44.684784
 17.320000 -2.539931 2.678100 44.940907
 17.340000 -2.512055 2.725349 44.592567
 17.360000 -2.670589 2.558233 47.258044
 17.380000 -2.614965 2.738543 45.283256
 17.400000 -2.607830 2.707583 45.373770
 17.420000 -2.683529 2.660500 46.484204
 17.440000 -2.560762 2.749723 44.828824
 17.460000 -2.575949 2.848123 44.731773
 17.480000 -2.549933 2.782309 44.682179
 17.500000 -2.476410 2.789698 44.358744
 17.520000 -2.509353 2.832490 44.471504
 17.540000 -2.575998 2.853575 44.729144
 17.560000 -2.532781 2.897942 44.606950
 17.580000 -2.781037 2.790996 46.653749
 17.600000 -2.656323 2.869522 45.174353
 17.620000 -2.695713 2.972608 45.375181
 17.640000 -2.618039 3.002992 45.081195
 17.660000 -2.531424 3.009267 44.978513
 17.680000 -2.511515 3.110487 45.678490
 17.700000 -2.516475 -3.127344 46.074218
 17.720000 -2.463230 -3.139914 46.161414
 17.740000 -2.468069 3.045607 45.295592
 17.760000 -2.566072 2.996667 44.946256
 17.780000 -2.488871 3.101760 45.671260
 17.800000 -2.660288 2.886876 45.176633
 17.820000 -2.522473 2.931529 44.668355
 17.840000 -2.681848 2.767754 45.743995
 17.860000 -2.632000 2.832399 45.081596
 17.880000 -2.677733 2.786846 45.609528
 17.900000 -2.631290 2.736426 45.436272
 17.920000 -2.681984 2.629495 46.730729
 17.940000 -2.579100 2.707419 45.126412
 17.960000 -2.717047 2.575538 47.739109
 17.980000 -2.581600 2.556555 46.100847
 18.000000 -2.547145 2.507786 46.061159
 18.020000 -2.534374 2.533820 45.710850
 18.040000 -2.414854 2.566899 44.419099
 18.060000 -2.409837 2.596982 44.303335
 18.080000 -2.346051 2.675683 44.003184
 18.100000 -2.177799 2.753365 44.783258
 18.120000 -2.121643 2.699039 44.832366
 18.140000 -2.070921 2.638994 44.799944
 18.160000 -2.070609 2.570122 44.310441
 18.180000 -2.037836 2.576104 44.595070
 18.200000 -2.162007 2.503381 43.626813
 18.220000 -2.079036 2.461871 43.643441
 18.240000 -2.169096 2.415089 43.416775
 18.260000 -2.148843 2.526218 43.729032
 18.280000 -2.330258 2.422732 44.232944
 18.300000 -2.296302 2.525949 43.844965
 18.320000 -2.303581 2.432814 44.001707
 18.340000 -2.256058 2.596656 43.818731
 18.360000 -2.239927 2.471966 43.647609
 18.380000 -2.216298 2.579853 43.796568
 18.400000 -2.339351 2.555614 44.006700
 18.420000 -2.215767 2.611426 43.894134
 18.440000 -2.254512 2.687631 44.076133
 18.460000 -2.281007 2.667162 43.969647
 18.480000 -2.279297 2.665567 43.967072
 18.500000 -2.453763 2.651180 44.434803
 18.520000 -2.483385 2.709857 44.467783
 18.540000 -2.547666 2.533580 45.868376
 18.560000 -2.655203 2.601809 46.637180
 18.580000 -2.640061 2.523603 47.175876
 18.600000 -2.661515 2.651527 46.296265
 18.620000 -2.665152 2.621147 46.592541
 18.640000 -2.541525 2.706049 44.842805
 18.660000 -2.530123 2.709181 44.752462
 18.680000 -2.451244 2.913279 44.585396
 18.700000 -2.461786 3.038793 45.265674
 18.720000 -2.550518 2.938094 44.732531
 18.740000 -2.512524 2.991456 44.895699
 18.760000 -2.522608 2.953986 44.741487
 18.780000 -2.557106 3.011597 44.999145
 18.800000 -2.533026 2.822224 44.555178
 18.820000 -2.564852 2.817133 44.706156
 18.840000 -2.607722 2.760890 45.129361
 18.860000 -2.600570 2.757719 45.086472
 18.880000 -2.672009 2.671233 46.264397
 18.900000 -2.732128 2.656667 47.128211
 18.920000 -2.711223 2.641306 46.997913
 18.940000 -2.709050 2.716556 46.348459
 18.960000 -2.734686 2.575166 48.000966
 18.980000 -2.587964 2.619541 45.709259
 19.000000 -2.570418 2.758824 44.866097
 19.020000 -2.408335 2.936923 44.776676
 19.040000 -2.329231 2.848839 44.556800
 19.060000 -2.205273 2.855185 45.311689
 19.080000 -2.256756 2.808966 44.644845
 19.100000 -2.246925 2.883866 45.228845
 19.120000 -2.440312 2.766628 44.254261
 19.140000 -2.580921 2.676794 45.293815
 19.160000 -2.447446 2.656923 44.384769
 19.180000 -2.561826 2.689554 45.066120
 19.200000 -2.476908 2.619057 44.692571
 19.220000 -2.546250 2.569632 45.596078
 19.240000 -2.498343 2.685834 44.615902
 19.260000 -2.439561 2.634975 44.390092
 19.280000 -2.339732 2.633446 43.968502
 19.300000 -2.292999 2.494327 43.849940
 19.320000 -2.349840 2.767288 44.180144
 19.340000 -2.412805 2.714614 44.172621
 19.360000 -2.455550 2.714167 44.326411
 19.380000 -2.377553 2.731308 44.111508
 19.400000 -2.458981 2.725303 44.328338
 19.420000 -2.484752 2.867392 44.460019
 19.440000 -2.662141 2.780070 45.500388
 19.460000 -2.743682 2.736728 46.600767
 19.480000 -2.725365 2.809064 45.953582
 19.500000 -2.699758 2.786210 45.820341
 19.520000 -2.696577 2.795625 45.742459
 19.540000 -2.607066 2.882739 44.869052
 19.560000 -2.548122 2.763154 44.712631
 19.580000 -2.456122 2.975817 44.878493
 19.600000 -2.401737 2.832763 44.334242
 19.620000 -2.414796 2.918988 44.665397
 19.640000 -2.335127 3.009222 45.648380
 19.660000 -2.367918 2.964059 45.101077
 19.680000 -2.313466 2.792759 44.337804
 19.700000 -2.355456 2.707053 44.052962
 19.720000 -2.432317 2.756753 44.230982
 19.740000 -2.415032 2.648420 44.231895
 19.760000 -2.459911 2.575748 44.731821
 19.780000 -2.473370 2.410498 45.854665
 19.800000 -2.474233 2.459588 45.516337
 19.820000 -2.565753 2.491066 46.444073
 19.840000 -2.533593 2.523148 45.778823
 19.860000 -2.496051 2.594618 44.954473
 19.880000 -2.478797 2.545784 45.042986
 19.900000 -2.439353 2.782603 44.261952
 19.920000 -2.455779 2.687705 44.367123
 19.940000 -2.450103 2.740754 44.282960
 19.960000 -2.320872 2.837252 44.525546
 19.980000 -2.294625 2.840864 44.652504
 20.000000 -2.320652 2.781041 44.272106
