#! FIELDS time phi psi metad.bias
#! SET min_phi -pi
#! SET max_phi pi
#! SET min_psi -pi
#! SET max_psi pi
 0.000000 3.141580 -3.141577 49.630464
 0.020000 -2.842323 -2.987928 49.255257
 0.040000 -2.893115 -3.015095 49.099354
 0.060000 -2.939187 -3.037953 49.010788
 0.080000 -2.941689 -2.992806 48.171288
 0.100000 -2.970351 -2.946400 47.100400
 0.120000 -2.875144 -2.882725 46.961970
 0.140000 -2.893491 -2.866542 46.484158
 0.160000 -2.861472 -2.783000 45.555022
 0.180000 -2.784053 -2.717842 45.693030
 0.200000 -2.789325 -2.738042 45.883963
 0.220000 -2.759607 -2.699731 45.828665
 0.240000 -2.802936 -2.653806 44.669252
 0.260000 -2.852035 -2.653903 44.063207
 0.280000 -2.911322 -2.742756 44.479295
 0.300000 -2.917899 -2.700254 43.900751
 0.320000 -2.977915 -2.713967 43.598802
 0.340000 -2.976420 -2.725834 43.748880
 0.360000 -2.925299 -2.778157 44.826005
 0.380000 -2.942317 -2.794701 44.910739
 0.400000 -2.841852 -2.777787 45.717324
 0.420000 -2.843650 -2.819922 46.320013
 0.440000 -2.825069 -2.909080 48.071593
 0.460000 -2.827789 -2.942152 48.625785
 0.480000 -2.866827 -2.992406 49.007943
 0.500000 -2.835296 3.129532 52.438645
 0.520000 -2.751337 3.130501 53.812542
 0.540000 -2.716913 2.936502 57.847908
 0.560000 -2.588908 2.905290 60.988370
 0.580000 -2.694531 2.737566 61.137131
 0.600000 -2.710577 2.773195 60.376347
 0.620000 -2.803561 2.732946 59.334553
 0.640000 -2.887030 2.671944 58.999091
 0.660000 -2.820009 2.649644 60.218968
 0.680000 -2.828197 2.676910 59.733242
 0.700000 -2.783234 2.791230 58.833353
 0.720000 -2.729852 2.707630 60.892019
 0.740000 -2.771537 2.749613 59.623457
 0.760000 -2.768164 2.748561 59.694554
 0.780000 -2.719229 2.889497 58.540011
 0.800000 -2.832362 2.881413 56.685540
 0.820000 -2.839517 2.992564 54.789823
 0.840000 -2.856854 3.042770 53.671952
 0.860000 -2.872017 -3.088808 50.722321
 0.880000 -2.831841 -3.006890 49.755596
 0.900000 -2.852726 -2.988153 49.115903
 0.920000 -2.837601 -2.888436 47.534084
 0.940000 -2.789769 -2.922964 48.856944
 0.960000 -2.887425 -2.934806 47.720867
 0.980000 -2.882457 -2.824690 45.935354
 1.000000 -2.845285 -2.705787 44.721061
 1.020000 -2.858960 -2.849625 46.604560
 1.040000 -2.763507 -2.677565 45.498367
 1.060000 -2.882254 -2.629564 43.510862
 1.080000 -2.895778 -2.611855 43.229571
 1.100000 -2.892064 -2.717710 44.353238
 1.120000 -2.912826 -2.673663 43.653421
 1.140000 -2.937114 -2.697038 43.700203
 1.160000 -2.997511 -2.886291 45.902477
 1.180000 -2.968360 -2.947252 47.130883
 1.200000 -2.941342 -2.954318 47.491570
 1.220000 -2.914472 -2.954090 47.759143
 1.240000 -2.831387 -3.002521 49.681270
 1.260000 -2.787133 -3.024850 50.784472
 1.280000 -2.719791 -3.028031 52.037204
 1.300000 -2.709482 -3.038685 52.440294
 1.320000 -2.760528 3.046011 55.182625
 1.340000 -2.831721 3.064056 53.673699
 1.360000 -2.853467 3.059644 53.425828
 1.380000 -2.928037 2.999477 53.470824
 1.400000 -2.779679 2.900727 57.261210
 1.420000 -2.873443 2.839118 56.728975
 1.440000 -2.890982 2.895904 55.618377
 1.460000 -2.859743 2.870631 56.442974
 1.480000 -2.865894 2.877354 56.252554
 1.500000 -2.849048 2.897356 56.189375
 1.520000 -2.675255 2.910814 59.076191
 1.540000 -2.842312 2.908803 56.110885
 1.560000 -2.752251 2.868679 58.239834
 1.580000 -2.899793 2.880337 55.745795
 1.600000 -2.895924 2.866511 56.010619
 1.620000 -2.823979 2.886998 56.731015
 1.640000 -2.924991 2.872731 55.546783
 1.660000 -2.868642 2.895785 55.929996
 1.680000 -2.881315 3.030551 53.541026
 1.700000 -2.916864 2.955795 54.327593
 1.720000 -2.880504 3.023336 53.675898
 1.740000 -2.703725 -3.087693 53.492210
 1.760000 -2.864506 -3.075739 50.580822
 1.780000 -2.676312 -2.894065 50.355410
 1.800000 -2.900197 -3.079945 50.204356
 1.820000 -2.866711 -2.857824 46.645661
 1.840000 -2.945674 -2.930976 47.047118
 1.860000 -2.903902 -2.902111 46.967111
 1.880000 -2.900585 -2.862068 46.334915
 1.900000 -2.777870 -2.859411 47.927061
 1.920000 -2.904301 -2.838687 45.920574
 1.940000 -2.794651 -2.733327 45.742721
 1.960000 -2.948337 -2.822363 45.264147
 1.980000 -2.896261 -2.703919 44.146353
 2.000000 -2.720776 -2.721096 46.733879
 2.020000 -2.880831 -2.842215 46.228756
 2.040000 -2.732629 -2.774894 47.313511
 2.060000 -2.826369 -2.794856 46.165931
 2.080000 -2.910439 -2.936622 47.494875
 2.100000 -2.830674 -3.059234 50.752175
 2.120000 -2.775190 -2.959068 49.755479
 2.140000 -2.888573 -3.055856 49.902870
 2.160000 -2.732778 -3.133582 53.801792
 2.180000 -2.885245 -3.108372 50.909642
 2.200000 -2.877478 3.086733 52.608477
 2.220000 -2.763965 3.065872 54.766849
 2.240000 -2.818066 2.980409 55.329462
 2.260000 -2.685310 3.043351 56.681102
 2.280000 -2.659257 3.036238 57.345613
 2.300000 -2.645060 3.013390 58.041027
 2.320000 -2.800910 3.046024 54.481900
 2.340000 -2.745306 -3.073819 52.435657
 2.360000 -3.032524 3.091691 50.927830
 2.380000 -2.859089 -3.047034 50.120426
 2.400000 -2.982131 3.103604 51.130128
 2.420000 -2.886890 -3.107117 50.865613
 2.440000 -2.752013 -2.982063 50.580944
 2.460000 -2.861475 -3.100490 51.081189
 2.480000 -2.759228 -3.006083 50.906296
 2.500000 -2.740330 -2.842049 48.257302
 2.520000 -2.758716 -2.826460 47.687049
 2.540000 -2.797300 -2.977615 49.737725
 2.560000 -2.790179 -2.778289 46.440623
 2.580000 -2.925650 -2.718609 44.048075
 2.600000 -2.765015 -2.728775 46.124771
 2.620000 -2.887467 -2.896591 47.055096
 2.640000 -2.827610 -2.772194 45.820479
 2.660000 -2.849412 -2.820300 46.254072
 2.680000 -2.881189 -3.002034 49.004004
 2.700000 -2.805565 -2.958945 49.263158
 2.720000 -2.909004 -3.040299 49.375973
 2.740000 -2.908851 -3.031405 49.215229
 2.760000 -2.981961 3.107943 51.056430
 2.780000 -2.989897 3.060838 51.791453
 2.800000 -2.929713 3.138242 51.045746
 2.820000 -2.781369 -3.087978 52.073376
 2.840000 -2.846620 3.033803 53.977561
 2.860000 -2.686824 3.076283 56.061477
 2.880000 -2.707852 -3.081232 53.287034
 2.900000 -2.839590 3.096922 52.966907
 2.920000 -2.730273 3.031394 56.002871
 2.940000 -2.953445 2.929918 54.309966
 2.960000 -2.823728 -3.012978 49.988225
 2.980000 -2.948289 -3.103189 50.100714
 3.000000 -2.876823 -3.126112 51.345541
 3.020000 -2.913708 -3.010781 48.785315
 3.040000 -2.860337 -2.792170 45.700740
 3.060000 -2.881628 -2.876364 46.779037
 3.080000 -2.710904 -2.799565 48.076703
 3.100000 -2.812351 -2.738806 45.565100
 3.120000 -2.752621 -2.647506 45.322357
 3.140000 -2.818944 -2.693464 44.903495
 3.160000 -2.968160 -2.854280 45.596259
 3.180000 -2.817906 -2.648837 44.422482
 3.200000 -2.938944 -2.811768 45.185663
 3.220000 -2.784969 -2.897547 48.478289
 3.240000 -2.803584 -3.036871 50.745143
 3.260000 -2.902706 -2.824300 45.714432
 3.280000 -2.994844 -3.024758 48.289949
 3.300000 -2.931685 3.027196 52.961240
 3.320000 -2.996314 2.985711 52.974180
 3.340000 -2.792387 3.115269 53.379595
 3.360000 -2.799508 2.889557 57.093534
 3.380000 -2.729986 2.690792 61.104594
 3.400000 -2.608753 2.763016 62.469190
 3.420000 -2.562337 2.744393 63.629510
 3.440000 -2.492157 2.793365 64.587044
 3.460000 -2.606995 2.513264 64.977290
 3.480000 -2.621728 2.577880 64.179856
 3.500000 -2.684491 2.678421 62.039368
 3.520000 -2.742985 2.785279 59.621840
 3.540000 -2.910504 2.497237 61.190944
 3.560000 -2.838877 2.504951 61.880838
 3.580000 -2.834638 2.771372 58.298514
 3.600000 -2.837325 2.891797 56.450385
 3.620000 -2.826334 2.871731 56.925704
 3.640000 -3.029996 2.821586 55.219722
 3.660000 -2.851531 -3.008771 49.511812
 3.680000 -2.946341 -2.906476 46.626287
 3.700000 -2.749073 -2.788597 47.246898
 3.720000 -2.743818 -2.763739 46.958287
 3.740000 -2.677084 -2.459764 45.063573
 3.760000 -2.837630 -2.457667 43.039872
 3.780000 -2.736609 -2.526212 44.532922
 3.800000 -2.781797 -2.302033 43.853385
 3.820000 -2.866714 -2.323887 43.012855
 3.840000 -2.522959 -2.254159 46.824885
 3.860000 -2.679811 -2.316309 44.892446
 3.880000 -2.765314 -2.140184 45.181753
 3.900000 -2.806477 -2.219116 44.167061
 3.920000 -2.836151 -2.261599 43.618335
 3.940000 -2.860714 -2.221270 43.774295
 3.960000 -2.790486 -2.356736 43.569134
 3.980000 -2.764543 -2.465315 43.888730
 4.000000 -2.914743 -2.653469 43.431965
 4.020000 -2.932567 -2.599032 42.818572
 4.040000 3.118919 -2.911004 45.897327
 4.060000 -2.957444 -3.074568 49.496432
 4.080000 -3.026189 3.082708 51.124572
 4.100000 -2.822126 -2.984793 49.489402
 4.120000 -2.865168 2.895448 55.984718
 4.140000 -2.897027 2.841765 56.373744
 4.160000 -2.878575 2.899847 55.727293
 4.180000 -2.765705 2.809130 58.877582
 4.200000 -2.766169 2.622871 61.369838
 4.220000 -2.528245 2.573839 65.804774
 4.240000 -2.485501 2.695654 65.686501
 4.260000 -2.526968 2.605068 65.601410
 4.280000 -2.529185 2.611183 65.514677
 4.300000 -2.678461 2.454501 64.493664
 4.320000 -2.611087 2.694983 63.203929
 4.340000 -2.657230 2.697647 62.308240
 4.360000 -2.632355 2.763026 62.000000
 4.380000 -2.723581 2.715680 60.895612
 4.400000 -2.680656 2.826369 60.208148
 4.420000 -2.848757 2.880249 56.457012
 4.440000 -2.817075 2.834625 57.623445
 4.460000 -2.895291 2.902379 55.459658
 4.480000 -3.056004 3.069788 51.139564
 4.500000 -3.043496 -3.036162 48.182602
 4.520000 -3.132640 3.111022 50.142587
 4.540000 -3.003180 -2.833969 45.050697
 4.560000 -2.852511 -2.711710 44.708434
 4.580000 -2.686588 -2.616710 46.049443
 4.600000 -2.655150 -2.821259 49.481789
 4.620000 -2.471583 -2.519272 48.983089
 4.640000 -2.669578 -2.606440 46.231105
 4.660000 -2.637422 -2.756096 48.772963
 4.680000 -2.618804 -2.586335 46.914622
 4.700000 -2.790184 -2.734269 45.820379
 4.720000 -2.639790 -2.683940 47.681999
 4.740000 -2.661555 -2.850360 49.859195
 4.760000 -2.745751 -2.837489 48.087652
 4.780000 -2.815017 -2.963126 49.195936
 4.800000 -2.917495 -2.960449 47.839482
 4.820000 3.086507 3.081512 50.547890
 4.840000 -2.934136 3.076604 52.085631
 4.860000 -2.984668 3.043863 52.125227
 4.880000 -2.867086 2.974448 54.687592
 4.900000 -2.700598 2.975769 57.526929
 4.920000 -2.850890 2.840681 57.021357
 4.940000 -2.837722 2.958618 55.382256
 4.960000 -2.773825 2.813063 58.677827
 4.980000 -2.946941 2.833248 55.889834
 5.000000 -2.788086 2.848594 57.905081
 5.020000 -2.655384 2.757289 61.623121
 5.040000 -2.743965 2.716142 60.541503
 5.060000 -2.516874 2.831860 63.586930
 5.080000 -2.651417 2.655669 62.884900
 5.100000 -2.604613 2.937251 60.162652
 5.120000 -2.581263 2.886428 61.428109
 5.140000 -2.696491 2.773785 60.629487
 5.160000 -2.794956 2.955146 56.129713
 5.180000 -2.875823 2.931183 55.270807
 5.200000 -2.962337 3.043052 52.358406
 5.220000 -2.819071 3.066107 53.834286
 5.240000 -2.847104 3.039499 53.871543
 5.260000 -2.873357 3.023162 53.776842
 5.280000 -2.864445 3.111185 52.349807
 5.300000 -3.121352 3.019821 51.626899
 5.320000 -2.973561 3.030785 52.451135
 5.340000 -3.019361 3.136541 50.256378
 5.360000 -2.909052 3.121879 51.575679
 5.380000 -2.806018 -3.099193 51.880341
 5.400000 -2.681602 -3.000682 52.262724
 5.420000 -2.707503 -2.964785 51.067928
 5.440000 -2.527883 -2.926886 54.242147
 5.460000 -2.598333 -3.004062 54.114953
 5.480000 -2.597218 -2.923552 52.574423
 5.500000 -2.616517 -3.012168 53.866416
 5.520000 -2.728999 -3.085368 52.958454
 5.540000 -2.718444 3.091257 55.159188
 5.560000 -2.830743 2.936426 55.850436
 5.580000 -2.930656 3.032200 52.888268
 5.600000 -3.019480 3.076426 51.280763
 5.620000 -2.975828 3.069278 51.779150
 5.640000 -3.078423 3.048923 51.352574
 5.660000 -2.836215 -3.090060 51.247270
 5.680000 -2.817850 -3.002274 49.877333
 5.700000 -2.626858 -3.017189 53.736330
 5.720000 -2.429579 -2.959812 57.347591
 5.740000 -2.608650 -2.943427 52.704625
 5.760000 -2.652982 -3.027860 53.379948
 5.780000 -2.776160 -2.894845 48.572560
 5.800000 -2.866899 -2.966937 48.544843
 5.820000 -2.844087 -2.966691 48.841656
 5.840000 -2.725400 -2.842994 48.534826
 5.860000 -2.945991 -3.008616 48.414260
 5.880000 -2.712298 -2.851000 48.907996
 5.900000 -2.812302 -3.018808 50.269718
 5.920000 -2.823261 -3.075889 51.175702
 5.940000 -2.778390 -3.073078 51.841605
 5.960000 -2.900844 -3.029299 49.268621
 5.980000 -2.824356 3.106543 53.025091
 6.000000 -2.765989 3.122210 53.702501
 6.020000 -2.915090 3.029780 53.117151
 6.040000 -2.761046 -3.047653 51.658612
 6.060000 -2.681859 3.134341 55.093551
 6.080000 -2.860081 2.934816 55.436213
 6.100000 -2.612775 3.025671 58.534381
 6.120000 -2.969399 2.937656 54.012452
 6.140000 -2.988030 2.993604 52.923180
 6.160000 -3.076608 2.694982 56.707812
 6.180000 -3.075876 2.758116 55.787672
 6.200000 -2.945927 2.662090 58.428911
 6.220000 -2.821040 2.922151 56.230533
 6.240000 -2.882593 2.764724 57.720169
 6.260000 -2.636912 3.035168 57.841070
 6.280000 -2.414153 3.126368 61.598730
 6.300000 -2.483284 3.090427 60.466839
 6.320000 -2.262831 -3.003304 62.709070
 6.340000 -2.535558 -3.118965 57.814198
 6.360000 -2.607510 -2.918887 52.257902
 6.380000 -2.710509 -3.116774 53.913597
 6.400000 -2.947670 3.088368 51.733541
 6.420000 -3.073490 3.119081 50.221719
 6.440000 -3.040349 -3.087677 49.096052
 6.460000 3.120085 -3.107941 49.063873
 6.480000 -3.086516 -3.080308 48.751563
 6.500000 -2.973717 -2.955912 47.237686
 6.520000 -3.067081 -2.803983 44.354954
 6.540000 -2.818972 -2.782182 46.080907
 6.560000 -2.988485 -2.942212 46.892849
 6.580000 -2.824446 -2.729072 45.274798
 6.600000 -2.841908 -2.717122 44.901222
 6.620000 -2.735431 -2.795656 47.586218
 6.640000 -2.634621 -2.841338 50.244095
 6.660000 -2.505050 -2.558139 48.754641
 6.680000 -2.574665 -2.718225 49.463945
 6.700000 -2.475642 -2.838170 53.788410
 6.720000 -2.515791 -2.755469 51.351999
 6.740000 -2.782150 -2.910334 48.751948
 6.760000 -2.740383 -2.926029 49.744190
 6.780000 -3.088922 3.002024 52.049618
 6.800000 -3.095959 -3.129838 49.552059
 6.820000 -3.079762 3.003787 52.070909
 6.840000 -3.066903 2.949437 53.000485
 6.860000 -2.936373 2.840593 55.901774
 6.880000 -2.657414 2.966791 58.557031
 6.900000 -2.806682 2.942886 56.131139
 6.920000 -2.721072 2.905358 58.260412
 6.940000 -2.801095 2.951282 56.088508
 6.960000 -2.966045 2.976756 53.415669
 6.980000 -2.717817 -3.054330 52.578375
 7.000000 -2.921963 2.950086 54.356408
 7.020000 -2.749484 2.965609 56.764545
 7.040000 -2.701583 3.094387 55.434293
 7.060000 -2.785442 -3.135329 52.893576
 7.080000 -2.661322 3.057990 56.918870
 7.100000 -2.715247 3.031532 56.290301
 7.120000 -2.839867 -3.108324 51.533719
 7.140000 -2.773136 -2.907602 48.850012
 7.160000 -2.887660 -2.915670 47.382648
 7.180000 -2.961287 -3.017245 48.429174
 7.200000 -2.803200 -2.843087 47.256474
 7.220000 -2.898258 -2.765375 44.907422
 7.240000 -2.818963 -2.797062 46.300778
 7.260000 -2.645648 -2.975425 52.522009
 7.280000 -2.889106 -2.847815 46.227053
 7.300000 -2.790146 -2.754138 46.094118
 7.320000 -2.976235 -2.990126 47.818906
 7.340000 -3.115739 -2.900462 45.710064
 7.360000 -2.987276 -2.845565 45.325566
 7.380000 -3.022118 -3.025793 48.123412
 7.400000 -2.912073 -2.998227 48.575452
 7.420000 -2.717777 -2.906462 49.795213
 7.440000 -2.762047 -3.029685 51.302096
 7.460000 -2.539810 -3.086292 57.085068
 7.480000 -2.530296 -3.098378 57.547907
 7.500000 -2.524162 -3.025294 56.273766
 7.520000 -2.483905 -3.080667 58.358699
 7.540000 -2.630676 3.116750 56.506384
 7.560000 -2.639209 3.056883 57.409889
 7.580000 -2.752482 3.083003 54.665826
 7.600000 -2.825868 3.081808 53.447908
 7.620000 -2.859622 2.811285 57.340036
 7.640000 -2.839132 2.837998 57.231463
 7.660000 -2.933453 2.901823 54.989243
 7.680000 -2.911072 2.895059 55.370454
 7.700000 -2.969029 2.827808 55.724902
 7.720000 -2.957419 2.850109 55.514080
 7.740000 -2.887502 3.049994 53.121588
 7.760000 -2.911616 3.105527 51.836948
 7.780000 -2.804782 -3.129259 52.461859
 7.800000 -2.843520 3.093852 52.963469
 7.820000 -2.641348 -2.947433 52.074981
 7.840000 -2.653799 -2.937825 51.630388
 7.860000 -2.616644 -2.946073 52.580307
 7.880000 -2.704906 -2.900472 49.925026
 7.900000 -2.729652 -2.833700 48.303123
 7.920000 -2.882912 -2.732255 44.629036
 7.940000 -2.971307 -2.812486 44.940513
 7.960000 -3.018599 -2.886638 45.784870
 7.980000 -3.008161 -2.775041 44.189274
 8.000000 -2.832440 -2.732321 45.213802
 8.020000 -2.788429 -2.849928 47.598333
 8.040000 -2.700934 -2.780449 47.954228
 8.060000 -2.701685 -2.806732 48.358113
 8.080000 -2.747755 -2.883110 48.841916
 8.100000 -2.899747 -2.957089 47.974127
 8.120000 -2.885416 -2.956625 48.132036
 8.140000 -3.051762 3.100774 50.648755
 8.160000 -3.026259 3.115154 50.574263
 8.180000 -2.965757 3.112203 51.133978
 8.200000 -2.938459 2.938202 54.347675
 8.220000 -2.754182 3.001477 56.075439
 8.240000 -2.724172 2.857832 58.920438
 8.260000 -2.559209 3.048778 59.356924
 8.280000 -2.611857 2.976971 59.372409
 8.300000 -2.599939 2.970933 59.734487
 8.320000 -2.730855 2.878584 58.485814
 8.340000 -2.668843 2.981390 58.077961
 8.360000 -2.823920 2.898066 56.561830
 8.380000 -2.847694 2.815081 57.451723
 8.400000 -2.889063 2.759768 57.707012
 8.420000 -2.791138 2.804933 58.499446
 8.440000 -2.812109 2.886858 56.924652
 8.460000 -2.916831 2.746262 57.550233
 8.480000 -2.911024 2.804243 56.761617
 8.500000 -3.106510 2.954666 52.695698
 8.520000 -2.982731 3.100035 51.186434
 8.540000 -2.991112 2.961107 53.420366
 8.560000 -2.880342 3.100547 52.323208
 8.580000 -2.805225 3.107791 53.304817
 8.600000 -2.656182 -2.905448 50.970651
 8.620000 -2.744706 -2.998564 51.020987
 8.640000 -2.607494 -3.082475 55.431143
 8.660000 -2.591550 -2.798734 50.412152
 8.680000 -2.726403 -2.735697 46.842798
 8.700000 -2.710349 -2.796375 48.035854
 8.720000 -2.956545 -2.837024 45.419635
 8.740000 -2.892556 -2.569420 42.951381
 8.760000 -2.953284 -2.677045 43.359139
 8.780000 -2.922293 -2.669447 43.526606
 8.800000 -3.011086 -2.740936 43.736409
 8.820000 -2.897875 -2.650764 43.558954
 8.840000 -2.956287 -2.771874 44.481921
 8.860000 -2.837749 -2.838002 46.681384
 8.880000 -2.854194 -2.827646 46.309362
 8.900000 -2.926876 -2.808233 45.240790
 8.920000 -2.847284 -2.785622 45.762982
 8.940000 -2.899178 -2.862151 46.351152
 8.960000 -2.890320 -2.757311 44.879403
 8.980000 -2.824558 -2.884086 47.639991
 9.000000 -2.723040 -2.844347 48.599799
 9.020000 -2.736349 -2.949993 50.259265
 9.040000 -2.644545 -3.041607 53.826131
 9.060000 -2.761382 -3.085436 52.369318
 9.080000 -2.730139 -3.136476 53.906337
 9.100000 -2.709468 3.131372 54.594190
 9.120000 -2.850769 3.026846 54.036349
 9.140000 -2.734771 3.047449 55.633833
 9.160000 -2.855202 3.003161 54.375481
 9.180000 -2.848184 -3.091624 51.102468
 9.200000 -2.924178 3.083131 52.084845
 9.220000 -2.882047 -3.119990 51.164387
 9.240000 -2.999083 -3.100352 49.599149
 9.260000 -2.815397 -2.972859 49.369412
 9.280000 -2.937158 -3.101575 50.185159
 9.300000 -2.909104 -3.079308 50.087834
 9.320000 -2.873958 -3.017014 49.369315
 9.340000 -2.991476 -3.071656 49.149881
 9.360000 -2.822931 -2.938673 48.633028
 9.380000 -2.756884 -3.013654 51.089982
 9.400000 -2.784358 -2.994844 50.268659
 9.420000 -2.757131 -2.946451 49.828243
 9.440000 -2.806890 -2.988074 49.780907
 9.460000 -2.909518 -3.022229 49.040269
 9.480000 -2.862600 -3.131864 51.644266
 9.500000 -2.881802 -3.086027 50.542921
 9.520000 -2.937141 -3.141272 50.899530
 9.540000 -2.817474 3.053001 54.091280
 9.560000 -2.866037 3.018452 53.959685
 9.580000 -2.819251 3.045318 54.198051
 9.600000 -2.761759 3.067876 54.770565
 9.620000 -2.832824 -3.100838 51.498649
 9.640000 -2.717441 -3.125173 53.937442
 9.660000 -2.779177 3.073135 54.367083
 9.680000 -2.722857 -3.090537 53.174313
 9.700000 -2.903768 3.117291 51.721445
 9.720000 -2.955009 -3.051498 49.103155
 9.740000 -3.047224 3.139391 50.023127
 9.760000 -2.978749 -3.016684 48.271123
 9.780000 -2.967852 3.126092 50.870203
 9.800000 -2.891281 -2.970326 48.308104
 9.820000 -2.839752 -2.998175 49.480440
 9.840000 -2.722651 -2.941118 50.342361
 9.860000 -2.650530 -2.917930 51.321515
 9.880000 -2.700591 -3.015291 52.165238
 9.900000 -2.669259 -2.768685 48.354580
 9.920000 -2.804745 -2.940613 48.940929
 9.940000 -2.695652 -2.937313 50.779489
 9.960000 -2.706681 -2.990906 51.578854
 9.980000 -2.767521 -2.941770 49.564930
 10.000000 -2.850093 -2.992648 49.234257
 10.020000 -2.949496 -3.071170 49.511070
 10.040000 -2.883293 -3.026955 49.435817
 10.060000 -2.982461 3.134062 50.596209
 10.080000 -2.876410 -3.075869 50.424927
 10.100000 -2.999903 3.082494 51.336603
 10.120000 -2.824949 -3.002988 49.784542
 10.140000 -2.892877 3.126887 51.684803
 10.160000 -2.632063 -3.135236 55.891872
 10.180000 -2.750962 2.967464 56.706758
 10.200000 -2.547870 -3.126990 57.668573
 10.220000 -2.476295 2.968092 62.672516
 10.240000 -2.511211 2.889814 62.965168
 10.260000 -2.353032 2.869928 66.993795
 10.280000 -2.526076 2.860221 63.019518
 10.300000 -2.590637 2.905098 60.953046
 10.320000 -2.706773 2.658725 61.889887
 10.340000 -2.680492 2.831500 60.138714
 10.360000 -2.964749 2.706340 57.572318
 10.380000 -2.790781 2.787405 58.761309
 10.400000 -2.973143 2.781129 56.382182
 10.420000 -2.919852 2.769685 57.169145
 10.440000 -2.674584 2.944374 58.563362
 10.460000 -2.819313 2.922880 56.246383
 10.480000 -2.662312 -3.135979 55.257457
 10.500000 -2.766127 -2.987363 50.435507
 10.520000 -2.819564 -2.884263 47.714385
 10.540000 -2.844580 -2.882763 47.343940
 10.560000 -2.785646 -2.740134 45.966765
 10.580000 -2.997769 -2.760949 44.060265
 10.600000 -2.751268 -2.566726 44.597795
 10.620000 -2.906786 -2.763441 44.796833
 10.640000 -2.870452 -2.708150 44.463796
 10.660000 -2.747478 -2.521315 44.351871
 10.680000 -2.962448 -2.638656 42.927033
 10.700000 -2.786669 -2.675887 45.139401
 10.720000 -2.832795 -2.627320 44.029867
 10.740000 -2.855756 -2.613820 43.647858
 10.760000 -2.759891 -2.752999 46.540845
 10.780000 -2.715392 -2.708231 46.650133
 10.800000 -2.768941 -2.905061 48.873755
 10.820000 -2.637825 -2.973506 52.651706
 10.840000 -2.852124 -3.029577 49.890585
 10.860000 -2.876700 -3.093769 50.752057
 10.880000 -2.791531 3.049494 54.577240
 10.900000 -2.970218 2.801581 56.105701
 10.920000 -2.866549 2.894658 55.977248
 10.940000 -2.894977 2.861258 56.103822
 10.960000 -3.018821 2.808508 55.512416
 10.980000 -2.831721 2.704955 59.294987
 11.000000 -2.695191 2.743660 61.047452
 11.020000 -2.727158 2.785800 59.900219
 11.040000 -2.484240 2.962493 62.564337
 11.060000 -2.605337 2.918508 60.432114
 11.080000 -2.621268 2.821138 61.471403
 11.100000 -2.538647 2.910237 62.048471
 11.120000 -2.807444 2.859161 57.420021
 11.140000 -2.861861 2.952102 55.130510
 11.160000 -2.950032 2.865207 55.367042
 11.180000 -3.044060 2.906386 53.826652
 11.200000 -2.944440 2.946721 54.140421
 11.220000 -2.972152 3.016820 52.697383
 11.240000 -2.957022 3.125481 50.986415
 11.260000 -2.692618 -2.946836 51.015964
 11.280000 -2.642613 -3.034001 53.720167
 11.300000 -2.539733 -3.020199 55.796664
 11.320000 -2.642354 -2.828858 49.866397
 11.340000 -2.679186 -2.786183 48.443723
 11.360000 -2.656007 -2.808293 49.245870
 11.380000 -2.615169 -2.897283 51.680905
 11.400000 -2.717661 -2.812174 48.158851
 11.420000 -2.749974 -2.805013 47.487865
 11.440000 -2.867425 -2.900659 47.363063
 11.460000 -2.937731 -2.953539 47.512629
 11.480000 -2.951534 -2.878361 46.116086
 11.500000 -3.014924 -3.064432 48.849552
 11.520000 -2.952332 -3.040657 48.932549
 11.540000 -2.851706 -3.056738 50.402695
 11.560000 -2.852917 3.086463 52.958009
 11.580000 -2.829637 3.049180 53.967952
 11.600000 -2.831955 3.046566 53.977962
 11.620000 -2.768882 3.140714 53.309217
 11.640000 -2.667309 3.006352 57.690954
 11.660000 -2.703778 3.015481 56.794718
 11.680000 -2.718248 2.911972 58.211244
 11.700000 -2.771492 3.100049 54.013202
 11.720000 -2.770966 3.026430 55.340278
 11.740000 -2.851144 2.805853 57.541510
 11.760000 -2.819907 2.849176 57.363804
 11.780000 -2.988650 2.876794 54.772515
 11.800000 -2.963697 3.049185 52.240711
 11.820000 -3.050998 2.951835 53.072051
 11.840000 -2.963073 2.985647 53.302661
 11.860000 -2.854579 3.080536 53.039789
 11.880000 -2.750639 -2.960609 50.203787
 11.900000 -2.801080 -2.972077 49.575187
 11.920000 -2.743764 -2.869444 48.670605
 11.940000 -2.704869 -2.832948 48.735290
 11.960000 -2.729508 -2.810115 47.917499
 11.980000 -2.701299 -2.736160 47.282565
 12.000000 -2.944549 -2.854926 45.798026
 12.020000 -2.837299 -2.781079 45.821673
 12.040000 -2.985578 -2.970970 47.409572
 12.060000 -2.890649 -2.777934 45.159829
 12.080000 -2.956304 -2.905454 46.523056
 12.100000 -2.815557 -2.911529 48.253101
 12.120000 -2.846339 -2.958417 48.660235
 12.140000 -2.788943 -2.821868 47.127730
 12.160000 -2.946400 -3.061461 49.365637
 12.180000 -2.886743 -3.081645 50.400051
 12.200000 -2.865721 -3.110946 51.216293
 12.220000 -2.784941 -3.135853 52.911751
 12.240000 -2.735475 3.082539 54.990475
 12.260000 -2.832351 2.891627 56.529500
 12.280000 -2.691543 3.079816 55.901331
 12.300000 -2.700623 -3.109737 53.975073
 12.320000 -2.711306 3.024876 56.483606
 12.340000 -2.727494 2.948448 57.454668
 12.360000 -2.871004 3.079717 52.822054
 12.380000 -2.888040 -3.088432 50.508565
 12.400000 -2.904156 3.018614 53.444678
 12.420000 -2.977299 2.789539 56.211276
 12.440000 -2.963705 2.873625 55.084364
 12.460000 -2.885380 3.048271 53.179777
 12.480000 -2.994022 2.906537 54.259483
 12.500000 -2.834452 2.966432 55.304148
 12.520000 -2.875617 3.083749 52.686904
 12.540000 -2.751161 -2.898155 49.050695
 12.560000 -2.702022 -2.958142 51.047075
 12.580000 -2.737019 -2.866250 48.732231
 12.600000 -2.707294 -2.830949 48.657204
 12.620000 -2.760409 -2.866457 48.335128
 12.640000 -2.823545 -2.904261 48.008056
 12.660000 -2.818659 -3.042629 50.620428
 12.680000 -2.873484 -3.082597 50.587922
 12.700000 -2.870424 -3.071263 50.418464
 12.720000 -2.808533 -3.121771 52.262678
 12.740000 -2.825727 -3.078184 51.181468
 12.760000 -2.887550 -2.982242 48.566688
 12.780000 -2.805628 -2.984493 49.734064
 12.800000 -2.804083 -2.918570 48.553046
 12.820000 -2.929006 -2.806387 45.194560
 12.840000 -2.862252 -2.871056 46.920179
 12.860000 -2.927984 -2.940974 47.388870
 12.880000 -2.995497 -2.969081 47.306210
 12.900000 -2.791667 -2.962172 49.542704
 12.920000 -2.916484 -3.131227 50.947512
 12.940000 -2.812932 -3.118134 52.125537
 12.960000 -2.829239 -3.122531 51.956046
 12.980000 -2.774100 -2.853924 47.894380
 13.000000 -2.864999 -2.985742 48.910102
 13.020000 -2.769351 -2.940401 49.509008
 13.040000 -2.793766 -2.813182 46.916761
 13.060000 -2.691630 -2.666687 46.525468
 13.080000 -2.675369 -2.835213 49.327619
 13.100000 -2.728304 -2.809409 47.927115
 13.120000 -2.788893 -2.697141 45.360961
 13.140000 -2.951135 -2.901160 46.495498
 13.160000 -2.887870 -2.960509 48.172378
 13.180000 -3.021525 -3.021850 48.057949
 13.200000 -2.946518 -2.900107 46.518194
 13.220000 -2.968223 -2.849903 45.527379
 13.240000 -2.867529 -2.858950 46.654467
 13.260000 -2.871516 -2.862462 46.665281
 13.280000 -2.798345 -2.713935 45.436197
 13.300000 -2.887232 -2.845609 46.212108
 13.320000 -2.785784 -2.823885 47.209334
 13.340000 -2.942087 -2.959821 47.580910
 13.360000 -2.914534 -3.013844 48.831898
 13.380000 -2.830058 -2.990651 49.481102
 13.400000 -2.794993 -3.077293 51.646297
 13.420000 -2.617600 -3.067612 54.918281
 13.440000 -2.636321 -3.062625 54.410657
 13.460000 -2.580521 -2.992246 54.289203
 13.480000 -2.805723 -3.060921 51.164881
 13.500000 -2.764860 -2.997897 50.654810
 13.520000 -2.969045 3.103029 51.262356
 13.540000 -2.920184 -3.063684 49.677389
 13.560000 -2.860372 3.129314 52.077889
 13.580000 -2.901267 3.020818 53.444237
 13.600000 -2.732319 3.001196 56.487036
 13.620000 -2.856642 2.895881 56.100979
 13.640000 -2.834071 3.049874 53.887516
 13.660000 -2.985763 3.014021 52.610198
 13.680000 -2.951073 3.022377 52.825056
 13.700000 -3.042485 2.889560 54.095621
 13.720000 -2.981135 3.070648 51.705607
 13.740000 -2.919830 3.033488 52.995767
 13.760000 -2.793640 2.948473 56.261347
 13.780000 -2.801439 2.898912 56.916750
 13.800000 -2.640724 3.047918 57.535519
 13.820000 -2.646549 3.079703 56.842837
 13.840000 -2.597926 -3.113385 56.239450
 13.860000 -2.524208 -3.104282 57.810649
 13.880000 -2.656904 -3.067992 54.073235
 13.900000 -2.585340 -2.813945 50.810520
 13.920000 -2.750896 -2.789790 47.235100
 13.940000 -2.808460 -2.756137 45.856989
 13.960000 -2.842978 -2.773241 45.638607
 13.980000 -2.845510 -2.711762 44.791272
 14.000000 -2.866757 -2.817947 46.010070
 14.020000 -2.892242 -2.891948 46.921714
 14.040000 -2.916953 -2.760334 44.658527
 14.060000 -2.981849 -2.856423 45.530170
 14.080000 -2.974829 -2.899171 46.270674
 14.100000 -3.037814 -2.886421 45.687010
 14.120000 -2.890085 -2.691751 44.067195
 14.140000 -2.875208 -2.827910 46.066317
 14.160000 -2.670014 -2.748948 48.038608
 14.180000 -2.740389 -2.785232 47.340240
 14.200000 -2.669824 -2.739416 47.900207
 14.220000 -2.721835 -2.902595 49.650776
 14.240000 -2.594356 -3.096753 56.003504
 14.260000 -2.692960 3.064115 56.156326
 14.280000 -2.806487 3.057528 54.187486
 14.300000 -2.907052 2.836446 56.325141
 14.320000 -2.948124 2.780754 56.667304
 14.340000 -2.899114 2.829304 56.535073
 14.360000 -2.804859 2.882488 57.111833
 14.380000 -2.875114 2.862222 56.355255
 14.400000 -2.890597 2.834720 56.564515
 14.420000 -2.897452 2.902542 55.428232
 14.440000 -2.871108 2.933853 55.294201
 14.460000 -2.831045 2.804585 57.855839
 14.480000 -2.798337 2.838623 57.877490
 14.500000 -2.927692 2.865145 55.631030
 14.520000 -2.771903 3.047504 54.952291
 14.540000 -2.912990 2.869056 55.752310
 14.560000 -2.847837 3.022693 54.151053
 14.580000 -2.818430 -3.041056 50.594315
 14.600000 -2.813658 -2.881364 47.751219
 14.620000 -2.925092 -3.051416 49.400660
 14.640000 -2.743696 -2.905468 49.311826
 14.660000 -2.875401 -2.751285 44.958066
 14.680000 -2.795703 -2.728895 45.668490
 14.700000 -2.677943 -2.878970 50.049451
 14.720000 -2.797906 -2.931294 48.878679
 14.740000 -2.700460 -2.653000 46.214024
 14.760000 -2.827135 -2.881301 47.555321
 14.780000 -2.894583 -2.922719 47.426439
 14.800000 -2.793039 -2.666468 44.942414
 14.820000 -2.808503 -2.672595 44.799653
 14.840000 -2.861452 -2.921945 47.809798
 14.860000 -2.844808 -2.963804 48.779153
 14.880000 -2.961615 -2.827213 45.231245
 14.900000 -2.907397 -2.896045 46.827405
 14.920000 -2.854331 -3.137390 51.861631
 14.940000 -2.894093 3.045012 53.121526
 14.960000 -2.720825 -2.902209 49.662206
 14.980000 -2.733705 -3.119111 53.511264
 15.000000 -2.730116 3.102830 54.722329
 15.020000 -2.718764 3.137655 54.294896
 15.040000 -2.714439 -2.945551 50.576920
 15.060000 -2.842445 -3.048725 50.383873
 15.080000 -2.791372 3.119028 53.327531
 15.100000 -2.950969 3.048155 52.391050
 15.120000 -2.943651 -3.122958 50.503095
 15.140000 -3.035327 3.039529 51.776011
 15.160000 -3.081318 2.877136 54.004158
 15.180000 -2.969364 3.041648 52.310805
 15.200000 -2.759689 -3.137151 53.370798
 15.220000 -2.704572 -3.131712 54.313392
 15.240000 -2.611450 3.104503 57.158885
 15.260000 -2.638817 -2.905743 51.336639
 15.280000 -2.620820 -2.780527 49.492248
 15.300000 -2.588850 -2.872986 51.801817
 15.320000 -2.749598 -2.969479 50.387654
 15.340000 -2.818867 -2.808759 46.478614
 15.360000 -2.824343 -2.879278 47.559717
 15.380000 -2.838689 -3.008192 49.680721
 15.400000 -2.810753 -3.034023 50.579352
 15.420000 -2.791120 -2.890011 48.247414
 15.440000 -2.975889 -2.973715 47.532052
 15.460000 -2.937937 -3.122671 50.557435
 15.480000 -2.999651 -2.952306 46.989110
 15.500000 -3.065627 -2.959458 46.774727
 15.520000 -2.893496 -2.950295 47.924681
 15.540000 -2.909462 -3.073532 49.978201
 15.560000 -2.706351 -3.062543 52.958814
 15.580000 -2.671063 -3.022968 52.907900
 15.600000 -2.762171 -3.073803 52.135196
 15.620000 -2.686931 2.984745 57.651679
 15.640000 -2.678047 3.042076 56.852337
 15.660000 -2.715589 3.065267 55.685018
 15.680000 -2.769663 3.002753 55.773603
 15.700000 -2.972116 2.881910 54.865275
 15.720000 -2.982610 3.037788 52.246309
 15.740000 -2.897056 3.139451 51.404442
 15.760000 -2.938573 2.951838 54.126205
 15.780000 -2.762390 3.040955 55.238622
 15.800000 -2.701615 3.056920 56.111187
 15.820000 -2.654685 -2.992886 52.667994
 15.840000 -2.682696 -3.068159 53.540513
 15.860000 -2.665688 -3.041352 53.374643
 15.880000 -2.799437 -2.893877 48.185745
 15.900000 -2.764403 -2.733944 46.204397
 15.920000 -3.003878 -2.826064 44.929044
 15.940000 -2.961216 -2.813641 45.032219
 15.960000 -3.009096 -2.741286 43.750624
 15.980000 -2.953931 -2.677467 43.358854
 16.000000 -2.874588 -2.726088 44.639881
 16.020000 -2.772698 -2.779933 46.733183
 16.040000 -2.792356 -2.695461 45.290857
 16.060000 -2.699151 -2.465430 44.767589
 16.080000 -2.728288 -2.726914 46.688104
 16.100000 -2.679525 -2.506388 45.259510
 16.120000 -2.641742 -2.416394 45.432475
 16.140000 -2.725023 -2.492347 44.516711
 16.160000 -2.704789 -2.523155 44.979089
 16.180000 -2.764721 -2.497696 44.002907
 16.200000 -2.820257 -2.649910 44.403835
 16.220000 -2.865120 -2.866170 46.802848
 16.240000 -3.005293 -2.900529 46.086422
 16.260000 -3.026420 -3.082692 49.094436
 16.280000 -3.073408 3.043088 51.474047
 16.300000 -3.107475 2.935370 52.982861
 16.320000 -3.023402 2.938101 53.500266
 16.340000 -2.865215 2.921881 55.569152
 16.360000 -2.761344 2.925237 57.201875
 16.380000 -2.580561 2.871370 61.654424
 16.400000 -2.610338 2.784385 62.173698
 16.420000 -2.610821 2.850307 61.292952
 16.440000 -2.559624 2.778235 63.302197
 16.460000 -2.637743 2.675070 62.921136
 16.480000 -2.603123 2.630869 64.002911
 16.500000 -2.592707 2.662054 63.891816
 16.520000 -2.733221 2.723102 60.632812
 16.540000 -2.781915 2.723866 59.808332
 16.560000 -2.837355 2.705781 59.200448
 16.580000 -2.855200 2.996632 54.486199
 16.600000 -2.833252 2.973279 55.209343
 16.620000 -2.809459 3.078960 53.757928
 16.640000 -2.950148 -3.060809 49.317471
 16.660000 -2.869983 -2.977872 48.703617
 16.680000 -2.868195 -2.871150 46.849270
 16.700000 -2.914444 -2.827902 45.652681
 16.720000 -2.835288 -2.768131 45.662590
 16.740000 -2.831207 -2.592231 43.750492
 16.760000 -2.856403 -2.536894 43.115993
 16.780000 -2.696387 -2.501884 44.979199
 16.800000 -2.714465 -2.343573 44.435171
 16.820000 -2.636630 -2.316101 45.414184
 16.840000 -2.596003 -2.380639 46.001904
 16.860000 -2.766083 -2.523204 44.110200
 16.880000 -2.811545 -2.586935 43.945696
 16.900000 -2.840391 -2.568546 43.474207
 16.920000 -2.831014 -2.744120 45.388110
 16.940000 -2.741791 -2.794836 47.465449
 16.960000 -2.707759 -2.813634 48.360042
 16.980000 -2.854864 -2.845260 46.583501
 17.000000 -2.846949 -2.997611 49.368795
 17.020000 -2.981940 -2.972257 47.459523
 17.040000 -3.040812 -3.076929 48.906308
 17.060000 -2.838810 -3.068870 50.813191
 17.080000 -2.855763 -3.032490 49.894974
 17.100000 -2.744706 3.086606 54.743421
 17.120000 -2.729422 2.955217 57.308567
 17.140000 -2.852025 2.937153 55.516010
 17.160000 -2.842293 2.868453 56.731851
 17.180000 -2.789877 2.674013 60.349848
 17.200000 -2.790443 2.649806 60.656614
 17.220000 -2.689066 2.667455 62.088726
 17.240000 -2.622513 2.621659 63.749077
 17.260000 -2.678966 2.695030 61.941119
 17.280000 -2.682211 2.657021 62.329071
 17.300000 -2.639775 2.760243 61.889073
 17.320000 -2.687988 2.814085 60.238410
 17.340000 -2.702646 2.895200 58.772649
 17.360000 -2.780553 2.854696 57.944847
 17.380000 -2.802412 2.906668 56.779645
 17.400000 -2.826612 3.028096 54.382007
 17.420000 -2.763465 3.084001 54.448673
 17.440000 -2.905815 3.065541 52.614187
 17.460000 -2.861427 -3.032196 49.812913
 17.480000 -2.928426 -2.984576 48.155858
 17.500000 -2.973122 -3.024534 48.457717
 17.520000 -2.974024 -2.883529 46.020597
 17.540000 -2.945251 -2.738405 44.129170
 17.560000 -2.911434 -2.823892 45.620812
 17.580000 -2.835955 -2.798313 46.091190
 17.600000 -2.814789 -2.655786 44.534484
 17.620000 -2.825200 -2.712500 45.054099
 17.640000 -2.676206 -2.678819 46.946548
 17.660000 -2.615932 -2.739820 48.948470
 17.680000 -2.622984 -2.728911 48.643384
 17.700000 -2.697779 -2.765985 47.787977
 17.720000 -2.815941 -2.802049 46.418428
 17.740000 -2.935956 -2.874607 46.191788
 17.760000 -2.923915 -2.984739 48.205309
 17.780000 -2.943994 -3.018357 48.609038
 17.800000 -2.981202 3.024277 52.484670
 17.820000 -2.800223 3.141001 52.775903
 17.840000 -2.852008 3.031459 53.938596
 17.860000 -2.783571 2.933033 56.684725
 17.880000 -2.818942 2.955267 55.731149
 17.900000 -2.782822 3.106559 53.699952
 17.920000 -2.733473 3.034519 55.887279
 17.940000 -2.761338 2.948387 56.830738
 17.960000 -2.821934 2.849807 57.321718
 17.980000 -2.855929 2.947221 55.295926
 18.000000 -2.834158 2.893386 56.474492
 18.020000 -2.909482 2.701962 58.286954
 18.040000 -2.729319 2.963133 57.181165
 18.060000 -2.875945 2.815273 57.054081
 18.080000 -2.727744 3.119259 54.464578
 18.100000 -2.890926 3.077665 52.591027
 18.120000 -2.793912 -2.978245 49.803790
 18.140000 -2.837378 -2.957376 48.765709
 18.160000 -2.721035 -2.806903 48.014246
 18.180000 -2.862813 -2.900915 47.424571
 18.200000 -2.866463 -2.862035 46.718028
 18.220000 -2.940772 -2.803545 45.050473
 18.240000 -3.008517 -2.882119 45.768358
 18.260000 -2.926524 -2.816762 45.369795
 18.280000 -2.912634 -2.629783 43.230684
 18.300000 -2.837065 -2.626565 43.972211
 18.320000 -2.882824 -2.656079 43.757777
 18.340000 -2.884349 -2.523226 42.781149
 18.360000 -2.895614 -2.457553 42.509648
 18.380000 -2.793095 -2.577095 44.105321
 18.400000 -2.815606 -2.596911 43.974780
 18.420000 -2.787142 -2.589103 44.277126
 18.440000 -2.790142 -2.603184 44.354627
 18.460000 -2.897997 -2.765673 44.914129
 18.480000 -2.780083 -2.753154 46.230785
 18.500000 -2.851195 -2.822258 46.262222
 18.520000 -2.769385 -2.885943 48.525966
 18.540000 -2.942973 -2.984455 48.009550
 18.560000 -2.867093 -2.855147 46.597180
 18.580000 -3.086354 -3.089865 48.914473
 18.600000 -2.897625 3.135844 51.462699
 18.620000 -2.984477 3.117384 50.869783
 18.640000 -2.760295 3.033522 55.407805
 18.660000 -2.619616 2.939822 59.795696
 18.680000 -2.664509 2.883054 59.712153
 18.700000 -2.618080 2.732218 62.650620
 18.720000 -2.679188 2.830521 60.178077
 18.740000 -2.724544 2.670695 61.446899
 18.760000 -2.738658 2.570087 62.418940
 18.780000 -2.699302 2.538084 63.359937
 18.800000 -2.901798 2.559864 60.397056
 18.820000 -2.741190 2.618785 61.806877
 18.840000 -2.806069 2.542461 61.808743
 18.860000 -2.720959 2.560201 62.796255
 18.880000 -2.560836 2.733005 63.784205
 18.900000 -2.683109 2.726623 61.483332
 18.920000 -2.685439 2.914431 58.815621
 18.940000 -2.762951 2.974643 56.369472
 18.960000 -2.773395 3.061188 54.682615
 18.980000 -2.850729 3.099930 52.747954
 19.000000 -2.750306 -3.053700 51.963275
 19.020000 -2.945209 -3.058601 49.325545
 19.040000 -2.722906 -2.968424 50.848808
 19.060000 -2.970892 -2.994774 47.945033
 19.080000 -2.924721 -3.000782 48.485966
 19.100000 -2.956508 -2.981938 47.839843
 19.120000 -3.004823 -2.884009 45.820576
 19.140000 -3.024555 -2.965054 47.056567
 19.160000 -2.888132 -2.815886 45.739371
 19.180000 -3.053431 -2.916040 46.099770
 19.200000 -2.826623 -2.692393 44.792243
 19.220000 -2.763288 -2.674384 45.464194
 19.240000 -2.741928 -2.675839 45.809349
 19.260000 -2.588721 -2.651756 48.240705
 19.280000 -2.691728 -2.686226 46.767374
 19.300000 -2.759516 -2.649411 45.239510
 19.320000 -2.782320 -2.741761 46.038601
 19.340000 -2.901751 -2.791334 45.236627
 19.360000 -3.085461 -2.869963 45.279588
 19.380000 -2.909290 -2.877171 46.492512
 19.400000 -3.040775 -3.011888 47.775295
 19.420000 -2.858826 -3.054759 50.267806
 19.440000 -2.732722 -3.091248 53.000366
 19.460000 -2.872975 -3.089694 50.725983
 19.480000 -2.703230 -3.123182 54.178696
 19.500000 -2.739375 3.052911 55.449759
 19.520000 -2.887712 2.957345 54.683570
 19.540000 -2.787172 2.952369 56.309187
 19.560000 -2.901179 2.958301 54.488341
 19.580000 -2.911338 2.701030 58.277150
 19.600000 -2.780158 2.751123 59.458996
 19.620000 -2.819429 2.734800 59.060172
 19.640000 -2.767598 2.943033 56.805182
 19.660000 -2.761656 2.870820 58.037368
 19.680000 -2.788164 2.919404 56.822120
 19.700000 -2.732076 -3.138902 53.915056
 19.720000 -2.779362 -3.141508 53.111320
 19.740000 -2.821817 -3.103240 51.709866
 19.760000 -2.849485 -3.080166 50.870594
 19.780000 -2.892832 -3.014372 49.089491
 19.800000 -2.896479 -2.977532 48.376906
 19.820000 -2.826767 -2.874842 47.449032
 19.840000 -2.914304 -2.954369 47.765856
 19.860000 -2.852928 -2.716728 44.765622
 19.880000 -2.797404 -2.667374 44.891850
 19.900000 -2.894330 -2.611818 43.242672
 19.920000 -2.845669 -2.583523 43.519719
 19.940000 -2.856006 -2.487246 42.922297
 19.960000 -2.920584 -2.533144 42.520657
 19.980000 -2.898744 -2.612630 43.208687
 20.000000 -3.012358 -2.718844 43.465136
