#! FIELDS time phi psi metad.bias
#! SET min_phi -pi
#! SET max_phi pi
#! SET min_psi -pi
#! SET max_psi pi
 0.000000 3.141580 -3.141577 23.132810
 0.020000 -2.569288 2.596799 9.230186
 0.040000 -2.594243 2.573323 9.157734
 0.060000 -2.626220 2.509000 9.031067
 0.080000 -2.610434 2.536379 9.050221
 0.100000 -2.674898 2.536594 9.193874
 0.120000 -2.717469 2.595994 9.745843
 0.140000 -2.665209 2.522029 9.123952
 0.160000 -2.692274 2.593242 9.617715
 0.180000 -2.673068 2.621331 9.816137
 0.200000 -2.589800 2.722845 10.768304
 0.220000 -2.658422 2.701520 10.836072
 0.240000 -2.538341 2.738026 10.747467
 0.260000 -2.531396 2.741723 10.775081
 0.280000 -2.521544 2.721027 10.412139
 0.300000 -2.550756 2.605549 9.240986
 0.320000 -2.595283 2.552581 9.069710
 0.340000 -2.580219 2.519768 8.974534
 0.360000 -2.538671 2.460535 9.056889
 0.380000 -2.603809 2.374479 9.551318
 0.400000 -2.567279 2.431424 9.188921
 0.420000 -2.509109 2.533425 8.914624
 0.440000 -2.483042 2.610856 9.142488
 0.460000 -2.424949 2.582978 8.975213
 0.480000 -2.428460 2.662473 9.479920
 0.500000 -2.331663 2.834046 11.971646
 0.520000 -2.344451 2.759957 10.683191
 0.540000 -2.357083 2.653995 9.400395
 0.560000 -2.332085 2.672530 9.588443
 0.580000 -2.369807 2.733965 10.293109
 0.600000 -2.418246 2.689980 9.756690
 0.620000 -2.462413 2.610160 9.114026
 0.640000 -2.553893 2.608168 9.267271
 0.660000 -2.600646 2.612266 9.440454
 0.680000 -2.570443 2.677445 10.014421
 0.700000 -2.742140 2.480360 9.187777
 0.720000 -2.666762 2.570288 9.348532
 0.740000 -2.723058 2.544904 9.363384
 0.760000 -2.750114 2.482792 9.202485
 0.780000 -2.708699 2.405331 9.318708
 0.800000 -2.686909 2.496029 9.116688
 0.820000 -2.784603 2.533303 9.462865
 0.840000 -2.684155 2.579333 9.471213
 0.860000 -2.799492 2.508805 9.363904
 0.880000 -2.730730 2.532302 9.316642
 0.900000 -2.610732 2.657546 9.946251
 0.920000 -2.632059 2.634342 9.775314
 0.940000 -2.509288 2.551143 8.935437
 0.960000 -2.434146 2.562836 8.925662
 0.980000 -2.480305 2.604296 9.100566
 1.000000 -2.453302 2.741024 10.491936
 1.020000 -2.510704 2.649990 9.504635
 1.040000 -2.615527 2.658095 9.975191
 1.060000 -2.478756 2.735358 10.475103
 1.080000 -2.623625 2.757585 11.594182
 1.100000 -2.660897 2.677571 10.477103
 1.120000 -2.622483 2.646441 9.868410
 1.140000 -2.725096 2.662458 10.630493
 1.160000 -2.639265 2.702541 10.732575
 1.180000 -2.662173 2.603155 9.589139
 1.200000 -2.722464 2.585806 9.668276
 1.220000 -2.573401 2.672694 9.967091
 1.240000 -2.676880 2.711229 11.123528
 1.260000 -2.689420 2.506206 9.136158
 1.280000 -2.549720 2.537542 8.955822
 1.300000 -2.733379 2.511580 9.237896
 1.320000 -2.576679 2.576989 9.133744
 1.340000 -2.603901 2.386762 9.457624
 1.360000 -2.677167 2.430133 9.202682
 1.380000 -2.569171 2.539509 8.986236
 1.400000 -2.418853 2.679297 9.640092
 1.420000 -2.564156 2.642638 9.593629
 1.440000 -2.312778 2.669839 9.588689
 1.460000 -2.308740 2.776502 10.982017
 1.480000 -2.413816 2.781176 11.059381
 1.500000 -2.333343 2.784276 11.082713
 1.520000 -2.401343 2.595310 9.023502
 1.540000 -2.397777 2.837110 12.046582
 1.560000 -2.244375 2.709293 10.154234
 1.580000 -2.441829 2.576925 8.958096
 1.600000 -2.531007 2.483214 8.979659
 1.620000 -2.553967 2.634297 9.480208
 1.640000 -2.656573 2.702466 10.839785
 1.660000 -2.732545 2.447820 9.188435
 1.680000 -2.631567 2.583226 9.322646
 1.700000 -2.868051 2.528051 9.609942
 1.720000 -2.672183 2.656738 10.244786
 1.740000 -2.787290 2.565601 9.720718
 1.760000 -2.785295 2.523842 9.408797
 1.780000 -2.584620 2.669088 9.970626
 1.800000 -2.688835 2.756438 12.072831
 1.820000 -2.643200 2.569695 9.272251
 1.840000 -2.630650 2.687772 10.454871
 1.860000 -2.675252 2.769647 12.231966
 1.880000 -2.538681 2.721766 10.494893
 1.900000 -2.403994 2.627695 9.191749
 1.920000 -2.517232 2.541304 8.927260
 1.940000 -2.336790 2.676400 9.620795
 1.960000 -2.405184 2.538114 8.925379
 1.980000 -2.454897 2.478924 9.024225
 2.000000 -2.276925 2.372615 10.239241
 2.020000 -2.412255 2.506222 8.971122
 2.040000 -2.462166 2.605507 9.087743
 2.060000 -2.419908 2.482107 9.047804
 2.080000 -2.624094 2.555429 9.146655
 2.100000 -2.604942 2.489819 9.006508
 2.120000 -2.541068 2.770173 11.308267
 2.140000 -2.796832 2.508135 9.355837
 2.160000 -2.594224 2.669855 10.023280
 2.180000 -2.658922 2.599439 9.543476
 2.200000 -2.624557 2.712174 10.798450
 2.220000 -2.573980 2.649369 9.698940
 2.240000 -2.656941 2.540160 9.164047
 2.260000 -2.594057 2.743336 11.138702
 2.280000 -2.495626 2.766485 11.033853
 2.300000 -2.585290 2.671993 10.009953
 2.320000 -2.618124 2.606089 9.449791
 2.340000 -2.555245 2.835402 12.655957
 2.360000 -2.745231 2.734329 12.076385
 2.380000 -2.608270 2.671273 10.107717
 2.400000 -2.648309 2.460082 9.093857
 2.420000 -2.609230 2.618312 9.523715
 2.440000 -2.474364 2.619633 9.187046
 2.460000 -2.545683 2.528642 8.941356
 2.480000 -2.504430 2.394336 9.497217
 2.500000 -2.402727 2.424123 9.428693
 2.520000 -2.541043 2.528422 8.936638
 2.540000 -2.504410 2.402894 9.429072
 2.560000 -2.584235 2.461110 9.057047
 2.580000 -2.678640 2.448922 9.143617
 2.600000 -2.474009 2.598466 9.062559
 2.620000 -2.580098 2.377941 9.543797
 2.640000 -2.603418 2.485602 9.010113
 2.660000 -2.487051 2.625546 9.247682
 2.680000 -2.483730 2.637484 9.334975
 2.700000 -2.595597 2.632851 9.610488
 2.720000 -2.450127 2.522416 8.911764
 2.740000 -2.611419 2.536816 9.053258
 2.760000 -2.634110 2.648987 9.952246
 2.780000 -2.553502 2.630466 9.444232
 2.800000 -2.651550 2.546575 9.176874
 2.820000 -2.527246 2.748151 10.861214
 2.840000 -2.598434 2.717266 10.727077
 2.860000 -2.603187 2.747228 11.265105
 2.880000 -2.606768 2.680460 10.223419
 2.900000 -2.600046 2.715298 10.704746
 2.920000 -2.571502 2.687916 10.156476
 2.940000 -2.555873 2.585772 9.132129
 2.960000 -2.682556 2.616100 9.802466
 2.980000 -2.729413 2.469375 9.165931
 3.000000 -2.695432 2.619446 9.897602
 3.020000 -2.847828 2.360721 9.542440
 3.040000 -2.739925 2.525260 9.306376
 3.060000 -2.839699 2.425983 9.284541
 3.080000 -2.739017 2.745633 12.262024
 3.100000 -2.643966 2.639912 9.891391
 3.120000 -2.446625 2.567911 8.935694
 3.140000 -2.461916 2.692463 9.850402
 3.160000 -2.314342 2.740748 10.426106
 3.180000 -2.431577 2.677013 9.628372
 3.200000 -2.351278 2.648778 9.363360
 3.220000 -2.439232 2.695013 9.840656
 3.240000 -2.458416 2.507795 8.932326
 3.260000 -2.548245 2.637056 9.487978
 3.280000 -2.564144 2.470726 9.021179
 3.300000 -2.505511 2.551847 8.933450
 3.320000 -2.464159 2.528766 8.903312
 3.340000 -2.450569 2.535673 8.902845
 3.360000 -2.375374 2.531022 8.964744
 3.380000 -2.371695 2.581793 9.000454
 3.400000 -2.433073 2.590725 9.003195
 3.420000 -2.421901 2.567866 8.937274
 3.440000 -2.473527 2.689918 9.845235
 3.460000 -2.667108 2.785807 12.500843
 3.480000 -2.587006 2.924589 14.790301
 3.500000 -2.775301 2.816536 14.226476
 3.520000 -2.671750 2.798100 12.804202
 3.540000 -2.668852 2.771655 12.220341
 3.560000 -2.610057 2.739411 11.170217
 3.580000 -2.596185 2.599863 9.328557
 3.600000 -2.521489 2.560638 8.970360
 3.620000 -2.551610 2.544836 8.971370
 3.640000 -2.550295 2.566850 9.034291
 3.660000 -2.587273 2.436303 9.159712
 3.680000 -2.585569 2.450704 9.095591
 3.700000 -2.463812 2.490963 8.973942
 3.720000 -2.548473 2.472550 9.012835
 3.740000 -2.401169 2.448597 9.256955
 3.760000 -2.358914 2.525387 8.997523
 3.780000 -2.368637 2.549408 8.962241
 3.800000 -2.304866 2.534769 9.082580
 3.820000 -2.358404 2.607642 9.104403
 3.840000 -2.545919 2.510073 8.940315
 3.860000 -2.539170 2.654192 9.628188
 3.880000 -2.647715 2.890513 14.635493
 3.900000 -2.869771 2.723552 12.767661
 3.920000 -2.736351 2.659632 10.653459
 3.940000 -2.863200 2.743682 13.201986
 3.960000 -2.868996 2.712400 12.505748
 3.980000 -2.667448 2.731987 11.431234
 4.000000 -2.722299 2.634029 10.207795
 4.020000 -2.581579 2.585769 9.194048
 4.040000 -2.425075 2.685788 9.716395
 4.060000 -2.686505 2.466108 9.118586
 4.080000 -2.535014 2.487579 8.969107
 4.100000 -2.561368 2.383112 9.520519
 4.120000 -2.550476 2.499009 8.953715
 4.140000 -2.431010 2.436326 9.289079
 4.160000 -2.458702 2.318674 10.325591
 4.180000 -2.580533 2.366553 9.637156
 4.200000 -2.395384 2.524337 8.949447
 4.220000 -2.568836 2.506829 8.960266
 4.240000 -2.463022 2.506830 8.932413
 4.260000 -2.328722 2.735827 10.339640
 4.280000 -2.482936 2.819566 11.947946
 4.300000 -2.459157 2.814329 11.760408
 4.320000 -2.635919 2.769870 11.922044
 4.340000 -2.673276 2.828261 13.483954
 4.360000 -2.580528 2.936765 14.987273
 4.380000 -2.601080 2.764054 11.559784
 4.400000 -2.609285 2.610410 9.454820
 4.420000 -2.557190 2.689593 10.116349
 4.440000 -2.628811 2.629309 9.707898
 4.460000 -2.587556 2.532910 9.002240
 4.480000 -2.569835 2.538579 8.985406
 4.500000 -2.586372 2.486750 8.994575
 4.520000 -2.581408 2.542505 9.012826
 4.540000 -2.591151 2.451809 9.092156
 4.560000 -2.728898 2.339411 9.752447
 4.580000 -2.658612 2.382855 9.458300
 4.600000 -2.466387 2.514752 8.917105
 4.620000 -2.565523 2.505994 8.957794
 4.640000 -2.328349 2.547350 9.024840
 4.660000 -2.420297 2.643115 9.306810
 4.680000 -2.468809 2.850899 12.502020
 4.700000 -2.386892 2.749709 10.527047
 4.720000 -2.459333 2.791847 11.349515
 4.740000 -2.547726 2.768603 11.316030
 4.760000 -2.419493 2.811195 11.598635
 4.780000 -2.718083 2.713016 11.449328
 4.800000 -2.677779 2.629063 9.924687
 4.820000 -2.677348 2.602215 9.640981
 4.840000 -2.647060 2.606293 9.558519
 4.860000 -2.623218 2.620380 9.596105
 4.880000 -2.494547 2.561353 8.944231
 4.900000 -2.533144 2.573641 9.031430
 4.920000 -2.445330 2.680304 9.681578
 4.940000 -2.387460 2.571748 8.963687
 4.960000 -2.431594 2.518629 8.926709
 4.980000 -2.411606 2.612109 9.099368
 5.000000 -2.478231 2.467702 9.053540
 5.020000 -2.664352 2.461471 9.104138
 5.040000 -2.738950 2.332630 9.803405
 5.060000 -2.759905 2.369662 9.515526
 5.080000 -2.734475 2.533578 9.332823
 5.100000 -2.666631 2.438486 9.167670
 5.120000 -2.641134 2.472478 9.063755
 5.140000 -2.676084 2.468474 9.104600
 5.160000 -2.579791 2.622753 9.459930
 5.180000 -2.625079 2.469828 9.054892
 5.200000 -2.551523 2.600645 9.210239
 5.220000 -2.460986 2.622317 9.188698
 5.240000 -2.353917 2.788838 11.149333
 5.260000 -2.415414 2.709652 9.991046
 5.280000 -2.358473 2.848092 12.228241
 5.300000 -2.341903 2.822429 11.749147
 5.320000 -2.368341 3.003190 15.237668
 5.340000 -2.352960 2.902210 13.292660
 5.360000 -2.479648 2.626223 9.240792
 5.380000 -2.508482 2.747736 10.773693
 5.400000 -2.615770 2.555458 9.126668
 5.420000 -2.681106 2.448208 9.147217
 5.440000 -2.792646 2.301108 10.057160
 5.460000 -2.798666 2.470737 9.251729
 5.480000 -2.767374 2.304179 10.043742
 5.500000 -2.740476 2.460990 9.181499
 5.520000 -2.759478 2.367128 9.532104
 5.540000 -2.591678 2.395694 9.401305
 5.560000 -2.438553 2.593015 9.013729
 5.580000 -2.350125 2.478537 9.176726
 5.600000 -2.151076 2.631659 9.718068
 5.620000 -2.271918 2.639314 9.422180
 5.640000 -2.222725 2.928491 14.096625
 5.660000 -2.155429 2.832940 12.456489
 5.680000 -2.165509 2.826449 12.289060
 5.700000 -2.308552 2.859384 12.482574
 5.720000 -2.322600 2.981602 14.863396
 5.740000 -2.476558 2.759305 10.845328
 5.760000 -2.545206 2.707610 10.314615
 5.780000 -2.475859 2.604592 9.096911
 5.800000 -2.618456 2.554916 9.130780
 5.820000 -2.509317 2.663229 9.634502
 5.840000 -2.607218 2.380925 9.498981
 5.860000 -2.400352 2.561659 8.937700
 5.880000 -2.506588 2.498960 8.940932
 5.900000 -2.476288 2.490805 8.967792
 5.920000 -2.520192 2.432471 9.208423
 5.940000 -2.582922 2.619267 9.440043
 5.960000 -2.538066 2.469425 9.022990
 5.980000 -2.485252 2.452164 9.124249
 6.000000 -2.511521 2.379240 9.614477
 6.020000 -2.543587 2.368050 9.668098
 6.040000 -2.376947 2.512767 8.997621
 6.060000 -2.505261 2.509621 8.923056
 6.080000 -2.348943 2.588405 9.044376
 6.100000 -2.434664 2.565559 8.930518
 6.120000 -2.547270 2.699695 10.211773
 6.140000 -2.643228 2.714639 10.956708
 6.160000 -2.730977 2.665504 10.713437
 6.180000 -2.728917 2.690768 11.121921
 6.200000 -2.760167 2.755177 12.645134
 6.220000 -2.677804 2.764508 12.147292
 6.240000 -2.760896 2.673931 11.037421
 6.260000 -2.458644 2.931018 14.072169
 6.280000 -2.525620 2.808274 11.935381
 6.300000 -2.264766 2.828016 11.974078
 6.320000 -2.451343 2.760265 10.788789
 6.340000 -2.548731 2.716370 10.458649
 6.360000 -2.703422 2.552503 9.350389
 6.380000 -2.769638 2.535066 9.434694
 6.400000 -2.865882 2.282835 10.190528
 6.420000 -2.806345 2.159807 11.749839
 6.440000 -2.902384 2.140391 12.076715
 6.460000 -2.852849 2.108510 12.509011
 6.480000 -2.556906 2.067233 12.748082
 6.500000 -2.584294 2.223928 11.120148
 6.520000 -2.259834 2.281256 11.381089
 6.540000 -2.141792 2.349173 10.912480
 6.560000 -2.321508 2.439408 9.492055
 6.580000 -2.227126 2.541313 9.265713
 6.600000 -2.188847 2.616647 9.514855
 6.620000 -2.245179 2.694531 9.980435
 6.640000 -2.129991 2.788706 11.743497
 6.660000 -2.183074 2.823090 12.154213
 6.680000 -2.373727 2.819217 11.690014
 6.700000 -2.114856 2.805086 12.103970
 6.720000 -2.295019 2.645987 9.421258
 6.740000 -2.330682 2.655088 9.435559
 6.760000 -2.543073 2.650844 9.606141
 6.780000 -2.702080 2.533166 9.247356
 6.800000 -2.907556 2.539517 9.772372
 6.820000 -2.936506 2.383343 9.353034
 6.840000 -3.014821 2.396400 9.183029
 6.860000 -2.956614 2.492464 9.435716
 6.880000 -2.864807 2.581168 10.138710
 6.900000 -2.758199 2.585868 9.809956
 6.920000 -2.350325 2.619453 9.171194
 6.940000 -2.395979 2.772447 10.891775
 6.960000 -2.304365 2.847448 12.258338
 6.980000 -2.387795 2.779876 11.007791
 7.000000 -2.451620 2.758440 10.759983
 7.020000 -2.517755 2.631531 9.356578
 7.040000 -2.465188 2.618304 9.166930
 7.060000 -2.786846 2.579366 9.853204
 7.080000 -2.724860 2.449064 9.179996
 7.100000 -2.777075 2.411990 9.302942
 7.120000 -2.797173 2.417650 9.291108
 7.140000 -2.658203 2.314568 10.031336
 7.160000 -2.564282 2.457136 9.068470
 7.180000 -2.580757 2.584249 9.183098
 7.200000 -2.572728 2.669551 9.925497
 7.220000 -2.563910 2.550996 9.005329
 7.240000 -2.670553 2.572928 9.378442
 7.260000 -2.496317 2.717143 10.264819
 7.280000 -2.559698 2.611931 9.310407
 7.300000 -2.439054 2.716037 10.106595
 7.320000 -2.423576 2.562150 8.926897
 7.340000 -2.313579 2.516836 9.101002
 7.360000 -2.310168 2.548137 9.059303
 7.380000 -2.191842 2.461103 9.692850
 7.400000 -2.190870 2.477511 9.593049
 7.420000 -2.289996 2.516687 9.154666
 7.440000 -2.327601 2.577177 9.048986
 7.460000 -2.457075 2.528293 8.904601
 7.480000 -2.448489 2.601332 9.055844
 7.500000 -2.582921 2.466718 9.038739
 7.520000 -2.393549 2.594448 9.023592
 7.540000 -2.467277 2.549308 8.909020
 7.560000 -2.386824 2.713576 10.022373
 7.580000 -2.381518 2.552913 8.947738
 7.600000 -2.351644 2.676852 9.612057
 7.620000 -2.502042 2.618902 9.226314
 7.640000 -2.531689 2.499819 8.944060
 7.660000 -2.694031 2.515452 9.166609
 7.680000 -2.815545 2.570115 9.858159
 7.700000 -2.840975 2.543250 9.677683
 7.720000 -2.930781 2.452099 9.283666
 7.740000 -2.929098 2.541489 9.820130
 7.760000 -2.826831 2.429880 9.275051
 7.780000 -2.766746 2.520534 9.348572
 7.800000 -2.648433 2.540655 9.145475
 7.820000 -2.451719 2.638004 9.292519
 7.840000 -2.544381 2.673673 9.864335
 7.860000 -2.661340 2.631716 9.877850
 7.880000 -2.712230 2.722281 11.581111
 7.900000 -2.897814 2.624289 10.880931
 7.920000 -2.870919 2.710271 12.469399
 7.940000 -2.935936 2.731745 13.350245
 7.960000 -2.828923 2.687314 11.717268
 7.980000 -2.511185 2.726442 10.452515
 8.000000 -2.398670 2.757667 10.657887
 8.020000 -2.256951 2.593352 9.233692
 8.040000 -2.141939 2.710442 10.498476
 8.060000 -2.211901 2.680307 9.923646
 8.080000 -2.209883 2.594952 9.365036
 8.100000 -2.293714 2.667109 9.596209
 8.120000 -2.634785 2.462907 9.077408
 8.140000 -2.543129 2.642749 9.526006
 8.160000 -2.646933 2.441142 9.149404
 8.180000 -2.693042 2.421939 9.240536
 8.200000 -2.475741 2.384489 9.625597
 8.220000 -2.485309 2.400866 9.471539
 8.240000 -2.551975 2.507453 8.946296
 8.260000 -2.481633 2.495791 8.951811
 8.280000 -2.696774 2.351345 9.673666
 8.300000 -2.849555 2.482401 9.334795
 8.320000 -2.783677 2.577233 9.819750
 8.340000 -2.986500 2.612138 10.875107
 8.360000 -2.828763 2.784923 13.946450
 8.380000 -2.828887 2.667797 11.338960
 8.400000 -2.646700 2.907756 15.009894
 8.420000 -2.509740 2.836793 12.410240
 8.440000 -2.414775 2.940859 14.126818
 8.460000 -2.438792 2.872753 12.831738
 8.480000 -2.445100 2.875503 12.906367
 8.500000 -2.566912 2.604923 9.279159
 8.520000 -2.573541 2.597160 9.243883
 8.540000 -2.736004 2.530198 9.319867
 8.560000 -2.830585 2.455346 9.266173
 8.580000 -2.742238 2.483727 9.191656
 8.600000 -2.678734 2.357860 9.632372
 8.620000 -2.601440 2.410346 9.299915
 8.640000 -2.368985 2.389325 9.809307
 8.660000 -2.265142 2.471621 9.418211
 8.680000 -2.140792 2.622138 9.694703
 8.700000 -1.985619 2.505764 9.948227
 8.720000 -2.058278 2.619542 9.931093
 8.740000 -2.097047 2.609653 9.766788
 8.760000 -2.104647 2.634974 9.889148
 8.780000 -2.189680 2.673283 9.923940
 8.800000 -2.140563 2.666279 10.020656
 8.820000 -2.179603 2.606472 9.497054
 8.840000 -2.206672 2.680943 9.945926
 8.860000 -2.277636 2.622569 9.308033
 8.880000 -2.265440 2.625638 9.352510
 8.900000 -2.290264 2.456656 9.447185
 8.920000 -2.268140 2.585854 9.186567
 8.940000 -2.354211 2.560517 8.986087
 8.960000 -2.458564 2.494550 8.966083
 8.980000 -2.567902 2.574131 9.099844
 9.000000 -2.516518 2.516789 8.919514
 9.020000 -2.427902 2.592567 9.009624
 9.040000 -2.502507 2.543111 8.918298
 9.060000 -2.618223 2.659604 10.006573
 9.080000 -2.599002 2.602157 9.354438
 9.100000 -2.583371 2.649509 9.736757
 9.120000 -2.521506 2.488801 8.964419
 9.140000 -2.507414 2.531949 8.913015
 9.160000 -2.710782 2.537120 9.287946
 9.180000 -2.755711 2.572730 9.674823
 9.200000 -2.765206 2.509176 9.296608
 9.220000 -2.796212 2.543682 9.565430
 9.240000 -2.646832 2.585478 9.388259
 9.260000 -2.640512 2.621483 9.676695
 9.280000 -2.740319 2.722249 11.793444
 9.300000 -2.618384 2.730288 11.064114
 9.320000 -2.524115 2.834102 12.435455
 9.340000 -2.486808 2.689526 9.873251
 9.360000 -2.529222 2.741943 10.768782
 9.380000 -2.543483 2.713942 10.399157
 9.400000 -2.667927 2.703441 10.929588
 9.420000 -2.579552 2.563055 9.076427
 9.440000 -2.653879 2.429677 9.196872
 9.460000 -2.649352 2.584509 9.389690
 9.480000 -2.611075 2.647913 9.834453
 9.500000 -2.638179 2.581291 9.330453
 9.520000 -2.540775 2.450350 9.101218
 9.540000 -2.462880 2.589522 9.011729
 9.560000 -2.533626 2.611540 9.240894
 9.580000 -2.464700 2.637638 9.305960
 9.600000 -2.471864 2.677376 9.696957
 9.620000 -2.642532 2.501681 9.050955
 9.640000 -2.487012 2.651296 9.462499
 9.660000 -2.773030 2.564491 9.662613
 9.680000 -2.850627 2.489656 9.361795
 9.700000 -2.798627 2.555533 9.667699
 9.720000 -2.794778 2.696652 11.680021
 9.740000 -2.689836 2.644394 10.174290
 9.760000 -2.564027 2.581172 9.126063
 9.780000 -2.680422 2.578613 9.452660
 9.800000 -2.549145 2.686916 10.047926
 9.820000 -2.511296 2.603627 9.143596
 9.840000 -2.519406 2.455140 9.086685
 9.860000 -2.407014 2.631907 9.220138
 9.880000 -2.488496 2.558148 8.932559
 9.900000 -2.587999 2.709736 10.551845
 9.920000 -2.555391 2.529711 8.952899
 9.940000 -2.575178 2.590575 9.206196
 9.960000 -2.474447 2.725839 10.322397
 9.980000 -2.371048 2.705576 9.921210
 10.000000 -2.545271 2.537166 8.949946
 10.020000 -2.477107 2.465386 9.064994
 10.040000 -2.555857 2.511651 8.947240
 10.060000 -2.639854 2.440339 9.149629
 10.080000 -2.660857 2.480655 9.076049
 10.100000 -2.673799 2.425838 9.218714
 10.120000 -2.700706 2.675697 10.688345
 10.140000 -2.528872 2.654155 9.596050
 10.160000 -2.591690 2.577625 9.174095
 10.180000 -2.492531 2.643086 9.399495
 10.200000 -2.402607 2.860580 12.507444
 10.220000 -2.320298 2.831414 11.933189
 10.240000 -2.294428 2.673289 9.652010
 10.260000 -2.285801 2.642686 9.415716
 10.280000 -2.324575 2.743621 10.454880
 10.300000 -2.472306 2.710863 10.108409
 10.320000 -2.463522 2.573391 8.955155
 10.340000 -2.494010 2.653017 9.493760
 10.360000 -2.520444 2.476329 9.000820
 10.380000 -2.501788 2.518167 8.913505
 10.400000 -2.636823 2.258250 10.649095
 10.420000 -2.591690 2.278536 10.493750
 10.440000 -2.491159 2.354950 9.874585
 10.460000 -2.563156 2.373459 9.597771
 10.480000 -2.457250 2.430746 9.287851
 10.500000 -2.533718 2.407106 9.364731
 10.520000 -2.521311 2.590166 9.086729
 10.540000 -2.507431 2.683408 9.857344
 10.560000 -2.478436 2.613152 9.150443
 10.580000 -2.425789 2.766356 10.833048
 10.600000 -2.267528 2.847405 12.334803
 10.620000 -2.351330 2.726202 10.190888
 10.640000 -2.299015 2.722523 10.200220
 10.660000 -2.439756 2.624977 9.186948
 10.680000 -2.450311 2.582171 8.977056
 10.700000 -2.507307 2.666774 9.666937
 10.720000 -2.587554 2.568772 9.119166
 10.740000 -2.528244 2.635809 9.419525
 10.760000 -2.644986 2.797567 12.560604
 10.780000 -2.544347 2.699432 10.195973
 10.800000 -2.592926 2.746758 11.191899
 10.820000 -2.592024 2.600525 9.320540
 10.840000 -2.464951 2.764127 10.888858
 10.860000 -2.493965 2.696929 9.985317
 10.880000 -2.467353 2.577664 8.970531
 10.900000 -2.513374 2.610560 9.191026
 10.920000 -2.617450 2.520292 9.029867
 10.940000 -2.740253 2.527669 9.318385
 10.960000 -2.686330 2.615464 9.812470
 10.980000 -2.694508 2.416498 9.264162
 11.000000 -2.569275 2.543155 8.994220
 11.020000 -2.522860 2.553787 8.954577
 11.040000 -2.454222 2.353237 9.967174
 11.060000 -2.489546 2.368751 9.745143
 11.080000 -2.477413 2.480599 9.001348
 11.100000 -2.400591 2.516190 8.959044
 11.120000 -2.406962 2.674973 9.587121
 11.140000 -2.438263 2.698755 9.884361
 11.160000 -2.456659 2.688687 9.795346
 11.180000 -2.363959 2.783919 11.065702
 11.200000 -2.574312 2.748188 11.105545
 11.220000 -2.399559 2.735785 10.330898
 11.240000 -2.374036 2.764169 10.745159
 11.260000 -2.487691 2.765769 10.991538
 11.280000 -2.402191 2.706405 9.939196
 11.300000 -2.634190 2.580739 9.314189
 11.320000 -2.684162 2.620361 9.855957
 11.340000 -2.730423 2.555618 9.453369
 11.360000 -2.754023 2.548566 9.477812
 11.380000 -2.883870 2.590325 10.314747
 11.400000 -2.782690 2.446296 9.230857
 11.420000 -2.844126 2.455152 9.274981
 11.440000 -2.694867 2.438463 9.183017
 11.460000 -2.629578 2.393867 9.395055
 11.480000 -2.565755 2.498964 8.963603
 11.500000 -2.487032 2.584350 9.011848
 11.520000 -2.464253 2.676860 9.676062
 11.540000 -2.449530 2.569404 8.939676
 11.560000 -2.441203 2.646744 9.352022
 11.580000 -2.438076 2.620415 9.156187
 11.600000 -2.499255 2.618693 9.219737
 11.620000 -2.470123 2.503411 8.937190
 11.640000 -2.549818 2.583793 9.108744
 11.660000 -2.536608 2.429751 9.213129
 11.680000 -2.537160 2.451778 9.095671
 11.700000 -2.624219 2.406107 9.318776
 11.720000 -2.635408 2.419679 9.241204
 11.740000 -2.603351 2.612073 9.448163
 11.760000 -2.691048 2.596351 9.641286
 11.780000 -2.586315 2.726680 10.811207
 11.800000 -2.585285 2.670526 9.991479
 11.820000 -2.629023 2.746837 11.431246
 11.840000 -2.537717 2.831809 12.469996
 11.860000 -2.556839 2.739489 10.862594
 11.880000 -2.473848 2.765939 10.946498
 11.900000 -2.367063 2.877608 12.805892
 11.920000 -2.517605 2.734512 10.600906
 11.940000 -2.592123 2.682323 10.176727
 11.960000 -2.804199 2.537935 9.544490
 11.980000 -2.869709 2.464853 9.303719
 12.000000 -2.807088 2.543029 9.590018
 12.020000 -2.804060 2.379156 9.450550
 12.040000 -2.696806 2.461994 9.134455
 12.060000 -2.549847 2.440749 9.145392
 12.080000 -2.446133 2.401885 9.527098
 12.100000 -2.437917 2.389098 9.654549
 12.120000 -2.156081 2.431515 10.019581
 12.140000 -2.174624 2.531504 9.431872
 12.160000 -2.040754 2.637890 10.101328
 12.180000 -2.092725 2.624763 9.860937
 12.200000 -2.062233 2.510209 9.790000
 12.220000 -2.066978 2.642121 10.057689
 12.240000 -1.879171 2.586269 10.025111
 12.260000 -1.755152 2.639939 10.144418
 12.280000 -1.740996 2.561537 9.647167
 12.300000 -1.633010 2.493481 9.105770
 12.320000 -1.776612 2.552161 9.750694
 12.340000 -1.639771 2.292902 10.713027
 12.360000 -1.640480 2.416398 9.535797
 12.380000 -1.535870 2.335106 9.406184
 12.400000 -1.585571 2.560513 8.807798
 12.420000 -1.610234 2.503517 8.940187
 12.440000 -1.477277 2.517001 8.005502
 12.460000 -1.434391 2.400448 8.085858
 12.480000 -1.105939 2.470546 6.831724
 12.500000 -1.250524 2.408750 7.053860
 12.520000 -0.984525 2.448007 7.519732
 12.540000 -1.045943 2.403519 7.367984
 12.560000 -1.041677 2.350356 7.688648
 12.580000 -1.009343 2.425650 7.469678
 12.600000 -1.122699 2.415553 7.007172
 12.620000 -1.246210 2.508138 6.758698
 12.640000 -1.237198 2.424383 6.957247
 12.660000 -1.321583 2.436903 7.206406
 12.680000 -1.434593 2.361593 8.339870
 12.700000 -1.267139 2.255290 8.017457
 12.720000 -1.432351 2.210174 9.583860
 12.740000 -1.372986 2.205583 9.076179
 12.760000 -1.352705 2.252710 8.538141
 12.780000 -1.433472 2.248673 9.254952
 12.800000 -1.320574 2.167801 8.960627
 12.820000 -1.404991 2.148928 9.833844
 12.840000 -1.368782 2.298987 8.300954
 12.860000 -1.367856 2.283113 8.415219
 12.880000 -1.079908 2.310143 7.723765
 12.900000 -1.191490 2.194929 8.231653
 12.920000 -1.061257 2.245309 8.216372
 12.940000 -1.031544 2.323379 7.912374
 12.960000 -1.114315 2.278315 7.783826
 12.980000 -0.964428 2.415662 7.847617
 13.000000 -1.301049 2.454382 7.054144
 13.020000 -1.305857 2.512637 6.966192
 13.040000 -1.423540 2.451701 7.763404
 13.060000 -1.377558 2.516626 7.341557
 13.080000 -1.572992 2.574230 8.767875
 13.100000 -1.398550 2.651054 7.991676
 13.120000 -1.518193 2.492733 8.322273
 13.140000 -1.526246 2.624891 8.726253
 13.160000 -1.326317 2.546026 7.073780
 13.180000 -1.525122 2.719896 9.741275
 13.200000 -1.424979 2.747452 9.284343
 13.220000 -1.342284 2.748732 8.598105
 13.240000 -1.369828 2.817397 9.832597
 13.260000 -1.362268 2.751193 8.795075
 13.280000 -1.381504 2.778137 9.340178
 13.300000 -1.325588 2.646165 7.469123
 13.320000 -1.319194 2.638862 7.382940
 13.340000 -1.081767 2.434596 7.051548
 13.360000 -1.363476 2.416289 7.522110
 13.380000 -1.115188 2.086046 9.038932
 13.400000 -1.277860 2.103379 9.160422
 13.420000 -1.205742 2.051573 9.243312
 13.440000 -1.184731 1.943885 9.965140
 13.460000 -1.254052 2.065564 9.304760
 13.480000 -1.301417 1.901637 10.620362
 13.500000 -1.293842 1.930374 10.406123
 13.520000 -1.120929 1.774495 11.266160
 13.540000 -1.280598 1.843570 10.850379
 13.560000 -0.924180 1.729268 12.622329
 13.580000 -1.068318 1.736478 11.753484
 13.600000 -1.106266 1.660351 12.104360
 13.620000 -1.165607 1.671212 11.836311
 13.640000 -1.448304 1.615193 12.305548
 13.660000 -1.284104 1.627783 11.940923
 13.680000 -1.316114 1.577545 12.150408
 13.700000 -1.352107 1.535776 12.288148
 13.720000 -1.517816 1.512969 12.416514
 13.740000 -1.375426 1.289494 13.175556
 13.760000 -1.595368 1.413850 12.239039
 13.780000 -1.303216 1.184786 14.098352
 13.800000 -1.358995 1.217945 13.641334
 13.820000 -1.402022 0.950770 15.014042
 13.840000 -1.359375 1.040025 14.719951
 13.860000 -1.370950 0.853408 15.527535
 13.880000 -1.304501 0.815991 15.773129
 13.900000 -1.298396 0.662832 15.726255
 13.920000 -1.259684 0.625381 15.621550
 13.940000 -1.351124 0.568521 15.414433
 13.960000 -1.125257 0.506285 14.885418
 13.980000 -1.332173 0.385955 14.322523
 14.000000 -1.258662 0.456749 14.827305
 14.020000 -1.138215 0.202653 12.969859
 14.040000 -1.382966 0.281544 13.272118
 14.060000 -1.099224 0.255007 13.286199
 14.080000 -1.232974 0.116974 12.193475
 14.100000 -1.203188 0.130852 12.380402
 14.120000 -1.400825 0.104182 11.342627
 14.140000 -1.333255 -0.012973 10.661984
 14.160000 -1.430302 0.047535 10.593189
 14.180000 -1.254055 -0.040451 10.934652
 14.200000 -1.380180 -0.009178 10.398754
 14.220000 -1.540097 -0.138083 8.396645
 14.240000 -1.444382 0.027273 10.305984
 14.260000 -1.427191 -0.259168 8.567755
 14.280000 -1.475027 -0.075279 9.232415
 14.300000 -1.421145 -0.302438 8.451609
 14.320000 -1.447568 -0.197857 8.693488
 14.340000 -1.322365 -0.261163 9.283652
 14.360000 -1.326756 -0.215528 9.451909
 14.380000 -1.302834 -0.210354 9.651160
 14.400000 -1.400813 -0.161021 9.198585
 14.420000 -1.116674 -0.206426 11.015281
 14.440000 -1.319921 -0.110615 10.059756
 14.460000 -1.157414 -0.155191 10.931669
 14.480000 -1.340537 -0.095098 10.016419
 14.500000 -1.299200 -0.089659 10.331819
 14.520000 -1.376812 0.032625 10.786597
 14.540000 -1.407803 -0.073363 9.707074
 14.560000 -1.601963 0.133919 10.323173
 14.580000 -1.580763 0.059810 9.676354
 14.600000 -1.525084 0.124181 10.771614
 14.620000 -1.606110 0.014908 9.060891
 14.640000 -1.532035 0.184597 11.419379
 14.660000 -1.407974 -0.031965 10.026310
 14.680000 -1.537198 0.222101 11.823299
 14.700000 -1.106283 0.020222 11.947863
 14.720000 -1.140923 0.092059 12.250194
 14.740000 -1.047936 0.093703 12.389274
 14.760000 -1.037095 0.099829 12.421692
 14.780000 -0.897162 -0.047742 12.203794
 14.800000 -1.207605 0.066798 11.896341
 14.820000 -0.980667 -0.025126 12.108885
 14.840000 -1.268844 0.077657 11.742933
 14.860000 -1.334032 0.158752 12.217403
 14.880000 -1.421353 0.237300 12.659026
 14.900000 -1.521437 0.123096 10.784695
 14.920000 -1.601434 0.381750 13.138522
 14.940000 -1.664655 0.222334 10.866037
 14.960000 -1.745365 0.311047 11.204887
 14.980000 -1.808483 0.336858 10.930749
 15.000000 -1.763976 0.338066 11.334051
 15.020000 -1.692068 0.297396 11.511875
 15.040000 -1.795630 0.536058 12.663267
 15.060000 -1.701969 0.228901 10.636788
 15.080000 -1.783064 0.328960 11.069499
 15.100000 -1.725332 0.310653 11.374840
 15.120000 -1.597026 0.138162 10.408781
 15.140000 -1.485390 0.202284 11.926483
 15.160000 -1.429302 0.234427 12.590453
 15.180000 -1.264437 0.084146 11.814897
 15.200000 -1.316641 0.276831 13.405850
 15.220000 -1.254984 0.155768 12.453134
 15.240000 -1.222957 0.014381 11.466927
 15.260000 -1.198100 0.055909 11.854105
 15.280000 -1.106301 -0.059073 11.601533
 15.300000 -1.059532 -0.143768 11.549603
 15.320000 -1.063096 -0.162483 11.479619
 15.340000 -1.371648 -0.042897 10.181393
 15.360000 -1.276355 -0.198639 9.900989
 15.380000 -1.502758 0.078960 10.430195
 15.400000 -1.386136 -0.047652 10.047997
 15.420000 -1.146891 -0.029907 11.551638
 15.440000 -1.056193 -0.118263 11.635801
 15.460000 -0.981276 -0.035812 12.087215
 15.480000 -0.746507 -0.145854 12.343469
 15.500000 -0.919787 0.105850 12.388470
 15.520000 -0.962999 0.068755 12.330639
 15.540000 -1.049260 0.199280 12.901310
 15.560000 -1.340124 0.285024 13.430015
 15.580000 -1.539308 0.447483 14.125916
 15.600000 -1.554331 0.374378 13.386325
 15.620000 -1.923127 0.706809 11.634547
 15.640000 -1.970118 0.739481 11.062471
 15.660000 -2.101120 0.836045 9.408104
 15.680000 -2.074039 0.938059 9.043598
 15.700000 -2.136158 1.114259 7.803543
 15.720000 -2.139336 1.080388 7.844578
 15.740000 -2.258897 1.156013 7.055236
 15.760000 -2.191678 1.231482 7.537479
 15.780000 -2.182209 1.231153 7.598868
 15.800000 -2.244156 1.351637 8.022768
 15.820000 -2.129340 1.278882 8.231222
 15.840000 -2.299320 1.435291 8.685715
 15.860000 -2.268399 1.344995 7.853584
 15.880000 -2.428505 1.358328 7.991871
 15.900000 -2.478397 1.357596 8.324365
 15.920000 -2.566959 1.375768 9.491211
 15.940000 -2.533064 1.299364 8.598187
 15.960000 -2.457570 1.321001 7.914663
 15.980000 -2.262953 1.400468 8.425549
 16.000000 -2.189317 1.493222 9.997077
 16.020000 -2.138900 1.312366 8.382575
 16.040000 -2.135621 1.374461 8.957756
 16.060000 -2.285207 1.352872 7.861601
 16.080000 -2.097847 1.261200 8.397001
 16.100000 -2.079132 1.369882 9.365543
 16.120000 -2.040631 1.291930 9.077379
 16.140000 -1.884039 1.266439 10.353059
 16.160000 -1.886504 1.289313 10.415806
 16.180000 -1.999681 1.092700 9.142416
 16.200000 -1.873701 0.962934 11.100945
 16.220000 -1.766506 0.835955 12.953288
 16.240000 -1.705218 0.769938 13.795047
 16.260000 -1.398400 0.714125 15.657157
 16.280000 -1.273577 0.559221 15.381515
 16.300000 -1.165851 0.508335 14.985632
 16.320000 -1.152328 0.456274 14.662725
 16.340000 -1.171400 0.379662 14.219814
 16.360000 -1.067083 0.350746 13.814554
 16.380000 -0.905485 0.251246 12.819343
 16.400000 -0.959685 0.158258 12.598251
 16.420000 -0.875140 0.332369 13.091219
 16.440000 -1.051285 0.245346 13.157045
 16.460000 -1.374028 0.204508 12.518674
 16.480000 -1.549087 0.304269 12.685194
 16.500000 -1.709159 0.308037 11.485562
 16.520000 -1.587797 0.177033 10.929836
 16.540000 -1.578671 0.305805 12.499760
 16.560000 -1.406451 0.030206 10.580573
 16.580000 -1.590900 0.174111 10.872325
 16.600000 -1.488723 0.092357 10.668766
 16.620000 -1.487221 -0.015875 9.620723
 16.640000 -1.478888 -0.106801 8.988804
 16.660000 -1.540616 -0.106945 8.574944
 16.680000 -1.417774 -0.337698 8.356125
 16.700000 -1.392552 -0.367709 8.410850
 16.720000 -1.534848 -0.336068 7.751958
 16.740000 -1.344772 -0.491961 8.224707
 16.760000 -1.568303 -0.347624 7.589433
 16.780000 -1.504636 -0.381227 7.791925
 16.800000 -1.383624 -0.452033 8.170823
 16.820000 -1.247634 -0.529447 8.647284
 16.840000 -1.479310 -0.222931 8.382056
 16.860000 -1.264506 -0.365074 9.297184
 16.880000 -1.459074 -0.168191 8.763753
 16.900000 -1.576038 -0.128551 8.220489
 16.920000 -1.414299 -0.091558 9.532998
 16.940000 -1.451197 -0.013472 9.889412
 16.960000 -1.343353 0.080574 11.419878
 16.980000 -1.096364 0.047105 12.102196
 17.000000 -1.124254 0.245762 13.252570
 17.020000 -1.212747 0.339868 13.990549
 17.040000 -1.082060 0.366407 13.948187
 17.060000 -0.967216 0.374091 13.652611
 17.080000 -1.112242 0.442924 14.490545
 17.100000 -1.189391 0.565565 15.314879
 17.120000 -1.415808 0.712237 15.612775
 17.140000 -1.326335 0.628630 15.633128
 17.160000 -1.474246 0.774589 15.349106
 17.180000 -1.474653 0.743794 15.395512
 17.200000 -1.520866 1.010362 14.021885
 17.220000 -1.343850 0.697845 15.746534
 17.240000 -1.400278 1.038317 14.534559
 17.260000 -1.193531 1.197143 14.471288
 17.280000 -1.227164 1.286342 13.812509
 17.300000 -1.209053 1.299296 13.809542
 17.320000 -1.258424 1.462065 12.749962
 17.340000 -1.368741 1.505897 12.368322
 17.360000 -1.037895 1.694096 12.200044
 17.380000 -1.174399 1.764909 11.205964
 17.400000 -1.125154 1.876059 10.514736
 17.420000 -1.236568 2.133284 8.758955
 17.440000 -1.304402 2.023496 9.880669
 17.460000 -1.236303 2.250566 7.941261
 17.480000 -1.076510 2.168940 8.628977
 17.500000 -1.179384 2.511556 6.650688
 17.520000 -1.391764 2.543256 7.444306
 17.540000 -1.275203 2.695257 7.551322
 17.560000 -1.430069 2.586986 7.816538
 17.580000 -1.194068 2.780329 7.917630
 17.600000 -1.285029 2.823010 9.122675
 17.620000 -1.331406 2.799816 9.202151
 17.640000 -1.343331 2.886412 10.691695
 17.660000 -1.290893 2.785452 8.656255
 17.680000 -1.301483 2.836682 9.472508
 17.700000 -1.278931 2.721737 7.822980
 17.720000 -1.205700 2.701006 7.245820
 17.740000 -1.331629 2.676099 7.739315
 17.760000 -1.151292 2.706095 7.091067
 17.780000 -1.334347 2.466373 7.175184
 17.800000 -1.222877 2.424238 6.931836
 17.820000 -1.368405 2.329683 8.073236
 17.840000 -1.419155 2.244709 9.157012
 17.860000 -1.181794 2.145856 8.558005
 17.880000 -1.259341 1.965189 10.009347
 17.900000 -1.153924 1.932968 10.048920
 17.920000 -1.371680 1.880197 11.225145
 17.940000 -1.222938 1.663766 11.779024
 17.960000 -1.419096 1.606553 12.220565
 17.980000 -1.135544 1.520074 12.849878
 18.000000 -1.131645 1.391827 13.585064
 18.020000 -1.263882 1.177512 14.312881
 18.040000 -1.342046 1.259494 13.480889
 18.060000 -1.253191 0.861428 15.788025
 18.080000 -1.287170 0.944560 15.467780
 18.100000 -1.481498 0.726701 15.382884
 18.120000 -1.454044 0.690117 15.490679
 18.140000 -1.399328 0.595235 15.449126
 18.160000 -1.378210 0.575813 15.413466
 18.180000 -1.369066 0.466030 14.856488
 18.200000 -1.319672 0.405830 14.485907
 18.220000 -1.365236 0.326232 13.753405
 18.240000 -1.318139 0.218577 12.852884
 18.260000 -1.058373 0.143880 12.621550
 18.280000 -1.222023 0.055611 11.761682
 18.300000 -1.085622 -0.008204 11.887117
 18.320000 -1.133563 -0.100317 11.298819
 18.340000 -1.361599 -0.012167 10.492364
 18.360000 -1.350864 -0.143595 9.647366
 18.380000 -1.308372 -0.143794 9.947320
 18.400000 -1.408754 -0.134637 9.294276
 18.420000 -1.373651 -0.127330 9.583136
 18.440000 -1.340843 -0.076277 10.141229
 18.460000 -1.361399 -0.243071 9.079315
 18.480000 -1.393199 -0.203754 9.032960
 18.500000 -1.491420 -0.234908 8.262375
 18.520000 -1.542939 -0.117413 8.495867
 18.540000 -1.323263 -0.247157 9.336427
 18.560000 -1.140335 -0.191090 10.907547
 18.580000 -1.189784 -0.149392 10.743027
 18.600000 -1.185099 -0.133189 10.846953
 18.620000 -1.158887 -0.033480 11.478761
 18.640000 -1.223290 -0.066532 10.953605
 18.660000 -1.103774 -0.030312 11.730253
 18.680000 -1.390153 0.025757 10.642073
 18.700000 -1.260991 0.057045 11.609012
 18.720000 -1.230571 0.084471 11.945996
 18.740000 -1.288000 -0.010397 10.949606
 18.760000 -1.380027 0.079154 11.208339
 18.780000 -1.556218 0.056250 9.817190
 18.800000 -1.372703 0.029872 10.786549
 18.820000 -1.318316 0.057862 11.342006
 18.840000 -1.176894 0.046796 11.868531
 18.860000 -1.203085 -0.014984 11.371409
 18.880000 -1.022908 -0.028694 12.002884
 18.900000 -1.122512 -0.018763 11.708020
 18.920000 -1.137733 -0.115696 11.212613
 18.940000 -1.033667 -0.087881 11.813351
 18.960000 -1.271639 -0.065241 10.666868
 18.980000 -1.130465 -0.134489 11.181279
 19.000000 -1.227039 -0.001096 11.342686
 19.020000 -1.220426 0.011411 11.458606
 19.040000 -1.338438 -0.008682 10.664763
 19.060000 -1.391170 0.069070 11.045575
 19.080000 -1.439272 0.113886 11.218909
 19.100000 -1.495097 0.125826 10.993616
 19.120000 -1.342975 0.184113 12.433751
 19.140000 -1.555726 0.183720 11.243189
 19.160000 -1.576723 0.179165 11.036971
 19.180000 -1.569705 0.200251 11.337266
 19.200000 -1.667563 0.207786 10.671056
 19.220000 -1.518194 0.128577 10.868814
 19.240000 -1.496598 0.230812 12.185470
 19.260000 -1.251981 0.125996 12.209005
 19.280000 -0.964994 0.099973 12.416327
 19.300000 -0.936921 0.201466 12.709758
 19.320000 -1.010126 0.181881 12.768525
 19.340000 -1.039485 0.216499 12.980233
 19.360000 -1.120394 0.200646 12.955804
 19.380000 -1.261553 0.360595 14.164559
 19.400000 -1.266115 0.435431 14.696476
 19.420000 -1.479517 0.543271 15.017290
 19.440000 -1.518906 0.611899 15.109437
 19.460000 -1.522653 0.584015 15.004371
 19.480000 -1.735161 0.735492 13.589916
 19.500000 -1.672846 0.773082 14.073258
 19.520000 -1.616674 0.816310 14.383708
 19.540000 -1.651286 0.902926 13.700286
 19.560000 -1.499900 1.106360 13.555734
 19.580000 -1.325862 1.131800 14.322223
 19.600000 -1.548349 1.249609 12.556777
 19.620000 -1.334439 1.228541 13.692530
 19.640000 -1.315949 1.307664 13.328197
 19.660000 -1.179754 1.401044 13.348013
 19.680000 -1.045383 1.500422 13.329420
 19.700000 -1.064069 1.539319 13.034277
 19.720000 -1.226726 1.722671 11.436321
 19.740000 -1.224040 1.778832 11.097018
 19.760000 -1.281184 1.889013 10.588771
 19.780000 -1.362325 1.999215 10.498235
 19.800000 -1.124968 2.011294 9.535782
 19.820000 -1.383265 2.220092 9.045169
 19.840000 -1.272570 2.126694 8.964628
 19.860000 -1.185303 2.250230 7.861145
 19.880000 -1.205839 2.246008 7.907361
 19.900000 -1.235364 2.519715 6.721967
 19.920000 -1.251627 2.495772 6.789334
 19.940000 -1.396458 2.760626 9.220521
 19.960000 -1.455884 2.759120 9.727642
 19.980000 -1.308119 2.815168 9.215324
 20.000000 -1.472722 2.966991 13.628457
