#! FIELDS time phi psi metad.bias
#! SET min_phi -pi
#! SET max_phi pi
#! SET min_psi -pi
#! SET max_psi pi
 0.000000 3.141580 -3.141577 28.305551
 0.020000 -2.464825 2.409790 9.993462
 0.040000 -2.461420 2.451594 10.464771
 0.060000 -2.459856 2.470929 10.690742
 0.080000 -2.445698 2.526478 11.330075
 0.100000 -2.484700 2.536856 11.624399
 0.120000 -2.498822 2.573268 12.175616
 0.140000 -2.485933 2.615670 12.694312
 0.160000 -2.532815 2.616337 12.961547
 0.180000 -2.522275 2.618027 12.922023
 0.200000 -2.508328 2.588267 12.429343
 0.220000 -2.481208 2.622003 12.760220
 0.240000 -2.504275 2.609523 12.701735
 0.260000 -2.485645 2.546668 11.757273
 0.280000 -2.468818 2.510450 11.215583
 0.300000 -2.468306 2.492415 10.987606
 0.320000 -2.469671 2.419747 10.124800
 0.340000 -2.528586 2.333740 9.448989
 0.360000 -2.533603 2.356628 9.717447
 0.380000 -2.487046 2.293208 8.857085
 0.400000 -2.447323 2.278391 8.589265
 0.420000 -2.464421 2.191385 7.914458
 0.440000 -2.502221 2.225056 8.307370
 0.460000 -2.541387 2.145569 7.903303
 0.480000 -2.426964 2.189193 7.820861
 0.500000 -2.444199 2.203722 7.957530
 0.520000 -2.381090 2.184251 7.758867
 0.540000 -2.400248 2.265402 8.386698
 0.560000 -2.467722 2.124749 7.490343
 0.580000 -2.449768 2.215149 8.057884
 0.600000 -2.375605 2.186851 7.777599
 0.620000 -2.330053 2.219036 8.037851
 0.640000 -2.321867 2.290029 8.589083
 0.660000 -2.289846 2.221623 8.135310
 0.680000 -2.343564 2.306894 8.723791
 0.700000 -2.263099 2.317159 8.890931
 0.720000 -2.326739 2.295922 8.635026
 0.740000 -2.333511 2.391882 9.533081
 0.760000 -2.394368 2.446295 10.204439
 0.780000 -2.475388 2.483910 10.911740
 0.800000 -2.524040 2.495234 11.289532
 0.820000 -2.538558 2.446015 10.764042
 0.840000 -2.493433 2.580163 12.242248
 0.860000 -2.510719 2.572752 12.230564
 0.880000 -2.485817 2.589288 12.329651
 0.900000 -2.515062 2.505074 11.365884
 0.920000 -2.501279 2.549004 11.864071
 0.940000 -2.549725 2.546157 12.101315
 0.960000 -2.621523 2.496923 11.956615
 0.980000 -2.642151 2.461795 11.666986
 1.000000 -2.659723 2.460080 11.785791
 1.020000 -2.663623 2.394610 11.027164
 1.040000 -2.605027 2.382803 10.450946
 1.060000 -2.661004 2.382298 10.865505
 1.080000 -2.587423 2.277213 9.231330
 1.100000 -2.440580 2.447824 10.346740
 1.120000 -2.551543 2.324242 9.476308
 1.140000 -2.420278 2.382635 9.558196
 1.160000 -2.427909 2.317579 8.911574
 1.180000 -2.448410 2.545171 11.581843
 1.200000 -2.331086 2.457205 10.234885
 1.220000 -2.394368 2.386874 9.548022
 1.240000 -2.412237 2.379976 9.511100
 1.260000 -2.303562 2.383304 9.444669
 1.280000 -2.333694 2.407555 9.695437
 1.300000 -2.373988 2.279343 8.487093
 1.320000 -2.312605 2.392723 9.537262
 1.340000 -2.455280 2.365958 9.480022
 1.360000 -2.425689 2.388325 9.633009
 1.380000 -2.591114 2.245642 8.965314
 1.400000 -2.643491 2.261675 9.486277
 1.420000 -2.607023 2.389156 10.536913
 1.440000 -2.435644 2.441398 10.256053
 1.460000 -2.476351 2.348922 9.374584
 1.480000 -2.276638 2.320979 8.900535
 1.500000 -2.266690 2.482720 10.488022
 1.520000 -2.263625 2.522847 10.949382
 1.540000 -2.262792 2.521424 10.932021
 1.560000 -2.332386 2.499207 10.724887
 1.580000 -2.289642 2.575285 11.621803
 1.600000 -2.377687 2.576677 11.785819
 1.620000 -2.450160 2.452150 10.430243
 1.640000 -2.608625 2.320738 9.806826
 1.660000 -2.519138 2.459492 10.820357
 1.680000 -2.567855 2.445051 10.929153
 1.700000 -2.574656 2.429233 10.783278
 1.720000 -2.618421 2.383109 10.550214
 1.740000 -2.711033 2.523446 13.070089
 1.760000 -2.634401 2.599790 13.482859
 1.780000 -2.668823 2.425112 11.428681
 1.800000 -2.572100 2.475493 11.330451
 1.820000 -2.632855 2.458444 11.552632
 1.840000 -2.594003 2.480057 11.537155
 1.860000 -2.762171 2.545410 13.867630
 1.880000 -2.633901 2.564356 12.969227
 1.900000 -2.551045 2.575354 12.504991
 1.920000 -2.393861 2.703249 13.583337
 1.940000 -2.336095 2.635571 12.497632
 1.960000 -2.283811 2.615977 12.148989
 1.980000 -2.278163 2.556724 11.373982
 2.000000 -2.282736 2.503579 10.732780
 2.020000 -2.100901 2.369097 9.650068
 2.040000 -2.202617 2.216059 8.408078
 2.060000 -2.261319 2.234695 8.298571
 2.080000 -2.362529 2.206756 7.919577
 2.100000 -2.387173 2.121595 7.392859
 2.120000 -2.322361 2.165007 7.715741
 2.140000 -2.250786 2.046433 7.538061
 2.160000 -2.185685 2.066429 7.968076
 2.180000 -2.336007 1.981737 7.069302
 2.200000 -2.274459 1.917795 7.322751
 2.220000 -2.281335 1.873835 7.343104
 2.240000 -2.206375 2.055130 7.813600
 2.260000 -2.334633 1.982019 7.073802
 2.280000 -2.410815 2.050721 7.096096
 2.300000 -2.609569 2.098468 8.067334
 2.320000 -2.635004 2.216364 9.028134
 2.340000 -2.558416 2.155480 8.060354
 2.360000 -2.692866 2.271414 9.970080
 2.380000 -2.563311 2.332648 9.633012
 2.400000 -2.499237 2.408957 10.126666
 2.420000 -2.421458 2.624231 12.553721
 2.440000 -2.402101 2.618056 12.408757
 2.460000 -2.376078 2.711551 13.652710
 2.480000 -2.500841 2.863713 16.257904
 2.500000 -2.550020 3.034597 18.146229
 2.520000 -2.595404 2.913296 17.706737
 2.540000 -2.748472 2.847103 18.947336
 2.560000 -2.605809 2.884768 17.481552
 2.580000 -2.681343 2.815586 17.430732
 2.600000 -2.657930 2.753241 16.121852
 2.620000 -2.589327 2.697171 14.558810
 2.640000 -2.502605 2.673601 13.605264
 2.660000 -2.455365 2.602202 12.373102
 2.680000 -2.414577 2.593127 12.105593
 2.700000 -2.529056 2.458834 10.865720
 2.720000 -2.506526 2.535581 11.714524
 2.740000 -2.527101 2.383965 9.982282
 2.760000 -2.511987 2.342125 9.454473
 2.780000 -2.469003 2.239602 8.309924
 2.800000 -2.464281 2.289570 8.742078
 2.820000 -2.397422 2.175883 7.704749
 2.840000 -2.316881 2.181818 7.824445
 2.860000 -2.186054 2.140538 8.167120
 2.880000 -2.202128 2.095364 7.933851
 2.900000 -2.318864 2.033552 7.208711
 2.920000 -2.442758 1.995749 6.984956
 2.940000 -2.498535 2.114129 7.528133
 2.960000 -2.426097 2.088994 7.245384
 2.980000 -2.476351 2.185789 7.908390
 3.000000 -2.519543 2.268239 8.762176
 3.020000 -2.508364 2.400817 10.077116
 3.040000 -2.428778 2.501767 10.961037
 3.060000 -2.337192 2.601700 12.037777
 3.080000 -2.307445 2.599721 11.964656
 3.100000 -2.374623 2.737654 14.018191
 3.120000 -2.511221 2.796253 15.432545
 3.140000 -2.603338 2.737605 15.304230
 3.160000 -2.694687 2.689961 15.492171
 3.180000 -2.733326 2.711135 16.310092
 3.200000 -2.674946 2.767126 16.551874
 3.220000 -2.687702 2.758535 16.565307
 3.240000 -2.674792 2.796465 17.033579
 3.260000 -2.543392 2.787159 15.533132
 3.280000 -2.419525 2.790934 14.896796
 3.300000 -2.485972 2.759176 14.754393
 3.320000 -2.494470 2.675369 13.586479
 3.340000 -2.629386 2.784764 16.304162
 3.360000 -2.700442 2.750909 16.594598
 3.380000 -2.751752 2.513405 13.300250
 3.400000 -2.775119 2.536689 13.857376
 3.420000 -2.816671 2.507716 13.795856
 3.440000 -2.617761 2.515206 12.168103
 3.460000 -2.557207 2.394454 10.270280
 3.480000 -2.403124 2.262701 8.366770
 3.500000 -2.265449 2.292996 8.695723
 3.520000 -2.397039 2.222939 8.039303
 3.540000 -2.548138 1.955339 7.331228
 3.560000 -2.714960 1.862189 9.118253
 3.580000 -2.620027 1.766689 8.520007
 3.600000 -2.522842 1.896587 7.250816
 3.620000 -2.483039 1.900012 7.076275
 3.640000 -2.524086 1.749971 7.783613
 3.660000 -2.449151 1.952386 6.957171
 3.680000 -2.268441 2.031677 7.417490
 3.700000 -2.153963 1.950210 8.107199
 3.720000 -2.067856 2.002736 8.785428
 3.740000 -2.202059 2.088705 7.916436
 3.760000 -2.189642 2.228528 8.528932
 3.780000 -2.215322 2.289238 8.797709
 3.800000 -2.272187 2.215773 8.147670
 3.820000 -2.244742 2.303021 8.817178
 3.840000 -2.291047 2.548993 11.289380
 3.860000 -2.287892 2.510590 10.818593
 3.880000 -2.228253 2.498127 10.652854
 3.900000 -2.070713 2.430785 10.103616
 3.920000 -2.223405 2.571105 11.504396
 3.940000 -2.189288 2.526791 10.959345
 3.960000 -2.399672 2.468960 10.481250
 3.980000 -2.465043 2.549800 11.707805
 4.000000 -2.296797 2.607940 12.059305
 4.020000 -2.421451 2.727028 14.009783
 4.040000 -2.511227 2.673043 13.646251
 4.060000 -2.550346 2.687447 14.110171
 4.080000 -2.545332 2.884216 16.853204
 4.100000 -2.625526 2.765373 15.958412
 4.120000 -2.387635 2.667085 13.053228
 4.140000 -2.676185 2.489619 12.303253
 4.160000 -2.556251 2.668973 13.878920
 4.180000 -2.690615 2.574448 13.620671
 4.200000 -2.709760 2.393215 11.388446
 4.220000 -2.636885 2.272811 9.539586
 4.240000 -2.558415 2.316903 9.441283
 4.260000 -2.587864 2.394593 10.466991
 4.280000 -2.520046 2.301055 9.076569
 4.300000 -2.465647 2.254578 8.428447
 4.320000 -2.365486 2.275526 8.451958
 4.340000 -2.167142 2.268966 8.840425
 4.360000 -2.326072 2.171215 7.742781
 4.380000 -2.309794 2.227819 8.131753
 4.400000 -2.200733 2.434789 10.010042
 4.420000 -2.148345 2.489669 10.560029
 4.440000 -1.999261 2.356348 9.818983
 4.460000 -2.112523 2.374541 9.658414
 4.480000 -2.229756 2.489709 10.560425
 4.500000 -2.190660 2.485528 10.517268
 4.520000 -2.110242 2.441682 10.149071
 4.540000 -1.997446 2.309252 9.670429
 4.560000 -1.908525 2.480945 10.322079
 4.580000 -2.032379 2.538274 10.904757
 4.600000 -2.152371 2.454074 10.224904
 4.620000 -2.129606 2.454104 10.238149
 4.640000 -2.102049 2.464764 10.340064
 4.660000 -2.038825 2.566159 11.164527
 4.680000 -2.093450 2.654336 12.268374
 4.700000 -2.219654 2.431191 9.960678
 4.720000 -2.253167 2.513028 10.828741
 4.740000 -2.110553 2.472582 10.404248
 4.760000 -2.220927 2.434288 9.989869
 4.780000 -2.207111 2.313558 8.990012
 4.800000 -2.325140 2.349787 9.117813
 4.820000 -2.413584 2.357331 9.277518
 4.840000 -2.488645 2.173986 7.864425
 4.860000 -2.533040 2.024510 7.326935
 4.880000 -2.645409 1.981494 8.073298
 4.900000 -2.559861 2.151913 8.045251
 4.920000 -2.644576 1.981593 8.065742
 4.940000 -2.640396 2.055587 8.142909
 4.960000 -2.631289 1.959777 7.952172
 4.980000 -2.706770 2.060834 8.760107
 5.000000 -2.592143 2.127807 8.099194
 5.020000 -2.554343 2.207999 8.421674
 5.040000 -2.484316 2.294631 8.860230
 5.060000 -2.331177 2.331797 8.949740
 5.080000 -2.307067 2.377408 9.386189
 5.100000 -2.396237 2.365015 9.323101
 5.120000 -2.291421 2.427251 9.891188
 5.140000 -2.376137 2.572874 11.731854
 5.160000 -2.259861 2.629567 12.298283
 5.180000 -2.131890 2.631066 12.096994
 5.200000 -2.127171 2.628268 12.051906
 5.220000 -2.130869 2.653571 12.370519
 5.240000 -2.056854 2.735755 13.102568
 5.260000 -1.962559 2.632187 11.503953
 5.280000 -1.931405 2.607031 11.147445
 5.300000 -1.703854 2.719643 10.602372
 5.320000 -1.857902 2.672070 11.259680
 5.340000 -1.725552 2.782671 11.177876
 5.360000 -1.675117 2.681008 10.238100
 5.380000 -1.578825 2.639572 9.742744
 5.400000 -1.547226 2.528199 9.652967
 5.420000 -1.453484 2.521006 9.627663
 5.440000 -1.424328 2.391321 10.196051
 5.460000 -1.332358 2.343097 10.588843
 5.480000 -1.143278 2.238127 11.618318
 5.500000 -1.302060 2.218534 11.490485
 5.520000 -1.159559 2.123125 12.470625
 5.540000 -1.328232 2.176100 11.710347
 5.560000 -1.249603 2.143189 12.097993
 5.580000 -1.220065 2.242982 11.457000
 5.600000 -1.185946 2.251359 11.447025
 5.620000 -1.128012 2.122648 12.558662
 5.640000 -1.070078 2.102532 12.863094
 5.660000 -0.815623 1.986946 14.274474
 5.680000 -1.011248 2.131528 12.760208
 5.700000 -0.830910 2.104985 13.210027
 5.720000 -1.063217 2.154895 12.456119
 5.740000 -1.336599 2.148054 11.852995
 5.760000 -1.573628 2.206770 11.016064
 5.780000 -1.677914 2.216825 10.724107
 5.800000 -1.764946 2.243051 10.408757
 5.820000 -1.794650 2.337882 10.148798
 5.840000 -1.862824 2.311414 10.049687
 5.860000 -2.156973 2.291421 9.007311
 5.880000 -2.117176 2.356373 9.529214
 5.900000 -2.200977 2.188793 8.282327
 5.920000 -2.337923 2.433614 9.978157
 5.940000 -2.360528 2.421854 9.873039
 5.960000 -2.506251 2.521584 11.531491
 5.980000 -2.582545 2.505889 11.788331
 6.000000 -2.768785 2.497717 13.231511
 6.020000 -2.720448 2.458542 12.278173
 6.040000 -2.884098 2.525381 14.613918
 6.060000 -2.670448 2.532723 12.837982
 6.080000 -2.683791 2.530551 12.925043
 6.100000 -2.339603 2.572154 11.649549
 6.120000 -2.418808 2.542674 11.449602
 6.140000 -2.399378 2.676945 13.225774
 6.160000 -2.366463 2.576953 11.764347
 6.180000 -2.460834 2.654986 13.133329
 6.200000 -2.396545 2.542307 11.382447
 6.220000 -2.421894 2.560487 11.691997
 6.240000 -2.539357 2.407389 10.314252
 6.260000 -2.620645 2.250812 9.217289
 6.280000 -2.506210 2.208311 8.188307
 6.300000 -2.712629 2.156009 9.235078
 6.320000 -2.502556 2.234839 8.390659
 6.340000 -2.560208 2.274214 9.033235
 6.360000 -2.596382 2.481351 11.570422
 6.380000 -2.554524 2.459962 11.027273
 6.400000 -2.583634 2.412968 10.650670
 6.420000 -2.573786 2.472002 11.297949
 6.440000 -2.538898 2.524213 11.745827
 6.460000 -2.483324 2.541025 11.672518
 6.480000 -2.401535 2.526945 11.199108
 6.500000 -2.366705 2.589820 11.936356
 6.520000 -2.399085 2.444285 10.191726
 6.540000 -2.319653 2.610907 12.132710
 6.560000 -2.396777 2.546456 11.436684
 6.580000 -2.368669 2.551162 11.431746
 6.600000 -2.385617 2.572665 11.751683
 6.620000 -2.543615 2.519691 11.715203
 6.640000 -2.574790 2.450794 11.043565
 6.660000 -2.667468 2.408525 11.220142
 6.680000 -2.728439 2.433297 12.027337
 6.700000 -2.650720 2.469658 11.834557
 6.720000 -2.558580 2.530353 11.948211
 6.740000 -2.455799 2.419987 10.076393
 6.760000 -2.364960 2.613965 12.258963
 6.780000 -2.366124 2.405276 9.700553
 6.800000 -2.391930 2.556462 11.554362
 6.820000 -2.390499 2.362996 9.293029
 6.840000 -2.490338 2.229277 8.296066
 6.860000 -2.519565 2.293969 9.005311
 6.880000 -2.608140 2.109989 8.113967
 6.900000 -2.683168 2.120828 8.777550
 6.920000 -2.658726 2.029711 8.239295
 6.940000 -2.598792 2.116063 8.079510
 6.960000 -2.484013 2.112452 7.469878
 6.980000 -2.379274 2.151518 7.557352
 7.000000 -2.380731 2.167451 7.650679
 7.020000 -2.320144 2.202701 7.945835
 7.040000 -2.299434 2.203153 7.994916
 7.060000 -2.370110 2.190080 7.801415
 7.080000 -2.364660 2.296269 8.631617
 7.100000 -2.322001 2.338406 9.012524
 7.120000 -2.385761 2.531915 11.223162
 7.140000 -2.410293 2.506537 10.966018
 7.160000 -2.368624 2.577965 11.782419
 7.180000 -2.460443 2.618254 12.615734
 7.200000 -2.425770 2.706826 13.736658
 7.220000 -2.499268 2.677584 13.644519
 7.240000 -2.466014 2.691751 13.682175
 7.260000 -2.499231 2.736568 14.502987
 7.280000 -2.433527 2.679479 13.373835
 7.300000 -2.593421 2.722111 14.975214
 7.320000 -2.569195 2.655518 13.774687
 7.340000 -2.551405 2.782659 15.530540
 7.360000 -2.605232 2.719081 15.035001
 7.380000 -2.549955 2.795944 15.711247
 7.400000 -2.672952 2.689939 15.253007
 7.420000 -2.597390 2.626298 13.562575
 7.440000 -2.624201 2.716052 15.167955
 7.460000 -2.518025 2.431391 10.478710
 7.480000 -2.582785 2.505760 11.788314
 7.500000 -2.472341 2.565345 11.944690
 7.520000 -2.435569 2.593140 12.174796
 7.540000 -2.397087 2.517694 11.071074
 7.560000 -2.330815 2.553831 11.398709
 7.580000 -2.289451 2.547291 11.266634
 7.600000 -2.175809 2.664831 12.623040
 7.620000 -2.263474 2.352451 9.188418
 7.640000 -2.148519 2.296160 9.065346
 7.660000 -2.075905 2.402856 9.912560
 7.680000 -1.975901 2.242866 9.614868
 7.700000 -1.926950 2.385913 10.022970
 7.720000 -1.963007 2.110787 9.593915
 7.740000 -2.042389 2.321042 9.564179
 7.760000 -1.999887 2.199751 9.428648
 7.780000 -2.080398 2.155427 8.858733
 7.800000 -2.157263 2.168527 8.428751
 7.820000 -2.123939 2.093784 8.440913
 7.840000 -2.277022 2.126385 7.667246
 7.860000 -2.259010 2.050105 7.503214
 7.880000 -2.323925 1.989613 7.116948
 7.900000 -2.402600 1.952245 6.931443
 7.920000 -2.390932 2.171334 7.674020
 7.940000 -2.466719 2.151120 7.644600
 7.960000 -2.497541 2.261802 8.606667
 7.980000 -2.521733 2.122710 7.670373
 8.000000 -2.607304 2.388781 10.534639
 8.020000 -2.664819 2.369360 10.750431
 8.040000 -2.673738 2.437477 11.619229
 8.060000 -2.618401 2.520518 12.243696
 8.080000 -2.474887 2.640286 12.987729
 8.100000 -2.370436 2.719373 13.749209
 8.120000 -2.346830 2.696295 13.368222
 8.140000 -2.367040 2.692084 13.354448
 8.160000 -2.298570 2.675404 12.984271
 8.180000 -2.271691 2.672023 12.892928
 8.200000 -2.378865 2.374773 9.396775
 8.220000 -2.482226 2.289488 8.803371
 8.240000 -2.640826 2.195144 8.905002
 8.260000 -2.796456 2.284376 10.944937
 8.280000 -2.627259 2.050151 8.018406
 8.300000 -2.648461 2.095525 8.359416
 8.320000 -2.456394 2.166318 7.717934
 8.340000 -2.426263 2.197724 7.881176
 8.360000 -2.256110 2.235673 8.320755
 8.380000 -2.262428 2.046280 7.477426
 8.400000 -2.151860 2.175970 8.485746
 8.420000 -2.187325 2.219851 8.494917
 8.440000 -2.339728 2.316030 8.805670
 8.460000 -2.326321 2.249761 8.265392
 8.480000 -2.374101 2.366393 9.305361
 8.500000 -2.478675 2.388818 9.812543
 8.520000 -2.445519 2.381439 9.614945
 8.540000 -2.560958 2.341096 9.707537
 8.560000 -2.452471 2.211923 8.039192
 8.580000 -2.322916 2.402732 9.640797
 8.600000 -2.350091 2.280619 8.495382
 8.620000 -2.406438 2.331372 9.003008
 8.640000 -2.579025 2.367230 10.101749
 8.660000 -2.737673 2.391539 11.601803
 8.680000 -2.570711 2.532665 12.058797
 8.700000 -2.637394 2.476044 11.810429
 8.720000 -2.662827 2.588520 13.570348
 8.740000 -2.482092 2.647239 13.120119
 8.760000 -2.490303 2.785424 15.151053
 8.780000 -2.465859 2.574186 12.035545
 8.800000 -2.309021 2.713708 13.538027
 8.820000 -2.396628 2.736453 14.062809
 8.840000 -2.409718 3.011244 17.081854
 8.860000 -2.435784 2.822887 15.388069
 8.880000 -2.595127 2.725908 15.048713
 8.900000 -2.622837 2.850579 17.219295
 8.920000 -2.718354 2.767158 17.108422
 8.940000 -2.772862 2.693653 16.481910
 8.960000 -2.719391 2.440792 12.043884
 8.980000 -2.611138 2.383673 10.503999
 9.000000 -2.552945 2.360527 9.868173
 9.020000 -2.595367 2.330447 9.815808
 9.040000 -2.568880 2.220554 8.608849
 9.060000 -2.505291 2.359959 9.612431
 9.080000 -2.469546 2.372756 9.602205
 9.100000 -2.533977 2.400940 10.210433
 9.120000 -2.527507 2.287862 8.985315
 9.140000 -2.704078 2.345303 10.805583
 9.160000 -2.515921 2.471411 10.949273
 9.180000 -2.523902 2.171143 7.988261
 9.200000 -2.505705 2.226889 8.336959
 9.220000 -2.482497 2.195179 7.997847
 9.240000 -2.460844 2.268127 8.534146
 9.260000 -2.456894 2.338994 9.204241
 9.280000 -2.356103 2.248533 8.232831
 9.300000 -2.351661 2.243095 8.192681
 9.320000 -2.428905 2.356278 9.302166
 9.340000 -2.475723 2.400595 9.931822
 9.360000 -2.392890 2.451866 10.265469
 9.380000 -2.325810 2.450130 10.150994
 9.400000 -2.035577 2.456160 10.290660
 9.420000 -2.045575 2.658624 12.140881
 9.440000 -2.057573 2.632913 11.900686
 9.460000 -1.892641 2.548398 10.602268
 9.480000 -1.967384 2.627416 11.482468
 9.500000 -1.881063 2.629333 11.071303
 9.520000 -1.923857 2.720677 12.129365
 9.540000 -2.013843 2.552187 10.982890
 9.560000 -2.205325 2.484792 10.508303
 9.580000 -2.045838 2.569196 11.209210
 9.600000 -2.204915 2.469766 10.352413
 9.620000 -2.112450 2.304090 9.239882
 9.640000 -2.187837 2.344642 9.265826
 9.660000 -2.272344 2.112888 7.631991
 9.680000 -2.182813 2.191462 8.383051
 9.700000 -2.369227 1.928526 6.973423
 9.720000 -2.301931 1.850572 7.292379
 9.740000 -2.399889 1.970193 6.941300
 9.760000 -2.432184 1.953091 6.936805
 9.780000 -2.514710 1.936967 7.161923
 9.800000 -2.321584 1.822912 7.282704
 9.820000 -2.403429 1.957128 6.932490
 9.840000 -2.285409 2.051483 7.381795
 9.860000 -2.292768 2.086280 7.453286
 9.880000 -2.276318 2.119785 7.642842
 9.900000 -2.180650 2.204750 8.453341
 9.920000 -2.213056 2.282883 8.762276
 9.940000 -2.368257 2.444383 10.134728
 9.960000 -2.478993 2.440171 10.399648
 9.980000 -2.586882 2.504597 11.801734
 10.000000 -2.674429 2.584651 13.620275
 10.020000 -2.562846 2.618914 13.195670
 10.040000 -2.659410 2.573014 13.312760
 10.060000 -2.625731 2.624062 13.766337
 10.080000 -2.465021 2.677489 13.472608
 10.100000 -2.409469 2.670402 13.163429
 10.120000 -2.401884 2.597641 12.129343
 10.140000 -2.283473 2.628929 12.322389
 10.160000 -2.476415 2.746758 14.525966
 10.180000 -2.453979 2.722648 14.073785
 10.200000 -2.485996 2.707127 14.002373
 10.220000 -2.623988 2.621034 13.706226
 10.240000 -2.568101 2.750170 15.184921
 10.260000 -2.616709 2.640647 13.936423
 10.280000 -2.651087 2.557416 13.016762
 10.300000 -2.455038 2.497382 10.997167
 10.320000 -2.473685 2.465915 10.684827
 10.340000 -2.516467 2.252823 8.608098
 10.360000 -2.569699 2.236825 8.751945
 10.380000 -2.804934 2.170812 10.139042
 10.400000 -2.738969 2.228980 9.985480
 10.420000 -2.601182 2.181996 8.515650
 10.440000 -2.682223 2.199418 9.271529
 10.460000 -2.544782 2.147762 7.935072
 10.480000 -2.579646 2.044130 7.647884
 10.500000 -2.384555 2.147346 7.531108
 10.520000 -2.211628 2.065295 7.802236
 10.540000 -1.999020 2.185685 9.414568
 10.560000 -2.101084 2.171114 8.768131
 10.580000 -2.010496 2.343097 9.742969
 10.600000 -2.186813 2.267286 8.755557
 10.620000 -2.134703 2.205698 8.691176
 10.640000 -2.079706 2.414276 9.982024
 10.660000 -2.152907 2.494945 10.612263
 10.680000 -2.077137 2.463359 10.336352
 10.700000 -2.116967 2.434361 10.084766
 10.720000 -1.982388 2.432976 10.162822
 10.740000 -2.088033 2.482130 10.485619
 10.760000 -2.023434 2.431476 10.141268
 10.780000 -2.184449 2.470070 10.362156
 10.800000 -2.163403 2.539131 11.079083
 10.820000 -2.162595 2.546540 11.160651
 10.840000 -2.414324 2.402499 9.758745
 10.860000 -2.378898 2.439901 10.101479
 10.880000 -2.502178 2.333786 9.322960
 10.900000 -2.426070 2.433595 10.137752
 10.920000 -2.540683 2.194953 8.245802
 10.940000 -2.439485 2.286401 8.643186
 10.960000 -2.383656 2.274460 8.450245
 10.980000 -2.400860 2.419495 9.915793
 11.000000 -2.519054 2.353369 9.607471
 11.020000 -2.595260 2.219512 8.768858
 11.040000 -2.566883 2.346753 9.803622
 11.060000 -2.575886 2.260578 9.001895
 11.080000 -2.573389 2.403305 10.471941
 11.100000 -2.770652 2.169244 9.832704
 11.120000 -2.758224 2.411634 12.012539
 11.140000 -2.785389 2.230800 10.391149
 11.160000 -2.719372 2.369579 11.198448
 11.180000 -2.615568 2.434933 11.134522
 11.200000 -2.526261 2.563948 12.198215
 11.220000 -2.388747 2.653370 12.863015
 11.240000 -2.467696 2.651216 13.109763
 11.260000 -2.416355 2.563855 11.719321
 11.280000 -2.508534 2.535609 11.725294
 11.300000 -2.408079 2.643840 12.784642
 11.320000 -2.445835 2.668898 13.269659
 11.340000 -2.430610 2.757563 14.475621
 11.360000 -2.521667 2.539075 11.841384
 11.380000 -2.461658 2.637947 12.896169
 11.400000 -2.447436 2.531506 11.401008
 11.420000 -2.493470 2.747482 14.628057
 11.440000 -2.547383 2.484560 11.289091
 11.460000 -2.535139 2.556465 12.149662
 11.480000 -2.683828 2.421914 11.512891
 11.500000 -2.769380 2.325998 11.139229
 11.520000 -2.748084 2.330721 11.014508
 11.540000 -2.766187 2.276995 10.632022
 11.560000 -2.574849 2.384633 10.268776
 11.580000 -2.575901 2.247652 8.885299
 11.600000 -2.484410 2.309795 9.007747
 11.620000 -2.610036 2.263472 9.256588
 11.640000 -2.420556 2.362970 9.351356
 11.660000 -2.366441 2.326514 8.908928
 11.680000 -2.234741 2.270155 8.610505
 11.700000 -2.216715 2.268492 8.656933
 11.720000 -2.300275 2.384421 9.456542
 11.740000 -2.299426 2.430127 9.922006
 11.760000 -2.256650 2.294892 8.728886
 11.780000 -2.104878 2.335155 9.435988
 11.800000 -2.305331 2.343038 9.063173
 11.820000 -2.108621 2.353030 9.531096
 11.840000 -2.517980 2.184670 8.058586
 11.860000 -2.388895 2.206719 7.914915
 11.880000 -2.436899 2.168347 7.692914
 11.900000 -2.365069 2.181962 7.751019
 11.920000 -2.529425 2.097445 7.573388
 11.940000 -2.495722 2.170154 7.863080
 11.960000 -2.545147 2.270692 8.914982
 11.980000 -2.496561 2.264522 8.627322
 12.000000 -2.363726 2.399096 9.631778
 12.020000 -2.632193 2.247951 9.276885
 12.040000 -2.547040 2.485758 11.302075
 12.060000 -2.752520 2.506856 13.214175
 12.080000 -2.815172 2.499958 13.668786
 12.100000 -2.842563 2.479211 13.590561
 12.120000 -2.822265 2.580742 15.009236
 12.140000 -2.904022 2.656381 17.232488
 12.160000 -2.686778 2.660466 14.920736
 12.180000 -2.663717 2.616295 13.995127
 12.200000 -2.523987 2.601591 12.701233
 12.220000 -2.276380 2.714177 13.484827
 12.240000 -2.487965 2.578261 12.189846
 12.260000 -2.283723 2.629791 12.334401
 12.280000 -2.300305 2.473138 10.393070
 12.300000 -2.316228 2.520279 10.960833
 12.320000 -2.291688 2.486120 10.536097
 12.340000 -2.373891 2.501721 10.821450
 12.360000 -2.369209 2.553956 11.468991
 12.380000 -2.285853 2.463014 10.274291
 12.400000 -2.307320 2.347470 9.102598
 12.420000 -2.265233 2.270295 8.527456
 12.440000 -2.267092 2.209111 8.123506
 12.460000 -2.323159 2.126536 7.517284
 12.480000 -2.373162 2.039143 7.088924
 12.500000 -2.436582 1.894453 6.979939
 12.520000 -2.616594 1.853686 8.066855
 12.540000 -2.545342 1.874166 7.431020
 12.560000 -2.636288 1.900885 8.098663
 12.580000 -2.540586 1.886867 7.370130
 12.600000 -2.538322 1.882741 7.366176
 12.620000 -2.414631 1.864202 7.020527
 12.640000 -2.447598 1.931553 6.957598
 12.660000 -2.288345 1.920096 7.251585
 12.680000 -2.453407 2.088607 7.279283
 12.700000 -2.339884 2.221242 8.040990
 12.720000 -2.363984 2.279724 8.487414
 12.740000 -2.392223 2.381548 9.487950
 12.760000 -2.444738 2.418507 10.022344
 12.780000 -2.477404 2.590897 12.312512
 12.800000 -2.536628 2.611244 12.913142
 12.820000 -2.452931 2.572397 11.959197
 12.840000 -2.404195 2.626940 12.537537
 12.860000 -2.512713 2.606248 12.701891
 12.880000 -2.535857 2.818205 15.914374
 12.900000 -2.683255 2.816766 17.475594
 12.920000 -2.645757 2.779711 16.409151
 12.940000 -2.648488 2.812471 16.959378
 12.960000 -2.669410 2.770871 16.546255
 12.980000 -2.661223 2.941241 18.901644
 13.000000 -2.604001 2.905068 17.711601
 13.020000 -2.539082 2.768912 15.235728
 13.040000 -2.387327 2.621490 12.415787
 13.060000 -2.372956 2.650127 12.777512
 13.080000 -2.380378 2.493978 10.739981
 13.100000 -2.325038 2.627478 12.366817
 13.120000 -2.374019 2.385899 9.505795
 13.140000 -2.282159 2.416388 9.780420
 13.160000 -2.288611 2.260018 8.401746
 13.180000 -2.435318 2.125849 7.432991
 13.200000 -2.361860 2.114355 7.382135
 13.220000 -2.371683 2.067856 7.179192
 13.240000 -2.306667 2.065084 7.333865
 13.260000 -2.337050 1.822716 7.233057
 13.280000 -2.412729 1.863788 7.020997
 13.300000 -2.483177 1.850608 7.185266
 13.320000 -2.391885 1.909049 6.956029
 13.340000 -2.487921 1.827457 7.274492
 13.360000 -2.419575 1.976843 6.943651
 13.380000 -2.424664 2.018109 7.011651
 13.400000 -2.418883 2.069898 7.164104
 13.420000 -2.352900 2.334567 8.977855
 13.440000 -2.404939 2.280170 8.521443
 13.460000 -2.238352 2.483733 10.495659
 13.480000 -2.410902 2.623694 12.512706
 13.500000 -2.323603 2.724018 13.710456
 13.520000 -2.407922 2.850096 15.626162
 13.540000 -2.366995 2.859783 15.617422
 13.560000 -2.537139 2.766314 15.183559
 13.580000 -2.350256 2.782060 14.573885
 13.600000 -2.633778 2.744882 15.721410
 13.620000 -2.630711 2.776769 16.193309
 13.640000 -2.622713 2.648850 14.112909
 13.660000 -2.740245 2.591716 14.371696
 13.680000 -2.780730 2.467730 12.921926
 13.700000 -2.704153 2.444707 11.963235
 13.720000 -2.724467 2.473329 12.505705
 13.740000 -2.665743 2.336739 10.403377
 13.760000 -2.466080 2.256315 8.445020
 13.780000 -2.542302 2.296130 9.142323
 13.800000 -2.336232 2.336715 8.994727
 13.820000 -2.377714 2.295798 8.633793
 13.840000 -2.322114 2.252576 8.291724
 13.860000 -2.224217 2.352926 9.254135
 13.880000 -2.108821 2.234812 8.937732
 13.900000 -2.119529 2.231733 8.872631
 13.920000 -1.983587 2.168735 9.488402
 13.940000 -2.094415 2.193345 8.871113
 13.960000 -2.141775 2.119966 8.376712
 13.980000 -1.981096 2.291251 9.681485
 14.000000 -2.181060 2.181140 8.348104
 14.020000 -1.970866 2.213349 9.602117
 14.040000 -2.123763 2.481147 10.479341
 14.060000 -2.127928 2.471325 10.390285
 14.080000 -2.062593 2.474648 10.423526
 14.100000 -2.045395 2.420145 10.057969
 14.120000 -2.142171 2.571632 11.418716
 14.140000 -2.112092 2.589176 11.564346
 14.160000 -2.050153 2.676155 12.360164
 14.180000 -2.249377 2.568452 11.494925
 14.200000 -2.026580 2.665283 12.132806
 14.220000 -2.209790 2.618082 12.079256
 14.240000 -2.391988 2.627567 12.511986
 14.260000 -2.341638 2.563939 11.545973
 14.280000 -2.554720 2.523377 11.831951
 14.300000 -2.633800 2.578524 13.169913
 14.320000 -2.703121 2.299426 10.323578
 14.340000 -2.862227 2.290350 11.480693
 14.360000 -3.058441 2.110205 11.207859
 14.380000 -2.813775 2.236395 10.665145
 14.400000 -2.847315 2.140040 10.331806
 14.420000 -2.694427 2.324771 10.509246
 14.440000 -2.539445 2.225155 8.481418
 14.460000 -2.508867 2.385823 9.911361
 14.480000 -2.487061 2.378526 9.733544
 14.500000 -2.475140 2.305220 8.928678
 14.520000 -2.299669 2.340884 9.047676
 14.540000 -2.213175 2.358042 9.316678
 14.560000 -1.992043 2.537636 10.816671
 14.580000 -2.151899 2.365220 9.502589
 14.600000 -2.021441 2.521882 10.752921
 14.620000 -1.997035 2.472707 10.382950
 14.640000 -1.858578 2.445684 10.151989
 14.660000 -1.717077 2.502919 9.958251
 14.680000 -1.875588 2.449377 10.176715
 14.700000 -1.772521 2.486013 10.070428
 14.720000 -1.854853 2.426209 10.116172
 14.740000 -1.679331 2.437872 9.973398
 14.760000 -1.647235 2.250313 10.666928
 14.780000 -1.529695 2.425877 9.965091
 14.800000 -1.629941 2.404458 10.050988
 14.820000 -1.515967 2.430584 9.946722
 14.840000 -1.229800 2.367603 10.528549
 14.860000 -1.384324 2.342889 10.532712
 14.880000 -1.252958 2.413172 10.216347
 14.900000 -1.273272 2.373225 10.448732
 14.920000 -1.211051 2.425529 10.179907
 14.940000 -1.023546 2.291196 11.325078
 14.960000 -1.018581 2.292430 11.319597
 14.980000 -1.116068 2.258018 11.494182
 15.000000 -1.317071 2.476528 9.841456
 15.020000 -1.213833 2.262829 11.316493
 15.040000 -1.461283 2.373221 10.268675
 15.060000 -1.395552 2.422678 10.044761
 15.080000 -1.563996 2.345776 10.335476
 15.100000 -1.539487 2.320812 10.489882
 15.120000 -1.670070 2.222155 10.724875
 15.140000 -1.693965 2.260978 10.528658
 15.160000 -1.663538 2.446202 9.941923
 15.180000 -1.724477 2.405719 10.063957
 15.200000 -1.620175 2.391988 10.098142
 15.220000 -1.752894 2.446031 10.033233
 15.240000 -1.814488 2.600457 10.553266
 15.260000 -1.867685 2.695636 11.515901
 15.280000 -1.906598 2.667431 11.520995
 15.300000 -1.789580 2.701201 11.027667
 15.320000 -1.880521 2.786498 12.449832
 15.340000 -1.842238 2.763589 11.924186
 15.360000 -2.015978 2.785103 13.456242
 15.380000 -1.987061 2.726947 12.604898
 15.400000 -2.054161 2.647799 12.053515
 15.420000 -2.136940 2.775179 13.954956
 15.440000 -2.291960 2.595566 11.888805
 15.460000 -2.457764 2.605530 12.428546
 15.480000 -2.519706 2.551281 11.991872
 15.500000 -2.750840 2.517308 13.347769
 15.520000 -2.573816 2.449415 11.020440
 15.540000 -2.598850 2.306341 9.592659
 15.560000 -2.566656 2.340271 9.733458
 15.580000 -2.409245 2.247847 8.249163
 15.600000 -2.470461 2.260727 8.497908
 15.620000 -2.527940 2.178962 8.063118
 15.640000 -2.497941 2.263809 8.626464
 15.660000 -2.583611 2.161566 8.254038
 15.680000 -2.592560 2.309543 9.582318
 15.700000 -2.570251 2.320046 9.545090
 15.720000 -2.744674 2.076741 9.170751
 15.740000 -2.574457 2.263893 9.023458
 15.760000 -2.644142 2.024824 8.100758
 15.780000 -2.481997 2.104122 7.420832
 15.800000 -2.409067 2.047187 7.085089
 15.820000 -2.364154 2.098071 7.306206
 15.840000 -2.422216 2.214025 7.997063
 15.860000 -2.228088 2.154475 8.000011
 15.880000 -2.384148 2.201802 7.879083
 15.900000 -2.308209 2.187327 7.877466
 15.920000 -2.300374 2.216500 8.076840
 15.940000 -2.444593 2.236033 8.213943
 15.960000 -2.222889 2.343753 9.182050
 15.980000 -2.197030 2.266862 8.715336
 16.000000 -2.155848 2.431719 10.023699
 16.020000 -2.136404 2.439236 10.106310
 16.040000 -2.157511 2.511460 10.780361
 16.060000 -2.339530 2.484296 10.556547
 16.080000 -2.224557 2.423649 9.884073
 16.100000 -2.361832 2.646918 12.707137
 16.120000 -2.497941 2.541081 11.743091
 16.140000 -2.496602 2.535733 11.666541
 16.160000 -2.731760 2.475569 12.599415
 16.180000 -2.738691 2.500285 12.997013
 16.200000 -2.727552 2.444801 12.163987
 16.220000 -2.751858 2.437152 12.274911
 16.240000 -2.734236 2.473073 12.588025
 16.260000 -2.621377 2.511165 12.142452
 16.280000 -2.853798 2.410095 12.741499
 16.300000 -2.720471 2.442594 12.075706
 16.320000 -2.749202 2.487316 12.912481
 16.340000 -2.649355 2.455305 11.642680
 16.360000 -2.327375 2.589730 11.861353
 16.380000 -2.282935 2.426770 9.886664
 16.400000 -2.038448 2.477558 10.438377
 16.420000 -1.961077 2.530173 10.691053
 16.440000 -1.788515 2.436914 10.073421
 16.460000 -1.753725 2.355708 10.158913
 16.480000 -1.581504 2.262132 10.736800
 16.500000 -1.707524 2.380919 10.121044
 16.520000 -1.596666 2.326772 10.399515
 16.540000 -1.439090 2.260206 10.985599
 16.560000 -1.463858 2.245083 11.034058
 16.580000 -1.155729 2.279269 11.268437
 16.600000 -1.347732 2.441606 9.982175
 16.620000 -1.063763 2.356310 10.762791
 16.640000 -1.040732 2.313710 11.118945
 16.660000 -0.929047 2.296042 11.367459
 16.680000 -0.962625 2.466102 10.194316
 16.700000 -0.970004 2.306442 11.245474
 16.720000 -0.849081 2.368120 10.882371
 16.740000 -1.144114 2.347856 10.750326
 16.760000 -1.167871 2.585874 9.672388
 16.780000 -1.341458 2.533121 9.632608
 16.800000 -1.200365 2.446004 10.076084
 16.820000 -1.253839 2.463474 9.946690
 16.840000 -1.284684 2.586732 9.579574
 16.860000 -1.180034 2.445049 10.096555
 16.880000 -1.306090 2.486972 9.805815
 16.900000 -1.216219 2.439632 10.097491
 16.920000 -1.412148 2.536389 9.596321
 16.940000 -1.392248 2.695463 9.675015
 16.960000 -1.574147 2.500643 9.730437
 16.980000 -1.550797 2.601869 9.626007
 17.000000 -1.710070 2.663286 10.327253
 17.020000 -1.771743 2.635652 10.515422
 17.040000 -1.728212 2.579609 10.096224
 17.060000 -1.906744 2.448851 10.202506
 17.080000 -1.758046 2.613118 10.340058
 17.100000 -1.832122 2.691401 11.241198
 17.120000 -1.758696 2.575030 10.202622
 17.140000 -1.835966 2.583335 10.565164
 17.160000 -1.720879 2.679051 10.465061
 17.180000 -1.857848 2.721400 11.669088
 17.200000 -1.702465 2.811591 11.232965
 17.220000 -1.810371 2.621469 10.644374
 17.240000 -1.642114 2.726880 10.316198
 17.260000 -1.601678 2.907434 11.315093
 17.280000 -1.541838 2.687568 9.794660
 17.300000 -1.380622 2.794552 10.142043
 17.320000 -1.477780 2.622765 9.554219
 17.340000 -1.419659 2.832037 10.381699
 17.360000 -1.479211 2.585822 9.542410
 17.380000 -1.121274 2.431046 10.219260
 17.400000 -1.220619 2.448941 10.045000
 17.420000 -1.133066 2.479032 9.970166
 17.440000 -1.181484 2.459114 10.023983
 17.460000 -1.294977 2.375892 10.410067
 17.480000 -1.127358 2.331311 10.891787
 17.500000 -1.160548 2.257457 11.436429
 17.520000 -1.024297 2.469556 10.108050
 17.540000 -1.030363 2.128324 12.748848
 17.560000 -0.916254 2.183500 12.413634
 17.580000 -1.081350 2.227058 11.806865
 17.600000 -1.396186 2.340503 10.534641
 17.620000 -1.142250 2.266842 11.385951
 17.640000 -1.423140 2.184826 11.455503
 17.660000 -1.308243 2.192220 11.652185
 17.680000 -1.412083 2.274777 10.937393
 17.700000 -1.363327 2.139593 11.832037
 17.720000 -1.552264 2.152194 11.303020
 17.740000 -1.326597 2.202439 11.550076
 17.760000 -1.450415 2.282734 10.829038
 17.780000 -1.492435 2.428092 9.963921
 17.800000 -1.388237 2.346314 10.506299
 17.820000 -1.496146 2.312370 10.588060
 17.840000 -1.425679 2.561882 9.548488
 17.860000 -1.442403 2.517398 9.637880
 17.880000 -1.360708 2.580027 9.543021
 17.900000 -1.309036 2.520777 9.685917
 17.920000 -1.366848 2.724270 9.785686
 17.940000 -1.532657 2.665448 9.706723
 17.960000 -1.649315 2.845723 11.138187
 17.980000 -1.441131 2.749005 9.907709
 18.000000 -1.549087 2.926580 11.230601
 18.020000 -1.379184 2.914518 10.952813
 18.040000 -1.538473 2.849577 10.672739
 18.060000 -1.400126 2.876337 10.680015
 18.080000 -1.370041 2.739605 9.851622
 18.100000 -1.168532 2.791265 10.308951
 18.120000 -1.185033 2.588779 9.655796
 18.140000 -1.143664 2.718155 9.946439
 18.160000 -1.256938 2.531681 9.691434
 18.180000 -1.398283 2.617286 9.527291
 18.200000 -1.341287 2.355839 10.494608
 18.220000 -1.321092 2.341908 10.609100
 18.240000 -1.501389 2.081700 11.687786
 18.260000 -1.635922 2.112473 11.190185
 18.280000 -1.554168 1.974416 11.685195
 18.300000 -1.568352 1.751840 11.236372
 18.320000 -1.451366 1.800160 11.791669
 18.340000 -1.495198 1.583920 10.661069
 18.360000 -1.601843 1.518873 10.222031
 18.380000 -1.429332 1.228210 9.329563
 18.400000 -1.501693 1.315732 9.425319
 18.420000 -1.159309 1.050467 10.889558
 18.440000 -1.163870 0.973138 11.434805
 18.460000 -1.102571 0.826036 13.435493
 18.480000 -1.320062 0.923132 10.861193
 18.500000 -1.168883 0.689117 14.734493
 18.520000 -1.558507 0.721601 10.344295
 18.540000 -1.558646 0.600420 10.981269
 18.560000 -1.669744 0.843629 9.098565
 18.580000 -1.578748 0.667701 10.422597
 18.600000 -1.615412 0.728514 9.808980
 18.620000 -1.793076 0.756685 8.617060
 18.640000 -1.990837 0.650178 7.909396
 18.660000 -2.061452 0.652793 7.747846
 18.680000 -2.005579 0.748569 7.918782
 18.700000 -2.036956 0.918269 8.186678
 18.720000 -2.057310 0.945247 8.231865
 18.740000 -2.091098 0.880980 7.978869
 18.760000 -2.257664 1.194076 8.601320
 18.780000 -2.110418 0.964514 8.186901
 18.800000 -2.301724 1.101680 8.223049
 18.820000 -2.187952 1.091866 8.462031
 18.840000 -2.170030 1.358309 9.176329
 18.860000 -1.915807 1.254042 9.592721
 18.880000 -1.877983 1.530210 10.189535
 18.900000 -1.859524 1.499664 10.177991
 18.920000 -1.761836 1.673207 10.600297
 18.940000 -1.679278 1.605543 10.527960
 18.960000 -1.662118 1.701144 10.856885
 18.980000 -1.349841 1.820509 12.314589
 19.000000 -1.178480 1.711470 13.051848
 19.020000 -1.106774 1.797506 13.813712
 19.040000 -1.141996 1.700786 13.289753
 19.060000 -1.142736 1.778495 13.527238
 19.080000 -1.226182 1.745148 12.830408
 19.100000 -1.071290 1.833194 14.063921
 19.120000 -1.075759 1.711056 13.843238
 19.140000 -1.223162 1.722487 12.764915
 19.160000 -1.422296 1.775479 11.824776
 19.180000 -1.553508 1.543784 10.362800
 19.200000 -1.582252 1.660443 10.849581
 19.220000 -1.643040 1.595138 10.514781
 19.240000 -1.729619 1.581509 10.426859
 19.260000 -1.626674 1.482191 10.075084
 19.280000 -1.730332 1.361200 9.773436
 19.300000 -1.791777 1.234694 9.464788
 19.320000 -1.790367 1.232643 9.456458
 19.340000 -1.600020 1.165895 9.091324
 19.360000 -1.718568 1.012737 8.879479
 19.380000 -1.449725 0.829778 10.627965
 19.400000 -1.509707 0.864718 9.959560
 19.420000 -1.285499 0.582023 14.683509
 19.440000 -1.244775 0.591266 15.078945
 19.460000 -0.934445 0.274284 17.374279
 19.480000 -1.121907 0.245667 17.461627
 19.500000 -1.198004 0.273361 17.067069
 19.520000 -1.315239 0.275785 15.748230
 19.540000 -1.398835 0.283083 14.505049
 19.560000 -1.204544 0.136947 16.470510
 19.580000 -1.364554 0.175127 14.913190
 19.600000 -1.543920 0.230585 12.191297
 19.620000 -1.553154 0.153155 11.987201
 19.640000 -1.659139 0.145258 10.487254
 19.660000 -1.561579 0.023072 11.645514
 19.680000 -1.669984 0.351771 10.346717
 19.700000 -1.547359 0.195420 12.119307
 19.720000 -1.421957 0.358455 14.021861
 19.740000 -1.435921 0.338096 13.843106
 19.760000 -1.536069 0.389440 12.138542
 19.780000 -1.488221 0.486203 12.504345
 19.800000 -1.562070 0.472735 11.501041
 19.820000 -1.482532 0.567593 12.139759
 19.840000 -1.436836 0.705552 11.715082
 19.860000 -1.500473 0.869164 9.997317
 19.880000 -1.414693 0.825819 10.950986
 19.900000 -1.423510 0.947460 10.022342
 19.920000 -1.462530 1.039981 9.415887
 19.940000 -1.323605 1.080240 9.859537
 19.960000 -1.325742 1.254595 9.706874
 19.980000 -1.122666 1.205328 10.715625
 20.000000 -1.111766 1.387133 11.528229
