#! FIELDS time phi psi metad.bias
#! SET min_phi -pi
#! SET max_phi pi
#! SET min_psi -pi
#! SET max_psi pi
 0.000000 3.141580 -3.141577 35.463720
 0.020000 -2.402683 2.533849 9.501139
 0.040000 -2.431934 2.534605 9.806381
 0.060000 -2.422351 2.560724 9.889768
 0.080000 -2.431185 2.592670 10.251205
 0.100000 -2.432096 2.639725 10.716648
 0.120000 -2.377196 2.674619 10.550372
 0.140000 -2.410058 2.728924 11.511233
 0.160000 -2.418868 2.678601 10.994186
 0.180000 -2.413394 2.688917 11.055238
 0.200000 -2.503769 2.673008 12.141232
 0.220000 -2.498363 2.712208 12.541702
 0.240000 -2.512024 2.629627 11.788868
 0.260000 -2.509416 2.579305 11.243308
 0.280000 -2.425052 2.554171 9.869553
 0.300000 -2.449711 2.509636 9.854178
 0.320000 -2.399722 2.501808 9.280090
 0.340000 -2.410121 2.426809 9.054125
 0.360000 -2.370455 2.405772 8.677030
 0.380000 -2.339096 2.374579 8.432087
 0.400000 -2.383728 2.377551 8.715856
 0.420000 -2.293451 2.229763 8.314637
 0.440000 -2.324980 2.270538 8.354142
 0.460000 -2.200591 2.237714 8.296634
 0.480000 -2.252199 2.368761 8.187498
 0.500000 -2.163183 2.358568 8.325281
 0.520000 -2.253773 2.347812 8.171536
 0.540000 -2.128358 2.559790 9.360540
 0.560000 -2.255507 2.411045 8.260339
 0.580000 -2.230137 2.587786 9.214575
 0.600000 -2.381891 2.447819 8.886133
 0.620000 -2.344946 2.623104 9.789242
 0.640000 -2.403819 2.637658 10.388897
 0.660000 -2.385831 2.628913 10.136387
 0.680000 -2.408031 2.596835 10.039583
 0.700000 -2.347492 2.622235 9.795668
 0.720000 -2.395016 2.713303 11.164371
 0.740000 -2.371096 2.704060 10.847173
 0.760000 -2.373089 2.679294 10.571131
 0.780000 -2.466856 2.824759 13.552288
 0.800000 -2.481623 2.855287 14.217746
 0.820000 -2.497970 2.757519 13.146884
 0.840000 -2.468906 2.727510 12.256987
 0.860000 -2.451363 2.657677 11.153979
 0.880000 -2.317190 2.773231 11.403051
 0.900000 -2.348575 2.555620 9.238262
 0.920000 -2.297135 2.445532 8.430737
 0.940000 -2.321535 2.394905 8.384944
 0.960000 -2.343828 2.330365 8.418879
 0.980000 -2.474575 2.297263 9.501696
 1.000000 -2.453214 2.153923 9.297684
 1.020000 -2.470383 2.267055 9.436798
 1.040000 -2.471292 2.184887 9.448409
 1.060000 -2.354240 2.294841 8.474643
 1.080000 -2.351893 2.190953 8.576329
 1.100000 -2.199397 2.484115 8.573555
 1.120000 -2.172688 2.380738 8.316668
 1.140000 -2.069554 2.539341 9.638091
 1.160000 -2.236375 2.624386 9.543732
 1.180000 -2.085954 2.582541 9.843880
 1.200000 -2.290834 2.767000 11.235973
 1.220000 -2.248657 2.785844 11.429487
 1.240000 -2.233026 2.698763 10.350660
 1.260000 -2.281568 2.775307 11.323306
 1.280000 -2.342663 2.728024 10.951661
 1.300000 -2.333533 2.600871 9.521692
 1.320000 -2.408652 2.662842 10.706205
 1.340000 -2.552927 2.485171 11.290544
 1.360000 -2.484420 2.590466 10.943096
 1.380000 -2.676347 2.511990 14.229132
 1.400000 -2.689591 2.517468 14.625422
 1.420000 -2.650463 2.548657 13.945089
 1.440000 -2.560441 2.468954 11.329593
 1.460000 -2.515058 2.617146 11.709875
 1.480000 -2.354990 2.519513 9.039847
 1.500000 -2.336286 2.657059 10.088416
 1.520000 -2.173630 2.715545 10.701812
 1.540000 -2.157653 2.670852 10.254607
 1.560000 -2.058463 2.604771 10.276010
 1.580000 -2.091662 2.652700 10.473510
 1.600000 -2.127846 2.550424 9.292695
 1.620000 -2.217554 2.427145 8.315320
 1.640000 -2.330978 2.407397 8.452251
 1.660000 -2.364355 2.345896 8.544205
 1.680000 -2.432802 2.276504 9.054601
 1.700000 -2.554001 2.306016 10.605494
 1.720000 -2.539418 2.150373 10.219680
 1.740000 -2.498774 2.257220 9.765098
 1.760000 -2.512939 2.266294 9.952924
 1.780000 -2.432957 2.346029 9.101063
 1.800000 -2.403486 2.438082 9.030972
 1.820000 -2.312357 2.516708 8.809388
 1.840000 -2.429652 2.674370 11.069370
 1.860000 -2.280189 2.676950 10.114743
 1.880000 -2.368536 2.745317 11.342335
 1.900000 -2.226397 2.882760 12.670894
 1.920000 -2.304560 2.821730 11.989375
 1.940000 -2.328103 2.799050 11.790046
 1.960000 -2.432786 2.801930 12.746582
 1.980000 -2.429507 2.653807 10.836877
 2.000000 -2.637344 2.733669 16.092339
 2.020000 -2.584002 2.602534 12.939025
 2.040000 -2.648282 2.588960 14.341257
 2.060000 -2.467098 2.691372 11.771180
 2.080000 -2.459759 2.582347 10.517306
 2.100000 -2.414229 2.493466 9.371838
 2.120000 -2.302649 2.407399 8.341573
 2.140000 -2.261681 2.484355 8.521903
 2.160000 -2.163127 2.422047 8.446837
 2.180000 -2.132023 2.369733 8.481329
 2.200000 -1.989704 2.347284 9.603404
 2.220000 -2.065572 2.431066 9.092593
 2.240000 -1.928340 2.290162 10.229500
 2.260000 -1.998670 2.246145 9.464777
 2.280000 -2.035305 2.207884 9.191328
 2.300000 -2.028650 2.153809 9.362884
 2.320000 -2.110704 2.204661 8.696371
 2.340000 -2.135409 2.051243 9.060632
 2.360000 -2.155967 1.975982 9.249680
 2.380000 -2.287778 2.205137 8.354271
 2.400000 -2.453853 2.087621 9.365119
 2.420000 -2.302275 2.192024 8.410474
 2.440000 -2.313971 2.254982 8.331762
 2.460000 -2.279660 2.491477 8.581064
 2.480000 -2.157958 2.555469 9.167707
 2.500000 -2.226740 2.562778 9.016061
 2.520000 -2.172187 2.642821 9.888954
 2.540000 -2.080903 2.850714 12.935860
 2.560000 -2.078665 2.908858 13.610507
 2.580000 -2.129285 2.972790 13.901338
 2.600000 -2.264711 2.878681 12.622501
 2.620000 -2.310397 2.938214 13.417528
 2.640000 -2.436061 3.009730 15.168498
 2.660000 -2.472334 2.775861 12.962821
 2.680000 -2.603058 2.791176 16.039803
 2.700000 -2.578043 2.851772 16.292683
 2.720000 -2.741632 2.775119 20.224639
 2.740000 -2.656317 2.630891 15.092080
 2.760000 -2.742238 2.380995 14.758296
 2.780000 -2.563627 2.494984 11.556750
 2.800000 -2.443745 2.617677 10.635364
 2.820000 -2.364904 2.421115 8.678892
 2.840000 -2.100827 2.420972 8.786315
 2.860000 -2.007913 2.468600 9.811554
 2.880000 -1.945475 2.559039 11.147007
 2.900000 -1.912791 2.469349 10.981684
 2.920000 -1.863275 2.436649 11.520479
 2.940000 -1.789990 2.462317 12.767080
 2.960000 -1.590448 2.443449 15.702347
 2.980000 -1.763631 2.308249 12.569199
 3.000000 -1.762727 2.120438 12.344949
 3.020000 -1.836634 2.272988 11.421732
 3.040000 -1.717966 2.162514 12.990443
 3.060000 -1.767720 2.245982 12.378531
 3.080000 -1.799766 2.083863 11.880078
 3.100000 -2.019438 2.151240 9.442584
 3.120000 -2.010177 2.234145 9.368561
 3.140000 -2.150700 2.162691 8.621286
 3.160000 -2.079236 2.221110 8.849070
 3.180000 -2.103666 2.392590 8.691824
 3.200000 -2.073465 2.389474 8.905280
 3.220000 -2.089094 2.503137 9.241371
 3.240000 -2.217819 2.400673 8.248966
 3.260000 -2.173825 2.491204 8.689394
 3.280000 -2.201354 2.642123 9.782503
 3.300000 -2.284540 2.520690 8.751443
 3.320000 -2.515224 2.618889 11.731067
 3.340000 -2.665469 2.657477 15.726667
 3.360000 -2.784529 2.721135 20.677928
 3.380000 -2.704844 2.779835 19.021003
 3.400000 -2.623576 2.681079 14.909392
 3.420000 -2.419331 2.849815 13.223067
 3.440000 -2.234004 2.789618 11.484603
 3.460000 -2.244651 2.613522 9.435179
 3.480000 -2.248387 2.574702 9.095484
 3.500000 -2.337686 2.463170 8.659542
 3.520000 -2.331619 2.450969 8.582771
 3.540000 -2.335988 2.463329 8.651462
 3.560000 -2.380033 2.463866 8.934192
 3.580000 -2.474662 2.416185 9.736965
 3.600000 -2.453873 2.433018 9.537413
 3.620000 -2.463582 2.405163 9.563286
 3.640000 -2.318536 2.353490 8.318040
 3.660000 -2.244239 2.274532 8.194331
 3.680000 -2.237637 2.346395 8.167432
 3.700000 -2.158986 2.467844 8.635383
 3.720000 -2.237864 2.310272 8.165427
 3.740000 -2.256044 2.464581 8.430515
 3.760000 -2.267652 2.518215 8.709500
 3.780000 -2.288992 2.646428 9.802303
 3.800000 -2.382605 2.763069 11.686971
 3.820000 -2.378499 2.788269 11.984344
 3.840000 -2.433864 2.703005 11.461825
 3.860000 -2.419840 2.794738 12.489486
 3.880000 -2.410690 2.828787 12.843022
 3.900000 -2.392094 2.747557 11.570745
 3.920000 -2.420544 2.829275 12.964133
 3.940000 -2.491645 2.707570 12.365373
 3.960000 -2.546272 2.890570 16.037344
 3.980000 -2.624387 2.719792 15.508962
 4.000000 -2.559129 2.874881 16.138165
 4.020000 -2.556706 2.648470 12.873704
 4.040000 -2.321694 2.718840 10.732572
 4.060000 -2.412384 2.544673 9.668675
 4.080000 -2.276947 2.548287 8.918511
 4.100000 -2.238858 2.507465 8.638385
 4.120000 -2.157684 2.348734 8.339834
 4.140000 -2.056751 2.377134 9.015450
 4.160000 -2.059556 2.291302 8.917386
 4.180000 -2.219014 2.362647 8.190583
 4.200000 -2.050076 2.206432 9.079872
 4.220000 -2.000786 2.427908 9.707426
 4.240000 -2.050826 2.168914 9.158040
 4.260000 -2.000771 2.341470 9.478389
 4.280000 -2.167435 2.057383 8.913753
 4.300000 -2.238376 2.175743 8.396470
 4.320000 -1.992565 2.152910 9.667269
 4.340000 -2.152760 2.140825 8.679702
 4.360000 -2.124545 2.401502 8.581512
 4.380000 -2.251338 2.268032 8.203427
 4.400000 -2.337725 2.472169 8.697236
 4.420000 -2.439027 2.410421 9.295682
 4.440000 -2.362705 2.645641 10.127788
 4.460000 -2.464686 2.751756 12.514437
 4.480000 -2.357049 2.920112 13.486391
 4.500000 -2.366319 2.892091 13.230458
 4.520000 -2.444057 2.860012 13.682135
 4.540000 -2.415421 2.977201 14.634294
 4.560000 -2.499841 3.006200 16.235867
 4.580000 -2.488284 2.997889 15.944492
 4.600000 -2.452202 3.026957 15.522609
 4.620000 -2.540660 3.030568 17.309134
 4.640000 -2.719332 2.900439 21.668313
 4.660000 -2.743914 2.982194 23.754790
 4.680000 -2.848347 2.829583 25.348363
 4.700000 -2.583774 2.859684 16.562548
 4.720000 -2.453445 2.753206 12.368073
 4.740000 -2.355615 2.517169 9.029928
 4.760000 -2.226990 2.657088 9.888487
 4.780000 -2.216129 2.293137 8.193904
 4.800000 -2.117996 2.373085 8.565219
 4.820000 -2.002734 2.130998 9.634338
 4.840000 -2.006896 2.225699 9.407843
 4.860000 -2.096694 2.121262 9.004563
 4.880000 -2.023510 2.144749 9.426901
 4.900000 -2.141313 2.043075 9.065370
 4.920000 -1.915694 2.031861 10.701777
 4.940000 -1.920245 2.064648 10.572661
 4.960000 -1.828910 1.905165 11.801407
 4.980000 -1.752974 2.142905 12.485002
 5.000000 -1.803276 1.822328 12.119148
 5.020000 -1.707753 2.086974 13.052987
 5.040000 -1.707873 1.958687 12.976565
 5.060000 -1.837311 2.011522 11.538981
 5.080000 -1.858677 2.232673 11.084554
 5.100000 -1.908111 2.242168 10.454441
 5.120000 -1.872168 2.305565 10.978304
 5.140000 -1.776101 2.252832 12.265565
 5.160000 -1.690814 2.389683 13.980710
 5.180000 -1.890838 2.406772 10.996008
 5.200000 -1.655903 2.663078 16.337260
 5.220000 -1.804723 2.462364 12.537605
 5.240000 -1.696834 2.705216 16.174794
 5.260000 -1.818726 2.724278 14.569680
 5.280000 -2.136013 2.708139 10.799007
 5.300000 -2.243750 2.784529 11.413249
 5.320000 -2.337308 2.665380 10.183961
 5.340000 -2.435393 2.776790 12.439024
 5.360000 -2.507063 2.676413 12.241061
 5.380000 -2.662096 2.684715 16.041484
 5.400000 -2.797437 2.609977 19.010488
 5.420000 -2.672947 2.719814 16.930425
 5.440000 -2.606832 2.595231 13.383037
 5.460000 -2.608890 2.419070 11.995066
 5.480000 -2.516887 2.476419 10.615561
 5.500000 -2.623069 2.505362 12.883601
 5.520000 -2.550524 2.651633 12.781738
 5.540000 -2.350312 2.412728 8.566127
 5.560000 -2.268472 2.627873 9.581601
 5.580000 -2.287913 2.561318 9.034513
 5.600000 -2.145738 2.699094 10.638088
 5.620000 -2.231774 2.515351 8.688672
 5.640000 -2.016492 2.473648 9.746033
 5.660000 -1.898246 2.392349 10.840162
 5.680000 -2.033420 2.439008 9.415494
 5.700000 -2.231512 2.266029 8.210445
 5.720000 -2.324210 2.146388 8.573889
 5.740000 -2.367980 2.246242 8.583483
 5.760000 -2.337897 2.224703 8.460736
 5.780000 -2.337594 2.207020 8.487148
 5.800000 -2.407123 2.125676 8.988844
 5.820000 -2.299784 2.408559 8.335335
 5.840000 -2.174081 2.242950 8.352937
 5.860000 -2.061765 2.385894 8.992313
 5.880000 -2.092096 2.397681 8.783661
 5.900000 -2.188331 2.491683 8.642483
 5.920000 -2.309597 2.729831 10.820289
 5.940000 -2.383409 2.645247 10.282127
 5.960000 -2.445969 2.744534 12.148721
 5.980000 -2.523653 2.712646 13.017643
 6.000000 -2.530128 2.840177 14.966491
 6.020000 -2.631809 2.764155 16.423178
 6.040000 -2.454037 2.716943 11.902199
 6.060000 -2.566461 2.724029 14.093624
 6.080000 -2.426953 2.734091 11.768853
 6.100000 -2.525626 2.686485 12.713380
 6.120000 -2.446490 2.811166 13.058135
 6.140000 -2.455905 2.757675 12.463353
 6.160000 -2.292035 2.743007 10.932211
 6.180000 -2.180844 2.703412 10.529064
 6.200000 -2.267699 2.538327 8.837350
 6.220000 -2.068459 2.589889 10.052944
 6.240000 -2.151636 2.430663 8.522400
 6.260000 -1.950563 2.258605 9.957783
 6.280000 -1.913331 2.162000 10.448528
 6.300000 -1.990234 2.249756 9.543882
 6.320000 -2.139918 2.255279 8.460030
 6.340000 -2.075557 2.107834 9.173172
 6.360000 -2.186024 2.045889 8.897553
 6.380000 -2.253089 2.061859 8.731163
 6.400000 -2.090863 2.109516 9.076461
 6.420000 -2.306658 2.022322 8.859270
 6.440000 -2.109744 2.071722 9.106496
 6.460000 -2.103256 1.960520 9.549600
 6.480000 -2.042540 2.307896 9.056052
 6.500000 -2.320271 2.190881 8.459630
 6.520000 -2.198026 2.229080 8.318373
 6.540000 -2.393610 2.328676 8.737521
 6.560000 -2.211890 2.555284 8.984137
 6.580000 -2.355122 2.599734 9.634165
 6.600000 -2.458423 2.550545 10.242216
 6.620000 -2.432977 2.752329 12.081347
 6.640000 -2.367581 2.913851 13.496802
 6.660000 -2.344572 2.967122 13.884573
 6.680000 -2.384091 2.780717 11.932714
 6.700000 -2.330110 2.934606 13.473242
 6.720000 -2.523172 2.938871 16.098498
 6.740000 -2.482040 2.913837 14.977302
 6.760000 -2.616292 2.695453 14.924571
 6.780000 -2.554371 2.726416 13.851883
 6.800000 -2.425291 2.934920 14.337073
 6.820000 -2.476689 2.737005 12.504659
 6.840000 -2.423162 2.628057 10.493914
 6.860000 -2.507884 2.620955 11.624101
 6.880000 -2.400179 2.645630 10.436404
 6.900000 -2.512501 2.415905 10.266818
 6.920000 -2.403381 2.526947 9.462736
 6.940000 -2.556084 2.294569 10.615610
 6.960000 -2.237852 2.422854 8.286728
 6.980000 -2.492955 2.140107 9.683307
 7.000000 -2.374469 2.098685 8.865922
 7.020000 -2.322445 2.153850 8.550865
 7.040000 -2.313792 2.259063 8.326358
 7.060000 -2.262274 2.209224 8.316655
 7.080000 -2.187248 2.082388 8.765957
 7.100000 -2.244250 2.228690 8.270281
 7.120000 -2.206135 2.289155 8.212967
 7.140000 -2.092541 2.275804 8.691636
 7.160000 -2.262974 2.166210 8.421593
 7.180000 -1.982469 2.427371 9.909243
 7.200000 -2.097335 2.545965 9.465142
 7.220000 -2.133387 2.598677 9.655812
 7.240000 -2.131684 2.502473 8.952629
 7.260000 -2.301097 2.593315 9.327053
 7.280000 -2.217021 2.720512 10.634059
 7.300000 -2.544806 2.700382 13.284590
 7.320000 -2.363895 2.670508 10.403782
 7.340000 -2.652220 2.619054 14.822287
 7.360000 -2.385480 2.834084 12.656059
 7.380000 -2.655228 2.639490 15.180310
 7.400000 -2.528278 2.710330 13.078034
 7.420000 -2.638128 2.674013 15.201012
 7.440000 -2.547826 2.887285 16.030674
 7.460000 -2.552834 2.695803 13.395275
 7.480000 -2.529862 2.745955 13.602042
 7.500000 -2.650994 2.655267 15.285221
 7.520000 -2.428279 2.840923 13.216088
 7.540000 -2.457239 2.769317 12.640542
 7.560000 -2.315805 2.603054 9.462954
 7.580000 -2.145997 2.527270 9.028076
 7.600000 -2.325580 2.606715 9.536712
 7.620000 -2.144062 2.591764 9.533806
 7.640000 -2.285602 2.442578 8.390931
 7.660000 -2.270844 2.319227 8.183418
 7.680000 -2.279149 2.323051 8.196182
 7.700000 -2.301848 2.405291 8.334515
 7.720000 -2.446851 2.384658 9.315493
 7.740000 -2.357943 2.362036 8.520115
 7.760000 -2.193621 2.314185 8.221228
 7.780000 -2.232285 2.368482 8.186427
 7.800000 -1.992504 2.475553 10.017751
 7.820000 -2.226667 2.322824 8.167237
 7.840000 -2.038660 2.543757 9.957325
 7.860000 -1.967461 2.441798 10.145580
 7.880000 -1.896800 2.551996 11.752886
 7.900000 -2.098970 2.469936 8.990155
 7.920000 -2.119813 2.607604 9.822433
 7.940000 -2.369027 2.683194 10.584992
 7.960000 -2.231159 2.693658 10.292943
 7.980000 -2.391154 2.502217 9.207695
 8.000000 -2.458525 2.542475 10.183864
 8.020000 -2.500356 2.610523 11.389594
 8.040000 -2.640764 2.567050 13.899217
 8.060000 -2.487688 2.449596 10.041637
 8.080000 -2.520473 2.358544 10.209411
 8.100000 -2.497781 2.552315 10.823926
 8.120000 -2.506322 2.611226 11.497091
 8.140000 -2.436093 2.750910 12.102251
 8.160000 -2.412574 2.662166 10.739637
 8.180000 -2.254803 2.773824 11.274812
 8.200000 -2.310423 2.709401 10.573160
 8.220000 -2.413150 2.697979 11.160858
 8.240000 -2.353760 2.723609 10.964474
 8.260000 -2.392337 2.613001 10.039295
 8.280000 -2.291623 2.580823 9.196516
 8.300000 -2.358266 2.477746 8.841318
 8.320000 -2.475726 2.522520 10.277159
 8.340000 -2.587719 2.531482 12.324582
 8.360000 -2.513026 2.736837 13.140735
 8.380000 -2.478509 2.578463 10.747453
 8.400000 -2.302634 2.525994 8.831722
 8.420000 -2.489449 2.530121 10.528641
 8.440000 -2.389457 2.640636 10.286178
 8.460000 -2.467165 2.484589 9.933017
 8.480000 -2.433866 2.520442 9.735134
 8.500000 -2.303645 2.464534 8.521098
 8.520000 -2.426564 2.608000 10.337905
 8.540000 -2.521815 2.660519 12.318924
 8.560000 -2.553837 2.564654 11.923910
 8.580000 -2.500162 2.617127 11.453356
 8.600000 -2.468793 2.517220 10.146792
 8.620000 -2.251346 2.517750 8.696426
 8.640000 -2.457023 2.375835 9.411162
 8.660000 -2.273012 2.430898 8.331307
 8.680000 -2.306130 2.449788 8.473848
 8.700000 -2.287223 2.456507 8.443565
 8.720000 -2.254689 2.481456 8.503572
 8.740000 -2.287930 2.566083 9.070840
 8.760000 -2.435425 2.791580 12.639963
 8.780000 -2.299075 2.709157 10.533342
 8.800000 -2.339864 2.683183 10.397368
 8.820000 -2.286203 2.722147 10.659165
 8.840000 -2.134354 2.792395 11.854826
 8.860000 -2.256610 2.652479 9.824622
 8.880000 -2.176892 2.531654 8.918732
 8.900000 -2.166559 2.618063 9.665630
 8.920000 -2.259630 2.617452 9.473867
 8.940000 -2.376947 2.583983 9.653866
 8.960000 -2.478849 2.481993 10.076480
 8.980000 -2.613486 2.631352 13.974828
 9.000000 -2.555375 2.665903 13.060583
 9.020000 -2.625280 2.555080 13.393765
 9.040000 -2.576152 2.397074 11.258440
 9.060000 -2.382589 2.444547 8.879767
 9.080000 -2.341017 2.468979 8.701081
 9.100000 -2.304961 2.465569 8.529633
 9.120000 -2.280052 2.458617 8.436293
 9.140000 -2.327130 2.434959 8.508301
 9.160000 -2.259393 2.680795 10.135979
 9.180000 -2.300265 2.655362 9.924885
 9.200000 -2.400454 2.565387 9.706280
 9.220000 -2.310207 2.571210 9.174510
 9.240000 -2.401354 2.552873 9.620944
 9.260000 -2.276118 2.495378 8.594460
 9.280000 -2.305758 2.324768 8.261298
 9.300000 -2.349630 2.339664 8.453620
 9.320000 -2.253040 2.483292 8.511527
 9.340000 -2.320105 2.514992 8.830119
 9.360000 -2.439754 2.465516 9.505417
 9.380000 -2.279407 2.602637 9.359063
 9.400000 -2.453554 2.766529 12.548937
 9.420000 -2.361479 2.636643 10.027058
 9.440000 -2.380334 2.554990 9.455060
 9.460000 -2.361355 2.480379 8.873515
 9.480000 -2.283009 2.565106 9.053083
 9.500000 -2.227853 2.427886 8.306277
 9.520000 -2.436360 2.243208 9.092231
 9.540000 -2.443471 2.367666 9.243754
 9.560000 -2.579685 2.301472 11.014272
 9.580000 -2.586076 2.418357 11.541019
 9.600000 -2.580888 2.440455 11.555256
 9.620000 -2.556449 2.400652 10.922183
 9.640000 -2.589957 2.445912 11.763119
 9.660000 -2.461526 2.486032 9.867763
 9.680000 -2.397191 2.388251 8.841944
 9.700000 -2.321956 2.506375 8.789643
 9.720000 -1.991198 2.547851 10.498427
 9.740000 -2.028402 2.908398 14.016952
 9.760000 -1.977399 2.703994 12.169837
 9.780000 -1.899361 2.782933 14.088450
 9.800000 -2.039049 2.837603 13.128246
 9.820000 -1.979116 2.735037 12.510071
 9.840000 -2.049565 2.807622 12.668898
 9.860000 -2.080343 2.471658 9.142017
 9.880000 -2.108002 2.539777 9.344126
 9.900000 -2.070807 2.501553 9.380944
 9.920000 -2.153365 2.328182 8.349811
 9.940000 -2.202506 2.337856 8.198646
 9.960000 -2.353907 2.256712 8.497263
 9.980000 -2.498056 2.398053 9.995119
 10.000000 -2.544443 2.296190 10.439243
 10.020000 -2.711070 2.272984 13.427422
 10.040000 -2.646810 2.285704 12.184125
 10.060000 -2.703654 2.278481 13.297957
 10.080000 -2.611572 2.341741 11.705564
 10.100000 -2.440944 2.412023 9.321230
 10.120000 -2.359603 2.386788 8.566384
 10.140000 -2.290590 2.592949 9.296103
 10.160000 -2.255385 2.778343 11.333415
 10.180000 -2.349408 2.646714 10.052582
 10.200000 -2.443971 2.577276 10.271130
 10.220000 -2.434800 2.643167 10.785331
 10.240000 -2.543382 2.663247 12.775816
 10.260000 -2.464234 2.573542 10.502927
 10.280000 -2.629064 2.634498 14.411373
 10.300000 -2.344305 2.577425 9.380152
 10.320000 -2.241918 2.701927 10.381160
 10.340000 -2.339697 2.696638 10.553317
 10.360000 -2.180178 2.610267 9.536770
 10.380000 -2.224673 2.688029 10.236116
 10.400000 -2.378036 2.520259 9.205598
 10.420000 -2.373663 2.611450 9.870213
 10.440000 -2.381162 2.447943 8.880987
 10.460000 -2.475707 2.529156 10.322240
 10.480000 -2.240223 2.350835 8.169525
 10.500000 -2.005695 2.433578 9.676966
 10.520000 -2.178041 2.403923 8.345051
 10.540000 -1.971114 2.525754 10.576932
 10.560000 -2.038021 2.385967 9.201435
 10.580000 -2.334827 2.429057 8.527104
 10.600000 -2.295205 2.306868 8.234126
 10.620000 -2.583490 2.291832 11.055561
 10.640000 -2.895355 2.240320 17.046626
 10.660000 -2.748344 2.286169 14.288615
 10.680000 -2.811138 2.263312 15.507000
 10.700000 -2.685110 2.195496 12.613828
 10.720000 -2.385329 2.263029 8.678302
 10.740000 -2.331939 2.290510 8.367900
 10.760000 -2.147353 2.427458 8.531726
 10.780000 -2.037020 2.550730 10.025267
 10.800000 -2.086721 2.409966 8.855695
 10.820000 -1.967650 2.603553 11.247077
 10.840000 -2.122150 2.725268 11.089065
 10.860000 -2.307942 2.631779 9.706366
 10.880000 -2.185855 2.882320 12.749453
 10.900000 -2.211476 2.758369 11.116412
 10.920000 -2.287093 2.850534 12.310495
 10.940000 -2.108100 2.822157 12.392697
 10.960000 -2.480817 2.807145 13.539046
 10.980000 -2.471200 2.582508 10.676912
 11.000000 -2.653767 2.594808 14.555731
 11.020000 -2.981017 2.472486 21.421522
 11.040000 -2.956553 2.398426 19.848073
 11.060000 -3.026156 2.427603 21.410207
 11.080000 -3.033783 2.403936 21.141704
 11.100000 -2.715542 2.411155 14.339487
 11.120000 -2.550812 2.423616 10.921178
 11.140000 -2.432300 2.476252 9.472796
 11.160000 -2.115131 2.549155 9.363981
 11.180000 -2.195894 2.510235 8.723210
 11.200000 -2.177895 2.546393 9.016744
 11.220000 -2.050197 2.512762 9.635021
 11.240000 -2.163972 2.387622 8.359734
 11.260000 -2.141913 2.418531 8.530381
 11.280000 -2.052423 2.398086 9.102562
 11.300000 -2.140619 2.361151 8.426900
 11.320000 -1.897553 2.308689 10.641934
 11.340000 -1.925226 2.252114 10.248938
 11.360000 -1.991055 2.137067 9.719294
 11.380000 -2.044942 2.179610 9.175130
 11.400000 -2.082866 2.215866 8.835515
 11.420000 -2.185506 2.200088 8.411469
 11.440000 -2.130480 2.212821 8.579941
 11.460000 -2.296560 2.232558 8.315838
 11.480000 -2.414833 2.328322 8.912366
 11.500000 -2.239117 2.453693 8.385687
 11.520000 -2.284192 2.358638 8.219954
 11.540000 -2.221286 2.500285 8.614787
 11.560000 -1.924695 2.641921 12.172573
 11.580000 -2.219419 2.719185 10.613639
 11.600000 -2.275231 2.614956 9.465766
 11.620000 -2.224124 2.653760 9.856938
 11.640000 -2.318493 2.823005 12.059972
 11.660000 -2.291479 2.754464 11.076461
 11.680000 -2.322508 2.617354 9.622104
 11.700000 -2.536621 2.664624 12.655887
 11.720000 -2.407477 2.690345 11.009758
 11.740000 -2.304680 2.447182 8.459900
 11.760000 -2.510324 2.212227 9.885295
 11.780000 -2.334656 2.286959 8.381796
 11.800000 -2.493119 2.366164 9.841286
 11.820000 -2.528213 2.268238 10.162131
 11.840000 -2.554372 2.236834 10.498800
 11.860000 -2.500310 2.062393 9.783628
 11.880000 -2.508559 2.447833 10.339515
 11.900000 -2.364500 2.397802 8.619143
 11.920000 -2.401873 2.395737 8.897351
 11.940000 -2.198279 2.364833 8.225502
 11.960000 -2.068506 2.619494 10.326594
 11.980000 -2.212137 2.637984 9.714346
 12.000000 -1.973505 2.620282 11.332720
 12.020000 -2.187918 2.546391 8.981913
 12.040000 -2.040951 2.635567 10.739592
 12.060000 -2.081934 2.811834 12.451717
 12.080000 -2.109576 2.594107 9.768700
 12.100000 -2.343782 2.633480 9.884566
 12.120000 -2.356817 2.605289 9.694893
 12.140000 -2.426875 2.729844 11.713311
 12.160000 -2.551628 2.573685 11.964313
 12.180000 -2.403188 2.469822 9.152599
 12.200000 -2.646402 2.494397 13.333580
 12.220000 -2.510239 2.498879 10.642377
 12.240000 -2.414601 2.485999 9.337061
 12.260000 -2.519086 2.433220 10.437495
 12.280000 -2.296675 2.563732 9.074440
 12.300000 -2.395562 2.602819 9.974568
 12.320000 -2.446062 2.768563 12.470846
 12.340000 -2.457058 2.631139 10.945320
 12.360000 -2.460394 2.568516 10.409471
 12.380000 -2.494694 2.649811 11.714503
 12.400000 -2.331519 2.590311 9.419884
 12.420000 -2.549020 2.427635 10.908150
 12.440000 -2.381733 2.347396 8.662771
 12.460000 -2.314003 2.411781 8.390707
 12.480000 -2.334660 2.413319 8.483974
 12.500000 -2.269641 2.259679 8.227072
 12.520000 -2.311149 2.336230 8.281299
 12.540000 -2.314489 2.450956 8.508341
 12.560000 -2.171917 2.480185 8.640683
 12.580000 -2.028926 2.234689 9.204959
 12.600000 -2.169425 2.270310 8.325778
 12.620000 -1.902932 2.243439 10.518566
 12.640000 -1.965069 2.426335 10.108829
 12.660000 -1.995923 2.129542 9.696380
 12.680000 -1.849105 2.299873 11.288448
 12.700000 -1.941118 2.296403 10.082158
 12.720000 -2.088121 2.311953 8.708425
 12.740000 -1.970512 2.437108 10.088681
 12.760000 -2.290715 2.263845 8.257419
 12.780000 -2.266962 2.435273 8.335922
 12.800000 -2.263952 2.443542 8.358992
 12.820000 -2.472669 2.431516 9.765150
 12.840000 -2.445434 2.484397 9.661995
 12.860000 -2.435786 2.566485 10.085218
 12.880000 -2.524788 2.706357 12.955952
 12.900000 -2.473877 2.710843 12.118172
 12.920000 -2.491615 2.635099 11.501868
 12.940000 -2.588721 2.791811 15.663104
 12.960000 -2.431662 2.981190 14.879621
 12.980000 -2.622494 2.869443 17.826980
 13.000000 -2.495409 2.885070 14.867426
 13.020000 -2.505346 2.852595 14.624752
 13.040000 -2.462382 2.997659 15.481035
 13.060000 -2.441297 2.832530 13.276308
 13.080000 -2.409723 2.800543 12.452635
 13.100000 -2.514489 2.677894 12.394114
 13.120000 -2.345324 2.683376 10.430233
 13.140000 -2.476237 2.605934 10.965817
 13.160000 -2.387980 2.430476 8.875146
 13.180000 -2.368557 2.359535 8.584053
 13.200000 -2.377001 2.434222 8.802805
 13.220000 -2.327491 2.412942 8.449257
 13.240000 -2.271993 2.259304 8.230152
 13.260000 -2.288359 2.314820 8.215524
 13.280000 -2.109135 2.463447 8.889231
 13.300000 -2.003322 2.485559 9.951727
 13.320000 -2.056518 2.425159 9.149798
 13.340000 -1.902182 2.365764 10.703089
 13.360000 -1.903979 2.534209 11.517492
 13.380000 -1.949700 2.543984 10.976269
 13.400000 -1.878486 2.507312 11.695955
 13.420000 -1.966176 2.403911 10.012449
 13.440000 -2.056715 2.538223 9.743875
 13.460000 -2.065640 2.456631 9.195115
 13.480000 -2.184381 2.437239 8.420422
 13.500000 -2.273142 2.316208 8.187220
 13.520000 -2.209703 2.614878 9.492435
 13.540000 -2.392119 2.539095 9.441427
 13.560000 -2.328061 2.459925 8.599462
 13.580000 -2.460437 2.467260 9.759748
 13.600000 -2.535600 2.416364 10.633161
 13.620000 -2.449380 2.589762 10.446370
 13.640000 -2.543699 2.481113 11.098063
 13.660000 -2.458060 2.608755 10.735669
 13.680000 -2.293540 2.631027 9.656784
 13.700000 -2.443748 2.722096 11.827458
 13.720000 -2.398412 2.644214 10.404781
 13.740000 -2.319113 2.779625 11.494469
 13.760000 -2.391170 2.673347 10.655121
 13.780000 -2.200510 2.654755 9.917202
 13.800000 -2.211612 2.442129 8.372172
 13.820000 -2.433034 2.376143 9.150235
 13.840000 -2.241532 2.386042 8.207606
 13.860000 -2.359095 2.215614 8.572354
 13.880000 -2.326107 2.230922 8.405700
 13.900000 -2.307916 2.282764 8.284209
 13.920000 -2.422216 2.261666 8.961268
 13.940000 -2.443365 2.351041 9.214913
 13.960000 -2.385285 2.286634 8.668829
 13.980000 -2.424762 2.188349 9.031674
 14.000000 -2.405905 2.412627 8.974277
 14.020000 -2.314241 2.403987 8.374256
 14.040000 -2.359083 2.509508 9.008175
 14.060000 -2.247769 2.514303 8.675671
 14.080000 -2.281720 2.591571 9.265765
 14.100000 -2.314855 2.591532 9.358134
 14.120000 -2.348700 2.668807 10.285776
 14.140000 -2.425005 2.545385 9.805085
 14.160000 -2.455385 2.495463 9.841780
 14.180000 -2.386541 2.576637 9.671722
 14.200000 -2.645220 2.422866 12.786527
 14.220000 -2.506597 2.398182 10.117964
 14.240000 -2.565527 2.326720 10.839303
 14.260000 -2.576165 2.564873 12.381919
 14.280000 -2.481946 2.443205 9.934708
 14.300000 -2.454429 2.555779 10.230216
 14.320000 -2.535926 2.650854 12.476199
 14.340000 -2.347236 2.823599 12.220720
 14.360000 -2.336972 2.643214 9.946336
 14.380000 -2.367817 2.692804 10.688129
 14.400000 -2.141787 2.765026 11.466039
 14.420000 -2.083242 2.816649 12.501554
 14.440000 -2.088175 2.824935 12.567261
 14.460000 -2.058842 2.541536 9.747688
 14.480000 -2.114001 2.607964 9.864601
 14.500000 -2.188474 2.596559 9.382861
 14.520000 -2.150628 2.440453 8.560823
 14.540000 -2.427454 2.168853 9.072462
 14.560000 -2.327783 2.207414 8.449498
 14.580000 -2.338563 2.293259 8.396096
 14.600000 -2.355195 2.000098 9.000572
 14.620000 -2.284102 1.986700 8.944724
 14.640000 -2.455255 1.892208 9.559501
 14.660000 -2.337422 2.005021 8.948752
 14.680000 -2.453473 1.944339 9.502333
 14.700000 -2.391065 1.878622 9.302431
 14.720000 -2.472379 1.913093 9.647361
 14.740000 -2.193904 2.162973 8.490667
 14.760000 -2.439596 2.176790 9.162653
 14.780000 -2.307368 2.129848 8.574135
 14.800000 -2.264012 2.241256 8.252875
 14.820000 -2.255100 2.469372 8.449916
 14.840000 -2.184961 2.574585 9.207313
 14.860000 -2.199817 2.534888 8.867542
 14.880000 -2.344587 2.632959 9.883940
 14.900000 -2.285942 2.679408 10.153122
 14.920000 -2.422469 2.763154 12.096466
 14.940000 -2.610480 2.657688 14.242899
 14.960000 -2.641100 2.623892 14.588366
 14.980000 -2.514317 2.829845 14.485286
 15.000000 -2.633376 2.830159 17.546784
 15.020000 -2.427401 2.744243 11.906092
 15.040000 -2.469624 2.673259 11.590645
 15.060000 -2.343873 2.970199 13.908370
 15.080000 -2.414387 2.909859 13.917691
 15.100000 -2.412860 2.686681 11.023094
 15.120000 -2.529324 2.613422 11.931292
 15.140000 -2.514489 2.708520 12.786691
 15.160000 -2.645084 2.509819 13.436028
 15.180000 -2.455212 2.568774 10.343262
 15.200000 -2.555057 2.313011 10.636901
 15.220000 -2.372250 2.402543 8.681996
 15.240000 -2.304256 2.383990 8.303063
 15.260000 -2.348171 2.369502 8.472970
 15.280000 -2.242000 2.173260 8.401603
 15.300000 -2.278100 2.275600 8.220046
 15.320000 -2.293294 2.223973 8.325428
 15.340000 -2.303292 2.243188 8.315491
 15.360000 -2.229327 2.245594 8.244273
 15.380000 -2.260662 2.311349 8.173633
 15.400000 -2.117556 2.483509 8.933310
 15.420000 -2.014016 2.399617 9.471368
 15.440000 -2.026319 2.526290 9.959331
 15.460000 -2.102585 2.592998 9.808571
 15.480000 -2.121972 2.726032 11.099484
 15.500000 -2.178286 2.662516 10.073698
 15.520000 -2.389158 2.545862 9.462564
 15.540000 -2.411402 2.684458 10.981438
 15.560000 -2.704186 2.715474 17.845807
 15.580000 -2.635627 2.678733 15.201389
 15.600000 -2.747129 2.512027 16.117878
 15.620000 -2.507069 2.692238 12.438904
 15.640000 -2.570774 2.726544 14.231134
 15.660000 -2.507795 2.710996 12.695038
 15.680000 -2.551072 2.608286 12.300618
 15.700000 -2.550338 2.568783 11.893238
 15.720000 -2.615404 2.599949 13.642256
 15.740000 -2.487087 2.667694 11.796160
 15.760000 -2.556133 2.527202 11.649988
 15.780000 -2.532228 2.590872 11.757176
 15.800000 -2.266603 2.644785 9.750240
 15.820000 -2.284567 2.625724 9.584727
 15.840000 -2.088033 2.600907 9.990008
 15.860000 -2.081612 2.553811 9.645701
 15.880000 -2.018595 2.620482 10.815898
 15.900000 -1.950026 2.560697 11.101495
 15.920000 -2.021064 2.434072 9.518851
 15.940000 -2.058693 2.389330 9.026210
 15.960000 -2.188218 2.408679 8.326144
 15.980000 -2.150073 2.367520 8.389568
 16.000000 -2.259861 2.407672 8.256133
 16.020000 -2.154593 2.202460 8.502362
 16.040000 -2.251778 2.270972 8.199474
 16.060000 -2.271603 2.320851 8.184283
 16.080000 -2.367731 2.178625 8.674429
 16.100000 -2.356964 2.290402 8.491176
 16.120000 -2.387399 2.143216 8.843320
 16.140000 -2.430090 2.412938 9.208170
 16.160000 -2.461431 2.249433 9.336740
 16.180000 -2.528259 2.459985 10.712734
 16.200000 -2.444468 2.546048 10.033007
 16.220000 -2.467894 2.639222 11.182442
 16.240000 -2.330936 2.778226 11.531468
 16.260000 -2.451397 2.658074 11.158870
 16.280000 -2.383516 2.864434 13.033325
 16.300000 -2.423407 2.927818 14.234698
 16.320000 -2.463709 3.064741 15.891670
 16.340000 -2.493945 2.848264 14.345636
 16.360000 -2.447681 2.975643 15.060416
 16.380000 -2.599542 -3.123336 18.979711
 16.400000 -2.470460 -2.976780 14.841371
 16.420000 -2.535684 -3.050580 16.813783
 16.440000 -2.552379 -3.130554 17.734588
 16.460000 -2.412129 -2.986806 14.220277
 16.480000 -2.565032 -2.962946 16.405050
 16.500000 -2.443856 -3.076115 15.373193
 16.520000 -2.414427 3.019406 14.951002
 16.540000 -2.327763 3.104402 14.523225
 16.560000 -2.454695 2.965848 15.077174
 16.580000 -2.294123 3.012945 14.011609
 16.600000 -2.619285 2.694988 14.997426
 16.620000 -2.382471 2.722871 11.170172
 16.640000 -2.451774 2.671049 11.311744
 16.660000 -2.466258 2.473183 9.862541
 16.680000 -2.417902 2.350812 8.962827
 16.700000 -2.511769 2.149074 9.886882
 16.720000 -2.363637 2.170457 8.670017
 16.740000 -2.301591 2.007867 8.892883
 16.760000 -2.225101 1.849670 9.387893
 16.780000 -2.318442 1.907393 9.138859
 16.800000 -2.090779 1.960735 9.617191
 16.820000 -2.234396 2.025955 8.865188
 16.840000 -2.030387 1.777641 10.488193
 16.860000 -1.989883 1.848884 10.618659
 16.880000 -2.013483 1.772715 10.605108
 16.900000 -1.826312 1.913203 11.812907
 16.920000 -1.784455 1.794372 12.283064
 16.940000 -1.685993 1.885435 13.156292
 16.960000 -1.758927 1.973142 12.422480
 16.980000 -1.795178 2.065348 11.948011
 17.000000 -1.832372 2.128324 11.446618
 17.020000 -1.719018 2.158162 12.970448
 17.040000 -1.444650 2.195156 16.709124
 17.060000 -1.519625 2.276753 16.070667
 17.080000 -1.257073 2.354187 18.133837
 17.100000 -1.324604 2.189695 17.704585
 17.120000 -1.152273 2.485387 17.907151
 17.140000 -1.154331 2.488153 17.919595
 17.160000 -1.070964 2.579392 17.735023
 17.180000 -0.974245 2.622175 17.370760
 17.200000 -1.188395 2.633696 18.776834
 17.220000 -0.968880 2.722388 18.602035
 17.240000 -1.143497 2.682204 19.099924
 17.260000 -1.032447 2.624669 17.807147
 17.280000 -1.131729 2.430901 17.811856
 17.300000 -1.168558 2.426195 17.969788
 17.320000 -1.206899 2.295103 18.175839
 17.340000 -1.279423 2.266936 18.063703
 17.360000 -1.047312 2.004368 17.017360
 17.380000 -1.417140 2.099058 16.621319
 17.400000 -1.411107 2.051301 16.445063
 17.420000 -1.704469 1.931865 13.000585
 17.440000 -1.768086 1.824154 12.410185
 17.460000 -1.799501 1.762064 12.169952
 17.480000 -1.842899 1.764167 11.841105
 17.500000 -1.782551 1.503113 12.041643
 17.520000 -1.823603 1.535327 11.813703
 17.540000 -1.921415 1.388982 10.875093
 17.560000 -1.988757 1.270766 10.243772
 17.580000 -1.980962 1.199329 10.254985
 17.600000 -2.124594 1.101311 9.495405
 17.620000 -2.108128 1.122121 9.546580
 17.640000 -2.119361 0.981516 9.678782
 17.660000 -2.205929 0.949046 9.479835
 17.680000 -2.170489 0.845680 9.821716
 17.700000 -2.092265 0.667217 10.975142
 17.720000 -2.051695 0.615090 11.484334
 17.740000 -2.158011 0.652925 10.589203
 17.760000 -1.901562 0.477137 12.684642
 17.780000 -2.001326 0.487231 12.243535
 17.800000 -1.729038 0.369471 12.541911
 17.820000 -1.799051 0.414849 12.774019
 17.840000 -1.436946 0.234085 10.482648
 17.860000 -1.329229 0.248116 9.511541
 17.880000 -1.240691 0.106089 9.360456
 17.900000 -1.192700 0.317123 8.483224
 17.920000 -1.060795 0.139954 8.238371
 17.940000 -1.037702 0.176821 8.145269
 17.960000 -1.003579 0.084651 8.182711
 17.980000 -1.249430 0.175989 9.139520
 18.000000 -1.271281 0.092924 9.669067
 18.020000 -1.354795 0.240129 9.748144
 18.040000 -1.441288 0.274158 10.410185
 18.060000 -1.686177 0.575433 12.522728
 18.080000 -1.647651 0.625111 12.449959
 18.100000 -1.518149 0.671539 11.871753
 18.120000 -1.215407 0.626858 9.617409
 18.140000 -1.191911 0.665488 9.811927
 18.160000 -0.979644 0.574783 9.276444
 18.180000 -1.116529 0.691445 9.867068
 18.200000 -0.926733 0.547341 9.374631
 18.220000 -1.311514 0.857542 11.801427
 18.240000 -1.294251 0.735075 10.794829
 18.260000 -1.575370 0.950457 12.937620
 18.280000 -1.759114 0.848545 12.516097
 18.300000 -1.803868 1.005693 11.926422
 18.320000 -1.893550 0.978376 11.281976
 18.340000 -1.933297 0.886508 11.258925
 18.360000 -1.989939 0.812799 11.104861
 18.380000 -2.043368 0.952114 10.187708
 18.400000 -1.752842 0.770088 12.643510
 18.420000 -1.901825 0.848271 11.646964
 18.440000 -1.981871 0.782231 11.296277
 18.460000 -2.157302 0.897583 9.726492
 18.480000 -2.171557 0.906337 9.651881
 18.500000 -2.240516 0.792983 9.740544
 18.520000 -2.167924 1.110859 9.376838
 18.540000 -2.099482 0.912755 9.959856
 18.560000 -2.070477 1.040076 9.810151
 18.580000 -1.893497 1.123133 10.982639
 18.600000 -1.806757 1.044639 11.825988
 18.620000 -1.585265 1.065436 13.021891
 18.640000 -1.671988 1.040225 12.695916
 18.660000 -1.737116 1.096066 12.258688
 18.680000 -1.435608 1.140832 13.344467
 18.700000 -1.201675 1.155992 13.166374
 18.720000 -1.153814 1.205621 13.204006
 18.740000 -1.025865 1.208974 12.868939
 18.760000 -0.997641 1.183591 12.751567
 18.780000 -1.189420 1.227826 13.326892
 18.800000 -1.065187 1.283441 13.078214
 18.820000 -1.159559 1.312697 13.387758
 18.840000 -1.136853 1.151630 13.020715
 18.860000 -1.407569 1.401698 13.644038
 18.880000 -1.464935 1.205751 13.392572
 18.900000 -1.463033 1.315129 13.472242
 18.920000 -1.534658 1.461288 13.360101
 18.940000 -1.631621 1.382574 12.843888
 18.960000 -1.582297 1.424040 13.119155
 18.980000 -1.549177 1.432715 13.270403
 19.000000 -1.720723 1.440878 12.364594
 19.020000 -1.411127 1.351771 13.594124
 19.040000 -1.395760 1.243503 13.514722
 19.060000 -1.387701 1.187396 13.440586
 19.080000 -1.149044 0.969387 12.136511
 19.100000 -1.134392 1.028392 12.477978
 19.120000 -1.094056 0.825954 10.965870
 19.140000 -1.318070 0.951365 12.453055
 19.160000 -1.387560 0.792240 11.723708
 19.180000 -1.589248 0.730854 12.470800
 19.200000 -1.339557 0.705441 10.840010
 19.220000 -1.536787 0.570271 11.594460
 19.240000 -1.266284 0.379844 8.895983
 19.260000 -1.114463 0.346971 8.234244
 19.280000 -1.055422 -0.053254 8.643450
 19.300000 -1.003299 0.134814 8.138465
 19.320000 -0.988464 -0.247485 8.821832
 19.340000 -1.025397 -0.110409 8.626603
 19.360000 -1.092401 -0.301170 9.657545
 19.380000 -0.935900 -0.307643 8.822419
 19.400000 -1.096004 -0.417879 10.093943
 19.420000 -0.981213 -0.404892 9.366824
 19.440000 -1.102230 -0.508824 10.485095
 19.460000 -1.354596 -0.431598 11.930151
 19.480000 -1.126095 -0.404344 10.260956
 19.500000 -1.349820 -0.550754 11.878982
 19.520000 -1.261828 -0.345106 11.193781
 19.540000 -1.417204 -0.356909 12.335702
 19.560000 -1.571587 -0.242895 13.248755
 19.580000 -1.501037 -0.276005 12.872914
 19.600000 -1.493557 -0.199439 12.769783
 19.620000 -1.394240 -0.268262 12.151064
 19.640000 -1.443215 -0.122679 12.200291
 19.660000 -1.179934 -0.058041 9.567236
 19.680000 -1.442738 -0.033103 11.813555
 19.700000 -1.252068 0.131131 9.340604
 19.720000 -1.431607 0.297011 10.277602
 19.740000 -1.326442 0.272551 9.425761
 19.760000 -0.994994 0.446091 8.578356
 19.780000 -1.165431 0.536165 8.901526
 19.800000 -1.017678 0.517291 8.825450
 19.820000 -1.159641 0.832418 11.101221
 19.840000 -1.083611 0.855657 11.203838
 19.860000 -1.352545 1.029042 12.946884
 19.880000 -1.287594 1.287326 13.563761
 19.900000 -1.454473 1.321162 13.494805
 19.920000 -1.504313 1.431533 13.435931
 19.940000 -1.277716 1.334065 13.612998
 19.960000 -1.531629 1.607511 13.646413
 19.980000 -1.129388 1.453656 13.482952
 20.000000 -1.337240 1.766106 15.079179
