#! FIELDS time phi psi metad.bias
#! SET min_phi -pi
#! SET max_phi pi
#! SET min_psi -pi
#! SET max_psi pi
 0.000000 3.141580 -3.141577 25.010581
 0.020000 -2.503764 2.824356 11.604228
 0.040000 -2.495745 2.838110 11.487096
 0.060000 -2.454962 2.807496 11.223729
 0.080000 -2.479451 2.791919 11.476372
 0.100000 -2.388061 2.853520 10.562369
 0.120000 -2.446766 2.837943 11.050201
 0.140000 -2.475853 2.880158 11.170597
 0.160000 -2.534137 2.900568 11.755791
 0.180000 -2.572453 2.969399 12.159422
 0.200000 -2.603742 2.913676 12.714238
 0.220000 -2.615607 2.940434 12.883919
 0.240000 -2.616874 2.930520 12.913622
 0.260000 -2.567867 3.031892 12.000427
 0.280000 -2.483675 3.024837 10.919833
 0.300000 -2.447923 2.995952 10.609890
 0.320000 -2.402653 3.014625 10.183008
 0.340000 -2.438189 3.047724 10.430324
 0.360000 -2.496309 3.052519 11.019685
 0.380000 -2.489426 2.998345 11.028987
 0.400000 -2.451582 2.896018 10.897935
 0.420000 -2.432012 2.935491 10.612485
 0.440000 -2.428240 2.919635 10.626777
 0.460000 -2.290841 2.950665 9.625187
 0.480000 -2.311290 2.899475 9.921895
 0.500000 -2.133953 2.880558 9.178053
 0.520000 -2.244063 2.870276 9.715972
 0.540000 -2.262725 2.796494 10.173746
 0.560000 -2.361595 2.798555 10.642302
 0.580000 -2.382313 2.823611 10.651121
 0.600000 -2.381641 2.731653 11.056595
 0.620000 -2.442103 2.664872 11.616036
 0.640000 -2.447467 2.621310 11.750853
 0.660000 -2.511980 2.538427 12.058644
 0.680000 -2.499275 2.494732 11.962046
 0.700000 -2.544118 2.381904 11.645748
 0.720000 -2.557666 2.390585 11.704467
 0.740000 -2.648059 2.384053 11.870359
 0.760000 -2.635228 2.481474 12.401520
 0.780000 -2.752812 2.381776 12.316498
 0.800000 -2.705419 2.456127 12.620041
 0.820000 -2.686008 2.573321 13.206582
 0.840000 -2.627432 2.742372 13.094534
 0.860000 -2.402919 2.849212 10.679487
 0.880000 -2.399986 2.830605 10.734672
 0.900000 -2.316231 2.926332 9.847492
 0.920000 -2.252464 2.991920 9.299377
 0.940000 -2.250441 3.070434 9.126130
 0.960000 -2.346157 3.098465 9.665783
 0.980000 -2.149948 3.120580 8.499781
 1.000000 -2.360742 3.085332 9.774763
 1.020000 -2.294344 3.138547 9.323286
 1.040000 -2.340023 3.056315 9.669931
 1.060000 -2.558997 3.025870 11.876745
 1.080000 -2.465478 2.992190 10.787808
 1.100000 -2.486651 2.966531 11.061560
 1.120000 -2.614613 2.810652 12.944622
 1.140000 -2.645985 2.674579 13.202999
 1.160000 -2.710791 2.628573 13.731310
 1.180000 -2.819786 2.537509 14.145136
 1.200000 -2.659641 2.439492 12.274314
 1.220000 -2.749277 2.351977 12.059917
 1.240000 -2.728653 2.405481 12.373213
 1.260000 -2.503780 2.503776 11.987960
 1.280000 -2.631670 2.374806 11.759977
 1.300000 -2.429763 2.405330 11.712897
 1.320000 -2.288277 2.473624 11.693441
 1.340000 -2.292367 2.496294 11.654174
 1.360000 -2.184137 2.509485 11.386664
 1.380000 -1.959384 2.591163 9.910465
 1.400000 -1.988990 2.615661 9.956989
 1.420000 -1.656571 2.758637 7.253199
 1.440000 -1.639822 2.697358 7.324744
 1.460000 -1.660894 2.748554 7.297545
 1.480000 -1.390215 2.831929 7.340037
 1.500000 -1.375096 3.008833 8.246770
 1.520000 -1.270278 2.858036 8.517242
 1.540000 -1.193103 2.882802 9.744231
 1.560000 -1.302825 2.818074 7.873450
 1.580000 -1.293601 2.811346 7.899683
 1.600000 -1.260665 2.846079 8.514766
 1.620000 -1.210372 2.632367 7.033724
 1.640000 -1.314960 2.670194 6.859258
 1.660000 -1.228142 2.441013 6.220284
 1.680000 -1.504992 2.478918 7.145039
 1.700000 -1.419541 2.255275 7.513727
 1.720000 -1.289627 2.288135 6.612048
 1.740000 -1.372550 2.245009 7.265543
 1.760000 -1.374352 2.200739 7.509210
 1.780000 -1.451332 2.150538 8.315977
 1.800000 -1.498243 1.966739 9.764484
 1.820000 -1.423000 2.050972 8.775423
 1.840000 -1.271152 1.934256 8.586781
 1.860000 -1.197939 1.965941 7.777490
 1.880000 -1.168460 1.845543 8.548886
 1.900000 -1.137133 1.796224 8.760077
 1.920000 -1.296715 1.812121 9.825083
 1.940000 -1.032709 1.647695 9.480005
 1.960000 -1.166708 1.803179 8.924132
 1.980000 -1.013912 1.586087 9.979070
 2.000000 -1.231752 1.772970 9.711520
 2.020000 -1.177324 1.544581 11.460462
 2.040000 -1.277968 1.635933 11.264840
 2.060000 -1.147733 1.395161 12.380686
 2.080000 -1.264715 1.582738 11.637696
 2.100000 -1.176472 1.394482 12.526944
 2.120000 -1.153719 1.534645 11.399067
 2.140000 -1.279361 1.448528 12.631920
 2.160000 -1.292945 1.454554 12.637847
 2.180000 -1.334760 1.389623 13.030129
 2.200000 -1.381002 1.293695 13.336144
 2.220000 -1.313869 1.417743 12.877040
 2.240000 -1.306159 1.214543 13.407941
 2.260000 -1.278875 1.310864 13.210075
 2.280000 -1.264450 1.020662 13.050694
 2.300000 -1.139535 0.990083 12.566986
 2.320000 -1.265218 0.846470 12.286628
 2.340000 -1.236378 0.745453 11.609702
 2.360000 -1.310626 0.704446 11.537589
 2.380000 -1.386387 0.784996 12.312296
 2.400000 -1.258082 0.606833 10.721146
 2.420000 -1.328883 0.715221 11.667541
 2.440000 -1.254658 0.494559 9.935204
 2.460000 -1.207276 0.429286 9.511478
 2.480000 -1.142053 0.324204 9.073830
 2.500000 -1.136648 0.250068 8.836082
 2.520000 -0.938969 0.080514 9.366159
 2.540000 -1.208803 0.159567 8.517557
 2.560000 -1.178478 0.118974 8.554173
 2.580000 -1.217380 0.098266 8.468736
 2.600000 -1.319962 0.122329 8.333280
 2.620000 -1.219111 0.086373 8.467403
 2.640000 -1.133356 -0.050174 8.940379
 2.660000 -1.241834 0.080829 8.423861
 2.680000 -1.259094 0.088758 8.392277
 2.700000 -1.187476 0.068324 8.549094
 2.720000 -1.339632 0.090560 8.289596
 2.740000 -1.477961 0.290249 8.897835
 2.760000 -1.218284 0.014222 8.541476
 2.780000 -1.391881 0.372603 9.315615
 2.800000 -0.983042 0.088658 9.184587
 2.820000 -1.131543 0.335659 9.144666
 2.840000 -0.982609 0.196597 9.276820
 2.860000 -1.153689 0.332918 9.086345
 2.880000 -0.995945 0.362259 9.782061
 2.900000 -1.326213 0.533206 10.326724
 2.920000 -1.358029 0.675198 11.475738
 2.940000 -1.406480 0.719424 11.945929
 2.960000 -1.478737 0.997901 13.378294
 2.980000 -1.396365 0.866241 12.791204
 3.000000 -1.391809 1.042144 13.377528
 3.020000 -1.285263 1.089514 13.280311
 3.040000 -1.286551 1.051764 13.198531
 3.060000 -1.194393 1.213435 13.130118
 3.080000 -1.317894 1.324785 13.235762
 3.100000 -1.157086 1.284933 12.878926
 3.120000 -1.375626 1.422746 12.915714
 3.140000 -1.423969 1.291540 13.301907
 3.160000 -1.276989 1.350216 13.082835
 3.180000 -1.600612 1.375671 12.442152
 3.200000 -1.455357 1.452467 12.719277
 3.220000 -1.556347 1.179925 13.212834
 3.240000 -1.503118 1.289480 13.124083
 3.260000 -1.734865 1.391574 11.597002
 3.280000 -1.529314 1.109580 13.386270
 3.300000 -1.635353 1.263095 12.659061
 3.320000 -1.509664 1.212028 13.279500
 3.340000 -1.379197 1.138275 13.477071
 3.360000 -1.301872 1.129970 13.376885
 3.380000 -1.160528 1.127365 12.975098
 3.400000 -1.219070 1.017923 12.908745
 3.420000 -1.167970 1.118323 12.988825
 3.440000 -1.290834 0.961867 12.914517
 3.460000 -1.271922 1.084750 13.238436
 3.480000 -1.281594 0.978157 12.951322
 3.500000 -1.478645 1.023412 13.414587
 3.520000 -1.437781 0.979743 13.300551
 3.540000 -1.601067 1.121325 13.202244
 3.560000 -1.461775 0.980930 13.331818
 3.580000 -1.661825 0.952606 13.205664
 3.600000 -1.406722 0.946842 13.150698
 3.620000 -1.355695 0.954140 13.058617
 3.640000 -1.070549 0.741478 11.410138
 3.660000 -1.074778 0.810999 11.717425
 3.680000 -1.179938 0.825173 11.944078
 3.700000 -1.232187 0.763100 11.709120
 3.720000 -1.436831 0.875630 12.939934
 3.740000 -1.328851 0.729279 11.763471
 3.760000 -1.494777 0.901624 13.152903
 3.780000 -1.257207 0.732918 11.580725
 3.800000 -1.401615 0.737729 12.055966
 3.820000 -1.072169 0.586067 10.625981
 3.840000 -1.251540 0.676450 11.191605
 3.860000 -1.096344 0.465941 9.890834
 3.880000 -1.022188 0.569124 10.693210
 3.900000 -1.163200 0.650231 10.905225
 3.920000 -1.185952 0.554272 10.295700
 3.940000 -1.398229 0.840061 12.664274
 3.960000 -1.460124 0.689123 11.890685
 3.980000 -1.555987 0.666252 11.925002
 4.000000 -1.369100 0.697065 11.668458
 4.020000 -1.466646 0.588665 11.126164
 4.040000 -1.356422 0.691158 11.585549
 4.060000 -1.337842 0.561920 10.569109
 4.080000 -1.325574 0.510444 10.157960
 4.100000 -1.180052 0.414370 9.446976
 4.120000 -1.407702 0.523190 10.448190
 4.140000 -1.099346 0.255331 8.953081
 4.160000 -1.173178 0.386301 9.306091
 4.180000 -0.988440 0.208808 9.275121
 4.200000 -1.132116 0.227406 8.791281
 4.220000 -1.129956 0.140951 8.681068
 4.240000 -1.386115 0.186821 8.429044
 4.260000 -1.295361 0.034528 8.356322
 4.280000 -1.438005 0.173496 8.389149
 4.300000 -1.348658 -0.061661 8.422047
 4.320000 -1.251728 0.117958 8.411836
 4.340000 -1.145147 -0.168839 9.332982
 4.360000 -1.264850 0.139008 8.411058
 4.380000 -1.268822 -0.019620 8.482702
 4.400000 -1.280166 0.070796 8.360579
 4.420000 -1.233080 0.044528 8.466356
 4.440000 -1.254733 0.059144 8.410233
 4.460000 -1.262694 0.221322 8.565923
 4.480000 -1.255106 0.180073 8.481474
 4.500000 -1.205247 0.196001 8.577106
 4.520000 -1.384881 0.282602 8.798768
 4.540000 -1.294935 0.292321 8.805974
 4.560000 -1.441729 0.305204 8.958964
 4.580000 -1.307061 0.427837 9.553700
 4.600000 -1.341563 0.387349 9.340773
 4.620000 -1.380863 0.476540 10.025862
 4.640000 -1.334322 0.702231 11.594026
 4.660000 -1.270970 0.549987 10.340774
 4.680000 -1.134577 0.781550 11.634707
 4.700000 -1.249112 0.797558 11.960566
 4.720000 -1.061906 0.716125 11.299659
 4.740000 -1.005161 0.848222 11.822910
 4.760000 -1.007366 0.891778 11.951571
 4.780000 -1.110605 0.863469 11.990656
 4.800000 -1.179791 1.114464 13.023302
 4.820000 -1.284066 0.997448 13.027859
 4.840000 -1.465474 0.966915 13.303757
 4.860000 -1.532779 1.153278 13.324411
 4.880000 -1.571123 1.020836 13.368983
 4.900000 -1.428947 1.044039 13.417730
 4.920000 -1.559741 1.055155 13.376692
 4.940000 -1.484379 0.974999 13.339644
 4.960000 -1.413193 0.910539 13.031216
 4.980000 -1.618012 1.015892 13.297325
 5.000000 -1.394995 0.734502 12.012700
 5.020000 -1.460318 1.037366 13.425647
 5.040000 -1.227503 0.668237 11.089605
 5.060000 -1.324271 0.915249 12.812845
 5.080000 -1.008798 0.568963 10.744925
 5.100000 -1.219588 0.823525 12.030849
 5.120000 -0.909760 0.593321 11.332851
 5.140000 -1.249303 0.666144 11.116680
 5.160000 -1.360766 0.795783 12.295429
 5.180000 -1.274442 0.676198 11.242904
 5.200000 -1.365469 0.631913 11.177813
 5.220000 -1.595544 0.792369 12.787086
 5.240000 -1.279843 0.438660 9.592124
 5.260000 -1.368511 0.583692 10.817372
 5.280000 -1.343276 0.504230 10.150156
 5.300000 -1.263117 0.494965 9.946898
 5.320000 -1.229942 0.547292 10.269151
 5.340000 -1.253257 0.455200 9.675213
 5.360000 -1.195355 0.426472 9.501573
 5.380000 -1.322618 0.428865 9.581529
 5.400000 -1.245436 0.296535 8.831766
 5.420000 -1.203684 0.172678 8.542701
 5.440000 -1.369453 0.205659 8.486327
 5.460000 -1.513968 0.293829 8.932695
 5.480000 -1.379482 0.026915 8.254242
 5.500000 -1.560345 0.208348 8.496030
 5.520000 -1.333103 0.079107 8.291498
 5.540000 -1.535413 0.062554 8.205571
 5.560000 -1.356900 -0.038748 8.362366
 5.580000 -1.390756 -0.021307 8.297143
 5.600000 -1.263586 -0.175555 8.962557
 5.620000 -1.341755 -0.045169 8.395835
 5.640000 -1.284722 -0.140030 8.774817
 5.660000 -1.430747 -0.087350 8.429997
 5.680000 -1.281926 -0.124082 8.726807
 5.700000 -1.266811 0.001465 8.450802
 5.720000 -1.106407 -0.088983 9.159885
 5.740000 -0.995222 0.010680 9.238321
 5.760000 -1.081039 -0.031679 9.058738
 5.780000 -1.117310 0.165262 8.731967
 5.800000 -1.006961 0.121951 9.087692
 5.820000 -1.246955 0.411000 9.402742
 5.840000 -1.065636 0.263112 9.088599
 5.860000 -1.401920 0.644493 11.384667
 5.880000 -1.230086 0.440665 9.575667
 5.900000 -1.425562 0.720383 12.012163
 5.920000 -1.177125 0.590282 10.528463
 5.940000 -1.530623 0.849999 13.004336
 5.960000 -1.308794 0.818433 12.262566
 5.980000 -1.381338 1.101651 13.452940
 6.000000 -1.135800 0.981718 12.526713
 6.020000 -1.347353 1.224286 13.442917
 6.040000 -1.255448 1.131910 13.275460
 6.060000 -1.328523 1.329714 13.232567
 6.080000 -1.371896 1.196313 13.471200
 6.100000 -1.275601 1.330266 13.146650
 6.120000 -1.319981 1.212658 13.427147
 6.140000 -1.392900 1.337018 13.219105
 6.160000 -1.253035 1.267022 13.247437
 6.180000 -1.339583 1.272040 13.375157
 6.200000 -1.269401 1.306601 13.200738
 6.220000 -1.498895 1.373518 12.890763
 6.240000 -1.426158 1.233738 13.406515
 6.260000 -1.453428 1.352243 13.084015
 6.280000 -1.263107 1.315250 13.162363
 6.300000 -1.384758 1.276712 13.369912
 6.320000 -1.227744 1.322737 13.039622
 6.340000 -1.164427 1.267109 12.950337
 6.360000 -1.102991 1.275557 12.653205
 6.380000 -0.916625 1.256548 11.764436
 6.400000 -1.078235 1.319895 12.377989
 6.420000 -1.153242 1.364833 12.567341
 6.440000 -1.245994 1.326260 13.084171
 6.460000 -1.355960 1.222086 13.448849
 6.480000 -1.429828 1.375212 13.055569
 6.500000 -1.381719 1.202163 13.468525
 6.520000 -1.518462 1.214795 13.250246
 6.540000 -1.503771 1.126853 13.412286
 6.560000 -1.485971 1.137544 13.429701
 6.580000 -1.517069 1.145821 13.368862
 6.600000 -1.477586 1.064142 13.448242
 6.620000 -1.425561 0.935101 13.148718
 6.640000 -1.495703 1.036262 13.427538
 6.660000 -1.312725 0.785839 12.078935
 6.680000 -1.231062 0.789759 11.866411
 6.700000 -1.029113 0.656404 11.083983
 6.720000 -1.082689 0.683552 11.121145
 6.740000 -1.087472 0.572906 10.517862
 6.760000 -1.286711 0.536373 10.270587
 6.780000 -1.301576 0.588657 10.680714
 6.800000 -1.359043 0.432440 9.664016
 6.820000 -1.419542 0.432572 9.774573
 6.840000 -1.427999 0.365978 9.320705
 6.860000 -1.284619 0.130550 8.378379
 6.880000 -1.240874 0.162947 8.471637
 6.900000 -1.165254 -0.063687 8.878028
 6.920000 -1.294248 -0.012652 8.417702
 6.940000 -1.416029 -0.110473 8.505810
 6.960000 -1.357128 0.004375 8.296381
 6.980000 -1.154093 -0.209315 9.472541
 7.000000 -1.169820 -0.123501 9.064831
 7.020000 -1.060734 -0.162165 9.620323
 7.040000 -1.237130 -0.107305 8.791492
 7.060000 -1.187994 -0.025744 8.704415
 7.080000 -1.310900 -0.011816 8.385697
 7.100000 -1.207537 0.006937 8.581265
 7.120000 -1.336517 0.120465 8.317253
 7.140000 -1.230520 0.193920 8.536508
 7.160000 -1.178159 0.232062 8.701746
 7.180000 -1.185811 0.481074 9.830390
 7.200000 -1.265482 0.459072 9.710124
 7.220000 -1.316031 0.636428 11.067633
 7.240000 -1.187773 0.697342 11.218026
 7.260000 -1.291791 0.804330 12.126152
 7.280000 -1.002973 0.869670 11.885009
 7.300000 -1.370826 1.031562 13.324163
 7.320000 -1.327637 0.937893 12.920727
 7.340000 -1.279254 1.010707 13.059407
 7.360000 -1.374100 1.083240 13.424213
 7.380000 -1.393034 1.013009 13.316591
 7.400000 -1.283885 1.086293 13.270803
 7.420000 -1.266394 1.095558 13.245732
 7.440000 -1.318076 1.180906 13.432939
 7.460000 -1.068694 1.040779 12.486143
 7.480000 -1.341773 1.256808 13.401303
 7.500000 -1.281049 1.108556 13.303901
 7.520000 -1.394320 1.300395 13.313785
 7.540000 -1.317140 1.046860 13.257784
 7.560000 -1.323750 1.185642 13.440167
 7.580000 -1.233031 1.034701 13.003713
 7.600000 -1.346361 0.995997 13.179555
 7.620000 -1.187490 0.877445 12.230094
 7.640000 -1.202384 0.910784 12.430589
 7.660000 -1.332617 0.875878 12.649774
 7.680000 -1.126821 0.745359 11.436465
 7.700000 -1.314597 0.712432 11.604567
 7.720000 -1.335185 0.603157 10.873313
 7.740000 -1.202728 0.494229 9.907660
 7.760000 -1.309285 0.439029 9.629772
 7.780000 -1.249302 0.304907 8.865002
 7.800000 -1.271328 0.274612 8.735698
 7.820000 -1.262699 0.194162 8.501360
 7.840000 -1.196474 0.158274 8.538850
 7.860000 -1.108285 0.221213 8.843177
 7.880000 -1.238958 0.142296 8.449937
 7.900000 -1.155938 0.193575 8.668737
 7.920000 -1.215553 0.185458 8.542579
 7.940000 -1.252740 0.100871 8.404055
 7.960000 -1.222425 0.226376 8.619641
 7.980000 -1.399961 0.192205 8.444754
 8.000000 -1.321134 0.207137 8.497853
 8.020000 -1.285382 0.219965 8.548213
 8.040000 -1.247803 0.189754 8.507508
 8.060000 -1.369265 0.279912 8.777123
 8.080000 -1.227469 0.198534 8.549464
 8.100000 -1.403527 0.296238 8.880172
 8.120000 -1.168191 0.225356 8.704791
 8.140000 -1.199168 0.356268 9.128399
 8.160000 -1.261780 0.322951 8.942286
 8.180000 -1.148268 0.437631 9.617852
 8.200000 -1.167020 0.353851 9.156541
 8.220000 -1.262095 0.470311 9.780657
 8.240000 -1.236806 0.403182 9.356374
 8.260000 -1.360120 0.468397 9.922416
 8.280000 -1.306743 0.480314 9.907688
 8.300000 -1.341576 0.638890 11.158441
 8.320000 -1.267326 0.514868 10.088706
 8.340000 -1.314912 0.598748 10.787197
 8.360000 -1.211170 0.579374 10.470322
 8.380000 -1.230773 0.575039 10.459296
 8.400000 -0.937282 0.610688 11.245745
 8.420000 -1.103848 0.650698 10.926231
 8.440000 -1.153609 0.613381 10.676293
 8.460000 -1.334369 0.658322 11.279893
 8.480000 -1.380443 0.691152 11.662510
 8.500000 -1.466613 0.762315 12.409533
 8.520000 -1.447206 0.786785 12.506894
 8.540000 -1.388123 0.747260 12.076359
 8.560000 -1.349072 0.809478 12.339399
 8.580000 -1.192580 0.734421 11.452339
 8.600000 -1.189928 0.763831 11.622278
 8.620000 -1.112149 0.764230 11.524671
 8.640000 -1.252411 0.779404 11.860656
 8.660000 -1.300033 0.745272 11.780972
 8.680000 -1.379850 0.853486 12.679769
 8.700000 -1.230084 0.762346 11.699446
 8.720000 -1.417507 0.833534 12.685257
 8.740000 -1.438889 0.727449 12.101516
 8.760000 -1.516014 0.760444 12.512288
 8.780000 -1.438004 0.670995 11.693771
 8.800000 -1.299244 0.654292 11.152141
 8.820000 -1.277505 0.601398 10.720272
 8.840000 -1.316505 0.618369 10.936243
 8.860000 -1.168740 0.381021 9.285346
 8.880000 -1.111756 0.383615 9.413606
 8.900000 -1.173091 0.364403 9.197396
 8.920000 -1.146844 0.311219 9.012659
 8.940000 -1.174919 0.342755 9.094325
 8.960000 -1.185682 0.266455 8.784899
 8.980000 -1.130089 0.255559 8.867506
 9.000000 -1.358338 0.232203 8.575663
 9.020000 -1.393674 0.205193 8.486204
 9.040000 -1.441607 0.245374 8.654194
 9.060000 -1.430690 0.145430 8.318414
 9.080000 -1.448835 0.241937 8.641511
 9.100000 -1.324156 0.137468 8.348700
 9.120000 -1.616897 0.314451 9.028695
 9.140000 -1.585871 0.181724 8.384146
 9.160000 -1.465643 0.221257 8.557621
 9.180000 -1.498778 0.231149 8.604335
 9.200000 -1.311921 0.222640 8.545930
 9.220000 -1.260197 0.266951 8.711390
 9.240000 -1.292340 0.401146 9.370988
 9.260000 -1.127970 0.222989 8.792261
 9.280000 -1.189410 0.322541 8.986643
 9.300000 -1.211439 0.316546 8.937466
 9.320000 -1.189025 0.268430 8.785927
 9.340000 -1.067273 0.252052 9.051510
 9.360000 -1.096436 0.411206 9.596321
 9.380000 -0.992864 0.343913 9.715669
 9.400000 -1.131479 0.458662 9.766905
 9.420000 -1.252663 0.635692 10.913428
 9.440000 -1.273271 0.508700 10.053986
 9.460000 -1.430057 0.718347 12.011668
 9.480000 -1.291676 0.645967 11.073022
 9.500000 -1.295730 0.637134 11.019650
 9.520000 -1.273116 0.740585 11.672774
 9.540000 -1.251390 0.620990 10.808487
 9.560000 -1.267801 0.811186 12.094386
 9.580000 -1.367472 0.751166 12.034566
 9.600000 -1.375585 0.952608 13.101514
 9.620000 -1.333209 0.878819 12.666337
 9.640000 -1.515239 1.039878 13.422404
 9.660000 -1.266911 0.898057 12.559971
 9.680000 -1.270366 0.860392 12.377598
 9.700000 -1.101966 0.811856 11.745414
 9.720000 -1.229862 0.831012 12.099918
 9.740000 -1.122633 0.676689 11.059872
 9.760000 -1.203367 0.808087 11.903803
 9.780000 -1.167833 0.523105 10.103242
 9.800000 -1.390119 0.810168 12.474185
 9.820000 -1.405364 0.560488 10.737647
 9.840000 -1.439196 0.637458 11.441831
 9.860000 -1.347958 0.531932 10.367871
 9.880000 -1.355133 0.497722 10.127857
 9.900000 -1.317792 0.486989 9.973914
 9.920000 -1.287339 0.387270 9.285033
 9.940000 -1.256544 0.371367 9.183282
 9.960000 -1.275143 0.424827 9.501093
 9.980000 -1.245457 0.384530 9.252880
 10.000000 -1.336674 0.496514 10.079471
 10.020000 -1.214067 0.438146 9.561231
 10.040000 -1.334846 0.627767 11.056237
 10.060000 -1.252322 0.576905 10.500853
 10.080000 -1.273946 0.643865 11.015511
 10.100000 -1.210618 0.662966 11.028297
 10.120000 -1.260941 0.716233 11.480500
 10.140000 -1.115265 0.771472 11.563325
 10.160000 -1.265320 0.782534 11.915514
 10.180000 -1.041877 0.719018 11.334817
 10.200000 -1.291128 0.979743 12.983959
 10.220000 -1.238414 0.823124 12.079169
 10.240000 -1.392166 1.100110 13.459496
 10.260000 -1.286813 1.018990 13.106102
 10.280000 -1.365584 1.167885 13.476548
 10.300000 -1.309230 1.190551 13.420207
 10.320000 -1.271443 1.100270 13.267015
 10.340000 -1.302562 1.114174 13.358207
 10.360000 -1.173322 1.063228 12.895927
 10.380000 -1.323845 1.203333 13.435993
 10.400000 -1.174648 1.022813 12.784959
 10.420000 -1.387097 1.158263 13.483993
 10.440000 -1.413086 1.073392 13.445422
 10.460000 -1.518821 0.996659 13.387117
 10.480000 -1.433464 1.009496 13.361740
 10.500000 -1.435144 0.878693 12.949435
 10.520000 -1.310354 0.764335 11.935899
 10.540000 -1.200540 0.817976 11.952340
 10.560000 -1.046644 0.530142 10.402077
 10.580000 -1.119738 0.697633 11.176638
 10.600000 -1.071194 0.389129 9.569051
 10.620000 -1.186518 0.606417 10.635242
 10.640000 -1.190427 0.440157 9.583421
 10.660000 -1.449135 0.657618 11.625282
 10.680000 -1.235271 0.388683 9.275799
 10.700000 -1.423668 0.532862 10.564941
 10.720000 -1.250346 0.336872 9.009001
 10.740000 -1.323565 0.367971 9.204375
 10.760000 -1.150766 0.233796 8.761523
 10.780000 -1.359088 0.337204 9.064373
 10.800000 -1.200674 0.100090 8.503756
 10.820000 -1.397155 0.369839 9.305034
 10.840000 -1.158464 0.153806 8.615904
 10.860000 -1.238219 0.167277 8.481403
 10.880000 -1.242946 0.174215 8.485780
 10.900000 -1.315185 0.203330 8.489495
 10.920000 -1.172141 0.051156 8.605894
 10.940000 -1.309371 0.276295 8.739928
 10.960000 -1.167035 0.148806 8.592494
 10.980000 -1.281663 0.265810 8.699651
 11.000000 -1.207801 0.273463 8.776798
 11.020000 -1.307845 0.351680 9.100595
 11.040000 -1.237240 0.288133 8.803095
 11.060000 -1.270032 0.459116 9.714733
 11.080000 -1.233011 0.414090 9.418664
 11.100000 -1.279193 0.460557 9.734098
 11.120000 -1.260593 0.551493 10.335174
 11.140000 -1.303040 0.712388 11.569879
 11.160000 -1.232979 0.591708 10.576647
 11.180000 -1.419430 0.958395 13.212451
 11.200000 -1.315162 0.631736 11.030944
 11.220000 -1.434714 1.012154 13.368336
 11.240000 -1.323645 0.923023 12.845731
 11.260000 -1.326219 0.905666 12.774596
 11.280000 -1.045348 0.970841 12.242292
 11.300000 -1.189645 0.918707 12.430507
 11.320000 -1.157550 1.031116 12.755550
 11.340000 -1.173217 1.081298 12.938167
 11.360000 -1.213901 1.045852 12.978559
 11.380000 -1.352113 1.136657 13.456002
 11.400000 -1.315972 1.019353 13.180225
 11.420000 -1.297359 1.197423 13.400373
 11.440000 -1.200388 1.022682 12.866207
 11.460000 -1.221705 1.047113 13.005928
 11.480000 -1.320293 1.096152 13.364953
 11.500000 -1.276133 1.053575 13.176749
 11.520000 -1.401984 1.138521 13.484189
 11.540000 -1.421387 1.007984 13.344648
 11.560000 -1.278280 0.971249 12.915492
 11.580000 -1.450809 1.013451 13.385524
 11.600000 -1.271816 0.764526 11.822305
 11.620000 -1.257380 0.687884 11.282189
 11.640000 -1.127108 0.523405 10.153065
 11.660000 -1.389880 0.660942 11.471219
 11.680000 -1.189191 0.380954 9.260152
 11.700000 -1.263361 0.419362 9.459401
 11.720000 -1.158032 0.270892 8.848876
 11.740000 -1.340032 0.315922 8.935451
 11.760000 -1.146893 0.160657 8.649460
 11.780000 -1.195241 0.255779 8.737852
 11.800000 -1.062804 -0.084314 9.293061
 11.820000 -1.185815 0.124643 8.538882
 11.840000 -1.128626 0.008521 8.803400
 11.860000 -1.360151 0.221725 8.538882
 11.880000 -1.205076 0.190158 8.566999
 11.900000 -1.283151 0.409009 9.410809
 11.920000 -1.214373 0.376945 9.220171
 11.940000 -1.349681 0.517679 10.264738
 11.960000 -1.215644 0.550725 10.281047
 11.980000 -1.278166 0.679180 11.272852
 12.000000 -1.122302 0.641910 10.861702
 12.020000 -1.229559 0.752055 11.634880
 12.040000 -1.252995 0.785618 11.899853
 12.060000 -1.309612 1.007455 13.128082
 12.080000 -1.211303 0.943373 12.602191
 12.100000 -1.352945 1.111341 13.434659
 12.120000 -1.374149 1.154771 13.479452
 12.140000 -1.540143 1.114679 13.360999
 12.160000 -1.416156 1.304664 13.281741
 12.180000 -1.460361 1.343147 13.095310
 12.200000 -1.404860 1.254089 13.397227
 12.220000 -1.405350 1.245766 13.410002
 12.240000 -1.373992 1.274624 13.377376
 12.260000 -1.315949 1.319572 13.248058
 12.280000 -1.067662 1.117223 12.606298
 12.300000 -1.092378 1.233294 12.689870
 12.320000 -1.238971 1.257228 13.225933
 12.340000 -1.318957 1.225257 13.417528
 12.360000 -1.229988 1.105358 13.164642
 12.380000 -1.223544 1.141477 13.198782
 12.400000 -1.157083 1.077276 12.874638
 12.420000 -1.180747 0.944808 12.517915
 12.440000 -1.216538 0.803651 11.910490
 12.460000 -1.301252 0.800146 12.130435
 12.480000 -1.448501 0.845480 12.827802
 12.500000 -1.263437 0.587100 10.591108
 12.520000 -1.290866 0.637123 11.007511
 12.540000 -1.391767 0.591290 10.942682
 12.560000 -1.263391 0.521424 10.129002
 12.580000 -1.144164 0.454306 9.718915
 12.600000 -1.191535 0.406313 9.391962
 12.620000 -1.140934 0.254496 8.837890
 12.640000 -1.230532 0.323191 8.952774
 12.660000 -1.126585 0.203693 8.758166
 12.680000 -1.136399 0.272396 8.901509
 12.700000 -1.219651 0.169449 8.511766
 12.720000 -1.387049 0.273457 8.756476
 12.740000 -1.096407 -0.059642 9.092914
 12.760000 -1.357222 0.102167 8.283085
 12.780000 -1.396481 0.093466 8.250688
 12.800000 -1.411674 0.088982 8.239674
 12.820000 -1.529912 0.122450 8.257793
 12.840000 -1.504444 0.155741 8.335232
 12.860000 -1.481589 0.124747 8.269187
 12.880000 -1.509868 0.056497 8.204521
 12.900000 -1.547854 0.163030 8.345011
 12.920000 -1.338233 -0.034720 8.380477
 12.940000 -1.508491 0.122246 8.260733
 12.960000 -1.388172 0.150063 8.337689
 12.980000 -1.348549 0.168708 8.391456
 13.000000 -1.389779 0.253751 8.669879
 13.020000 -1.235978 0.311528 8.898992
 13.040000 -1.086710 0.070613 8.831726
 13.060000 -1.114584 0.333922 9.180325
 13.080000 -1.054571 0.313624 9.301523
 13.100000 -1.073178 0.259465 9.050995
 13.120000 -0.962359 0.398544 10.146867
 13.140000 -0.988993 0.323263 9.647467
 13.160000 -1.180627 0.448795 9.641179
 13.180000 -1.371635 0.531542 10.423139
 13.200000 -1.453720 0.616383 11.316453
 13.220000 -1.389267 0.374527 9.324374
 13.240000 -1.509047 0.579699 11.145237
 13.260000 -1.356423 0.444177 9.741596
 13.280000 -1.367955 0.519602 10.322540
 13.300000 -1.157014 0.515960 10.068031
 13.320000 -1.323868 0.565278 10.559839
 13.340000 -1.244646 0.503834 9.988153
 13.360000 -1.271096 0.681296 11.269925
 13.380000 -1.225750 0.651074 10.971689
 13.400000 -1.172557 0.780319 11.684966
 13.420000 -1.328072 0.927692 12.878752
 13.440000 -1.361881 0.725400 11.843060
 13.460000 -1.454974 0.933276 13.195706
 13.480000 -1.472112 0.951278 13.272304
 13.500000 -1.529696 0.915130 13.230357
 13.520000 -1.442946 0.911083 13.097483
 13.540000 -1.543873 1.097694 13.371765
 13.560000 -1.334941 0.894648 12.748616
 13.580000 -1.160110 0.907403 12.298590
 13.600000 -1.105744 0.888419 12.087888
 13.620000 -1.107968 0.761243 11.507221
 13.640000 -0.990566 0.790372 11.655327
 13.660000 -1.061901 0.742755 11.420151
 13.680000 -1.077657 0.605667 10.719545
 13.700000 -1.323504 0.848111 12.476245
 13.720000 -1.413979 0.517930 10.421847
 13.740000 -1.414319 0.588092 10.981804
 13.760000 -1.467615 0.564310 10.928566
 13.780000 -1.585714 0.569525 11.153500
 13.800000 -1.376661 0.383386 9.363638
 13.820000 -1.366477 0.394795 9.422598
 13.840000 -1.198666 0.319713 8.963757
 13.860000 -1.050541 0.245900 9.097719
 13.880000 -1.075121 0.222321 8.951386
 13.900000 -1.261790 0.196712 8.507630
 13.920000 -1.022464 0.051915 9.070791
 13.940000 -1.345881 0.292385 8.823338
 13.960000 -1.000296 0.047120 9.156162
 13.980000 -1.135743 0.248458 8.833987
 14.000000 -1.255015 0.165228 8.457020
 14.020000 -1.290477 0.331117 8.985148
 14.040000 -1.223635 0.257856 8.708006
 14.060000 -1.449964 0.570493 10.936098
 14.080000 -1.454169 0.576405 10.994954
 14.100000 -1.309007 0.665977 11.262264
 14.120000 -1.383019 0.867518 12.759506
 14.140000 -1.214525 0.742977 11.545710
 14.160000 -1.313909 0.880212 12.614017
 14.180000 -1.479727 0.996189 13.375996
 14.200000 -1.415225 0.941399 13.149640
 14.220000 -1.289891 1.175052 13.386211
 14.240000 -1.242047 1.144904 13.254996
 14.260000 -1.157923 1.202738 13.000943
 14.280000 -1.254792 1.210919 13.309454
 14.300000 -1.396850 1.192161 13.472489
 14.320000 -1.155153 1.300866 12.826267
 14.340000 -1.261235 1.254128 13.287171
 14.360000 -1.266710 1.234449 13.321967
 14.380000 -1.314331 1.313787 13.261630
 14.400000 -1.385354 1.258039 13.403193
 14.420000 -1.181869 1.078332 12.960163
 14.440000 -1.270636 1.252898 13.309732
 14.460000 -1.164797 1.120619 12.981080
 14.480000 -1.242995 1.306440 13.133786
 14.500000 -1.300042 1.088262 13.310881
 14.520000 -1.411103 1.381448 13.059240
 14.540000 -1.152437 1.144413 12.964332
 14.560000 -1.357121 1.206453 13.460970
 14.580000 -1.177010 1.074261 12.934798
 14.600000 -1.392540 1.036312 13.367023
 14.620000 -1.250371 0.967070 12.817462
 14.640000 -1.257884 1.068257 13.164921
 14.660000 -1.221130 0.758409 11.654571
 14.680000 -1.389832 1.095773 13.453720
 14.700000 -1.365257 0.721089 11.824406
 14.720000 -1.529454 0.912257 13.222169
 14.740000 -1.342949 0.735401 11.849724
 14.760000 -1.184750 0.518167 10.063510
 14.780000 -1.292080 0.582901 10.617475
 14.800000 -1.196695 0.388764 9.293769
 14.820000 -1.046090 0.416841 9.805562
 14.840000 -1.077197 0.407942 9.641419
 14.860000 -1.225605 0.436149 9.548219
 14.880000 -1.245508 0.308789 8.882939
 14.900000 -1.309813 0.386568 9.299730
 14.920000 -1.322551 0.373713 9.236638
 14.940000 -1.329098 0.367235 9.205589
 14.960000 -1.448720 0.427795 9.789980
 14.980000 -1.450297 0.346367 9.218082
 15.000000 -1.477671 0.301273 8.961187
 15.020000 -1.516770 0.451563 10.076985
 15.040000 -1.454007 0.439467 9.888184
 15.060000 -1.455817 0.395393 9.561229
 15.080000 -1.571202 0.417638 9.831995
 15.100000 -1.372057 0.446544 9.787546
 15.120000 -1.286143 0.495491 9.980633
 15.140000 -1.136843 0.448562 9.699524
 15.160000 -1.127718 0.575204 10.462366
 15.180000 -1.114908 0.522541 10.170146
 15.200000 -1.296105 0.681435 11.335875
 15.220000 -1.126341 0.628737 10.782202
 15.240000 -1.337907 0.822786 12.380751
 15.260000 -1.293629 0.769159 11.915452
 15.280000 -1.417328 0.855590 12.797051
 15.300000 -1.377251 0.861169 12.711102
 15.320000 -1.471919 1.106883 13.458533
 15.340000 -1.371871 0.900205 12.881168
 15.360000 -1.323804 1.060053 13.302602
 15.380000 -1.256980 1.064654 13.153797
 15.400000 -1.290497 0.902126 12.650600
 15.420000 -1.118109 1.025184 12.609645
 15.440000 -1.230985 0.921722 12.564762
 15.460000 -1.191812 0.930834 12.490585
 15.480000 -1.231043 0.984578 12.827525
 15.500000 -1.218721 0.801296 11.902390
 15.520000 -1.347911 0.968902 13.093000
 15.540000 -1.230307 0.811351 11.990100
 15.560000 -1.339215 0.825766 12.401945
 15.580000 -1.342174 0.848545 12.537392
 15.600000 -1.345992 0.742848 11.909344
 15.620000 -1.432508 0.828829 12.702095
 15.640000 -1.258094 0.668919 11.154476
 15.660000 -1.255615 0.665489 11.125499
 15.680000 -1.258517 0.626526 10.860594
 15.700000 -1.261014 0.500010 9.978844
 15.720000 -1.154942 0.597288 10.575811
 15.740000 -1.108286 0.417683 9.596599
 15.760000 -1.218864 0.518573 10.068693
 15.780000 -1.140613 0.383768 9.347307
 15.800000 -1.483015 0.518516 10.581605
 15.820000 -1.379735 0.440545 9.758829
 15.840000 -1.605796 0.585230 11.295473
 15.860000 -1.434360 0.452953 9.956641
 15.880000 -1.545157 0.513752 10.635883
 15.900000 -1.433487 0.458306 9.996358
 15.920000 -1.376721 0.440875 9.755557
 15.940000 -1.224961 0.378456 9.223413
 15.960000 -1.262241 0.482574 9.862365
 15.980000 -1.353759 0.416319 9.545451
 16.000000 -1.214787 0.496489 9.923004
 16.020000 -1.140030 0.497922 9.980053
 16.040000 -1.076759 0.489411 10.078932
 16.060000 -1.227555 0.560091 10.353851
 16.080000 -1.216675 0.420934 9.460185
 16.100000 -1.291897 0.595340 10.707517
 16.120000 -1.239269 0.423731 9.475873
 16.140000 -1.323885 0.583770 10.698222
 16.160000 -1.380794 0.591717 10.914426
 16.180000 -1.368038 0.594920 10.902599
 16.200000 -1.263181 0.484208 9.874307
 16.220000 -1.191652 0.621923 10.739329
 16.240000 -1.167903 0.512893 10.039383
 16.260000 -1.087552 0.502529 10.119847
 16.280000 -1.222451 0.553664 10.305776
 16.300000 -1.305468 0.677132 11.331650
 16.320000 -1.288698 0.627004 10.929486
 16.340000 -1.291418 0.683126 11.334945
 16.360000 -1.284130 0.738753 11.691707
 16.380000 -1.297747 0.694670 11.432639
 16.400000 -1.202994 0.593736 10.560968
 16.420000 -1.217600 0.670350 11.087240
 16.440000 -1.042741 0.600059 10.778257
 16.460000 -1.231759 0.719115 11.431590
 16.480000 -1.143508 0.688151 11.126582
 16.500000 -1.252469 0.694568 11.315880
 16.520000 -1.373244 0.786930 12.281863
 16.540000 -1.413717 0.767663 12.290712
 16.560000 -1.433221 0.813270 12.619901
 16.580000 -1.578111 0.782323 12.724923
 16.600000 -1.525498 0.884876 13.132277
 16.620000 -1.494053 0.909553 13.178276
 16.640000 -1.516973 0.984143 13.370373
 16.660000 -1.357920 0.894763 12.816726
 16.680000 -1.373510 0.972208 13.164010
 16.700000 -1.288870 0.921443 12.735950
 16.720000 -1.088998 0.929829 12.213811
 16.740000 -1.024830 0.978646 12.212390
 16.760000 -1.133690 0.992933 12.558905
 16.780000 -1.153766 0.988847 12.606041
 16.800000 -1.297171 1.046141 13.209937
 16.820000 -1.494981 1.103496 13.438011
 16.840000 -1.437996 1.110928 13.475211
 16.860000 -1.502796 1.083673 13.435959
 16.880000 -1.423508 1.103138 13.473413
 16.900000 -1.254825 0.983354 12.893852
 16.920000 -1.167106 0.877617 12.178996
 16.940000 -1.107975 0.827738 11.825750
 16.960000 -1.150757 0.863710 12.073875
 16.980000 -1.195049 0.843850 12.078570
 17.000000 -1.212992 0.766288 11.683896
 17.020000 -1.250855 0.752874 11.692223
 17.040000 -1.423085 0.834103 12.703942
 17.060000 -1.464112 0.758649 12.379741
 17.080000 -1.463292 0.684509 11.865672
 17.100000 -1.411358 0.699676 11.822132
 17.120000 -1.562971 0.757840 12.569716
 17.140000 -1.635553 0.629932 11.669899
 17.160000 -1.601274 0.813781 12.893327
 17.180000 -1.487657 0.781187 12.576200
 17.200000 -1.365663 0.686273 11.580061
 17.220000 -1.305266 0.715061 11.594694
 17.240000 -1.197110 0.676658 11.099257
 17.260000 -1.102112 0.612112 10.712161
 17.280000 -0.948115 0.490862 10.685793
 17.300000 -1.055971 0.566262 10.563923
 17.320000 -1.063953 0.498867 10.172578
 17.340000 -1.235753 0.515378 10.058026
 17.360000 -1.417392 0.706987 11.892939
 17.380000 -1.267761 0.440143 9.590573
 17.400000 -1.648012 0.594950 11.362748
 17.420000 -1.591621 0.546113 10.950690
 17.440000 -1.309977 0.415878 9.480632
 17.460000 -1.144228 0.530804 10.173401
 17.480000 -1.198518 0.442825 9.594182
 17.500000 -1.078935 0.465280 9.939366
 17.520000 -1.258324 0.465707 9.747083
 17.540000 -1.347375 0.525500 10.318093
 17.560000 -1.337370 0.475162 9.926236
 17.580000 -1.244039 0.569208 10.435387
 17.600000 -1.342961 0.549107 10.485239
 17.620000 -1.168209 0.496368 9.937040
 17.640000 -1.277063 0.651334 11.075484
 17.660000 -1.290773 0.609047 10.804417
 17.680000 -1.345467 0.592261 10.819153
 17.700000 -1.343157 0.596013 10.841284
 17.720000 -1.367943 0.880162 12.777052
 17.740000 -1.068156 0.663834 11.040288
 17.760000 -1.224200 0.946418 12.653626
 17.780000 -1.180282 0.816282 11.897094
 17.800000 -1.238502 0.979978 12.832544
 17.820000 -1.468704 0.840375 12.850468
 17.840000 -1.448089 1.154305 13.462198
 17.860000 -1.288066 1.104177 13.312689
 17.880000 -1.500953 1.229110 13.269016
 17.900000 -1.265491 1.129864 13.297891
 17.920000 -1.284550 1.165791 13.372258
 17.940000 -1.136419 0.871480 12.078605
 17.960000 -1.177992 1.091486 12.975678
 17.980000 -1.013328 0.777281 11.591011
 18.000000 -1.252136 1.143381 13.280218
 18.020000 -1.041818 0.808543 11.694117
 18.040000 -1.378344 0.943939 13.076462
 18.060000 -1.520156 0.923985 13.247546
 18.080000 -1.515419 0.739417 12.377419
 18.100000 -1.461888 0.678756 11.819457
 18.120000 -1.434438 0.625314 11.333323
 18.140000 -1.104949 0.525302 10.206936
 18.160000 -1.204622 0.528480 10.129062
 18.180000 -1.129046 0.368285 9.296901
 18.200000 -1.195401 0.406034 9.387297
 18.220000 -1.274406 0.189048 8.480243
 18.240000 -1.321851 0.273074 8.728556
 18.260000 -1.154512 0.160798 8.631025
 18.280000 -1.203655 0.126963 8.501986
 18.300000 -1.091175 0.136568 8.792877
 18.320000 -1.206424 0.135356 8.500970
 18.340000 -1.322840 0.140108 8.353541
 18.360000 -1.404001 0.270864 8.753606
 18.380000 -1.349024 0.182399 8.423734
 18.400000 -1.479831 0.303492 8.975546
 18.420000 -1.298512 0.227889 8.565931
 18.440000 -1.356564 0.299959 8.866157
 18.460000 -1.463626 0.196573 8.463833
 18.480000 -1.462019 0.383364 9.483390
 18.500000 -1.524865 0.250119 8.694327
 18.520000 -1.598619 0.276284 8.806314
 18.540000 -1.531694 0.360068 9.375600
 18.560000 -1.471436 0.371419 9.410142
 18.580000 -1.456417 0.426048 9.789354
 18.600000 -1.239403 0.309643 8.889247
 18.620000 -1.242941 0.233509 8.616229
 18.640000 -1.384307 0.202011 8.475046
 18.660000 -1.056095 0.225596 9.026714
 18.680000 -1.019264 0.121693 9.039971
 18.700000 -0.918550 0.140724 9.493185
 18.720000 -1.003619 0.165581 9.133455
 18.740000 -1.092753 0.101957 8.789844
 18.760000 -1.362207 0.288116 8.811943
 18.780000 -1.250189 0.219673 8.572006
 18.800000 -1.403347 0.395087 9.480865
 18.820000 -1.571350 0.456515 10.158900
 18.840000 -1.448282 0.516164 10.488544
 18.860000 -1.395834 0.449472 9.855011
 18.880000 -1.324047 0.479134 9.929538
 18.900000 -1.420120 0.494689 10.252511
 18.920000 -1.376774 0.450409 9.824568
 18.940000 -1.181737 0.480779 9.830948
 18.960000 -1.141768 0.488022 9.918559
 18.980000 -1.149043 0.550870 10.291635
 19.000000 -1.237370 0.684694 11.217672
 19.020000 -1.317593 0.459545 9.781086
 19.040000 -1.443722 0.613306 11.264733
 19.060000 -1.330431 0.606273 10.883678
 19.080000 -1.442316 0.505781 10.390971
 19.100000 -1.425635 0.512765 10.408652
 19.120000 -1.348463 0.418302 9.550426
 19.140000 -1.529183 0.479480 10.324213
 19.160000 -1.238775 0.387400 9.268535
 19.180000 -1.160991 0.352684 9.160820
 19.200000 -1.024702 0.403715 9.834922
 19.220000 -1.172757 0.405408 9.406686
 19.240000 -1.029422 0.477391 10.191520
 19.260000 -1.114850 0.433225 9.662877
 19.280000 -1.215015 0.502885 9.964355
 19.300000 -1.410071 0.538048 10.572008
 19.320000 -1.502984 0.516844 10.604066
 19.340000 -1.230217 0.457450 9.678452
 19.360000 -1.349253 0.410466 9.499620
 19.380000 -1.417841 0.475667 10.098925
 19.400000 -1.333879 0.461199 9.820670
 19.420000 -1.342174 0.476802 9.947400
 19.440000 -1.337793 0.444698 9.712412
 19.460000 -1.138469 0.520170 10.116128
 19.480000 -1.187812 0.565932 10.371675
 19.500000 -1.148486 0.518239 10.091348
 19.520000 -1.045611 0.467336 10.071071
 19.540000 -1.241899 0.493636 9.917974
 19.560000 -1.089915 0.280322 9.057336
 19.580000 -1.331564 0.387295 9.328015
 19.600000 -1.199383 0.151358 8.526634
 19.620000 -1.386385 0.445368 9.806445
 19.640000 -1.211170 0.193908 8.563973
 19.660000 -1.475001 0.290829 8.899534
 19.680000 -1.271806 0.184124 8.472488
 19.700000 -1.398795 0.182764 8.416547
 19.720000 -1.197258 0.131944 8.517318
 19.740000 -1.111432 0.202039 8.797378
 19.760000 -1.294391 0.054474 8.344448
 19.780000 -1.268736 0.188725 8.484545
 19.800000 -1.287787 0.142690 8.388946
 19.820000 -1.310169 0.170732 8.415817
 19.840000 -1.276579 0.152172 8.413605
 19.860000 -1.140191 0.116744 8.649131
 19.880000 -1.157328 0.084771 8.613890
 19.900000 -1.028359 0.138743 9.010927
 19.920000 -1.133597 0.186189 8.711741
 19.940000 -1.165797 0.279573 8.861787
 19.960000 -1.154163 0.297527 8.946749
 19.980000 -1.435117 0.381959 9.437997
 20.000000 -1.397292 0.454690 9.896682
