#! FIELDS time phi psi metad.bias
#! SET min_phi -pi
#! SET max_phi pi
#! SET min_psi -pi
#! SET max_psi pi
 0.000000 3.141580 -3.141577 26.894913
 0.020000 -2.524174 2.452690 9.548033
 0.040000 -2.526815 2.466845 9.711976
 0.060000 -2.490228 2.453227 9.406761
 0.080000 -2.454112 2.486217 9.709580
 0.100000 -2.500361 2.422929 9.158301
 0.120000 -2.480274 2.413980 9.021973
 0.140000 -2.565959 2.349797 9.130858
 0.160000 -2.538992 2.401181 9.197449
 0.180000 -2.501233 2.426821 9.195142
 0.200000 -2.497341 2.379177 8.830283
 0.220000 -2.549925 2.387555 9.187638
 0.240000 -2.502794 2.420061 9.143889
 0.260000 -2.561144 2.498683 10.325901
 0.280000 -2.453367 2.539280 10.429376
 0.300000 -2.436592 2.535562 10.369051
 0.320000 -2.386656 2.599801 11.470350
 0.340000 -2.403510 2.642985 12.241034
 0.360000 -2.493168 2.564447 10.909263
 0.380000 -2.479472 2.542168 10.515103
 0.400000 -2.505250 2.518575 10.252336
 0.420000 -2.528068 2.519427 10.375922
 0.440000 -2.521207 2.510757 10.219101
 0.460000 -2.576793 2.418368 9.642777
 0.480000 -2.531292 2.414428 9.245812
 0.500000 -2.452986 2.397462 8.859613
 0.520000 -2.490308 2.306492 8.499173
 0.540000 -2.401886 2.357767 8.687062
 0.560000 -2.399643 2.377382 8.803560
 0.580000 -2.405596 2.365603 8.717566
 0.600000 -2.411240 2.363158 8.689385
 0.620000 -2.479582 2.303313 8.458310
 0.640000 -2.494456 2.373991 8.789025
 0.660000 -2.476111 2.369314 8.709959
 0.680000 -2.514775 2.396175 9.017107
 0.700000 -2.510266 2.294774 8.561108
 0.720000 -2.458344 2.359841 8.632459
 0.740000 -2.600756 2.409018 9.829851
 0.760000 -2.449949 2.435662 9.169990
 0.780000 -2.575571 2.429027 9.717586
 0.800000 -2.463984 2.456979 9.389336
 0.820000 -2.444853 2.611165 11.634848
 0.840000 -2.420292 2.595988 11.357154
 0.860000 -2.469436 2.552185 10.649589
 0.880000 -2.353648 2.540545 10.639891
 0.900000 -2.455271 2.593941 11.331832
 0.920000 -2.431769 2.551917 10.618464
 0.940000 -2.474471 2.516602 10.130967
 0.960000 -2.547182 2.577783 11.409219
 0.980000 -2.451545 2.609483 11.610303
 1.000000 -2.522315 2.422182 9.255525
 1.020000 -2.619458 2.454787 10.438405
 1.040000 -2.614629 2.442255 10.262357
 1.060000 -2.683190 2.405755 11.010546
 1.080000 -2.638008 2.490060 11.052898
 1.100000 -2.452149 2.407973 8.937132
 1.120000 -2.661739 2.424236 10.779124
 1.140000 -2.603169 2.459578 10.290030
 1.160000 -2.665579 2.520403 11.815524
 1.180000 -2.692412 2.384567 11.059354
 1.200000 -2.497474 2.399777 8.966626
 1.220000 -2.541559 2.507054 10.290302
 1.240000 -2.516358 2.508603 10.165521
 1.260000 -2.439819 2.464785 9.462348
 1.280000 -2.469995 2.454630 9.373508
 1.300000 -2.366252 2.486626 9.892549
 1.320000 -2.298171 2.480079 10.226981
 1.340000 -2.436913 2.418351 9.022525
 1.360000 -2.501507 2.402847 9.004369
 1.380000 -2.463855 2.426471 9.097341
 1.400000 -2.630277 2.377512 10.018996
 1.420000 -2.462057 2.304267 8.425850
 1.440000 -2.522697 2.297135 8.636242
 1.460000 -2.579996 2.466952 10.122072
 1.480000 -2.557973 2.433592 9.599950
 1.500000 -2.541129 2.459948 9.727873
 1.520000 -2.561803 2.431088 9.610152
 1.540000 -2.427356 2.492408 9.791030
 1.560000 -2.537519 2.558484 11.022941
 1.580000 -2.636247 2.577945 12.271316
 1.600000 -2.578112 2.544640 11.112924
 1.620000 -2.681381 2.629858 13.800811
 1.640000 -2.584431 2.737041 14.984830
 1.660000 -2.615609 2.687147 14.159793
 1.680000 -2.508235 2.790222 15.684478
 1.700000 -2.559789 2.790903 16.031073
 1.720000 -2.392652 2.768005 14.851195
 1.740000 -2.523607 2.562143 11.002500
 1.760000 -2.414762 2.691568 13.223716
 1.780000 -2.493084 2.587772 11.308897
 1.800000 -2.454945 2.630235 12.009677
 1.820000 -2.489262 2.502772 9.981303
 1.840000 -2.544708 2.413190 9.327507
 1.860000 -2.579907 2.379175 9.410608
 1.880000 -2.614005 2.374707 9.784181
 1.900000 -2.595540 2.413657 9.803884
 1.920000 -2.456382 2.318165 8.458853
 1.940000 -2.439461 2.307648 8.425278
 1.960000 -2.467802 2.121791 8.639406
 1.980000 -2.518241 2.166906 8.710287
 2.000000 -2.610735 2.086955 10.020607
 2.020000 -2.461653 2.245012 8.356942
 2.040000 -2.481687 2.260667 8.404857
 2.060000 -2.362332 2.421258 9.272169
 2.080000 -2.455253 2.383061 8.763656
 2.100000 -2.412871 2.353984 8.638314
 2.120000 -2.436479 2.419418 9.031660
 2.140000 -2.436309 2.392283 8.826484
 2.160000 -2.476165 2.421933 9.078241
 2.180000 -2.500970 2.438227 9.297134
 2.200000 -2.574084 2.570177 11.486732
 2.220000 -2.672326 2.614701 13.391400
 2.240000 -2.625968 2.641158 13.311185
 2.260000 -2.617785 2.664978 13.709273
 2.280000 -2.398768 2.860354 16.772409
 2.300000 -2.450001 2.638003 12.154933
 2.320000 -2.355588 2.747454 14.417392
 2.340000 -2.472534 2.619186 11.830525
 2.360000 -2.446748 2.570698 10.922867
 2.380000 -2.618314 2.378962 9.862642
 2.400000 -2.539004 2.389450 9.118245
 2.420000 -2.673789 2.288391 10.486805
 2.440000 -2.687087 2.294307 10.732970
 2.460000 -2.586520 2.303827 9.211792
 2.480000 -2.550047 2.214341 8.842003
 2.500000 -2.310606 2.227478 8.915870
 2.520000 -2.353413 2.096442 8.897216
 2.540000 -2.202912 2.273230 9.998096
 2.560000 -2.342951 2.051330 9.131831
 2.580000 -2.171429 2.319218 10.436268
 2.600000 -2.293312 2.195837 9.075681
 2.620000 -2.174176 2.395930 10.712692
 2.640000 -2.384780 2.405693 9.048040
 2.660000 -2.435105 2.420316 9.040197
 2.680000 -2.456969 2.466801 9.487678
 2.700000 -2.500500 2.427649 9.199503
 2.720000 -2.452431 2.574975 10.998981
 2.740000 -2.465265 2.419920 9.043330
 2.760000 -2.539670 2.549766 10.897166
 2.780000 -2.657425 2.531482 11.845493
 2.800000 -2.530018 2.677624 13.261111
 2.820000 -2.762811 2.598809 14.579781
 2.840000 -2.577504 2.748898 15.199363
 2.860000 -2.668119 2.730252 15.720621
 2.880000 -2.670691 2.794304 17.212340
 2.900000 -2.649595 2.733530 15.569080
 2.920000 -2.549152 2.585059 11.549796
 2.940000 -2.525882 2.575773 11.244008
 2.960000 -2.486836 2.527372 10.314060
 2.980000 -2.561385 2.452483 9.805305
 3.000000 -2.542573 2.367306 9.015621
 3.020000 -2.549110 2.426546 9.468774
 3.040000 -2.521485 2.210102 8.627953
 3.060000 -2.379597 2.366068 8.815374
 3.080000 -2.424165 2.178794 8.426273
 3.100000 -2.339588 2.147834 8.814711
 3.120000 -2.274144 2.104288 9.410185
 3.140000 -2.236687 2.016781 9.983460
 3.160000 -2.182870 2.040086 10.370460
 3.180000 -2.110022 2.009239 11.021825
 3.200000 -2.272895 2.092398 9.453527
 3.220000 -2.201664 2.084357 10.105233
 3.240000 -2.173661 2.128408 10.304400
 3.260000 -2.294764 2.168368 9.098247
 3.280000 -2.290140 2.327027 9.255120
 3.300000 -2.274561 2.264039 9.252195
 3.320000 -2.300617 2.452059 9.935946
 3.340000 -2.312911 2.494081 10.275711
 3.360000 -2.257603 2.447895 10.254419
 3.380000 -2.485475 2.518518 10.184024
 3.400000 -2.584425 2.637041 12.811056
 3.420000 -2.705483 2.679069 15.123874
 3.440000 -2.838030 2.655450 16.895343
 3.460000 -2.893601 2.750805 19.617977
 3.480000 -2.785651 2.781594 18.550502
 3.500000 -2.796454 2.706493 17.135718
 3.520000 -2.641415 2.673635 14.156388
 3.540000 -2.575590 2.512465 10.628799
 3.560000 -2.450587 2.591590 11.284831
 3.580000 -2.373917 2.582098 11.202747
 3.600000 -2.351756 2.543284 10.687232
 3.620000 -2.371120 2.489299 9.902542
 3.640000 -2.300019 2.600590 11.814796
 3.660000 -2.458405 2.438090 9.196660
 3.680000 -2.383642 2.319812 8.596402
 3.700000 -2.463491 2.315200 8.457458
 3.720000 -2.398370 2.242214 8.413581
 3.740000 -2.332762 2.392423 9.239301
 3.760000 -2.371526 2.034184 9.092206
 3.780000 -2.490565 2.243177 8.434054
 3.800000 -2.489156 2.152242 8.601106
 3.820000 -2.527754 2.373852 8.950056
 3.840000 -2.623679 2.370423 9.892282
 3.860000 -2.498521 2.403419 8.996954
 3.880000 -2.585780 2.544903 11.187838
 3.900000 -2.535356 2.638358 12.471811
 3.920000 -2.454131 2.586222 11.194069
 3.940000 -2.500942 2.600798 11.573716
 3.960000 -2.412374 2.692016 13.232392
 3.980000 -2.457228 2.635490 12.116356
 4.000000 -2.603165 2.788397 16.341723
 4.020000 -2.669321 2.559230 12.418654
 4.040000 -2.617095 2.714636 14.783744
 4.060000 -2.733631 2.693041 15.839048
 4.080000 -2.565557 2.698328 13.954281
 4.100000 -2.656986 2.599672 12.911475
 4.120000 -2.430320 2.632351 12.028131
 4.140000 -2.476013 2.568363 10.926038
 4.160000 -2.372978 2.478464 9.771311
 4.180000 -2.367999 2.448230 9.481573
 4.200000 -2.439670 2.391879 8.821546
 4.220000 -2.431027 2.394901 8.849555
 4.240000 -2.535640 2.295689 8.720835
 4.260000 -2.507498 2.285523 8.532047
 4.280000 -2.572408 2.313524 9.078450
 4.300000 -2.393070 2.300929 8.505078
 4.320000 -2.520663 2.286256 8.606181
 4.340000 -2.312158 2.189393 8.928615
 4.360000 -2.371413 2.287301 8.569188
 4.380000 -2.329673 2.267825 8.795138
 4.400000 -2.332491 2.422931 9.461507
 4.420000 -2.411702 2.446917 9.316260
 4.440000 -2.388844 2.480841 9.738347
 4.460000 -2.443801 2.521070 10.160418
 4.480000 -2.521394 2.538571 10.618519
 4.500000 -2.644582 2.546517 11.883475
 4.520000 -2.512089 2.627813 12.137129
 4.540000 -2.667307 2.642634 13.851749
 4.560000 -2.481886 2.603169 11.553335
 4.580000 -2.573620 2.573382 11.536830
 4.600000 -2.646105 2.595381 12.693848
 4.620000 -2.520109 2.587983 11.427350
 4.640000 -2.659330 2.535904 11.933975
 4.660000 -2.618657 2.357841 9.768144
 4.680000 -2.550623 2.570576 11.310041
 4.700000 -2.644681 2.438984 10.637370
 4.720000 -2.557490 2.437910 9.634644
 4.740000 -2.487064 2.414905 9.047142
 4.760000 -2.526361 2.229750 8.634367
 4.780000 -2.320916 2.505997 10.362789
 4.800000 -2.315235 2.271499 8.908915
 4.820000 -2.409206 2.428887 9.156164
 4.840000 -2.274458 2.316447 9.364066
 4.860000 -2.378322 2.385185 8.934049
 4.880000 -2.312897 2.428140 9.639685
 4.900000 -2.269552 2.335635 9.474557
 4.920000 -2.414853 2.396701 8.889146
 4.940000 -2.428021 2.479305 9.633662
 4.960000 -2.381887 2.487169 9.835545
 4.980000 -2.433312 2.351959 8.594669
 5.000000 -2.385007 2.407507 9.060684
 5.020000 -2.517485 2.383338 8.947161
 5.040000 -2.722149 2.532565 12.892718
 5.060000 -2.713945 2.358993 11.363740
 5.080000 -2.796467 2.444635 13.493268
 5.100000 -2.717095 2.566914 13.286357
 5.120000 -2.681940 2.621980 13.661723
 5.140000 -2.752102 2.637135 15.048805
 5.160000 -2.640556 2.555969 11.973207
 5.180000 -2.499187 2.707003 13.750482
 5.200000 -2.425311 2.595514 11.346463
 5.220000 -2.348055 2.524224 10.441702
 5.240000 -2.304836 2.502709 10.428557
 5.260000 -2.444874 2.495241 9.817701
 5.280000 -2.296841 2.447242 9.921888
 5.300000 -2.459777 2.332211 8.510450
 5.320000 -2.356156 2.253403 8.608773
 5.340000 -2.379786 2.323888 8.627123
 5.360000 -2.337288 2.321564 8.863118
 5.380000 -2.363752 2.192613 8.590044
 5.400000 -2.267086 2.172897 9.334400
 5.420000 -2.308301 2.235067 8.935108
 5.440000 -2.289504 2.256225 9.106876
 5.460000 -2.347765 2.335153 8.843532
 5.480000 -2.511304 2.279720 8.544348
 5.500000 -2.478037 2.460536 9.450931
 5.520000 -2.573675 2.517492 10.679911
 5.540000 -2.666036 2.568076 12.508558
 5.560000 -2.629406 2.628905 13.109628
 5.580000 -2.663007 2.690224 14.774610
 5.600000 -2.610609 2.745227 15.415109
 5.620000 -2.651662 2.756143 16.109206
 5.640000 -2.720854 2.586208 13.649121
 5.660000 -2.669801 2.770501 16.656342
 5.680000 -2.675389 2.972935 20.881673
 5.700000 -2.704523 2.623514 14.027154
 5.720000 -2.612031 2.777719 16.180069
 5.740000 -2.582604 2.656836 13.199104
 5.760000 -2.447141 2.792528 15.485429
 5.780000 -2.322874 2.746401 14.434921
 5.800000 -2.394337 2.575647 11.045379
 5.820000 -2.186173 2.642314 13.137204
 5.840000 -2.123231 2.672334 13.928417
 5.860000 -2.289655 2.540490 10.998362
 5.880000 -2.244544 2.369666 9.863310
 5.900000 -2.246515 2.401587 10.021021
 5.920000 -2.317991 2.326081 9.019927
 5.940000 -2.302754 2.251809 8.988924
 5.960000 -2.359581 2.058379 9.024062
 5.980000 -2.454361 2.121696 8.610683
 6.000000 -2.293473 2.040140 9.474509
 6.020000 -2.390554 1.907576 9.767832
 6.040000 -2.459833 1.807538 10.524204
 6.060000 -2.441556 1.846663 10.207595
 6.080000 -2.498084 1.967758 9.619701
 6.100000 -2.403150 2.182858 8.455268
 6.120000 -2.392758 2.088838 8.778945
 6.140000 -2.476992 2.210328 8.417599
 6.160000 -2.426115 2.359075 8.638683
 6.180000 -2.541596 2.578831 11.390238
 6.200000 -2.501928 2.487345 9.829769
 6.220000 -2.392578 2.563616 10.855425
 6.240000 -2.395723 2.712634 13.666658
 6.260000 -2.383538 2.711187 13.639896
 6.280000 -2.468609 2.710110 13.709661
 6.300000 -2.741774 2.781787 17.891012
 6.320000 -2.638310 2.942365 19.939916
 6.340000 -2.698909 2.885224 19.571677
 6.360000 -2.747820 2.781960 17.983991
 6.380000 -2.623103 2.723320 15.042401
 6.400000 -2.652613 2.851574 18.288788
 6.420000 -2.606149 2.732594 15.081639
 6.440000 -2.471162 2.587589 11.245553
 6.460000 -2.403999 2.627248 11.940104
 6.480000 -2.450893 2.537404 10.399490
 6.500000 -2.362487 2.526224 10.403717
 6.520000 -2.686178 2.174422 10.919464
 6.540000 -2.433583 2.218427 8.357478
 6.560000 -2.470682 2.038600 9.056712
 6.580000 -2.368863 2.158146 8.631702
 6.600000 -2.415877 1.980488 9.311138
 6.620000 -2.431966 2.026468 9.048692
 6.640000 -2.450614 1.940091 9.606728
 6.660000 -2.454122 2.161092 8.476018
 6.680000 -2.525278 2.120869 8.929202
 6.700000 -2.482425 2.233132 8.410169
 6.720000 -2.291877 2.499087 10.478280
 6.740000 -2.374033 2.545716 10.635440
 6.760000 -2.172681 2.480396 11.311238
 6.780000 -2.214790 2.584846 12.122660
 6.800000 -2.300659 2.679683 13.190949
 6.820000 -2.150922 2.849508 16.527130
 6.840000 -2.354288 2.783956 15.174372
 6.860000 -2.309952 2.669544 12.968403
 6.880000 -2.467198 2.705108 13.595571
 6.900000 -2.532001 2.656179 12.817608
 6.920000 -2.794668 2.655779 16.127632
 6.940000 -2.649624 2.599853 12.817933
 6.960000 -2.697509 2.448928 11.570926
 6.980000 -2.575976 2.569787 11.496542
 7.000000 -2.526191 2.408862 9.171561
 7.020000 -2.571362 2.409083 9.520140
 7.040000 -2.499454 2.393549 8.930663
 7.060000 -2.499405 2.337347 8.631036
 7.080000 -2.508251 2.294798 8.550867
 7.100000 -2.461770 2.325602 8.488747
 7.120000 -2.531848 2.444739 9.514634
 7.140000 -2.480087 2.455730 9.405076
 7.160000 -2.355508 2.409491 9.217316
 7.180000 -2.373511 2.354128 8.782188
 7.200000 -2.310605 2.434482 9.708404
 7.220000 -2.363125 2.437051 9.402376
 7.240000 -2.446452 2.516325 10.095109
 7.260000 -2.453189 2.391438 8.817716
 7.280000 -2.480958 2.349136 8.619062
 7.300000 -2.589253 2.513313 10.769923
 7.320000 -2.623994 2.438001 10.344239
 7.340000 -2.553541 2.655876 12.950387
 7.360000 -2.582002 2.646660 12.984126
 7.380000 -2.375066 2.782018 15.138108
 7.400000 -2.340724 2.666328 12.808961
 7.420000 -2.398777 2.838924 16.348233
 7.440000 -2.487344 2.769907 15.122449
 7.460000 -2.340454 2.833953 16.170353
 7.480000 -2.524241 2.632207 12.285051
 7.500000 -2.321006 2.686551 13.254080
 7.520000 -2.599209 2.635565 12.919163
 7.540000 -2.621945 2.657595 13.600354
 7.560000 -2.722831 2.453491 12.069417
 7.580000 -2.570997 2.253858 9.007012
 7.600000 -2.595544 2.389491 9.640921
 7.620000 -2.448117 2.208961 8.368305
 7.640000 -2.620738 2.109979 10.052113
 7.660000 -2.584593 2.154340 9.371342
 7.680000 -2.312758 2.146306 8.999840
 7.700000 -2.347101 2.193311 8.681467
 7.720000 -2.223913 2.185440 9.742738
 7.740000 -2.240418 2.372078 9.916000
 7.760000 -2.284650 2.437074 9.933121
 7.780000 -2.182610 2.470220 11.133359
 7.800000 -2.136810 2.281508 10.719106
 7.820000 -2.229175 2.428131 10.364461
 7.840000 -2.324988 2.462228 9.860191
 7.860000 -2.230155 2.537015 11.393330
 7.880000 -2.445884 2.548142 10.560041
 7.900000 -2.327328 2.569209 11.184637
 7.920000 -2.620376 2.609324 12.636479
 7.940000 -2.721748 2.625191 14.329427
 7.960000 -2.867961 2.743367 19.065352
 7.980000 -2.941341 2.669665 18.893979
 8.000000 -2.878363 2.570132 16.371964
 8.020000 -2.774650 2.718648 17.025520
 8.040000 -2.700076 2.554325 12.818712
 8.060000 -2.492067 2.559906 10.831028
 8.080000 -2.377471 2.586459 11.265026
 8.100000 -2.403374 2.528827 10.310865
 8.120000 -2.229835 2.428301 10.359366
 8.140000 -2.312741 2.430079 9.656505
 8.160000 -2.304255 2.344004 9.198704
 8.180000 -2.270014 2.366029 9.600944
 8.200000 -2.381280 2.246578 8.478186
 8.220000 -2.172734 2.111896 10.333999
 8.240000 -2.138628 2.009824 10.799942
 8.260000 -1.944560 1.976905 11.847025
 8.280000 -2.036410 2.007421 11.505827
 8.300000 -1.779227 1.997319 11.710293
 8.320000 -1.882321 1.958233 11.889909
 8.340000 -1.739600 1.877962 11.691888
 8.360000 -1.711179 1.991042 11.450877
 8.380000 -1.739219 1.948097 11.598142
 8.400000 -1.489529 2.026395 10.418286
 8.420000 -1.380943 2.050129 9.967397
 8.440000 -1.215326 2.133027 8.760027
 8.460000 -1.114750 2.069532 9.295248
 8.480000 -1.018830 1.992567 10.182913
 8.500000 -0.865414 1.978690 9.663415
 8.520000 -0.884974 2.052888 8.705317
 8.540000 -0.579923 1.982678 8.169247
 8.560000 -1.001848 2.095259 8.585853
 8.580000 -0.855425 2.112961 7.764913
 8.600000 -1.262873 2.109701 9.137257
 8.620000 -1.193282 2.234504 7.756941
 8.640000 -1.378072 2.240938 8.801713
 8.660000 -1.416720 2.264001 9.039659
 8.680000 -1.444121 2.299460 9.247499
 8.700000 -1.673395 2.315175 11.392838
 8.720000 -1.681796 2.407232 11.769926
 8.740000 -1.830191 2.278925 12.202060
 8.760000 -1.810916 2.516171 13.107635
 8.780000 -1.882590 2.449536 12.831821
 8.800000 -1.875738 2.638649 14.245957
 8.820000 -1.744957 2.434359 12.341990
 8.840000 -1.930939 2.495785 13.024531
 8.860000 -1.751363 2.535591 12.996194
 8.880000 -1.946446 2.544774 13.329151
 8.900000 -1.998623 2.520652 12.947718
 8.920000 -2.212640 2.216244 9.850566
 8.940000 -2.230705 2.379773 10.051834
 8.960000 -2.510618 2.296163 8.565519
 8.980000 -2.449037 2.392473 8.823681
 9.000000 -2.422762 2.235024 8.358220
 9.020000 -2.579870 2.273381 9.104291
 9.040000 -2.444550 2.259104 8.347325
 9.060000 -2.682588 2.207071 10.750713
 9.080000 -2.603869 2.249057 9.398839
 9.100000 -2.555089 2.345871 9.017293
 9.120000 -2.396294 2.555301 10.717272
 9.140000 -2.552477 2.541124 10.850977
 9.160000 -2.484086 2.753036 14.725873
 9.180000 -2.787683 2.706244 16.984178
 9.200000 -2.656700 3.030924 21.397355
 9.220000 -2.645261 2.867983 18.561226
 9.240000 -2.632633 2.719381 15.056357
 9.260000 -2.398959 2.887264 17.276735
 9.280000 -2.533243 2.733273 14.521632
 9.300000 -2.388782 2.784580 15.201728
 9.320000 -2.541549 2.502932 10.236060
 9.340000 -2.592451 2.572161 11.688222
 9.360000 -2.614163 2.459580 10.419646
 9.380000 -2.631118 2.534477 11.535010
 9.400000 -2.775618 2.335864 12.611545
 9.420000 -2.700778 2.310493 11.005520
 9.440000 -2.655192 2.213292 10.237281
 9.460000 -2.546340 2.300754 8.812507
 9.480000 -2.378404 2.165021 8.573872
 9.500000 -2.140767 2.190591 10.600786
 9.520000 -1.987243 2.514851 12.958303
 9.540000 -1.682528 2.242957 11.326443
 9.560000 -1.679675 2.466906 12.057810
 9.580000 -1.518347 2.219143 9.932724
 9.600000 -1.495903 2.399765 9.961332
 9.620000 -1.332775 2.392441 8.360775
 9.640000 -1.191122 2.286962 7.427256
 9.660000 -0.944873 2.366865 5.806557
 9.680000 -1.079289 2.252998 7.073057
 9.700000 -0.895869 2.398249 5.549968
 9.720000 -1.035197 2.300011 6.527448
 9.740000 -0.878866 2.333783 5.726752
 9.760000 -0.969560 2.312625 6.160499
 9.780000 -0.946321 2.398561 5.737002
 9.800000 -0.922339 2.203318 6.925626
 9.820000 -0.924934 2.218427 6.775666
 9.840000 -0.974556 2.166372 7.545960
 9.860000 -1.080510 2.299359 6.753392
 9.880000 -1.027115 2.336920 6.291631
 9.900000 -1.354246 2.144836 9.149031
 9.920000 -1.248583 2.213420 8.177660
 9.940000 -1.325418 2.260241 8.376122
 9.960000 -1.445150 2.353035 9.312144
 9.980000 -1.314040 2.329565 8.143989
 10.000000 -1.503002 2.362700 9.904804
 10.020000 -1.533652 2.337822 10.145908
 10.040000 -1.378755 2.356813 8.701030
 10.060000 -1.374039 2.234601 8.794736
 10.080000 -1.458410 2.220370 9.449348
 10.100000 -1.441066 2.321429 9.229388
 10.120000 -1.662775 2.215600 11.140101
 10.140000 -1.586632 2.261960 10.533055
 10.160000 -1.502117 2.158649 9.918311
 10.180000 -1.761526 2.243593 11.852309
 10.200000 -1.573441 2.326788 10.510009
 10.220000 -1.782939 2.355749 12.236935
 10.240000 -1.532614 2.294702 10.063068
 10.260000 -1.297776 2.357492 8.009498
 10.280000 -1.017826 2.282422 6.568002
 10.300000 -0.995567 2.440049 5.970318
 10.320000 -0.963369 2.528226 6.135861
 10.340000 -0.794967 2.525934 5.475850
 10.360000 -0.867139 2.580472 6.032012
 10.380000 -0.783302 2.550138 5.579276
 10.400000 -1.011375 2.657161 7.840519
 10.420000 -1.068438 2.599326 7.553780
 10.440000 -1.067383 2.515502 6.743697
 10.460000 -1.191928 2.380309 7.202860
 10.480000 -1.336802 2.245945 8.504058
 10.500000 -1.420638 2.142744 9.480778
 10.520000 -1.490758 2.142069 9.892971
 10.540000 -1.563555 1.941069 11.079592
 10.560000 -1.711358 1.887642 11.612011
 10.580000 -1.843405 2.032501 11.892805
 10.600000 -1.938618 1.802836 11.831652
 10.620000 -1.954945 1.760613 11.806801
 10.640000 -2.166327 1.662488 11.306993
 10.660000 -2.100492 1.676540 11.468496
 10.680000 -1.777459 1.600100 12.298216
 10.700000 -1.927702 1.470308 11.902074
 10.720000 -1.836085 1.553730 12.183213
 10.740000 -1.868155 1.532339 12.092299
 10.760000 -1.965408 1.539310 11.775537
 10.780000 -1.828319 1.532403 12.245261
 10.800000 -1.710279 1.386843 13.252147
 10.820000 -1.660105 1.496247 13.221238
 10.840000 -1.586776 1.547597 13.441183
 10.860000 -1.427724 1.388457 15.162477
 10.880000 -1.381418 1.411013 15.361548
 10.900000 -1.165208 1.293487 15.498670
 10.920000 -1.260354 1.362448 15.756969
 10.940000 -1.173375 1.201462 15.056237
 10.960000 -1.116199 0.944926 13.420429
 10.980000 -1.219532 1.183691 15.063180
 11.000000 -1.218150 1.034914 14.199457
 11.020000 -1.291032 0.977719 14.083283
 11.040000 -1.197854 0.720764 12.350742
 11.060000 -1.374712 0.768844 13.095815
 11.080000 -1.132081 0.560227 11.420583
 11.100000 -1.407486 0.610296 11.867481
 11.120000 -1.099706 0.436198 10.911271
 11.140000 -1.228462 0.414720 10.324918
 11.160000 -1.270557 0.270753 9.386046
 11.180000 -1.213027 0.265781 9.696301
 11.200000 -1.288678 0.064765 8.917036
 11.220000 -1.340041 0.125812 8.539590
 11.240000 -1.496731 0.072584 7.355969
 11.260000 -1.368957 0.090038 8.291251
 11.280000 -1.575222 0.046837 6.821909
 11.300000 -1.391862 0.017816 8.125969
 11.320000 -1.448904 -0.020946 7.720325
 11.340000 -1.635704 -0.069053 6.516133
 11.360000 -1.556510 0.039329 6.929787
 11.380000 -1.642605 -0.124184 6.593368
 11.400000 -1.579814 0.160537 7.156851
 11.420000 -1.566904 0.070725 6.906969
 11.440000 -1.533629 0.104531 7.184124
 11.460000 -1.518697 0.040687 7.178052
 11.480000 -1.455030 0.020719 7.633833
 11.500000 -1.414677 -0.019669 7.989347
 11.520000 -1.494944 0.193775 7.774442
 11.540000 -1.349758 0.164283 8.542379
 11.560000 -1.290536 0.188328 8.998029
 11.580000 -1.087960 0.460775 11.067045
 11.600000 -1.174750 0.402222 10.444063
 11.620000 -1.150739 0.521014 11.159796
 11.640000 -1.267384 0.582346 11.475117
 11.660000 -1.282393 0.664175 12.110484
 11.680000 -1.402615 0.934017 14.134138
 11.700000 -1.517370 1.015004 14.509130
 11.720000 -1.495634 0.980775 14.422248
 11.740000 -1.714424 1.201527 13.637572
 11.760000 -1.553357 1.137173 14.614605
 11.780000 -1.587272 1.123728 14.465094
 11.800000 -1.229704 1.159028 14.947352
 11.820000 -1.320359 1.260766 15.455227
 11.840000 -1.143381 1.362509 15.695315
 11.860000 -1.000564 1.206681 14.502614
 11.880000 -1.177815 1.378383 15.789900
 11.900000 -1.228992 1.317762 15.669872
 11.920000 -1.252831 1.202348 15.214553
 11.940000 -1.267632 1.246940 15.426243
 11.960000 -1.572866 1.374608 14.268184
 11.980000 -1.222227 1.172075 15.004633
 12.000000 -1.488359 1.211606 14.930159
 12.020000 -1.602500 1.231342 14.339340
 12.040000 -1.626550 1.265455 14.135879
 12.060000 -1.787983 1.163246 13.195207
 12.080000 -1.704523 1.263222 13.590675
 12.100000 -1.627843 1.329779 13.996140
 12.120000 -1.372487 1.193099 15.186728
 12.140000 -1.303929 1.225997 15.346736
 12.160000 -1.139390 1.131477 14.547824
 12.180000 -1.297456 1.236900 15.389143
 12.200000 -1.164274 1.098479 14.422816
 12.220000 -1.212686 1.082682 14.464562
 12.240000 -1.342636 1.133884 14.970321
 12.260000 -1.109275 1.047475 13.966301
 12.280000 -1.340919 1.029864 14.478849
 12.300000 -1.466252 1.009250 14.520307
 12.320000 -1.548531 0.898517 14.126447
 12.340000 -1.453927 0.907369 14.096525
 12.360000 -1.474859 0.704459 12.842349
 12.380000 -1.299271 0.720311 12.551882
 12.400000 -1.277870 0.582548 11.481560
 12.420000 -1.216072 0.480578 10.776502
 12.440000 -1.015220 0.383373 11.195372
 12.460000 -1.250810 0.510143 10.932672
 12.480000 -0.957528 0.294041 11.444024
 12.500000 -1.262610 0.394041 10.087112
 12.520000 -1.246303 0.310340 9.686205
 12.540000 -1.296648 0.331014 9.565334
 12.560000 -1.228151 0.203761 9.447746
 12.580000 -1.442814 0.134391 7.840736
 12.600000 -1.406048 0.251951 8.577781
 12.620000 -1.587368 0.128718 6.967098
 12.640000 -1.706627 0.240301 7.291793
 12.660000 -1.376955 0.115556 8.257675
 12.680000 -1.517340 0.185788 7.612029
 12.700000 -1.449558 0.249167 8.344916
 12.720000 -1.368901 0.225151 8.636153
 12.740000 -1.270648 0.135545 9.059059
 12.760000 -1.466432 0.251971 8.284519
 12.780000 -1.449035 0.088778 7.705725
 12.800000 -1.601976 0.141865 6.953849
 12.820000 -1.514560 0.060989 7.222510
 12.840000 -1.334585 0.074844 8.550915
 12.860000 -1.535069 0.048552 7.074926
 12.880000 -1.448400 0.074484 7.694116
 12.900000 -1.650015 0.066472 6.454097
 12.920000 -1.487422 -0.037095 7.448125
 12.940000 -1.448736 0.079228 7.696365
 12.960000 -1.319923 -0.099661 8.943441
 12.980000 -1.422959 0.004583 7.892625
 13.000000 -1.239184 -0.077578 9.554435
 13.020000 -1.359954 -0.010314 8.419842
 13.040000 -1.226639 -0.010504 9.520330
 13.060000 -1.168561 0.071648 9.868159
 13.080000 -1.240266 0.042873 9.326981
 13.100000 -1.172808 0.149988 9.793861
 13.120000 -1.027096 0.241958 10.897456
 13.140000 -1.143193 0.261581 10.118624
 13.160000 -1.297960 0.582837 11.496009
 13.180000 -1.399201 0.629257 12.031958
 13.200000 -1.585435 0.621769 12.184900
 13.220000 -1.571681 0.748927 13.327343
 13.240000 -1.326197 0.648004 12.064616
 13.260000 -1.425021 0.802034 13.451135
 13.280000 -1.172997 0.719712 12.315957
 13.300000 -1.132071 0.741095 12.406628
 13.320000 -1.113405 0.821994 12.801082
 13.340000 -1.130878 0.808010 12.747035
 13.360000 -1.233144 0.859256 13.238879
 13.380000 -1.393357 0.912157 14.003031
 13.400000 -1.273444 0.941625 13.829453
 13.420000 -1.438892 0.921480 14.139187
 13.440000 -1.360818 0.834856 13.481618
 13.460000 -1.436267 0.888858 13.975549
 13.480000 -1.597228 0.689835 12.863386
 13.500000 -1.603880 0.892353 14.070943
 13.520000 -1.385202 0.770100 13.133382
 13.540000 -1.311722 0.816109 13.217510
 13.560000 -1.240374 0.704140 12.314270
 13.580000 -1.187564 0.694957 12.183869
 13.600000 -1.141345 0.693082 12.152375
 13.620000 -1.130718 0.598949 11.637935
 13.640000 -1.100958 0.466956 11.040231
 13.660000 -1.352634 0.640829 12.052944
 13.680000 -1.327891 0.487047 10.677368
 13.700000 -1.510161 0.616552 12.067369
 13.720000 -1.355871 0.424503 10.084706
 13.740000 -1.548784 0.552630 11.379608
 13.760000 -1.323967 0.269393 9.094410
 13.780000 -1.322356 0.375444 9.768730
 13.800000 -1.217894 0.365362 10.083948
 13.820000 -1.096601 0.221973 10.383730
 13.840000 -1.151649 0.319393 10.216771
 13.860000 -1.225841 0.324640 9.851060
 13.880000 -1.354400 0.371075 9.636197
 13.900000 -1.244760 0.316921 9.724358
 13.920000 -1.347445 0.426005 10.114290
 13.940000 -1.253463 0.373127 9.987795
 13.960000 -1.324677 0.365622 9.689034
 13.980000 -1.255214 0.331492 9.747933
 14.000000 -1.319766 0.381375 9.820943
 14.020000 -1.426766 0.388927 9.603270
 14.040000 -1.409193 0.498981 10.749577
 14.060000 -1.179259 0.284563 9.951674
 14.080000 -1.179390 0.444977 10.652899
 14.100000 -1.157316 0.274252 10.057086
 14.120000 -1.136895 0.344943 10.381081
 14.140000 -1.151916 0.352333 10.329270
 14.160000 -1.147526 0.245291 10.060234
 14.180000 -1.278727 0.354560 9.780422
 14.200000 -1.310919 0.480324 10.635549
 14.220000 -1.344775 0.417039 10.042403
 14.240000 -1.287316 0.437749 10.330822
 14.260000 -1.434731 0.530865 11.086526
 14.280000 -1.433691 0.470468 10.436509
 14.300000 -1.267849 0.482780 10.707215
 14.320000 -1.385821 0.554624 11.305668
 14.340000 -1.300207 0.541105 11.152399
 14.360000 -1.303768 0.631035 11.891728
 14.380000 -1.188536 0.606787 11.635889
 14.400000 -1.179188 0.580205 11.472783
 14.420000 -1.161035 0.566450 11.407808
 14.440000 -1.377340 0.577900 11.522034
 14.460000 -1.320565 0.585888 11.539536
 14.480000 -1.172654 0.514084 11.072418
 14.500000 -1.186986 0.528613 11.137226
 14.520000 -1.143567 0.579089 11.506823
 14.540000 -1.223438 0.589951 11.520102
 14.560000 -1.276296 0.460144 10.522078
 14.580000 -1.405972 0.534158 11.111467
 14.600000 -1.302066 0.434573 10.275628
 14.620000 -1.368594 0.610894 11.816417
 14.640000 -1.141169 0.432858 10.723792
 14.660000 -1.254178 0.574824 11.414175
 14.680000 -1.368679 0.558161 11.328370
 14.700000 -1.378996 0.537712 11.137693
 14.720000 -1.329778 0.506061 10.844082
 14.740000 -1.336527 0.600425 11.681201
 14.760000 -1.060729 0.378795 10.908060
 14.780000 -1.092266 0.581677 11.624258
 14.800000 -1.048367 0.556679 11.646886
 14.820000 -1.132616 0.621427 11.760434
 14.840000 -1.395889 0.668923 12.378184
 14.860000 -1.498275 0.714602 12.968942
 14.880000 -1.478660 0.694102 12.760666
 14.900000 -1.502139 0.722897 13.043079
 14.920000 -1.349924 0.694211 12.482324
 14.940000 -1.319600 0.752827 12.831015
 14.960000 -1.413845 0.795541 13.380809
 14.980000 -1.277859 0.612429 11.714131
 15.000000 -1.391382 0.759065 13.072679
 15.020000 -1.364704 0.747674 12.919590
 15.040000 -1.256103 0.769468 12.767811
 15.060000 -1.239892 0.715297 12.386235
 15.080000 -1.155888 0.724843 12.331438
 15.100000 -1.215250 0.753323 12.575654
 15.120000 -1.291568 0.722099 12.545388
 15.140000 -1.365905 0.718742 12.710233
 15.160000 -1.185596 0.637674 11.831061
 15.180000 -1.500539 0.782541 13.478714
 15.200000 -1.261664 0.764938 12.753715
 15.220000 -1.294777 0.731751 12.620036
 15.240000 -1.252419 0.702454 12.325311
 15.260000 -1.342227 0.743976 12.832118
 15.280000 -1.023313 0.447240 11.335310
 15.300000 -1.199872 0.621938 11.732507
 15.320000 -1.167372 0.488863 10.935897
 15.340000 -1.346494 0.512407 10.895781
 15.360000 -1.348525 0.410514 9.978471
 15.380000 -1.336659 0.451309 10.353721
 15.400000 -1.511823 0.214319 7.812408
 15.420000 -1.505739 0.390463 9.454285
 15.440000 -1.441939 0.235256 8.293472
 15.460000 -1.525571 0.227670 7.839313
 15.480000 -1.396295 0.106785 8.106238
 15.500000 -1.471557 0.218205 8.038017
 15.520000 -1.424403 0.094691 7.888147
 15.540000 -1.452422 0.164445 7.878896
 15.560000 -1.250004 0.067803 9.223621
 15.580000 -1.437238 0.093140 7.794748
 15.600000 -1.331439 0.141221 8.623397
 15.620000 -1.111142 0.054421 10.341040
 15.640000 -1.212256 0.218400 9.582353
 15.660000 -1.160265 0.308289 10.133399
 15.680000 -1.192213 0.306870 9.950918
 15.700000 -1.354493 0.465587 10.459079
 15.720000 -1.346114 0.436846 10.211616
 15.740000 -1.351284 0.621150 11.881610
 15.760000 -1.235819 0.606149 11.636694
 15.780000 -1.357603 0.815402 13.352388
 15.800000 -1.291859 0.806749 13.099257
 15.820000 -1.233227 0.798936 12.888669
 15.840000 -1.247796 1.034571 14.281821
 15.860000 -1.377531 0.965122 14.235161
 15.880000 -1.236575 1.065255 14.427489
 15.900000 -1.195273 1.140185 14.758045
 15.920000 -1.200931 1.073779 14.379281
 15.940000 -1.182006 1.257131 15.368384
 15.960000 -1.250062 1.173573 15.063867
 15.980000 -1.312265 1.141229 14.981420
 16.000000 -1.427249 1.253651 15.197637
 16.020000 -1.338219 1.216361 15.296205
 16.040000 -1.386849 1.377983 15.384460
 16.060000 -1.320770 1.192668 15.213830
 16.080000 -1.516101 1.252482 14.816250
 16.100000 -1.354737 1.191165 15.196771
 16.120000 -1.448363 1.366285 15.086074
 16.140000 -1.274203 1.151074 14.984185
 16.160000 -1.330005 1.210357 15.280045
 16.180000 -1.312748 1.213661 15.297838
 16.200000 -1.224865 1.157747 14.929967
 16.220000 -1.301300 0.978375 14.115538
 16.240000 -1.094284 0.999483 13.665857
 16.260000 -1.168863 0.946658 13.550736
 16.280000 -1.264215 1.034156 14.324056
 16.300000 -1.182642 0.859827 13.109112
 16.320000 -1.320657 0.981628 14.185278
 16.340000 -1.376694 0.924338 14.026656
 16.360000 -1.478960 0.968244 14.376303
 16.380000 -1.432912 0.908381 14.066411
 16.400000 -1.451743 1.004396 14.500059
 16.420000 -1.156923 0.793423 12.702837
 16.440000 -1.327078 0.878971 13.639449
 16.460000 -1.136655 0.818235 12.805496
 16.480000 -1.171059 0.851881 13.040238
 16.500000 -1.313091 0.757367 12.843537
 16.520000 -1.221135 0.858204 13.199022
 16.540000 -1.270063 0.771075 12.814612
 16.560000 -1.347006 0.787437 13.141507
 16.580000 -1.453432 0.897326 14.047923
 16.600000 -1.365758 0.588575 11.609180
 16.620000 -1.451032 0.862057 13.863911
 16.640000 -1.257374 0.645026 11.932911
 16.660000 -1.358526 0.590711 11.620491
 16.680000 -1.311153 0.635781 11.940697
 16.700000 -1.162790 0.570663 11.430931
 16.720000 -1.357422 0.423973 10.076992
 16.740000 -1.208206 0.536249 11.159518
 16.760000 -1.147898 0.410880 10.593871
 16.780000 -1.263105 0.325107 9.679040
 16.800000 -1.380617 0.463413 10.410657
 16.820000 -1.070012 0.327668 10.720524
 16.840000 -1.329188 0.336227 9.466511
 16.860000 -1.295632 0.316994 9.487715
 16.880000 -1.336247 0.380297 9.763408
 16.900000 -1.339112 0.255464 8.945108
 16.920000 -1.301115 0.382466 9.886513
 16.940000 -1.253688 0.250320 9.406161
 16.960000 -1.489505 0.380400 9.376129
 16.980000 -1.490231 0.488490 10.612084
 17.000000 -1.384038 0.406621 9.865476
 17.020000 -1.356803 0.561241 11.349088
 17.040000 -1.257770 0.411545 10.217250
 17.060000 -1.387621 0.465725 10.426251
 17.080000 -1.168178 0.402223 10.470266
 17.100000 -1.068787 0.410824 10.965646
 17.120000 -1.237862 0.478132 10.719699
 17.140000 -1.153881 0.459711 10.813689
 17.160000 -1.335200 0.661658 12.191922
 17.180000 -1.358552 0.474892 10.541263
 17.200000 -1.333030 0.687577 12.391425
 17.220000 -1.334082 0.756697 12.897993
 17.240000 -1.542908 0.719031 13.069240
 17.260000 -1.357682 0.837343 13.487372
 17.280000 -1.311728 0.771036 12.930400
 17.300000 -1.205320 0.698559 12.225011
 17.320000 -1.267370 0.845685 13.261222
 17.340000 -1.272411 0.680353 12.209612
 17.360000 -1.237234 0.781591 12.794813
 17.380000 -1.172943 0.743131 12.448870
 17.400000 -1.424879 1.039157 14.619797
 17.420000 -1.377410 0.878548 13.782502
 17.440000 -1.541028 1.098108 14.620893
 17.460000 -1.703706 1.047488 13.916120
 17.480000 -1.572324 1.089723 14.507492
 17.500000 -1.282502 0.991214 14.134179
 17.520000 -1.271358 0.978512 14.031275
 17.540000 -0.983508 0.814984 12.887206
 17.560000 -1.078989 0.891478 13.105791
 17.580000 -0.858165 0.638865 12.991957
 17.600000 -1.154064 0.844174 12.966056
 17.620000 -1.245103 0.616826 11.718082
 17.640000 -1.449046 0.801970 13.506964
 17.660000 -1.442538 0.653448 12.331149
 17.680000 -1.420180 0.625957 12.035886
 17.700000 -1.423490 0.608066 11.868738
 17.720000 -1.252898 0.389929 10.092726
 17.740000 -1.371531 0.397415 9.811099
 17.760000 -1.213769 0.239080 9.618272
 17.780000 -1.305042 0.244739 9.086220
 17.800000 -1.244552 0.147368 9.260512
 17.820000 -1.269922 0.177114 9.115511
 17.840000 -1.269880 0.136582 9.065514
 17.860000 -1.300636 0.164098 8.879333
 17.880000 -1.159662 0.124589 9.898304
 17.900000 -1.183086 0.087573 9.738701
 17.920000 -1.473661 0.252256 8.253264
 17.940000 -1.353463 0.085038 8.406281
 17.960000 -1.555563 0.281629 8.171852
 17.980000 -1.381011 0.132092 8.255883
 18.000000 -1.426816 0.378186 9.499409
 18.020000 -1.271900 0.165085 9.082394
 18.040000 -1.304548 0.192062 8.914195
 18.060000 -1.099210 0.208388 10.356014
 18.080000 -1.223201 0.175269 9.440151
 18.100000 -1.179960 0.256284 9.872392
 18.120000 -0.999632 0.252671 11.104718
 18.140000 -1.128990 0.306268 10.309911
 18.160000 -1.212603 0.263242 9.691190
 18.180000 -1.359094 0.339379 9.375928
 18.200000 -1.448614 0.193849 8.029923
 18.220000 -1.499280 0.257340 8.177877
 18.240000 -1.584734 0.266177 7.924943
 18.260000 -1.794272 0.264943 7.343975
 18.280000 -1.640290 0.221021 7.323091
 18.300000 -1.749560 0.232155 7.098409
 18.320000 -1.948474 0.315612 7.615203
 18.340000 -1.865818 0.295614 7.559725
 18.360000 -2.070505 0.186079 5.965562
 18.380000 -1.948668 0.098230 5.692841
 18.400000 -2.044702 0.185273 6.019541
 18.420000 -1.931750 -0.040492 5.503721
 18.440000 -2.150533 0.051442 5.309442
 18.460000 -1.899949 -0.160242 5.783867
 18.480000 -2.200040 0.001539 5.338974
 18.500000 -1.976186 -0.153065 5.687912
 18.520000 -2.110362 -0.033847 5.377153
 18.540000 -2.224634 -0.264554 6.621499
 18.560000 -2.058496 0.066435 5.420685
 18.580000 -2.070144 -0.132191 5.630864
 18.600000 -2.153585 0.003572 5.322570
 18.620000 -2.089187 0.129079 5.586066
 18.640000 -2.156883 0.165877 5.641070
 18.660000 -2.189361 0.289602 6.497126
 18.680000 -2.064477 0.137241 5.672218
 18.700000 -2.128975 0.208790 5.986955
 18.720000 -2.248420 0.313552 6.500291
 18.740000 -2.099279 0.254898 6.474678
 18.760000 -2.242680 0.314081 6.527951
 18.780000 -2.102541 0.381093 7.918698
 18.800000 -2.194888 0.443957 8.225909
 18.820000 -2.111690 0.412160 8.275410
 18.840000 -2.056408 0.428754 8.755457
 18.860000 -1.956199 0.292969 7.313375
 18.880000 -2.182863 0.439865 8.244929
 18.900000 -1.994343 0.234179 6.566471
 18.920000 -1.980056 0.328983 7.697842
 18.940000 -1.836412 0.204756 6.639081
 18.960000 -1.716443 0.184798 6.776860
 18.980000 -1.646046 0.000428 6.399181
 19.000000 -1.697372 0.043294 6.196062
 19.020000 -1.566804 -0.143474 7.115514
 19.040000 -1.448645 -0.124102 7.944077
 19.060000 -1.332435 -0.170107 9.018104
 19.080000 -1.252292 -0.197550 9.711741
 19.100000 -1.125552 -0.202106 10.582900
 19.120000 -1.182352 -0.184063 10.192085
 19.140000 -1.017223 -0.220357 11.165885
 19.160000 -0.950673 -0.324121 11.267194
 19.180000 -1.147905 -0.096047 10.292936
 19.200000 -1.162035 -0.090780 10.180002
 19.220000 -1.164653 0.104283 9.870748
 19.240000 -1.166803 0.255428 9.954085
 19.260000 -1.196004 0.318169 9.972900
 19.280000 -1.401642 0.613131 11.885818
 19.300000 -1.345518 0.587052 11.573630
 19.320000 -1.377455 0.693492 12.541584
 19.340000 -1.297722 0.748063 12.738629
 19.360000 -1.354663 1.032046 14.514479
 19.380000 -1.421670 1.108125 14.866815
 19.400000 -1.446534 1.148584 14.949647
 19.420000 -1.430475 1.428898 15.046578
 19.440000 -1.261574 1.293951 15.596524
 19.460000 -1.183825 1.416752 15.842848
 19.480000 -1.135486 1.327001 15.561061
 19.500000 -1.093944 1.385170 15.609373
 19.520000 -1.000267 1.463021 15.243622
 19.540000 -1.020879 1.410039 15.329427
 19.560000 -1.168942 1.523758 15.694710
 19.580000 -1.278425 1.440816 15.717570
 19.600000 -1.524828 1.435410 14.402842
 19.620000 -1.580584 1.446005 13.966749
 19.640000 -1.480605 1.365588 14.899418
 19.660000 -1.434817 1.352469 15.177615
 19.680000 -1.543313 1.248560 14.673258
 19.700000 -1.694898 1.155999 13.843553
 19.720000 -1.819776 1.251539 12.783496
 19.740000 -1.796240 0.963854 13.500356
 19.760000 -1.839710 1.081891 13.018060
 19.780000 -1.637919 0.774660 13.507214
 19.800000 -1.644591 0.873505 13.953787
 19.820000 -1.352055 0.681556 12.387320
 19.840000 -1.354811 0.527456 11.034633
 19.860000 -1.219901 0.301611 9.783335
 19.880000 -1.284203 0.397880 10.046734
 19.900000 -1.142012 0.129915 10.031517
 19.920000 -1.127048 0.186983 10.142625
 19.940000 -1.010504 0.127924 11.041105
 19.960000 -1.230029 0.183697 9.402663
 19.980000 -1.179024 0.101616 9.760359
 20.000000 -1.395744 0.263227 8.697712
