#! FIELDS time phi psi metad.bias
#! SET min_phi -pi
#! SET max_phi pi
#! SET min_psi -pi
#! SET max_psi pi
 0.000000 3.141580 -3.141577 37.327522
 0.020000 -2.401272 2.510861 7.462722
 0.040000 -2.412504 2.498479 7.470690
 0.060000 -2.395350 2.472432 7.146136
 0.080000 -2.413312 2.473979 7.312066
 0.100000 -2.414437 2.455019 7.208661
 0.120000 -2.414517 2.429107 7.074594
 0.140000 -2.392913 2.436363 6.923285
 0.160000 -2.312508 2.463498 6.539624
 0.180000 -2.312525 2.454529 6.488851
 0.200000 -2.285695 2.476415 6.494539
 0.220000 -2.282922 2.494394 6.599435
 0.240000 -2.208738 2.515622 6.531269
 0.260000 -2.181739 2.544170 6.702465
 0.280000 -2.172998 2.484321 6.280603
 0.300000 -2.213435 2.609940 7.335812
 0.320000 -2.160475 2.548400 6.714340
 0.340000 -2.169111 2.585032 7.025601
 0.360000 -2.147069 2.504200 6.393554
 0.380000 -2.173079 2.469871 6.196948
 0.400000 -2.293902 2.492475 6.633012
 0.420000 -2.302338 2.414090 6.241831
 0.440000 -2.395546 2.414972 6.845435
 0.460000 -2.340242 2.388902 6.345647
 0.480000 -2.386424 2.375658 6.627867
 0.500000 -2.418248 2.338357 6.818756
 0.520000 -2.395262 2.415121 6.843700
 0.540000 -2.423776 2.476937 7.428384
 0.560000 -2.321877 2.444163 6.482315
 0.580000 -2.334707 2.524476 7.079181
 0.600000 -2.393087 2.561178 7.823136
 0.620000 -2.429972 2.567113 8.229594
 0.640000 -2.422467 2.635525 8.922341
 0.660000 -2.403077 2.471217 7.204096
 0.680000 -2.337740 2.556497 7.367025
 0.700000 -2.293966 2.515326 6.794608
 0.720000 -2.318214 2.635531 8.047625
 0.740000 -2.212491 2.583771 7.088043
 0.760000 -2.166867 2.501249 6.382263
 0.780000 -2.197669 2.618961 7.387763
 0.800000 -2.175360 2.591544 7.091101
 0.820000 -2.212835 2.569426 6.962170
 0.840000 -2.307453 2.586481 7.471146
 0.860000 -2.168916 2.578367 6.967414
 0.880000 -2.154239 2.557902 6.784960
 0.900000 -2.265487 2.457985 6.311413
 0.920000 -2.232360 2.449815 6.174383
 0.940000 -2.280253 2.569574 7.181219
 0.960000 -2.375897 2.551915 7.596176
 0.980000 -2.281020 2.441778 6.280610
 1.000000 -2.454972 2.337743 7.199700
 1.020000 -2.524403 2.512877 8.888904
 1.040000 -2.611592 2.479571 10.033337
 1.060000 -2.715374 2.378699 11.538289
 1.080000 -2.762911 2.366479 12.491778
 1.100000 -2.567020 2.407142 8.890538
 1.120000 -2.598900 2.550978 10.468739
 1.140000 -2.434313 2.653421 9.283971
 1.160000 -2.305902 2.619929 7.804091
 1.180000 -2.258852 2.693590 8.403965
 1.200000 -2.111352 2.769353 8.897727
 1.220000 -2.146535 2.764584 8.885582
 1.240000 -2.154001 2.659414 7.725221
 1.260000 -2.161187 2.754177 8.793136
 1.280000 -2.140562 2.662368 7.741444
 1.300000 -2.137992 2.617031 7.290526
 1.320000 -2.143100 2.552257 6.734854
 1.340000 -2.126007 2.590164 7.042757
 1.360000 -2.084637 2.583335 6.996882
 1.380000 -2.158812 2.474848 6.217940
 1.400000 -2.283376 2.361092 5.972106
 1.420000 -2.336579 2.352231 6.211936
 1.440000 -2.464522 2.358213 7.347706
 1.460000 -2.516032 2.277759 7.944690
 1.480000 -2.548965 2.354561 8.472849
 1.500000 -2.622271 2.300914 9.673833
 1.520000 -2.528387 2.531899 9.115697
 1.540000 -2.557295 2.455509 8.968123
 1.560000 -2.460437 2.476733 7.806776
 1.580000 -2.482163 2.593017 9.117623
 1.600000 -2.394460 2.613327 8.378895
 1.620000 -2.481841 2.704206 10.641746
 1.640000 -2.602166 2.635339 11.667905
 1.660000 -2.557994 2.653895 11.116855
 1.680000 -2.493906 2.791441 12.275311
 1.700000 -2.483905 2.797645 12.204692
 1.720000 -2.359593 2.655653 8.578793
 1.740000 -2.385808 2.699259 9.380388
 1.760000 -2.416749 2.749840 10.451046
 1.780000 -2.278764 2.602832 7.490774
 1.800000 -2.404201 2.485177 7.304028
 1.820000 -2.447483 2.404225 7.295696
 1.840000 -2.383060 2.536436 7.517240
 1.860000 -2.453490 2.490019 7.820206
 1.880000 -2.460282 2.366144 7.317820
 1.900000 -2.276775 2.406662 6.104071
 1.920000 -2.248596 2.591651 7.263420
 1.940000 -2.102828 2.557197 6.776139
 1.960000 -2.089156 2.506317 6.430981
 1.980000 -2.107989 2.416583 5.962680
 2.000000 -2.070996 2.490774 6.364560
 2.020000 -1.869045 2.389963 6.644844
 2.040000 -1.950769 2.292373 6.204349
 2.060000 -1.858977 2.502891 7.088058
 2.080000 -1.942406 2.402397 6.358385
 2.100000 -2.037630 2.464293 6.293720
 2.120000 -1.947316 2.357589 6.250972
 2.140000 -1.992403 2.280988 6.022867
 2.160000 -2.094921 2.418440 5.987801
 2.180000 -2.167689 2.339995 5.694027
 2.200000 -2.188715 2.277003 5.607993
 2.220000 -2.273128 2.185338 5.786607
 2.240000 -2.223140 2.169039 5.670391
 2.260000 -2.336932 2.330594 6.165443
 2.280000 -2.435517 2.404417 7.171993
 2.300000 -2.320306 2.483894 6.705931
 2.320000 -2.326437 2.384459 6.249477
 2.340000 -2.347533 2.559615 7.459022
 2.360000 -2.392786 2.553271 7.746742
 2.380000 -2.580342 2.553226 10.164236
 2.400000 -2.512530 2.530423 8.875767
 2.420000 -2.346807 2.693772 8.958673
 2.440000 -2.377100 2.423932 6.738978
 2.460000 -2.320126 2.525469 7.002742
 2.480000 -2.499315 2.486719 8.344369
 2.500000 -2.531351 2.462937 8.625498
 2.520000 -2.503200 2.358932 7.829208
 2.540000 -2.582276 2.388871 9.077562
 2.560000 -2.504773 2.459801 8.241624
 2.580000 -2.567392 2.595198 10.444352
 2.600000 -2.670069 2.570237 12.116494
 2.620000 -2.477430 2.494762 8.128664
 2.640000 -2.269742 2.585582 7.284749
 2.660000 -2.250897 2.619452 7.545870
 2.680000 -2.113554 2.856324 9.862867
 2.700000 -1.963034 2.673501 8.061069
 2.720000 -1.933717 2.697662 8.419944
 2.740000 -1.759801 2.671810 9.075915
 2.760000 -1.884963 2.566479 7.391528
 2.780000 -1.890861 2.686770 8.487967
 2.800000 -1.838505 2.588654 7.774784
 2.820000 -1.762472 2.607195 8.345238
 2.840000 -1.776188 2.540698 7.709693
 2.860000 -1.704699 2.464228 7.636258
 2.880000 -1.897575 2.419098 6.584777
 2.900000 -1.747452 2.402349 7.243768
 2.920000 -1.751118 2.263386 7.321142
 2.940000 -1.618340 2.257158 7.989159
 2.960000 -1.642029 2.143498 8.485417
 2.980000 -1.650659 2.133088 8.517404
 3.000000 -1.710912 2.025894 9.061520
 3.020000 -1.739792 2.127572 8.057389
 3.040000 -1.742602 2.219977 7.525418
 3.060000 -1.767077 2.037906 8.563824
 3.080000 -1.552616 2.086336 9.240530
 3.100000 -1.728112 2.092546 8.386650
 3.120000 -1.569449 2.185709 8.507631
 3.140000 -1.569524 2.144102 8.765753
 3.160000 -1.618739 2.191782 8.287758
 3.180000 -1.537264 2.239425 8.356043
 3.200000 -1.579747 2.287336 8.053465
 3.220000 -1.509134 2.350159 8.252354
 3.240000 -1.562234 2.362159 8.051360
 3.260000 -1.477228 2.401741 8.470588
 3.280000 -1.699373 2.344896 7.439381
 3.300000 -1.541464 2.508191 8.754155
 3.320000 -1.581073 2.403726 8.030349
 3.340000 -1.417764 2.414188 8.771042
 3.360000 -1.430744 2.476587 9.099088
 3.380000 -1.558184 2.496759 8.576282
 3.400000 -1.541425 2.437511 8.320855
 3.420000 -1.622382 2.424586 7.894644
 3.440000 -1.617359 2.405160 7.868323
 3.460000 -1.539068 2.481095 8.568778
 3.480000 -1.600665 2.374492 7.896958
 3.500000 -1.645067 2.320011 7.715565
 3.520000 -1.708448 2.365439 7.394750
 3.540000 -1.782754 2.240695 7.216587
 3.560000 -1.681521 2.363285 7.521924
 3.580000 -1.615602 2.200385 8.254090
 3.600000 -1.639028 2.238262 7.973439
 3.620000 -1.498311 2.226280 8.518935
 3.640000 -1.625686 2.264269 7.933589
 3.660000 -1.769485 2.320729 7.109717
 3.680000 -1.619594 2.285636 7.896010
 3.700000 -1.780188 2.360632 7.041277
 3.720000 -1.742106 2.468409 7.468431
 3.740000 -1.741864 2.456976 7.422938
 3.760000 -1.852195 2.353536 6.683374
 3.780000 -1.965197 2.461564 6.482595
 3.800000 -1.843576 2.325180 6.724919
 3.820000 -1.936729 2.410458 6.401936
 3.840000 -1.988359 2.369395 6.115117
 3.860000 -1.897446 2.379964 6.499562
 3.880000 -2.146514 2.473618 6.208824
 3.900000 -2.225114 2.385818 5.879598
 3.920000 -2.319557 2.355141 6.122714
 3.940000 -2.559747 2.287005 8.605381
 3.960000 -2.616248 2.361565 9.596994
 3.980000 -2.582011 2.450614 9.335358
 4.000000 -2.667221 2.497548 11.239024
 4.020000 -2.481725 2.468842 8.004847
 4.040000 -2.529684 2.523659 9.059133
 4.060000 -2.619587 2.607919 11.600818
 4.080000 -2.530099 2.672176 10.912877
 4.100000 -2.634333 2.595336 11.718136
 4.120000 -2.496169 2.709951 10.953540
 4.140000 -2.470340 2.721360 10.738524
 4.160000 -2.503515 2.679946 10.599331
 4.180000 -2.436825 2.703907 10.017906
 4.200000 -2.301214 2.710560 8.844937
 4.220000 -2.165952 2.747103 8.721219
 4.240000 -1.955606 2.775011 9.198183
 4.260000 -1.950746 2.657217 7.938918
 4.280000 -2.061342 2.630313 7.432903
 4.300000 -1.979768 2.624644 7.540675
 4.320000 -2.179249 2.411389 5.919013
 4.340000 -1.992742 2.455467 6.370955
 4.360000 -2.005243 2.351390 6.024309
 4.380000 -2.070277 2.395005 5.950734
 4.400000 -2.006729 2.297345 5.966441
 4.420000 -2.118287 2.196303 5.670407
 4.440000 -1.980151 2.135981 6.381572
 4.460000 -2.046962 2.159767 5.962813
 4.480000 -1.957760 2.124335 6.568974
 4.500000 -2.136410 2.172574 5.668571
 4.520000 -1.972631 2.041852 6.895185
 4.540000 -2.167313 1.993033 6.163361
 4.560000 -2.078912 2.052510 6.192844
 4.580000 -2.063594 1.873570 7.321900
 4.600000 -2.191154 2.084935 5.809727
 4.620000 -2.096744 2.135888 5.836918
 4.640000 -2.145433 2.263069 5.606281
 4.660000 -2.019141 2.289560 5.918516
 4.680000 -2.283396 2.241975 5.798207
 4.700000 -2.051612 2.466710 6.274828
 4.720000 -2.264962 2.617387 7.579561
 4.740000 -2.150862 2.669738 7.829719
 4.760000 -2.158241 2.630382 7.435996
 4.780000 -2.163981 2.781061 9.111972
 4.800000 -2.268051 2.799897 9.780489
 4.820000 -2.386828 2.884333 12.016981
 4.840000 -2.436783 2.750298 10.716311
 4.860000 -2.513555 2.835759 13.410991
 4.880000 -2.504091 2.931609 14.715146
 4.900000 -2.675744 2.710645 14.730361
 4.920000 -2.668074 2.799261 16.497968
 4.940000 -2.758241 2.716839 17.116248
 4.960000 -2.633840 2.717134 13.826553
 4.980000 -2.539767 2.598928 10.029584
 5.000000 -2.459830 2.507349 8.018820
 5.020000 -2.376781 2.557660 7.655525
 5.040000 -2.447168 2.438104 7.440324
 5.060000 -2.365244 2.352516 6.402715
 5.080000 -2.288278 2.203971 5.832282
 5.100000 -2.132354 2.224193 5.623504
 5.120000 -2.103984 2.148819 5.784668
 5.140000 -2.031340 2.197920 5.945399
 5.160000 -2.105636 1.974854 6.449622
 5.180000 -1.851733 2.075721 7.616940
 5.200000 -1.848446 1.927017 8.872126
 5.220000 -1.732270 2.000855 9.149953
 5.240000 -1.602060 2.011249 9.752284
 5.260000 -1.665440 2.006117 9.517236
 5.280000 -1.463390 1.995628 10.102671
 5.300000 -1.371195 2.032941 9.689159
 5.320000 -1.312041 2.046375 9.487332
 5.340000 -1.288089 2.075136 9.304464
 5.360000 -1.180730 2.180007 9.100461
 5.380000 -1.182087 2.225126 9.144940
 5.400000 -1.090429 2.366577 10.309292
 5.420000 -0.984124 2.204592 9.916811
 5.440000 -1.127346 2.282604 9.545716
 5.460000 -1.059439 2.286622 9.968282
 5.480000 -1.110429 2.310086 9.782979
 5.500000 -1.124709 2.420713 10.519054
 5.520000 -1.290176 2.332981 8.990228
 5.540000 -1.425515 2.316355 8.525143
 5.560000 -1.670748 2.271625 7.706178
 5.580000 -1.897382 2.414659 6.573504
 5.600000 -2.077770 2.296470 5.742427
 5.620000 -2.231864 2.285033 5.667700
 5.640000 -2.284582 2.293591 5.839108
 5.660000 -2.383367 2.345988 6.526215
 5.680000 -2.587933 2.174157 9.322153
 5.700000 -2.542147 2.296752 8.326005
 5.720000 -2.693692 2.433406 11.312546
 5.740000 -2.710196 2.444326 11.712846
 5.760000 -2.663574 2.652863 13.291351
 5.780000 -2.720007 2.651861 14.642344
 5.800000 -2.707961 2.612230 13.613942
 5.820000 -2.571150 2.820210 14.391720
 5.840000 -2.502948 2.839020 13.254911
 5.860000 -2.310864 2.724621 9.090015
 5.880000 -2.156845 2.806786 9.393154
 5.900000 -2.071765 2.803330 9.273679
 5.920000 -2.041886 2.727565 8.453872
 5.940000 -1.987941 2.703122 8.293442
 5.960000 -1.961162 2.608900 7.456789
 5.980000 -1.802672 2.610734 8.155123
 6.000000 -1.595053 2.473128 8.233659
 6.020000 -1.855073 2.495519 7.065717
 6.040000 -1.681395 2.291364 7.601532
 6.060000 -1.644126 2.297868 7.759442
 6.080000 -1.720969 2.231867 7.595241
 6.100000 -1.353577 2.109152 9.217427
 6.120000 -1.215862 2.139826 9.077335
 6.140000 -1.216298 2.069697 9.213006
 6.160000 -1.152099 2.121952 9.119216
 6.180000 -1.139199 1.944626 9.312764
 6.200000 -1.258371 2.052585 9.344024
 6.220000 -1.036164 1.981133 8.991153
 6.240000 -0.972608 1.889429 8.781825
 6.260000 -1.095209 1.868233 9.283417
 6.280000 -1.012640 1.755588 9.015143
 6.300000 -1.197533 1.540685 11.147657
 6.320000 -1.121600 1.537726 10.333051
 6.340000 -1.093840 1.358022 10.026238
 6.360000 -1.281841 1.370646 11.913932
 6.380000 -1.190689 1.132415 10.265890
 6.400000 -1.339257 1.043066 11.056347
 6.420000 -1.530156 1.116647 12.626619
 6.440000 -1.352850 0.865090 10.661323
 6.460000 -1.192941 0.864137 9.872484
 6.480000 -1.269567 0.710061 10.138056
 6.500000 -1.060621 0.653246 10.138430
 6.520000 -0.997970 0.569768 10.472985
 6.540000 -1.252872 0.497550 10.404411
 6.560000 -1.240336 0.517396 10.338647
 6.580000 -1.415595 0.479306 10.819744
 6.600000 -1.315204 0.480240 10.566788
 6.620000 -1.313637 0.565231 10.432810
 6.640000 -1.341697 0.468535 10.645080
 6.660000 -1.336163 0.420366 10.701839
 6.680000 -1.257241 0.508982 10.386789
 6.700000 -1.181460 0.361098 10.714560
 6.720000 -1.291683 0.546662 10.394290
 6.740000 -1.130562 0.382586 10.639658
 6.760000 -1.414030 0.512804 10.814728
 6.780000 -1.275851 0.372620 10.731088
 6.800000 -1.243763 0.380915 10.687748
 6.820000 -1.134651 0.368461 10.682053
 6.840000 -0.948131 0.240164 10.957637
 6.860000 -1.235194 0.460631 10.467694
 6.880000 -1.181300 0.538091 10.225513
 6.900000 -1.180931 0.577832 10.139599
 6.920000 -1.259780 0.777388 10.082862
 6.940000 -1.533506 0.795848 11.734645
 6.960000 -1.477350 0.965646 11.782960
 6.980000 -1.361218 0.857359 10.703271
 7.000000 -1.276937 0.964194 10.375528
 7.020000 -1.147732 0.988096 9.800898
 7.040000 -1.291962 1.002489 10.572943
 7.060000 -1.187792 0.977859 9.933022
 7.080000 -1.237849 1.028274 10.288682
 7.100000 -1.314913 1.129507 11.218046
 7.120000 -1.332284 1.102467 11.242227
 7.140000 -1.265489 1.094081 10.682244
 7.160000 -1.334702 1.051691 11.054187
 7.180000 -1.041178 0.888569 9.833148
 7.200000 -0.891639 0.921576 10.436233
 7.220000 -1.065837 0.786491 9.923257
 7.240000 -1.198242 0.812120 9.887360
 7.260000 -1.329005 0.785710 10.419934
 7.280000 -1.432831 0.689209 10.971240
 7.300000 -1.506171 0.817951 11.612667
 7.320000 -1.398214 0.653340 10.757095
 7.340000 -1.408591 0.716309 10.846826
 7.360000 -1.157677 0.574227 10.141765
 7.380000 -1.405068 0.594201 10.782367
 7.400000 -1.342184 0.475884 10.636648
 7.420000 -1.448483 0.552676 10.952030
 7.440000 -1.247684 0.341609 10.795891
 7.460000 -1.241169 0.428550 10.557656
 7.480000 -1.039914 0.345599 10.767928
 7.500000 -1.126027 0.378569 10.651781
 7.520000 -1.250822 0.403674 10.632527
 7.540000 -1.220612 0.604330 10.131897
 7.560000 -1.384182 0.625432 10.683336
 7.580000 -1.334124 0.742261 10.426819
 7.600000 -1.403194 0.918342 11.127840
 7.620000 -1.395430 0.966554 11.210021
 7.640000 -1.275384 0.952603 10.340553
 7.660000 -1.101873 0.965946 9.707794
 7.680000 -1.152390 1.017430 9.841159
 7.700000 -1.214221 1.185328 10.608293
 7.720000 -1.161882 1.185668 10.209467
 7.740000 -1.302003 1.368677 12.111712
 7.760000 -1.209656 1.604389 11.160946
 7.780000 -1.513542 1.655233 13.183480
 7.800000 -1.348136 1.661843 12.294635
 7.820000 -1.497602 1.776294 12.222316
 7.840000 -1.175549 1.790499 10.111006
 7.860000 -1.062096 1.810278 9.216321
 7.880000 -0.983182 1.892532 8.809100
 7.900000 -1.144314 2.051377 9.147705
 7.920000 -1.161266 1.971706 9.330051
 7.940000 -1.246498 2.142898 9.063550
 7.960000 -1.308208 2.149993 9.035849
 7.980000 -1.348213 2.339598 8.794810
 8.000000 -1.563552 2.266542 8.172040
 8.020000 -1.599508 2.305141 7.936332
 8.040000 -1.479707 2.399876 8.454357
 8.060000 -1.549504 2.376682 8.117641
 8.080000 -1.414114 2.397183 8.714639
 8.100000 -1.647020 2.358459 7.681342
 8.120000 -1.486720 2.464122 8.724075
 8.140000 -1.717504 2.555013 8.133103
 8.160000 -1.432366 2.547001 9.798004
 8.180000 -1.511722 2.462898 8.592659
 8.200000 -1.518615 2.675913 11.086833
 8.220000 -1.700093 2.668493 9.460806
 8.240000 -1.672441 2.673572 9.741847
 8.260000 -1.611774 2.378508 7.851576
 8.280000 -1.607124 2.424237 7.965775
 8.300000 -1.670767 2.425146 7.664898
 8.320000 -1.704785 2.315627 7.441696
 8.340000 -1.865100 2.260576 6.690361
 8.360000 -1.837157 2.146658 7.287898
 8.380000 -1.956648 2.319442 6.178610
 8.400000 -2.060196 2.299352 5.790260
 8.420000 -2.168425 2.222674 5.593360
 8.440000 -2.154883 2.402534 5.876256
 8.460000 -2.287632 2.357131 5.978087
 8.480000 -2.023035 2.386162 6.043131
 8.500000 -2.173059 2.290534 5.615415
 8.520000 -2.075488 2.284576 5.740223
 8.540000 -2.074777 2.487549 6.340404
 8.560000 -2.115320 2.568062 6.857455
 8.580000 -2.086382 2.544711 6.693538
 8.600000 -2.188813 2.634398 7.523720
 8.620000 -2.229787 2.590093 7.190340
 8.640000 -2.388871 2.729284 9.832035
 8.660000 -2.457083 2.655274 9.585041
 8.680000 -2.452966 2.557268 8.380240
 8.700000 -2.363750 2.680433 8.926104
 8.720000 -2.319743 2.561491 7.304498
 8.740000 -2.310051 2.486892 6.672051
 8.760000 -2.328336 2.449788 6.547810
 8.780000 -2.360024 2.341213 6.339224
 8.800000 -2.228755 2.532121 6.695770
 8.820000 -2.389505 2.347045 6.578767
 8.840000 -2.306562 2.401990 6.211719
 8.860000 -2.436638 2.349768 7.024171
 8.880000 -2.363020 2.353702 6.389668
 8.900000 -2.346283 2.320258 6.205872
 8.920000 -2.204780 2.299081 5.643109
 8.940000 -2.132878 2.270034 5.621845
 8.960000 -1.926359 2.476474 6.685182
 8.980000 -1.985359 2.483364 6.523229
 9.000000 -1.980901 2.474634 6.493210
 9.020000 -1.845680 2.522913 7.261620
 9.040000 -1.859283 2.574164 7.560547
 9.060000 -1.862434 2.793453 9.913995
 9.080000 -1.818848 2.686898 8.878654
 9.100000 -1.929006 2.746902 8.989570
 9.120000 -1.840581 2.658361 8.435253
 9.140000 -1.893061 2.727008 8.931537
 9.160000 -1.886628 2.541275 7.205340
 9.180000 -1.974769 2.571323 7.110649
 9.200000 -1.922124 2.492680 6.780262
 9.220000 -2.146416 2.490461 6.307461
 9.240000 -2.151049 2.451596 6.091442
 9.260000 -2.356114 2.261092 6.216234
 9.280000 -2.369927 2.476765 6.974907
 9.300000 -2.489652 2.398752 7.764629
 9.320000 -2.477457 2.552286 8.621607
 9.340000 -2.534204 2.466599 8.689392
 9.360000 -2.376677 2.547280 7.560857
 9.380000 -2.327065 2.649986 8.271016
 9.400000 -2.314121 2.716584 9.008655
 9.420000 -2.235199 2.823712 9.885669
 9.440000 -2.312340 2.727949 9.143808
 9.460000 -2.322772 2.826375 10.540325
 9.480000 -2.358198 2.735381 9.616203
 9.500000 -2.347925 2.841456 10.986703
 9.520000 -2.595878 2.658166 11.910305
 9.540000 -2.551770 2.723159 12.158459
 9.560000 -2.658248 2.618495 12.580047
 9.580000 -2.572682 2.503976 9.556909
 9.600000 -2.602009 2.399545 9.442677
 9.620000 -2.531343 2.347269 8.199023
 9.640000 -2.362471 2.470131 6.880384
 9.660000 -2.361514 2.263600 6.256836
 9.680000 -2.213012 2.253194 5.616333
 9.700000 -2.211123 2.254166 5.614289
 9.720000 -2.037266 2.433633 6.161378
 9.740000 -2.054923 2.441617 6.153662
 9.760000 -1.906117 2.462653 6.701654
 9.780000 -1.775964 2.388488 7.084452
 9.800000 -1.573336 2.442414 8.191173
 9.820000 -1.434241 2.399381 8.640258
 9.840000 -1.268566 2.334949 9.082899
 9.860000 -1.170216 2.371842 9.784896
 9.880000 -1.228370 2.458381 10.119048
 9.900000 -1.038639 2.397887 11.026009
 9.920000 -1.212467 2.312989 9.249323
 9.940000 -1.067020 2.305426 10.037345
 9.960000 -1.307129 2.446118 9.516261
 9.980000 -1.255758 2.449900 9.855113
 10.000000 -1.232367 2.230484 9.014387
 10.020000 -1.198869 2.203171 9.077072
 10.040000 -1.021134 2.073683 9.176776
 10.060000 -1.244695 2.017830 9.451498
 10.080000 -1.026586 1.877945 8.946230
 10.100000 -1.246818 1.951049 9.773333
 10.120000 -1.292799 1.913727 10.223486
 10.140000 -1.407746 1.966781 10.269341
 10.160000 -1.472409 1.866833 11.324184
 10.180000 -1.533999 1.868084 11.351826
 10.200000 -1.544504 1.851580 11.513325
 10.220000 -1.330774 1.900357 10.514234
 10.240000 -1.381518 1.809776 11.508714
 10.260000 -1.271604 1.812892 10.758651
 10.280000 -1.380958 1.880568 10.910946
 10.300000 -1.318082 1.952925 10.078151
 10.320000 -1.198696 1.951390 9.551755
 10.340000 -1.112343 1.919976 9.252319
 10.360000 -1.297129 2.056899 9.403594
 10.380000 -1.314561 2.068088 9.379691
 10.400000 -1.171736 2.097571 9.125706
 10.420000 -1.233191 2.103390 9.146772
 10.440000 -0.994310 2.166801 9.646830
 10.460000 -1.236311 2.188416 9.010541
 10.480000 -1.035915 2.164280 9.466885
 10.500000 -1.124093 2.053842 9.124841
 10.520000 -0.941887 2.004803 9.025985
 10.540000 -0.863160 2.109616 9.827350
 10.560000 -0.993714 2.150843 9.565561
 10.580000 -1.148188 2.188625 9.182574
 10.600000 -1.171006 2.180153 9.119405
 10.620000 -1.346630 2.234537 8.788428
 10.640000 -1.473328 2.296581 8.397076
 10.660000 -1.270652 2.289835 8.964881
 10.680000 -1.299907 2.208493 8.901947
 10.700000 -1.360393 2.306967 8.711710
 10.720000 -1.391375 2.251341 8.675798
 10.740000 -1.528767 2.198738 8.562102
 10.760000 -1.504421 2.178902 8.727149
 10.780000 -1.505212 2.124229 9.061176
 10.800000 -1.721498 2.375580 7.337097
 10.820000 -1.759418 2.269428 7.259073
 10.840000 -1.878354 2.362991 6.565122
 10.860000 -2.009368 2.220235 6.003923
 10.880000 -1.958120 2.319092 6.172129
 10.900000 -2.083515 2.396842 5.930636
 10.920000 -2.051354 2.309306 5.823909
 10.940000 -1.998019 2.521426 6.702251
 10.960000 -1.852750 2.467584 6.944453
 10.980000 -2.026089 2.494217 6.473851
 11.000000 -1.980665 2.540875 6.875708
 11.020000 -2.055581 2.516457 6.543108
 11.040000 -2.164041 2.602604 7.177927
 11.060000 -2.185430 2.643103 7.605910
 11.080000 -2.417451 2.491980 7.470069
 11.100000 -2.401666 2.684380 9.338599
 11.120000 -2.371782 2.587101 7.901776
 11.140000 -2.383744 2.656465 8.797830
 11.160000 -2.267938 2.560416 7.050160
 11.180000 -2.256726 2.528910 6.752772
 11.200000 -2.529558 2.445682 8.501620
 11.220000 -2.532447 2.304274 8.180016
 11.240000 -2.765734 2.272029 12.583811
 11.260000 -2.769189 2.244858 12.738146
 11.280000 -2.728616 2.256598 11.848956
 11.300000 -2.725502 2.276281 11.735800
 11.320000 -2.704195 2.262634 11.327238
 11.340000 -2.576707 2.312309 8.877099
 11.360000 -2.324023 2.509795 6.905338
 11.380000 -2.203923 2.625468 7.466280
 11.400000 -1.822746 2.545941 7.518018
 11.420000 -1.907524 2.678203 8.319708
 11.440000 -1.742107 2.751099 10.274167
 11.460000 -1.611261 2.814284 12.655090
 11.480000 -1.544847 2.798590 13.163904
 11.500000 -1.365043 2.740099 13.913688
 11.520000 -1.369601 2.884576 17.289070
 11.540000 -1.419477 2.748634 13.533670
 11.560000 -1.399910 2.676507 12.173577
 11.580000 -1.242968 2.519377 10.735181
 11.600000 -1.268646 2.501328 10.316225
 11.620000 -1.166963 2.349963 9.666285
 11.640000 -1.320393 2.268416 8.809742
 11.660000 -1.567527 1.930139 10.662122
 11.680000 -1.389543 2.057912 9.548354
 11.700000 -1.460498 1.866225 11.306733
 11.720000 -1.377444 1.747188 11.972245
 11.740000 -1.320654 1.561182 12.419633
 11.760000 -1.451390 1.418393 13.450502
 11.780000 -1.354733 1.431980 12.767597
 11.800000 -1.159020 1.059332 9.923034
 11.820000 -1.142165 1.060257 9.850614
 11.840000 -1.108825 1.023926 9.716050
 11.860000 -1.197291 0.930051 9.919509
 11.880000 -1.378181 0.888641 10.879441
 11.900000 -1.257298 0.743223 10.079327
 11.920000 -1.475174 0.907380 11.604699
 11.940000 -1.497055 0.594711 11.198970
 11.960000 -1.507622 0.582869 11.223170
 11.980000 -1.452733 0.491786 10.921397
 12.000000 -1.722080 0.399302 10.432316
 12.020000 -1.732868 0.385477 10.286064
 12.040000 -1.847902 0.239806 8.443047
 12.060000 -1.661737 0.250868 9.701937
 12.080000 -1.574218 0.258752 10.208178
 12.100000 -1.538063 0.136665 9.939449
 12.120000 -1.512475 0.073448 9.928666
 12.140000 -1.659743 -0.004885 8.383189
 12.160000 -1.587787 -0.035650 8.937262
 12.180000 -1.500750 -0.108552 9.580043
 12.200000 -1.536969 -0.051441 9.370873
 12.220000 -1.472293 -0.152028 9.756474
 12.240000 -1.396949 -0.077548 10.531699
 12.260000 -1.173860 -0.222876 11.213227
 12.280000 -1.260653 -0.118579 11.266452
 12.300000 -1.050255 -0.273129 10.850630
 12.320000 -1.097276 -0.196609 11.254887
 12.340000 -0.870419 -0.233306 10.278925
 12.360000 -0.798359 -0.326196 9.609399
 12.380000 -0.898571 -0.166800 10.636472
 12.400000 -1.061887 -0.212825 11.125518
 12.420000 -1.193716 -0.107314 11.459917
 12.440000 -1.158150 -0.141747 11.435886
 12.460000 -1.294739 -0.017195 11.222723
 12.480000 -1.318923 0.025171 11.126653
 12.500000 -1.419266 0.170781 10.705181
 12.520000 -1.420187 0.148943 10.678886
 12.540000 -1.534227 0.199503 10.181586
 12.560000 -1.571216 0.130340 9.677366
 12.580000 -1.728139 0.244143 9.249461
 12.600000 -1.866571 0.236867 8.301446
 12.620000 -1.604535 0.241106 9.969663
 12.640000 -1.606420 0.431747 10.914597
 12.660000 -1.497229 0.209775 10.406089
 12.680000 -1.636772 0.423013 10.828353
 12.700000 -1.595152 0.395411 10.762916
 12.720000 -1.569031 0.356298 10.643945
 12.740000 -1.272568 0.406267 10.647601
 12.760000 -1.213321 0.578881 10.167887
 12.780000 -1.121190 0.488317 10.352522
 12.800000 -1.018880 0.727103 10.172010
 12.820000 -1.171261 0.656146 9.994781
 12.840000 -1.350083 0.667368 10.506810
 12.860000 -1.551325 0.702523 11.649133
 12.880000 -1.702363 0.844480 12.357483
 12.900000 -1.590653 0.707068 11.830689
 12.920000 -1.548201 0.941806 12.127510
 12.940000 -1.637555 0.994142 12.540103
 12.960000 -1.571876 1.025224 12.460313
 12.980000 -1.592289 1.132786 12.862524
 13.000000 -1.583479 1.125705 12.822713
 13.020000 -1.240765 1.183056 10.819166
 13.040000 -1.013814 1.225534 9.484826
 13.060000 -0.933209 1.227110 9.392551
 13.080000 -0.937969 1.288615 9.287773
 13.100000 -1.161664 1.266173 10.422190
 13.120000 -1.361362 1.381508 12.708505
 13.140000 -1.361546 1.483228 12.875838
 13.160000 -1.577719 1.495034 13.780892
 13.180000 -1.478632 1.518886 13.608304
 13.200000 -1.551429 1.489279 13.794984
 13.220000 -1.743339 1.580828 12.684226
 13.240000 -1.864126 1.471107 11.680971
 13.260000 -1.939835 1.528248 10.610407
 13.280000 -2.127600 1.675117 8.061933
 13.300000 -2.034247 1.655481 8.979457
 13.320000 -1.960338 1.765353 9.081972
 13.340000 -2.146564 1.756132 7.520927
 13.360000 -2.190633 1.761167 7.315223
 13.380000 -2.280690 1.750795 7.348308
 13.400000 -2.353439 1.817593 7.431808
 13.420000 -2.200185 1.995874 6.117339
 13.440000 -2.175584 2.048212 5.933110
 13.460000 -2.312164 2.186795 5.963372
 13.480000 -2.353714 2.359313 6.339767
 13.500000 -2.502281 2.275456 7.752642
 13.520000 -2.561146 2.420677 8.852022
 13.540000 -2.494509 2.519105 8.534166
 13.560000 -2.701325 2.644208 14.030290
 13.580000 -2.515238 2.744524 11.849619
 13.600000 -2.528997 2.730291 11.853311
 13.620000 -2.422774 2.733844 10.285260
 13.640000 -2.299755 2.707211 8.793488
 13.660000 -2.364694 2.800391 10.595971
 13.680000 -2.373883 2.716629 9.503835
 13.700000 -2.373608 2.757784 10.081300
 13.720000 -2.577161 2.620326 10.962988
 13.740000 -2.526396 2.604688 9.891602
 13.760000 -2.657190 2.583027 12.019565
 13.780000 -2.638835 2.623000 12.231090
 13.800000 -2.496515 2.519909 8.567134
 13.820000 -2.351590 2.436311 6.619177
 13.840000 -2.302979 2.347016 6.018765
 13.860000 -2.243070 2.420769 6.059028
 13.880000 -2.217477 2.306308 5.668409
 13.900000 -2.241841 2.380017 5.896709
 13.920000 -2.105258 2.207739 5.686098
 13.940000 -2.275052 2.307876 5.822342
 13.960000 -2.242264 2.342229 5.790007
 13.980000 -2.354231 2.371339 6.377572
 14.000000 -2.412719 2.372665 6.846002
 14.020000 -2.288180 2.302690 5.866549
 14.040000 -2.250586 2.445546 6.198353
 14.060000 -2.242717 2.290959 5.696469
 14.080000 -2.208511 2.386331 5.853766
 14.100000 -2.276524 2.397735 6.068150
 14.120000 -2.263539 2.461818 6.326513
 14.140000 -2.140158 2.498695 6.357933
 14.160000 -2.351614 2.496973 6.981945
 14.180000 -2.336383 2.644727 8.272942
 14.200000 -2.440789 2.749633 10.760410
 14.220000 -2.534993 2.764402 12.569359
 14.240000 -2.461477 2.743017 10.949848
 14.260000 -2.421590 2.706513 9.869737
 14.280000 -2.454592 2.834157 12.303649
 14.300000 -2.302257 2.774750 9.687146
 14.320000 -2.339042 2.672925 8.632928
 14.340000 -2.430090 2.595543 8.531396
 14.360000 -2.331766 2.593712 7.684774
 14.380000 -2.490834 2.560961 8.879538
 14.400000 -2.499629 2.524033 8.643716
 14.420000 -2.458855 2.398618 7.399333
 14.440000 -2.587721 2.378774 9.140866
 14.460000 -2.552851 2.302843 8.491697
 14.480000 -2.591399 2.287031 9.134277
 14.500000 -2.474845 2.325320 7.414940
 14.520000 -2.367248 2.414069 6.622414
 14.540000 -2.177178 2.356685 5.733581
 14.560000 -2.260555 2.354500 5.873030
 14.580000 -2.188884 2.511921 6.474472
 14.600000 -2.188510 2.582688 7.031397
 14.620000 -2.099282 2.626843 7.375992
 14.640000 -1.994776 2.624767 7.501106
 14.660000 -1.941222 2.690856 8.318219
 14.680000 -2.086445 2.726213 8.406003
 14.700000 -2.086019 2.778912 8.997390
 14.720000 -2.029780 2.815821 9.453249
 14.740000 -1.936440 2.786488 9.412728
 14.760000 -1.834803 2.735866 9.373756
 14.780000 -1.957290 2.754616 8.960175
 14.800000 -2.061559 2.628448 7.415269
 14.820000 -2.072588 2.832038 9.587988
 14.840000 -2.165086 2.481140 6.256988
 14.860000 -2.141286 2.577216 6.936380
 14.880000 -2.295816 2.429699 6.282751
 14.900000 -2.384071 2.361670 6.569511
 14.920000 -2.507026 2.349105 7.861703
 14.940000 -2.506577 2.124945 8.102855
 14.960000 -2.434987 2.234917 6.939930
 14.980000 -2.387433 2.206515 6.486507
 15.000000 -2.411624 2.267171 6.688036
 15.020000 -2.581723 2.186185 9.170241
 15.040000 -2.527698 2.135381 8.405458
 15.060000 -2.545145 2.278350 8.379286
 15.080000 -2.416956 2.369865 6.877720
 15.100000 -2.405918 2.361105 6.753273
 15.120000 -2.474393 2.480814 7.994421
 15.140000 -2.368883 2.525193 7.314905
 15.160000 -2.304437 2.568932 7.289733
 15.180000 -2.182654 2.534842 6.632296
 15.200000 -2.208718 2.620085 7.423971
 15.220000 -2.085931 2.842798 9.702365
 15.240000 -2.132629 2.726294 8.428208
 15.260000 -2.131893 2.780572 9.046852
 15.280000 -2.201336 2.686804 8.114950
 15.300000 -2.199955 2.744480 8.781746
 15.320000 -2.259461 2.794399 9.658966
 15.340000 -2.268083 2.639961 7.832060
 15.360000 -2.257309 2.606123 7.435262
 15.380000 -2.272519 2.508730 6.658735
 15.400000 -2.285331 2.501240 6.656132
 15.420000 -2.382637 2.388039 6.637542
 15.440000 -2.354683 2.388984 6.438014
 15.460000 -2.476509 2.441509 7.787460
 15.480000 -2.475716 2.459715 7.877698
 15.500000 -2.632409 2.305603 9.857964
 15.520000 -2.641170 2.409099 10.180183
 15.540000 -2.478843 2.607255 9.244215
 15.560000 -2.481567 2.493724 8.171176
 15.580000 -2.310812 2.520695 6.916254
 15.600000 -2.419463 2.420711 7.082254
 15.620000 -2.292484 2.642357 7.977029
 15.640000 -2.403652 2.584275 8.147275
 15.660000 -2.211912 2.594774 7.187695
 15.680000 -2.303148 2.455458 6.448111
 15.700000 -2.224284 2.836078 9.976203
 15.720000 -2.440209 2.582378 8.496553
 15.740000 -2.363581 2.696342 9.133727
 15.760000 -2.399020 2.646247 8.815031
 15.780000 -2.298132 2.583661 7.395540
 15.800000 -2.159192 2.722735 8.426963
 15.820000 -2.256247 2.451278 6.245256
 15.840000 -2.251569 2.557858 6.969695
 15.860000 -2.312434 2.432014 6.372454
 15.880000 -2.220220 2.537383 6.715709
 15.900000 -2.358106 2.445114 6.707956
 15.920000 -2.263940 2.419813 6.114818
 15.940000 -2.483580 2.578297 8.969437
 15.960000 -2.522963 2.484190 8.646596
 15.980000 -2.539565 2.374666 8.372789
 16.000000 -2.633564 2.341795 9.885200
 16.020000 -2.418897 2.444626 7.192666
 16.040000 -2.458467 2.381271 7.338574
 16.060000 -2.415682 2.566471 8.080613
 16.080000 -2.495369 2.385601 7.794447
 16.100000 -2.275867 2.645018 7.923196
 16.120000 -2.447477 2.608894 8.877469
 16.140000 -2.294668 2.773605 9.617619
 16.160000 -2.386278 2.716621 9.625983
 16.180000 -2.421932 2.826043 11.678787
 16.200000 -2.354436 2.850436 11.176568
 16.220000 -2.394748 2.787608 10.749293
 16.240000 -2.417568 2.771357 10.787129
 16.260000 -2.356869 2.792962 10.410116
 16.280000 -2.267785 2.858246 10.498130
 16.300000 -2.281706 2.569542 7.187248
 16.320000 -2.280310 2.564561 7.136638
 16.340000 -2.353055 2.559377 7.494669
 16.360000 -2.386226 2.698914 9.379792
 16.380000 -2.315141 2.517932 6.917742
 16.400000 -2.385179 2.361789 6.578719
 16.420000 -2.240688 2.469218 6.302308
 16.440000 -2.412227 2.647390 8.963148
 16.460000 -2.311947 2.465067 6.545955
 16.480000 -2.263795 2.473879 6.398082
 16.500000 -2.108196 2.505939 6.413694
 16.520000 -2.128980 2.386036 5.834691
 16.540000 -2.196821 2.518531 6.531860
 16.560000 -2.301476 2.280784 5.900248
 16.580000 -2.188377 2.563794 6.869241
 16.600000 -2.109113 2.394371 5.882579
 16.620000 -2.230870 2.599309 7.280467
 16.640000 -2.222263 2.375640 5.839785
 16.660000 -2.412526 2.509082 7.549620
 16.680000 -2.360335 2.575064 7.694433
 16.700000 -2.329059 2.442463 6.513198
 16.720000 -2.258492 2.442360 6.205376
 16.740000 -2.414317 2.409484 6.987209
 16.760000 -2.402004 2.554300 7.836970
 16.780000 -2.577435 2.432452 9.164475
 16.800000 -2.513280 2.416585 8.139361
 16.820000 -2.471169 2.349750 7.408230
 16.840000 -2.486172 2.557598 8.784642
 16.860000 -2.604476 2.588561 11.033267
 16.880000 -2.659082 2.564611 11.809361
 16.900000 -2.604933 2.539095 10.448968
 16.920000 -2.416006 2.768094 10.717670
 16.940000 -2.436941 2.767434 10.984525
 16.960000 -2.435278 2.665657 9.458994
 16.980000 -2.454397 2.811828 11.946757
 17.000000 -2.561134 2.747421 12.786257
 17.020000 -2.349159 2.661710 8.570538
 17.040000 -2.482903 2.494870 8.195901
 17.060000 -2.523283 2.580816 9.553244
 17.080000 -2.524059 2.570593 9.448461
 17.100000 -2.459637 2.551960 8.404925
 17.120000 -2.520460 2.436528 8.327284
 17.140000 -2.164431 2.344427 5.704219
 17.160000 -2.273467 2.451505 6.303579
 17.180000 -2.297912 2.426339 6.276362
 17.200000 -2.124377 2.444802 6.064974
 17.220000 -2.177343 2.287848 5.613358
 17.240000 -2.027069 2.409098 6.099288
 17.260000 -1.973397 2.366815 6.163960
 17.280000 -2.107649 2.329791 5.725139
 17.300000 -2.128718 2.350076 5.738493
 17.320000 -1.963195 2.324674 6.153369
 17.340000 -1.987260 2.273391 6.047436
 17.360000 -1.894406 2.191165 6.709711
 17.380000 -2.029836 2.268437 5.879486
 17.400000 -2.198241 2.247314 5.599220
 17.420000 -2.116229 2.357955 5.771117
 17.440000 -2.135360 2.254907 5.614035
 17.460000 -2.157263 2.276701 5.606282
 17.480000 -2.238331 2.209091 5.665068
 17.500000 -2.412006 2.438299 7.096920
 17.520000 -2.460605 2.321175 7.241149
 17.540000 -2.260189 2.436191 6.179628
 17.560000 -2.384724 2.338477 6.521537
 17.580000 -2.387978 2.325823 6.525466
 17.600000 -2.473140 2.501930 8.131013
 17.620000 -2.731170 2.393657 11.905957
 17.640000 -2.529619 2.369705 8.216610
 17.660000 -2.520750 2.491563 8.668770
 17.680000 -2.562441 2.606102 10.502444
 17.700000 -2.653255 2.521640 11.190985
 17.720000 -2.738798 2.583276 13.862753
 17.740000 -2.825006 2.652359 17.387232
 17.760000 -2.406622 2.736523 10.132385
 17.780000 -2.479230 2.541927 8.544299
 17.800000 -2.367022 2.827718 11.005976
 17.820000 -2.276600 2.825179 10.156268
 17.840000 -2.308858 2.836861 10.554556
 17.860000 -2.140096 2.767351 8.906946
 17.880000 -2.069647 2.744927 8.619843
 17.900000 -2.076246 2.809047 9.335759
 17.920000 -2.205933 2.826289 9.777710
 17.940000 -2.180189 2.756798 8.869238
 17.960000 -2.397627 2.460887 7.095440
 17.980000 -2.202863 2.574126 6.981992
 18.000000 -2.346158 2.404207 6.440157
 18.020000 -2.324372 2.452656 6.541275
 18.040000 -2.500412 2.305129 7.727156
 18.060000 -2.516566 2.176230 8.110155
 18.080000 -2.516513 2.101157 8.339327
 18.100000 -2.511979 2.081930 8.334697
 18.120000 -2.472382 2.162249 7.506804
 18.140000 -2.495185 2.208708 7.726350
 18.160000 -2.257380 2.398904 6.007714
 18.180000 -2.595747 2.225264 9.312788
 18.200000 -2.365240 2.315298 6.330307
 18.220000 -2.531002 2.474241 8.692751
 18.240000 -2.371041 2.756463 10.036241
 18.260000 -2.272352 2.596054 7.395942
 18.280000 -2.227271 2.735070 8.766920
 18.300000 -2.338851 2.749681 9.641300
 18.320000 -2.411432 2.746511 10.336726
 18.340000 -2.408981 2.792034 10.990556
 18.360000 -2.554770 2.539102 9.588979
 18.380000 -2.391073 2.769006 10.432538
 18.400000 -2.472030 2.734920 10.978337
 18.420000 -2.461430 2.778859 11.525979
 18.440000 -2.573867 2.636317 11.137931
 18.460000 -2.432057 2.584100 8.427442
 18.480000 -2.528327 2.661404 10.717294
 18.500000 -2.385177 2.582495 7.964864
 18.520000 -2.455399 2.437140 7.524356
 18.540000 -2.580539 2.441983 9.263576
 18.560000 -2.477465 2.462949 7.917615
 18.580000 -2.509653 2.241196 7.883705
 18.600000 -2.386734 2.304715 6.485913
 18.620000 -2.458671 2.273658 7.194617
 18.640000 -2.286346 2.344084 5.938822
 18.660000 -2.345642 2.281602 6.154557
 18.680000 -2.178556 2.230834 5.590273
 18.700000 -2.201834 2.153706 5.665685
 18.720000 -2.121856 2.307716 5.670713
 18.740000 -2.211684 2.237593 5.611734
 18.760000 -2.128623 2.325196 5.688786
 18.780000 -2.113454 2.373612 5.814893
 18.800000 -2.118394 2.381348 5.831056
 18.820000 -2.004524 2.627598 7.502279
 18.840000 -2.174821 2.506572 6.423260
 18.860000 -2.041781 2.763027 8.847379
 18.880000 -2.067475 2.660203 7.716435
 18.900000 -1.986697 2.721938 8.500883
 18.920000 -1.998947 2.784148 9.165132
 18.940000 -2.036927 2.784510 9.094477
 18.960000 -2.076997 2.800308 9.238508
 18.980000 -2.193027 2.843912 9.927094
 19.000000 -2.234632 2.703355 8.415903
 19.020000 -2.350566 2.744043 9.666545
 19.040000 -2.405409 2.708766 9.717219
 19.060000 -2.589712 2.534091 10.124563
 19.080000 -2.512942 2.626166 9.968108
 19.100000 -2.674354 2.312254 10.656170
 19.120000 -2.649257 2.365041 10.207628
 19.140000 -2.628434 2.169944 10.109475
 19.160000 -2.630173 2.291765 9.826141
 19.180000 -2.536146 2.355549 8.282672
 19.200000 -2.309768 2.367928 6.108844
 19.220000 -2.444227 2.370994 7.154020
 19.240000 -2.308611 2.413333 6.268565
 19.260000 -2.305690 2.488032 6.658079
 19.280000 -2.360524 2.559643 7.550325
 19.300000 -2.125004 2.592510 7.063080
 19.320000 -2.108966 2.381405 5.842771
 19.340000 -1.881033 2.647704 8.124422
 19.360000 -2.076738 2.556070 6.786793
 19.380000 -1.915646 2.595292 7.497904
 19.400000 -1.984957 2.662195 7.881331
 19.420000 -1.907313 2.630304 7.841589
 19.440000 -1.996807 2.696434 8.200544
 19.460000 -2.324147 2.616762 7.877896
 19.480000 -2.480127 2.570753 8.843541
 19.500000 -2.560773 2.644393 11.020843
 19.520000 -2.498279 2.638175 9.913737
 19.540000 -2.559758 2.588400 10.226755
 19.560000 -2.373257 2.519035 7.298594
 19.580000 -2.500022 2.581728 9.228319
 19.600000 -2.420072 2.676241 9.427732
 19.620000 -2.398907 2.493594 7.316075
 19.640000 -2.398035 2.488419 7.272943
 19.660000 -2.386684 2.606329 8.230447
 19.680000 -2.545264 2.542725 9.475481
 19.700000 -2.712438 2.561901 12.934575
 19.720000 -2.772122 2.458943 13.127671
 19.740000 -2.721635 2.588105 13.536444
 19.760000 -2.584268 2.498203 9.702656
 19.780000 -2.447725 2.585466 8.613435
 19.800000 -2.464863 2.401496 7.477574
 19.820000 -2.329556 2.510661 6.943355
 19.840000 -2.449692 2.447925 7.517998
 19.860000 -2.375049 2.431053 6.757355
 19.880000 -2.424654 2.386930 7.002527
 19.900000 -2.350775 2.561088 7.494521
 19.920000 -2.412479 2.682239 9.425239
 19.940000 -2.280916 2.599586 7.468115
 19.960000 -2.325991 2.589852 7.610254
 19.980000 -2.278763 2.645632 7.943914
 20.000000 -2.249295 2.789409 9.539428
