#! FIELDS time phi psi metad.bias
#! SET min_phi -pi
#! SET max_phi pi
#! SET min_psi -pi
#! SET max_psi pi
 0.000000 3.141580 -3.141577 30.184339
 0.020000 -2.440229 2.682601 15.913834
 0.040000 -2.472724 2.673975 16.181182
 0.060000 -2.508152 2.644635 16.498117
 0.080000 -2.518290 2.700141 16.650572
 0.100000 -2.476263 2.746281 16.290118
 0.120000 -2.439707 2.722562 15.975105
 0.140000 -2.437697 2.741185 15.989560
 0.160000 -2.456930 2.767683 16.158846
 0.180000 -2.410327 2.863492 15.974235
 0.200000 -2.421741 2.847118 16.011217
 0.220000 -2.398028 2.803322 15.865630
 0.240000 -2.364879 2.845485 15.837612
 0.260000 -2.404457 2.908381 15.951961
 0.280000 -2.487377 2.890749 16.354242
 0.300000 -2.551948 2.782225 17.056352
 0.320000 -2.578303 2.785123 17.387348
 0.340000 -2.558689 2.768344 17.135565
 0.360000 -2.570327 2.765089 17.280116
 0.380000 -2.644117 2.731936 18.333436
 0.400000 -2.646519 2.713651 18.348684
 0.420000 -2.649833 2.721455 18.412671
 0.440000 -2.559583 2.753481 17.142543
 0.460000 -2.512311 2.744104 16.617254
 0.480000 -2.495549 2.749252 16.460715
 0.500000 -2.521711 2.784680 16.724417
 0.520000 -2.394612 2.806870 15.857580
 0.540000 -2.340602 2.667529 15.168225
 0.560000 -2.168396 2.699048 14.541115
 0.580000 -2.146866 2.702395 14.494871
 0.600000 -2.068084 2.723766 14.479339
 0.620000 -2.021820 2.677479 13.720937
 0.640000 -1.995829 2.528776 11.869791
 0.660000 -1.979601 2.481610 11.322840
 0.680000 -1.960471 2.490345 11.284704
 0.700000 -1.970758 2.469465 11.160429
 0.720000 -1.910814 2.394906 10.243615
 0.740000 -1.768847 2.358841 9.602275
 0.760000 -1.743118 2.236470 9.196812
 0.780000 -1.720309 2.236264 9.227214
 0.800000 -1.630733 2.124293 9.477144
 0.820000 -1.610886 2.164280 9.527275
 0.840000 -1.387330 2.172895 10.362646
 0.860000 -1.356163 2.166985 10.459824
 0.880000 -1.300418 2.126613 10.737435
 0.900000 -1.403335 2.127050 10.492659
 0.920000 -1.295929 2.195211 10.431631
 0.940000 -1.223292 2.273431 10.129770
 0.960000 -1.067682 2.245054 10.007672
 0.980000 -0.917160 2.176214 9.756949
 1.000000 -1.016450 2.103531 10.401336
 1.020000 -0.941019 2.118148 10.017309
 1.040000 -0.957411 2.098459 10.163002
 1.060000 -0.983708 2.126228 10.174247
 1.080000 -1.042447 2.159023 10.256631
 1.100000 -1.207282 2.118848 10.804214
 1.120000 -1.198486 2.147566 10.651537
 1.140000 -1.341797 2.046788 11.059081
 1.160000 -1.210816 2.003417 11.466130
 1.180000 -1.421424 2.064475 10.689210
 1.200000 -1.369980 2.044932 10.981068
 1.220000 -1.463339 1.981343 10.864074
 1.240000 -1.509596 1.978142 10.593416
 1.260000 -1.472279 1.915511 11.152160
 1.280000 -1.698658 1.942462 9.424286
 1.300000 -1.770817 1.966847 8.982979
 1.320000 -1.794678 1.915021 8.967839
 1.340000 -1.819195 1.922842 8.855779
 1.360000 -1.913922 1.910926 8.688872
 1.380000 -1.950403 1.850681 8.782781
 1.400000 -2.068522 1.925959 9.240432
 1.420000 -2.168824 1.838197 10.141259
 1.440000 -2.001003 1.914799 8.854486
 1.460000 -2.105519 1.961271 9.597400
 1.480000 -1.977793 1.976566 8.812907
 1.500000 -1.988604 1.983102 8.862815
 1.520000 -1.916237 2.050668 8.782008
 1.540000 -1.901757 2.265411 9.468178
 1.560000 -1.600190 2.289573 9.537151
 1.580000 -1.659614 2.240864 9.359466
 1.600000 -1.625285 2.376361 9.635693
 1.620000 -1.643267 2.393026 9.679660
 1.640000 -1.586929 2.433092 9.815535
 1.660000 -1.470903 2.406981 9.794304
 1.680000 -1.283090 2.312781 10.018616
 1.700000 -1.420135 2.484508 9.914149
 1.720000 -1.327741 2.409216 9.843886
 1.740000 -1.271097 2.346643 9.933502
 1.760000 -1.099666 2.198352 10.250372
 1.780000 -1.121192 2.356135 9.814810
 1.800000 -0.946842 2.312249 9.656707
 1.820000 -1.107880 2.443114 9.768948
 1.840000 -1.008206 2.235421 9.895274
 1.860000 -1.214745 2.382586 9.842996
 1.880000 -1.149707 2.363885 9.827352
 1.900000 -1.318688 2.273899 10.122258
 1.920000 -1.255905 2.171603 10.555496
 1.940000 -1.313553 2.093404 10.881368
 1.960000 -1.296575 2.133555 10.708801
 1.980000 -1.493079 2.069427 10.324603
 2.000000 -1.395306 1.968537 11.288819
 2.020000 -1.606117 1.965216 9.980199
 2.040000 -1.615234 2.038771 9.704866
 2.060000 -1.716670 2.126264 9.124924
 2.080000 -1.626505 2.091787 9.539520
 2.100000 -1.765922 2.149848 9.013603
 2.120000 -1.730600 2.118621 9.077061
 2.140000 -1.827942 2.243851 9.211844
 2.160000 -1.765963 2.146978 9.009768
 2.180000 -1.749650 2.226335 9.168320
 2.200000 -1.594539 2.153487 9.609349
 2.220000 -1.588824 2.284945 9.561529
 2.240000 -1.610320 2.271138 9.504402
 2.260000 -1.668182 2.214745 9.317781
 2.280000 -1.625358 2.204346 9.451103
 2.300000 -1.740054 2.243957 9.216017
 2.320000 -1.686555 2.393605 9.689218
 2.340000 -1.793765 2.423524 10.010708
 2.360000 -1.856492 2.520451 11.040312
 2.380000 -1.819608 2.409535 9.991991
 2.400000 -1.756973 2.547984 10.919573
 2.420000 -1.891179 2.549105 11.504595
 2.440000 -1.727743 2.573746 11.080330
 2.460000 -1.679247 2.461019 10.019679
 2.480000 -1.844721 2.546288 11.256932
 2.500000 -1.784153 2.499021 10.554709
 2.520000 -1.858427 2.415774 10.165619
 2.540000 -1.857595 2.467826 10.562276
 2.560000 -1.788100 2.563746 11.207299
 2.580000 -1.707885 2.549988 10.771738
 2.600000 -1.779077 2.530898 10.831022
 2.620000 -1.763444 2.410323 9.860567
 2.640000 -1.722332 2.363163 9.580679
 2.660000 -1.802163 2.453466 10.244441
 2.680000 -1.571401 2.290518 9.603689
 2.700000 -1.624614 2.298604 9.493795
 2.720000 -1.588326 2.361106 9.634239
 2.740000 -1.592881 2.211932 9.562100
 2.760000 -1.536107 2.315745 9.681924
 2.780000 -1.610172 2.117539 9.584059
 2.800000 -1.438518 2.311345 9.872613
 2.820000 -1.444134 2.276452 9.923279
 2.840000 -1.318051 2.231288 10.268762
 2.860000 -1.158814 2.164480 10.519143
 2.880000 -1.115444 2.164973 10.432070
 2.900000 -1.116573 2.203799 10.264544
 2.920000 -1.013299 2.258300 9.849760
 2.940000 -1.145295 2.250839 10.131049
 2.960000 -1.007860 2.304184 9.753143
 2.980000 -1.135463 2.353977 9.831864
 3.000000 -1.183233 2.304321 9.998955
 3.020000 -1.257155 2.497746 9.860914
 3.040000 -1.243392 2.429100 9.811909
 3.060000 -1.293225 2.568820 10.088725
 3.080000 -1.280881 2.491937 9.861990
 3.100000 -1.248763 2.302017 10.045803
 3.120000 -1.425046 2.501114 9.961432
 3.140000 -1.448249 2.297303 9.876709
 3.160000 -1.456544 2.381548 9.793849
 3.180000 -1.585077 2.366815 9.647477
 3.200000 -1.542727 2.250596 9.698138
 3.220000 -1.562733 2.357608 9.660213
 3.240000 -1.707111 2.274319 9.318538
 3.260000 -1.643865 2.282911 9.437992
 3.280000 -1.612260 2.310679 9.530145
 3.300000 -1.686643 2.188904 9.249036
 3.320000 -1.506572 2.238139 9.824947
 3.340000 -1.576214 2.245644 9.599806
 3.360000 -1.592530 2.147315 9.626356
 3.380000 -1.423268 2.222515 10.104329
 3.400000 -1.539207 2.275383 9.688784
 3.420000 -1.422894 2.236541 10.066367
 3.440000 -1.349573 2.228708 10.237993
 3.460000 -1.304787 2.188304 10.452527
 3.480000 -1.219285 2.336473 9.936916
 3.500000 -1.064420 2.353485 9.762700
 3.520000 -1.183163 2.382643 9.823418
 3.540000 -1.095264 2.428487 9.757322
 3.560000 -1.057248 2.414500 9.742396
 3.580000 -1.101221 2.459801 9.788230
 3.600000 -0.994682 2.387451 9.711152
 3.620000 -1.093062 2.415843 9.752116
 3.640000 -1.251130 2.417413 9.821513
 3.660000 -1.251487 2.339643 9.944008
 3.680000 -1.463072 2.351353 9.793542
 3.700000 -1.532706 2.305791 9.690763
 3.720000 -1.685597 2.291497 9.381569
 3.740000 -1.708241 2.278793 9.326891
 3.760000 -1.858646 2.250918 9.286337
 3.780000 -1.763190 2.249979 9.212378
 3.800000 -1.954367 2.220740 9.480464
 3.820000 -1.977581 2.207383 9.539269
 3.840000 -1.957674 2.149223 9.194663
 3.860000 -2.013346 2.227019 9.859039
 3.880000 -1.838080 2.195640 9.067014
 3.900000 -1.879515 2.235476 9.272798
 3.920000 -2.002190 2.204856 9.675095
 3.940000 -1.983926 2.251345 9.791766
 3.960000 -1.991154 2.173778 9.464885
 3.980000 -2.054025 2.109388 9.616396
 4.000000 -1.969837 2.096158 9.059180
 4.020000 -1.955250 2.226350 9.510789
 4.040000 -2.065729 2.073702 9.573461
 4.060000 -1.867888 2.174078 9.032547
 4.080000 -1.951685 2.035573 8.829355
 4.100000 -1.877136 2.107813 8.861741
 4.120000 -1.988031 2.163343 9.402154
 4.140000 -1.954549 2.015247 8.798113
 4.160000 -1.939501 2.085217 8.916927
 4.180000 -1.843225 2.146073 8.936377
 4.200000 -1.930809 2.146158 9.081515
 4.220000 -1.794400 2.174427 9.016019
 4.240000 -1.807858 2.187345 9.037549
 4.260000 -1.616889 2.169512 9.498411
 4.280000 -1.596442 2.165643 9.587058
 4.300000 -1.559524 2.153199 9.767053
 4.320000 -1.603224 2.208391 9.527462
 4.340000 -1.400052 2.205881 10.214637
 4.360000 -1.492166 2.279232 9.805815
 4.380000 -1.267069 2.190000 10.470321
 4.400000 -1.390570 2.303145 9.965004
 4.420000 -1.271148 2.306707 10.035880
 4.440000 -1.225476 2.318551 9.987625
 4.460000 -0.947703 2.281203 9.676705
 4.480000 -1.028216 2.235894 9.943843
 4.500000 -0.990723 2.374604 9.701629
 4.520000 -1.109218 2.304653 9.908582
 4.540000 -1.070825 2.386947 9.743960
 4.560000 -1.086023 2.465366 9.800784
 4.580000 -1.099618 2.441293 9.766990
 4.600000 -1.297312 2.441388 9.828935
 4.620000 -1.298652 2.295218 10.066585
 4.640000 -1.407884 2.350497 9.861601
 4.660000 -1.322402 2.316743 9.997449
 4.680000 -1.499609 2.304664 9.762372
 4.700000 -1.476612 2.287100 9.831647
 4.720000 -1.785608 2.326488 9.479434
 4.740000 -1.756890 2.184049 9.080001
 4.760000 -2.103273 2.324148 11.162460
 4.780000 -2.012560 2.326884 10.411586
 4.800000 -2.159206 2.445760 12.461373
 4.820000 -2.064274 2.339712 10.902651
 4.840000 -2.063643 2.292359 10.612617
 4.860000 -2.117460 2.320074 11.276902
 4.880000 -2.050052 2.376055 11.017629
 4.900000 -2.057724 2.450810 11.616231
 4.920000 -2.057456 2.374795 11.069990
 4.940000 -2.105664 2.584045 13.114074
 4.960000 -2.175944 2.581504 13.566989
 4.980000 -2.444046 2.613541 15.828096
 5.000000 -2.380259 2.510895 14.981419
 5.020000 -2.462959 2.633954 16.036996
 5.040000 -2.465771 2.708645 16.162352
 5.060000 -2.396010 2.657203 15.516092
 5.080000 -2.421375 2.568151 15.527845
 5.100000 -2.407697 2.730849 15.772739
 5.120000 -2.397753 2.762769 15.785822
 5.140000 -2.395065 2.686675 15.584912
 5.160000 -2.553139 2.657330 17.009045
 5.180000 -2.401584 2.799601 15.874824
 5.200000 -2.462359 2.815101 16.225563
 5.220000 -2.495481 2.867502 16.447064
 5.240000 -2.510001 2.859656 16.579478
 5.260000 -2.563339 3.051114 16.389944
 5.280000 -2.475596 -3.091352 14.263228
 5.300000 -2.532954 -3.108614 14.853911
 5.320000 -2.551468 3.101595 15.825526
 5.340000 -2.596357 -2.991392 14.057333
 5.360000 -2.766220 -3.053062 19.032736
 5.380000 -2.893985 3.137840 24.463820
 5.400000 -2.863686 -3.138544 23.371256
 5.420000 -2.931738 -3.133431 25.582238
 5.440000 -2.718602 -3.008828 16.963198
 5.460000 -2.525328 -3.000991 13.343816
 5.480000 -2.406614 -2.949252 12.170130
 5.500000 -2.217680 -2.946810 13.184512
 5.520000 -2.122743 -2.850673 12.124003
 5.540000 -2.046812 -2.988619 15.290213
 5.560000 -2.011309 -2.961217 15.019647
 5.580000 -1.788236 -2.999168 16.055858
 5.600000 -1.764976 -2.969055 15.504762
 5.620000 -1.547436 -3.085352 15.541198
 5.640000 -1.539385 3.014178 15.455797
 5.660000 -1.581081 3.085893 16.124497
 5.680000 -1.390124 2.909981 13.469072
 5.700000 -1.258673 2.804025 11.975088
 5.720000 -1.209491 2.620424 10.337589
 5.740000 -1.224614 2.622862 10.349128
 5.760000 -1.306460 2.488942 9.868816
 5.780000 -1.085365 2.368691 9.766531
 5.800000 -1.161603 2.120716 10.741051
 5.820000 -1.122571 2.088441 10.831464
 5.840000 -1.192331 1.955412 11.754573
 5.860000 -1.092216 1.752795 12.609541
 5.880000 -1.141771 1.628981 13.286606
 5.900000 -1.094595 1.351432 12.371408
 5.920000 -1.199389 1.268389 12.750808
 5.940000 -1.339407 1.087811 11.936471
 5.960000 -1.259463 0.758074 9.434101
 5.980000 -1.328615 0.687710 8.997430
 6.000000 -1.367884 0.591965 8.569249
 6.020000 -1.375563 0.350216 8.640249
 6.040000 -1.342265 0.286104 8.985947
 6.060000 -1.197503 -0.068587 11.038291
 6.080000 -1.180867 0.008602 10.959118
 6.100000 -0.909347 -0.457879 12.409460
 6.120000 -1.053587 -0.391372 11.678720
 6.140000 -1.203087 -0.467588 10.076041
 6.160000 -1.243773 -0.570020 9.181840
 6.180000 -1.120971 -0.634750 10.115130
 6.200000 -1.174523 -0.700480 9.345519
 6.220000 -1.016255 -0.788204 10.731511
 6.240000 -1.293384 -0.693471 8.163724
 6.260000 -1.318738 -0.622200 8.233466
 6.280000 -1.424899 -0.610356 7.454854
 6.300000 -1.564406 -0.386958 8.453726
 6.320000 -1.401723 -0.432265 8.740640
 6.340000 -1.590880 -0.220698 9.355485
 6.360000 -1.533847 -0.192434 9.460236
 6.380000 -1.713827 -0.162605 9.667646
 6.400000 -1.851862 -0.013589 9.952462
 6.420000 -2.064286 -0.045902 9.883982
 6.440000 -1.957070 0.079218 9.814307
 6.460000 -1.876593 0.093029 9.686816
 6.480000 -1.871415 0.226763 9.087328
 6.500000 -1.664692 0.285819 8.374218
 6.520000 -1.682093 0.518623 7.879679
 6.540000 -1.522360 0.550784 8.022943
 6.560000 -1.621704 0.745364 8.673492
 6.580000 -1.352089 0.585735 8.608187
 6.600000 -1.444399 0.846495 9.741954
 6.620000 -1.058458 0.884791 9.525305
 6.640000 -1.036510 0.947801 9.635243
 6.660000 -0.863759 0.933737 8.529385
 6.680000 -1.220912 1.272826 12.909310
 6.700000 -1.545738 1.355521 13.096097
 6.720000 -1.540687 1.369727 13.138109
 6.740000 -1.577664 1.594149 12.255723
 6.760000 -1.649940 1.705161 10.946068
 6.780000 -1.823898 1.883385 8.919975
 6.800000 -1.744083 1.860832 9.400324
 6.820000 -1.756022 1.957558 9.066650
 6.840000 -1.493590 2.049362 10.396530
 6.860000 -1.586672 2.210214 9.585362
 6.880000 -1.659102 2.283821 9.409787
 6.900000 -1.712911 2.495842 10.322582
 6.920000 -1.539551 2.471780 9.938184
 6.940000 -1.496731 2.568705 10.373876
 6.960000 -1.391147 2.660744 10.804632
 6.980000 -1.413462 2.548789 10.126916
 7.000000 -1.506440 2.785771 12.627810
 7.020000 -1.364489 2.734440 11.423764
 7.040000 -1.255542 2.775980 11.674889
 7.060000 -1.143530 2.704633 11.075669
 7.080000 -1.154895 2.775937 11.774734
 7.100000 -1.362221 2.788996 12.002813
 7.120000 -1.295408 2.734539 11.287495
 7.140000 -1.322991 2.617775 10.371594
 7.160000 -1.225527 2.573438 10.083674
 7.180000 -1.318541 2.445795 9.834806
 7.200000 -1.372473 2.360659 9.879829
 7.220000 -1.485787 2.292091 9.804812
 7.240000 -1.243221 2.184854 10.495496
 7.260000 -1.235482 2.133012 10.743137
 7.280000 -1.489350 2.050234 10.416402
 7.300000 -1.413271 1.900077 11.602102
 7.320000 -1.662924 1.828917 10.132610
 7.340000 -1.502613 1.805716 11.585279
 7.360000 -1.433221 1.757300 12.393605
 7.380000 -1.412428 1.572063 13.525886
 7.400000 -1.650437 1.815540 10.302888
 7.420000 -1.560232 1.465558 12.925794
 7.440000 -1.682090 1.397275 12.199731
 7.460000 -1.503892 1.309262 13.197565
 7.480000 -1.372808 1.395986 13.812568
 7.500000 -1.337200 1.181560 12.694191
 7.520000 -1.343202 1.102443 12.065419
 7.540000 -1.279253 0.998142 11.080269
 7.560000 -1.381280 1.113978 12.184922
 7.580000 -1.206644 0.784524 9.557117
 7.600000 -1.283155 0.812853 9.726930
 7.620000 -1.321403 0.680095 8.983567
 7.640000 -1.269176 0.790341 9.599342
 7.660000 -1.240454 0.570795 8.920855
 7.680000 -1.545031 0.587813 8.053365
 7.700000 -1.532334 0.501595 7.956230
 7.720000 -1.857268 0.438359 8.279206
 7.740000 -1.563468 0.398639 8.001355
 7.760000 -1.483217 0.480241 8.071954
 7.780000 -1.261459 0.293388 9.342815
 7.800000 -1.382617 0.457708 8.419695
 7.820000 -1.170752 0.202135 10.189959
 7.840000 -1.394977 0.373042 8.504790
 7.860000 -1.097440 0.171292 10.697209
 7.880000 -1.115680 0.370875 9.628739
 7.900000 -1.170234 0.274051 9.853140
 7.920000 -1.079031 0.467990 9.358578
 7.940000 -1.107571 0.258229 10.194058
 7.960000 -1.523049 0.593646 8.112936
 7.980000 -1.582103 0.537998 7.905480
 8.000000 -1.802589 0.677482 8.411987
 8.020000 -1.725417 0.743277 8.653341
 8.040000 -1.548351 0.927263 10.248602
 8.060000 -1.419847 0.820501 9.587359
 8.080000 -1.518879 0.944378 10.464345
 8.100000 -1.252180 0.843715 9.914188
 8.120000 -1.485172 0.944046 10.525533
 8.140000 -1.238833 0.887575 10.181426
 8.160000 -1.215127 0.993655 10.858880
 8.180000 -1.117759 0.916343 9.956132
 8.200000 -1.385285 1.071802 11.817821
 8.220000 -1.201304 0.906506 10.220211
 8.240000 -1.429163 1.004702 11.177726
 8.260000 -1.359797 0.880108 10.154661
 8.280000 -1.386760 0.979364 10.984290
 8.300000 -1.423092 0.819157 9.570279
 8.320000 -1.304849 0.845087 9.930303
 8.340000 -1.269498 0.839114 9.893107
 8.360000 -1.341450 0.694382 8.994970
 8.380000 -1.297747 0.659767 8.965655
 8.400000 -1.249107 0.652095 9.042998
 8.420000 -1.320917 0.557268 8.666722
 8.440000 -1.184035 0.655846 9.129576
 8.460000 -1.212280 0.443228 9.090501
 8.480000 -1.402300 0.518871 8.343595
 8.500000 -1.363389 0.385090 8.604735
 8.520000 -1.434789 0.334339 8.460706
 8.540000 -1.312313 0.309656 9.041772
 8.560000 -1.363051 0.295311 8.861820
 8.580000 -1.270679 0.196847 9.689480
 8.600000 -1.462958 0.284253 8.534110
 8.620000 -1.293978 0.316074 9.105442
 8.640000 -1.431994 0.355307 8.412482
 8.660000 -1.393534 0.379386 8.495861
 8.680000 -1.414073 0.539904 8.322094
 8.700000 -1.345521 0.387545 8.673976
 8.720000 -1.324166 0.583752 8.695326
 8.740000 -1.105198 0.422870 9.457494
 8.760000 -1.254909 0.595842 8.913834
 8.780000 -1.260417 0.594619 8.898305
 8.800000 -1.257791 0.791076 9.606449
 8.820000 -1.247822 0.814903 9.739112
 8.840000 -1.306056 0.857878 10.019944
 8.860000 -1.462916 0.956131 10.677332
 8.880000 -1.490127 0.963657 10.699567
 8.900000 -1.336375 0.971873 10.928081
 8.920000 -1.243971 0.902363 10.289452
 8.940000 -1.320792 0.932612 10.594619
 8.960000 -1.338166 1.051020 11.616579
 8.980000 -1.394099 0.788739 9.411590
 9.000000 -1.314948 0.810763 9.691757
 9.020000 -1.168161 0.801676 9.582918
 9.040000 -1.287416 0.726539 9.252477
 9.060000 -1.234152 0.584161 8.948244
 9.080000 -1.307607 0.591880 8.761617
 9.100000 -1.163264 0.472949 9.175990
 9.120000 -1.333113 0.422574 8.658337
 9.140000 -1.295993 0.394510 8.869180
 9.160000 -1.378150 0.341539 8.653654
 9.180000 -1.192869 0.299072 9.640912
 9.200000 -1.176069 0.400014 9.328158
 9.220000 -1.238961 0.358683 9.212901
 9.240000 -1.332819 0.473498 8.602197
 9.260000 -1.505456 0.389071 8.120431
 9.280000 -1.427631 0.584309 8.354598
 9.300000 -1.356651 0.587093 8.595889
 9.320000 -1.222220 0.685197 9.172827
 9.340000 -1.236624 0.653450 9.067025
 9.360000 -1.323665 0.872448 10.121147
 9.380000 -1.326400 0.849054 9.946264
 9.400000 -1.355180 0.863091 10.025334
 9.420000 -1.289776 0.961264 10.801248
 9.440000 -1.422394 1.052387 11.622853
 9.460000 -1.222624 0.981128 10.794390
 9.480000 -1.300224 1.170443 12.532772
 9.500000 -1.141829 0.898547 9.971080
 9.520000 -1.340675 1.262686 13.254967
 9.540000 -1.311643 1.033491 11.432931
 9.560000 -1.312161 1.208923 12.847397
 9.580000 -1.087967 1.188411 11.339646
 9.600000 -1.219770 1.200364 12.418576
 9.620000 -1.285937 1.250727 13.059295
 9.640000 -1.242303 1.114849 11.896539
 9.660000 -1.355642 1.173037 12.650697
 9.680000 -1.196292 1.040986 11.120835
 9.700000 -1.251886 1.016558 11.158019
 9.720000 -1.261300 0.965040 10.780959
 9.740000 -1.290227 0.830754 9.838484
 9.760000 -1.263584 0.783199 9.561954
 9.780000 -1.368748 0.607308 8.604002
 9.800000 -1.371369 0.623029 8.640198
 9.820000 -1.381072 0.526691 8.425066
 9.840000 -1.488909 0.396396 8.145840
 9.860000 -1.214966 0.524953 8.978000
 9.880000 -1.395118 0.439119 8.389343
 9.900000 -1.385199 0.453353 8.413306
 9.920000 -1.304747 0.363459 8.909720
 9.940000 -1.334916 0.498410 8.585460
 9.960000 -1.340934 0.455846 8.584159
 9.980000 -1.175440 0.531397 9.067210
 10.000000 -1.064283 0.559793 9.157215
 10.020000 -1.267042 0.726311 9.278611
 10.040000 -1.222269 0.868688 10.033086
 10.060000 -1.384417 0.980283 10.993999
 10.080000 -1.392877 0.967577 10.873993
 10.100000 -1.487739 1.146534 12.327093
 10.120000 -1.596058 1.081124 11.520953
 10.140000 -1.475504 1.187799 12.658986
 10.160000 -1.414680 1.077022 11.850601
 10.180000 -1.394065 1.070333 11.802636
 10.200000 -1.482305 1.168979 12.508614
 10.220000 -1.327302 1.027927 11.404936
 10.240000 -1.428909 1.113691 12.157744
 10.260000 -1.127977 0.933688 10.095432
 10.280000 -1.173993 1.116324 11.536270
 10.300000 -1.241528 1.007188 11.052610
 10.320000 -1.143253 0.976431 10.417329
 10.340000 -1.194431 0.892205 10.113319
 10.360000 -1.314732 0.929221 10.565042
 10.380000 -1.432808 0.918814 10.385485
 10.400000 -1.404428 0.864146 9.962893
 10.420000 -1.440897 0.872186 9.963338
 10.440000 -1.403837 0.932048 10.544888
 10.460000 -1.308898 0.793709 9.589607
 10.480000 -1.229705 0.899965 10.246595
 10.500000 -1.128403 0.620920 9.111678
 10.520000 -1.188742 0.681536 9.184244
 10.540000 -1.112866 0.592969 9.113085
 10.560000 -1.307527 0.719965 9.187866
 10.580000 -1.275127 0.632514 8.938854
 10.600000 -1.542969 0.644164 8.242355
 10.620000 -1.414261 0.668117 8.675708
 10.640000 -1.536591 0.664170 8.340654
 10.660000 -1.344263 0.639342 8.773568
 10.680000 -1.504939 0.710052 8.644056
 10.700000 -1.491114 0.714778 8.703498
 10.720000 -1.437853 0.765361 9.150733
 10.740000 -1.435841 0.771543 9.197352
 10.760000 -1.191682 0.690281 9.206155
 10.780000 -1.259758 0.714060 9.235400
 10.800000 -1.204477 0.622149 9.051301
 10.820000 -1.306345 0.705127 9.122388
 10.840000 -1.151029 0.686490 9.196055
 10.860000 -1.348715 0.746116 9.241549
 10.880000 -1.459241 0.756310 9.038209
 10.900000 -1.547985 0.823901 9.347572
 10.920000 -1.658931 0.839909 9.334507
 10.940000 -1.314691 0.802195 9.636608
 10.960000 -1.281367 0.795962 9.625937
 10.980000 -1.219043 0.830731 9.805370
 11.000000 -1.169437 0.791239 9.541094
 11.020000 -1.176638 0.741600 9.361442
 11.040000 -1.263515 0.798267 9.645688
 11.060000 -1.321334 0.870245 10.105538
 11.080000 -1.502026 0.818763 9.396373
 11.100000 -1.494796 0.975573 10.802573
 11.120000 -1.236702 0.879832 10.127341
 11.140000 -1.315268 0.943184 10.678706
 11.160000 -1.237598 0.880932 10.135889
 11.180000 -1.336041 0.814570 9.693300
 11.200000 -1.316175 0.752884 9.341021
 11.220000 -1.384354 0.758175 9.233425
 11.240000 -1.223209 0.747570 9.398923
 11.260000 -1.191990 0.734710 9.345284
 11.280000 -1.289700 0.797431 9.629457
 11.300000 -1.258975 0.653659 9.029358
 11.320000 -1.406155 0.812374 9.554933
 11.340000 -1.285770 0.697391 9.128982
 11.360000 -1.518269 0.672297 8.417095
 11.380000 -1.353437 0.604150 8.645247
 11.400000 -1.409573 0.830255 9.683232
 11.420000 -1.234690 0.590461 8.953924
 11.440000 -1.285301 0.682324 9.071873
 11.460000 -1.305365 0.590559 8.765941
 11.480000 -1.336059 0.712789 9.094093
 11.500000 -1.408332 0.612222 8.490175
 11.520000 -1.107459 0.709574 9.202061
 11.540000 -1.259583 0.739522 9.345812
 11.560000 -1.282540 0.810496 9.712642
 11.580000 -1.366938 0.796854 9.522491
 11.600000 -1.361856 0.799213 9.547992
 11.620000 -1.527111 0.775644 9.018839
 11.640000 -1.715908 0.874300 9.586902
 11.660000 -1.506072 0.726086 8.735069
 11.680000 -1.565663 0.976093 10.665993
 11.700000 -1.313164 0.795269 9.594518
 11.720000 -1.460806 0.803039 9.364950
 11.740000 -1.277841 0.787453 9.578763
 11.760000 -1.454700 0.718194 8.815278
 11.780000 -1.060554 0.605432 9.103610
 11.800000 -1.140708 0.765820 9.397965
 11.820000 -1.110680 0.676094 9.154832
 11.840000 -1.261249 0.753018 9.408181
 11.860000 -1.463668 0.827786 9.550189
 11.880000 -1.590754 0.779607 8.940549
 11.900000 -1.680725 0.753150 8.698915
 11.920000 -1.864159 0.785945 9.055708
 11.940000 -1.830432 0.672731 8.439206
 11.960000 -1.639507 0.695279 8.370867
 11.980000 -1.655268 0.515797 7.862467
 12.000000 -1.613722 0.444273 7.890422
 12.020000 -1.414151 0.257883 8.788610
 12.040000 -1.626809 0.242805 8.520811
 12.060000 -1.333566 0.068499 9.849873
 12.080000 -1.355897 0.127652 9.529361
 12.100000 -1.094678 -0.022991 11.591782
 12.120000 -1.039337 -0.072898 12.035608
 12.140000 -1.027034 -0.126270 12.201985
 12.160000 -1.291596 -0.056132 10.401784
 12.180000 -1.120860 -0.245505 11.576668
 12.200000 -1.243109 -0.224687 10.697213
 12.220000 -1.407767 -0.228447 9.693313
 12.240000 -1.411099 -0.153110 9.820019
 12.260000 -1.558437 -0.124150 9.550058
 12.280000 -1.551877 -0.051729 9.526079
 12.300000 -1.457231 -0.081229 9.680031
 12.320000 -1.609366 0.130054 9.004351
 12.340000 -1.541459 0.130753 8.997986
 12.360000 -1.442422 0.240052 8.758132
 12.380000 -1.474711 0.250844 8.624960
 12.400000 -1.606557 0.415659 7.936955
 12.420000 -1.547864 0.430034 7.967526
 12.440000 -1.694692 0.559387 7.928259
 12.460000 -1.443096 0.523631 8.208580
 12.480000 -1.424314 0.646580 8.557350
 12.500000 -1.277385 0.648887 8.978135
 12.520000 -1.249441 0.811347 9.719289
 12.540000 -1.155790 0.875987 9.905271
 12.560000 -1.143078 1.216992 12.003401
 12.580000 -1.035237 1.172310 10.739236
 12.600000 -1.166952 1.445225 13.364077
 12.620000 -1.267491 1.368778 13.619945
 12.640000 -1.164439 1.510566 13.474881
 12.660000 -1.158855 1.466408 13.363244
 12.680000 -1.171335 1.520463 13.524911
 12.700000 -1.209631 1.528281 13.717440
 12.720000 -1.405777 1.590302 13.486750
 12.740000 -1.496668 1.602070 12.865733
 12.760000 -1.585996 1.628020 11.989916
 12.780000 -1.523505 1.547857 12.918709
 12.800000 -1.631078 1.518245 12.182883
 12.820000 -1.499594 1.480288 13.303717
 12.840000 -1.457631 1.424392 13.593110
 12.860000 -1.334243 1.381401 13.790743
 12.880000 -1.223601 1.221814 12.589606
 12.900000 -1.246392 1.158509 12.248219
 12.920000 -1.095077 1.063286 10.625564
 12.940000 -1.165481 1.059796 11.085707
 12.960000 -1.046772 0.928011 9.621782
 12.980000 -1.167243 0.889336 10.014771
 13.000000 -1.341876 0.966091 10.879818
 13.020000 -1.434257 0.727129 8.921013
 13.040000 -1.453533 0.651211 8.489898
 13.060000 -1.504965 0.541506 8.050630
 13.080000 -1.610756 0.473127 7.865269
 13.100000 -1.540252 0.319023 8.249583
 13.120000 -1.696602 0.412183 7.998067
 13.140000 -1.262877 0.223590 9.618516
 13.160000 -1.437724 0.341287 8.430993
 13.180000 -1.177257 0.312491 9.651597
 13.200000 -1.170191 0.253448 9.949124
 13.220000 -1.046167 0.192061 10.785354
 13.240000 -1.145216 0.362979 9.566375
 13.260000 -1.218727 0.371045 9.258636
 13.280000 -1.420253 0.505113 8.273292
 13.300000 -1.482429 0.577629 8.174340
 13.320000 -1.310465 0.582469 8.736230
 13.340000 -1.413838 0.792934 9.397301
 13.360000 -1.425204 0.742779 9.037824
 13.380000 -1.461081 0.806196 9.388167
 13.400000 -1.545094 0.876310 9.795238
 13.420000 -1.474014 0.819392 9.461304
 13.440000 -1.465431 0.907727 10.229510
 13.460000 -1.241818 0.746702 9.390161
 13.480000 -1.208410 0.891976 10.147877
 13.500000 -1.136537 0.723671 9.270208
 13.520000 -1.213676 0.840729 9.853910
 13.540000 -1.046411 0.789651 9.204041
 13.560000 -1.168040 0.763386 9.430509
 13.580000 -1.193651 0.876802 10.020375
 13.600000 -1.382007 0.930814 10.557882
 13.620000 -1.417500 0.921483 10.432701
 13.640000 -1.411470 0.881770 10.097699
 13.660000 -1.503358 0.867620 9.800330
 13.680000 -1.359955 0.820766 9.702322
 13.700000 -1.358253 0.709190 9.023182
 13.720000 -1.363060 0.740513 9.178098
 13.740000 -1.348151 0.767149 9.365991
 13.760000 -1.193393 0.728878 9.325237
 13.780000 -1.409577 0.744539 9.088136
 13.800000 -1.265908 0.704761 9.190285
 13.820000 -1.310249 0.752231 9.346996
 13.840000 -1.318007 0.587651 8.721875
 13.860000 -1.276779 0.752208 9.390488
 13.880000 -1.327728 0.687159 8.997259
 13.900000 -1.304350 0.712597 9.159682
 13.920000 -1.261814 0.691114 9.144778
 13.940000 -1.361703 0.705697 8.997106
 13.960000 -1.427457 0.707573 8.830059
 13.980000 -1.379432 0.667037 8.772900
 14.000000 -1.306844 0.637098 8.871953
 14.020000 -1.234449 0.735976 9.347260
 14.040000 -1.016444 0.575164 9.122799
 14.060000 -1.235454 0.590212 8.951926
 14.080000 -1.137831 0.558972 9.109032
 14.100000 -1.402287 0.609978 8.503093
 14.120000 -1.421820 0.507148 8.268768
 14.140000 -1.479086 0.651006 8.418080
 14.160000 -1.355751 0.564138 8.557264
 14.180000 -1.518726 0.659449 8.356966
 14.200000 -1.291676 0.662186 8.987721
 14.220000 -1.220941 0.601469 8.995561
 14.240000 -1.247484 0.656740 9.058319
 14.260000 -1.326550 0.764295 9.388176
 14.280000 -1.191708 0.664172 9.141722
 14.300000 -1.235003 0.884649 10.155915
 14.320000 -1.224074 0.814682 9.722820
 14.340000 -1.409953 0.969469 10.874897
 14.360000 -1.467247 0.879127 9.972557
 14.380000 -1.552600 1.053263 11.394419
 14.400000 -1.420328 0.861968 9.916527
 14.420000 -1.653307 1.206003 12.132949
 14.440000 -1.510724 0.996383 10.967070
 14.460000 -1.776237 1.179603 11.570893
 14.480000 -1.569312 1.087285 11.641772
 14.500000 -1.625948 1.327410 12.600275
 14.520000 -1.331335 1.078473 11.846971
 14.540000 -1.317031 1.236216 13.047029
 14.560000 -1.097078 1.098235 10.853632
 14.580000 -1.102318 1.086393 10.821992
 14.600000 -0.943690 0.997537 9.154729
 14.620000 -1.146819 1.053626 10.928321
 14.640000 -1.387581 1.047273 11.598036
 14.660000 -1.415766 0.994940 11.102028
 14.680000 -1.483950 0.996723 11.020896
 14.700000 -1.433376 0.938391 10.561250
 14.720000 -1.364655 0.833955 9.791487
 14.740000 -1.380179 0.731326 9.085047
 14.760000 -1.433201 0.678581 8.668385
 14.780000 -1.303361 0.680058 9.025434
 14.800000 -1.289535 0.604987 8.839533
 14.820000 -1.100987 0.451222 9.372442
 14.840000 -1.263722 0.587542 8.879445
 14.860000 -1.354583 0.495149 8.511695
 14.880000 -1.217538 0.456705 9.046900
 14.900000 -1.342684 0.401292 8.657073
 14.920000 -1.318041 0.375142 8.820754
 14.940000 -1.585917 0.540157 7.904037
 14.960000 -1.454558 0.300392 8.503355
 14.980000 -1.578618 0.522235 7.894123
 15.000000 -1.351108 0.323389 8.822072
 15.020000 -1.570994 0.536275 7.916735
 15.040000 -1.475819 0.448516 8.108444
 15.060000 -1.284507 0.431840 8.842216
 15.080000 -1.303042 0.520827 8.703209
 15.100000 -1.071192 0.409515 9.581532
 15.120000 -1.187434 0.632093 9.086586
 15.140000 -1.182045 0.626449 9.084097
 15.160000 -1.161281 0.706085 9.245604
 15.180000 -1.285642 0.917517 10.454313
 15.200000 -1.367513 0.986215 11.053951
 15.220000 -1.547536 1.147491 12.171987
 15.240000 -1.578582 1.200330 12.407348
 15.260000 -1.666945 1.369827 12.343192
 15.280000 -1.396388 1.349244 13.654575
 15.300000 -1.538914 1.487604 13.019912
 15.320000 -1.528103 1.484504 13.104478
 15.340000 -1.589903 1.549510 12.381535
 15.360000 -1.543133 1.564294 12.693587
 15.380000 -1.462155 1.561381 13.288570
 15.400000 -1.376371 1.534720 13.781744
 15.420000 -1.457700 1.572608 13.271010
 15.440000 -1.506976 1.505398 13.189885
 15.460000 -1.502186 1.613627 12.763986
 15.480000 -1.415271 1.528567 13.649843
 15.500000 -1.282976 1.431592 13.849854
 15.520000 -1.205720 1.360260 13.295905
 15.540000 -1.251000 1.234724 12.816152
 15.560000 -1.035431 1.084207 10.254231
 15.580000 -1.086074 1.001677 10.213195
 15.600000 -0.900913 0.899492 8.694461
 15.620000 -1.021563 0.831408 9.192439
 15.640000 -0.959724 0.604993 9.012812
 15.660000 -1.276501 0.701879 9.162821
 15.680000 -1.134046 0.434403 9.348820
 15.700000 -1.335573 0.529125 8.590800
 15.720000 -1.312938 0.351210 8.907827
 15.740000 -1.328119 0.282465 9.064010
 15.760000 -1.416370 0.245725 8.825517
 15.780000 -1.332062 0.213866 9.306762
 15.800000 -1.284040 0.123308 9.915944
 15.820000 -1.299420 0.158900 9.691531
 15.840000 -1.413276 0.152309 9.196972
 15.860000 -1.405791 0.121906 9.339549
 15.880000 -1.376206 0.243497 8.992266
 15.900000 -1.434323 0.097199 9.330610
 15.920000 -1.470711 0.206589 8.807533
 15.940000 -1.553635 0.094312 9.133992
 15.960000 -1.544458 0.233879 8.567533
 15.980000 -1.525646 0.167405 8.863562
 16.000000 -1.444614 0.274162 8.625116
 16.020000 -1.510628 0.436522 8.030630
 16.040000 -1.474513 0.472373 8.098152
 16.060000 -1.349155 0.647070 8.785167
 16.080000 -1.345465 0.620666 8.713746
 16.100000 -1.271774 0.748721 9.378144
 16.120000 -1.198753 0.792262 9.585529
 16.140000 -1.016035 0.831166 9.167149
 16.160000 -0.999502 0.947074 9.390560
 16.180000 -1.080907 1.099414 10.728247
 16.200000 -1.321243 1.263004 13.227353
 16.220000 -1.305698 1.328515 13.551349
 16.240000 -1.592067 1.540463 12.406046
 16.260000 -1.676203 1.602513 11.346921
 16.280000 -1.689593 1.735112 10.425107
 16.300000 -1.774311 1.755589 9.674149
 16.320000 -1.718569 1.758507 10.059145
 16.340000 -1.701280 1.871904 9.646245
 16.360000 -1.617072 1.985822 9.837372
 16.380000 -1.736649 1.972183 9.139123
 16.400000 -1.658294 2.033917 9.463002
 16.420000 -1.753326 2.089336 8.994092
 16.440000 -1.863882 2.245958 9.277862
 16.460000 -1.751992 2.403923 9.804370
 16.480000 -1.972106 2.473488 11.203849
 16.500000 -1.850420 2.675439 12.946787
 16.520000 -1.962303 2.744600 14.436499
 16.540000 -1.922586 2.766651 14.640495
 16.560000 -1.927065 2.912040 16.732610
 16.580000 -1.888508 2.845093 15.738535
 16.600000 -1.883589 2.911521 16.648945
 16.620000 -1.957697 2.873508 16.282487
 16.640000 -1.932021 2.804967 15.254133
 16.660000 -2.160678 2.786620 15.356961
 16.680000 -2.181286 2.789067 15.395622
 16.700000 -2.254308 2.720200 15.019820
 16.720000 -2.315697 2.730436 15.308360
 16.740000 -2.473182 2.598318 16.087999
 16.760000 -2.495445 2.542206 16.255552
 16.780000 -2.630678 2.466090 17.841197
 16.800000 -2.671462 2.372559 18.324558
 16.820000 -2.631394 2.394765 17.813066
 16.840000 -2.711532 2.254982 18.885055
 16.860000 -2.584194 2.289196 17.172216
 16.880000 -2.629032 2.296905 17.773407
 16.900000 -2.544800 2.258562 16.615317
 16.920000 -2.492588 2.417312 16.080616
 16.940000 -2.307169 2.440614 13.965898
 16.960000 -2.229036 2.489645 13.397019
 16.980000 -2.070076 2.517755 12.260018
 17.000000 -2.142029 2.551576 13.082228
 17.020000 -2.097878 2.574371 12.971977
 17.040000 -1.909345 2.706357 13.669528
 17.060000 -1.899793 2.546425 11.517621
 17.080000 -1.770454 2.622960 11.838867
 17.100000 -1.839216 2.572290 11.523734
 17.120000 -1.831218 2.643047 12.392638
 17.140000 -1.782254 2.648141 12.230082
 17.160000 -1.678106 2.479861 10.135328
 17.180000 -1.633349 2.557023 10.612621
 17.200000 -1.684759 2.424254 9.826743
 17.220000 -1.538310 2.449265 9.860226
 17.240000 -1.614747 2.236965 9.483479
 17.260000 -1.347783 2.263181 10.127306
 17.280000 -1.403668 2.191074 10.254861
 17.300000 -1.462271 2.246876 9.938910
 17.320000 -1.443584 2.012019 10.825272
 17.340000 -1.529833 2.030189 10.256610
 17.360000 -1.434602 2.055498 10.670562
 17.380000 -1.281268 2.046912 11.179972
 17.400000 -1.153846 1.954919 11.694770
 17.420000 -1.276096 1.931571 11.891472
 17.440000 -1.208804 1.900130 12.128523
 17.460000 -1.191606 1.829171 12.566242
 17.480000 -1.258425 1.834868 12.552037
 17.500000 -0.997582 1.707376 12.033279
 17.520000 -1.246798 1.761873 13.013393
 17.540000 -1.202133 1.607598 13.600240
 17.560000 -1.352882 1.587071 13.699250
 17.580000 -1.389707 1.374503 13.738634
 17.600000 -1.408781 1.429145 13.779006
 17.620000 -1.456493 1.267324 13.184556
 17.640000 -1.518649 1.142185 12.215494
 17.660000 -1.367119 1.018973 11.346266
 17.680000 -1.181707 0.809547 9.642014
 17.700000 -1.146250 0.671372 9.166466
 17.720000 -0.918223 0.518044 9.239370
 17.740000 -1.118879 0.471366 9.279757
 17.760000 -0.990847 0.400896 9.740463
 17.780000 -1.157225 0.377487 9.469978
 17.800000 -1.307924 0.434956 8.742354
 17.820000 -1.453228 0.314878 8.460093
 17.840000 -1.534519 0.282099 8.388688
 17.860000 -1.597229 0.232587 8.551530
 17.880000 -1.762318 0.132126 9.273478
 17.900000 -1.731409 0.143765 9.147556
 17.920000 -1.986807 0.092309 9.775023
 17.940000 -1.895804 0.126371 9.583607
 17.960000 -1.871049 0.042443 9.850737
 17.980000 -2.024334 0.163705 9.511992
 18.000000 -1.992943 0.068937 9.842671
 18.020000 -2.046525 0.091000 9.736798
 18.040000 -2.047827 0.090392 9.736885
 18.060000 -2.056195 0.088863 9.730112
 18.080000 -1.974327 0.146730 9.578266
 18.100000 -2.133841 0.185488 9.303894
 18.120000 -1.959208 0.218241 9.265679
 18.140000 -2.098563 0.280737 9.007204
 18.160000 -2.068069 0.224082 9.251678
 18.180000 -2.049761 0.377842 8.695319
 18.200000 -2.031686 0.358325 8.754268
 18.220000 -2.024123 0.492874 8.454805
 18.240000 -1.972611 0.411252 8.553338
 18.260000 -1.978236 0.569497 8.419331
 18.280000 -1.924241 0.558075 8.338521
 18.300000 -1.960040 0.646475 8.543640
 18.320000 -1.937753 0.506043 8.353978
 18.340000 -1.792627 0.686208 8.433636
 18.360000 -1.561140 0.655870 8.260052
 18.380000 -1.523004 0.683052 8.459426
 18.400000 -1.387193 0.771385 9.310787
 18.420000 -1.316540 0.736969 9.255647
 18.440000 -1.129357 0.751060 9.332988
 18.460000 -1.099514 0.689124 9.160010
 18.480000 -0.973425 0.872239 9.041392
 18.500000 -1.131034 0.795569 9.479023
 18.520000 -1.234519 0.875018 10.092918
 18.540000 -1.233577 1.005630 11.014289
 18.560000 -1.368539 0.937221 10.624197
 18.580000 -1.418383 1.133242 12.331722
 18.600000 -1.497016 1.032947 11.333651
 18.620000 -1.604812 1.118096 11.781960
 18.640000 -1.578653 1.149854 12.090724
 18.660000 -1.438801 0.965811 10.805007
 18.680000 -1.271251 0.979752 10.916680
 18.700000 -1.214136 0.980433 10.759776
 18.720000 -1.148000 0.787461 9.487172
 18.740000 -1.179925 0.768452 9.463251
 18.760000 -1.006782 0.576286 9.115427
 18.780000 -1.291195 0.672203 9.023171
 18.800000 -1.234813 0.381738 9.159996
 18.820000 -1.373402 0.535440 8.459992
 18.840000 -1.304116 0.337912 8.987340
 18.860000 -1.369451 0.352844 8.658434
 18.880000 -1.350813 0.399595 8.626605
 18.900000 -1.404872 0.206792 9.016909
 18.920000 -1.441358 0.267781 8.658535
 18.940000 -1.440658 0.256866 8.700784
 18.960000 -1.306663 0.151567 9.682294
 18.980000 -1.281723 0.226270 9.510030
 19.000000 -1.380527 0.281833 8.834339
 19.020000 -1.417917 0.419392 8.330142
 19.040000 -1.294565 0.482161 8.743125
 19.060000 -1.262782 0.602026 8.904303
 19.080000 -1.233241 0.695138 9.194153
 19.100000 -1.316244 0.820030 9.751946
 19.120000 -1.321560 0.876802 10.154839
 19.140000 -1.153095 0.937482 10.233636
 19.160000 -1.119471 0.981232 10.312874
 19.180000 -1.283692 1.126934 12.145294
 19.200000 -1.287673 0.985220 10.991256
 19.220000 -1.300669 1.176105 12.576886
 19.240000 -1.281489 1.062460 11.614254
 19.260000 -1.369088 1.276372 13.351286
 19.280000 -1.430687 1.114283 12.160825
 19.300000 -1.440511 1.126835 12.254362
 19.320000 -1.452580 1.154819 12.461520
 19.340000 -1.298752 0.971267 10.893899
 19.360000 -1.215653 0.946019 10.522898
 19.380000 -1.152433 0.921111 10.136873
 19.400000 -1.100369 0.656287 9.127119
 19.420000 -1.152387 0.744260 9.346826
 19.440000 -1.149323 0.591488 9.089473
 19.460000 -1.266961 0.667159 9.054810
 19.480000 -1.303657 0.456509 8.731065
 19.500000 -1.432772 0.551585 8.275550
 19.520000 -1.364286 0.485387 8.476378
 19.540000 -1.484794 0.399866 8.150032
 19.560000 -1.408608 0.416084 8.369050
 19.580000 -1.481706 0.222644 8.717194
 19.600000 -1.414183 0.271313 8.739844
 19.620000 -1.354444 0.215393 9.195266
 19.640000 -1.363030 0.195384 9.234765
 19.660000 -1.379046 0.211871 9.101027
 19.680000 -1.596590 0.313484 8.227083
 19.700000 -1.376018 0.226268 9.058408
 19.720000 -1.367487 0.331691 8.726569
 19.740000 -1.069909 0.154411 10.908028
 19.760000 -1.432772 0.275327 8.659857
 19.780000 -1.333085 0.375073 8.755848
 19.800000 -1.433899 0.424175 8.267213
 19.820000 -1.237505 0.370012 9.183672
 19.840000 -1.284098 0.654898 8.981302
 19.860000 -1.355994 0.545822 8.532187
 19.880000 -1.171173 0.661566 9.146956
 19.900000 -1.072517 0.619270 9.102230
 19.920000 -1.133259 0.750545 9.338152
 19.940000 -1.187125 0.736554 9.349887
 19.960000 -1.072247 0.833953 9.416329
 19.980000 -1.217912 0.916801 10.331239
 20.000000 -1.208721 0.942764 10.478966
