#! FIELDS time phi psi sigma_phi sigma_psi height biasf
                        #! SET multivariate false
                        #! SET kerneltype stretched-gaussian
                        #! SET min_phi -pi
                        #! SET max_phi pi
                        #! SET min_psi -pi
                        #! SET max_psi pi
0 -3.141592653589793 -3.141592653589793 0.6283185307179586 0.6283185307179586 2.5320818062673154 1
0 -3.141592653589793 -2.5132741228718345 0.6283185307179586 0.6283185307179586 12.112932441276186 1
0 -3.141592653589793 -1.8849555921538759 0.6283185307179586 0.6283185307179586 12.550081090425472 1
0 -3.141592653589793 -1.2566370614359172 0.6283185307179586 0.6283185307179586 10.96786299954389 1
0 -3.141592653589793 -0.6283185307179586 0.6283185307179586 0.6283185307179586 0.0 1
0 -3.141592653589793 0.0 0.6283185307179586 0.6283185307179586 1.598515244475815 1
0 -3.141592653589793 0.6283185307179586 0.6283185307179586 0.6283185307179586 1.5711861138514278 1
0 -3.141592653589793 1.2566370614359172 0.6283185307179586 0.6283185307179586 11.394452244763434 1
0 -3.141592653589793 1.8849555921538759 0.6283185307179586 0.6283185307179586 13.629616077896078 1
0 -3.141592653589793 2.5132741228718345 0.6283185307179586 0.6283185307179586 7.574999655741362 1
0 -2.5132741228718345 -3.141592653589793 0.6283185307179586 0.6283185307179586 4.20794760635773 1
0 -2.5132741228718345 -2.5132741228718345 0.6283185307179586 0.6283185307179586 1.3456461510711577 1
0 -2.5132741228718345 -1.8849555921538759 0.6283185307179586 0.6283185307179586 25.24192366075336 1
0 -2.5132741228718345 -1.2566370614359172 0.6283185307179586 0.6283185307179586 14.081990535250394 1
0 -2.5132741228718345 -0.6283185307179586 0.6283185307179586 0.6283185307179586 0.0 1
0 -2.5132741228718345 0.0 0.6283185307179586 0.6283185307179586 3.186788165692716 1
0 -2.5132741228718345 0.6283185307179586 0.6283185307179586 0.6283185307179586 8.930729242601732 1
0 -2.5132741228718345 1.2566370614359172 0.6283185307179586 0.6283185307179586 19.34346693336429 1
0 -2.5132741228718345 1.8849555921538759 0.6283185307179586 0.6283185307179586 3.170521426388423 1
0 -2.5132741228718345 2.5132741228718345 0.6283185307179586 0.6283185307179586 19.76998789664181 1
0 -1.8849555921538759 -3.141592653589793 0.6283185307179586 0.6283185307179586 20.830392708364915 1
0 -1.8849555921538759 -2.5132741228718345 0.6283185307179586 0.6283185307179586 8.134308514554487 1
0 -1.8849555921538759 -1.8849555921538759 0.6283185307179586 0.6283185307179586 0.6830638912625089 1
0 -1.8849555921538759 -1.2566370614359172 0.6283185307179586 0.6283185307179586 9.049143864849052 1
0 -1.8849555921538759 -0.6283185307179586 0.6283185307179586 0.6283185307179586 16.755705101732502 1
0 -1.8849555921538759 0.0 0.6283185307179586 0.6283185307179586 11.955879278960468 1
0 -1.8849555921538759 0.6283185307179586 0.6283185307179586 0.6283185307179586 0.0 1
0 -1.8849555921538759 1.2566370614359172 0.6283185307179586 0.6283185307179586 9.075623149519409 1
0 -1.8849555921538759 1.8849555921538759 0.6283185307179586 0.6283185307179586 26.58665236148262 1
0 -1.8849555921538759 2.5132741228718345 0.6283185307179586 0.6283185307179586 24.02627759407045 1
0 -1.2566370614359172 -3.141592653589793 0.6283185307179586 0.6283185307179586 28.70318778960748 1
0 -1.2566370614359172 -2.5132741228718345 0.6283185307179586 0.6283185307179586 7.9203865485626626 1
0 -1.2566370614359172 -1.8849555921538759 0.6283185307179586 0.6283185307179586 0.30533876770849844 1
0 -1.2566370614359172 -1.2566370614359172 0.6283185307179586 0.6283185307179586 19.342889695919762 1
0 -1.2566370614359172 -0.6283185307179586 0.6283185307179586 0.6283185307179586 7.296210100284172 1
0 -1.2566370614359172 0.0 0.6283185307179586 0.6283185307179586 10.162664500287898 1
0 -1.2566370614359172 0.6283185307179586 0.6283185307179586 0.6283185307179586 7.46264904990208 1
0 -1.2566370614359172 1.2566370614359172 0.6283185307179586 0.6283185307179586 0.0 1
0 -1.2566370614359172 1.8849555921538759 0.6283185307179586 0.6283185307179586 5.937781059032579 1
0 -1.2566370614359172 2.5132741228718345 0.6283185307179586 0.6283185307179586 16.138690256290776 1
0 -0.6283185307179586 -3.141592653589793 0.6283185307179586 0.6283185307179586 10.889115783550299 1
0 -0.6283185307179586 -2.5132741228718345 0.6283185307179586 0.6283185307179586 5.241486867529315 1
0 -0.6283185307179586 -1.8849555921538759 0.6283185307179586 0.6283185307179586 0.0 1
0 -0.6283185307179586 -1.2566370614359172 0.6283185307179586 0.6283185307179586 16.335348105710853 1
0 -0.6283185307179586 -0.6283185307179586 0.6283185307179586 0.6283185307179586 11.136559029586145 1
0 -0.6283185307179586 0.0 0.6283185307179586 0.6283185307179586 10.751533069458661 1
0 -0.6283185307179586 0.6283185307179586 0.6283185307179586 0.6283185307179586 2.3350665867152185 1
0 -0.6283185307179586 1.2566370614359172 0.6283185307179586 0.6283185307179586 5.938112681098858 1
0 -0.6283185307179586 1.8849555921538759 0.6283185307179586 0.6283185307179586 0.0 1
0 -0.6283185307179586 2.5132741228718345 0.6283185307179586 0.6283185307179586 26.345850876561105 1
0 0.0 -3.141592653589793 0.6283185307179586 0.6283185307179586 10.280262619235494 1
0 0.0 -2.5132741228718345 0.6283185307179586 0.6283185307179586 20.685082954381706 1
0 0.0 -1.8849555921538759 0.6283185307179586 0.6283185307179586 16.318785708035723 1
0 0.0 -1.2566370614359172 0.6283185307179586 0.6283185307179586 17.490510716763016 1
0 0.0 -0.6283185307179586 0.6283185307179586 0.6283185307179586 29.613761516720245 1
0 0.0 0.0 0.6283185307179586 0.6283185307179586 0.0 1
0 0.0 0.6283185307179586 0.6283185307179586 0.6283185307179586 5.379316869288185 1
0 0.0 1.2566370614359172 0.6283185307179586 0.6283185307179586 10.261221789131143 1
0 0.0 1.8849555921538759 0.6283185307179586 0.6283185307179586 13.340132479762236 1
0 0.0 2.5132741228718345 0.6283185307179586 0.6283185307179586 4.016917059535361 1
0 0.6283185307179586 -3.141592653589793 0.6283185307179586 0.6283185307179586 10.860667171778267 1
0 0.6283185307179586 -2.5132741228718345 0.6283185307179586 0.6283185307179586 10.09864505474744 1
0 0.6283185307179586 -1.8849555921538759 0.6283185307179586 0.6283185307179586 13.983327080892968 1
0 0.6283185307179586 -1.2566370614359172 0.6283185307179586 0.6283185307179586 30.42153910072024 1
0 0.6283185307179586 -0.6283185307179586 0.6283185307179586 0.6283185307179586 20.400389292027842 1
0 0.6283185307179586 0.0 0.6283185307179586 0.6283185307179586 0.0 1
0 0.6283185307179586 0.6283185307179586 0.6283185307179586 0.6283185307179586 0.0 1
0 0.6283185307179586 1.2566370614359172 0.6283185307179586 0.6283185307179586 0.0 1
0 0.6283185307179586 1.8849555921538759 0.6283185307179586 0.6283185307179586 3.7898321818350356 1
0 0.6283185307179586 2.5132741228718345 0.6283185307179586 0.6283185307179586 10.798798103861403 1
0 1.2566370614359172 -3.141592653589793 0.6283185307179586 0.6283185307179586 10.655353101061435 1
0 1.2566370614359172 -2.5132741228718345 0.6283185307179586 0.6283185307179586 17.813637541158258 1
0 1.2566370614359172 -1.8849555921538759 0.6283185307179586 0.6283185307179586 3.157930206448606 1
0 1.2566370614359172 -1.2566370614359172 0.6283185307179586 0.6283185307179586 0.2569437371602348 1
0 1.2566370614359172 -0.6283185307179586 0.6283185307179586 0.6283185307179586 21.809840161432923 1
0 1.2566370614359172 0.0 0.6283185307179586 0.6283185307179586 8.647254511364284 1
0 1.2566370614359172 0.6283185307179586 0.6283185307179586 0.6283185307179586 4.588688407737047 1
0 1.2566370614359172 1.2566370614359172 0.6283185307179586 0.6283185307179586 14.24973567486616 1
0 1.2566370614359172 1.8849555921538759 0.6283185307179586 0.6283185307179586 19.09379328141057 1
0 1.2566370614359172 2.5132741228718345 0.6283185307179586 0.6283185307179586 22.0551685224586 1
0 1.8849555921538759 -3.141592653589793 0.6283185307179586 0.6283185307179586 7.281365177953073 1
0 1.8849555921538759 -2.5132741228718345 0.6283185307179586 0.6283185307179586 0.0 1
0 1.8849555921538759 -1.8849555921538759 0.6283185307179586 0.6283185307179586 20.25915638175093 1
0 1.8849555921538759 -1.2566370614359172 0.6283185307179586 0.6283185307179586 2.6791353482611 1
0 1.8849555921538759 -0.6283185307179586 0.6283185307179586 0.6283185307179586 12.421614827195537 1
0 1.8849555921538759 0.0 0.6283185307179586 0.6283185307179586 5.467045898992057 1
0 1.8849555921538759 0.6283185307179586 0.6283185307179586 0.6283185307179586 11.224999140326933 1
0 1.8849555921538759 1.2566370614359172 0.6283185307179586 0.6283185307179586 19.423094174855144 1
0 1.8849555921538759 1.8849555921538759 0.6283185307179586 0.6283185307179586 4.3856854846322 1
0 1.8849555921538759 2.5132741228718345 0.6283185307179586 0.6283185307179586 8.59609520696009 1
0 2.5132741228718345 -3.141592653589793 0.6283185307179586 0.6283185307179586 10.114163370299494 1
0 2.5132741228718345 -2.5132741228718345 0.6283185307179586 0.6283185307179586 6.252451335901464 1
0 2.5132741228718345 -1.8849555921538759 0.6283185307179586 0.6283185307179586 0.0 1
0 2.5132741228718345 -1.2566370614359172 0.6283185307179586 0.6283185307179586 13.732773331615594 1
0 2.5132741228718345 -0.6283185307179586 0.6283185307179586 0.6283185307179586 0.5386480348003149 1
0 2.5132741228718345 0.0 0.6283185307179586 0.6283185307179586 24.482607435215417 1
0 2.5132741228718345 0.6283185307179586 0.6283185307179586 0.6283185307179586 2.834450245853388 1
0 2.5132741228718345 1.2566370614359172 0.6283185307179586 0.6283185307179586 2.3689743976807525 1
0 2.5132741228718345 1.8849555921538759 0.6283185307179586 0.6283185307179586 10.112807597634227 1
0 2.5132741228718345 2.5132741228718345 0.6283185307179586 0.6283185307179586 5.2858290750005175 1
