#! FIELDS time phi psi sigma_phi sigma_psi height biasf
                        #! SET multivariate false
                        #! SET kerneltype stretched-gaussian
                        #! SET min_phi -pi
                        #! SET max_phi pi
                        #! SET min_psi -pi
                        #! SET max_psi pi
0 -3.141592653589793 -3.141592653589793 0.6283185307179586 0.6283185307179586 6.03219228234254 1
0 -3.141592653589793 -2.5132741228718345 0.6283185307179586 0.6283185307179586 2.6958546914964847 1
0 -3.141592653589793 -1.8849555921538759 0.6283185307179586 0.6283185307179586 0.0 1
0 -3.141592653589793 -1.2566370614359172 0.6283185307179586 0.6283185307179586 7.84145771838064 1
0 -3.141592653589793 -0.6283185307179586 0.6283185307179586 0.6283185307179586 2.3834223174910774 1
0 -3.141592653589793 0.0 0.6283185307179586 0.6283185307179586 5.431382970000318 1
0 -3.141592653589793 0.6283185307179586 0.6283185307179586 0.6283185307179586 3.942218030523927 1
0 -3.141592653589793 1.2566370614359172 0.6283185307179586 0.6283185307179586 16.71663772340572 1
0 -3.141592653589793 1.8849555921538759 0.6283185307179586 0.6283185307179586 15.355566229960985 1
0 -3.141592653589793 2.5132741228718345 0.6283185307179586 0.6283185307179586 6.361421477878707 1
0 -2.5132741228718345 -3.141592653589793 0.6283185307179586 0.6283185307179586 6.141768310237871 1
0 -2.5132741228718345 -2.5132741228718345 0.6283185307179586 0.6283185307179586 4.118643338503579 1
0 -2.5132741228718345 -1.8849555921538759 0.6283185307179586 0.6283185307179586 13.655365964955017 1
0 -2.5132741228718345 -1.2566370614359172 0.6283185307179586 0.6283185307179586 5.2629927074474105 1
0 -2.5132741228718345 -0.6283185307179586 0.6283185307179586 0.6283185307179586 6.576156780537646 1
0 -2.5132741228718345 0.0 0.6283185307179586 0.6283185307179586 5.51788039857473 1
0 -2.5132741228718345 0.6283185307179586 0.6283185307179586 0.6283185307179586 0.0 1
0 -2.5132741228718345 1.2566370614359172 0.6283185307179586 0.6283185307179586 23.00136837893585 1
0 -2.5132741228718345 1.8849555921538759 0.6283185307179586 0.6283185307179586 0.0 1
0 -2.5132741228718345 2.5132741228718345 0.6283185307179586 0.6283185307179586 9.733918064079733 1
0 -1.8849555921538759 -3.141592653589793 0.6283185307179586 0.6283185307179586 26.811149402954563 1
0 -1.8849555921538759 -2.5132741228718345 0.6283185307179586 0.6283185307179586 21.229939127985073 1
0 -1.8849555921538759 -1.8849555921538759 0.6283185307179586 0.6283185307179586 4.024717301545101 1
0 -1.8849555921538759 -1.2566370614359172 0.6283185307179586 0.6283185307179586 3.916432875680022 1
0 -1.8849555921538759 -0.6283185307179586 0.6283185307179586 0.6283185307179586 11.739895548511232 1
0 -1.8849555921538759 0.0 0.6283185307179586 0.6283185307179586 7.4692483198076856 1
0 -1.8849555921538759 0.6283185307179586 0.6283185307179586 0.6283185307179586 0.0 1
0 -1.8849555921538759 1.2566370614359172 0.6283185307179586 0.6283185307179586 14.111268546405874 1
0 -1.8849555921538759 1.8849555921538759 0.6283185307179586 0.6283185307179586 31.27158857332192 1
0 -1.8849555921538759 2.5132741228718345 0.6283185307179586 0.6283185307179586 19.2490670915937 1
0 -1.2566370614359172 -3.141592653589793 0.6283185307179586 0.6283185307179586 24.757150515874045 1
0 -1.2566370614359172 -2.5132741228718345 0.6283185307179586 0.6283185307179586 9.350800172692205 1
0 -1.2566370614359172 -1.8849555921538759 0.6283185307179586 0.6283185307179586 5.073757836000545 1
0 -1.2566370614359172 -1.2566370614359172 0.6283185307179586 0.6283185307179586 23.11325218381573 1
0 -1.2566370614359172 -0.6283185307179586 0.6283185307179586 0.6283185307179586 23.908183769491394 1
0 -1.2566370614359172 0.0 0.6283185307179586 0.6283185307179586 9.127476101364167 1
0 -1.2566370614359172 0.6283185307179586 0.6283185307179586 0.6283185307179586 8.776055239066508 1
0 -1.2566370614359172 1.2566370614359172 0.6283185307179586 0.6283185307179586 4.01873346148265 1
0 -1.2566370614359172 1.8849555921538759 0.6283185307179586 0.6283185307179586 9.38224303940962 1
0 -1.2566370614359172 2.5132741228718345 0.6283185307179586 0.6283185307179586 11.780537233567223 1
0 -0.6283185307179586 -3.141592653589793 0.6283185307179586 0.6283185307179586 24.78520140167509 1
0 -0.6283185307179586 -2.5132741228718345 0.6283185307179586 0.6283185307179586 1.8003859636886377 1
0 -0.6283185307179586 -1.8849555921538759 0.6283185307179586 0.6283185307179586 4.624214112621462 1
0 -0.6283185307179586 -1.2566370614359172 0.6283185307179586 0.6283185307179586 10.82465001729156 1
0 -0.6283185307179586 -0.6283185307179586 0.6283185307179586 0.6283185307179586 9.471431702164464 1
0 -0.6283185307179586 0.0 0.6283185307179586 0.6283185307179586 16.864756340769357 1
0 -0.6283185307179586 0.6283185307179586 0.6283185307179586 0.6283185307179586 0.0 1
0 -0.6283185307179586 1.2566370614359172 0.6283185307179586 0.6283185307179586 20.146365243686276 1
0 -0.6283185307179586 1.8849555921538759 0.6283185307179586 0.6283185307179586 0.0 1
0 -0.6283185307179586 2.5132741228718345 0.6283185307179586 0.6283185307179586 25.928345285802383 1
0 0.0 -3.141592653589793 0.6283185307179586 0.6283185307179586 15.624304104020986 1
0 0.0 -2.5132741228718345 0.6283185307179586 0.6283185307179586 18.47038210227918 1
0 0.0 -1.8849555921538759 0.6283185307179586 0.6283185307179586 15.756949605955036 1
0 0.0 -1.2566370614359172 0.6283185307179586 0.6283185307179586 18.756762311383287 1
0 0.0 -0.6283185307179586 0.6283185307179586 0.6283185307179586 15.02161782748606 1
0 0.0 0.0 0.6283185307179586 0.6283185307179586 1.2135536309866657 1
0 0.0 0.6283185307179586 0.6283185307179586 0.6283185307179586 0.24301124500074334 1
0 0.0 1.2566370614359172 0.6283185307179586 0.6283185307179586 23.40022544155611 1
0 0.0 1.8849555921538759 0.6283185307179586 0.6283185307179586 28.357476425849878 1
0 0.0 2.5132741228718345 0.6283185307179586 0.6283185307179586 24.40920240207646 1
0 0.6283185307179586 -3.141592653589793 0.6283185307179586 0.6283185307179586 7.800339457963439 1
0 0.6283185307179586 -2.5132741228718345 0.6283185307179586 0.6283185307179586 13.942468381374898 1
0 0.6283185307179586 -1.8849555921538759 0.6283185307179586 0.6283185307179586 11.052638098273 1
0 0.6283185307179586 -1.2566370614359172 0.6283185307179586 0.6283185307179586 23.68313535804219 1
0 0.6283185307179586 -0.6283185307179586 0.6283185307179586 0.6283185307179586 6.823241958589387 1
0 0.6283185307179586 0.0 0.6283185307179586 0.6283185307179586 14.378742802404206 1
0 0.6283185307179586 0.6283185307179586 0.6283185307179586 0.6283185307179586 0.0 1
0 0.6283185307179586 1.2566370614359172 0.6283185307179586 0.6283185307179586 6.836662719063771 1
0 0.6283185307179586 1.8849555921538759 0.6283185307179586 0.6283185307179586 0.0 1
0 0.6283185307179586 2.5132741228718345 0.6283185307179586 0.6283185307179586 5.655034659584312 1
0 1.2566370614359172 -3.141592653589793 0.6283185307179586 0.6283185307179586 8.884553735634869 1
0 1.2566370614359172 -2.5132741228718345 0.6283185307179586 0.6283185307179586 28.608350956568557 1
0 1.2566370614359172 -1.8849555921538759 0.6283185307179586 0.6283185307179586 0.0 1
0 1.2566370614359172 -1.2566370614359172 0.6283185307179586 0.6283185307179586 10.897461781947765 1
0 1.2566370614359172 -0.6283185307179586 0.6283185307179586 0.6283185307179586 17.29379541079062 1
0 1.2566370614359172 0.0 0.6283185307179586 0.6283185307179586 22.499568794748008 1
0 1.2566370614359172 0.6283185307179586 0.6283185307179586 0.6283185307179586 2.2452231553102147 1
0 1.2566370614359172 1.2566370614359172 0.6283185307179586 0.6283185307179586 10.850988136690368 1
0 1.2566370614359172 1.8849555921538759 0.6283185307179586 0.6283185307179586 15.064627557054393 1
0 1.2566370614359172 2.5132741228718345 0.6283185307179586 0.6283185307179586 25.91605325606014 1
0 1.8849555921538759 -3.141592653589793 0.6283185307179586 0.6283185307179586 14.831341433148243 1
0 1.8849555921538759 -2.5132741228718345 0.6283185307179586 0.6283185307179586 10.595428788805782 1
0 1.8849555921538759 -1.8849555921538759 0.6283185307179586 0.6283185307179586 14.063169318560444 1
0 1.8849555921538759 -1.2566370614359172 0.6283185307179586 0.6283185307179586 16.92497120829418 1
0 1.8849555921538759 -0.6283185307179586 0.6283185307179586 0.6283185307179586 18.66694658115223 1
0 1.8849555921538759 0.0 0.6283185307179586 0.6283185307179586 0.0 1
0 1.8849555921538759 0.6283185307179586 0.6283185307179586 0.6283185307179586 8.478552103390523 1
0 1.8849555921538759 1.2566370614359172 0.6283185307179586 0.6283185307179586 20.845143960991322 1
0 1.8849555921538759 1.8849555921538759 0.6283185307179586 0.6283185307179586 3.4580864657801778 1
0 1.8849555921538759 2.5132741228718345 0.6283185307179586 0.6283185307179586 0.0 1
0 2.5132741228718345 -3.141592653589793 0.6283185307179586 0.6283185307179586 15.485789687473888 1
0 2.5132741228718345 -2.5132741228718345 0.6283185307179586 0.6283185307179586 0.0 1
0 2.5132741228718345 -1.8849555921538759 0.6283185307179586 0.6283185307179586 6.175524963624802 1
0 2.5132741228718345 -1.2566370614359172 0.6283185307179586 0.6283185307179586 0.0 1
0 2.5132741228718345 -0.6283185307179586 0.6283185307179586 0.6283185307179586 1.7321845581513937 1
0 2.5132741228718345 0.0 0.6283185307179586 0.6283185307179586 29.33888901396268 1
0 2.5132741228718345 0.6283185307179586 0.6283185307179586 0.6283185307179586 6.509193488984753 1
0 2.5132741228718345 1.2566370614359172 0.6283185307179586 0.6283185307179586 9.521396430909098 1
0 2.5132741228718345 1.8849555921538759 0.6283185307179586 0.6283185307179586 13.00982159512942 1
0 2.5132741228718345 2.5132741228718345 0.6283185307179586 0.6283185307179586 3.1377581531133587 1
