#! FIELDS time phi psi sigma_phi sigma_psi height biasf
                        #! SET multivariate false
                        #! SET kerneltype stretched-gaussian
                        #! SET min_phi -pi
                        #! SET max_phi pi
                        #! SET min_psi -pi
                        #! SET max_psi pi
0 -3.141592653589793 -3.141592653589793 0.6283185307179586 0.6283185307179586 16.68082974332255 1
0 -3.141592653589793 -2.5132741228718345 0.6283185307179586 0.6283185307179586 0.0 1
0 -3.141592653589793 -1.8849555921538759 0.6283185307179586 0.6283185307179586 5.51097414229766 1
0 -3.141592653589793 -1.2566370614359172 0.6283185307179586 0.6283185307179586 8.336585494870784 1
0 -3.141592653589793 -0.6283185307179586 0.6283185307179586 0.6283185307179586 7.903636187917169 1
0 -3.141592653589793 0.0 0.6283185307179586 0.6283185307179586 21.399978045179743 1
0 -3.141592653589793 0.6283185307179586 0.6283185307179586 0.6283185307179586 16.458358556036114 1
0 -3.141592653589793 1.2566370614359172 0.6283185307179586 0.6283185307179586 0.47854821648216905 1
0 -3.141592653589793 1.8849555921538759 0.6283185307179586 0.6283185307179586 12.140400710268407 1
0 -3.141592653589793 2.5132741228718345 0.6283185307179586 0.6283185307179586 5.444103731932531 1
0 -2.5132741228718345 -3.141592653589793 0.6283185307179586 0.6283185307179586 22.198996209790508 1
0 -2.5132741228718345 -2.5132741228718345 0.6283185307179586 0.6283185307179586 11.616402194897212 1
0 -2.5132741228718345 -1.8849555921538759 0.6283185307179586 0.6283185307179586 1.0721502438594293 1
0 -2.5132741228718345 -1.2566370614359172 0.6283185307179586 0.6283185307179586 12.153731334409223 1
0 -2.5132741228718345 -0.6283185307179586 0.6283185307179586 0.6283185307179586 17.71394143985314 1
0 -2.5132741228718345 0.0 0.6283185307179586 0.6283185307179586 15.085807348513711 1
0 -2.5132741228718345 0.6283185307179586 0.6283185307179586 0.6283185307179586 3.467104694798161 1
0 -2.5132741228718345 1.2566370614359172 0.6283185307179586 0.6283185307179586 31.34979161912254 1
0 -2.5132741228718345 1.8849555921538759 0.6283185307179586 0.6283185307179586 10.385163834506667 1
0 -2.5132741228718345 2.5132741228718345 0.6283185307179586 0.6283185307179586 3.0957676468879587 1
0 -1.8849555921538759 -3.141592653589793 0.6283185307179586 0.6283185307179586 28.160401512685173 1
0 -1.8849555921538759 -2.5132741228718345 0.6283185307179586 0.6283185307179586 32.622289404670646 1
0 -1.8849555921538759 -1.8849555921538759 0.6283185307179586 0.6283185307179586 33.408944740011414 1
0 -1.8849555921538759 -1.2566370614359172 0.6283185307179586 0.6283185307179586 2.2212019384813875 1
0 -1.8849555921538759 -0.6283185307179586 0.6283185307179586 0.6283185307179586 1.8157231195616277 1
0 -1.8849555921538759 0.0 0.6283185307179586 0.6283185307179586 16.35369282872699 1
0 -1.8849555921538759 0.6283185307179586 0.6283185307179586 0.6283185307179586 1.9815911344231991 1
0 -1.8849555921538759 1.2566370614359172 0.6283185307179586 0.6283185307179586 21.744260041833186 1
0 -1.8849555921538759 1.8849555921538759 0.6283185307179586 0.6283185307179586 24.630997308056394 1
0 -1.8849555921538759 2.5132741228718345 0.6283185307179586 0.6283185307179586 32.689940348187726 1
0 -1.2566370614359172 -3.141592653589793 0.6283185307179586 0.6283185307179586 16.57992244212792 1
0 -1.2566370614359172 -2.5132741228718345 0.6283185307179586 0.6283185307179586 22.95899599796818 1
0 -1.2566370614359172 -1.8849555921538759 0.6283185307179586 0.6283185307179586 22.45127056735913 1
0 -1.2566370614359172 -1.2566370614359172 0.6283185307179586 0.6283185307179586 0.1475741203010239 1
0 -1.2566370614359172 -0.6283185307179586 0.6283185307179586 0.6283185307179586 19.34032765293023 1
0 -1.2566370614359172 0.0 0.6283185307179586 0.6283185307179586 20.105009147881862 1
0 -1.2566370614359172 0.6283185307179586 0.6283185307179586 0.6283185307179586 21.752052279121802 1
0 -1.2566370614359172 1.2566370614359172 0.6283185307179586 0.6283185307179586 21.248574091492706 1
0 -1.2566370614359172 1.8849555921538759 0.6283185307179586 0.6283185307179586 24.584156810292974 1
0 -1.2566370614359172 2.5132741228718345 0.6283185307179586 0.6283185307179586 14.00462006424912 1
0 -0.6283185307179586 -3.141592653589793 0.6283185307179586 0.6283185307179586 22.40122780336104 1
0 -0.6283185307179586 -2.5132741228718345 0.6283185307179586 0.6283185307179586 16.76092399072961 1
0 -0.6283185307179586 -1.8849555921538759 0.6283185307179586 0.6283185307179586 4.381837545228852 1
0 -0.6283185307179586 -1.2566370614359172 0.6283185307179586 0.6283185307179586 20.124961502169015 1
0 -0.6283185307179586 -0.6283185307179586 0.6283185307179586 0.6283185307179586 29.312768106281677 1
0 -0.6283185307179586 0.0 0.6283185307179586 0.6283185307179586 3.7195084283035236 1
0 -0.6283185307179586 0.6283185307179586 0.6283185307179586 0.6283185307179586 2.6272017500629308 1
0 -0.6283185307179586 1.2566370614359172 0.6283185307179586 0.6283185307179586 19.315003897402704 1
0 -0.6283185307179586 1.8849555921538759 0.6283185307179586 0.6283185307179586 8.672382223335696 1
0 -0.6283185307179586 2.5132741228718345 0.6283185307179586 0.6283185307179586 28.60201380450973 1
0 0.0 -3.141592653589793 0.6283185307179586 0.6283185307179586 28.071545777116818 1
0 0.0 -2.5132741228718345 0.6283185307179586 0.6283185307179586 18.84080642870788 1
0 0.0 -1.8849555921538759 0.6283185307179586 0.6283185307179586 15.328235595267127 1
0 0.0 -1.2566370614359172 0.6283185307179586 0.6283185307179586 15.609699305144137 1
0 0.0 -0.6283185307179586 0.6283185307179586 0.6283185307179586 18.701299426422818 1
0 0.0 0.0 0.6283185307179586 0.6283185307179586 4.797235454279074 1
0 0.0 0.6283185307179586 0.6283185307179586 0.6283185307179586 0.22108781524970955 1
0 0.0 1.2566370614359172 0.6283185307179586 0.6283185307179586 6.810347529499823 1
0 0.0 1.8849555921538759 0.6283185307179586 0.6283185307179586 30.54624707345613 1
0 0.0 2.5132741228718345 0.6283185307179586 0.6283185307179586 15.771219468754758 1
0 0.6283185307179586 -3.141592653589793 0.6283185307179586 0.6283185307179586 32.47605524570834 1
0 0.6283185307179586 -2.5132741228718345 0.6283185307179586 0.6283185307179586 13.88193938182371 1
0 0.6283185307179586 -1.8849555921538759 0.6283185307179586 0.6283185307179586 21.98703771775457 1
0 0.6283185307179586 -1.2566370614359172 0.6283185307179586 0.6283185307179586 20.0777271953678 1
0 0.6283185307179586 -0.6283185307179586 0.6283185307179586 0.6283185307179586 4.641108165236918 1
0 0.6283185307179586 0.0 0.6283185307179586 0.6283185307179586 4.794869616892407 1
0 0.6283185307179586 0.6283185307179586 0.6283185307179586 0.6283185307179586 3.0009351087145664 1
0 0.6283185307179586 1.2566370614359172 0.6283185307179586 0.6283185307179586 33.62093017633305 1
0 0.6283185307179586 1.8849555921538759 0.6283185307179586 0.6283185307179586 7.3151591847724 1
0 0.6283185307179586 2.5132741228718345 0.6283185307179586 0.6283185307179586 16.128107380500857 1
0 1.2566370614359172 -3.141592653589793 0.6283185307179586 0.6283185307179586 10.634413013314882 1
0 1.2566370614359172 -2.5132741228718345 0.6283185307179586 0.6283185307179586 7.165996768415637 1
0 1.2566370614359172 -1.8849555921538759 0.6283185307179586 0.6283185307179586 14.55324523622165 1
0 1.2566370614359172 -1.2566370614359172 0.6283185307179586 0.6283185307179586 14.958680748532602 1
0 1.2566370614359172 -0.6283185307179586 0.6283185307179586 0.6283185307179586 23.533404036195293 1
0 1.2566370614359172 0.0 0.6283185307179586 0.6283185307179586 1.1067124829306074 1
0 1.2566370614359172 0.6283185307179586 0.6283185307179586 0.6283185307179586 26.681607299724075 1
0 1.2566370614359172 1.2566370614359172 0.6283185307179586 0.6283185307179586 0.0 1
0 1.2566370614359172 1.8849555921538759 0.6283185307179586 0.6283185307179586 14.255900603875922 1
0 1.2566370614359172 2.5132741228718345 0.6283185307179586 0.6283185307179586 19.441304280138567 1
0 1.8849555921538759 -3.141592653589793 0.6283185307179586 0.6283185307179586 8.584060551479954 1
0 1.8849555921538759 -2.5132741228718345 0.6283185307179586 0.6283185307179586 19.221422962184004 1
0 1.8849555921538759 -1.8849555921538759 0.6283185307179586 0.6283185307179586 31.72797933451804 1
0 1.8849555921538759 -1.2566370614359172 0.6283185307179586 0.6283185307179586 2.1091865440344773 1
0 1.8849555921538759 -0.6283185307179586 0.6283185307179586 0.6283185307179586 36.495639957973204 1
0 1.8849555921538759 0.0 0.6283185307179586 0.6283185307179586 13.434564958735422 1
0 1.8849555921538759 0.6283185307179586 0.6283185307179586 0.6283185307179586 3.996246715805074 1
0 1.8849555921538759 1.2566370614359172 0.6283185307179586 0.6283185307179586 18.55247993818634 1
0 1.8849555921538759 1.8849555921538759 0.6283185307179586 0.6283185307179586 7.527363022583709 1
0 1.8849555921538759 2.5132741228718345 0.6283185307179586 0.6283185307179586 8.06207925650828 1
0 2.5132741228718345 -3.141592653589793 0.6283185307179586 0.6283185307179586 10.128952112739437 1
0 2.5132741228718345 -2.5132741228718345 0.6283185307179586 0.6283185307179586 0.0 1
0 2.5132741228718345 -1.8849555921538759 0.6283185307179586 0.6283185307179586 4.802171376877242 1
0 2.5132741228718345 -1.2566370614359172 0.6283185307179586 0.6283185307179586 0.0 1
0 2.5132741228718345 -0.6283185307179586 0.6283185307179586 0.6283185307179586 4.655604366828913 1
0 2.5132741228718345 0.0 0.6283185307179586 0.6283185307179586 26.612532569611194 1
0 2.5132741228718345 0.6283185307179586 0.6283185307179586 0.6283185307179586 3.3708373104458405 1
0 2.5132741228718345 1.2566370614359172 0.6283185307179586 0.6283185307179586 29.90807894107361 1
0 2.5132741228718345 1.8849555921538759 0.6283185307179586 0.6283185307179586 8.21639166448293 1
0 2.5132741228718345 2.5132741228718345 0.6283185307179586 0.6283185307179586 12.725609524040129 1
