#! FIELDS time phi psi sigma_phi sigma_psi height biasf
                        #! SET multivariate false
                        #! SET kerneltype stretched-gaussian
                        #! SET min_phi -pi
                        #! SET max_phi pi
                        #! SET min_psi -pi
                        #! SET max_psi pi
0 -3.141592653589793 -3.141592653589793 0.6283185307179586 0.6283185307179586 8.952860234397303 1
0 -3.141592653589793 -2.5132741228718345 0.6283185307179586 0.6283185307179586 0.28298129592230925 1
0 -3.141592653589793 -1.8849555921538759 0.6283185307179586 0.6283185307179586 8.560619335371143 1
0 -3.141592653589793 -1.2566370614359172 0.6283185307179586 0.6283185307179586 6.086754278277266 1
0 -3.141592653589793 -0.6283185307179586 0.6283185307179586 0.6283185307179586 8.351420912397879 1
0 -3.141592653589793 0.0 0.6283185307179586 0.6283185307179586 12.98740368246596 1
0 -3.141592653589793 0.6283185307179586 0.6283185307179586 0.6283185307179586 11.148528266356571 1
0 -3.141592653589793 1.2566370614359172 0.6283185307179586 0.6283185307179586 7.532931285725894 1
0 -3.141592653589793 1.8849555921538759 0.6283185307179586 0.6283185307179586 25.560208626088635 1
0 -3.141592653589793 2.5132741228718345 0.6283185307179586 0.6283185307179586 3.871843438358057 1
0 -2.5132741228718345 -3.141592653589793 0.6283185307179586 0.6283185307179586 11.393098553296223 1
0 -2.5132741228718345 -2.5132741228718345 0.6283185307179586 0.6283185307179586 12.899885327289482 1
0 -2.5132741228718345 -1.8849555921538759 0.6283185307179586 0.6283185307179586 15.745965240366829 1
0 -2.5132741228718345 -1.2566370614359172 0.6283185307179586 0.6283185307179586 21.370653019151167 1
0 -2.5132741228718345 -0.6283185307179586 0.6283185307179586 0.6283185307179586 22.307720366674708 1
0 -2.5132741228718345 0.0 0.6283185307179586 0.6283185307179586 18.30678033971017 1
0 -2.5132741228718345 0.6283185307179586 0.6283185307179586 0.6283185307179586 7.3706358629739395 1
0 -2.5132741228718345 1.2566370614359172 0.6283185307179586 0.6283185307179586 25.632285481904983 1
0 -2.5132741228718345 1.8849555921538759 0.6283185307179586 0.6283185307179586 17.83750850737776 1
0 -2.5132741228718345 2.5132741228718345 0.6283185307179586 0.6283185307179586 15.689445303365916 1
0 -1.8849555921538759 -3.141592653589793 0.6283185307179586 0.6283185307179586 18.725108136894686 1
0 -1.8849555921538759 -2.5132741228718345 0.6283185307179586 0.6283185307179586 27.644317266857946 1
0 -1.8849555921538759 -1.8849555921538759 0.6283185307179586 0.6283185307179586 23.432967199632568 1
0 -1.8849555921538759 -1.2566370614359172 0.6283185307179586 0.6283185307179586 14.525000576423375 1
0 -1.8849555921538759 -0.6283185307179586 0.6283185307179586 0.6283185307179586 0.0 1
0 -1.8849555921538759 0.0 0.6283185307179586 0.6283185307179586 19.916095772578366 1
0 -1.8849555921538759 0.6283185307179586 0.6283185307179586 0.6283185307179586 0.0 1
0 -1.8849555921538759 1.2566370614359172 0.6283185307179586 0.6283185307179586 23.80552591481922 1
0 -1.8849555921538759 1.8849555921538759 0.6283185307179586 0.6283185307179586 40.0 1
0 -1.8849555921538759 2.5132741228718345 0.6283185307179586 0.6283185307179586 27.45122487734062 1
0 -1.2566370614359172 -3.141592653589793 0.6283185307179586 0.6283185307179586 14.22997077693207 1
0 -1.2566370614359172 -2.5132741228718345 0.6283185307179586 0.6283185307179586 22.84004026889921 1
0 -1.2566370614359172 -1.8849555921538759 0.6283185307179586 0.6283185307179586 14.428700179300161 1
0 -1.2566370614359172 -1.2566370614359172 0.6283185307179586 0.6283185307179586 1.3664911537703244 1
0 -1.2566370614359172 -0.6283185307179586 0.6283185307179586 0.6283185307179586 16.660456123709587 1
0 -1.2566370614359172 0.0 0.6283185307179586 0.6283185307179586 11.244367911792502 1
0 -1.2566370614359172 0.6283185307179586 0.6283185307179586 0.6283185307179586 39.07982575451067 1
0 -1.2566370614359172 1.2566370614359172 0.6283185307179586 0.6283185307179586 20.52010927148596 1
0 -1.2566370614359172 1.8849555921538759 0.6283185307179586 0.6283185307179586 34.87845827385172 1
0 -1.2566370614359172 2.5132741228718345 0.6283185307179586 0.6283185307179586 17.54750364486918 1
0 -0.6283185307179586 -3.141592653589793 0.6283185307179586 0.6283185307179586 23.574878658399786 1
0 -0.6283185307179586 -2.5132741228718345 0.6283185307179586 0.6283185307179586 12.224226290933515 1
0 -0.6283185307179586 -1.8849555921538759 0.6283185307179586 0.6283185307179586 8.989447036469022 1
0 -0.6283185307179586 -1.2566370614359172 0.6283185307179586 0.6283185307179586 0.0 1
0 -0.6283185307179586 -0.6283185307179586 0.6283185307179586 0.6283185307179586 18.343763156418053 1
0 -0.6283185307179586 0.0 0.6283185307179586 0.6283185307179586 0.0 1
0 -0.6283185307179586 0.6283185307179586 0.6283185307179586 0.6283185307179586 0.9666770143036839 1
0 -0.6283185307179586 1.2566370614359172 0.6283185307179586 0.6283185307179586 24.946222504525927 1
0 -0.6283185307179586 1.8849555921538759 0.6283185307179586 0.6283185307179586 9.0532761345667 1
0 -0.6283185307179586 2.5132741228718345 0.6283185307179586 0.6283185307179586 23.51408966145552 1
0 0.0 -3.141592653589793 0.6283185307179586 0.6283185307179586 23.414310464617937 1
0 0.0 -2.5132741228718345 0.6283185307179586 0.6283185307179586 12.334843137041076 1
0 0.0 -1.8849555921538759 0.6283185307179586 0.6283185307179586 11.146523519524315 1
0 0.0 -1.2566370614359172 0.6283185307179586 0.6283185307179586 8.292026530660646 1
0 0.0 -0.6283185307179586 0.6283185307179586 0.6283185307179586 24.969088241061353 1
0 0.0 0.0 0.6283185307179586 0.6283185307179586 1.4652750504021133 1
0 0.0 0.6283185307179586 0.6283185307179586 0.6283185307179586 5.987041423295052 1
0 0.0 1.2566370614359172 0.6283185307179586 0.6283185307179586 3.1955635358985095 1
0 0.0 1.8849555921538759 0.6283185307179586 0.6283185307179586 36.32532487621337 1
0 0.0 2.5132741228718345 0.6283185307179586 0.6283185307179586 16.458073132686856 1
0 0.6283185307179586 -3.141592653589793 0.6283185307179586 0.6283185307179586 30.71362301782524 1
0 0.6283185307179586 -2.5132741228718345 0.6283185307179586 0.6283185307179586 12.653450904085316 1
0 0.6283185307179586 -1.8849555921538759 0.6283185307179586 0.6283185307179586 22.62478337706168 1
0 0.6283185307179586 -1.2566370614359172 0.6283185307179586 0.6283185307179586 4.9354744233167835 1
0 0.6283185307179586 -0.6283185307179586 0.6283185307179586 0.6283185307179586 9.811305890994493 1
0 0.6283185307179586 0.0 0.6283185307179586 0.6283185307179586 9.247575963685705 1
0 0.6283185307179586 0.6283185307179586 0.6283185307179586 0.6283185307179586 23.872649339961512 1
0 0.6283185307179586 1.2566370614359172 0.6283185307179586 0.6283185307179586 12.004387075583068 1
0 0.6283185307179586 1.8849555921538759 0.6283185307179586 0.6283185307179586 3.549098810297383 1
0 0.6283185307179586 2.5132741228718345 0.6283185307179586 0.6283185307179586 1.4198551961535353 1
0 1.2566370614359172 -3.141592653589793 0.6283185307179586 0.6283185307179586 33.20443558550089 1
0 1.2566370614359172 -2.5132741228718345 0.6283185307179586 0.6283185307179586 14.458502910587223 1
0 1.2566370614359172 -1.8849555921538759 0.6283185307179586 0.6283185307179586 15.479367406693484 1
0 1.2566370614359172 -1.2566370614359172 0.6283185307179586 0.6283185307179586 15.816115055988659 1
0 1.2566370614359172 -0.6283185307179586 0.6283185307179586 0.6283185307179586 13.524061289108637 1
0 1.2566370614359172 0.0 0.6283185307179586 0.6283185307179586 9.38237235870723 1
0 1.2566370614359172 0.6283185307179586 0.6283185307179586 0.6283185307179586 31.710485325326115 1
0 1.2566370614359172 1.2566370614359172 0.6283185307179586 0.6283185307179586 1.6856786192476658 1
0 1.2566370614359172 1.8849555921538759 0.6283185307179586 0.6283185307179586 20.020354385007103 1
0 1.2566370614359172 2.5132741228718345 0.6283185307179586 0.6283185307179586 4.557916314895577 1
0 1.8849555921538759 -3.141592653589793 0.6283185307179586 0.6283185307179586 1.8929050099909892 1
0 1.8849555921538759 -2.5132741228718345 0.6283185307179586 0.6283185307179586 18.96549461781886 1
0 1.8849555921538759 -1.8849555921538759 0.6283185307179586 0.6283185307179586 22.610222785189805 1
0 1.8849555921538759 -1.2566370614359172 0.6283185307179586 0.6283185307179586 10.942824679639958 1
0 1.8849555921538759 -0.6283185307179586 0.6283185307179586 0.6283185307179586 27.3992555409834 1
0 1.8849555921538759 0.0 0.6283185307179586 0.6283185307179586 1.534851755499771 1
0 1.8849555921538759 0.6283185307179586 0.6283185307179586 0.6283185307179586 3.6601519708271466 1
0 1.8849555921538759 1.2566370614359172 0.6283185307179586 0.6283185307179586 28.33051183640741 1
0 1.8849555921538759 1.8849555921538759 0.6283185307179586 0.6283185307179586 0.2376446178191607 1
0 1.8849555921538759 2.5132741228718345 0.6283185307179586 0.6283185307179586 11.802929191830255 1
0 2.5132741228718345 -3.141592653589793 0.6283185307179586 0.6283185307179586 23.180816740536024 1
0 2.5132741228718345 -2.5132741228718345 0.6283185307179586 0.6283185307179586 4.10746563405298 1
0 2.5132741228718345 -1.8849555921538759 0.6283185307179586 0.6283185307179586 8.269078468481924 1
0 2.5132741228718345 -1.2566370614359172 0.6283185307179586 0.6283185307179586 5.985105767494547 1
0 2.5132741228718345 -0.6283185307179586 0.6283185307179586 0.6283185307179586 7.411554234325223 1
0 2.5132741228718345 0.0 0.6283185307179586 0.6283185307179586 10.344704012131102 1
0 2.5132741228718345 0.6283185307179586 0.6283185307179586 0.6283185307179586 9.724739761070582 1
0 2.5132741228718345 1.2566370614359172 0.6283185307179586 0.6283185307179586 32.851556579444704 1
0 2.5132741228718345 1.8849555921538759 0.6283185307179586 0.6283185307179586 12.059679305585242 1
0 2.5132741228718345 2.5132741228718345 0.6283185307179586 0.6283185307179586 17.160966675685707 1
