#! FIELDS time phi psi sigma_phi sigma_psi height biasf
                        #! SET multivariate false
                        #! SET kerneltype stretched-gaussian
                        #! SET min_phi -pi
                        #! SET max_phi pi
                        #! SET min_psi -pi
                        #! SET max_psi pi
0 -3.141592653589793 -3.141592653589793 0.6283185307179586 0.6283185307179586 17.9582580068263 1
0 -3.141592653589793 -2.5132741228718345 0.6283185307179586 0.6283185307179586 4.861876338386688 1
0 -3.141592653589793 -1.8849555921538759 0.6283185307179586 0.6283185307179586 0.0 1
0 -3.141592653589793 -1.2566370614359172 0.6283185307179586 0.6283185307179586 14.9643237816923 1
0 -3.141592653589793 -0.6283185307179586 0.6283185307179586 0.6283185307179586 7.903539571049242 1
0 -3.141592653589793 0.0 0.6283185307179586 0.6283185307179586 20.26846325735025 1
0 -3.141592653589793 0.6283185307179586 0.6283185307179586 0.6283185307179586 4.371309538368342 1
0 -3.141592653589793 1.2566370614359172 0.6283185307179586 0.6283185307179586 7.975046008835973 1
0 -3.141592653589793 1.8849555921538759 0.6283185307179586 0.6283185307179586 10.511730296891212 1
0 -3.141592653589793 2.5132741228718345 0.6283185307179586 0.6283185307179586 16.155933338359986 1
0 -2.5132741228718345 -3.141592653589793 0.6283185307179586 0.6283185307179586 11.058749160188357 1
0 -2.5132741228718345 -2.5132741228718345 0.6283185307179586 0.6283185307179586 14.081193015940567 1
0 -2.5132741228718345 -1.8849555921538759 0.6283185307179586 0.6283185307179586 23.011153553850306 1
0 -2.5132741228718345 -1.2566370614359172 0.6283185307179586 0.6283185307179586 18.808186933366663 1
0 -2.5132741228718345 -0.6283185307179586 0.6283185307179586 0.6283185307179586 23.826232055272637 1
0 -2.5132741228718345 0.0 0.6283185307179586 0.6283185307179586 13.494532024063268 1
0 -2.5132741228718345 0.6283185307179586 0.6283185307179586 0.6283185307179586 8.137302568165406 1
0 -2.5132741228718345 1.2566370614359172 0.6283185307179586 0.6283185307179586 17.786234407512683 1
0 -2.5132741228718345 1.8849555921538759 0.6283185307179586 0.6283185307179586 33.73674822735726 1
0 -2.5132741228718345 2.5132741228718345 0.6283185307179586 0.6283185307179586 14.83775137587022 1
0 -1.8849555921538759 -3.141592653589793 0.6283185307179586 0.6283185307179586 37.19594177206397 1
0 -1.8849555921538759 -2.5132741228718345 0.6283185307179586 0.6283185307179586 33.324198590501396 1
0 -1.8849555921538759 -1.8849555921538759 0.6283185307179586 0.6283185307179586 11.388742182418653 1
0 -1.8849555921538759 -1.2566370614359172 0.6283185307179586 0.6283185307179586 23.59510077282834 1
0 -1.8849555921538759 -0.6283185307179586 0.6283185307179586 0.6283185307179586 24.98969348083801 1
0 -1.8849555921538759 0.0 0.6283185307179586 0.6283185307179586 18.061743549131812 1
0 -1.8849555921538759 0.6283185307179586 0.6283185307179586 0.6283185307179586 3.4100730623405004 1
0 -1.8849555921538759 1.2566370614359172 0.6283185307179586 0.6283185307179586 30.044549893787096 1
0 -1.8849555921538759 1.8849555921538759 0.6283185307179586 0.6283185307179586 32.26442167242047 1
0 -1.8849555921538759 2.5132741228718345 0.6283185307179586 0.6283185307179586 22.84024348743811 1
0 -1.2566370614359172 -3.141592653589793 0.6283185307179586 0.6283185307179586 8.99067641814595 1
0 -1.2566370614359172 -2.5132741228718345 0.6283185307179586 0.6283185307179586 8.919598083101992 1
0 -1.2566370614359172 -1.8849555921538759 0.6283185307179586 0.6283185307179586 16.13996166763792 1
0 -1.2566370614359172 -1.2566370614359172 0.6283185307179586 0.6283185307179586 18.33899480438222 1
0 -1.2566370614359172 -0.6283185307179586 0.6283185307179586 0.6283185307179586 24.446921541824153 1
0 -1.2566370614359172 0.0 0.6283185307179586 0.6283185307179586 8.711892365046523 1
0 -1.2566370614359172 0.6283185307179586 0.6283185307179586 0.6283185307179586 31.072074883335674 1
0 -1.2566370614359172 1.2566370614359172 0.6283185307179586 0.6283185307179586 7.830004260692662 1
0 -1.2566370614359172 1.8849555921538759 0.6283185307179586 0.6283185307179586 12.815409114991986 1
0 -1.2566370614359172 2.5132741228718345 0.6283185307179586 0.6283185307179586 24.373461506054593 1
0 -0.6283185307179586 -3.141592653589793 0.6283185307179586 0.6283185307179586 13.265521809986883 1
0 -0.6283185307179586 -2.5132741228718345 0.6283185307179586 0.6283185307179586 18.25548518200124 1
0 -0.6283185307179586 -1.8849555921538759 0.6283185307179586 0.6283185307179586 7.810792231504286 1
0 -0.6283185307179586 -1.2566370614359172 0.6283185307179586 0.6283185307179586 10.525073255848712 1
0 -0.6283185307179586 -0.6283185307179586 0.6283185307179586 0.6283185307179586 30.54794228728052 1
0 -0.6283185307179586 0.0 0.6283185307179586 0.6283185307179586 1.1495240113657381 1
0 -0.6283185307179586 0.6283185307179586 0.6283185307179586 0.6283185307179586 6.805385745871641 1
0 -0.6283185307179586 1.2566370614359172 0.6283185307179586 0.6283185307179586 34.76283760765137 1
0 -0.6283185307179586 1.8849555921538759 0.6283185307179586 0.6283185307179586 10.394805449484565 1
0 -0.6283185307179586 2.5132741228718345 0.6283185307179586 0.6283185307179586 16.719023330737635 1
0 0.0 -3.141592653589793 0.6283185307179586 0.6283185307179586 33.94539103333954 1
0 0.0 -2.5132741228718345 0.6283185307179586 0.6283185307179586 16.213403796087224 1
0 0.0 -1.8849555921538759 0.6283185307179586 0.6283185307179586 18.20757847437559 1
0 0.0 -1.2566370614359172 0.6283185307179586 0.6283185307179586 11.466447721813509 1
0 0.0 -0.6283185307179586 0.6283185307179586 0.6283185307179586 20.01385300922258 1
0 0.0 0.0 0.6283185307179586 0.6283185307179586 35.12392215095264 1
0 0.0 0.6283185307179586 0.6283185307179586 0.6283185307179586 5.040959479837823 1
0 0.0 1.2566370614359172 0.6283185307179586 0.6283185307179586 2.8313189297268253 1
0 0.0 1.8849555921538759 0.6283185307179586 0.6283185307179586 27.709862138129036 1
0 0.0 2.5132741228718345 0.6283185307179586 0.6283185307179586 7.6836098851668515 1
0 0.6283185307179586 -3.141592653589793 0.6283185307179586 0.6283185307179586 23.237626727197707 1
0 0.6283185307179586 -2.5132741228718345 0.6283185307179586 0.6283185307179586 12.763667492995548 1
0 0.6283185307179586 -1.8849555921538759 0.6283185307179586 0.6283185307179586 10.83847350137267 1
0 0.6283185307179586 -1.2566370614359172 0.6283185307179586 0.6283185307179586 8.070279399096348 1
0 0.6283185307179586 -0.6283185307179586 0.6283185307179586 0.6283185307179586 1.8937710924379156 1
0 0.6283185307179586 0.0 0.6283185307179586 0.6283185307179586 11.136268556879486 1
0 0.6283185307179586 0.6283185307179586 0.6283185307179586 0.6283185307179586 11.16525668872105 1
0 0.6283185307179586 1.2566370614359172 0.6283185307179586 0.6283185307179586 34.59841382272239 1
0 0.6283185307179586 1.8849555921538759 0.6283185307179586 0.6283185307179586 17.879053633947255 1
0 0.6283185307179586 2.5132741228718345 0.6283185307179586 0.6283185307179586 9.491431986010385 1
0 1.2566370614359172 -3.141592653589793 0.6283185307179586 0.6283185307179586 40.0 1
0 1.2566370614359172 -2.5132741228718345 0.6283185307179586 0.6283185307179586 6.957468762529144 1
0 1.2566370614359172 -1.8849555921538759 0.6283185307179586 0.6283185307179586 18.378206968835897 1
0 1.2566370614359172 -1.2566370614359172 0.6283185307179586 0.6283185307179586 33.50508145735143 1
0 1.2566370614359172 -0.6283185307179586 0.6283185307179586 0.6283185307179586 12.150064170659357 1
0 1.2566370614359172 0.0 0.6283185307179586 0.6283185307179586 35.91007821012543 1
0 1.2566370614359172 0.6283185307179586 0.6283185307179586 0.6283185307179586 20.893221029389245 1
0 1.2566370614359172 1.2566370614359172 0.6283185307179586 0.6283185307179586 9.213288759547694 1
0 1.2566370614359172 1.8849555921538759 0.6283185307179586 0.6283185307179586 14.661054005187744 1
0 1.2566370614359172 2.5132741228718345 0.6283185307179586 0.6283185307179586 11.233160379646744 1
0 1.8849555921538759 -3.141592653589793 0.6283185307179586 0.6283185307179586 13.415393932743422 1
0 1.8849555921538759 -2.5132741228718345 0.6283185307179586 0.6283185307179586 30.385890644108912 1
0 1.8849555921538759 -1.8849555921538759 0.6283185307179586 0.6283185307179586 33.13237086930549 1
0 1.8849555921538759 -1.2566370614359172 0.6283185307179586 0.6283185307179586 21.31629200308091 1
0 1.8849555921538759 -0.6283185307179586 0.6283185307179586 0.6283185307179586 23.273873757000505 1
0 1.8849555921538759 0.0 0.6283185307179586 0.6283185307179586 18.200839137059976 1
0 1.8849555921538759 0.6283185307179586 0.6283185307179586 0.6283185307179586 7.342267481731544 1
0 1.8849555921538759 1.2566370614359172 0.6283185307179586 0.6283185307179586 11.023038974836705 1
0 1.8849555921538759 1.8849555921538759 0.6283185307179586 0.6283185307179586 5.053729838256909 1
0 1.8849555921538759 2.5132741228718345 0.6283185307179586 0.6283185307179586 7.530297614990377 1
0 2.5132741228718345 -3.141592653589793 0.6283185307179586 0.6283185307179586 0.0 1
0 2.5132741228718345 -2.5132741228718345 0.6283185307179586 0.6283185307179586 3.071266166484744 1
0 2.5132741228718345 -1.8849555921538759 0.6283185307179586 0.6283185307179586 5.345355233404689 1
0 2.5132741228718345 -1.2566370614359172 0.6283185307179586 0.6283185307179586 11.50690117945182 1
0 2.5132741228718345 -0.6283185307179586 0.6283185307179586 0.6283185307179586 2.5825451201911123 1
0 2.5132741228718345 0.0 0.6283185307179586 0.6283185307179586 17.758082789821263 1
0 2.5132741228718345 0.6283185307179586 0.6283185307179586 0.6283185307179586 1.9611690431138347 1
0 2.5132741228718345 1.2566370614359172 0.6283185307179586 0.6283185307179586 18.462363713584732 1
0 2.5132741228718345 1.8849555921538759 0.6283185307179586 0.6283185307179586 17.354728031637407 1
0 2.5132741228718345 2.5132741228718345 0.6283185307179586 0.6283185307179586 5.209627689850974 1
