#! FIELDS time phi psi sigma_phi sigma_psi height biasf
                        #! SET multivariate false
                        #! SET kerneltype stretched-gaussian
                        #! SET min_phi -pi
                        #! SET max_phi pi
                        #! SET min_psi -pi
                        #! SET max_psi pi
0 -3.141592653589793 -3.141592653589793 0.6283185307179586 0.6283185307179586 8.334827990555391 1
0 -3.141592653589793 -2.5132741228718345 0.6283185307179586 0.6283185307179586 10.846855178060707 1
0 -3.141592653589793 -1.8849555921538759 0.6283185307179586 0.6283185307179586 1.7888814182355595 1
0 -3.141592653589793 -1.2566370614359172 0.6283185307179586 0.6283185307179586 8.630815728863666 1
0 -3.141592653589793 -0.6283185307179586 0.6283185307179586 0.6283185307179586 11.760306644663718 1
0 -3.141592653589793 0.0 0.6283185307179586 0.6283185307179586 8.147642351619936 1
0 -3.141592653589793 0.6283185307179586 0.6283185307179586 0.6283185307179586 7.786363300829835 1
0 -3.141592653589793 1.2566370614359172 0.6283185307179586 0.6283185307179586 3.9686027027694113 1
0 -3.141592653589793 1.8849555921538759 0.6283185307179586 0.6283185307179586 4.9566157527500145 1
0 -3.141592653589793 2.5132741228718345 0.6283185307179586 0.6283185307179586 0.8108189297251296 1
0 -2.5132741228718345 -3.141592653589793 0.6283185307179586 0.6283185307179586 15.072120807524882 1
0 -2.5132741228718345 -2.5132741228718345 0.6283185307179586 0.6283185307179586 2.0941100322798465 1
0 -2.5132741228718345 -1.8849555921538759 0.6283185307179586 0.6283185307179586 10.648135652619096 1
0 -2.5132741228718345 -1.2566370614359172 0.6283185307179586 0.6283185307179586 6.245874405520934 1
0 -2.5132741228718345 -0.6283185307179586 0.6283185307179586 0.6283185307179586 0.0 1
0 -2.5132741228718345 0.0 0.6283185307179586 0.6283185307179586 15.332044058671336 1
0 -2.5132741228718345 0.6283185307179586 0.6283185307179586 0.6283185307179586 8.476956806987229 1
0 -2.5132741228718345 1.2566370614359172 0.6283185307179586 0.6283185307179586 13.762297024167076 1
0 -2.5132741228718345 1.8849555921538759 0.6283185307179586 0.6283185307179586 7.41432315471452 1
0 -2.5132741228718345 2.5132741228718345 0.6283185307179586 0.6283185307179586 15.646652664081923 1
0 -1.8849555921538759 -3.141592653589793 0.6283185307179586 0.6283185307179586 10.938370883870546 1
0 -1.8849555921538759 -2.5132741228718345 0.6283185307179586 0.6283185307179586 5.507041439943233 1
0 -1.8849555921538759 -1.8849555921538759 0.6283185307179586 0.6283185307179586 7.4594180213431285 1
0 -1.8849555921538759 -1.2566370614359172 0.6283185307179586 0.6283185307179586 10.45551830343604 1
0 -1.8849555921538759 -0.6283185307179586 0.6283185307179586 0.6283185307179586 0.0 1
0 -1.8849555921538759 0.0 0.6283185307179586 0.6283185307179586 16.74634500396829 1
0 -1.8849555921538759 0.6283185307179586 0.6283185307179586 0.6283185307179586 14.113486312309828 1
0 -1.8849555921538759 1.2566370614359172 0.6283185307179586 0.6283185307179586 10.86750159381074 1
0 -1.8849555921538759 1.8849555921538759 0.6283185307179586 0.6283185307179586 14.349562799350924 1
0 -1.8849555921538759 2.5132741228718345 0.6283185307179586 0.6283185307179586 9.971837585395132 1
0 -1.2566370614359172 -3.141592653589793 0.6283185307179586 0.6283185307179586 21.470035097635833 1
0 -1.2566370614359172 -2.5132741228718345 0.6283185307179586 0.6283185307179586 11.58601676842296 1
0 -1.2566370614359172 -1.8849555921538759 0.6283185307179586 0.6283185307179586 10.696815450263852 1
0 -1.2566370614359172 -1.2566370614359172 0.6283185307179586 0.6283185307179586 11.726595814546071 1
0 -1.2566370614359172 -0.6283185307179586 0.6283185307179586 0.6283185307179586 11.967078474802632 1
0 -1.2566370614359172 0.0 0.6283185307179586 0.6283185307179586 1.461932595391331 1
0 -1.2566370614359172 0.6283185307179586 0.6283185307179586 0.6283185307179586 10.130609183182557 1
0 -1.2566370614359172 1.2566370614359172 0.6283185307179586 0.6283185307179586 8.16184861160957 1
0 -1.2566370614359172 1.8849555921538759 0.6283185307179586 0.6283185307179586 4.9666936078859845 1
0 -1.2566370614359172 2.5132741228718345 0.6283185307179586 0.6283185307179586 3.8863068260033837 1
0 -0.6283185307179586 -3.141592653589793 0.6283185307179586 0.6283185307179586 22.884350532608714 1
0 -0.6283185307179586 -2.5132741228718345 0.6283185307179586 0.6283185307179586 9.680790907786102 1
0 -0.6283185307179586 -1.8849555921538759 0.6283185307179586 0.6283185307179586 0.0 1
0 -0.6283185307179586 -1.2566370614359172 0.6283185307179586 0.6283185307179586 5.632710551925608 1
0 -0.6283185307179586 -0.6283185307179586 0.6283185307179586 0.6283185307179586 15.467732999100416 1
0 -0.6283185307179586 0.0 0.6283185307179586 0.6283185307179586 0.3148506743002919 1
0 -0.6283185307179586 0.6283185307179586 0.6283185307179586 0.6283185307179586 0.0 1
0 -0.6283185307179586 1.2566370614359172 0.6283185307179586 0.6283185307179586 8.242680092776357 1
0 -0.6283185307179586 1.8849555921538759 0.6283185307179586 0.6283185307179586 1.7231515438703666 1
0 -0.6283185307179586 2.5132741228718345 0.6283185307179586 0.6283185307179586 33.51668697197455 1
0 0.0 -3.141592653589793 0.6283185307179586 0.6283185307179586 4.702220535910149 1
0 0.0 -2.5132741228718345 0.6283185307179586 0.6283185307179586 15.468854298894437 1
0 0.0 -1.8849555921538759 0.6283185307179586 0.6283185307179586 0.0 1
0 0.0 -1.2566370614359172 0.6283185307179586 0.6283185307179586 2.828495938408596 1
0 0.0 -0.6283185307179586 0.6283185307179586 0.6283185307179586 15.640722720096946 1
0 0.0 0.0 0.6283185307179586 0.6283185307179586 9.794211979346 1
0 0.0 0.6283185307179586 0.6283185307179586 0.6283185307179586 5.725609084055297 1
0 0.0 1.2566370614359172 0.6283185307179586 0.6283185307179586 6.907483871441577 1
0 0.0 1.8849555921538759 0.6283185307179586 0.6283185307179586 14.708757617972498 1
0 0.0 2.5132741228718345 0.6283185307179586 0.6283185307179586 16.9134777814666 1
0 0.6283185307179586 -3.141592653589793 0.6283185307179586 0.6283185307179586 8.425879779320349 1
0 0.6283185307179586 -2.5132741228718345 0.6283185307179586 0.6283185307179586 11.279494235332223 1
0 0.6283185307179586 -1.8849555921538759 0.6283185307179586 0.6283185307179586 17.301927312218986 1
0 0.6283185307179586 -1.2566370614359172 0.6283185307179586 0.6283185307179586 16.462647725973532 1
0 0.6283185307179586 -0.6283185307179586 0.6283185307179586 0.6283185307179586 5.8915427282824275 1
0 0.6283185307179586 0.0 0.6283185307179586 0.6283185307179586 14.320358774985788 1
0 0.6283185307179586 0.6283185307179586 0.6283185307179586 0.6283185307179586 0.0 1
0 0.6283185307179586 1.2566370614359172 0.6283185307179586 0.6283185307179586 25.652930553016386 1
0 0.6283185307179586 1.8849555921538759 0.6283185307179586 0.6283185307179586 9.023548242084594 1
0 0.6283185307179586 2.5132741228718345 0.6283185307179586 0.6283185307179586 0.0 1
0 1.2566370614359172 -3.141592653589793 0.6283185307179586 0.6283185307179586 18.365137886111825 1
0 1.2566370614359172 -2.5132741228718345 0.6283185307179586 0.6283185307179586 8.453697105325377 1
0 1.2566370614359172 -1.8849555921538759 0.6283185307179586 0.6283185307179586 5.766001364704843 1
0 1.2566370614359172 -1.2566370614359172 0.6283185307179586 0.6283185307179586 0.772222659413881 1
0 1.2566370614359172 -0.6283185307179586 0.6283185307179586 0.6283185307179586 1.5805593689158925 1
0 1.2566370614359172 0.0 0.6283185307179586 0.6283185307179586 5.442153643118692 1
0 1.2566370614359172 0.6283185307179586 0.6283185307179586 0.6283185307179586 9.267819172588357 1
0 1.2566370614359172 1.2566370614359172 0.6283185307179586 0.6283185307179586 24.13746930984248 1
0 1.2566370614359172 1.8849555921538759 0.6283185307179586 0.6283185307179586 9.592900856699778 1
0 1.2566370614359172 2.5132741228718345 0.6283185307179586 0.6283185307179586 6.0554217018238345 1
0 1.8849555921538759 -3.141592653589793 0.6283185307179586 0.6283185307179586 15.593098242863217 1
0 1.8849555921538759 -2.5132741228718345 0.6283185307179586 0.6283185307179586 4.815292551508456 1
0 1.8849555921538759 -1.8849555921538759 0.6283185307179586 0.6283185307179586 17.20751948345118 1
0 1.8849555921538759 -1.2566370614359172 0.6283185307179586 0.6283185307179586 6.486382359900443 1
0 1.8849555921538759 -0.6283185307179586 0.6283185307179586 0.6283185307179586 5.982932827771197 1
0 1.8849555921538759 0.0 0.6283185307179586 0.6283185307179586 10.973612995238069 1
0 1.8849555921538759 0.6283185307179586 0.6283185307179586 0.6283185307179586 16.3414652481167 1
0 1.8849555921538759 1.2566370614359172 0.6283185307179586 0.6283185307179586 12.919445559790535 1
0 1.8849555921538759 1.8849555921538759 0.6283185307179586 0.6283185307179586 19.09560032210038 1
0 1.8849555921538759 2.5132741228718345 0.6283185307179586 0.6283185307179586 4.277987699401455 1
0 2.5132741228718345 -3.141592653589793 0.6283185307179586 0.6283185307179586 25.44798429450335 1
0 2.5132741228718345 -2.5132741228718345 0.6283185307179586 0.6283185307179586 9.673879524572634 1
0 2.5132741228718345 -1.8849555921538759 0.6283185307179586 0.6283185307179586 8.776073274624714 1
0 2.5132741228718345 -1.2566370614359172 0.6283185307179586 0.6283185307179586 16.293919225763652 1
0 2.5132741228718345 -0.6283185307179586 0.6283185307179586 0.6283185307179586 4.321471689274717 1
0 2.5132741228718345 0.0 0.6283185307179586 0.6283185307179586 18.302946855111607 1
0 2.5132741228718345 0.6283185307179586 0.6283185307179586 0.6283185307179586 4.917243385942159 1
0 2.5132741228718345 1.2566370614359172 0.6283185307179586 0.6283185307179586 7.623331960507548 1
0 2.5132741228718345 1.8849555921538759 0.6283185307179586 0.6283185307179586 20.27193852117618 1
0 2.5132741228718345 2.5132741228718345 0.6283185307179586 0.6283185307179586 0.0 1
