#! FIELDS time phi psi sigma_phi sigma_psi height biasf
                        #! SET multivariate false
                        #! SET kerneltype stretched-gaussian
                        #! SET min_phi -pi
                        #! SET max_phi pi
                        #! SET min_psi -pi
                        #! SET max_psi pi
0 0.7247312192522064 2.395629612447542 0.35 0.35 1.2 1
0 -0.43529686757137087 0.7828875301407177 0.35 0.35 1.2 1
0 3.141592653589793 -0.8157406278041653 0.35 0.35 1.2 1
0 -1.761334540432439 -0.28267327211817134 0.35 0.35 1.2 1
0 0.7057786978892109 1.8540662812050253 0.35 0.35 1.2 1
0 3.141592653589793 -0.7713302233429469 0.35 0.35 1.2 1
0 1.8812744149701754 0.3005628904722917 0.35 0.35 1.2 1
0 0.07588923448945076 -0.6966856461473441 0.35 0.35 1.2 1
0 2.2381627528815375 1.1396365167297586 0.35 0.35 1.2 1
0 -2.1124853527755847 0.004150087689589577 0.35 0.35 1.2 1
0 1.0924037374117066 -0.520447572437335 0.35 0.35 1.2 1
0 -1.5313078090816388 0.8227270791057597 0.35 0.35 1.2 1
0 -3.141592653589793 -1.9322389010367251 0.35 0.35 1.2 1
0 1.9499700747235327 1.0342756322300652 0.35 0.35 1.2 1
0 -0.13597994351060927 0.8983277016566715 0.35 0.35 1.2 1
0 1.1438977862158524 -0.5131995230150241 0.35 0.35 1.2 1
0 1.5044397987867448 3.141592653589793 0.35 0.35 1.2 1
0 -0.42244085455050673 -0.22105067023835895 0.35 0.35 1.2 1
0 -1.6810856757482247 -3.030112956314248 0.35 0.35 1.2 1
0 1.2771293207792789 -1.1650760187242661 0.35 0.35 1.2 1
0 2.5773717777010656 -1.9840927729001112 0.35 0.35 1.2 1
0 2.542427645171194 -0.3012219729587524 0.35 0.35 1.2 1
0 3.141592653589793 -0.8754604931665506 0.35 0.35 1.2 1
0 -2.1483676097480533 3.141592653589793 0.35 0.35 1.2 1
0 2.711001747506043 1.4430866000085787 0.35 0.35 1.2 1
0 -1.1359262313113057 0.06325914291627543 0.35 0.35 1.2 1
0 2.151083731300512 1.5152086173425052 0.35 0.35 1.2 1
0 -2.2649691545657378 3.0250034005120474 0.35 0.35 1.2 1
0 -0.2044398102984437 -0.16089411169227896 0.35 0.35 1.2 1
0 -2.0845312565661183 1.1471179624233465 0.35 0.35 1.2 1
0 2.2807828496880527 -1.5962953527990096 0.35 0.35 1.2 1
0 -2.2073878594218517 -0.6866818600485421 0.35 0.35 1.2 1
0 0.7483054642675876 -0.35621746635615276 0.35 0.35 1.2 1
0 2.6857599612210414 -3.141592653589793 0.35 0.35 1.2 1
0 -0.22960509573111043 1.456382723337609 0.35 0.35 1.2 1
0 -0.48973780765791775 3.0223265357668323 0.35 0.35 1.2 1
0 0.36256646139925597 -2.1805701024407322 0.35 0.35 1.2 1
0 0.9655767031625352 -1.0036176592785435 0.35 0.35 1.2 1
0 2.1598640481744016 0.2373046063544828 0.35 0.35 1.2 1
0 -0.9689921240037676 0.6083978590610121 0.35 0.35 1.2 1
0 -1.7263389872524098 0.054348392101665866 0.35 0.35 1.2 1
0 -0.33688587993599156 -1.1572028050356225 0.35 0.35 1.2 1
0 1.6426881873644095 0.09750352548981556 0.35 0.35 1.2 1
0 0.7062071893228984 -1.0120392140037846 0.35 0.35 1.2 1
0 0.7887937146395163 2.5650939893079583 0.35 0.35 1.2 1
0 -0.6493761711669732 0.14964877641600444 0.35 0.35 1.2 1
0 1.493325546065825 -2.001527674286789 0.35 0.35 1.2 1
0 -3.141592653589793 1.723106696236904 0.35 0.35 1.2 1
0 -2.1058901820762803 -0.559655153685072 0.35 0.35 1.2 1
0 0.5612707853863586 1.0926469744769107 0.35 0.35 1.2 1
0 0.31551644645243 -2.1899389348856455 0.35 0.35 1.2 1
0 -0.9922718526672651 -1.9441358845059078 0.35 0.35 1.2 1
0 0.09447973449274016 3.141592653589793 0.35 0.35 1.2 1
0 2.251066140428829 0.8192508455955638 0.35 0.35 1.2 1
0 -1.4262930027775171 2.048268315444527 0.35 0.35 1.2 1
0 -2.690587420555718 0.22445566699175656 0.35 0.35 1.2 1
0 -1.8896683053156638 -0.42239522600451773 0.35 0.35 1.2 1
0 0.8818426114792033 -1.6048095763770405 0.35 0.35 1.2 1
0 0.09083567186818964 -1.6262995076531963 0.35 0.35 1.2 1
0 1.313722180256053 1.2234496914341335 0.35 0.35 1.2 1
0 2.1300032494472694 0.7285529645811218 0.35 0.35 1.2 1
0 -1.4968000524402303 -0.525423344940364 0.35 0.35 1.2 1
0 0.8351574177354874 -1.0610020768583408 0.35 0.35 1.2 1
0 0.5067347254272381 1.3674043643710787 0.35 0.35 1.2 1
0 1.4926354003282478 1.1496699264376562 0.35 0.35 1.2 1
0 -2.994747049741574 -1.9912026172207207 0.35 0.35 1.2 1
0 -1.2516468288818507 -0.5168284299366543 0.35 0.35 1.2 1
0 -2.9473139499082377 2.03285073353467 0.35 0.35 1.2 1
0 1.991756444495076 -3.141592653589793 0.35 0.35 1.2 1
0 2.899359365565345 0.8483675187084434 0.35 0.35 1.2 1
0 -3.141592653589793 -3.141592653589793 0.35 0.35 1.2 1
0 -1.9107093285930765 0.44479555188455544 0.35 0.35 1.2 1
0 -1.8999611870568465 0.6396403458119362 0.35 0.35 1.2 1
0 -1.0605677155874185 3.141592653589793 0.35 0.35 1.2 1
0 2.716007521565376 0.4390881742638144 0.35 0.35 1.2 1
0 2.877941997087489 -0.4433616896491328 0.35 0.35 1.2 1
0 1.393787612902724 -0.7762567982091875 0.35 0.35 1.2 1
0 -1.226224963947906 0.3868897225594169 0.35 0.35 1.2 1
0 3.141592653589793 -0.6527958465367809 0.35 0.35 1.2 1
0 -3.141592653589793 0.18644606269834618 0.35 0.35 1.2 1
0 -0.5751903279080346 2.556344237526494 0.35 0.35 1.2 1
0 -0.3414192379675367 -3.141592653589793 0.35 0.35 1.2 1
0 0.5533832430776333 -1.0714219757788799 0.35 0.35 1.2 1
0 -3.5300975427698944e-05 -2.576252437533797 0.35 0.35 1.2 1
0 0.6254329928591555 -1.7265735553352253 0.35 0.35 1.2 1
0 0.2727271389728676 3.141592653589793 0.35 0.35 1.2 1
0 -1.242627932439663 -1.821913265215749 0.35 0.35 1.2 1
0 -3.141592653589793 2.463062782306699 0.35 0.35 1.2 1
0 0.4933298154947011 -2.695433330655135 0.35 0.35 1.2 1
0 -1.4789476622652047 2.8762327912836296 0.35 0.35 1.2 1
0 -3.141592653589793 1.6153829590886288 0.35 0.35 1.2 1
0 1.3126800389553077 -1.5626974277535155 0.35 0.35 1.2 1
0 -0.060967506007100214 -2.111656502804413 0.35 0.35 1.2 1
0 -1.989968619924052 0.956694960841814 0.35 0.35 1.2 1
0 -3.141592653589793 0.8038789627880193 0.35 0.35 1.2 1
0 1.0779357597630548 1.3578334070675677 0.35 0.35 1.2 1
0 2.5480383932893673 -1.7585116335185038 0.35 0.35 1.2 1
0 -0.4051689742847967 -0.4283292631227267 0.35 0.35 1.2 1
0 1.206952600286838 1.5391420602459411 0.35 0.35 1.2 1
0 -3.141592653589793 0.41213804976441715 0.35 0.35 1.2 1
0 -3.007832971120002 -0.8456484633506143 0.35 0.35 1.2 1
0 0.42692190134757524 -1.7228383485835903 0.35 0.35 1.2 1
0 -0.26403349193337855 1.4475468988438862 0.35 0.35 1.2 1
0 1.2970493794578606 -0.6788339853743901 0.35 0.35 1.2 1
0 2.526185451902352 0.6698975934535863 0.35 0.35 1.2 1
0 2.282181564228139 0.17378009192448585 0.35 0.35 1.2 1
0 1.6601648062967664 -0.1288931979964193 0.35 0.35 1.2 1
0 -2.3088302862592283 0.07682180718073406 0.35 0.35 1.2 1
0 -2.471110573505094 0.37706630000157304 0.35 0.35 1.2 1
0 1.3063601499168755 2.5160105475692247 0.35 0.35 1.2 1
0 -0.4055193960229437 -2.4803272345717926 0.35 0.35 1.2 1
0 1.7050389395563854 -0.034716413411109315 0.35 0.35 1.2 1
0 -0.33915709683877404 2.6974964305144393 0.35 0.35 1.2 1
0 2.630282371035169 1.4794716829951229 0.35 0.35 1.2 1
0 1.970715040609867 0.22978990447219982 0.35 0.35 1.2 1
0 -1.3432954073131833 0.42833918954663686 0.35 0.35 1.2 1
0 -1.4100636528734114 -1.7029698119261059 0.35 0.35 1.2 1
0 -3.141592653589793 -1.7090683024411057 0.35 0.35 1.2 1
0 2.129397453937226 -0.8971846111746393 0.35 0.35 1.2 1
0 2.0090519790203474 0.9088992714214553 0.35 0.35 1.2 1
0 -0.9973984455031008 -0.845474300531879 0.35 0.35 1.2 1
0 0.06555072268918027 0.25784769036721344 0.35 0.35 1.2 1
0 -1.698268702894377 2.244621930615798 0.35 0.35 1.2 1
0 -0.586781821634785 -0.484674036002803 0.35 0.35 1.2 1
0 2.307173633288343 -0.30626387321500737 0.35 0.35 1.2 1
0 -2.984491247561882 3.141592653589793 0.35 0.35 1.2 1
0 -0.11764981778710437 2.4006025490422376 0.35 0.35 1.2 1
0 -0.5354839466745831 0.16309131709818914 0.35 0.35 1.2 1
0 0.9816902321879204 -2.6946680458431613 0.35 0.35 1.2 1
0 -0.5831234277846291 -0.9591617160312683 0.35 0.35 1.2 1
0 2.56762375977379 -0.47552483632211184 0.35 0.35 1.2 1
0 -2.3584219317775394 0.5380008261693112 0.35 0.35 1.2 1
0 -2.1063019940891596 2.1340267026062287 0.35 0.35 1.2 1
0 -2.2683779457674524 3.006892570083087 0.35 0.35 1.2 1
0 0.02535874766058921 -1.5865255921690018 0.35 0.35 1.2 1
0 1.8693426608905874 0.9985694055378525 0.35 0.35 1.2 1
0 1.448453815734295 -1.0036260524200626 0.35 0.35 1.2 1
0 0.9106680772251107 1.6209992163109486 0.35 0.35 1.2 1
0 -1.564678441008457 -1.827280890659384 0.35 0.35 1.2 1
0 0.024995770005631246 2.138907743977305 0.35 0.35 1.2 1
0 -0.13812471127213533 -0.08780318815729782 0.35 0.35 1.2 1
0 -1.6830283886093595 2.2118153017218987 0.35 0.35 1.2 1
0 -3.141592653589793 -0.22575035437740743 0.35 0.35 1.2 1
0 1.5998986824825492 -1.4790422199349527 0.35 0.35 1.2 1
0 0.45397579908358665 1.737130836118126 0.35 0.35 1.2 1
0 -0.39731961788347925 -1.8356189206761102 0.35 0.35 1.2 1
0 0.4680705387521563 1.1422267418821872 0.35 0.35 1.2 1
0 -0.455104797458175 0.4911127066886365 0.35 0.35 1.2 1
0 -1.225264681049389 1.4280445515389824 0.35 0.35 1.2 1
0 -0.36434352363295186 2.876125969355812 0.35 0.35 1.2 1
0 -1.2476134354826283 -0.983695387215036 0.35 0.35 1.2 1
0 -0.9666592470031458 -1.1388357528042803 0.35 0.35 1.2 1
0 -1.3900116890069945 2.2536980379330696 0.35 0.35 1.2 1
0 0.5285103621392345 -3.141592653589793 0.35 0.35 1.2 1
0 0.387910236077318 1.0495960486674045 0.35 0.35 1.2 1
0 -2.9559801011572446 3.141592653589793 0.35 0.35 1.2 1
0 -1.527640341001554 -2.823112928803644 0.35 0.35 1.2 1
0 -1.8400747607855175 -1.1016787642132548 0.35 0.35 1.2 1
0 -0.3764705590979883 0.8163971383100717 0.35 0.35 1.2 1
0 0.705738226074489 3.141592653589793 0.35 0.35 1.2 1
0 -0.7664726059717061 1.0638890958818505 0.35 0.35 1.2 1
0 1.847573489565106 2.3092242317857092 0.35 0.35 1.2 1
0 0.7619317033420764 -3.0178306332160707 0.35 0.35 1.2 1
0 -0.03620222340658508 2.036517700821024 0.35 0.35 1.2 1
0 1.0025291445038202 -1.1101295337496313 0.35 0.35 1.2 1
0 2.9508525914656425 0.5589467628502214 0.35 0.35 1.2 1
0 -0.9131211003155639 0.9837184752343335 0.35 0.35 1.2 1
0 -1.4115145979352213 -1.2260320880635107 0.35 0.35 1.2 1
0 -0.9207352241603822 1.3856656641340965 0.35 0.35 1.2 1
0 1.0676935546712252 0.06008464534777225 0.35 0.35 1.2 1
0 0.9160786797346104 -0.5556612540550206 0.35 0.35 1.2 1
0 -2.465170708663621 1.6354205382029694 0.35 0.35 1.2 1
0 0.7369733935889127 0.6706275275577449 0.35 0.35 1.2 1
0 -1.5544004787800856 3.141592653589793 0.35 0.35 1.2 1
0 0.8985075183819454 0.9221970996149819 0.35 0.35 1.2 1
0 -1.437991982330114 -1.7389714420043054 0.35 0.35 1.2 1
0 -1.9816600850267674 1.463304810679778 0.35 0.35 1.2 1
0 -1.2624864384891135 -2.542930653699634 0.35 0.35 1.2 1
0 -2.7363491238831172 -2.6689391289852313 0.35 0.35 1.2 1
0 -0.7661692476431279 -3.141592653589793 0.35 0.35 1.2 1
0 1.5801469663808556 3.141592653589793 0.35 0.35 1.2 1
0 -1.8175737844534603 -0.3961028044366861 0.35 0.35 1.2 1
0 -1.1677477249580752 3.0750419735625183 0.35 0.35 1.2 1
0 -1.9869555735727935 -1.2158505847925016 0.35 0.35 1.2 1
0 -3.141592653589793 -0.9448741107104699 0.35 0.35 1.2 1
0 0.21458799863222994 2.6195212888421877 0.35 0.35 1.2 1
0 1.5541324139355663 1.4547449510337702 0.35 0.35 1.2 1
0 1.2444035615552815 3.141592653589793 0.35 0.35 1.2 1
0 0.9256635783439608 1.6848052673896985 0.35 0.35 1.2 1
0 -0.22292702095369873 -2.278138025179561 0.35 0.35 1.2 1
0 -0.29431396750584293 1.056170748896906 0.35 0.35 1.2 1
0 -0.6180333770986786 -1.1095597337123935 0.35 0.35 1.2 1
0 1.597370336047678 2.095689545554687 0.35 0.35 1.2 1
0 -0.06760743354658721 1.1634223061997333 0.35 0.35 1.2 1
0 -0.4491199343307996 -0.22603389887998115 0.35 0.35 1.2 1
0 -1.5024205990336388 -0.7693414621197494 0.35 0.35 1.2 1
0 -2.3712014923369007 1.7408844878721743 0.35 0.35 1.2 1
0 3.141592653589793 -1.7923261564180764 0.35 0.35 1.2 1
0 -0.788678164207021 2.9956047750212025 0.35 0.35 1.2 1
0 2.1241773141344167 2.8117928170268645 0.35 0.35 1.2 1
0 -0.7226233503590234 -1.4501043188627765 0.35 0.35 1.2 1
0 -3.141592653589793 0.45840189834605716 0.35 0.35 1.2 1
0 0.6484160092819725 -1.2975746632616398 0.35 0.35 1.2 1
0 0.8698442852455731 0.25060979086346513 0.35 0.35 1.2 1
0 -1.7843572181865381 -0.8064765302497566 0.35 0.35 1.2 1
0 -2.1851385704448294 2.348532568044547 0.35 0.35 1.2 1
0 -1.606512732883362 2.6986267636105525 0.35 0.35 1.2 1
0 1.9495436404397726 0.3212572139570895 0.35 0.35 1.2 1
0 -2.24258318371014 2.428386108498451 0.35 0.35 1.2 1
0 -0.5716193808317526 -0.5547801493588373 0.35 0.35 1.2 1
0 -2.974763842080924 0.7277638970411924 0.35 0.35 1.2 1
0 -0.7614791303916101 0.09073452864258569 0.35 0.35 1.2 1
0 0.9100997027643198 -3.141592653589793 0.35 0.35 1.2 1
0 1.202297293389557 0.04669802527420275 0.35 0.35 1.2 1
0 -2.55862900848909 2.727012567646393 0.35 0.35 1.2 1
0 1.2045739883290751 2.41972975307822 0.35 0.35 1.2 1
0 -0.3802497631834791 0.7606150715852953 0.35 0.35 1.2 1
0 0.34356432239866297 0.09062251320164405 0.35 0.35 1.2 1
0 -0.0894288539270498 -1.750271611102481 0.35 0.35 1.2 1
0 0.2713432871670074 1.3251317905625632 0.35 0.35 1.2 1
0 -2.6092484889609535 0.3276881037802206 0.35 0.35 1.2 1
0 0.33369196772151144 0.7175797646121844 0.35 0.35 1.2 1
0 1.0398785458861874 3.141592653589793 0.35 0.35 1.2 1
0 -0.5282419652757261 0.3810090862484852 0.35 0.35 1.2 1
0 1.6783953583247995 1.0255829408020505 0.35 0.35 1.2 1
0 -2.5017381387095097 -2.052031261931881 0.35 0.35 1.2 1
0 -2.697798175281742 -2.0065893263280303 0.35 0.35 1.2 1
0 1.66151678703214 2.4719116457746364 0.35 0.35 1.2 1
0 0.5456044106935194 -0.31997624230682464 0.35 0.35 1.2 1
0 2.3143702095142626 -0.772602678432205 0.35 0.35 1.2 1
0 -1.9938159885463937 -2.2391075677465637 0.35 0.35 1.2 1
0 -2.835874082036599 1.629396677926337 0.35 0.35 1.2 1
0 3.141592653589793 2.4735422342099307 0.35 0.35 1.2 1
0 -2.5004772056181896 2.1033809680023285 0.35 0.35 1.2 1
0 -1.1497242659010547 -1.0412863244498243 0.35 0.35 1.2 1
0 -3.095921329993002 -0.24720101632642177 0.35 0.35 1.2 1
0 -1.020772439844126 -0.374783157528785 0.35 0.35 1.2 1
0 0.01392002559999228 -2.784373878556806 0.35 0.35 1.2 1
0 -0.6717780681468728 1.100990784081106 0.35 0.35 1.2 1
0 0.3213634352779689 -0.7684410490849045 0.35 0.35 1.2 1
0 -1.7537263389497906 0.17391404760817952 0.35 0.35 1.2 1
0 0.29227207049510007 0.940369356095949 0.35 0.35 1.2 1
0 3.0965061124843456 2.330736301538872 0.35 0.35 1.2 1
0 2.4024350250174535 2.2440325937855072 0.35 0.35 1.2 1
0 2.8711295343114065 -0.10482629091299978 0.35 0.35 1.2 1
0 2.9510150478542023 3.141592653589793 0.35 0.35 1.2 1
0 -1.3005957518723261 -1.2357058144922182 0.35 0.35 1.2 1
0 -2.1553157722163405 -3.089573812717724 0.35 0.35 1.2 1
0 0.7238670552599864 0.928241137056251 0.35 0.35 1.2 1
0 -1.651826994315555 1.8121971135303814 0.35 0.35 1.2 1
0 0.09216104007039849 -2.404068219396048 0.35 0.35 1.2 1
0 -0.8873488272507533 1.5463881879692172 0.35 0.35 1.2 1
0 -0.02034359703452049 2.5070421703293655 0.35 0.35 1.2 1
0 -2.25467121676581 3.141592653589793 0.35 0.35 1.2 1
0 -1.5633332217860167 1.2664715333983578 0.35 0.35 1.2 1
0 1.307654333690384 -0.5398114409194514 0.35 0.35 1.2 1
0 1.7404041896650797 -0.5606139499939276 0.35 0.35 1.2 1
0 0.4378533894171508 0.8921616501431316 0.35 0.35 1.2 1
0 2.0695542979880375 -1.413328053303044 0.35 0.35 1.2 1
0 0.48378657890993443 0.018794283417681967 0.35 0.35 1.2 1
0 -2.1225498936382565 -1.4293970723835945 0.35 0.35 1.2 1
0 -1.1447430511963164 -0.11322142468382046 0.35 0.35 1.2 1
0 -0.07661322255211944 3.0527628634925854 0.35 0.35 1.2 1
0 -3.141592653589793 -2.3436408747934205 0.35 0.35 1.2 1
0 -0.5133040805373774 -0.16326988368320228 0.35 0.35 1.2 1
0 0.6348579210934938 1.4110488711018176 0.35 0.35 1.2 1
0 -0.46122904569531753 1.449795247536964 0.35 0.35 1.2 1
0 -0.6294113305900834 2.9090642252134753 0.35 0.35 1.2 1
0 -0.04268505216898921 -0.22098332866000714 0.35 0.35 1.2 1
0 0.5916173937892659 -1.5110103877065342 0.35 0.35 1.2 1
0 1.7554184218604056 1.0684878868968875 0.35 0.35 1.2 1
0 -0.828277600472573 -0.7725358320420778 0.35 0.35 1.2 1
0 -0.3245327791421861 0.04894723435150161 0.35 0.35 1.2 1
0 -0.32036882004801825 -0.9882144882696702 0.35 0.35 1.2 1
0 0.5806756001742432 2.0098518409512103 0.35 0.35 1.2 1
0 -1.242930235904359 0.6467614566761352 0.35 0.35 1.2 1
0 -2.0072365129416543 3.031767250977456 0.35 0.35 1.2 1
0 -0.07047270283569063 -1.1326804529672954 0.35 0.35 1.2 1
0 2.8040367156955446 -0.9097588630023348 0.35 0.35 1.2 1
0 -0.25524665577367545 -1.2934817566331156 0.35 0.35 1.2 1
0 -2.3730597191558434 -0.4233406451573257 0.35 0.35 1.2 1
0 -0.029787597491858442 -1.8193083391497005 0.35 0.35 1.2 1
0 1.698213235394784 -1.3728128938653104 0.35 0.35 1.2 1
0 -1.9051607950318212 0.6077261955234814 0.35 0.35 1.2 1
0 2.8004428150878162 0.6394642456139155 0.35 0.35 1.2 1
0 -0.3604291012901412 -2.149471770336084 0.35 0.35 1.2 1
0 -0.23125844390953576 3.141592653589793 0.35 0.35 1.2 1
0 1.7611916618595347 2.1298024535242046 0.35 0.35 1.2 1
0 0.33011097678398094 1.3263892482674027 0.35 0.35 1.2 1
0 -0.19454336041191622 2.108549336963951 0.35 0.35 1.2 1
0 -2.3049289110497955 2.9890308823489145 0.35 0.35 1.2 1
0 1.000930853555393 1.5346820260055303 0.35 0.35 1.2 1
0 -1.8691906574974964 2.552883150808073 0.35 0.35 1.2 1
0 -1.1824175200865916 1.9663680196596678 0.35 0.35 1.2 1
0 -1.2644387935172001 2.4431304242184018 0.35 0.35 1.2 1
0 1.3355711830368853 -1.702433523599831 0.35 0.35 1.2 1
0 -0.8289993251327756 -0.9741269879072931 0.35 0.35 1.2 1
0 0.324162583696749 -2.2982146558685788 0.35 0.35 1.2 1
0 -0.8074926836107813 3.141592653589793 0.35 0.35 1.2 1
0 -0.5108476741153292 -1.0862516075567672 0.35 0.35 1.2 1
0 2.95573621639058 0.5466906826759542 0.35 0.35 1.2 1
0 -1.1660694868683017 1.0366313949794697 0.35 0.35 1.2 1
0 -3.141592653589793 -0.9325527262030952 0.35 0.35 1.2 1
0 0.3861857599296443 1.3575438426701858 0.35 0.35 1.2 1
0 0.20607661131074728 -0.6089482466491519 0.35 0.35 1.2 1
0 2.7480718738937773 0.9643280524788158 0.35 0.35 1.2 1
0 2.901032817898397 0.7001063582932512 0.35 0.35 1.2 1
0 0.039934020663015775 -0.7182652350340216 0.35 0.35 1.2 1
0 -0.8634705744238503 -1.5138867140497851 0.35 0.35 1.2 1
0 -1.650830347741499 1.6424101755067502 0.35 0.35 1.2 1
0 -3.141592653589793 -0.7977473426865497 0.35 0.35 1.2 1
0 1.6103299255272883 -3.141592653589793 0.35 0.35 1.2 1
0 -2.6645338835518078 1.4418250529173213 0.35 0.35 1.2 1
0 -1.1970256582250536 -0.7526585906383441 0.35 0.35 1.2 1
0 -1.8230219961835972 -0.3770918885088983 0.35 0.35 1.2 1
0 1.0148676697796815 -0.32165454368043833 0.35 0.35 1.2 1
0 -2.8906267827113292 0.6677402782929349 0.35 0.35 1.2 1
0 -0.5807648037956643 0.5699243664094541 0.35 0.35 1.2 1
0 1.486408326850147 1.3201237567480149 0.35 0.35 1.2 1
0 -1.0315060250536718 -0.23146407957730017 0.35 0.35 1.2 1
0 3.141592653589793 -2.030277350670203 0.35 0.35 1.2 1
0 -2.97164097609536 -0.4072738778211235 0.35 0.35 1.2 1
0 -2.0603088899646465 0.054540309717579005 0.35 0.35 1.2 1
0 -1.6222581326207195 2.7344882471961736 0.35 0.35 1.2 1
0 -0.8278633850119215 1.0581392988791487 0.35 0.35 1.2 1
0 -0.3798113552009128 -0.2602919175421608 0.35 0.35 1.2 1
0 0.35555531076814484 1.9546416780138203 0.35 0.35 1.2 1
0 -0.19141089793147587 3.1275903036296815 0.35 0.35 1.2 1
0 -3.141592653589793 -0.2561920745917898 0.35 0.35 1.2 1
0 0.8769712532391603 1.5451647547077436 0.35 0.35 1.2 1
0 -1.707195214177046 1.1379624490722595 0.35 0.35 1.2 1
0 -2.034124476392199 0.2755106000291365 0.35 0.35 1.2 1
0 -0.6695122764077028 0.3903368729245025 0.35 0.35 1.2 1
0 0.8323883749835654 1.7444521290819828 0.35 0.35 1.2 1
0 -0.13518900902394182 0.13900456927477894 0.35 0.35 1.2 1
0 -2.6057971514863496 -0.18385427811637367 0.35 0.35 1.2 1
0 -1.986230408780942 1.0596806467299773 0.35 0.35 1.2 1
0 -1.7212615493624288 3.141592653589793 0.35 0.35 1.2 1
0 -0.21133999862024885 0.2131071200800151 0.35 0.35 1.2 1
0 -0.35918778752042924 -0.048957550637184655 0.35 0.35 1.2 1
0 -2.5499784175539215 2.103430454237361 0.35 0.35 1.2 1
0 -2.9811034317331737 1.2123400654100802 0.35 0.35 1.2 1
0 -3.141592653589793 -0.3661564458485542 0.35 0.35 1.2 1
0 3.141592653589793 -0.43043322083973795 0.35 0.35 1.2 1
0 0.3615970968169207 1.1875754485162648 0.35 0.35 1.2 1
0 -2.854018896332286 0.14098961554436018 0.35 0.35 1.2 1
0 2.749935429516351 0.09040134124955967 0.35 0.35 1.2 1
0 0.29342362238254305 -2.1946663948670473 0.35 0.35 1.2 1
0 1.9296769929501456 0.7802256492685467 0.35 0.35 1.2 1
0 -1.4635150500847987 2.698194378129277 0.35 0.35 1.2 1
0 -2.722384200122569 0.8060678682798295 0.35 0.35 1.2 1
0 -3.141592653589793 1.4273242186594328 0.35 0.35 1.2 1
0 -1.1235375867332036 0.2707983793336468 0.35 0.35 1.2 1
0 -1.4365179654960318 -1.3965024096343646 0.35 0.35 1.2 1
0 -2.1117556235752764 0.9487057992256915 0.35 0.35 1.2 1
0 -0.7279970341682285 1.3027685864938863 0.35 0.35 1.2 1
0 2.5483348990070827 -1.0935709578421902 0.35 0.35 1.2 1
0 0.41731868148742923 0.6613892522599178 0.35 0.35 1.2 1
0 0.003291547859756161 -1.557907184442993 0.35 0.35 1.2 1
0 1.0335544025488899 -0.42157920062562876 0.35 0.35 1.2 1
0 -0.6656373849743957 -0.9200567101470336 0.35 0.35 1.2 1
0 -0.33072524110964924 0.8438487477864921 0.35 0.35 1.2 1
0 -2.0852202885902877 -0.3716844695765842 0.35 0.35 1.2 1
0 1.0140285322500033 0.6196304135719429 0.35 0.35 1.2 1
0 -1.5307196950780224 1.2334594691315712 0.35 0.35 1.2 1
0 -0.4751427666200543 -1.4054251887661167 0.35 0.35 1.2 1
0 -2.6196709597099286 -0.6252014929152332 0.35 0.35 1.2 1
0 -1.7313511743642245 1.0360980910342588 0.35 0.35 1.2 1
0 -2.06627416959339 0.6970392744397712 0.35 0.35 1.2 1
0 -0.32655552223572903 2.9188280501287807 0.35 0.35 1.2 1
0 0.40597807983417455 0.7967553714018918 0.35 0.35 1.2 1
0 1.579914801417548 -2.2133090039833543 0.35 0.35 1.2 1
0 1.7738552555610436 3.0166616939030364 0.35 0.35 1.2 1
0 -0.24970063523339098 0.00729135957301863 0.35 0.35 1.2 1
0 -1.8009701322960612 -0.9323404881010333 0.35 0.35 1.2 1
0 -0.8392233270476002 0.5388326708409892 0.35 0.35 1.2 1
0 0.48282857899781106 -0.4437232390519492 0.35 0.35 1.2 1
0 -1.0656647790772762 2.4716931616936844 0.35 0.35 1.2 1
0 -0.3076450518818443 1.9888602648069935 0.35 0.35 1.2 1
0 -0.22385667217399702 0.03363065713267255 0.35 0.35 1.2 1
0 -3.141592653589793 2.9917146994617987 0.35 0.35 1.2 1
0 -1.5807885896622949 -2.548216896266577 0.35 0.35 1.2 1
0 0.3184121190257516 2.3772678695039318 0.35 0.35 1.2 1
0 2.5806656285457907 2.0026508279648274 0.35 0.35 1.2 1
0 0.41950079818670716 3.141592653589793 0.35 0.35 1.2 1
0 1.5538642384877959 0.6036610701187786 0.35 0.35 1.2 1
0 -1.888262426606783 1.2787129951007878 0.35 0.35 1.2 1
0 -1.9476905924536667 0.7121495667903789 0.35 0.35 1.2 1
0 1.0688461051086053 0.7187523170274832 0.35 0.35 1.2 1
0 0.10768639609291863 -1.602524394028913 0.35 0.35 1.2 1
0 1.452048734116305 -0.30312208097914284 0.35 0.35 1.2 1
0 -0.45476542057122793 -1.8250256237492186 0.35 0.35 1.2 1
0 -0.5625113677621136 -1.3442060245837446 0.35 0.35 1.2 1
0 -1.885605822423077 -1.31417937077362 0.35 0.35 1.2 1
0 0.3157749032615793 -1.7533474851944364 0.35 0.35 1.2 1
0 -2.1291080688396837 0.6781967097855023 0.35 0.35 1.2 1
0 0.8993517387091297 0.3890697675316629 0.35 0.35 1.2 1
0 0.6422432869020287 0.8216249861923537 0.35 0.35 1.2 1
0 0.7170849494631667 2.025195808603117 0.35 0.35 1.2 1
0 -2.448728116845116 -0.5596889940806639 0.35 0.35 1.2 1
0 -1.3922834109924698 -0.23091433061002253 0.35 0.35 1.2 1
0 0.45418417668233396 -1.7599563823398534 0.35 0.35 1.2 1
0 -2.313212946727492 1.176518044071043 0.35 0.35 1.2 1
0 -3.141592653589793 -0.15625857844313717 0.35 0.35 1.2 1
0 -1.642985011521216 0.6259340504433866 0.35 0.35 1.2 1
0 2.716318678536074 3.141592653589793 0.35 0.35 1.2 1
0 -1.5730158054479655 2.5686940838627534 0.35 0.35 1.2 1
0 -1.0465787171266856 -0.7322636810835564 0.35 0.35 1.2 1
0 -0.6405820488433132 -0.9874918596423798 0.35 0.35 1.2 1
0 -0.4233140856304223 2.322514269406371 0.35 0.35 1.2 1
0 2.183212985964531 1.7769681988983697 0.35 0.35 1.2 1
0 2.7404364415503712 -1.0704258494528114 0.35 0.35 1.2 1
0 -2.015241104625399 -1.1319001005871105 0.35 0.35 1.2 1
0 -3.141592653589793 -0.8365514626102408 0.35 0.35 1.2 1
0 -2.9904654495540886 1.0013685983760428 0.35 0.35 1.2 1
0 0.15922295504453177 2.8221719875712212 0.35 0.35 1.2 1
0 -1.205484472247228 0.42540004488032346 0.35 0.35 1.2 1
0 -0.3545787310530851 -0.05658641983878576 0.35 0.35 1.2 1
0 -1.1311666168606134 1.818201313432191 0.35 0.35 1.2 1
0 2.38306056297466 -1.4607026885607728 0.35 0.35 1.2 1
0 -1.7158232625726124 -0.34020752248304587 0.35 0.35 1.2 1
0 -1.4079241609000723 -0.3447030594714231 0.35 0.35 1.2 1
0 -2.975243291833239 2.8111487715329058 0.35 0.35 1.2 1
0 -0.42004483847006 -2.128912563749319 0.35 0.35 1.2 1
0 0.7690284760560837 -3.141592653589793 0.35 0.35 1.2 1
0 -0.7357618242245381 -0.5315962925235307 0.35 0.35 1.2 1
0 -1.656732825019069 3.141592653589793 0.35 0.35 1.2 1
0 -3.141592653589793 0.04776884911694346 0.35 0.35 1.2 1
0 0.6259130200093075 0.16153198545766317 0.35 0.35 1.2 1
0 1.5164303899235316 0.7128180804736928 0.35 0.35 1.2 1
0 0.8588518872430762 3.141592653589793 0.35 0.35 1.2 1
0 -0.7952986873413858 -1.3773485013575106 0.35 0.35 1.2 1
0 -2.081155393255011 2.707017179040194 0.35 0.35 1.2 1
0 0.9085123363936914 0.8144495270508294 0.35 0.35 1.2 1
0 -2.2169598783342503 1.8056168779285584 0.35 0.35 1.2 1
0 -2.2101452304508413 -1.8122319075355884 0.35 0.35 1.2 1
0 -1.4219096901351806 3.141592653589793 0.35 0.35 1.2 1
0 -1.0177147758842469 2.5129842204205617 0.35 0.35 1.2 1
0 -1.576469209711773 -2.549269219130663 0.35 0.35 1.2 1
0 0.5830682330028341 1.1962740445030784 0.35 0.35 1.2 1
0 -0.14269933730596834 3.141592653589793 0.35 0.35 1.2 1
0 -0.43455433182086056 1.65535786048735 0.35 0.35 1.2 1
0 1.6126751675496822 1.3343650286743922 0.35 0.35 1.2 1
0 0.4745962781585811 3.1280512928194026 0.35 0.35 1.2 1
0 -1.0959255494205062 -2.226980938622834 0.35 0.35 1.2 1
0 -0.48814920176038956 0.23633011908640444 0.35 0.35 1.2 1
0 0.8676121065391009 -0.05942580588443902 0.35 0.35 1.2 1
0 -2.7785016164284912 -0.18415490085608166 0.35 0.35 1.2 1
0 -0.3012729098058382 2.2703919220035385 0.35 0.35 1.2 1
0 -0.8078164010758062 0.6371763328247444 0.35 0.35 1.2 1
0 3.141592653589793 2.6523306200487897 0.35 0.35 1.2 1
0 -0.2651965890419703 0.5521918700892388 0.35 0.35 1.2 1
0 -0.08486859349096598 0.9454458727971843 0.35 0.35 1.2 1
0 0.2991506105780371 1.8784762907384693 0.35 0.35 1.2 1
0 -0.8684148297021537 2.174205089730284 0.35 0.35 1.2 1
0 -0.48563652398431123 -1.5523874568302838 0.35 0.35 1.2 1
0 -0.32566376816882747 2.1869404347276076 0.35 0.35 1.2 1
0 2.0156583342969623 1.4774957032309255 0.35 0.35 1.2 1
0 -0.6521493038975148 -1.8835505600731084 0.35 0.35 1.2 1
0 -1.8930091484613678 0.7902135477425969 0.35 0.35 1.2 1
0 -1.589441361048892 1.6836765514801026 0.35 0.35 1.2 1
0 0.4513948823247362 1.2529565288206141 0.35 0.35 1.2 1
0 -0.5502332650266354 1.11683427700252 0.35 0.35 1.2 1
0 -0.5293688066850442 1.0170431407251375 0.35 0.35 1.2 1
0 -2.675611199331607 0.5767713196471976 0.35 0.35 1.2 1
0 -0.3342733339818989 1.0859478542367862 0.35 0.35 1.2 1
0 -2.1737769132052085 1.8417934708423844 0.35 0.35 1.2 1
0 -2.525768631186371 -0.25137954915027577 0.35 0.35 1.2 1
0 -0.17868684280587344 -0.8404986958044793 0.35 0.35 1.2 1
0 -0.998756322135204 3.141592653589793 0.35 0.35 1.2 1
0 2.101089359036787 -1.6839663098456656 0.35 0.35 1.2 1
0 -0.9419114149748243 1.5349303990891994 0.35 0.35 1.2 1
0 -2.7676898720490954 1.0194873485152254 0.35 0.35 1.2 1
0 -1.5791052177294724 1.5131262479340002 0.35 0.35 1.2 1
0 -0.21724398865828176 0.5825403308857128 0.35 0.35 1.2 1
0 -1.0543678265881382 -2.189169225340687 0.35 0.35 1.2 1
0 -2.4831201659709254 -0.1913074809599975 0.35 0.35 1.2 1
0 -0.39659637684918425 3.141592653589793 0.35 0.35 1.2 1
0 -2.9823290246087932 1.3179718930856321 0.35 0.35 1.2 1
0 -0.7726969419139329 -0.6749847826904033 0.35 0.35 1.2 1
0 -1.7344725085365276 2.063184266991028 0.35 0.35 1.2 1
0 -0.7790939483893813 1.818658935592563 0.35 0.35 1.2 1
0 -0.21492377333883628 0.656994369587895 0.35 0.35 1.2 1
0 -1.1776687262686174 3.141592653589793 0.35 0.35 1.2 1
0 -2.186699644763796 -1.971291534166261 0.35 0.35 1.2 1
0 2.695651388847932 1.2289780294014916 0.35 0.35 1.2 1
0 0.6415012187542253 2.7540247729263396 0.35 0.35 1.2 1
0 -0.06364910849850297 -0.22740497186818764 0.35 0.35 1.2 1
0 0.9912297510537705 0.7357204576410803 0.35 0.35 1.2 1
0 -2.3265051476329033 -1.612867888040964 0.35 0.35 1.2 1
0 -1.7893807811189495 2.2852183566239397 0.35 0.35 1.2 1
0 -0.08553125391857619 2.159365926717135 0.35 0.35 1.2 1
0 -2.508526122222772 2.699281094756256 0.35 0.35 1.2 1
0 3.141592653589793 -0.3313806964711146 0.35 0.35 1.2 1
0 -0.1687418968445849 0.16711115643378882 0.35 0.35 1.2 1
0 0.36327607293124886 0.35576900129376987 0.35 0.35 1.2 1
0 -1.9869284030418233 0.9530464160866721 0.35 0.35 1.2 1
0 -2.981699427308393 -3.141592653589793 0.35 0.35 1.2 1
0 -2.6244585309652364 2.446411458457346 0.35 0.35 1.2 1
0 3.141592653589793 2.616098205793138 0.35 0.35 1.2 1
