#! FIELDS time phi psi sigma_phi sigma_psi height biasf
                        #! SET multivariate false
                        #! SET kerneltype stretched-gaussian
                        #! SET min_phi -pi
                        #! SET max_phi pi
                        #! SET min_psi -pi
                        #! SET max_psi pi
0 -1.1389984121489585 -0.8108126519315049 0.35 0.35 1.2 1
0 0.07570333440046559 1.4989304256121443 0.35 0.35 1.2 1
0 0.3000798808911795 -0.8430545456888447 0.35 0.35 1.2 1
0 -3.141592653589793 0.8644231756469236 0.35 0.35 1.2 1
0 -0.06542487931164831 2.3578182518341535 0.35 0.35 1.2 1
0 -0.35385183629922046 0.06966504930945938 0.35 0.35 1.2 1
0 1.9088362444127434 0.8613228462869326 0.35 0.35 1.2 1
0 0.11790628554200389 -0.9975540994684433 0.35 0.35 1.2 1
0 -1.2669659358058298 3.141592653589793 0.35 0.35 1.2 1
0 -3.141592653589793 1.7964043933307354 0.35 0.35 1.2 1
0 2.649979744927067 0.8568513391985222 0.35 0.35 1.2 1
0 0.6115941588422726 -2.497512862354153 0.35 0.35 1.2 1
0 -2.1330987901017653 0.07119726150612238 0.35 0.35 1.2 1
0 0.928682130618898 1.3894109611315075 0.35 0.35 1.2 1
0 -3.1230810741663344 0.850183239850443 0.35 0.35 1.2 1
0 -2.0609183446652275 0.05844626262909536 0.35 0.35 1.2 1
0 1.1413927747529296 2.0871079791315506 0.35 0.35 1.2 1
0 2.0341786607636942 -0.697527679731215 0.35 0.35 1.2 1
0 -0.48625758821939136 -3.141592653589793 0.35 0.35 1.2 1
0 -0.17611980804591176 1.1106654488126129 0.35 0.35 1.2 1
0 1.6526411573498414 -2.889685581359152 0.35 0.35 1.2 1
0 1.7186890640271781 2.529016168825361 0.35 0.35 1.2 1
0 1.987950437627099 -2.0358413829138438 0.35 0.35 1.2 1
0 -0.33106339817928465 0.6617306169778847 0.35 0.35 1.2 1
0 2.4378616798350197 2.161639897171333 0.35 0.35 1.2 1
0 0.05946537493744686 -0.5854016485679117 0.35 0.35 1.2 1
0 -1.1078122486268813 0.4672159626635308 0.35 0.35 1.2 1
0 -2.6531838425171594 1.658412709802172 0.35 0.35 1.2 1
0 -1.1374334795682433 2.154662458344642 0.35 0.35 1.2 1
0 -0.09211338437298733 0.4320423020460193 0.35 0.35 1.2 1
0 3.141592653589793 -1.303190938782689 0.35 0.35 1.2 1
0 -2.800350360950931 1.7281086375458292 0.35 0.35 1.2 1
0 -1.9500265492750586 0.7554807243105262 0.35 0.35 1.2 1
0 1.2357051812591608 -0.14632710968545137 0.35 0.35 1.2 1
0 0.7929256628715722 3.141592653589793 0.35 0.35 1.2 1
0 -0.6343516674163204 -0.5170345567551287 0.35 0.35 1.2 1
0 1.1889543388598678 -3.141592653589793 0.35 0.35 1.2 1
0 -2.3432923709295723 -1.6925349639983063 0.35 0.35 1.2 1
0 1.730386046047515 -1.8260868197567224 0.35 0.35 1.2 1
0 -1.1344534258552357 1.4870429171368738 0.35 0.35 1.2 1
0 -0.6947021466190771 2.931423427887146 0.35 0.35 1.2 1
0 1.085380735443604 1.7126991307042156 0.35 0.35 1.2 1
0 2.98969081227981 -2.8037196006812053 0.35 0.35 1.2 1
0 0.1086063230190886 -2.085190338460281 0.35 0.35 1.2 1
0 -2.234335989085329 -1.1221800853390798 0.35 0.35 1.2 1
0 -1.3021412726726525 -1.1612875077346083 0.35 0.35 1.2 1
0 0.9489476202008033 1.671069669508625 0.35 0.35 1.2 1
0 -3.141592653589793 0.6174897739999063 0.35 0.35 1.2 1
0 -2.079957377132978 -0.991677077624096 0.35 0.35 1.2 1
0 -0.74991950474454 0.5047975237472602 0.35 0.35 1.2 1
0 0.15374943922389672 -1.3733274889315656 0.35 0.35 1.2 1
0 -0.3522771161822347 -3.141592653589793 0.35 0.35 1.2 1
0 -0.1376038764350877 1.9700589596706026 0.35 0.35 1.2 1
0 2.2926214834565526 -0.33347954970906063 0.35 0.35 1.2 1
0 -0.09047649517560885 1.826782667094013 0.35 0.35 1.2 1
0 1.0944525251139452 -1.80934474156822 0.35 0.35 1.2 1
0 -2.1518344070994857 0.6689391814496719 0.35 0.35 1.2 1
0 -0.24209028066487936 -1.4017727160105165 0.35 0.35 1.2 1
0 -0.19953776068118323 1.9758887303450265 0.35 0.35 1.2 1
0 0.9278944963602105 0.9654291212699779 0.35 0.35 1.2 1
0 3.141592653589793 -1.4702257440307709 0.35 0.35 1.2 1
0 2.7602509038738354 3.141592653589793 0.35 0.35 1.2 1
0 -1.9207068662825546 1.1370800421932674 0.35 0.35 1.2 1
0 3.1285345536366393 -1.953152473355386 0.35 0.35 1.2 1
0 -0.43273940733072735 2.6795069916961407 0.35 0.35 1.2 1
0 0.558365744408268 -1.2264291651015464 0.35 0.35 1.2 1
0 -2.069394584612037 0.368709032712221 0.35 0.35 1.2 1
0 1.2408215315125957 1.1462655625769655 0.35 0.35 1.2 1
0 2.230000906017602 -0.2502385083240539 0.35 0.35 1.2 1
0 0.6140000725268777 1.2057348545509698 0.35 0.35 1.2 1
0 0.733281394320913 -0.3030845288895905 0.35 0.35 1.2 1
0 -0.5527418910250449 -0.13357212383264994 0.35 0.35 1.2 1
0 -2.0098313739555382 1.6262929785592586 0.35 0.35 1.2 1
0 -2.247102617931258 2.0175128540991967 0.35 0.35 1.2 1
0 0.04309221202971225 -1.5129265416461697 0.35 0.35 1.2 1
0 2.544263730404393 2.6267423405069925 0.35 0.35 1.2 1
0 0.21705164431838664 -2.2991943836662414 0.35 0.35 1.2 1
0 0.08651909783602307 2.3472047695837954 0.35 0.35 1.2 1
0 1.3804778210566195 -3.141592653589793 0.35 0.35 1.2 1
0 -3.141592653589793 -1.7849588187218628 0.35 0.35 1.2 1
0 0.9926123582411923 0.30240537669371526 0.35 0.35 1.2 1
0 -1.198478967898989 -0.37261331794642993 0.35 0.35 1.2 1
0 0.573599105781757 -0.5148935410555726 0.35 0.35 1.2 1
0 0.03304913787265362 -3.141592653589793 0.35 0.35 1.2 1
0 -0.3418643550489934 -1.2323917912251485 0.35 0.35 1.2 1
0 -1.8371618617296641 0.826221207807919 0.35 0.35 1.2 1
0 -0.9098055576628193 0.3505813235757242 0.35 0.35 1.2 1
0 1.1765441670191719 0.12798448350682373 0.35 0.35 1.2 1
0 -1.2263893126609473 -0.7562856277806423 0.35 0.35 1.2 1
0 -1.7392550065068317 0.47730380677682627 0.35 0.35 1.2 1
0 -0.18632488514853884 -0.163438092607898 0.35 0.35 1.2 1
0 -0.7388394107697734 -2.562772230272986 0.35 0.35 1.2 1
0 1.2370276878922337 -1.0033238181872852 0.35 0.35 1.2 1
0 -0.5350945122300523 1.2800661345739552 0.35 0.35 1.2 1
0 -2.522033437990461 0.04722317857413438 0.35 0.35 1.2 1
0 0.627676813509737 1.579198946868988 0.35 0.35 1.2 1
0 -1.0364885385955311 -0.2316126313533127 0.35 0.35 1.2 1
0 0.8736182640104656 -0.46945461614111395 0.35 0.35 1.2 1
0 1.5654059408180585 0.9233778851312026 0.35 0.35 1.2 1
0 -0.8566254766569734 -1.8052222567555645 0.35 0.35 1.2 1
0 -1.4852317833867357 -0.9753118987822871 0.35 0.35 1.2 1
0 1.1746756107769099 -1.2744625759286416 0.35 0.35 1.2 1
0 1.1235087395763874 0.28101381593781183 0.35 0.35 1.2 1
0 -0.04508423992994953 -2.682969162729316 0.35 0.35 1.2 1
0 -0.8659485231322729 -0.09346721246667888 0.35 0.35 1.2 1
0 1.8554059204748585 2.961920778644084 0.35 0.35 1.2 1
0 0.5877238184260788 0.24033501072798713 0.35 0.35 1.2 1
0 0.2085896339787898 1.9408927942855505 0.35 0.35 1.2 1
0 -1.9378773939673 -3.141592653589793 0.35 0.35 1.2 1
0 1.03720057837786 2.573610153564332 0.35 0.35 1.2 1
0 -0.718624569356073 -3.141592653589793 0.35 0.35 1.2 1
0 1.7022571895831475 -0.6880343591313075 0.35 0.35 1.2 1
0 -2.412274613562458 0.6033831676931023 0.35 0.35 1.2 1
0 3.141592653589793 -0.9452753492791413 0.35 0.35 1.2 1
0 -2.7217188918783535 2.0437650383582473 0.35 0.35 1.2 1
0 -0.7468100950942465 1.0423527287110643 0.35 0.35 1.2 1
0 1.5028690933739521 -2.9691328387995672 0.35 0.35 1.2 1
0 -0.2879973601114103 -0.4545316130450232 0.35 0.35 1.2 1
0 1.441285339260868 0.7888844076579049 0.35 0.35 1.2 1
0 0.47001420178943043 3.141592653589793 0.35 0.35 1.2 1
0 3.141592653589793 -2.681559806613663 0.35 0.35 1.2 1
0 1.6421181352489498 1.5250380989536758 0.35 0.35 1.2 1
0 0.442806906918763 1.457387388262669 0.35 0.35 1.2 1
0 -1.5773760794627605 -1.8127506807473575 0.35 0.35 1.2 1
0 -1.2455918434029745 -0.2571667335151546 0.35 0.35 1.2 1
0 -2.2840890662163393 0.6880106498094656 0.35 0.35 1.2 1
0 -0.4732296974799286 2.600062308922709 0.35 0.35 1.2 1
0 -2.0966231523928105 -3.141592653589793 0.35 0.35 1.2 1
0 -1.4281936271359184 -0.2755025368503181 0.35 0.35 1.2 1
0 -1.3519377951068683 -0.748408343456837 0.35 0.35 1.2 1
0 -2.0374025337853277 -1.553304806307572 0.35 0.35 1.2 1
0 -1.3059722777641145 0.3751040729286959 0.35 0.35 1.2 1
0 -1.8675406143549687 1.5654961735818627 0.35 0.35 1.2 1
0 -0.39467220030643513 0.9191499230097864 0.35 0.35 1.2 1
0 0.07058980060976638 1.5916613462135032 0.35 0.35 1.2 1
0 2.204150381476435 0.7326018776469017 0.35 0.35 1.2 1
0 0.3207054406011729 2.2805792847565565 0.35 0.35 1.2 1
0 1.4570467546470849 0.013956184570772634 0.35 0.35 1.2 1
0 -0.21801435971437555 0.1931201298046461 0.35 0.35 1.2 1
0 0.8000399128485707 1.6894660417440632 0.35 0.35 1.2 1
0 -0.9866772468196818 -1.7562341290309431 0.35 0.35 1.2 1
0 -1.7131975996008058 -2.4372260238148713 0.35 0.35 1.2 1
0 -1.756225540881794 0.36061801054623766 0.35 0.35 1.2 1
0 -1.024570325596574 2.189248147257149 0.35 0.35 1.2 1
0 -0.02169571485527999 0.015585327587957498 0.35 0.35 1.2 1
0 -0.5246379750971628 -0.08028968926384511 0.35 0.35 1.2 1
0 -1.4643600900511198 0.6155536730531225 0.35 0.35 1.2 1
0 0.7789903515154959 0.3628201480191351 0.35 0.35 1.2 1
0 1.8867853014335465 1.8149352048824938 0.35 0.35 1.2 1
0 0.15936007583699252 3.141592653589793 0.35 0.35 1.2 1
0 -0.10998668189351957 1.5328238085763246 0.35 0.35 1.2 1
0 0.14206850702472026 -3.141592653589793 0.35 0.35 1.2 1
0 0.22521219670234383 0.09711017693282475 0.35 0.35 1.2 1
0 2.5586191245758227 -1.128666189590037 0.35 0.35 1.2 1
0 -0.29656413683318017 1.6905776069921656 0.35 0.35 1.2 1
0 -3.141592653589793 1.888047583947924 0.35 0.35 1.2 1
0 -0.5404723397045483 0.39192651755070324 0.35 0.35 1.2 1
0 -3.1115036966789824 -2.705259872986098 0.35 0.35 1.2 1
0 1.1352119404628143 0.04112880447046541 0.35 0.35 1.2 1
0 -1.208281989571399 0.5220063061925359 0.35 0.35 1.2 1
0 -1.8119179848321916 3.141592653589793 0.35 0.35 1.2 1
0 1.1981846473355913 -1.1431058906823843 0.35 0.35 1.2 1
0 0.9852405311330275 1.796741023287647 0.35 0.35 1.2 1
0 1.4936091189133036 -1.0748561900226405 0.35 0.35 1.2 1
0 1.088818898802763 1.4036770353832013 0.35 0.35 1.2 1
0 0.14314435966072092 -1.7185453296373105 0.35 0.35 1.2 1
0 -0.5997654932341716 3.141592653589793 0.35 0.35 1.2 1
0 -1.8136508302203007 1.031496254705508 0.35 0.35 1.2 1
0 -0.7903384306950849 0.7729307987771223 0.35 0.35 1.2 1
0 -0.013907667212463282 2.8452899200582813 0.35 0.35 1.2 1
0 -0.9397006731079487 -2.5770104136928387 0.35 0.35 1.2 1
0 -1.04602952164892 1.2661300069874868 0.35 0.35 1.2 1
0 -1.8274909331925295 -0.19658705324955505 0.35 0.35 1.2 1
0 0.4214486096987623 -0.019462663889474374 0.35 0.35 1.2 1
0 2.7405034767732825 -0.03434189448916847 0.35 0.35 1.2 1
0 -2.015057607527557 0.5390188846313125 0.35 0.35 1.2 1
0 -2.313407412544225 3.141592653589793 0.35 0.35 1.2 1
0 0.6534302901972806 -1.781644044603427 0.35 0.35 1.2 1
0 -3.141592653589793 -1.5229019290663022 0.35 0.35 1.2 1
0 -1.0260236888459635 0.3715016907628088 0.35 0.35 1.2 1
0 1.9825083194723256 1.7515160444450788 0.35 0.35 1.2 1
0 -0.9848242023979086 -0.09758365064378555 0.35 0.35 1.2 1
0 -1.1374568891864871 0.6941721165374788 0.35 0.35 1.2 1
0 0.41600807663290895 -2.1884054781040763 0.35 0.35 1.2 1
0 -1.3239145154578658 -0.022209534448695833 0.35 0.35 1.2 1
0 -0.2648860127507898 2.4275735776168403 0.35 0.35 1.2 1
0 1.7610160577885896 3.141592653589793 0.35 0.35 1.2 1
0 0.24663646271425071 -1.2301594974317092 0.35 0.35 1.2 1
0 2.2983918602212343 0.2434918362405143 0.35 0.35 1.2 1
0 -0.9824861521953513 -1.102423067595961 0.35 0.35 1.2 1
0 0.2927487273783134 3.141592653589793 0.35 0.35 1.2 1
0 0.8727807276548285 2.0505877924908216 0.35 0.35 1.2 1
0 2.558576593191128 -1.0474689308022151 0.35 0.35 1.2 1
0 1.3359083742793378 -0.6136221055792099 0.35 0.35 1.2 1
0 2.7749012376191984 1.4862975430031673 0.35 0.35 1.2 1
0 -3.141592653589793 1.286209112134764 0.35 0.35 1.2 1
0 -0.2309387172626486 2.4645524787748454 0.35 0.35 1.2 1
0 2.6713079550401937 -1.88900454997956 0.35 0.35 1.2 1
0 0.6987464312406234 -0.2103615881373948 0.35 0.35 1.2 1
0 3.141592653589793 1.7296646747703037 0.35 0.35 1.2 1
0 1.7809570698220374 1.3136179715451481 0.35 0.35 1.2 1
0 -2.7403447304349258 3.100410039815645 0.35 0.35 1.2 1
0 0.5637247910854175 -3.141592653589793 0.35 0.35 1.2 1
0 0.009293699242663434 -0.2885060289457513 0.35 0.35 1.2 1
0 -2.761862789685052 -0.2532386094910839 0.35 0.35 1.2 1
0 -3.1244762414034253 -0.06432312324713685 0.35 0.35 1.2 1
0 -3.141592653589793 1.3123153153943434 0.35 0.35 1.2 1
0 2.3438044807176937 0.13837866560486298 0.35 0.35 1.2 1
0 2.332879116751856 -0.3003353868432641 0.35 0.35 1.2 1
0 -0.9088137571333773 0.36335349848617926 0.35 0.35 1.2 1
0 0.19299933296864635 1.8596973783907647 0.35 0.35 1.2 1
0 0.09769615691990613 -0.23643672385367986 0.35 0.35 1.2 1
0 1.0526062699401393 -0.826199053630915 0.35 0.35 1.2 1
0 -0.5087755678550216 -0.8200251176980478 0.35 0.35 1.2 1
0 -2.443120801620308 1.057989227205942 0.35 0.35 1.2 1
0 -0.7522382291523619 0.5695428217958352 0.35 0.35 1.2 1
0 0.4330880271835078 -1.4759566442898993 0.35 0.35 1.2 1
0 0.4465688984290934 1.1175600362459972 0.35 0.35 1.2 1
0 -1.5433382737879975 1.6153916960322543 0.35 0.35 1.2 1
0 -3.141592653589793 0.47234177009131323 0.35 0.35 1.2 1
0 -0.15105100307839536 0.47754378440545886 0.35 0.35 1.2 1
0 -1.284455004519774 0.008859152196939668 0.35 0.35 1.2 1
0 0.8585977272758565 -0.2256963302034911 0.35 0.35 1.2 1
0 0.9062050947141782 -0.14047707781366447 0.35 0.35 1.2 1
0 1.823563456345974 -2.3586078427856947 0.35 0.35 1.2 1
0 0.18737812783759233 0.4897051460048218 0.35 0.35 1.2 1
0 -1.241010365325729 1.610434670989838 0.35 0.35 1.2 1
0 -0.7226851328171439 -1.8802129329829602 0.35 0.35 1.2 1
0 2.1622037588438516 -1.1846804594705571 0.35 0.35 1.2 1
0 -2.419562597693829 -2.5050322588198095 0.35 0.35 1.2 1
0 -1.164378124957486 0.6556906702814399 0.35 0.35 1.2 1
0 -0.32929878647866284 -1.9824821061567306 0.35 0.35 1.2 1
0 0.7993686601824324 1.3498852953863087 0.35 0.35 1.2 1
0 -0.6637455624393607 0.6537259286554189 0.35 0.35 1.2 1
0 -1.9358222587614629 -0.7229443499201589 0.35 0.35 1.2 1
0 -0.5117728288814682 2.722126615462368 0.35 0.35 1.2 1
0 -0.6277586544343187 1.5853538091608756 0.35 0.35 1.2 1
0 -0.7704104148393442 -2.56996872280735 0.35 0.35 1.2 1
0 -2.087233458778885 2.681168485118354 0.35 0.35 1.2 1
0 -0.7637618392365719 -2.883818416591276 0.35 0.35 1.2 1
0 -1.5035130768275122 0.693422177136257 0.35 0.35 1.2 1
0 1.5568705611206584 0.4173055870979315 0.35 0.35 1.2 1
0 0.957637024788472 2.834859183164914 0.35 0.35 1.2 1
0 3.141592653589793 2.286966652880376 0.35 0.35 1.2 1
0 1.9206354313943872 -1.240418132985075 0.35 0.35 1.2 1
0 -1.0281361537420648 0.9196205238012853 0.35 0.35 1.2 1
0 -2.9973671426546233 -1.8371246272972872 0.35 0.35 1.2 1
0 -0.8645100803318415 -3.0349328190361513 0.35 0.35 1.2 1
0 1.8542839606756651 0.6750099947251313 0.35 0.35 1.2 1
0 -3.141592653589793 0.10905810311578168 0.35 0.35 1.2 1
0 -1.3077412195892781 -0.12174800277192155 0.35 0.35 1.2 1
0 -2.3719522650666103 1.858498771443967 0.35 0.35 1.2 1
0 1.7905037721507222 3.141592653589793 0.35 0.35 1.2 1
0 -0.816832548638458 1.5712386825211335 0.35 0.35 1.2 1
0 -3.141592653589793 1.4743511361566606 0.35 0.35 1.2 1
0 1.2444311423125836 -0.8486663560132471 0.35 0.35 1.2 1
0 1.2803199374294938 -3.141592653589793 0.35 0.35 1.2 1
0 -1.6731668607480046 -1.5941809652413341 0.35 0.35 1.2 1
0 1.1107993269633618 0.08247232142334893 0.35 0.35 1.2 1
0 2.5857490484653773 0.031806108892850515 0.35 0.35 1.2 1
0 -2.514703772846622 -1.9227540126950515 0.35 0.35 1.2 1
0 -3.141592653589793 -0.365908659952044 0.35 0.35 1.2 1
0 1.5043238020916616 2.0969557205014446 0.35 0.35 1.2 1
0 -1.1981358632403083 -2.3513418520565272 0.35 0.35 1.2 1
0 1.581465572611702 2.556108555711673 0.35 0.35 1.2 1
0 -0.809112572806008 -0.8180829643925135 0.35 0.35 1.2 1
0 0.3056727416737014 1.9157950332808527 0.35 0.35 1.2 1
0 0.9037626635134663 1.6762911655886417 0.35 0.35 1.2 1
0 -1.2139698857365828 0.062104994309001293 0.35 0.35 1.2 1
0 -0.9616607883060744 0.29080861387852264 0.35 0.35 1.2 1
0 3.141592653589793 0.2702910550153297 0.35 0.35 1.2 1
0 -1.7318762681570057 1.7366040783575438 0.35 0.35 1.2 1
0 -1.1497098532996035 -0.7603151763273343 0.35 0.35 1.2 1
0 -1.3295145856713595 -0.710415203846401 0.35 0.35 1.2 1
0 0.6712679564940982 0.26872636551955287 0.35 0.35 1.2 1
0 1.9943544045897155 -1.9453382821099388 0.35 0.35 1.2 1
0 -1.419846473696499 2.153939929666349 0.35 0.35 1.2 1
0 -0.6561152315239318 -0.7141596238704369 0.35 0.35 1.2 1
0 0.8633464911587008 -0.26689396095903173 0.35 0.35 1.2 1
0 -1.5990488832930698 0.32879770195092517 0.35 0.35 1.2 1
0 -0.7723072266431551 -2.0140004156977764 0.35 0.35 1.2 1
0 -1.9721100696873268 -2.1275276571545776 0.35 0.35 1.2 1
0 1.3497948936524482 -2.4602232354047646 0.35 0.35 1.2 1
0 -3.141592653589793 2.1530377543454238 0.35 0.35 1.2 1
0 1.0572410706162354 -1.64828053873819 0.35 0.35 1.2 1
0 -2.8427867120480954 -2.6878851922244102 0.35 0.35 1.2 1
0 1.0156630444941175 2.795153762253686 0.35 0.35 1.2 1
0 0.8214129805210199 -0.14877386417338934 0.35 0.35 1.2 1
0 1.7610536710896527 -0.006520927810358457 0.35 0.35 1.2 1
0 2.2755924369537577 3.141592653589793 0.35 0.35 1.2 1
0 -0.9563170891193339 2.1817352300796773 0.35 0.35 1.2 1
0 -1.1336261292838814 0.38636552780512956 0.35 0.35 1.2 1
0 -0.3507952832594895 1.2993631575079838 0.35 0.35 1.2 1
0 1.3544033886867148 2.0260449254719455 0.35 0.35 1.2 1
0 -0.9488430137738948 0.2077050396391389 0.35 0.35 1.2 1
0 -0.711115607923928 1.1185665102771873 0.35 0.35 1.2 1
0 0.10669271127371083 1.984047444883856 0.35 0.35 1.2 1
0 1.6612938885371835 -2.8920332762518046 0.35 0.35 1.2 1
0 -2.047557348481343 2.6480482861196846 0.35 0.35 1.2 1
0 -2.0808325931340996 -0.09277090767163854 0.35 0.35 1.2 1
0 0.9799784622136076 -0.21733522155394375 0.35 0.35 1.2 1
0 -2.6075753297074864 1.3901344245760832 0.35 0.35 1.2 1
0 -2.6687040784836835 1.1066988727468416 0.35 0.35 1.2 1
0 -0.6651316769186686 1.3626086760552854 0.35 0.35 1.2 1
0 -2.550522381011991 -0.46402159281474603 0.35 0.35 1.2 1
0 0.4420375153544941 0.113318695436877 0.35 0.35 1.2 1
0 1.114867151189701 1.0839625773237007 0.35 0.35 1.2 1
0 -2.7603593959873027 -0.3639866106499897 0.35 0.35 1.2 1
0 0.4542222773835132 -0.37964583249628914 0.35 0.35 1.2 1
0 -2.214615665902089 -1.6052955350491105 0.35 0.35 1.2 1
0 -2.8769973794431167 -0.7431435957656626 0.35 0.35 1.2 1
0 1.7236651741305875 -3.141592653589793 0.35 0.35 1.2 1
0 0.6921202335155444 1.043567046781831 0.35 0.35 1.2 1
0 -3.141592653589793 -3.0533184876651727 0.35 0.35 1.2 1
0 -0.10777614432808375 2.6224122640841223 0.35 0.35 1.2 1
0 -0.35921174173698656 -1.717656038182466 0.35 0.35 1.2 1
0 -3.141592653589793 -2.1240938464380927 0.35 0.35 1.2 1
0 -1.2667051266253595 -1.4033892136402408 0.35 0.35 1.2 1
0 -0.5137337238460049 2.8627765439515187 0.35 0.35 1.2 1
0 1.3754371986352583 -3.141592653589793 0.35 0.35 1.2 1
0 2.320386204050026 -0.4126726293255363 0.35 0.35 1.2 1
0 -3.0516671415648293 0.6718716046340949 0.35 0.35 1.2 1
0 0.8599001744775445 1.1833020540399015 0.35 0.35 1.2 1
0 -2.474055978028705 3.141592653589793 0.35 0.35 1.2 1
0 -0.6747340108352317 0.7872234634053874 0.35 0.35 1.2 1
0 2.3275466679781234 1.3732189136716233 0.35 0.35 1.2 1
0 -0.9338224596156474 2.610987099597877 0.35 0.35 1.2 1
0 1.3636763145475703 1.45407049485393 0.35 0.35 1.2 1
0 -0.3253618214064118 0.7552104108124995 0.35 0.35 1.2 1
0 -0.07819813864988723 2.5761459693208693 0.35 0.35 1.2 1
0 0.38910685356962943 1.9359575946703975 0.35 0.35 1.2 1
0 -0.8183598151598646 -2.4405470116203887 0.35 0.35 1.2 1
0 -1.4682646514198303 0.33847840497776416 0.35 0.35 1.2 1
0 -1.799525062120495 -0.1884195928693284 0.35 0.35 1.2 1
0 -2.271272171757813 0.7828113404737138 0.35 0.35 1.2 1
0 -2.0677936982906235 -3.141592653589793 0.35 0.35 1.2 1
0 1.1047846615292793 2.6890512430181657 0.35 0.35 1.2 1
0 -1.7497935956851727 2.946429174971364 0.35 0.35 1.2 1
0 -0.016505607318069937 2.7275558390534935 0.35 0.35 1.2 1
0 -3.141592653589793 1.1556748308303346 0.35 0.35 1.2 1
0 -0.44723603063641404 1.9143576106402302 0.35 0.35 1.2 1
0 -0.8945526424787674 2.0751964640565825 0.35 0.35 1.2 1
0 -2.796969171284676 -1.1876086397173922 0.35 0.35 1.2 1
0 1.1330381502403575 -2.3160471491719856 0.35 0.35 1.2 1
0 -0.4696794959877414 0.7751501478443101 0.35 0.35 1.2 1
0 -2.563967216728993 -0.984379268528554 0.35 0.35 1.2 1
0 -0.9144365686871794 -2.1732187767282958 0.35 0.35 1.2 1
0 -0.48680742089335927 -2.954622161976165 0.35 0.35 1.2 1
0 2.3557508346722082 1.9821745368807568 0.35 0.35 1.2 1
0 -1.817098684601842 3.141592653589793 0.35 0.35 1.2 1
0 -2.2901925518519293 0.48352241347758773 0.35 0.35 1.2 1
0 -0.18943659036105576 0.7343270013114639 0.35 0.35 1.2 1
0 3.141592653589793 2.923962600843971 0.35 0.35 1.2 1
0 -0.6805882638884906 -1.4427161680584322 0.35 0.35 1.2 1
0 -2.0267082319097964 1.0620537021350427 0.35 0.35 1.2 1
0 -2.6252165409791433 -2.4863681605633583 0.35 0.35 1.2 1
0 1.0776890912145927 -0.6046162551651986 0.35 0.35 1.2 1
0 -0.752145029084603 0.3465740886719652 0.35 0.35 1.2 1
0 -1.8986864203568679 1.3545004657762423 0.35 0.35 1.2 1
0 -0.2214181248578917 -0.40728638021933194 0.35 0.35 1.2 1
0 -0.5429884834567533 0.2949404633060513 0.35 0.35 1.2 1
0 -0.33506765962816965 1.5260181205918357 0.35 0.35 1.2 1
0 -2.4251567316206355 -0.6982875603093435 0.35 0.35 1.2 1
0 0.9511390988350162 -0.2436417888074962 0.35 0.35 1.2 1
0 -2.759279072353559 1.7355645099339538 0.35 0.35 1.2 1
0 -0.9772982763267235 1.5356634911120675 0.35 0.35 1.2 1
0 -0.984734803127569 0.7524507088849453 0.35 0.35 1.2 1
0 -1.9905644763103143 -1.1251179378643812 0.35 0.35 1.2 1
0 1.4423018336078552 2.8930287317392063 0.35 0.35 1.2 1
0 -3.141592653589793 2.543647200977946 0.35 0.35 1.2 1
0 1.175963344930804 1.1338768317661065 0.35 0.35 1.2 1
0 3.141592653589793 -0.32204563397656016 0.35 0.35 1.2 1
0 1.5636160733979114 1.5051881178728435 0.35 0.35 1.2 1
0 0.9092022041066673 -1.1833411746732971 0.35 0.35 1.2 1
0 -3.141592653589793 0.8414971660565925 0.35 0.35 1.2 1
0 -1.2271429479768292 2.036763800479682 0.35 0.35 1.2 1
0 0.1233568027990759 0.24847367537610132 0.35 0.35 1.2 1
0 -0.858595185719757 2.6205348208487576 0.35 0.35 1.2 1
0 -0.9655300205356465 2.1496274488209623 0.35 0.35 1.2 1
0 -1.503562745439176 1.4834862631971997 0.35 0.35 1.2 1
0 -1.6423643015906204 3.141592653589793 0.35 0.35 1.2 1
0 1.3602133402750103 -2.5675557964671283 0.35 0.35 1.2 1
0 1.4129059598925826 0.6437525129598773 0.35 0.35 1.2 1
0 0.40239737778796036 1.568069774147957 0.35 0.35 1.2 1
0 0.21461919684624586 -0.1771236770153568 0.35 0.35 1.2 1
0 1.9792927365287556 0.7707168370746877 0.35 0.35 1.2 1
0 -2.779463857844685 1.224711181895943 0.35 0.35 1.2 1
0 -0.10424254113037568 0.013780329316985196 0.35 0.35 1.2 1
0 1.0613503657690373 0.5031340864577487 0.35 0.35 1.2 1
0 -1.949932097170745 0.25577914839427224 0.35 0.35 1.2 1
0 -0.7209424531202178 -0.8548311740844137 0.35 0.35 1.2 1
0 0.500085912366312 0.8798418612074977 0.35 0.35 1.2 1
0 0.7368320941090756 -1.3597045173080895 0.35 0.35 1.2 1
0 -1.8815867896181953 1.3179427504959165 0.35 0.35 1.2 1
0 -1.2592761883135255 -0.9948770346926321 0.35 0.35 1.2 1
0 0.5238520283345238 0.9748671744605152 0.35 0.35 1.2 1
0 0.910144848234654 0.9200089730865779 0.35 0.35 1.2 1
0 1.3400993962232333 1.3869586407944339 0.35 0.35 1.2 1
0 -0.5979740710108998 1.2021403468037477 0.35 0.35 1.2 1
0 0.919887341802017 -1.66364142727627 0.35 0.35 1.2 1
0 -1.0743760360378203 2.699319310516297 0.35 0.35 1.2 1
0 -0.04499159571212548 1.4743666865333545 0.35 0.35 1.2 1
0 0.1837887281632602 1.6266391734682644 0.35 0.35 1.2 1
0 -0.47390213064479436 1.681202866284669 0.35 0.35 1.2 1
0 -0.1656252071982971 2.432639356394395 0.35 0.35 1.2 1
0 0.6084752257890763 2.964004555873335 0.35 0.35 1.2 1
0 -1.3417757631908895 3.141592653589793 0.35 0.35 1.2 1
0 3.141592653589793 1.6408944378000276 0.35 0.35 1.2 1
0 0.8167811783249623 -2.140802406779054 0.35 0.35 1.2 1
0 -0.8540370363936793 3.034731848564225 0.35 0.35 1.2 1
0 -0.6025769661438946 0.018956926799101936 0.35 0.35 1.2 1
0 -0.9058591814415382 2.2464999551398708 0.35 0.35 1.2 1
0 -0.35477505314292856 1.7348234237807252 0.35 0.35 1.2 1
0 -2.2417636048807177 2.9399704211487157 0.35 0.35 1.2 1
0 -2.0829577390809186 -0.2954893808997956 0.35 0.35 1.2 1
0 -3.141592653589793 3.141592653589793 0.35 0.35 1.2 1
0 -0.7535505357127759 0.2226536835735451 0.35 0.35 1.2 1
0 -1.7887055358467763 1.651288810064612 0.35 0.35 1.2 1
0 -0.3983872840595446 1.35484334203992 0.35 0.35 1.2 1
0 0.3160870755639404 -0.11280091394102715 0.35 0.35 1.2 1
0 0.542236925903688 0.292713459894301 0.35 0.35 1.2 1
0 -2.5823009058141464 3.141592653589793 0.35 0.35 1.2 1
0 -1.1176120290584093 2.2296892832886175 0.35 0.35 1.2 1
0 -3.0641977900725847 0.454871610242471 0.35 0.35 1.2 1
0 1.8288345014924015 -0.1910401889591118 0.35 0.35 1.2 1
0 -0.2105037495582519 2.844885237152511 0.35 0.35 1.2 1
0 -0.543651609331896 1.4644036882485558 0.35 0.35 1.2 1
0 0.7436655809318078 0.4538039711700812 0.35 0.35 1.2 1
0 -1.822045950556075 -0.8990398323182891 0.35 0.35 1.2 1
0 0.8444910408774293 1.6940885313873375 0.35 0.35 1.2 1
0 0.5724983664369997 -0.07006806822843803 0.35 0.35 1.2 1
0 1.8944633588950488 0.5242927286639382 0.35 0.35 1.2 1
0 -0.582973290841482 0.982165768239353 0.35 0.35 1.2 1
0 1.246989039299415 2.8374110912891917 0.35 0.35 1.2 1
0 -1.8458122297673054 2.423555902435427 0.35 0.35 1.2 1
0 -1.8717414752100965 -0.7240317902733204 0.35 0.35 1.2 1
0 -2.0800442535277837 -0.056490988600781056 0.35 0.35 1.2 1
0 -1.6282129013147055 6.117573523228836e-06 0.35 0.35 1.2 1
0 -0.6821806905201226 1.1286588081001148 0.35 0.35 1.2 1
0 -3.035466936608211 0.7625925307016239 0.35 0.35 1.2 1
0 -1.4837202929817335 2.4148898612226577 0.35 0.35 1.2 1
0 -0.20444180557824226 2.643320483941183 0.35 0.35 1.2 1
0 -0.7482269644125674 3.141592653589793 0.35 0.35 1.2 1
0 0.3694202953550393 3.141592653589793 0.35 0.35 1.2 1
0 -2.6098516113122185 0.04384224304527429 0.35 0.35 1.2 1
0 -2.3572788115538037 1.495362229595456 0.35 0.35 1.2 1
0 -1.5586903884902978 -1.9289493087632534 0.35 0.35 1.2 1
0 -3.141592653589793 2.3694022509580375 0.35 0.35 1.2 1
0 -2.606768138811878 2.3910644597133563 0.35 0.35 1.2 1
0 -0.7443582166099973 0.8471343798574835 0.35 0.35 1.2 1
0 -0.25466549514589826 -1.1718548803575843 0.35 0.35 1.2 1
0 -1.3144385263556946 3.141592653589793 0.35 0.35 1.2 1
0 -0.5961535402406949 2.0264519860659385 0.35 0.35 1.2 1
0 1.0331762111327922 -0.31524294084472715 0.35 0.35 1.2 1
0 -3.141592653589793 -0.8804535399937954 0.35 0.35 1.2 1
0 3.141592653589793 1.0880619368284115 0.35 0.35 1.2 1
0 -2.347543402583505 0.9786602303004697 0.35 0.35 1.2 1
0 1.665471666413945 1.1841368798375034 0.35 0.35 1.2 1
0 -1.325862170153893 -0.638776458781102 0.35 0.35 1.2 1
0 -1.4976194712998763 2.612637497218442 0.35 0.35 1.2 1
0 -3.141592653589793 1.0980185164710232 0.35 0.35 1.2 1
0 1.1764922661267947 2.6814352982773446 0.35 0.35 1.2 1
0 -1.2222302325289247 3.141592653589793 0.35 0.35 1.2 1
0 3.1008870976570333 -0.0640659467384701 0.35 0.35 1.2 1
0 -1.5341975350517334 -1.8218542323143083 0.35 0.35 1.2 1
0 -0.8954493460938515 0.3018792636783338 0.35 0.35 1.2 1
0 -0.6762458190685772 0.5252453581097687 0.35 0.35 1.2 1
0 -0.17155805302272362 -1.5174753028539745 0.35 0.35 1.2 1
0 -0.623218546657174 -0.6348771239246584 0.35 0.35 1.2 1
0 -1.201325731454622 -0.6686443670780848 0.35 0.35 1.2 1
0 -1.0157784865093082 -0.5053948359952665 0.35 0.35 1.2 1
0 -1.7876796268686537 2.680080941587456 0.35 0.35 1.2 1
0 -1.11407394760149 2.786743929499288 0.35 0.35 1.2 1
0 -3.0764016662825195 1.0814068913300856 0.35 0.35 1.2 1
0 -2.0142806856870945 1.957852336253105 0.35 0.35 1.2 1
0 -1.9046600769056747 -3.141592653589793 0.35 0.35 1.2 1
0 -1.2180569186339372 0.1934076560573676 0.35 0.35 1.2 1
0 0.9233760607416022 0.5954852883026964 0.35 0.35 1.2 1
0 -1.6385522898793448 -0.15564285508646736 0.35 0.35 1.2 1
0 -0.723675353078552 0.5170871570992508 0.35 0.35 1.2 1
0 -1.1726181740257005 -2.0518981855611305 0.35 0.35 1.2 1
0 -2.89324294736209 -0.9568135850338597 0.35 0.35 1.2 1
0 2.8465013248797733 2.4670568004184084 0.35 0.35 1.2 1
0 -0.6524017014081169 2.110472909784979 0.35 0.35 1.2 1
0 -0.14595125510222795 -0.6803954931128391 0.35 0.35 1.2 1
0 -0.7291574624780397 1.2449449021084698 0.35 0.35 1.2 1
0 -3.141592653589793 0.6381762194825056 0.35 0.35 1.2 1
0 0.7845081068176172 -0.12753182002883706 0.35 0.35 1.2 1
0 0.08053919636270745 3.094153919335217 0.35 0.35 1.2 1
0 -1.153090915848992 -0.5594684091926789 0.35 0.35 1.2 1
0 -2.325256558727338 0.7485088932873938 0.35 0.35 1.2 1
0 -0.4076146060911935 1.7128459578228876 0.35 0.35 1.2 1
0 0.5322172348743885 3.141592653589793 0.35 0.35 1.2 1
0 1.4025110506716616 -1.0514425952388953 0.35 0.35 1.2 1
0 -3.141592653589793 1.292486587917395 0.35 0.35 1.2 1
0 -1.922504202759266 1.2010687618549536 0.35 0.35 1.2 1
0 -1.0463016469717243 -0.9575583452034554 0.35 0.35 1.2 1
0 -1.8172635615679054 -2.362496335358303 0.35 0.35 1.2 1
0 -2.3117668696192406 2.116446317182815 0.35 0.35 1.2 1
0 2.3623007775351295 3.141592653589793 0.35 0.35 1.2 1
