#! FIELDS time phi psi sigma_phi sigma_psi height biasf
                        #! SET multivariate false
                        #! SET kerneltype stretched-gaussian
                        #! SET min_phi -pi
                        #! SET max_phi pi
                        #! SET min_psi -pi
                        #! SET max_psi pi
0 -1.2519947409583527 2.5013773348542085 0.35 0.35 1.2 1
0 -1.1933417127733528 -1.183292015166252 0.35 0.35 1.2 1
0 -2.027498487619166 0.4783182365362999 0.35 0.35 1.2 1
0 -0.11270064548858244 0.6694852039482158 0.35 0.35 1.2 1
0 -2.4332144174053867 0.5534582452265222 0.35 0.35 1.2 1
0 -0.474716897001501 0.7951867077758622 0.35 0.35 1.2 1
0 -1.824465765372261 0.6049118356586773 0.35 0.35 1.2 1
0 -0.525789831727677 0.07950176344435222 0.35 0.35 1.2 1
0 -3.141592653589793 1.6142555741859794 0.35 0.35 1.2 1
0 -1.6762212604316975 2.1018943513841406 0.35 0.35 1.2 1
0 -0.9237491117035785 2.437352998108143 0.35 0.35 1.2 1
0 -2.3357731441923555 -0.7891528151595519 0.35 0.35 1.2 1
0 -0.5923651676145141 1.6437272839248063 0.35 0.35 1.2 1
0 -0.09379836173108047 1.5565054422602747 0.35 0.35 1.2 1
0 -1.6294323441029002 1.039810073296834 0.35 0.35 1.2 1
0 -1.0768558206790617 2.9110453221971264 0.35 0.35 1.2 1
0 -2.356529132609725 3.141592653589793 0.35 0.35 1.2 1
0 -1.8722575664755396 0.27757393598350844 0.35 0.35 1.2 1
0 2.0752797488338373 2.4260923554378957 0.35 0.35 1.2 1
0 -1.7372123970127247 3.141592653589793 0.35 0.35 1.2 1
0 0.7623179816762633 0.7608677251610572 0.35 0.35 1.2 1
0 0.47083323446292447 3.141592653589793 0.35 0.35 1.2 1
0 -0.16413682923893272 -1.7846582466539487 0.35 0.35 1.2 1
0 -1.581962955012149 1.7005034543781539 0.35 0.35 1.2 1
0 -1.8846240738753894 3.141592653589793 0.35 0.35 1.2 1
0 -2.5320897939638387 1.5213883585785746 0.35 0.35 1.2 1
0 -0.5744632227036384 3.141592653589793 0.35 0.35 1.2 1
0 -3.1223206226951423 2.60632602015545 0.35 0.35 1.2 1
0 -1.6602266051386458 0.7139668960732877 0.35 0.35 1.2 1
0 1.335195644477269 -1.220246971403619 0.35 0.35 1.2 1
0 -2.883014518406645 3.141592653589793 0.35 0.35 1.2 1
0 -1.3528227372108825 2.0363332207141673 0.35 0.35 1.2 1
0 -1.210861572549807 -0.09063054685817207 0.35 0.35 1.2 1
0 0.5742251839201606 -1.7570066366416717 0.35 0.35 1.2 1
0 -1.2042147007724875 3.1291579662142137 0.35 0.35 1.2 1
0 -2.0330252382120655 0.6433531085007277 0.35 0.35 1.2 1
0 -0.8246226779855421 0.96817571686898 0.35 0.35 1.2 1
0 2.2960883940993786 2.566284153133495 0.35 0.35 1.2 1
0 -1.2504569675854982 -0.32166085295044533 0.35 0.35 1.2 1
0 -1.7141969737572305 1.2626668178498803 0.35 0.35 1.2 1
0 -1.2471946206668525 1.3914188133794791 0.35 0.35 1.2 1
0 -3.141592653589793 0.5164577748207761 0.35 0.35 1.2 1
0 0.5595449357297393 1.3535101311973763 0.35 0.35 1.2 1
0 -1.8614587044384752 0.9836160576993113 0.35 0.35 1.2 1
0 -3.141592653589793 2.562177904283064 0.35 0.35 1.2 1
0 -0.8359216239317313 1.6942899289334226 0.35 0.35 1.2 1
0 0.9296345291551682 -1.2056395971894 0.35 0.35 1.2 1
0 -2.395927992630326 3.141592653589793 0.35 0.35 1.2 1
0 0.5195298455856192 -1.057009198649671 0.35 0.35 1.2 1
0 -1.9622337259407046 3.141592653589793 0.35 0.35 1.2 1
0 0.43115161847188244 -0.09723587204812723 0.35 0.35 1.2 1
0 2.2171814642097383 3.141592653589793 0.35 0.35 1.2 1
0 -3.141592653589793 3.141592653589793 0.35 0.35 1.2 1
0 2.1815555659283694 0.44342881016245816 0.35 0.35 1.2 1
0 -2.973827934515085 1.684364395686217 0.35 0.35 1.2 1
0 1.270967415931871 1.6739114855024368 0.35 0.35 1.2 1
0 -0.9758954979101588 2.179314202939822 0.35 0.35 1.2 1
0 -1.7365307111339887 -0.17611901849414327 0.35 0.35 1.2 1
0 -0.7050601924709797 0.30755576765573756 0.35 0.35 1.2 1
0 -3.141592653589793 3.141592653589793 0.35 0.35 1.2 1
0 -0.0777967614842518 0.7897287811370413 0.35 0.35 1.2 1
0 -1.2290134822344303 2.2862151904484875 0.35 0.35 1.2 1
0 -3.141592653589793 -0.6345262376676177 0.35 0.35 1.2 1
0 -2.144653435711097 -2.2173884201559653 0.35 0.35 1.2 1
0 -3.141592653589793 2.9655285727395917 0.35 0.35 1.2 1
0 -2.6518090002207813 0.47956924751527663 0.35 0.35 1.2 1
0 -0.8938515365487006 2.3702259940195796 0.35 0.35 1.2 1
0 0.33952700341480513 0.9458442106134384 0.35 0.35 1.2 1
0 -2.235853584242465 0.3494389047572185 0.35 0.35 1.2 1
0 -0.7182031140065919 2.2244161416428048 0.35 0.35 1.2 1
0 -1.73319086393659 1.239004781644316 0.35 0.35 1.2 1
0 -2.9311485464953604 3.141592653589793 0.35 0.35 1.2 1
0 -0.278912837648969 1.3151992002869832 0.35 0.35 1.2 1
0 -0.0033822783665488076 2.3054453237983505 0.35 0.35 1.2 1
0 2.4898345805568165 1.448085500341274 0.35 0.35 1.2 1
0 0.41919600491818154 3.141592653589793 0.35 0.35 1.2 1
0 0.5904584773251517 0.49685941608493034 0.35 0.35 1.2 1
0 -2.890276727147111 -0.33948744207591164 0.35 0.35 1.2 1
0 0.24584763801118592 1.3142273391159969 0.35 0.35 1.2 1
0 -0.1326969492387089 1.3956337218299366 0.35 0.35 1.2 1
0 -0.911720679633119 0.3202855651227998 0.35 0.35 1.2 1
0 -2.019452282098486 1.5867172483878815 0.35 0.35 1.2 1
0 -2.929994707676469 2.541985964054081 0.35 0.35 1.2 1
0 -0.14682270795807462 2.1544916296628465 0.35 0.35 1.2 1
0 -3.141592653589793 -0.18574035374617126 0.35 0.35 1.2 1
0 1.3653650879930637 -1.1737473114401071 0.35 0.35 1.2 1
0 -0.9724364093825595 1.1260124168012942 0.35 0.35 1.2 1
0 -3.141592653589793 -3.141592653589793 0.35 0.35 1.2 1
0 -2.2989092163044407 -0.8554123456939652 0.35 0.35 1.2 1
0 0.7828289440243219 0.8986704777571823 0.35 0.35 1.2 1
0 -1.793140623875021 -0.8620273863431258 0.35 0.35 1.2 1
0 -0.39637032888497115 1.9023490559373368 0.35 0.35 1.2 1
0 -3.141592653589793 3.141592653589793 0.35 0.35 1.2 1
0 -2.575455059528167 0.5715253595414511 0.35 0.35 1.2 1
0 -0.11708175836093537 0.5649360805980171 0.35 0.35 1.2 1
0 -1.5519833107044547 3.141592653589793 0.35 0.35 1.2 1
0 -1.056708997492256 3.141592653589793 0.35 0.35 1.2 1
0 -0.23563232786417132 2.4306055311985206 0.35 0.35 1.2 1
0 -2.7461209230976196 0.8385364317847701 0.35 0.35 1.2 1
0 -3.141592653589793 2.336202102815932 0.35 0.35 1.2 1
