#! FIELDS time phi psi sigma_phi sigma_psi height biasf
                        #! SET multivariate false
                        #! SET kerneltype stretched-gaussian
                        #! SET min_phi -pi
                        #! SET max_phi pi
                        #! SET min_psi -pi
                        #! SET max_psi pi
0 3.0640449639919174 2.8228281173740433 0.35 0.35 1.2 1
0 -3.141592653589793 0.21242543513891293 0.35 0.35 1.2 1
0 -0.6694893073850993 0.37980235106330323 0.35 0.35 1.2 1
0 0.1387902624909432 -0.10149760391884821 0.35 0.35 1.2 1
0 -0.8788444958398869 2.581694091789033 0.35 0.35 1.2 1
0 0.6781250814698778 1.3990705979434594 0.35 0.35 1.2 1
0 -2.853615837273993 -0.7428127334482266 0.35 0.35 1.2 1
0 3.141592653589793 -0.06421757745504597 0.35 0.35 1.2 1
0 -0.14815686608631745 -0.7513457390462646 0.35 0.35 1.2 1
0 1.948235646950656 0.9517383439792153 0.35 0.35 1.2 1
0 2.3977701374804585 1.8345466314357561 0.35 0.35 1.2 1
0 -2.8751520026259816 -0.6039020296066353 0.35 0.35 1.2 1
0 -0.011283073753864281 1.9044389459301097 0.35 0.35 1.2 1
0 -0.9389687716590702 2.484266443763884 0.35 0.35 1.2 1
0 -2.752210829849143 -1.323819680237816 0.35 0.35 1.2 1
0 0.6811626589531711 1.7451403273914257 0.35 0.35 1.2 1
0 2.7106468776811297 2.383907798891437 0.35 0.35 1.2 1
0 -2.2233125566306744 -0.7828489391913733 0.35 0.35 1.2 1
0 0.8987969403423383 -3.141592653589793 0.35 0.35 1.2 1
0 -3.141592653589793 -1.4872337146292454 0.35 0.35 1.2 1
0 -1.3626159506724533 -1.5475855301325816 0.35 0.35 1.2 1
0 -1.9074621393057654 -0.0510680377255357 0.35 0.35 1.2 1
0 -2.710256099132084 -1.190619751591603 0.35 0.35 1.2 1
0 -0.425402603694859 0.38846648475244816 0.35 0.35 1.2 1
0 -0.33013914215222595 0.48735962088624596 0.35 0.35 1.2 1
0 -2.509970448344076 1.6717245828829996 0.35 0.35 1.2 1
0 1.226402533382662 1.6992095892032715 0.35 0.35 1.2 1
0 -0.8542376515919032 -0.1492440910110442 0.35 0.35 1.2 1
0 2.8906505481841784 1.999532985250367 0.35 0.35 1.2 1
0 0.8500164455967247 0.7125850323910341 0.35 0.35 1.2 1
0 0.6012624283117796 1.6170430320420672 0.35 0.35 1.2 1
0 -2.534187166458276 1.0189729044487927 0.35 0.35 1.2 1
0 0.9972193076837067 -0.3857983885839257 0.35 0.35 1.2 1
0 -2.623603350036208 -3.141592653589793 0.35 0.35 1.2 1
0 0.42483573894196525 -1.4287394159862092 0.35 0.35 1.2 1
0 -3.141592653589793 1.4645995819583402 0.35 0.35 1.2 1
0 -1.137885425235631 -0.5722561009773632 0.35 0.35 1.2 1
0 -0.22511414500817817 -0.9486623547745304 0.35 0.35 1.2 1
0 0.42103401387920714 -2.7635988771546365 0.35 0.35 1.2 1
0 0.0008402546902426256 1.707442991397492 0.35 0.35 1.2 1
0 1.9996056400642641 0.26799065338421213 0.35 0.35 1.2 1
0 2.2349620938010304 0.7164063369297584 0.35 0.35 1.2 1
0 0.6632226143439759 -2.926396455499763 0.35 0.35 1.2 1
0 1.332111086961301 -0.6850338770994756 0.35 0.35 1.2 1
0 -2.848451464888953 1.1317872610797535 0.35 0.35 1.2 1
0 -2.6428248416413362 2.215575632227232 0.35 0.35 1.2 1
0 3.141592653589793 2.685835997515025 0.35 0.35 1.2 1
0 0.41804594397749584 1.137420451792544 0.35 0.35 1.2 1
0 -2.5163198770413615 -0.7372703977221933 0.35 0.35 1.2 1
0 -3.141592653589793 0.7547903984360506 0.35 0.35 1.2 1
0 -3.141592653589793 -3.141592653589793 0.35 0.35 1.2 1
0 1.4057269127322116 -0.4779166692440444 0.35 0.35 1.2 1
0 1.3526315406207656 1.7994530616807942 0.35 0.35 1.2 1
0 -2.6178017116236143 -1.175422376627477 0.35 0.35 1.2 1
0 -2.5924078619264175 2.5999651553186562 0.35 0.35 1.2 1
0 3.141592653589793 -0.8414891805627832 0.35 0.35 1.2 1
0 1.8360731495596354 -3.0801642708805455 0.35 0.35 1.2 1
0 0.6492265679864259 -1.837987363225571 0.35 0.35 1.2 1
0 -2.5082868488104073 2.7570914395892303 0.35 0.35 1.2 1
0 -0.05097145044374085 1.3178385593219681 0.35 0.35 1.2 1
0 -3.141592653589793 3.0256003128344244 0.35 0.35 1.2 1
0 -1.168963748808568 0.07922001951185065 0.35 0.35 1.2 1
0 -0.5883640259313045 0.801560862397272 0.35 0.35 1.2 1
0 1.0319087181990259 2.6746166338658135 0.35 0.35 1.2 1
0 -1.9437014993416764 -0.5267103822111061 0.35 0.35 1.2 1
0 0.8698255198565736 1.36887261415293 0.35 0.35 1.2 1
0 -0.3094813472291075 -0.6944289895549007 0.35 0.35 1.2 1
0 -1.095985613129464 0.25818705827042976 0.35 0.35 1.2 1
0 0.7467137933605787 -0.1770998115441047 0.35 0.35 1.2 1
0 0.784940195889618 0.2275905569573824 0.35 0.35 1.2 1
0 1.6142035506366503 2.0050801531103737 0.35 0.35 1.2 1
0 -1.0348979762723163 1.1688405539653353 0.35 0.35 1.2 1
0 0.781243937495873 2.255205556865271 0.35 0.35 1.2 1
0 0.49143892331546857 1.345704747033624 0.35 0.35 1.2 1
0 0.3733948068708742 -1.0050823962247306 0.35 0.35 1.2 1
0 0.0010318421181512716 0.8927074054976227 0.35 0.35 1.2 1
0 1.0438957652164915 1.8834358240556903 0.35 0.35 1.2 1
0 -1.345008425279316 3.141592653589793 0.35 0.35 1.2 1
0 1.2491003993147773 -1.3693217074253934 0.35 0.35 1.2 1
0 -0.9226921827990509 -0.21918313800648426 0.35 0.35 1.2 1
0 1.693941270629026 -0.6017580954999383 0.35 0.35 1.2 1
0 -0.5319714073938887 -3.1297829024751254 0.35 0.35 1.2 1
0 -0.3958988516219063 0.7280763697806933 0.35 0.35 1.2 1
0 -0.6838162310391985 -2.8028074964527074 0.35 0.35 1.2 1
0 0.005018540493193724 0.01784581533041052 0.35 0.35 1.2 1
0 -0.9206652850548185 1.8708579173169655 0.35 0.35 1.2 1
0 -1.018473792434645 -1.9298487589596427 0.35 0.35 1.2 1
0 -1.1401300698808652 -0.5212136924078634 0.35 0.35 1.2 1
0 -0.5922033770611699 -0.18326280633554493 0.35 0.35 1.2 1
0 -1.95828451390776 0.9130978069731224 0.35 0.35 1.2 1
0 -1.7191966666388416 1.2186295100962783 0.35 0.35 1.2 1
0 -3.141592653589793 0.8079472283475739 0.35 0.35 1.2 1
0 1.7969261929232627 1.0176116640265531 0.35 0.35 1.2 1
0 1.6333544695541122 0.22019933343352183 0.35 0.35 1.2 1
0 0.016010095742224673 -0.20004905557234265 0.35 0.35 1.2 1
0 -3.141592653589793 1.976909585659746 0.35 0.35 1.2 1
0 -0.8790592716206903 2.5568393700085803 0.35 0.35 1.2 1
0 0.02791803137480542 1.0218811065987161 0.35 0.35 1.2 1
0 1.4368269248222765 0.4421299872540151 0.35 0.35 1.2 1
0 -3.141592653589793 -0.32496148025031246 0.35 0.35 1.2 1
0 -2.10063133348318 0.0033747467911314777 0.35 0.35 1.2 1
0 -2.0242582561736966 -2.3498440311647806 0.35 0.35 1.2 1
0 -0.6857862102603413 2.366962295411056 0.35 0.35 1.2 1
0 -1.5718029315820532 2.0850348518711592 0.35 0.35 1.2 1
0 2.257519855259999 0.28091997103377553 0.35 0.35 1.2 1
0 1.068149865820738 0.7863677615257014 0.35 0.35 1.2 1
0 -3.141592653589793 2.1277377795832573 0.35 0.35 1.2 1
0 -1.6154334982945073 -0.060646821708089604 0.35 0.35 1.2 1
0 -1.0058407814504975 -1.5148025057710488 0.35 0.35 1.2 1
0 2.343473216824401 3.141592653589793 0.35 0.35 1.2 1
0 -0.28660543998438137 -2.0917406839913233 0.35 0.35 1.2 1
0 3.141592653589793 -1.194681071483177 0.35 0.35 1.2 1
0 -0.17702826013365913 3.0513071874940314 0.35 0.35 1.2 1
0 -1.1274978061430647 -3.118148434041581 0.35 0.35 1.2 1
0 -0.16225021236358073 -0.7865368521445547 0.35 0.35 1.2 1
0 0.6318791035293427 0.6140363021570121 0.35 0.35 1.2 1
0 1.172634608731336 2.201483782486625 0.35 0.35 1.2 1
0 -2.9778630092950933 2.5536899370763435 0.35 0.35 1.2 1
0 2.542409301773163 1.3735869855637293 0.35 0.35 1.2 1
0 -0.29493941540501517 2.1970025033453897 0.35 0.35 1.2 1
0 -2.7643731084886722 -0.23219374243727708 0.35 0.35 1.2 1
0 -0.25097372283153346 1.625842267089299 0.35 0.35 1.2 1
0 -2.8205005651581834 -1.3889921103980511 0.35 0.35 1.2 1
0 -0.4630588864695726 0.5724760129516063 0.35 0.35 1.2 1
0 0.64314996161418 -0.0030184585431169975 0.35 0.35 1.2 1
0 -1.006763516097052 2.0941692522980273 0.35 0.35 1.2 1
0 -3.141592653589793 -2.321115227546685 0.35 0.35 1.2 1
0 -2.3500974686749316 -0.048411966081021385 0.35 0.35 1.2 1
0 -1.5154583611908026 -0.0072424955319870254 0.35 0.35 1.2 1
0 -3.141592653589793 0.8281835760209285 0.35 0.35 1.2 1
0 -0.6099799663866119 1.2693898835501995 0.35 0.35 1.2 1
0 -2.8015942396585065 2.8137322405663716 0.35 0.35 1.2 1
0 -1.5762587279751927 0.2909497042767879 0.35 0.35 1.2 1
0 -0.5723389104964713 -0.49451604557811746 0.35 0.35 1.2 1
0 1.492396866871558 1.2815122060005624 0.35 0.35 1.2 1
0 1.146165360185182 -1.3840681864297135 0.35 0.35 1.2 1
0 -2.831443625824636 0.02993344472614301 0.35 0.35 1.2 1
0 -1.1189290138993142 0.20829870769909636 0.35 0.35 1.2 1
0 3.141592653589793 0.9478383383566374 0.35 0.35 1.2 1
0 -2.131446314328836 -2.813264921269344 0.35 0.35 1.2 1
0 3.141592653589793 -0.9261712614249964 0.35 0.35 1.2 1
0 -0.34695436780877886 2.5474103817811287 0.35 0.35 1.2 1
0 -1.21396881351906 -3.141592653589793 0.35 0.35 1.2 1
0 2.045300415403657 1.4765472998710605 0.35 0.35 1.2 1
0 -0.1756251974246953 3.141592653589793 0.35 0.35 1.2 1
0 0.5688488940173182 1.852557362374645 0.35 0.35 1.2 1
0 0.5333281555537884 3.141592653589793 0.35 0.35 1.2 1
0 -2.0228515816119685 0.5278747684659499 0.35 0.35 1.2 1
0 -3.0971574077134947 1.9176910938192333 0.35 0.35 1.2 1
0 2.3831920945569167 -0.3090267432643111 0.35 0.35 1.2 1
0 -1.5426426621209735 -0.5496331948779369 0.35 0.35 1.2 1
0 -3.141592653589793 0.49500697275609284 0.35 0.35 1.2 1
0 2.45505809986403 2.640134093836254 0.35 0.35 1.2 1
0 -2.6527395781729965 -0.49486547052855057 0.35 0.35 1.2 1
0 -2.063288336189502 3.141592653589793 0.35 0.35 1.2 1
0 1.2442575283210342 0.6123077546044176 0.35 0.35 1.2 1
0 -3.141592653589793 -2.415581263950023 0.35 0.35 1.2 1
0 -0.5490454499373187 -2.255713595001767 0.35 0.35 1.2 1
0 -0.060764123498305844 1.2117562698194413 0.35 0.35 1.2 1
0 -1.3756963392125898 2.9113765482739646 0.35 0.35 1.2 1
0 -2.2394421283794888 -0.5317445944215695 0.35 0.35 1.2 1
0 2.12449914773261 3.141592653589793 0.35 0.35 1.2 1
0 2.9362415823537122 -1.303471612157597 0.35 0.35 1.2 1
0 -1.5726389002146377 -1.6102513728896846 0.35 0.35 1.2 1
0 -1.4082928708899745 0.8485702471623686 0.35 0.35 1.2 1
0 -0.6449055580720067 0.5573843180392468 0.35 0.35 1.2 1
0 -0.8655575590664409 -1.5081094735394933 0.35 0.35 1.2 1
0 1.7652870853611495 1.0877572109617917 0.35 0.35 1.2 1
0 -1.5777173497136838 2.184824120221756 0.35 0.35 1.2 1
0 -0.7841881441889879 1.0300285650633478 0.35 0.35 1.2 1
0 -0.776479102128637 -0.851565356848096 0.35 0.35 1.2 1
0 -2.2255592881284403 -1.0205360704592263 0.35 0.35 1.2 1
0 0.35331559861750295 -0.10046145955193064 0.35 0.35 1.2 1
0 -0.8761408890822731 3.141592653589793 0.35 0.35 1.2 1
0 -1.1274266361005851 -0.16263546729435086 0.35 0.35 1.2 1
0 -0.23182397566988722 1.182916849111719 0.35 0.35 1.2 1
0 -0.7184016606303751 3.141592653589793 0.35 0.35 1.2 1
0 -0.09508494705672788 0.6568385813399729 0.35 0.35 1.2 1
0 -3.141592653589793 0.6818886476477605 0.35 0.35 1.2 1
0 -1.9212424395253014 2.3314712769336046 0.35 0.35 1.2 1
0 2.697181733055701 1.782092383902235 0.35 0.35 1.2 1
0 -0.8203206852434861 1.1170729784470828 0.35 0.35 1.2 1
0 -2.1206197599551473 -1.1609549582737066 0.35 0.35 1.2 1
0 -1.2723510931803683 2.1982273332068303 0.35 0.35 1.2 1
0 0.03879287078448734 -2.3834084565914058 0.35 0.35 1.2 1
0 0.9853391999094717 0.11814943934516342 0.35 0.35 1.2 1
0 -2.116057192519677 0.8317141301778237 0.35 0.35 1.2 1
0 -1.6965258803594074 1.2853250615352732 0.35 0.35 1.2 1
0 -0.11579746555417747 1.3544499360403237 0.35 0.35 1.2 1
0 2.295510340561278 2.801586967388686 0.35 0.35 1.2 1
0 -1.2229472342065444 3.141592653589793 0.35 0.35 1.2 1
0 1.0260111280713997 -0.8277698014432177 0.35 0.35 1.2 1
0 -0.790261717679475 0.665567508818014 0.35 0.35 1.2 1
0 0.28371594020927926 -3.141592653589793 0.35 0.35 1.2 1
0 2.5427195250440455 -1.7989855633547103 0.35 0.35 1.2 1
0 -2.226072060153235 1.733081738533408 0.35 0.35 1.2 1
0 0.09020504703355103 3.141592653589793 0.35 0.35 1.2 1
0 -0.04835103459242662 -1.2963529703657675 0.35 0.35 1.2 1
0 -0.6506587291247106 -1.7964784954721518 0.35 0.35 1.2 1
0 0.9984558844797979 2.553084552476743 0.35 0.35 1.2 1
0 -0.8931704977135073 0.7852772443477828 0.35 0.35 1.2 1
0 -0.8249344992640018 0.00530384115292315 0.35 0.35 1.2 1
0 0.12480419586745617 0.3432712550178285 0.35 0.35 1.2 1
0 1.5128601807956574 -0.04838749330508499 0.35 0.35 1.2 1
0 -0.7197504089047475 3.141592653589793 0.35 0.35 1.2 1
0 -1.9198570529743249 0.9800991319903238 0.35 0.35 1.2 1
0 1.425815626402814 3.141592653589793 0.35 0.35 1.2 1
0 -0.8710563965820851 0.5148900339468725 0.35 0.35 1.2 1
0 -2.8943899934635344 0.42130517827626984 0.35 0.35 1.2 1
0 0.3614918511237041 2.204668763185586 0.35 0.35 1.2 1
0 -1.0482106103698747 2.675712489817391 0.35 0.35 1.2 1
0 -1.6734415652367332 1.1400856696352433 0.35 0.35 1.2 1
0 0.11535355604849684 1.8736318538714674 0.35 0.35 1.2 1
0 -2.382181556288047 2.102783576091744 0.35 0.35 1.2 1
0 0.49241643082704667 1.8969543753630345 0.35 0.35 1.2 1
0 -1.3263117130892663 -2.167062942795563 0.35 0.35 1.2 1
0 -0.17428463044669829 2.8357971095734444 0.35 0.35 1.2 1
0 -3.141592653589793 -1.2254448906749775 0.35 0.35 1.2 1
0 1.8390446096857227 1.9732083616717198 0.35 0.35 1.2 1
0 -3.141592653589793 1.666075356507797 0.35 0.35 1.2 1
0 0.07398695582074011 1.4615100826594418 0.35 0.35 1.2 1
0 -0.6318556283915755 1.1438897088288806 0.35 0.35 1.2 1
0 -0.99164631107056 -0.49009537490697674 0.35 0.35 1.2 1
0 -2.0003035550377732 0.9187212214641989 0.35 0.35 1.2 1
0 -2.5964505239033584 0.9664899147165299 0.35 0.35 1.2 1
0 -0.9096115983746966 1.648038625786084 0.35 0.35 1.2 1
0 0.4112124855979717 0.9262154642310321 0.35 0.35 1.2 1
0 -1.2742271444098883 3.141592653589793 0.35 0.35 1.2 1
0 1.382690947634464 -0.31032994813245207 0.35 0.35 1.2 1
0 1.881240580507534 -1.4292627062196197 0.35 0.35 1.2 1
0 0.015312530706784622 0.2518308452943958 0.35 0.35 1.2 1
0 -0.775239070893559 0.15696661725967798 0.35 0.35 1.2 1
0 0.8523889699890346 3.141592653589793 0.35 0.35 1.2 1
0 -2.7529345145071344 1.5597902720537193 0.35 0.35 1.2 1
0 -1.786288744711655 0.07792726366866282 0.35 0.35 1.2 1
0 -1.1029173242471164 -0.6423699359467716 0.35 0.35 1.2 1
0 0.08413868110485279 -0.5506716350685252 0.35 0.35 1.2 1
0 -1.0946375924242306 0.7490551658746099 0.35 0.35 1.2 1
0 -3.141592653589793 2.058822466730615 0.35 0.35 1.2 1
0 -0.6809904903474098 0.5832755091050452 0.35 0.35 1.2 1
0 0.26393439816641223 -1.708102366294495 0.35 0.35 1.2 1
0 -1.3888626205768742 -0.02747742980767054 0.35 0.35 1.2 1
0 -3.141592653589793 2.125520773357482 0.35 0.35 1.2 1
0 -0.6624953494853538 1.2099993910808184 0.35 0.35 1.2 1
0 -0.9798179141328158 -0.6464664113984353 0.35 0.35 1.2 1
0 -2.518959999345417 2.6089496867622533 0.35 0.35 1.2 1
0 -1.0231048516837498 0.07781183781950252 0.35 0.35 1.2 1
0 -1.9681125512351096 -0.3026769338577511 0.35 0.35 1.2 1
0 -1.3223883428069252 -0.22893496834133353 0.35 0.35 1.2 1
0 -0.8930337212364802 -0.38072873383712036 0.35 0.35 1.2 1
0 -0.3471039118419159 3.141592653589793 0.35 0.35 1.2 1
0 -1.9698156610079112 2.443286009705973 0.35 0.35 1.2 1
0 -3.141592653589793 1.129364398139097 0.35 0.35 1.2 1
0 -0.7977331124899989 1.906735307932528 0.35 0.35 1.2 1
0 -3.141592653589793 -0.6087555000970906 0.35 0.35 1.2 1
0 -2.4206582815386213 2.6939348900386717 0.35 0.35 1.2 1
0 -1.4643107232571524 1.265298036239303 0.35 0.35 1.2 1
0 -1.2672245807793132 1.8793999436653215 0.35 0.35 1.2 1
0 -1.5200826331840984 -0.2719268168878164 0.35 0.35 1.2 1
0 -1.137771753278708 0.7227133613331567 0.35 0.35 1.2 1
0 -1.1546569465845051 0.7571561367406126 0.35 0.35 1.2 1
0 -2.023602982134803 0.053301359261458486 0.35 0.35 1.2 1
0 0.21232538339670282 3.141592653589793 0.35 0.35 1.2 1
0 0.44279646559556674 0.7306863820243019 0.35 0.35 1.2 1
0 -0.8257901207352447 2.5647254250742475 0.35 0.35 1.2 1
0 -0.756363890990055 0.6997499577942632 0.35 0.35 1.2 1
0 -3.141592653589793 1.6696389280291508 0.35 0.35 1.2 1
0 -3.141592653589793 1.5836142337680512 0.35 0.35 1.2 1
0 -0.024755573210992643 1.4216098262976684 0.35 0.35 1.2 1
0 0.8438408527453193 -1.298124946554529 0.35 0.35 1.2 1
0 -1.8416008983548378 -0.37831353640556953 0.35 0.35 1.2 1
0 -2.240445530335344 3.141592653589793 0.35 0.35 1.2 1
0 -1.0092961750318408 -0.6630106844664254 0.35 0.35 1.2 1
0 -1.4904691389266294 -0.5020204127149119 0.35 0.35 1.2 1
0 -0.9694367638699384 0.6550398876361535 0.35 0.35 1.2 1
0 2.1066477628986053 0.031059498024505083 0.35 0.35 1.2 1
0 -0.19918577037646434 2.1459804867543477 0.35 0.35 1.2 1
0 -1.5196274461382702 -1.8627918386588393 0.35 0.35 1.2 1
0 -3.141592653589793 -0.4246658273336321 0.35 0.35 1.2 1
0 -0.44174577391011016 0.8701142982721151 0.35 0.35 1.2 1
0 -2.0361968757443076 1.9628118320986996 0.35 0.35 1.2 1
0 -1.1448040957575942 -1.870737004662019 0.35 0.35 1.2 1
0 -0.22240588189547228 0.08206884439709716 0.35 0.35 1.2 1
0 -1.4206695550530495 0.4774302661634922 0.35 0.35 1.2 1
0 0.7813620792264464 3.141592653589793 0.35 0.35 1.2 1
0 0.24197047596740973 2.593076713383967 0.35 0.35 1.2 1
0 -1.4472544168289454 1.0347319364175265 0.35 0.35 1.2 1
0 1.0659420766895185 1.336992675964036 0.35 0.35 1.2 1
0 -0.8537902161962831 0.6074196857859272 0.35 0.35 1.2 1
0 -2.005626878628374 3.141592653589793 0.35 0.35 1.2 1
0 -1.9565189156943201 2.081400852251037 0.35 0.35 1.2 1
0 -0.6006369887502236 0.2755830760033059 0.35 0.35 1.2 1
0 -1.3426601588665452 1.9891301431238289 0.35 0.35 1.2 1
0 -3.141592653589793 0.6283370787558453 0.35 0.35 1.2 1
0 -1.0077454884325296 0.4955831376689974 0.35 0.35 1.2 1
0 -1.4996272311971748 0.14736055560914407 0.35 0.35 1.2 1
0 0.6975100090783724 1.3140227489019893 0.35 0.35 1.2 1
0 -3.141592653589793 1.1561625815011902 0.35 0.35 1.2 1
0 -1.8440641489760594 0.40063203432947025 0.35 0.35 1.2 1
0 0.45814796747872844 0.7453189016239047 0.35 0.35 1.2 1
0 -2.2620567339038056 2.1681884910067386 0.35 0.35 1.2 1
0 -1.9108073362869027 3.141592653589793 0.35 0.35 1.2 1
0 0.2338352100364971 -0.28127151145772644 0.35 0.35 1.2 1
0 -0.8573884125222087 -0.18206197588275774 0.35 0.35 1.2 1
0 -3.141592653589793 2.73156316119276 0.35 0.35 1.2 1
0 -3.141592653589793 0.05619310571010705 0.35 0.35 1.2 1
0 -2.3907544061267223 2.3510909139595015 0.35 0.35 1.2 1
0 -1.1707106456427605 3.141592653589793 0.35 0.35 1.2 1
0 -2.25873115726374 2.785179699014345 0.35 0.35 1.2 1
0 -2.126777553111713 -0.4027357008899102 0.35 0.35 1.2 1
0 -1.0698347947754572 2.475839296619176 0.35 0.35 1.2 1
0 -0.2012412548095257 1.5396846149509327 0.35 0.35 1.2 1
0 -0.9260703180579815 1.4815366313049012 0.35 0.35 1.2 1
0 -2.739383062512752 0.9930772932973491 0.35 0.35 1.2 1
0 0.1386631034261454 2.178798992461969 0.35 0.35 1.2 1
0 -2.206096792095995 3.141592653589793 0.35 0.35 1.2 1
0 -1.5836508468558261 -0.3093872164232434 0.35 0.35 1.2 1
0 1.3836752027217207 1.7985619198129439 0.35 0.35 1.2 1
0 -3.141592653589793 1.1772042089618375 0.35 0.35 1.2 1
0 -3.141592653589793 1.8904334471333641 0.35 0.35 1.2 1
0 -1.9853900928653792 1.448671564051831 0.35 0.35 1.2 1
0 1.3718674557283064 1.1645478467840555 0.35 0.35 1.2 1
0 -1.192120993695228 0.025933786309492612 0.35 0.35 1.2 1
0 -3.141592653589793 3.141592653589793 0.35 0.35 1.2 1
0 -1.9156776268560132 1.4233690751293568 0.35 0.35 1.2 1
0 -1.2761755331573346 0.8652474383981477 0.35 0.35 1.2 1
0 -1.7039127304546575 0.7873163947481874 0.35 0.35 1.2 1
0 -0.6536917030453264 2.541867466022897 0.35 0.35 1.2 1
0 0.21285052698606788 -1.060199003499007 0.35 0.35 1.2 1
0 0.16461459252854693 1.8727810335891517 0.35 0.35 1.2 1
0 -3.141592653589793 0.8572581641301963 0.35 0.35 1.2 1
0 0.665121508251536 0.7876434060489683 0.35 0.35 1.2 1
0 -1.7370492998219955 3.141592653589793 0.35 0.35 1.2 1
0 -2.467678544850625 -0.6721486564198729 0.35 0.35 1.2 1
0 0.16818303846742833 0.8416223972173018 0.35 0.35 1.2 1
0 -2.3988414459106906 0.0748075909545175 0.35 0.35 1.2 1
0 0.349429572956965 0.6524925858120068 0.35 0.35 1.2 1
0 -0.6189616191520793 0.13952519776505773 0.35 0.35 1.2 1
0 -3.141592653589793 0.6959619913115342 0.35 0.35 1.2 1
0 -0.17667243475277972 2.3264796679677384 0.35 0.35 1.2 1
0 -0.9947260812348214 0.14053033598072617 0.35 0.35 1.2 1
0 -3.126374151038454 2.9808389526074923 0.35 0.35 1.2 1
0 -0.7786136534425694 -0.5966299066457734 0.35 0.35 1.2 1
0 -0.45488747418084685 0.7906514165060914 0.35 0.35 1.2 1
0 -2.501695046477197 1.5840710900425774 0.35 0.35 1.2 1
0 -2.093101125943756 3.141592653589793 0.35 0.35 1.2 1
0 0.5123681071953303 0.576121181549092 0.35 0.35 1.2 1
0 -3.141592653589793 0.9913460569400655 0.35 0.35 1.2 1
0 -3.141592653589793 3.141592653589793 0.35 0.35 1.2 1
0 -2.170599956528111 -0.2726141565101463 0.35 0.35 1.2 1
0 -3.0176251273845436 -2.1805755722588103 0.35 0.35 1.2 1
0 -1.786532415240218 2.074490082752409 0.35 0.35 1.2 1
0 -1.0636584238614757 1.0748289030277918 0.35 0.35 1.2 1
0 -1.244025388641191 3.141592653589793 0.35 0.35 1.2 1
0 0.30614826812214013 2.998728957701543 0.35 0.35 1.2 1
0 -0.8552079116600277 -0.37624366534475473 0.35 0.35 1.2 1
0 -2.0436116098206605 2.2075779382557834 0.35 0.35 1.2 1
0 0.18789548441818926 0.6541871570621337 0.35 0.35 1.2 1
0 -2.591868922410111 1.078493548229962 0.35 0.35 1.2 1
0 -0.33869587087347064 -0.13285486523013224 0.35 0.35 1.2 1
0 -1.0027921924381697 2.4858989629599915 0.35 0.35 1.2 1
0 -1.970532968442434 2.4118817770207173 0.35 0.35 1.2 1
0 -1.200719660772333 -0.8339276340183592 0.35 0.35 1.2 1
0 -1.58344375378215 0.997480529750432 0.35 0.35 1.2 1
0 -1.3732540197629237 1.3624999101890352 0.35 0.35 1.2 1
0 -1.2378202510529348 1.095565919879629 0.35 0.35 1.2 1
0 -2.1783406454119887 -0.39904872925802204 0.35 0.35 1.2 1
0 -1.3737211625811885 0.9250243815410951 0.35 0.35 1.2 1
0 -3.141592653589793 1.6881026038290425 0.35 0.35 1.2 1
0 0.85760633584796 0.1581771730478344 0.35 0.35 1.2 1
0 -3.141592653589793 1.6617651756527676 0.35 0.35 1.2 1
0 -3.141592653589793 1.680450122775138 0.35 0.35 1.2 1
0 -2.8870018688665415 -0.27818552027852195 0.35 0.35 1.2 1
0 -1.6619298041873205 0.8311639907560895 0.35 0.35 1.2 1
0 -0.7632561051260289 1.8240431093524747 0.35 0.35 1.2 1
0 -0.7548817365693146 2.1138534077710207 0.35 0.35 1.2 1
0 -1.1711377598549837 -0.4422525881634829 0.35 0.35 1.2 1
0 -2.783891770476288 -0.8981583074027255 0.35 0.35 1.2 1
0 1.028527541683148 2.6003814342936975 0.35 0.35 1.2 1
0 -2.750150385476903 1.7478578739703543 0.35 0.35 1.2 1
0 -2.4159923141647575 -0.29573358166908936 0.35 0.35 1.2 1
0 -3.141592653589793 3.141592653589793 0.35 0.35 1.2 1
0 -0.6146768742387889 2.5860293711297664 0.35 0.35 1.2 1
0 -2.2975831810423957 -0.4490547089787118 0.35 0.35 1.2 1
0 -2.891881848156916 -1.4856162752856767 0.35 0.35 1.2 1
0 -2.90929102562006 1.3716521137114215 0.35 0.35 1.2 1
0 0.7737869102082171 0.5653630599875203 0.35 0.35 1.2 1
0 -3.141592653589793 -2.40635203980419 0.35 0.35 1.2 1
0 -1.5660532946584385 -1.1678523682905855 0.35 0.35 1.2 1
0 -1.5449966384515827 2.735506388130241 0.35 0.35 1.2 1
0 -3.141592653589793 1.1080351098770762 0.35 0.35 1.2 1
0 -0.8948649349867546 1.946460084883062 0.35 0.35 1.2 1
0 -3.141592653589793 0.7506661324594878 0.35 0.35 1.2 1
0 -0.6576214519487231 1.579817116381406 0.35 0.35 1.2 1
0 -1.7744874756343623 0.8356977086886395 0.35 0.35 1.2 1
0 -2.095075701710676 -0.22135307239595758 0.35 0.35 1.2 1
0 -1.9282709849685307 -1.3125391573531742 0.35 0.35 1.2 1
0 -2.2538988686176933 -0.1964070615104463 0.35 0.35 1.2 1
0 -2.885688341854488 1.357127345434578 0.35 0.35 1.2 1
0 -0.2646699462314541 1.4820779897186198 0.35 0.35 1.2 1
