#! FIELDS time phi psi sigma_phi sigma_psi height biasf
                        #! SET multivariate false
                        #! SET kerneltype stretched-gaussian
                        #! SET min_phi -pi
                        #! SET max_phi pi
                        #! SET min_psi -pi
                        #! SET max_psi pi
0 3.141592653589793 2.024307476359702 0.35 0.35 1.2 1
0 0.22122652971095613 2.387009544742651 0.35 0.35 1.2 1
0 3.141592653589793 1.2678505377056495 0.35 0.35 1.2 1
0 -1.8234230165273142 -2.592302913434018 0.35 0.35 1.2 1
0 1.4348175976505346 1.8580815243024638 0.35 0.35 1.2 1
0 -0.453540056896184 -0.1230444648472151 0.35 0.35 1.2 1
0 1.1184733196746353 0.7483866097505124 0.35 0.35 1.2 1
0 -1.2176068311102786 1.2293485267927107 0.35 0.35 1.2 1
0 3.141592653589793 -1.3765336602839777 0.35 0.35 1.2 1
0 -3.0089330268321333 0.8854873945529662 0.35 0.35 1.2 1
0 3.141592653589793 0.3116127222033088 0.35 0.35 1.2 1
0 1.1045537292942813 0.7514588728031426 0.35 0.35 1.2 1
0 -0.3484251708101121 1.6939101354270858 0.35 0.35 1.2 1
0 -0.020051957559553024 -0.5548432749604233 0.35 0.35 1.2 1
0 1.7436785230367784 2.9698405900935736 0.35 0.35 1.2 1
0 -1.9232322399286466 1.1349545333186224 0.35 0.35 1.2 1
0 2.2930573811261206 1.022028034445541 0.35 0.35 1.2 1
0 -1.1919099261081187 -0.2772245883190088 0.35 0.35 1.2 1
0 -1.8686432468156764 -1.8825817975985322 0.35 0.35 1.2 1
0 1.1339909951068712 -0.015568701318174005 0.35 0.35 1.2 1
0 -1.6684262483839478 -0.8919615043397329 0.35 0.35 1.2 1
0 -2.157540371920539 2.4321117325056933 0.35 0.35 1.2 1
0 -3.0069398734340025 0.34298343992277674 0.35 0.35 1.2 1
0 -3.141592653589793 0.6385073073364301 0.35 0.35 1.2 1
0 0.22709383137364503 -2.2180808148918967 0.35 0.35 1.2 1
0 -1.2382598003144287 0.27550750704047244 0.35 0.35 1.2 1
0 -2.1568882500360025 1.5700394206600412 0.35 0.35 1.2 1
0 -1.218649364124601 1.1707264728088482 0.35 0.35 1.2 1
0 -3.141592653589793 0.7733770835648126 0.35 0.35 1.2 1
0 -0.5196957652282725 -1.6093993053277638 0.35 0.35 1.2 1
0 2.0142361511583906 -2.0247939973160687 0.35 0.35 1.2 1
0 -3.141592653589793 -1.1886222874154537 0.35 0.35 1.2 1
0 -2.168257719365556 -0.8884787283457823 0.35 0.35 1.2 1
0 -0.051463986743378876 -1.1419857884160391 0.35 0.35 1.2 1
0 1.4586333297924452 -3.141592653589793 0.35 0.35 1.2 1
0 -0.20797467329947844 -0.2466145211532419 0.35 0.35 1.2 1
0 -0.2696838171141802 1.0564932296898994 0.35 0.35 1.2 1
0 2.1500967752956175 0.9311191288061633 0.35 0.35 1.2 1
0 1.3754206036987087 0.48684334820971786 0.35 0.35 1.2 1
0 0.5041019118859855 0.976781191798517 0.35 0.35 1.2 1
0 -0.8730226706914634 3.141592653589793 0.35 0.35 1.2 1
0 -2.247331724217987 0.7535545708661009 0.35 0.35 1.2 1
0 -1.428122940402484 2.7486136366469847 0.35 0.35 1.2 1
0 1.7673670506766073 -0.7164949109047315 0.35 0.35 1.2 1
0 -1.8169436853277894 -2.5865448015421832 0.35 0.35 1.2 1
0 2.9180359057755503 -2.4948995471335254 0.35 0.35 1.2 1
0 -0.23006332660118334 1.2648839732760169 0.35 0.35 1.2 1
0 0.21005339271866452 3.141592653589793 0.35 0.35 1.2 1
0 0.30439426557232085 -0.07287034414178395 0.35 0.35 1.2 1
0 3.141592653589793 -1.2247441820445504 0.35 0.35 1.2 1
0 0.6984123070282544 -0.5293556431188906 0.35 0.35 1.2 1
0 -1.6420354297397994 1.0349474477428888 0.35 0.35 1.2 1
0 0.37544824429738544 1.6942297158670245 0.35 0.35 1.2 1
0 2.578244512108397 -0.19245575954772087 0.35 0.35 1.2 1
0 1.5118793345453136 2.4926841401902293 0.35 0.35 1.2 1
0 -0.7358774904583598 3.141592653589793 0.35 0.35 1.2 1
0 -0.9556515224151595 2.1600409281617567 0.35 0.35 1.2 1
0 -1.6102458358057274 -3.141592653589793 0.35 0.35 1.2 1
0 -1.5753408735812853 1.2710430992086879 0.35 0.35 1.2 1
0 1.2491751629988743 -3.001189274803208 0.35 0.35 1.2 1
0 -2.014545146658376 1.6869079599774286 0.35 0.35 1.2 1
0 0.6511135236863905 -2.336642639490811 0.35 0.35 1.2 1
0 -0.9829939208160946 1.1101112933560666 0.35 0.35 1.2 1
0 3.1258206495146386 -0.7222130512903406 0.35 0.35 1.2 1
0 -0.49879364367512263 1.2726730396751331 0.35 0.35 1.2 1
0 2.4479377592190974 0.0865838219486268 0.35 0.35 1.2 1
0 0.48967864388047877 -3.141592653589793 0.35 0.35 1.2 1
0 -3.021906815262405 2.4113586827664992 0.35 0.35 1.2 1
0 -0.08547760342668198 1.820377458051031 0.35 0.35 1.2 1
0 -2.717103384653403 1.9105220534475205 0.35 0.35 1.2 1
0 0.8921460980843315 2.094377975071919 0.35 0.35 1.2 1
0 -2.1581703681043494 1.9784834768522124 0.35 0.35 1.2 1
0 -2.495875134970369 1.7127273933911897 0.35 0.35 1.2 1
0 0.6380413281576243 -1.669346869113784 0.35 0.35 1.2 1
0 1.7100416824995788 1.5827405662325496 0.35 0.35 1.2 1
0 -1.2680120962548835 2.5778888963473694 0.35 0.35 1.2 1
0 -0.4477000223543725 1.8764357240043608 0.35 0.35 1.2 1
0 0.015726505784086908 0.06182302496585579 0.35 0.35 1.2 1
0 1.1514645421796732 -3.141592653589793 0.35 0.35 1.2 1
0 -1.710994155622251 0.057361163836432305 0.35 0.35 1.2 1
0 -1.2885062169175454 0.3978972504457614 0.35 0.35 1.2 1
0 2.9255733530076675 2.089761220577586 0.35 0.35 1.2 1
0 -0.4979842825821443 0.24771549366880632 0.35 0.35 1.2 1
0 -2.8493180680703447 -2.999908637605608 0.35 0.35 1.2 1
0 -0.7062530923801135 -0.6910310235057968 0.35 0.35 1.2 1
0 -0.7037359095438072 3.141592653589793 0.35 0.35 1.2 1
0 -1.0297289835246761 1.4173578610112942 0.35 0.35 1.2 1
0 -1.6105946723065234 2.00884666907551 0.35 0.35 1.2 1
0 -1.2427127901635822 -1.6008684814873277 0.35 0.35 1.2 1
0 -0.49085760248333743 -1.463321637574547 0.35 0.35 1.2 1
0 -2.8198979071166455 -0.7883831626553972 0.35 0.35 1.2 1
0 3.141592653589793 -0.9148207415582794 0.35 0.35 1.2 1
0 -3.141592653589793 -3.141592653589793 0.35 0.35 1.2 1
0 -2.3184617785162134 0.9846263266322002 0.35 0.35 1.2 1
0 0.4190148328640739 -0.8838031226799342 0.35 0.35 1.2 1
0 1.1621293494563971 1.017938092500465 0.35 0.35 1.2 1
0 0.01653421067789651 1.4220424067873432 0.35 0.35 1.2 1
0 2.7227142841254803 3.0664045626739846 0.35 0.35 1.2 1
0 -3.141592653589793 1.2620792036207535 0.35 0.35 1.2 1
0 0.6123762062622498 1.6637904117598274 0.35 0.35 1.2 1
0 -1.3653454934220979 -0.1293157071401173 0.35 0.35 1.2 1
0 0.04085760136486327 0.21723235752346187 0.35 0.35 1.2 1
0 0.9987432195614379 0.3932802078351808 0.35 0.35 1.2 1
0 3.103632147862951 -0.20508454509089524 0.35 0.35 1.2 1
0 -0.10794823355127836 -2.513837627272896 0.35 0.35 1.2 1
0 2.321040015373703 2.8572303251702906 0.35 0.35 1.2 1
0 1.0121866712019658 -0.41684982598695175 0.35 0.35 1.2 1
0 1.5693874599025157 -1.1063140465834127 0.35 0.35 1.2 1
0 -1.9743667088384176 1.0448482500858214 0.35 0.35 1.2 1
0 -0.18646431213251558 0.291282233104059 0.35 0.35 1.2 1
0 2.2010722006626002 -0.927003957175654 0.35 0.35 1.2 1
0 0.44175835391093327 -1.1824592317717095 0.35 0.35 1.2 1
0 2.063119697253796 -3.132271308506673 0.35 0.35 1.2 1
0 1.5757458619805094 -0.14612937800235593 0.35 0.35 1.2 1
0 -0.2317793479474367 2.2911764304409905 0.35 0.35 1.2 1
0 -0.9399696171086229 -0.034441546809658385 0.35 0.35 1.2 1
0 -0.6948841676446649 -2.6887058664199377 0.35 0.35 1.2 1
0 -0.0241889937402735 -3.141592653589793 0.35 0.35 1.2 1
0 0.36513302924989066 -0.5364823700934336 0.35 0.35 1.2 1
0 -0.732726501603745 2.7654103233687604 0.35 0.35 1.2 1
0 -1.5748205185611015 -3.141592653589793 0.35 0.35 1.2 1
0 0.1895394157461635 0.2706134904647991 0.35 0.35 1.2 1
0 0.4894832602181307 -0.8627707838540419 0.35 0.35 1.2 1
0 -0.6084498160214087 -0.6966367668665904 0.35 0.35 1.2 1
0 -1.9222646353098 1.342803869956653 0.35 0.35 1.2 1
0 1.075510813156329 0.8098536116876295 0.35 0.35 1.2 1
0 -1.5799242120684482 0.8444015667800541 0.35 0.35 1.2 1
0 -1.8012314400426415 -1.6807557680909297 0.35 0.35 1.2 1
0 1.1420682788059398 -3.003698342098787 0.35 0.35 1.2 1
0 0.7785460094626919 0.15977626112281396 0.35 0.35 1.2 1
0 -0.09171245143535933 0.32896958486707306 0.35 0.35 1.2 1
0 0.34474461394776323 3.141592653589793 0.35 0.35 1.2 1
0 -0.34367909151091824 -2.6520433593151473 0.35 0.35 1.2 1
0 0.26367753750118417 0.005393891162342568 0.35 0.35 1.2 1
0 2.5406130006513745 1.9535099243124505 0.35 0.35 1.2 1
0 1.5120289251535965 -2.016923520706858 0.35 0.35 1.2 1
0 3.141592653589793 0.2624881247492419 0.35 0.35 1.2 1
0 -3.141592653589793 -1.4838027625297503 0.35 0.35 1.2 1
0 -0.13788307541997064 0.8420315131763016 0.35 0.35 1.2 1
0 -0.24349811411559844 -0.25081971181698814 0.35 0.35 1.2 1
0 2.44499092346887 -0.03370808871995844 0.35 0.35 1.2 1
0 -0.6838330695956863 0.7795320554060536 0.35 0.35 1.2 1
0 3.141592653589793 1.6487860924853228 0.35 0.35 1.2 1
0 -1.7018946573322347 -0.08088246861684922 0.35 0.35 1.2 1
0 1.5588281117624976 0.00034253804834727397 0.35 0.35 1.2 1
0 -0.5803997585439951 -0.8361275658135687 0.35 0.35 1.2 1
0 -2.716948259242906 0.05473736648450389 0.35 0.35 1.2 1
0 3.141592653589793 -0.226795282508659 0.35 0.35 1.2 1
0 1.045835393414778 1.4432269227550625 0.35 0.35 1.2 1
0 -2.9328888076352833 0.6401514405401865 0.35 0.35 1.2 1
0 -0.27415911910164725 0.2662138319910148 0.35 0.35 1.2 1
0 -1.473172491210691 -3.0790021227418802 0.35 0.35 1.2 1
0 0.47788716281684795 0.4288651041786333 0.35 0.35 1.2 1
0 1.5333675674659193 -3.141592653589793 0.35 0.35 1.2 1
0 -0.1723123850973106 -3.1239297323081523 0.35 0.35 1.2 1
0 1.8953048287134973 2.6207454024089785 0.35 0.35 1.2 1
0 0.34945185832141323 -1.2432813419801816 0.35 0.35 1.2 1
0 -1.6039477992078643 -1.6049198281269508 0.35 0.35 1.2 1
0 -2.1693174706491827 0.2945569333783034 0.35 0.35 1.2 1
0 1.7674093512711 1.367656015959914 0.35 0.35 1.2 1
0 1.546641162428608 1.1157745864580069 0.35 0.35 1.2 1
0 0.1117848759987814 -0.9800159525833927 0.35 0.35 1.2 1
0 -2.2319763057927275 -0.5989231341132591 0.35 0.35 1.2 1
0 -0.3626752533117823 1.6875154859281634 0.35 0.35 1.2 1
0 -0.5209951779045818 1.6972472909302208 0.35 0.35 1.2 1
0 1.5337413777729891 2.4667084922965508 0.35 0.35 1.2 1
0 0.22755672512996467 0.04892779977791639 0.35 0.35 1.2 1
0 -0.2157217142226504 -0.7043160931224867 0.35 0.35 1.2 1
0 -1.6848525149603188 -2.914270245407117 0.35 0.35 1.2 1
0 0.5121490362001117 -2.539353325872246 0.35 0.35 1.2 1
0 -1.0297342993005447 -1.6321264335863828 0.35 0.35 1.2 1
0 -0.37303758211092264 2.146070374440571 0.35 0.35 1.2 1
0 -0.17870773635159382 0.4419336439512048 0.35 0.35 1.2 1
0 -0.44860437843602247 3.0931490245109985 0.35 0.35 1.2 1
0 -1.6395420629281057 0.18121970351030225 0.35 0.35 1.2 1
0 -0.7829680405643176 -3.141592653589793 0.35 0.35 1.2 1
0 -0.10238347997005137 3.141592653589793 0.35 0.35 1.2 1
0 3.141592653589793 -3.0487157688436075 0.35 0.35 1.2 1
0 -1.6443650675613752 2.3989175043688253 0.35 0.35 1.2 1
0 -2.1850194535750287 -0.28928790585411246 0.35 0.35 1.2 1
0 -1.7306331233359113 0.4849856342372476 0.35 0.35 1.2 1
0 1.8616323762501108 1.294729810696448 0.35 0.35 1.2 1
0 -2.5344419140612304 0.13426705197420358 0.35 0.35 1.2 1
0 -0.497983613908322 -2.0853750015218306 0.35 0.35 1.2 1
0 -1.6596241005387444 -1.4277483748716038 0.35 0.35 1.2 1
0 1.6624265947504524 0.43163615176255576 0.35 0.35 1.2 1
0 0.5287076202501905 -0.747088816889893 0.35 0.35 1.2 1
0 1.9164551703523005 2.0664209826744613 0.35 0.35 1.2 1
0 0.9850905333790886 2.4737998849819567 0.35 0.35 1.2 1
0 -1.0913040629463182 -3.1289117809718197 0.35 0.35 1.2 1
0 3.124316898211611 0.08728012724557618 0.35 0.35 1.2 1
0 -1.7209827496848917 3.141592653589793 0.35 0.35 1.2 1
0 0.9640784100409956 3.141592653589793 0.35 0.35 1.2 1
0 1.7025488026213704 0.016499033495811055 0.35 0.35 1.2 1
0 0.0789981467050982 1.6980934781214863 0.35 0.35 1.2 1
0 -3.141592653589793 1.109714248145058 0.35 0.35 1.2 1
0 0.8916645453519672 0.14833578950493054 0.35 0.35 1.2 1
0 -0.6556744069198783 0.4372409855990411 0.35 0.35 1.2 1
0 -1.3372533686607988 -0.9805391505312102 0.35 0.35 1.2 1
0 1.1337173127769997 -3.07137075431569 0.35 0.35 1.2 1
0 2.7513056213037617 -0.4255340917159818 0.35 0.35 1.2 1
0 -2.0717649057810243 0.784755510009745 0.35 0.35 1.2 1
0 -1.3736026450633871 -2.0493448823054403 0.35 0.35 1.2 1
0 0.2211685567618007 0.25130882747890804 0.35 0.35 1.2 1
0 -1.8555821103820431 0.5461847249874883 0.35 0.35 1.2 1
0 2.152567738780291 0.3643475096921811 0.35 0.35 1.2 1
0 0.997648510308029 2.1381906449748755 0.35 0.35 1.2 1
0 1.0183852553765789 2.554406179624811 0.35 0.35 1.2 1
0 -0.5186032462609956 -1.383089905748605 0.35 0.35 1.2 1
0 0.6292866022023446 -3.141592653589793 0.35 0.35 1.2 1
0 -1.7421313210708513 -0.26540014133013246 0.35 0.35 1.2 1
0 2.2498432548689467 -0.529807694692439 0.35 0.35 1.2 1
0 -0.20764507652017278 -3.0478428106093123 0.35 0.35 1.2 1
0 0.7021250769596203 1.379990378486288 0.35 0.35 1.2 1
0 0.7818323044733845 2.4105292863296657 0.35 0.35 1.2 1
0 0.8393749368556479 -0.8908656070691161 0.35 0.35 1.2 1
0 0.9803031438623986 -0.5372276081776138 0.35 0.35 1.2 1
0 -1.6755949573631679 -1.112802932221102 0.35 0.35 1.2 1
0 1.5451981337306349 0.709061306591296 0.35 0.35 1.2 1
0 2.8243345720270447 2.056065910385142 0.35 0.35 1.2 1
0 -2.9171176721628536 -2.179600949269948 0.35 0.35 1.2 1
0 1.650454732452434 1.6585841764141915 0.35 0.35 1.2 1
0 0.9519820711321345 -1.4396644730920836 0.35 0.35 1.2 1
0 -1.6991932396659994 0.27054960575339 0.35 0.35 1.2 1
0 -0.0008462971415964526 -0.32809678470480685 0.35 0.35 1.2 1
0 1.3842319706786936 1.0973652175052124 0.35 0.35 1.2 1
0 -1.508323729157565 -2.0955159365787375 0.35 0.35 1.2 1
0 1.2545721696856067 2.460183270770273 0.35 0.35 1.2 1
0 -2.207078228093656 1.5864870721980338 0.35 0.35 1.2 1
0 -0.290013675524329 -2.11908006222092 0.35 0.35 1.2 1
0 1.262114052198036 -2.2906674224738204 0.35 0.35 1.2 1
0 -1.9380726074902825 -0.7893416533844131 0.35 0.35 1.2 1
0 -3.141592653589793 -2.0208993111696634 0.35 0.35 1.2 1
0 2.034177851885326 0.1185083042134305 0.35 0.35 1.2 1
0 -0.4359741532442986 1.5599584349940332 0.35 0.35 1.2 1
0 2.40324110411302 1.3989109918992926 0.35 0.35 1.2 1
0 -3.141592653589793 0.3986368695630611 0.35 0.35 1.2 1
0 -0.6740251673451815 -2.267656582182227 0.35 0.35 1.2 1
0 0.5836162848024042 1.9436748203236094 0.35 0.35 1.2 1
0 1.2141606877014635 -3.141592653589793 0.35 0.35 1.2 1
0 -0.7892671553654523 -0.32450866760782804 0.35 0.35 1.2 1
0 3.141592653589793 0.7492350018062761 0.35 0.35 1.2 1
0 0.6924616410291666 0.4318331342496544 0.35 0.35 1.2 1
0 0.5110949648847944 0.20930905190682614 0.35 0.35 1.2 1
0 2.6598703559498995 1.6157187094967953 0.35 0.35 1.2 1
0 0.9335900984219916 -1.8216261121069957 0.35 0.35 1.2 1
0 1.4296565795691234 -1.8031477227727284 0.35 0.35 1.2 1
0 -2.649897048082995 -1.821809653177161 0.35 0.35 1.2 1
0 3.141592653589793 -3.141592653589793 0.35 0.35 1.2 1
0 1.1111814124440897 2.7054510207508122 0.35 0.35 1.2 1
0 -2.8747721981007004 -0.09200948758471966 0.35 0.35 1.2 1
0 -0.2855971145987992 0.30631269358036256 0.35 0.35 1.2 1
0 2.9156443207663822 2.488022399645201 0.35 0.35 1.2 1
0 0.021432950304329346 -0.9770057339328174 0.35 0.35 1.2 1
0 -0.6538440582224613 -1.9781189825847718 0.35 0.35 1.2 1
0 -0.09977959553820996 -2.2908241489237033 0.35 0.35 1.2 1
0 2.426810842452366 0.626973731834005 0.35 0.35 1.2 1
0 -0.951492303759577 1.3026766552430662 0.35 0.35 1.2 1
0 0.0943037225082205 -0.5682337109948414 0.35 0.35 1.2 1
0 0.045021007911134336 1.32562271447907 0.35 0.35 1.2 1
0 -1.3358883906192272 -2.659926781813633 0.35 0.35 1.2 1
0 -0.04486468352459838 2.2109708336658604 0.35 0.35 1.2 1
0 -1.4327617615372166 3.141592653589793 0.35 0.35 1.2 1
0 -3.137566097180717 -0.8853496575891936 0.35 0.35 1.2 1
0 2.1984309402914626 0.21173990775705676 0.35 0.35 1.2 1
0 -1.7818753555744054 -1.54833368491413 0.35 0.35 1.2 1
0 0.43491967578817287 -0.06545960729893102 0.35 0.35 1.2 1
0 -0.018453666062173246 -0.20532795756708966 0.35 0.35 1.2 1
0 0.6317189699523902 -0.084273895486707 0.35 0.35 1.2 1
0 -3.1193576018046283 2.669129705824035 0.35 0.35 1.2 1
0 0.9612401029314839 2.261990050100483 0.35 0.35 1.2 1
0 -1.5073238878611956 -0.1548914598925175 0.35 0.35 1.2 1
0 0.03979719863382014 -0.5195896189654208 0.35 0.35 1.2 1
0 -1.328663099032485 -1.4765477233611777 0.35 0.35 1.2 1
0 0.5075257943268344 -0.5029487290271466 0.35 0.35 1.2 1
0 0.26191864820099164 2.7908887443110837 0.35 0.35 1.2 1
0 -2.0087178613420194 0.7699358879570927 0.35 0.35 1.2 1
0 1.0131163271141106 -0.35081028059062636 0.35 0.35 1.2 1
0 -1.2679609240128262 0.8143635137169116 0.35 0.35 1.2 1
0 0.16743291009931227 -2.289896408157988 0.35 0.35 1.2 1
0 -0.011564246960484414 -3.141592653589793 0.35 0.35 1.2 1
0 -1.4743113873228721 0.3305398702617305 0.35 0.35 1.2 1
0 2.886240469922471 -0.007444849058991454 0.35 0.35 1.2 1
0 -2.1265628181723173 -0.5990372717332639 0.35 0.35 1.2 1
0 0.22720638868464166 -3.141592653589793 0.35 0.35 1.2 1
0 -0.3560665415518331 -1.0207312707655867 0.35 0.35 1.2 1
0 0.5139321893362858 0.6555741200597205 0.35 0.35 1.2 1
0 2.4648412114792726 2.413110261760741 0.35 0.35 1.2 1
0 -1.1506889302351047 0.028881156560223886 0.35 0.35 1.2 1
0 -3.141592653589793 0.12192099528611232 0.35 0.35 1.2 1
0 -0.8999090853530453 3.0812149161122706 0.35 0.35 1.2 1
0 -2.0853802835823227 2.593535127149556 0.35 0.35 1.2 1
0 -0.6948362317151143 0.35627030931428216 0.35 0.35 1.2 1
0 -2.3412040587464364 1.9803102687429226 0.35 0.35 1.2 1
0 -2.6709734426790575 -2.004215960842637 0.35 0.35 1.2 1
0 1.1630318201265553 -1.676843965120014 0.35 0.35 1.2 1
0 -3.141592653589793 0.25642852300941743 0.35 0.35 1.2 1
0 1.7352855408463257 -1.4510785332473275 0.35 0.35 1.2 1
0 -2.1155957111211015 0.03460157155716991 0.35 0.35 1.2 1
0 -1.2129844763244284 0.5295860930751477 0.35 0.35 1.2 1
0 1.5151908474274316 -2.0856871665877574 0.35 0.35 1.2 1
0 -3.141592653589793 -0.2612274275570539 0.35 0.35 1.2 1
0 -0.029002830270842606 1.8939925352419043 0.35 0.35 1.2 1
0 -0.25959094010971717 -3.1167381129404803 0.35 0.35 1.2 1
0 -3.141592653589793 1.3510208129832737 0.35 0.35 1.2 1
0 1.345254092741551 -2.298910170837712 0.35 0.35 1.2 1
0 1.8250694481133651 -1.1390002579438678 0.35 0.35 1.2 1
0 -0.5454613688639557 -3.141592653589793 0.35 0.35 1.2 1
0 1.836958206882952 -1.8177546504107203 0.35 0.35 1.2 1
0 3.141592653589793 -1.2872276591327825 0.35 0.35 1.2 1
0 -1.0005676442707014 -0.8242204332655028 0.35 0.35 1.2 1
0 -1.0685156507741216 0.2227042350752806 0.35 0.35 1.2 1
0 0.8818460858692326 0.8075515243802356 0.35 0.35 1.2 1
0 -3.141592653589793 2.6713299791736844 0.35 0.35 1.2 1
0 0.9374684790016036 2.007813768772402 0.35 0.35 1.2 1
0 2.6571468339581577 -1.5627958721928488 0.35 0.35 1.2 1
0 -2.4286282922529403 -2.8225251127852014 0.35 0.35 1.2 1
0 -1.4389693355239903 -1.3952427345712188 0.35 0.35 1.2 1
0 0.16208416736686715 0.8517686820125429 0.35 0.35 1.2 1
0 3.141592653589793 1.263625116418007 0.35 0.35 1.2 1
0 1.8494074613215477 0.6195827607367108 0.35 0.35 1.2 1
0 -0.2763027016505477 -0.4927765043854042 0.35 0.35 1.2 1
0 -0.1065973671339766 0.3099216968457559 0.35 0.35 1.2 1
0 -1.4992316548017968 -3.1105772270030014 0.35 0.35 1.2 1
0 -0.5829452311379035 2.077105215096176 0.35 0.35 1.2 1
0 -2.8349252067217523 1.4586259472913068 0.35 0.35 1.2 1
0 -0.05317468404085535 0.12662414976526631 0.35 0.35 1.2 1
0 -3.141592653589793 2.764022677590778 0.35 0.35 1.2 1
0 0.3441556680065714 -0.45642076365246886 0.35 0.35 1.2 1
0 -1.1360063297602756 -0.3945867018756965 0.35 0.35 1.2 1
0 -1.4365878966250616 2.3098954795853386 0.35 0.35 1.2 1
0 0.16823331325991742 -2.7852553418610135 0.35 0.35 1.2 1
0 1.1593151785585738 -1.824653786497479 0.35 0.35 1.2 1
0 0.5073966176260237 -1.796897987115531 0.35 0.35 1.2 1
0 -1.2382553015898927 0.9014958645811332 0.35 0.35 1.2 1
0 1.6358182463096527 -1.8542147973623617 0.35 0.35 1.2 1
0 0.8274714647351384 0.9056780086319398 0.35 0.35 1.2 1
0 2.8805859862356002 2.154988751850122 0.35 0.35 1.2 1
0 -3.141592653589793 -2.5623581367386756 0.35 0.35 1.2 1
0 -1.1979532638868446 1.2405417373915035 0.35 0.35 1.2 1
0 1.971775792592572 1.0711488136453884 0.35 0.35 1.2 1
0 -1.4883875056639622 1.1974512122552006 0.35 0.35 1.2 1
0 -1.8461434795320983 3.141592653589793 0.35 0.35 1.2 1
0 1.4505912095624411 0.26371578061136347 0.35 0.35 1.2 1
0 -0.96628192501125 -0.9734116661127391 0.35 0.35 1.2 1
0 -0.46889775680288337 1.2729538860327998 0.35 0.35 1.2 1
0 1.0347089672024063 -0.16874845732044275 0.35 0.35 1.2 1
0 -1.6699566928072378 1.3632516039151834 0.35 0.35 1.2 1
0 0.2554364995068907 0.691912252095283 0.35 0.35 1.2 1
0 -1.2827361498888026 1.7348530271062403 0.35 0.35 1.2 1
0 -1.1662633813655119 -0.06033157590425953 0.35 0.35 1.2 1
0 -1.4552391531303397 1.5312618105398557 0.35 0.35 1.2 1
0 0.5729982163933028 -3.141592653589793 0.35 0.35 1.2 1
0 0.21010190502601395 1.8489317620305399 0.35 0.35 1.2 1
0 -0.4414092776028129 1.8367483338884374 0.35 0.35 1.2 1
0 -2.5468664786091195 -0.4617860497343474 0.35 0.35 1.2 1
0 -0.8046579047076182 1.465617520129842 0.35 0.35 1.2 1
0 1.117172510184856 -2.5274915045480575 0.35 0.35 1.2 1
0 -3.141592653589793 -2.2456718894715912 0.35 0.35 1.2 1
0 -2.615021602698565 -2.229044837816378 0.35 0.35 1.2 1
0 -1.307300803267203 1.9457857129285299 0.35 0.35 1.2 1
0 -1.2719593417066084 -0.41312662637531916 0.35 0.35 1.2 1
0 -1.6685715393381775 -1.9418532188219761 0.35 0.35 1.2 1
0 0.7604723167786274 0.5343932810882157 0.35 0.35 1.2 1
0 -0.5018099162098628 1.1773588785105393 0.35 0.35 1.2 1
0 1.225252908542083 -2.7348739297641 0.35 0.35 1.2 1
0 1.060022020439447 0.0422530269843433 0.35 0.35 1.2 1
0 0.3485563702322322 0.7225185673956445 0.35 0.35 1.2 1
0 -1.755793578062951 2.7159021506217633 0.35 0.35 1.2 1
0 -0.4641190796940719 2.0398678958778755 0.35 0.35 1.2 1
0 0.4098524123559312 -2.144343178599477 0.35 0.35 1.2 1
0 2.1493632474460096 -2.0600328372911263 0.35 0.35 1.2 1
0 0.272113380590847 0.09668820822235613 0.35 0.35 1.2 1
0 -1.525434799650197 -1.7235641581386105 0.35 0.35 1.2 1
0 -2.388529633274209 2.245673987599254 0.35 0.35 1.2 1
0 3.141592653589793 0.6899121389684948 0.35 0.35 1.2 1
0 1.1301704532066332 0.5012077717488159 0.35 0.35 1.2 1
0 1.4079435894365229 -2.9392002449941455 0.35 0.35 1.2 1
0 1.1885124293569373 -1.3739485002081677 0.35 0.35 1.2 1
0 0.8355479972573638 -2.577753048714016 0.35 0.35 1.2 1
0 0.9819817847659749 0.4830193913065695 0.35 0.35 1.2 1
0 2.3280214383072115 1.7379966901401236 0.35 0.35 1.2 1
0 2.631973078895859 3.141592653589793 0.35 0.35 1.2 1
0 1.0221700419311914 0.6175079022598418 0.35 0.35 1.2 1
0 -0.38796284458446934 -0.21462355969096342 0.35 0.35 1.2 1
0 -0.04698505335102565 0.175273016665697 0.35 0.35 1.2 1
0 -3.141592653589793 1.2333251687773568 0.35 0.35 1.2 1
0 -0.6360688673340046 -1.0289105926650048 0.35 0.35 1.2 1
0 2.2864755519827655 1.3714356922749011 0.35 0.35 1.2 1
0 -0.5459750275616908 1.4871803985097973 0.35 0.35 1.2 1
0 -1.8755254774908756 -0.23782948423266748 0.35 0.35 1.2 1
0 1.0292580587262015 0.9158685832105302 0.35 0.35 1.2 1
0 -1.4087249182098824 0.2388625782670611 0.35 0.35 1.2 1
0 -0.7701983721755172 -1.130954346821046 0.35 0.35 1.2 1
0 -2.6783421355669494 -1.7291727238920163 0.35 0.35 1.2 1
0 0.6942126426644961 1.3193586128353152 0.35 0.35 1.2 1
0 -2.249347800352921 -1.8821851420235833 0.35 0.35 1.2 1
0 2.383306692433181 2.543148390311992 0.35 0.35 1.2 1
0 -1.0399024472137623 2.2105802739276483 0.35 0.35 1.2 1
0 -0.4043732532997827 -1.9112630570259415 0.35 0.35 1.2 1
0 2.0216627379063334 -0.1312911744088882 0.35 0.35 1.2 1
0 -3.141592653589793 1.397538420078438 0.35 0.35 1.2 1
0 0.27677322037178054 1.2497153404250922 0.35 0.35 1.2 1
0 2.307135790049756 -0.6174608952415443 0.35 0.35 1.2 1
0 0.6615077930242613 -2.051808268884665 0.35 0.35 1.2 1
0 1.0501285752091396 -1.033394880279859 0.35 0.35 1.2 1
0 0.7690814006859981 -1.3955340100634177 0.35 0.35 1.2 1
0 -1.2297214932829001 -2.155681320972244 0.35 0.35 1.2 1
0 -0.6415225601584457 -0.929237069327886 0.35 0.35 1.2 1
0 -0.45033786460153014 2.3487301919294863 0.35 0.35 1.2 1
0 0.7462927437628116 -0.2673273634232183 0.35 0.35 1.2 1
0 0.18679462168047123 1.4399702434296195 0.35 0.35 1.2 1
0 -0.014634028249473241 3.141592653589793 0.35 0.35 1.2 1
0 0.9795113067414096 -0.35925168770354476 0.35 0.35 1.2 1
0 -2.583087466122699 0.8571982456132202 0.35 0.35 1.2 1
0 0.16737571512799776 1.956544438835404 0.35 0.35 1.2 1
0 -1.9138831687872275 -0.36422198700297326 0.35 0.35 1.2 1
0 0.2409415527210393 0.3780259005468574 0.35 0.35 1.2 1
0 -0.08942563403425471 -0.2500868591974341 0.35 0.35 1.2 1
0 -0.592410280185492 -1.544544342428997 0.35 0.35 1.2 1
0 0.03766081141630537 -2.1532142878718834 0.35 0.35 1.2 1
0 1.560425048448622 0.04699955090974593 0.35 0.35 1.2 1
0 1.8517108282725139 -0.6551382756724333 0.35 0.35 1.2 1
0 0.6790780575137596 -0.5050189174243567 0.35 0.35 1.2 1
0 0.3204227856591223 -2.888458375066477 0.35 0.35 1.2 1
0 1.6463954264526195 -1.1192560236785083 0.35 0.35 1.2 1
0 0.8859936103742261 -2.2128265144161743 0.35 0.35 1.2 1
0 -3.141592653589793 -1.0764752328809808 0.35 0.35 1.2 1
0 3.084447034470115 2.628537803703697 0.35 0.35 1.2 1
0 -2.69622154850376 -1.8941288529707778 0.35 0.35 1.2 1
0 2.042343662379219 0.37089044122659115 0.35 0.35 1.2 1
0 2.4047820017025665 -1.9475790526337002 0.35 0.35 1.2 1
0 -1.4835998549712988 1.6590546800746302 0.35 0.35 1.2 1
0 -2.8251525735723044 3.141592653589793 0.35 0.35 1.2 1
0 -1.5734046865621 -3.141592653589793 0.35 0.35 1.2 1
0 0.10238228827326479 -0.8907961114282138 0.35 0.35 1.2 1
0 -0.5354233397886377 1.4784600229658365 0.35 0.35 1.2 1
0 -0.5377551685798144 -2.3068867533934254 0.35 0.35 1.2 1
0 2.9265900783205745 -1.0225000199692198 0.35 0.35 1.2 1
0 -0.17991971240650506 3.1208615371740196 0.35 0.35 1.2 1
0 -1.6675573375122703 2.6782055016719313 0.35 0.35 1.2 1
0 0.6537293681272367 -2.5747567907420086 0.35 0.35 1.2 1
0 2.934594737428049 1.4407740637173752 0.35 0.35 1.2 1
0 1.488887314101637 -0.9372310516073352 0.35 0.35 1.2 1
0 2.4602484012965142 2.557103974452111 0.35 0.35 1.2 1
0 0.5101383516846119 1.097885238010571 0.35 0.35 1.2 1
0 -3.141592653589793 -0.08605980764869425 0.35 0.35 1.2 1
0 -0.5079669942259568 -0.635351628396066 0.35 0.35 1.2 1
0 0.8185445224196313 1.237835117062546 0.35 0.35 1.2 1
0 1.5531758005903962 1.6680043366748505 0.35 0.35 1.2 1
0 1.8097420964908744 0.4995337006017836 0.35 0.35 1.2 1
0 -2.313247980512918 3.141592653589793 0.35 0.35 1.2 1
0 0.1906863793379936 -0.35156817560862275 0.35 0.35 1.2 1
0 0.06457322277129562 2.5227614109935876 0.35 0.35 1.2 1
0 0.9308071525545528 1.7848130161996851 0.35 0.35 1.2 1
0 3.141592653589793 2.9765323008467934 0.35 0.35 1.2 1
0 -3.0602392562856453 -0.426140381161573 0.35 0.35 1.2 1
0 2.2920606158793806 -0.569215863849246 0.35 0.35 1.2 1
0 -0.816201858885433 3.141592653589793 0.35 0.35 1.2 1
0 -0.5890271746632317 -2.7448394096536606 0.35 0.35 1.2 1
0 0.36962205263041614 -1.178276761933699 0.35 0.35 1.2 1
0 -1.4347069799078767 2.5791293891178744 0.35 0.35 1.2 1
0 0.6704996567921528 0.8232384428069461 0.35 0.35 1.2 1
0 2.733851849358381 -1.9806216865548887 0.35 0.35 1.2 1
0 -0.5315396448840454 3.141592653589793 0.35 0.35 1.2 1
0 -0.4498202671563969 -0.015145960555296156 0.35 0.35 1.2 1
0 -0.8460293353909923 0.415444374233908 0.35 0.35 1.2 1
0 -1.0035489637301158 0.6501170760303392 0.35 0.35 1.2 1
0 -3.141592653589793 -0.4301673300362171 0.35 0.35 1.2 1
0 1.7050051237075996 -2.3619329403144267 0.35 0.35 1.2 1
0 -3.141592653589793 -1.911384554240168 0.35 0.35 1.2 1
0 -0.3670362357671114 1.2585957949533515 0.35 0.35 1.2 1
0 -1.3975674682776973 -0.5590726461373673 0.35 0.35 1.2 1
0 0.6286355150228137 0.06090130615868239 0.35 0.35 1.2 1
0 -0.30508716601644253 -1.661067899116858 0.35 0.35 1.2 1
0 0.2094856807685419 -0.7061888920932526 0.35 0.35 1.2 1
0 1.9796431608923628 2.8590099297589737 0.35 0.35 1.2 1
0 -1.8430566976637395 1.8641946634849007 0.35 0.35 1.2 1
0 -2.928312381444449 -2.8325742223370987 0.35 0.35 1.2 1
0 0.49474326530574336 -3.141592653589793 0.35 0.35 1.2 1
0 1.3242445668240124 -0.19244974996344055 0.35 0.35 1.2 1
0 -0.1352900262060888 -0.32549092752549713 0.35 0.35 1.2 1
0 -1.0515604993391219 3.141592653589793 0.35 0.35 1.2 1
0 -0.8385081584257269 1.2957996840096673 0.35 0.35 1.2 1
0 -0.21662696467316211 0.5095367230635909 0.35 0.35 1.2 1
0 3.141592653589793 3.141592653589793 0.35 0.35 1.2 1
0 0.4900727186988255 -2.7238118390354575 0.35 0.35 1.2 1
0 0.38010082289449304 1.511455108415822 0.35 0.35 1.2 1
0 1.3111751521260562 0.390951008127061 0.35 0.35 1.2 1
0 -0.2800836479934129 0.6026331037488399 0.35 0.35 1.2 1
0 -1.0056510066075819 2.6042356274389546 0.35 0.35 1.2 1
0 1.114186047628273 0.8480919618158906 0.35 0.35 1.2 1
0 -1.9441901605892957 -0.07642654190407427 0.35 0.35 1.2 1
0 -0.9830585081131265 -0.6243049082726367 0.35 0.35 1.2 1
0 -2.974795542436195 -1.6193831137874262 0.35 0.35 1.2 1
0 -1.1382203505072532 -0.8073807543595616 0.35 0.35 1.2 1
0 1.5298670241898222 -0.21948211751723967 0.35 0.35 1.2 1
0 -1.5721994852295613 -2.107222729136795 0.35 0.35 1.2 1
0 1.01652090195129 1.3710066128946163 0.35 0.35 1.2 1
0 1.1680940939897997 2.786331806704143 0.35 0.35 1.2 1
