#! FIELDS time phi psi sigma_phi sigma_psi height biasf
                        #! SET multivariate false
                        #! SET kerneltype stretched-gaussian
                        #! SET min_phi -pi
                        #! SET max_phi pi
                        #! SET min_psi -pi
                        #! SET max_psi pi
0 -1.4628577167757149 0.8706022483949523 0.35 0.35 1.2 1
0 0.3467743620329622 1.8096756407097794 0.35 0.35 1.2 1
0 0.03481594766006513 -0.0422199632824497 0.35 0.35 1.2 1
0 -1.0621189221002574 -0.6185961672640171 0.35 0.35 1.2 1
0 2.4553011113047574 3.141592653589793 0.35 0.35 1.2 1
0 -3.141592653589793 0.3826610273929516 0.35 0.35 1.2 1
0 0.5167507933368349 0.6467500618970965 0.35 0.35 1.2 1
0 1.9771097298099432 -2.5022886399240325 0.35 0.35 1.2 1
0 3.081613543775085 -2.1429746271994654 0.35 0.35 1.2 1
0 -0.8374530050009901 1.6769102836254484 0.35 0.35 1.2 1
0 1.8238040691874715 1.8233717784416021 0.35 0.35 1.2 1
0 1.094204123398253 -0.5921267649210491 0.35 0.35 1.2 1
0 0.8806287548965186 -0.8163102893490133 0.35 0.35 1.2 1
0 -0.9049957268891073 1.074554454686071 0.35 0.35 1.2 1
0 0.692415431796552 1.619188799986053 0.35 0.35 1.2 1
0 -3.141592653589793 -2.4630753966835304 0.35 0.35 1.2 1
0 1.8371346268075515 1.867446497504321 0.35 0.35 1.2 1
0 -2.0557650001775083 -1.0707122959426334 0.35 0.35 1.2 1
0 -1.095965607333401 -2.627638926729598 0.35 0.35 1.2 1
0 -0.3774270676656645 -1.9957087788332601 0.35 0.35 1.2 1
0 1.841414275598526 -0.3072967839462353 0.35 0.35 1.2 1
0 -0.05016973021230209 1.040688724529564 0.35 0.35 1.2 1
0 -0.37028274083465296 -0.1911578275726955 0.35 0.35 1.2 1
0 2.6735665153992487 1.1396658680052756 0.35 0.35 1.2 1
0 1.2079691657690705 1.4838693077009477 0.35 0.35 1.2 1
0 -3.141592653589793 2.5510178964980814 0.35 0.35 1.2 1
0 1.1487623279265053 -0.8200845920870663 0.35 0.35 1.2 1
0 -3.141592653589793 0.38366100412933396 0.35 0.35 1.2 1
0 -2.1693493748195465 1.411378156920697 0.35 0.35 1.2 1
0 -0.5410589088578877 -0.8287328810567328 0.35 0.35 1.2 1
0 0.24586631005054638 -2.3909330875914825 0.35 0.35 1.2 1
0 -0.3270547099673895 1.4660918040311666 0.35 0.35 1.2 1
0 -3.141592653589793 0.16477261115865977 0.35 0.35 1.2 1
0 -0.8676112013699152 -0.8101542143030092 0.35 0.35 1.2 1
0 2.7013717806554305 -1.5541045151126849 0.35 0.35 1.2 1
0 -1.5772115359582954 -2.3550373484180254 0.35 0.35 1.2 1
0 -2.2136259367789606 0.7903779220496204 0.35 0.35 1.2 1
0 -1.6817364562314387 -1.3547233308600801 0.35 0.35 1.2 1
0 1.8502313871693907 -3.141592653589793 0.35 0.35 1.2 1
0 1.1385207709293368 -1.0816208158295106 0.35 0.35 1.2 1
0 0.7926519739952229 1.2259541367439364 0.35 0.35 1.2 1
0 1.0604920861990197 2.1812036468888176 0.35 0.35 1.2 1
0 1.2033224383054215 1.6302424089778715 0.35 0.35 1.2 1
0 1.951925599648787 -1.3790133032078886 0.35 0.35 1.2 1
0 -3.141592653589793 1.0661601803422083 0.35 0.35 1.2 1
0 0.00599559403742389 0.9663065293843974 0.35 0.35 1.2 1
0 -1.833122138859286 0.46887851613979126 0.35 0.35 1.2 1
0 -2.040459860556166 3.141592653589793 0.35 0.35 1.2 1
0 -1.4335885082180368 0.1377601646894815 0.35 0.35 1.2 1
0 2.7319000803301963 1.5588264446005353 0.35 0.35 1.2 1
0 1.2251092086327158 -1.9296974261718627 0.35 0.35 1.2 1
0 -1.6364292647188 -0.611479639840723 0.35 0.35 1.2 1
0 -0.2863074118912996 0.5046078658072954 0.35 0.35 1.2 1
0 -1.4452160432298466 1.367837776999416 0.35 0.35 1.2 1
0 1.1850981622463397 0.17112303315031796 0.35 0.35 1.2 1
0 -0.4035255826633044 -0.30360075134234 0.35 0.35 1.2 1
0 -0.7525288737504787 -0.6378946716480622 0.35 0.35 1.2 1
0 -1.181592975948123 -1.2996750935784696 0.35 0.35 1.2 1
0 1.4168997466967606 -2.971276786507554 0.35 0.35 1.2 1
0 2.8289812313007294 2.5907614420541867 0.35 0.35 1.2 1
0 -1.3644271209034584 0.2417000524505184 0.35 0.35 1.2 1
0 1.9728457645833286 -0.28527863094635336 0.35 0.35 1.2 1
0 -3.141592653589793 1.1359095017194156 0.35 0.35 1.2 1
0 0.9728622939344195 2.157483056248679 0.35 0.35 1.2 1
0 -1.5993197822193266 0.9754561008593859 0.35 0.35 1.2 1
0 -0.17394619226982144 -0.8203371563769328 0.35 0.35 1.2 1
0 1.7839917977144713 -3.141592653589793 0.35 0.35 1.2 1
0 0.009087585303875545 0.8465993620598997 0.35 0.35 1.2 1
0 0.13145758019090098 -0.7431663635428183 0.35 0.35 1.2 1
0 0.9367482038619375 -0.037097424841144866 0.35 0.35 1.2 1
0 1.5343369224559145 -2.0925694135145734 0.35 0.35 1.2 1
0 1.2426751203949515 2.6951691728376463 0.35 0.35 1.2 1
0 -1.5204607688946508 2.293484389979213 0.35 0.35 1.2 1
0 0.7868527269873539 -1.4386093084257938 0.35 0.35 1.2 1
0 -1.5000781749114722 -3.141592653589793 0.35 0.35 1.2 1
0 2.1313670292301605 -2.7780527749620068 0.35 0.35 1.2 1
0 -0.11662567079468955 0.09036924689520975 0.35 0.35 1.2 1
0 -1.0675057934254815 -0.5854466610292786 0.35 0.35 1.2 1
0 0.9179253242395639 -0.31679457275987866 0.35 0.35 1.2 1
0 -1.7194226694243522 -0.6139617091858377 0.35 0.35 1.2 1
0 -1.354305237329094 0.6990182176386779 0.35 0.35 1.2 1
0 0.3206547342351811 -0.8156611435100334 0.35 0.35 1.2 1
0 2.822542910449269 -0.13109740513044532 0.35 0.35 1.2 1
0 0.5299713904581573 -2.6072912833618864 0.35 0.35 1.2 1
0 -0.3320745859504932 0.8614514682170917 0.35 0.35 1.2 1
0 -1.5740631577093902 2.816823179703685 0.35 0.35 1.2 1
0 0.04156031183794695 2.465723313022446 0.35 0.35 1.2 1
0 -1.5835701474322472 -2.5008199034848273 0.35 0.35 1.2 1
0 -1.2594587919186608 -2.1540028664360564 0.35 0.35 1.2 1
0 2.0009684250273327 -0.3979390873785295 0.35 0.35 1.2 1
0 -1.7371889568479917 1.1530107988127054 0.35 0.35 1.2 1
0 2.9311625299488755 2.718229408515744 0.35 0.35 1.2 1
0 1.5277441038627018 1.084305564383267 0.35 0.35 1.2 1
0 0.31327546538877005 -0.021126197708056127 0.35 0.35 1.2 1
0 -0.44532779909063414 -1.4441987411215411 0.35 0.35 1.2 1
0 1.5432518211368895 2.1038581604488837 0.35 0.35 1.2 1
0 1.3806940038850666 -1.461055553028799 0.35 0.35 1.2 1
0 -0.4423808304050274 1.9961585796840176 0.35 0.35 1.2 1
0 -0.13151787944798032 1.4265699392819386 0.35 0.35 1.2 1
0 -2.3056093617185827 1.8024732182150645 0.35 0.35 1.2 1
0 1.4186523048933548 -0.43569687252318223 0.35 0.35 1.2 1
0 0.9683966850697432 -1.2604218718513294 0.35 0.35 1.2 1
0 -0.7254234906551943 1.1684059976416814 0.35 0.35 1.2 1
0 0.1320814814381278 -2.947568157980772 0.35 0.35 1.2 1
0 -1.3071261531898881 -3.141592653589793 0.35 0.35 1.2 1
0 3.141592653589793 0.4001473773349924 0.35 0.35 1.2 1
0 0.7842754453236942 -1.5037203585314283 0.35 0.35 1.2 1
0 -1.3914621725305052 -1.1786790971514847 0.35 0.35 1.2 1
0 0.2556180635701437 0.06459261979613184 0.35 0.35 1.2 1
0 -0.05415844028415773 1.3578043354256093 0.35 0.35 1.2 1
0 -0.3170127220511947 0.5035636206372955 0.35 0.35 1.2 1
0 2.148042088359 -2.030747699522568 0.35 0.35 1.2 1
0 2.7295445125495257 -0.791418679906806 0.35 0.35 1.2 1
0 -0.3831970127189236 1.3335161330469019 0.35 0.35 1.2 1
0 -0.24255677917843116 -1.07991873830245 0.35 0.35 1.2 1
0 -0.9224757345300227 0.5405622731326695 0.35 0.35 1.2 1
0 0.5560854666733761 -1.3086549720424048 0.35 0.35 1.2 1
0 -0.5161585737258163 -3.141592653589793 0.35 0.35 1.2 1
0 1.587161528476144 -0.6059069114928726 0.35 0.35 1.2 1
0 -0.5910997373015856 0.6144650849902868 0.35 0.35 1.2 1
0 -2.947102561481548 -0.24773005662051423 0.35 0.35 1.2 1
0 -1.680783834834666 -2.0052296211134557 0.35 0.35 1.2 1
0 0.695471593694087 2.07721488599125 0.35 0.35 1.2 1
0 1.548643568182072 1.9355706545071127 0.35 0.35 1.2 1
0 -0.05126588843893043 0.9066153556423733 0.35 0.35 1.2 1
0 3.141592653589793 1.9450452612059341 0.35 0.35 1.2 1
0 -0.517352042590175 2.4188151470015886 0.35 0.35 1.2 1
0 -1.87844084378215 -0.33629889391128426 0.35 0.35 1.2 1
0 1.2088824935796685 2.811203266832764 0.35 0.35 1.2 1
0 2.8671171878041557 -0.9886744193470466 0.35 0.35 1.2 1
0 1.275161630782522 -1.8419049710871025 0.35 0.35 1.2 1
0 -0.3345267363265423 0.42697137975104127 0.35 0.35 1.2 1
0 -0.536029054718327 -1.5150923480171952 0.35 0.35 1.2 1
0 0.07484754210039013 2.317887065695218 0.35 0.35 1.2 1
0 -3.141592653589793 1.4060020780572553 0.35 0.35 1.2 1
0 2.993919780653663 -0.10177944383315463 0.35 0.35 1.2 1
0 2.0029834073486374 -1.8695216376097592 0.35 0.35 1.2 1
0 0.5953618541369134 -0.2323115223845903 0.35 0.35 1.2 1
0 -2.379358880079543 1.6027491774612352 0.35 0.35 1.2 1
0 -0.12103277890891723 1.7626246745697898 0.35 0.35 1.2 1
0 0.1115516238086357 0.3385345020513728 0.35 0.35 1.2 1
0 -1.4596040186864025 -2.1242968694774396 0.35 0.35 1.2 1
0 0.44258251575539975 1.242832685379911 0.35 0.35 1.2 1
0 0.9277087559247844 0.4850643118594149 0.35 0.35 1.2 1
0 3.141592653589793 -0.2500716410779786 0.35 0.35 1.2 1
0 -2.6139667954917 -1.3032028085541651 0.35 0.35 1.2 1
0 -2.8385977121602814 1.4215454767066587 0.35 0.35 1.2 1
0 -0.9609640547858462 1.2352387514394905 0.35 0.35 1.2 1
0 1.451353841175498 -0.33442039073295937 0.35 0.35 1.2 1
0 -1.3339869838231209 0.1007846392241627 0.35 0.35 1.2 1
0 0.9526444704269883 -1.6981974267926798 0.35 0.35 1.2 1
0 -3.141592653589793 -2.7013513146485484 0.35 0.35 1.2 1
0 1.8634276161118728 0.01195714017231242 0.35 0.35 1.2 1
0 0.35287290391514947 -2.170488132488793 0.35 0.35 1.2 1
0 -1.1093839040414317 0.3963872246100262 0.35 0.35 1.2 1
0 -2.773852824639946 1.2199904097025467 0.35 0.35 1.2 1
0 0.7328498872963619 -0.9760015341652327 0.35 0.35 1.2 1
0 -1.2681995222072973 -1.157159362298877 0.35 0.35 1.2 1
0 -0.7598537382873218 1.6807252054152784 0.35 0.35 1.2 1
0 1.3604200829948303 -0.6243297041030764 0.35 0.35 1.2 1
0 0.22634897901916762 -0.4167280564656232 0.35 0.35 1.2 1
0 0.1456082179159074 -0.7908867791298715 0.35 0.35 1.2 1
0 -1.001913476371079 -1.9531574017782605 0.35 0.35 1.2 1
0 1.8144082603774887 2.9094789860279366 0.35 0.35 1.2 1
0 0.2204429887423554 0.1922282543699686 0.35 0.35 1.2 1
0 -0.000876184503564692 3.141592653589793 0.35 0.35 1.2 1
0 -0.09001583827337908 3.141592653589793 0.35 0.35 1.2 1
0 -1.3406468971053016 -0.24197002342971047 0.35 0.35 1.2 1
0 -2.1934881004051947 1.9319177467162119 0.35 0.35 1.2 1
0 -0.6793207095992886 0.2866970577238468 0.35 0.35 1.2 1
0 -2.089300351781627 -0.8688447013199054 0.35 0.35 1.2 1
0 -2.931720596442473 1.169110911193508 0.35 0.35 1.2 1
0 0.8159592137181806 -1.1168418169174616 0.35 0.35 1.2 1
0 -2.5632920071784158 -0.15718342425511966 0.35 0.35 1.2 1
0 -1.6858938229029152 0.750823359734203 0.35 0.35 1.2 1
0 -3.013556395019479 -0.8138040440848429 0.35 0.35 1.2 1
0 -2.236867143634393 0.4928503263972752 0.35 0.35 1.2 1
0 2.3223884159378008 -3.141592653589793 0.35 0.35 1.2 1
0 -0.8001728425209322 -1.7343935630838176 0.35 0.35 1.2 1
0 -0.4587472651025132 -1.2476692066429818 0.35 0.35 1.2 1
0 1.8409379808665547 2.5361193973930978 0.35 0.35 1.2 1
0 0.957553304225742 -1.3388912996001716 0.35 0.35 1.2 1
0 1.2739340958649203 0.7483796044727438 0.35 0.35 1.2 1
0 -0.11810888210506942 -0.3804387265460769 0.35 0.35 1.2 1
0 -3.141592653589793 -2.9220762317462414 0.35 0.35 1.2 1
0 0.10542492514967483 1.0863093974484708 0.35 0.35 1.2 1
0 -0.6192029281169297 -3.141592653589793 0.35 0.35 1.2 1
0 2.2279214706833987 0.28842538338323487 0.35 0.35 1.2 1
0 0.8381357488379724 1.3898015696007742 0.35 0.35 1.2 1
0 1.861750726375387 -2.659518150246252 0.35 0.35 1.2 1
0 0.9200012949217268 -0.10482885573812817 0.35 0.35 1.2 1
0 -0.9541150012542331 2.3945098162309524 0.35 0.35 1.2 1
0 2.091438741075226 1.6808231721042228 0.35 0.35 1.2 1
0 2.2840546360232397 0.6009313341755835 0.35 0.35 1.2 1
0 -0.6427921263028373 -0.8712779636322306 0.35 0.35 1.2 1
0 -2.0935628484447335 -0.1296280421321258 0.35 0.35 1.2 1
0 2.4709492322235125 3.141592653589793 0.35 0.35 1.2 1
0 -1.262606664986851 -1.131543643775037 0.35 0.35 1.2 1
0 -1.8636734195752895 1.7929476253523484 0.35 0.35 1.2 1
0 -0.7721381671208711 -0.210982748920291 0.35 0.35 1.2 1
0 -1.1409135103580537 -0.4558524144238012 0.35 0.35 1.2 1
0 -0.920451778496045 2.657612061942534 0.35 0.35 1.2 1
0 -0.3059549468416246 -1.8398626635144288 0.35 0.35 1.2 1
0 2.811558312903949 3.141592653589793 0.35 0.35 1.2 1
0 -1.1346589495962158 1.2408857316801751 0.35 0.35 1.2 1
0 -2.1910304576126176 1.887841537122882 0.35 0.35 1.2 1
0 0.942799533045188 1.6674273157779578 0.35 0.35 1.2 1
0 0.061032277937934754 2.5830825502588346 0.35 0.35 1.2 1
0 -0.8029652530177587 0.7428530963358189 0.35 0.35 1.2 1
0 -1.4611089537080781 -2.0072211219230787 0.35 0.35 1.2 1
0 0.7596535379630963 2.260194632606227 0.35 0.35 1.2 1
0 0.6690288637281536 -1.3790125755751628 0.35 0.35 1.2 1
0 2.4808092857630233 2.264816371554635 0.35 0.35 1.2 1
0 1.1586466868123917 0.31558123454541775 0.35 0.35 1.2 1
0 -1.347502230246331 0.10733776822494334 0.35 0.35 1.2 1
0 -0.28689732582385297 -0.4532720381951317 0.35 0.35 1.2 1
0 0.9565112780962539 -2.506256564139006 0.35 0.35 1.2 1
0 -2.0055146861327753 2.391092944714286 0.35 0.35 1.2 1
0 1.623521804061845 -0.34518879385890067 0.35 0.35 1.2 1
0 -3.1405284777209954 1.879450556022075 0.35 0.35 1.2 1
0 0.48535992614229273 -0.767410272101841 0.35 0.35 1.2 1
0 0.05845789994198439 -1.5185926779208279 0.35 0.35 1.2 1
0 0.39544929112130855 -1.0318709945138038 0.35 0.35 1.2 1
0 -2.490756367388234 -2.592349156005651 0.35 0.35 1.2 1
0 1.2471913571758293 -1.2270962435482766 0.35 0.35 1.2 1
0 -0.7718711518297695 0.17335769830840375 0.35 0.35 1.2 1
0 -3.141592653589793 0.0713944104457178 0.35 0.35 1.2 1
0 -0.8163668509266826 0.6059304511109878 0.35 0.35 1.2 1
0 0.14685099339166938 3.141592653589793 0.35 0.35 1.2 1
0 2.475653305451017 -2.7551742381130664 0.35 0.35 1.2 1
0 -2.3409967396026983 -0.9864634646352609 0.35 0.35 1.2 1
0 0.14297277694080518 2.2164563858223656 0.35 0.35 1.2 1
0 -0.2419114137865639 1.8195254323831302 0.35 0.35 1.2 1
0 -0.6511576430313017 1.9045502545978248 0.35 0.35 1.2 1
0 -2.0402702242206874 2.530399201353999 0.35 0.35 1.2 1
0 1.1282960330361793 1.8858593962922325 0.35 0.35 1.2 1
0 -1.1850073478265297 1.892083367515955 0.35 0.35 1.2 1
0 0.1873654030150722 -0.8355008400477602 0.35 0.35 1.2 1
0 -1.065195039222823 2.804016783337503 0.35 0.35 1.2 1
0 0.5498894490602175 -1.4244570802784724 0.35 0.35 1.2 1
0 -1.2781660191990356 -2.76301385380788 0.35 0.35 1.2 1
0 0.3181712245476802 1.2717400931911111 0.35 0.35 1.2 1
0 2.158207544472389 -0.4862132435913709 0.35 0.35 1.2 1
0 3.141592653589793 -0.2689844620402646 0.35 0.35 1.2 1
0 -0.2493951767205954 -1.2460325236296161 0.35 0.35 1.2 1
0 1.9240430164737057 0.29351588692413777 0.35 0.35 1.2 1
0 -1.1472394661845347 0.927920461004528 0.35 0.35 1.2 1
0 1.0795898603339957 -0.048631981724577944 0.35 0.35 1.2 1
0 2.091524033336 -1.61043832912533 0.35 0.35 1.2 1
0 -0.9635358302685079 1.4618209352701175 0.35 0.35 1.2 1
0 -1.6900792764899206 -1.7170889367944007 0.35 0.35 1.2 1
0 -1.2827430112426945 1.8352719651535054 0.35 0.35 1.2 1
0 0.10711386865010736 -0.43578776624741966 0.35 0.35 1.2 1
0 2.414231062987393 2.126347880034515 0.35 0.35 1.2 1
0 1.4623056298057113 -0.001047382331797797 0.35 0.35 1.2 1
0 1.678331152157461 -3.141592653589793 0.35 0.35 1.2 1
0 1.5404652716409812 -3.141592653589793 0.35 0.35 1.2 1
0 1.1149796717611538 1.7277078777701975 0.35 0.35 1.2 1
0 2.110210235562685 -0.910916897113097 0.35 0.35 1.2 1
0 -0.9117767663083101 -1.0544190685418942 0.35 0.35 1.2 1
0 -2.0095884723510786 -2.1389496855201755 0.35 0.35 1.2 1
0 3.141592653589793 0.17274093433607568 0.35 0.35 1.2 1
0 2.6460092465446023 2.8182189425752404 0.35 0.35 1.2 1
0 -0.5040442384433597 -0.918050615262546 0.35 0.35 1.2 1
0 2.6917729244608077 2.7013160663358424 0.35 0.35 1.2 1
0 -0.10894016206543045 -0.17344999120299076 0.35 0.35 1.2 1
0 -1.6586176742237906 -0.6534585362203553 0.35 0.35 1.2 1
0 2.8286961505879686 -0.8424957857535716 0.35 0.35 1.2 1
0 1.576136547257432 0.24719441304882675 0.35 0.35 1.2 1
0 -1.8969095732714607 -3.141592653589793 0.35 0.35 1.2 1
0 2.1450730632719606 3.141592653589793 0.35 0.35 1.2 1
0 -0.8954866823614138 2.913729242618693 0.35 0.35 1.2 1
0 -2.0586470250901003 -0.39381491874306307 0.35 0.35 1.2 1
0 -0.035203094175103145 -1.5774711150560035 0.35 0.35 1.2 1
0 -1.7737291661171786 0.9253775409910772 0.35 0.35 1.2 1
0 1.0230384857015156 0.6448495136678873 0.35 0.35 1.2 1
0 -2.5211264819151005 2.0080636703041184 0.35 0.35 1.2 1
0 0.6877347897983468 1.6626414940364327 0.35 0.35 1.2 1
0 1.8884879074497045 1.1714906266789757 0.35 0.35 1.2 1
0 2.2533253937424216 0.7572328434480109 0.35 0.35 1.2 1
0 -1.954331342401541 -1.2998561582288781 0.35 0.35 1.2 1
0 -0.6790891429423033 -1.9990778556924342 0.35 0.35 1.2 1
0 1.6385618337715107 -0.5028986070882671 0.35 0.35 1.2 1
0 -1.5648056436756703 -0.4541312398277747 0.35 0.35 1.2 1
0 0.9439403973297942 -0.6600284418597469 0.35 0.35 1.2 1
0 -0.07719166716637091 -0.6303313046172327 0.35 0.35 1.2 1
0 -1.269983403708106 0.17116230161950952 0.35 0.35 1.2 1
0 0.8165965363999212 0.20044990680232205 0.35 0.35 1.2 1
0 1.2157164435147096 -1.1218702739318882 0.35 0.35 1.2 1
0 -2.2307620930689582 -0.014347819600798506 0.35 0.35 1.2 1
0 -0.8457078801326556 1.0693209521603302 0.35 0.35 1.2 1
0 -0.8292706995616566 0.13899845282632373 0.35 0.35 1.2 1
0 0.5502108912467722 2.1142594757295208 0.35 0.35 1.2 1
0 -2.7174068916844694 2.5629845541123837 0.35 0.35 1.2 1
0 -2.9029126774786964 0.6167692781270393 0.35 0.35 1.2 1
0 0.25715994883397 -2.5138184171036047 0.35 0.35 1.2 1
0 0.6162742466817983 -2.60631077457922 0.35 0.35 1.2 1
0 1.053121738337953 -3.141592653589793 0.35 0.35 1.2 1
0 -1.296009493831588 0.9184239504863556 0.35 0.35 1.2 1
0 -2.0570864651075746 0.08484486757068746 0.35 0.35 1.2 1
0 1.2802462431542634 -2.4785963424777853 0.35 0.35 1.2 1
0 -2.2588173484937557 1.595017701903275 0.35 0.35 1.2 1
0 -2.8693935632582743 -0.07941011464770487 0.35 0.35 1.2 1
0 -2.3093136641592866 -1.5169397450432696 0.35 0.35 1.2 1
0 -1.1829477979753333 0.568483507033017 0.35 0.35 1.2 1
0 3.0414164347182684 -2.8031091854711745 0.35 0.35 1.2 1
0 0.10095270582808125 -2.3656596075534444 0.35 0.35 1.2 1
0 1.3513350404684203 -1.0661005662898555 0.35 0.35 1.2 1
0 2.298366482145289 0.06863574382354076 0.35 0.35 1.2 1
0 2.265125889689651 -1.5905094866426719 0.35 0.35 1.2 1
0 1.3503303109347184 1.1418229931543564 0.35 0.35 1.2 1
0 1.7309537627239286 -1.9114547843316 0.35 0.35 1.2 1
0 -2.2573212942948087 1.3080546932349575 0.35 0.35 1.2 1
0 -0.3929694452688386 2.1735479614205633 0.35 0.35 1.2 1
0 -0.17491073687736125 1.6358941817168264 0.35 0.35 1.2 1
0 1.9853863443509712 0.801380803021485 0.35 0.35 1.2 1
0 -0.4377447347282203 -2.000584687169908 0.35 0.35 1.2 1
0 -1.2030711307689406 -1.780373225724827 0.35 0.35 1.2 1
0 -1.943726007066748 1.1153306208136498 0.35 0.35 1.2 1
0 0.859102239420896 -0.38883539619601803 0.35 0.35 1.2 1
0 0.842715946237437 0.8922589338416027 0.35 0.35 1.2 1
0 1.4333634481532116 -2.4907176052724087 0.35 0.35 1.2 1
0 -0.8888046231423317 -0.4408609723314776 0.35 0.35 1.2 1
0 -1.465016715567406 0.6791775525690956 0.35 0.35 1.2 1
0 -2.704600410157159 -1.0799860561049524 0.35 0.35 1.2 1
0 -2.4508052529170508 1.4860899333256348 0.35 0.35 1.2 1
0 1.510263357371759 0.508478540401075 0.35 0.35 1.2 1
0 1.4620047376320047 -0.8225761705429108 0.35 0.35 1.2 1
0 -0.1859350725292819 -1.058962276247693 0.35 0.35 1.2 1
0 -1.3840522862867137 0.4417399227544537 0.35 0.35 1.2 1
0 1.6416270467125866 2.1808717698784212 0.35 0.35 1.2 1
0 0.72553312786399 -2.309357099083284 0.35 0.35 1.2 1
0 0.6948963880797356 -0.33658708425357997 0.35 0.35 1.2 1
0 1.2675620008691801 -1.6034178011765787 0.35 0.35 1.2 1
0 -0.06339890754498784 2.6212353247755833 0.35 0.35 1.2 1
0 1.1048298781879309 -1.0374539546920114 0.35 0.35 1.2 1
0 2.339093223610754 2.15766498936143 0.35 0.35 1.2 1
0 3.079687676067812 -1.066467407735821 0.35 0.35 1.2 1
0 -1.1743740591331102 -0.9627831489950438 0.35 0.35 1.2 1
0 0.09013628129958096 2.663185718657158 0.35 0.35 1.2 1
0 0.6393549834232595 -0.9322461826521096 0.35 0.35 1.2 1
0 0.3075967095707163 0.017288045186018782 0.35 0.35 1.2 1
0 1.1670130444437536 2.026098232283742 0.35 0.35 1.2 1
0 -0.6474108363661277 -1.754011661729011 0.35 0.35 1.2 1
0 -2.7989111696390587 -0.03575800208383628 0.35 0.35 1.2 1
0 -0.5960864872326459 2.0175267764807248 0.35 0.35 1.2 1
0 0.4283068628693075 1.4611685397122411 0.35 0.35 1.2 1
0 -1.4721486662248158 0.864108424024031 0.35 0.35 1.2 1
0 0.3562459401828398 1.2578280697245605 0.35 0.35 1.2 1
0 -0.6145082934965221 2.252620302559046 0.35 0.35 1.2 1
0 -2.01020789242745 1.1023601265602028 0.35 0.35 1.2 1
0 1.8821813323864518 2.0878234382356156 0.35 0.35 1.2 1
0 1.3833803217760179 0.45893992954263163 0.35 0.35 1.2 1
0 1.0404113043781642 1.6063696637814688 0.35 0.35 1.2 1
0 1.1222362413262812 1.6880031200147076 0.35 0.35 1.2 1
0 2.2034566435945964 -0.4962896655633496 0.35 0.35 1.2 1
0 -0.432952913929856 -0.6668408281696603 0.35 0.35 1.2 1
0 -0.16164090935602088 -1.322843417391772 0.35 0.35 1.2 1
0 -1.304523552240811 -3.141592653589793 0.35 0.35 1.2 1
0 -3.141592653589793 0.8059919793176705 0.35 0.35 1.2 1
0 -1.886930266707283 2.4851332986109282 0.35 0.35 1.2 1
0 -2.144321208632715 0.2933933868550408 0.35 0.35 1.2 1
0 1.803454772620415 0.10649468273400714 0.35 0.35 1.2 1
0 1.2117850449086658 -1.4151716079904035 0.35 0.35 1.2 1
0 -2.377057700542344 3.141592653589793 0.35 0.35 1.2 1
0 0.858183343230498 0.7346561824916893 0.35 0.35 1.2 1
0 -0.05429681785254048 -1.3982623146951254 0.35 0.35 1.2 1
0 1.1989416767581558 2.1417835190091186 0.35 0.35 1.2 1
0 0.8924591534129791 -0.03934401104178886 0.35 0.35 1.2 1
0 -0.6058210585994321 1.9479935231324794 0.35 0.35 1.2 1
0 1.0247134366643682 -0.48361186294593533 0.35 0.35 1.2 1
0 2.747131478712298 0.15041243164712004 0.35 0.35 1.2 1
0 3.0289897541072595 0.7999769431686102 0.35 0.35 1.2 1
0 0.5507651069167884 -0.6146893229232492 0.35 0.35 1.2 1
0 -1.3362834211993142 2.2716781919960027 0.35 0.35 1.2 1
0 3.1033811598790946 0.07790908286112685 0.35 0.35 1.2 1
0 -0.6834725946148749 0.3792359847977701 0.35 0.35 1.2 1
0 0.21967720351883369 0.04962181266949445 0.35 0.35 1.2 1
0 -2.4253056565020357 -2.317250445576808 0.35 0.35 1.2 1
0 -3.141592653589793 -1.7002822877165333 0.35 0.35 1.2 1
0 0.1245250475052766 1.391968652398704 0.35 0.35 1.2 1
0 1.7071726616140994 1.5910588478862842 0.35 0.35 1.2 1
0 1.747813904321952 0.6949603387681098 0.35 0.35 1.2 1
0 -0.8401267414041915 -0.2789440705918428 0.35 0.35 1.2 1
0 1.3181544585347482 -0.42211305173796543 0.35 0.35 1.2 1
0 0.8964682269795419 3.141592653589793 0.35 0.35 1.2 1
0 -1.3715562996724144 -1.397787948333493 0.35 0.35 1.2 1
0 -0.4228779823760167 -2.571020877801241 0.35 0.35 1.2 1
0 0.5185436303753574 0.9453435611577243 0.35 0.35 1.2 1
0 0.25107457356850826 3.141592653589793 0.35 0.35 1.2 1
0 -1.8872360319255028 0.3507894705888993 0.35 0.35 1.2 1
0 1.918580101529983 2.6166240652141384 0.35 0.35 1.2 1
0 1.1982414458424748 0.8366337947530302 0.35 0.35 1.2 1
0 -3.141592653589793 -2.575532067323066 0.35 0.35 1.2 1
0 -0.926293419171987 1.442076540093006 0.35 0.35 1.2 1
0 -0.24941961574407367 0.7200974436655608 0.35 0.35 1.2 1
0 0.09738889520571964 0.14479217548653323 0.35 0.35 1.2 1
0 0.6757578530667295 3.141592653589793 0.35 0.35 1.2 1
0 2.2164270223145865 -2.6571124431484314 0.35 0.35 1.2 1
0 -2.720843212054809 1.7919627248670646 0.35 0.35 1.2 1
0 2.731804261719848 0.1486750256372762 0.35 0.35 1.2 1
0 -0.7980915293461168 0.8222604335923802 0.35 0.35 1.2 1
0 -0.5160383464624181 -0.6646897221815605 0.35 0.35 1.2 1
0 0.04835579421043057 3.141592653589793 0.35 0.35 1.2 1
0 -0.054076484723587726 -0.12908056123899259 0.35 0.35 1.2 1
0 -1.5527238559550856 0.5038950871858874 0.35 0.35 1.2 1
0 1.9561212925727292 0.1003212940736431 0.35 0.35 1.2 1
0 1.3658670833600073 0.17842415734035033 0.35 0.35 1.2 1
0 2.2739640104642818 -1.797158185194686 0.35 0.35 1.2 1
0 -2.3547142594659736 0.9840800683299953 0.35 0.35 1.2 1
0 -1.1807786443952524 0.9526077905210746 0.35 0.35 1.2 1
0 0.13726551645650675 -0.552430901683503 0.35 0.35 1.2 1
0 -1.5278215591841715 0.5916544987790701 0.35 0.35 1.2 1
0 -2.3727773944338573 2.5577043371088033 0.35 0.35 1.2 1
0 -1.0437798891340184 -0.3122292195704785 0.35 0.35 1.2 1
0 -3.141592653589793 1.6229768075909274 0.35 0.35 1.2 1
0 -1.8840115183490274 -1.3023680307591203 0.35 0.35 1.2 1
0 -0.23636645773277865 0.9205371746376145 0.35 0.35 1.2 1
0 3.141592653589793 0.7752896261895104 0.35 0.35 1.2 1
0 0.06547957575794339 -2.1307166165314517 0.35 0.35 1.2 1
0 0.1381166730499115 -1.495946325985448 0.35 0.35 1.2 1
0 -1.2398961324947337 0.44524622836882566 0.35 0.35 1.2 1
0 0.7507252011877663 0.14456961044081496 0.35 0.35 1.2 1
0 1.2390979872844186 -3.141592653589793 0.35 0.35 1.2 1
0 -0.21055543626313988 -2.095955953589324 0.35 0.35 1.2 1
0 -2.426115980780826 0.7937548034075974 0.35 0.35 1.2 1
0 2.6755738041650834 -0.9133219241315079 0.35 0.35 1.2 1
0 -0.6865630484898414 -0.6849106998124126 0.35 0.35 1.2 1
0 -0.6693737894471795 0.49359490566202857 0.35 0.35 1.2 1
0 0.29101148227915896 -0.39225497207947335 0.35 0.35 1.2 1
0 2.7077018352509157 2.9029595859453234 0.35 0.35 1.2 1
0 3.141592653589793 -1.3931057157158793 0.35 0.35 1.2 1
0 -0.7699191321744929 -0.29442604299697994 0.35 0.35 1.2 1
0 1.1665781435277913 2.4439937506348848 0.35 0.35 1.2 1
0 -0.15161361721059885 1.649637011405474 0.35 0.35 1.2 1
0 -0.030436813640980276 -3.141592653589793 0.35 0.35 1.2 1
0 -1.2364878544460103 0.4869509698140748 0.35 0.35 1.2 1
0 -3.084327901031779 0.1485342061603866 0.35 0.35 1.2 1
0 0.3400176023418353 0.29775180356108377 0.35 0.35 1.2 1
0 0.6171962363222288 1.9140558909230918 0.35 0.35 1.2 1
0 0.5035114711537969 -0.9812362312105778 0.35 0.35 1.2 1
0 1.0695577976959663 -1.1727660150655508 0.35 0.35 1.2 1
0 1.5991051315422449 2.5237111762750297 0.35 0.35 1.2 1
0 2.8198157740262633 0.9400883344250912 0.35 0.35 1.2 1
0 -0.8277718183714589 1.3777252388340755 0.35 0.35 1.2 1
0 1.137483430282146 -0.5660053984713949 0.35 0.35 1.2 1
0 -3.06693775235361 -2.048144766284867 0.35 0.35 1.2 1
0 -3.141592653589793 1.6045438209909295 0.35 0.35 1.2 1
0 -1.615069738745979 2.4861272233005884 0.35 0.35 1.2 1
0 2.320359608106664 1.533424314616539 0.35 0.35 1.2 1
0 0.6577262278898 0.3539178800458359 0.35 0.35 1.2 1
0 -1.7122661413235163 -0.2792374149209884 0.35 0.35 1.2 1
0 -1.478137304087721 -0.0889768631949257 0.35 0.35 1.2 1
0 1.517654189816677 -1.1417784747650845 0.35 0.35 1.2 1
0 0.43893593675529124 3.141592653589793 0.35 0.35 1.2 1
0 0.3686717931077583 -1.5466771301164304 0.35 0.35 1.2 1
0 1.8718231988151797 2.567273102179568 0.35 0.35 1.2 1
0 1.7687003357280207 1.5929334370993784 0.35 0.35 1.2 1
0 -1.888376442623935 -2.0354392397545515 0.35 0.35 1.2 1
0 0.1943695110779133 0.003684709718676793 0.35 0.35 1.2 1
0 1.219508386024183 -1.9673055095591785 0.35 0.35 1.2 1
0 1.0174923665006688 3.0757776616900694 0.35 0.35 1.2 1
0 -1.7356788050013319 2.782103796169675 0.35 0.35 1.2 1
0 2.848389865388866 1.3358884083924567 0.35 0.35 1.2 1
0 -3.141592653589793 -1.5690606808815828 0.35 0.35 1.2 1
0 -0.08015744799884272 -2.300673802054255 0.35 0.35 1.2 1
0 3.141592653589793 1.2338206379703855 0.35 0.35 1.2 1
0 1.3213860548376366 2.7205235979127087 0.35 0.35 1.2 1
0 0.6814238138414211 -0.5355903885421479 0.35 0.35 1.2 1
0 -0.3489561026778347 -1.637504072553266 0.35 0.35 1.2 1
0 -0.6262316368129324 -1.4943747021742104 0.35 0.35 1.2 1
0 2.490209221490755 -1.473266328838519 0.35 0.35 1.2 1
0 1.4141479322918395 2.4661216609258245 0.35 0.35 1.2 1
0 -2.8796403889450506 -0.2742268611135299 0.35 0.35 1.2 1
0 -0.074993062730773 -0.9269591964969504 0.35 0.35 1.2 1
0 -3.141592653589793 -3.141592653589793 0.35 0.35 1.2 1
0 -1.6389924036362509 0.42969197561988487 0.35 0.35 1.2 1
0 -0.8853467850668515 -0.38032371539202736 0.35 0.35 1.2 1
0 -0.4246666551461642 -0.8502634473153838 0.35 0.35 1.2 1
0 2.1937412711860715 -0.4189399982012029 0.35 0.35 1.2 1
0 -0.14669539663581238 3.141592653589793 0.35 0.35 1.2 1
0 1.5783246622934832 2.0613293454201647 0.35 0.35 1.2 1
0 -1.5816342237419305 -0.42018492470038704 0.35 0.35 1.2 1
0 5.064058455581111e-05 0.9716419706211369 0.35 0.35 1.2 1
0 -1.2520860501039532 -3.0280022439449796 0.35 0.35 1.2 1
0 1.1638908033312916 -1.018615016363633 0.35 0.35 1.2 1
0 -1.2867228857228932 -1.997412944917441 0.35 0.35 1.2 1
0 0.8938294470970294 1.9482726850000647 0.35 0.35 1.2 1
0 1.098807691481718 1.545584125258574 0.35 0.35 1.2 1
0 -2.2901276478368793 2.004876130329148 0.35 0.35 1.2 1
0 -2.504532334365959 -0.8627654099128577 0.35 0.35 1.2 1
0 3.141592653589793 1.9902645960075427 0.35 0.35 1.2 1
0 -3.141592653589793 -2.1536156767755124 0.35 0.35 1.2 1
0 3.141592653589793 -0.6866303443140792 0.35 0.35 1.2 1
0 -1.0909360737352425 0.7936432798415274 0.35 0.35 1.2 1
0 -2.201608395547412 0.19592589454292178 0.35 0.35 1.2 1
0 -1.9982996370259223 -2.0892014030714763 0.35 0.35 1.2 1
0 -3.141592653589793 -1.395699821757469 0.35 0.35 1.2 1
0 -1.6690987079663908 -0.7291456568886954 0.35 0.35 1.2 1
0 3.141592653589793 3.141592653589793 0.35 0.35 1.2 1
