#! FIELDS time phi psi sigma_phi sigma_psi height biasf
                        #! SET multivariate false
                        #! SET kerneltype stretched-gaussian
                        #! SET min_phi -pi
                        #! SET max_phi pi
                        #! SET min_psi -pi
                        #! SET max_psi pi
0 -0.10253320458256698 1.600762929938518 0.35 0.35 1.2 1
0 0.35019200278509954 -3.065805880691445 0.35 0.35 1.2 1
0 -2.127260227957956 0.5877378094695607 0.35 0.35 1.2 1
0 1.7182633290193787 2.1294745825353076 0.35 0.35 1.2 1
0 -0.18023616070680681 1.604962727700574 0.35 0.35 1.2 1
0 0.5104819385716484 1.5119197944179055 0.35 0.35 1.2 1
0 -2.220995216398866 -0.9854601820911426 0.35 0.35 1.2 1
0 -2.3739976230093705 -1.726881911034323 0.35 0.35 1.2 1
0 0.0193519643391552 3.141592653589793 0.35 0.35 1.2 1
0 0.16783846976669348 1.831926925878194 0.35 0.35 1.2 1
0 -0.6608123720203907 -0.36207392892874996 0.35 0.35 1.2 1
0 0.2412308982333582 1.4395496337358002 0.35 0.35 1.2 1
0 0.7391600028749674 2.319172450493123 0.35 0.35 1.2 1
0 1.287466419589864 0.295607102600135 0.35 0.35 1.2 1
0 -2.1992143380863407 1.7219788166281293 0.35 0.35 1.2 1
0 -1.664680300664866 2.6765183591470327 0.35 0.35 1.2 1
0 -3.141592653589793 1.3508590401271854 0.35 0.35 1.2 1
0 -0.3698509841027334 1.1084098306058034 0.35 0.35 1.2 1
0 1.4358592666596297 1.446348689919839 0.35 0.35 1.2 1
0 -2.6384559980001407 -1.5365343639828095 0.35 0.35 1.2 1
0 -2.712761158239689 0.37678580942703777 0.35 0.35 1.2 1
0 -1.7720623306502565 -0.43537406938947665 0.35 0.35 1.2 1
0 -0.5294135027605096 0.9419639380517446 0.35 0.35 1.2 1
0 1.1846293633199818 0.8912284053440351 0.35 0.35 1.2 1
0 -1.502229232063771 3.060579755148919 0.35 0.35 1.2 1
0 -1.2967649414858813 1.526787826880455 0.35 0.35 1.2 1
0 -1.7307760344331873 -2.460967409944018 0.35 0.35 1.2 1
0 -2.958749210593287 1.5889200167279576 0.35 0.35 1.2 1
0 1.6846201539066121 1.5493918105789206 0.35 0.35 1.2 1
0 -2.0841304025842478 -1.5656308614068875 0.35 0.35 1.2 1
0 -3.141592653589793 0.7913095850559988 0.35 0.35 1.2 1
0 -0.7555976993497502 1.908207714871224 0.35 0.35 1.2 1
0 -0.31257039567876954 -0.28506283150051337 0.35 0.35 1.2 1
0 -0.39897663059135346 -1.6584467710092816 0.35 0.35 1.2 1
0 -1.7667539156925143 1.7797079505055124 0.35 0.35 1.2 1
0 -3.141592653589793 -0.19827782241367964 0.35 0.35 1.2 1
0 -1.9291158021566892 1.2100750218080802 0.35 0.35 1.2 1
0 -0.8391846596825889 2.4016779192936513 0.35 0.35 1.2 1
0 -2.559674882761984 -2.6226304140601324 0.35 0.35 1.2 1
0 -0.6293004126546659 2.393299899644123 0.35 0.35 1.2 1
0 0.18990287454251298 -0.2476069175081869 0.35 0.35 1.2 1
0 -1.3192186439192952 2.8906282268281815 0.35 0.35 1.2 1
0 -2.457447134052757 -1.1486018018956443 0.35 0.35 1.2 1
0 2.57340568432299 2.610825831496216 0.35 0.35 1.2 1
0 -3.117355477695398 -0.020528768183447343 0.35 0.35 1.2 1
0 -0.2653732104678834 1.143523859264789 0.35 0.35 1.2 1
0 0.934042911987312 -0.17318150077703848 0.35 0.35 1.2 1
0 -1.4388329363002412 1.112378719955262 0.35 0.35 1.2 1
0 -3.141592653589793 1.7603747944674606 0.35 0.35 1.2 1
0 -1.6304496524303327 3.089350410165326 0.35 0.35 1.2 1
0 -0.3703638717907243 -1.0307572338627837 0.35 0.35 1.2 1
0 1.4194078077979921 2.122545716970737 0.35 0.35 1.2 1
0 -2.6171537456111222 2.0346230833441066 0.35 0.35 1.2 1
0 0.061839184796611435 -0.4171055452771093 0.35 0.35 1.2 1
0 -3.141592653589793 0.5630812033504021 0.35 0.35 1.2 1
0 -3.141592653589793 2.9822081179537303 0.35 0.35 1.2 1
0 -0.4276529663907851 -2.2414856485369277 0.35 0.35 1.2 1
0 -2.2364347029022316 -1.672988998291199 0.35 0.35 1.2 1
0 -2.2560562726481157 1.205179989526106 0.35 0.35 1.2 1
0 -0.10037556144739179 -1.1289086698349355 0.35 0.35 1.2 1
0 1.2546140734388103 -1.0301300704791516 0.35 0.35 1.2 1
0 -0.21946494567466066 2.8430784798837028 0.35 0.35 1.2 1
0 -0.9909037532697342 1.8130266171619183 0.35 0.35 1.2 1
0 -3.141592653589793 1.53214755583974 0.35 0.35 1.2 1
0 -2.1855562606832875 1.5186622940455041 0.35 0.35 1.2 1
0 0.593387119950914 1.31108139160784 0.35 0.35 1.2 1
0 -2.25562041074688 1.6782275153849469 0.35 0.35 1.2 1
0 -3.141592653589793 -1.5420231683310155 0.35 0.35 1.2 1
0 -0.6955524573035499 3.141592653589793 0.35 0.35 1.2 1
0 -3.141592653589793 1.9560398829491104 0.35 0.35 1.2 1
0 -1.3669548170609132 -0.33116371251826626 0.35 0.35 1.2 1
0 -1.735076361519038 3.141592653589793 0.35 0.35 1.2 1
0 3.141592653589793 -0.538161442348285 0.35 0.35 1.2 1
0 -0.9101053525021876 3.141592653589793 0.35 0.35 1.2 1
0 0.649938542560169 -0.7681551585121673 0.35 0.35 1.2 1
0 2.3657787174621996 3.141592653589793 0.35 0.35 1.2 1
0 0.8274762528705903 2.404201364047263 0.35 0.35 1.2 1
0 -1.40538657314577 -0.9117110478166919 0.35 0.35 1.2 1
0 0.6888757461538891 -1.3340688938315055 0.35 0.35 1.2 1
0 -1.5224853580727693 1.9190174731859244 0.35 0.35 1.2 1
0 1.9683478265067786 3.141592653589793 0.35 0.35 1.2 1
0 -1.367231157229949 -3.141592653589793 0.35 0.35 1.2 1
0 -2.3137053895131414 1.7330790595036296 0.35 0.35 1.2 1
0 -0.7580525343401425 1.781592897298229 0.35 0.35 1.2 1
0 -0.6661372735798953 -0.8678246581229359 0.35 0.35 1.2 1
0 2.4621567339927077 -0.42978632472983835 0.35 0.35 1.2 1
0 -2.7323474762572477 0.7015446270829636 0.35 0.35 1.2 1
0 -1.327181635559176 -1.1430168695274532 0.35 0.35 1.2 1
0 -1.5778639194280182 -0.6938179038886054 0.35 0.35 1.2 1
0 -0.9658696091314072 1.0206133280368777 0.35 0.35 1.2 1
0 -0.4892689119243473 -2.529256147737324 0.35 0.35 1.2 1
0 -0.9940943693503007 1.8849247622233123 0.35 0.35 1.2 1
0 -2.693508172229749 1.6945367750608984 0.35 0.35 1.2 1
0 -0.28191734532691726 0.04493717711067946 0.35 0.35 1.2 1
0 -0.6588605868908687 0.620100425262291 0.35 0.35 1.2 1
0 1.166874858842918 2.2121835909176397 0.35 0.35 1.2 1
0 -0.047397297955882656 2.1998231040328378 0.35 0.35 1.2 1
0 -3.141592653589793 1.1830995808948659 0.35 0.35 1.2 1
0 -1.9721764445298127 0.8948195706929785 0.35 0.35 1.2 1
0 -0.6990039824945806 -1.2048832295765814 0.35 0.35 1.2 1
0 -1.529560916552264 2.2820715250142625 0.35 0.35 1.2 1
0 -2.839298698322116 1.1600243022828962 0.35 0.35 1.2 1
0 -0.48700995095869226 1.1831472719804847 0.35 0.35 1.2 1
0 -0.380012117661924 1.2486750739467618 0.35 0.35 1.2 1
0 -0.9808987693390809 0.9882060782235389 0.35 0.35 1.2 1
0 -0.16641422520601123 0.9951584186921221 0.35 0.35 1.2 1
0 -0.14948044858745013 1.7497511745385728 0.35 0.35 1.2 1
0 -1.1281798246369585 1.9246270566712131 0.35 0.35 1.2 1
0 0.8046362139225303 2.231583213882017 0.35 0.35 1.2 1
0 -1.237147930630887 2.4808664742073403 0.35 0.35 1.2 1
0 -2.458231176816419 2.445500204079954 0.35 0.35 1.2 1
0 -3.141592653589793 0.37905923312126955 0.35 0.35 1.2 1
0 -2.9443081137837037 1.7611056377247838 0.35 0.35 1.2 1
0 -1.3936790250984596 0.9701594873252839 0.35 0.35 1.2 1
0 -3.141592653589793 1.4097190971172022 0.35 0.35 1.2 1
0 -3.141592653589793 1.992537906057021 0.35 0.35 1.2 1
0 -2.773536602509145 3.141592653589793 0.35 0.35 1.2 1
0 -2.080172659129312 0.07561698174456621 0.35 0.35 1.2 1
0 0.21359450218911674 3.141592653589793 0.35 0.35 1.2 1
0 0.3061369096924065 3.141592653589793 0.35 0.35 1.2 1
0 -1.9669155955090132 0.4023334257040191 0.35 0.35 1.2 1
0 -1.5422475719437914 1.3525259446480782 0.35 0.35 1.2 1
0 0.028497758710002152 0.0731832969424473 0.35 0.35 1.2 1
0 -1.3936136308036557 2.495985209185572 0.35 0.35 1.2 1
0 -1.589160944979246 1.105060813754244 0.35 0.35 1.2 1
0 -1.732528384828124 0.6018913676311993 0.35 0.35 1.2 1
0 0.18636480113531162 2.496981798154705 0.35 0.35 1.2 1
0 0.6746273407472854 1.6483026588566296 0.35 0.35 1.2 1
0 0.6846458817320344 -1.9721427202489292 0.35 0.35 1.2 1
0 -0.8905476307049329 3.141592653589793 0.35 0.35 1.2 1
0 -0.9207327984186531 3.141592653589793 0.35 0.35 1.2 1
0 -1.9808845805960913 3.141592653589793 0.35 0.35 1.2 1
0 -1.9229162903716 1.4209773192131603 0.35 0.35 1.2 1
0 -3.141592653589793 1.5256901835163823 0.35 0.35 1.2 1
0 -3.141592653589793 3.141592653589793 0.35 0.35 1.2 1
0 -3.141592653589793 0.7433060197900716 0.35 0.35 1.2 1
0 -0.9981952981365672 1.9286902635116188 0.35 0.35 1.2 1
0 -2.1090078604628415 0.5862121724983214 0.35 0.35 1.2 1
0 -1.5316974760198612 0.8866581873584903 0.35 0.35 1.2 1
0 -2.0931794627720164 2.7358697936936345 0.35 0.35 1.2 1
0 -2.433104991198008 1.8293728445314674 0.35 0.35 1.2 1
0 -2.5356844018525395 -0.10142144138658549 0.35 0.35 1.2 1
0 -0.9594230621493981 -0.407951364079564 0.35 0.35 1.2 1
0 -2.690159159718087 0.004542297499613546 0.35 0.35 1.2 1
0 -1.4827007535548562 1.8886915163494127 0.35 0.35 1.2 1
0 -1.217751659332388 3.141592653589793 0.35 0.35 1.2 1
0 -3.141592653589793 3.141592653589793 0.35 0.35 1.2 1
0 -0.3157662163582323 1.3275539358725528 0.35 0.35 1.2 1
0 -0.3559544294559176 0.05218847141161387 0.35 0.35 1.2 1
0 -2.460532564762027 2.408456464575592 0.35 0.35 1.2 1
0 -1.5063368657693808 2.9890560699228557 0.35 0.35 1.2 1
0 -2.145207451967543 -0.8939750835032415 0.35 0.35 1.2 1
0 -2.7683173819380396 0.7689516293298365 0.35 0.35 1.2 1
0 -0.6718762252108279 0.9808890425584651 0.35 0.35 1.2 1
0 -0.410185215220329 1.6849641764477257 0.35 0.35 1.2 1
0 -2.118269634024811 -1.0707000464138192 0.35 0.35 1.2 1
0 -1.9052841589079086 0.24720399235061352 0.35 0.35 1.2 1
0 -3.141592653589793 1.3236203386286116 0.35 0.35 1.2 1
0 -1.5401625080223016 0.5302115037748047 0.35 0.35 1.2 1
0 -3.0879034093653646 2.6324216788185213 0.35 0.35 1.2 1
0 -2.3885389669158683 1.2237731393850417 0.35 0.35 1.2 1
0 -0.7909405064604809 1.8622590378452117 0.35 0.35 1.2 1
0 -3.141592653589793 2.7271570129205 0.35 0.35 1.2 1
0 -1.2139917702717444 0.39053996692701753 0.35 0.35 1.2 1
0 -1.8900784699086828 0.9330646556725207 0.35 0.35 1.2 1
0 -1.9597408183605158 2.7245499803772004 0.35 0.35 1.2 1
0 1.4036446442096782 3.141592653589793 0.35 0.35 1.2 1
0 -2.9526914978110934 3.141592653589793 0.35 0.35 1.2 1
0 -1.7274713478047394 2.7324383373550933 0.35 0.35 1.2 1
0 -1.2863995900193466 2.8288499988343956 0.35 0.35 1.2 1
0 -2.280991506536389 -0.2759764280975616 0.35 0.35 1.2 1
0 -0.12764694039933255 0.12262836028209145 0.35 0.35 1.2 1
0 -2.308474399884874 1.7585838274420815 0.35 0.35 1.2 1
0 -2.677499371004373 1.2962289290713331 0.35 0.35 1.2 1
0 -0.8899071167071753 0.2335406052110619 0.35 0.35 1.2 1
0 -2.4130666013694873 1.0421144654573438 0.35 0.35 1.2 1
0 -2.1973443267366397 3.141592653589793 0.35 0.35 1.2 1
0 -0.8162057334154829 2.8814066655721837 0.35 0.35 1.2 1
0 -1.3865429674593597 2.357679836480664 0.35 0.35 1.2 1
0 -0.4909726717786974 2.1199102155316294 0.35 0.35 1.2 1
0 -3.141592653589793 1.958083376060513 0.35 0.35 1.2 1
0 0.985541956994042 1.9632792277386855 0.35 0.35 1.2 1
0 -2.012350087169956 3.141592653589793 0.35 0.35 1.2 1
0 -0.7737399987470559 -0.24643080016090524 0.35 0.35 1.2 1
0 -2.129148543150315 2.42483828057929 0.35 0.35 1.2 1
0 -2.8744547398531233 1.1825219724174525 0.35 0.35 1.2 1
0 -0.5620466860452868 2.1123788845075184 0.35 0.35 1.2 1
0 -1.454921162107225 3.141592653589793 0.35 0.35 1.2 1
0 -3.141592653589793 1.0426734961994455 0.35 0.35 1.2 1
0 -0.5149036211755398 2.8727828351469413 0.35 0.35 1.2 1
0 -2.768533223954124 -0.3677119864431202 0.35 0.35 1.2 1
0 -3.141592653589793 2.3054077946065705 0.35 0.35 1.2 1
0 -0.14118609515886438 1.6161277496894413 0.35 0.35 1.2 1
0 -1.1187414369364566 1.7151065199056363 0.35 0.35 1.2 1
0 -1.6710232627859818 1.750804218647675 0.35 0.35 1.2 1
0 -0.44143793998105174 2.1666317925754432 0.35 0.35 1.2 1
0 -2.3271537178049604 2.189913664026865 0.35 0.35 1.2 1
0 -2.787324315816772 2.9482473434025636 0.35 0.35 1.2 1
0 -1.6761925624941203 2.665023426435318 0.35 0.35 1.2 1
0 1.203253283438272 1.389191568453504 0.35 0.35 1.2 1
