#! FIELDS time phi psi sigma_phi sigma_psi height biasf
                        #! SET multivariate false
                        #! SET kerneltype stretched-gaussian
                        #! SET min_phi -pi
                        #! SET max_phi pi
                        #! SET min_psi -pi
                        #! SET max_psi pi
0 -0.011504492198964877 3.0444452693764754 0.35 0.35 1.2 1
0 -2.546067644317997 3.141592653589793 0.35 0.35 1.2 1
0 1.8145470805508639 0.29770774767038666 0.35 0.35 1.2 1
0 -1.2403312071870172 -0.9422316011876126 0.35 0.35 1.2 1
0 1.9813459467265415 3.0674284322886036 0.35 0.35 1.2 1
0 0.37179193244948383 3.141592653589793 0.35 0.35 1.2 1
0 1.0628762048999147 -1.1485528018240505 0.35 0.35 1.2 1
0 0.7228879009307587 3.141592653589793 0.35 0.35 1.2 1
0 2.014099991093442 -0.9811666828568446 0.35 0.35 1.2 1
0 -2.9246658566257135 1.6916630246466098 0.35 0.35 1.2 1
0 3.141592653589793 1.3505516760151721 0.35 0.35 1.2 1
0 -1.366953572401095 -1.106273110718544 0.35 0.35 1.2 1
0 1.038858046954377 1.8276817076636027 0.35 0.35 1.2 1
0 0.6372928321393585 -0.5589940680546042 0.35 0.35 1.2 1
0 3.141592653589793 -0.24441842563567784 0.35 0.35 1.2 1
0 -1.2540396348068321 -1.3302825879450566 0.35 0.35 1.2 1
0 1.202995214542296 0.24272802925040549 0.35 0.35 1.2 1
0 0.2789597310242762 -1.1812457836523642 0.35 0.35 1.2 1
0 -2.832234912117695 -3.141592653589793 0.35 0.35 1.2 1
0 0.10051453625191259 -1.7640860376098466 0.35 0.35 1.2 1
0 2.2416904830126456 -0.3364849649230868 0.35 0.35 1.2 1
0 -1.8537800112002087 -1.8783415033619817 0.35 0.35 1.2 1
0 -2.714249921362015 0.44746446003713347 0.35 0.35 1.2 1
0 -0.6909911645146334 1.3898249588822473 0.35 0.35 1.2 1
0 -3.141592653589793 -3.141592653589793 0.35 0.35 1.2 1
0 -2.9344507696153146 2.198599570611666 0.35 0.35 1.2 1
0 1.1352725829172572 0.45306827656582555 0.35 0.35 1.2 1
0 -3.141592653589793 -0.7383560196547837 0.35 0.35 1.2 1
0 -3.141592653589793 1.6481789153677828 0.35 0.35 1.2 1
0 0.329603339331592 -1.7627503375662874 0.35 0.35 1.2 1
0 0.4164383192472958 -2.3615774908582114 0.35 0.35 1.2 1
0 -3.141592653589793 -0.9134900471936956 0.35 0.35 1.2 1
0 -1.819883664122404 -0.7927562424493704 0.35 0.35 1.2 1
0 -2.3917129779733335 0.458605591331282 0.35 0.35 1.2 1
0 2.5160640815916198 -2.661612537129588 0.35 0.35 1.2 1
0 -0.09468196558112574 0.03899703801817744 0.35 0.35 1.2 1
0 -0.39691227132074514 0.7730233695940758 0.35 0.35 1.2 1
0 -0.6504544061992972 -2.2564666606791066 0.35 0.35 1.2 1
0 1.4275263770437272 0.2215227153017364 0.35 0.35 1.2 1
0 -1.6952416400132169 2.447868231918431 0.35 0.35 1.2 1
0 -1.9971168639315473 2.412733821336017 0.35 0.35 1.2 1
0 -1.021648201839663 2.802273091833033 0.35 0.35 1.2 1
0 -0.9408159435110881 1.7549428465223134 0.35 0.35 1.2 1
0 1.816030872994232 -1.460476880616505 0.35 0.35 1.2 1
0 -3.141592653589793 0.4998398341315078 0.35 0.35 1.2 1
0 -3.141592653589793 -0.5973559265655399 0.35 0.35 1.2 1
0 -3.141592653589793 -1.204072988500239 0.35 0.35 1.2 1
0 -1.347044857594887 0.5374309017225049 0.35 0.35 1.2 1
0 0.755820493878657 -1.538066057941097 0.35 0.35 1.2 1
0 2.3489014778240276 0.2078555435043874 0.35 0.35 1.2 1
0 1.7786165009870143 -1.8468591471044724 0.35 0.35 1.2 1
0 -0.9292688484914904 0.9085634119771469 0.35 0.35 1.2 1
0 -1.821399492765397 1.2138662352898297 0.35 0.35 1.2 1
0 -1.6733837312039808 0.14835070920923776 0.35 0.35 1.2 1
0 3.141592653589793 1.8417227421269864 0.35 0.35 1.2 1
0 -0.32208027902717595 2.4044484951721716 0.35 0.35 1.2 1
0 -2.156288457196618 0.8328797964134957 0.35 0.35 1.2 1
0 0.45544001393909905 -1.2551420486173022 0.35 0.35 1.2 1
0 1.8822007642943606 2.079909991394615 0.35 0.35 1.2 1
0 0.1576489454483067 3.141592653589793 0.35 0.35 1.2 1
0 0.42899617665324374 0.13115881838781482 0.35 0.35 1.2 1
0 3.141592653589793 -1.1433071462553157 0.35 0.35 1.2 1
0 -1.5371331510916957 1.3179646035415087 0.35 0.35 1.2 1
0 2.5729419364448036 -1.3758016384592966 0.35 0.35 1.2 1
0 -0.7067450205320738 -0.1305030806577112 0.35 0.35 1.2 1
0 -1.6353421611042716 0.8170862449590793 0.35 0.35 1.2 1
0 0.5515875551949061 -0.9860840220834173 0.35 0.35 1.2 1
0 -0.5500647106002654 1.35524591318048 0.35 0.35 1.2 1
0 -0.5583010174427683 2.1442054849014296 0.35 0.35 1.2 1
0 -1.9277364750349122 0.11008585649110869 0.35 0.35 1.2 1
0 2.717682438205352 1.5236240854099634 0.35 0.35 1.2 1
0 -0.13631515476484513 2.1045271029750094 0.35 0.35 1.2 1
0 -1.9625035122258199 3.141592653589793 0.35 0.35 1.2 1
0 1.0975463395144838 -1.9245588551509636 0.35 0.35 1.2 1
0 2.235423169683206 -0.3665743456435795 0.35 0.35 1.2 1
0 -2.4140341708342636 -1.8133308074233696 0.35 0.35 1.2 1
0 -1.075844816746853 1.509958893499324 0.35 0.35 1.2 1
0 0.786416853849923 2.602494106285398 0.35 0.35 1.2 1
0 -2.4759655332421744 -1.2938761164574903 0.35 0.35 1.2 1
0 0.19944824184018572 0.7189137267717849 0.35 0.35 1.2 1
0 -0.2713181585169403 1.5678987872338381 0.35 0.35 1.2 1
0 0.6764474874186936 0.4793718938441702 0.35 0.35 1.2 1
0 -0.7125592672200343 1.825562298737245 0.35 0.35 1.2 1
0 -2.708870631069359 -3.141592653589793 0.35 0.35 1.2 1
0 0.503375115873183 -2.3727132787050187 0.35 0.35 1.2 1
0 0.5997497911889578 -0.09208370292081014 0.35 0.35 1.2 1
0 -0.3266007252350741 2.680979997902407 0.35 0.35 1.2 1
0 -0.9506276613215644 -0.44574337249417284 0.35 0.35 1.2 1
0 -2.1323852476461576 -2.0161925361521718 0.35 0.35 1.2 1
0 -1.9939395965200741 0.14567390300154637 0.35 0.35 1.2 1
0 -0.8761826317558358 2.5225834198861197 0.35 0.35 1.2 1
0 3.141592653589793 0.06846674773048045 0.35 0.35 1.2 1
0 -2.064212424657574 -0.04190060155979472 0.35 0.35 1.2 1
0 -1.4304672637087466 1.0534910876675676 0.35 0.35 1.2 1
0 0.8570389012946652 2.4598363066708515 0.35 0.35 1.2 1
0 1.1257118996188797 0.4862501613671162 0.35 0.35 1.2 1
0 2.544739410722271 1.435492782010374 0.35 0.35 1.2 1
0 -0.03057849072484964 -0.4495452216315283 0.35 0.35 1.2 1
0 -0.7669433101232177 0.8095924996286312 0.35 0.35 1.2 1
0 -2.276019282268619 3.141592653589793 0.35 0.35 1.2 1
0 -0.8634126948610155 -2.7318310449201935 0.35 0.35 1.2 1
0 -0.5288159539653439 -1.4415686725736025 0.35 0.35 1.2 1
0 3.0882359325138813 2.730397442469066 0.35 0.35 1.2 1
0 -1.3945618853693245 -0.6841045035893534 0.35 0.35 1.2 1
0 -0.2297177724316789 -0.5430130342973221 0.35 0.35 1.2 1
0 -0.11790942930877923 3.141592653589793 0.35 0.35 1.2 1
0 -1.7664725621589896 -3.141592653589793 0.35 0.35 1.2 1
0 1.7664067686142597 -1.379866220654589 0.35 0.35 1.2 1
0 -2.1205434207726355 0.5301037027894382 0.35 0.35 1.2 1
0 -3.141592653589793 3.141592653589793 0.35 0.35 1.2 1
0 2.3977409880304728 0.10487163406926764 0.35 0.35 1.2 1
0 -0.5435872194175608 -1.7077870794087928 0.35 0.35 1.2 1
0 1.0407742413197623 -0.6474338261248012 0.35 0.35 1.2 1
0 3.141592653589793 -1.482173994601483 0.35 0.35 1.2 1
0 0.729346980684977 0.5897822373646714 0.35 0.35 1.2 1
0 0.4118699792354766 -0.1349330357845508 0.35 0.35 1.2 1
0 2.848265891248241 -3.141592653589793 0.35 0.35 1.2 1
0 -0.5861235121107154 -1.629076786478291 0.35 0.35 1.2 1
0 0.4307430961403424 -1.4642898718305322 0.35 0.35 1.2 1
0 -1.0794397100356103 1.1547427873186449 0.35 0.35 1.2 1
0 0.15932718716622973 -3.141592653589793 0.35 0.35 1.2 1
0 -2.671256266509391 -1.4518372685211365 0.35 0.35 1.2 1
0 2.0750027884232027 0.31483496669339583 0.35 0.35 1.2 1
0 -1.74966675855504 0.4330692954751971 0.35 0.35 1.2 1
0 -1.22758913510445 2.4857135536520576 0.35 0.35 1.2 1
0 -0.7477062132426155 1.445631907811548 0.35 0.35 1.2 1
0 -2.903529285575429 1.7422869901683504 0.35 0.35 1.2 1
0 -0.4851725932551698 0.3861533670832973 0.35 0.35 1.2 1
0 -2.6192677613281408 -0.3553299349844423 0.35 0.35 1.2 1
0 0.5139608298223903 1.628603214082815 0.35 0.35 1.2 1
0 -2.096893705087802 -1.2670722895809217 0.35 0.35 1.2 1
0 -0.10840684083666405 3.141592653589793 0.35 0.35 1.2 1
0 -1.254717184611105 -0.5377390351480134 0.35 0.35 1.2 1
0 0.22237973197475042 -1.0853306913906655 0.35 0.35 1.2 1
0 -0.01439133490287478 3.141592653589793 0.35 0.35 1.2 1
0 0.9809115091906496 -0.49792638602491635 0.35 0.35 1.2 1
0 0.9308958414644009 0.5360326991505484 0.35 0.35 1.2 1
0 -1.8454257449239424 -1.1249510089368915 0.35 0.35 1.2 1
0 1.3876056732586899 1.5909224032696239 0.35 0.35 1.2 1
0 0.5959727128028949 -1.1610084325375876 0.35 0.35 1.2 1
0 1.9791589521483939 2.4828382270362868 0.35 0.35 1.2 1
0 1.1407784089622155 -1.6151109428652228 0.35 0.35 1.2 1
0 2.95455216784322 1.7436100260717404 0.35 0.35 1.2 1
0 0.12730959118070695 1.1553225615298743 0.35 0.35 1.2 1
0 3.0694168426911186 -0.28661143703670233 0.35 0.35 1.2 1
0 -0.5390841890710276 -1.216011123731772 0.35 0.35 1.2 1
0 -1.96265207915889 2.5823438675847785 0.35 0.35 1.2 1
0 1.1919401213984384 -0.9809318864872241 0.35 0.35 1.2 1
0 0.11123266484324734 1.823758220560074 0.35 0.35 1.2 1
0 0.0561828694586648 1.4700917519672365 0.35 0.35 1.2 1
0 -2.3671022466745404 1.0425888711196865 0.35 0.35 1.2 1
0 0.9271529400003992 -0.9912837374493544 0.35 0.35 1.2 1
0 1.4825585030036414 0.8767694895357154 0.35 0.35 1.2 1
0 1.0998707229278106 -2.727101572573139 0.35 0.35 1.2 1
0 -0.18183289085631948 0.05779426312162206 0.35 0.35 1.2 1
0 -0.847305426748965 1.4853834695065202 0.35 0.35 1.2 1
0 -3.141592653589793 -3.141592653589793 0.35 0.35 1.2 1
0 -2.8151773931510276 -1.2303638720099808 0.35 0.35 1.2 1
0 -2.0374825703871933 -1.0599603288119823 0.35 0.35 1.2 1
0 0.2092780986007039 -0.9699527268610333 0.35 0.35 1.2 1
0 -0.9248698985467556 -0.47349570007274067 0.35 0.35 1.2 1
0 -0.22038111370156976 1.0849991232384064 0.35 0.35 1.2 1
0 -1.5695413988166615 -1.7136970902741633 0.35 0.35 1.2 1
0 1.3232787468530876 1.3911757760762966 0.35 0.35 1.2 1
0 -0.008729031270042653 2.353996507412388 0.35 0.35 1.2 1
0 -2.622532415139096 -1.2140114848860062 0.35 0.35 1.2 1
0 1.3741295225969203 -1.628656992622577 0.35 0.35 1.2 1
0 -1.457674394158015 0.2505172710843475 0.35 0.35 1.2 1
0 -1.0998314271029854 1.6851201153583912 0.35 0.35 1.2 1
0 -0.5891275045465767 0.03401084335210813 0.35 0.35 1.2 1
0 -1.9806103953718288 -0.08893399779820688 0.35 0.35 1.2 1
0 -3.141592653589793 0.7046223811359964 0.35 0.35 1.2 1
0 0.3346006895819703 0.10624232809187473 0.35 0.35 1.2 1
0 -3.0411139575512234 2.6291417416721083 0.35 0.35 1.2 1
0 -1.0308826292351225 -0.2727569122159584 0.35 0.35 1.2 1
0 -0.25635262990680885 -2.105312493471656 0.35 0.35 1.2 1
0 -1.334037187858591 1.229352600801097 0.35 0.35 1.2 1
0 1.2977966172294064 -1.589661467886725 0.35 0.35 1.2 1
0 0.8203712984328928 1.7968820924554527 0.35 0.35 1.2 1
0 -1.1131763555354315 -0.44897453588407177 0.35 0.35 1.2 1
0 1.1784865504487696 1.9262921589141695 0.35 0.35 1.2 1
0 0.578526995795015 0.818629510480305 0.35 0.35 1.2 1
0 -1.3771792454445788 0.7718894643529454 0.35 0.35 1.2 1
0 -0.9498372248043835 -1.954120018632698 0.35 0.35 1.2 1
0 -0.02463256087616883 -3.141592653589793 0.35 0.35 1.2 1
0 -0.815065805753914 2.0814506423012937 0.35 0.35 1.2 1
0 1.7943119429359404 -3.141592653589793 0.35 0.35 1.2 1
0 2.572179828237873 3.141592653589793 0.35 0.35 1.2 1
0 -0.16346917874396194 1.0755177229972293 0.35 0.35 1.2 1
0 -1.1451744534933943 -2.090016950714804 0.35 0.35 1.2 1
0 -1.0960741595423356 -1.1038152194822428 0.35 0.35 1.2 1
0 -0.5822639415082971 0.1419740781485035 0.35 0.35 1.2 1
0 3.141592653589793 -0.10653459994333492 0.35 0.35 1.2 1
0 1.1576213895974248 2.1858523414874806 0.35 0.35 1.2 1
0 -1.4145120436320497 1.4295664707967919 0.35 0.35 1.2 1
0 -0.352841102237208 1.2288222137416709 0.35 0.35 1.2 1
0 -1.3064671584499912 0.17909944419672041 0.35 0.35 1.2 1
0 -1.0452215545536516 0.12273426353072914 0.35 0.35 1.2 1
0 -0.2870069643569234 -0.6046753397112882 0.35 0.35 1.2 1
0 1.4297997261929747 -0.9180076818866872 0.35 0.35 1.2 1
0 1.1147220523899075 0.5427212451238177 0.35 0.35 1.2 1
0 -0.14425464328045307 0.027998596151165955 0.35 0.35 1.2 1
0 1.459549188942582 -0.10100193377318212 0.35 0.35 1.2 1
0 0.5162328016101445 1.1702347360214176 0.35 0.35 1.2 1
0 -1.4093417580783512 2.3119797424496387 0.35 0.35 1.2 1
0 0.14202538785995977 0.9126943064886033 0.35 0.35 1.2 1
0 0.731589581443904 0.5492376186530306 0.35 0.35 1.2 1
0 2.02919190943879 3.141592653589793 0.35 0.35 1.2 1
0 0.050414713217791174 -0.4704504730777642 0.35 0.35 1.2 1
0 -1.5738602512387172 -1.4829748489015797 0.35 0.35 1.2 1
0 -1.0563618186035133 2.2858900122985615 0.35 0.35 1.2 1
0 2.329609568957989 -0.7286982975213546 0.35 0.35 1.2 1
0 1.8525515358369722 -0.8985138085722428 0.35 0.35 1.2 1
0 1.5985431660453888 2.3182979924323894 0.35 0.35 1.2 1
0 2.6613619889168194 -0.3066426400825881 0.35 0.35 1.2 1
0 -1.9868680454989889 1.0460464285510622 0.35 0.35 1.2 1
0 1.2197601542945962 1.3428886715407058 0.35 0.35 1.2 1
0 0.9882352166416324 1.2777705915590984 0.35 0.35 1.2 1
0 1.4743622694786618 -0.11282544579211656 0.35 0.35 1.2 1
0 -1.263687370223204 3.141592653589793 0.35 0.35 1.2 1
0 -2.6158191835914626 0.5414073275889029 0.35 0.35 1.2 1
0 0.8070001485780236 1.1882262302540165 0.35 0.35 1.2 1
0 -0.1578133993956472 0.8812982872489867 0.35 0.35 1.2 1
0 -0.6980535819341499 -0.12356872169345334 0.35 0.35 1.2 1
0 -0.750748330483538 -1.0586741193827995 0.35 0.35 1.2 1
0 -0.2796063650608174 1.9195092549705792 0.35 0.35 1.2 1
0 -3.141592653589793 1.735501188626735 0.35 0.35 1.2 1
0 -0.4753891870861191 1.0011533386376785 0.35 0.35 1.2 1
0 1.6031870783207316 1.404077055841203 0.35 0.35 1.2 1
0 -0.49640486401962436 -3.141592653589793 0.35 0.35 1.2 1
0 0.2399681738701397 -3.141592653589793 0.35 0.35 1.2 1
0 -3.141592653589793 -0.6753302723345227 0.35 0.35 1.2 1
0 -0.8406046987561671 1.4934983976566234 0.35 0.35 1.2 1
0 1.0144539615258652 0.936928400444986 0.35 0.35 1.2 1
0 -1.095602567526048 1.1381335791309715 0.35 0.35 1.2 1
0 0.22013504796774463 2.33181834374657 0.35 0.35 1.2 1
0 0.2332298249749789 -0.9175753575835287 0.35 0.35 1.2 1
0 0.05548613156672022 -2.7283434610628094 0.35 0.35 1.2 1
0 0.48670683051901675 0.7550272970581207 0.35 0.35 1.2 1
0 0.5838139401877335 -1.041406157230505 0.35 0.35 1.2 1
0 -0.7375543196984596 -0.3557901235172309 0.35 0.35 1.2 1
0 2.305410333762832 3.141592653589793 0.35 0.35 1.2 1
0 2.654792282797075 1.8735758389001302 0.35 0.35 1.2 1
0 0.015506633475076192 2.2364405552792306 0.35 0.35 1.2 1
0 1.5424230138324826 0.6425355332335116 0.35 0.35 1.2 1
0 1.6122166665538002 -2.661530435505246 0.35 0.35 1.2 1
0 0.482981305693845 -2.0395526263599804 0.35 0.35 1.2 1
0 -1.7373428511072129 0.3804356452896427 0.35 0.35 1.2 1
0 0.8901800619752301 -1.732239745203848 0.35 0.35 1.2 1
0 -1.0760099086280932 2.0129532739332556 0.35 0.35 1.2 1
0 -1.3824646959810796 -0.18389918001945482 0.35 0.35 1.2 1
0 -0.83079224345011 -0.7943627210447093 0.35 0.35 1.2 1
0 0.7681416050494189 -0.10667303887256709 0.35 0.35 1.2 1
0 -0.38911184246047253 1.218901338876321 0.35 0.35 1.2 1
0 -3.141592653589793 1.569710864933915 0.35 0.35 1.2 1
0 0.9050206038883882 -2.7090431079046295 0.35 0.35 1.2 1
0 -0.5790912134402999 -1.4982467151645218 0.35 0.35 1.2 1
0 1.1372330726142033 0.5472474760029087 0.35 0.35 1.2 1
0 -0.582607739344521 -3.141592653589793 0.35 0.35 1.2 1
0 0.4176949243323421 1.3643305201933225 0.35 0.35 1.2 1
0 -2.430003698948635 0.05454919493320021 0.35 0.35 1.2 1
0 0.3938084226768131 3.141592653589793 0.35 0.35 1.2 1
0 -0.6182854051478839 2.7543636816558763 0.35 0.35 1.2 1
0 -2.590323550399849 0.5753349547976058 0.35 0.35 1.2 1
0 3.1086135950001395 0.9990837334776648 0.35 0.35 1.2 1
0 -0.9762045590563034 -2.360660340660104 0.35 0.35 1.2 1
0 2.403936332823447 0.5271571191862211 0.35 0.35 1.2 1
0 -1.0048300809198756 1.9444181735643546 0.35 0.35 1.2 1
0 0.7674956480958961 0.13386312539374784 0.35 0.35 1.2 1
0 -2.2708755319051703 1.3844912670020808 0.35 0.35 1.2 1
0 1.3639662465229843 1.2609694949915418 0.35 0.35 1.2 1
0 1.3335226954773554 2.095529984646392 0.35 0.35 1.2 1
0 -1.5966600422039905 -1.0948157763451107 0.35 0.35 1.2 1
0 1.0352071152190414 -2.9811757850569585 0.35 0.35 1.2 1
0 0.3352259402932407 1.4359619555649537 0.35 0.35 1.2 1
0 1.4176045361043381 1.3701627406582324 0.35 0.35 1.2 1
0 -2.843017354031915 -0.8848018861488351 0.35 0.35 1.2 1
0 0.4527429013314393 0.521800001723 0.35 0.35 1.2 1
0 2.3005622769980105 -0.33027507816621327 0.35 0.35 1.2 1
0 1.308186531538118 -0.01105124354204401 0.35 0.35 1.2 1
0 -1.1717323576473344 -2.6051064510847377 0.35 0.35 1.2 1
0 -0.7796589326710966 0.6852305248336852 0.35 0.35 1.2 1
0 0.1355173382417012 -1.1484555049609058 0.35 0.35 1.2 1
0 -1.769777393300246 -1.1607258719100555 0.35 0.35 1.2 1
0 -0.9746013450379335 1.793222664464315 0.35 0.35 1.2 1
0 -1.3170695196782733 -0.6162972708913493 0.35 0.35 1.2 1
0 -0.9644772295810151 0.9292110069040832 0.35 0.35 1.2 1
0 0.14448304361330933 1.3815688931668402 0.35 0.35 1.2 1
0 -1.8195672070317486 -2.182964888324724 0.35 0.35 1.2 1
0 -3.141592653589793 -2.2745721998159243 0.35 0.35 1.2 1
0 -0.6201665341296287 1.6841369148661156 0.35 0.35 1.2 1
0 -2.07079649914585 0.3804056408440947 0.35 0.35 1.2 1
0 -2.000424673807169 0.5545991468994187 0.35 0.35 1.2 1
0 -1.043249052322818 1.5783197579812875 0.35 0.35 1.2 1
0 -3.141592653589793 -0.036659044866490464 0.35 0.35 1.2 1
0 1.8665130205733678 -2.62624853345154 0.35 0.35 1.2 1
0 -0.25683244481966744 -2.3177905203212803 0.35 0.35 1.2 1
0 2.123484111157291 -3.141592653589793 0.35 0.35 1.2 1
0 1.2608480344868038 0.03648046766166446 0.35 0.35 1.2 1
0 1.5185878208828023 -0.43241465712626104 0.35 0.35 1.2 1
0 3.141592653589793 -3.141592653589793 0.35 0.35 1.2 1
0 -1.719438831191587 1.5563951918819927 0.35 0.35 1.2 1
0 -2.3473216388219766 1.8416067025593899 0.35 0.35 1.2 1
0 -3.136197132862101 -0.30875134471112253 0.35 0.35 1.2 1
0 0.05122979078505141 0.40906743877752294 0.35 0.35 1.2 1
0 0.40008184369168753 -0.022656457963008414 0.35 0.35 1.2 1
0 -1.0908118958055517 -3.141592653589793 0.35 0.35 1.2 1
0 -1.3522519878727879 -1.1237771034396773 0.35 0.35 1.2 1
0 3.141592653589793 -1.8745932971083725 0.35 0.35 1.2 1
0 3.141592653589793 -1.3291116962663894 0.35 0.35 1.2 1
0 -1.0047279782297343 -1.1782302319557698 0.35 0.35 1.2 1
0 0.8214599984107662 -2.1495449495580727 0.35 0.35 1.2 1
0 0.06796688970228981 2.04827899149722 0.35 0.35 1.2 1
0 -3.141592653589793 -0.0855491792932197 0.35 0.35 1.2 1
0 2.878199263300785 1.812347185397057 0.35 0.35 1.2 1
0 1.4102524241557384 -3.069152095311679 0.35 0.35 1.2 1
0 -2.3168368797872767 -1.2724996164752107 0.35 0.35 1.2 1
0 -1.695259485417875 -0.24482443686122846 0.35 0.35 1.2 1
0 -0.2487745829987822 0.11312814193022414 0.35 0.35 1.2 1
0 -0.7708145154427701 -1.9737910477995961 0.35 0.35 1.2 1
0 2.3326962344531244 3.141592653589793 0.35 0.35 1.2 1
0 -2.448588140800381 2.2754533590282713 0.35 0.35 1.2 1
0 0.38046957781538193 1.9082692260099572 0.35 0.35 1.2 1
0 -0.27228269144214257 -1.4331643111937689 0.35 0.35 1.2 1
0 -1.0749046532751398 -1.3417519752067348 0.35 0.35 1.2 1
0 0.9736058750943586 -1.3737746241736566 0.35 0.35 1.2 1
0 0.08425338583509467 1.5568562184926744 0.35 0.35 1.2 1
0 -0.5335030019156275 2.7146056014773707 0.35 0.35 1.2 1
0 0.28887568707104805 -2.533776989325807 0.35 0.35 1.2 1
0 0.5769801865332369 0.0032686286178011947 0.35 0.35 1.2 1
0 0.06802115386200613 2.427886528807479 0.35 0.35 1.2 1
0 -1.9412409579846126 -0.761980317267771 0.35 0.35 1.2 1
0 1.79312357417002 -0.6643919600070254 0.35 0.35 1.2 1
0 0.2661382500884477 -2.936478503184275 0.35 0.35 1.2 1
0 -1.4807523477781317 -1.763631980860346 0.35 0.35 1.2 1
0 0.7833322465626027 -2.1780038495496825 0.35 0.35 1.2 1
0 -1.5459397842443847 -0.0003465680129461912 0.35 0.35 1.2 1
0 1.2578586688483886 1.7191792049133232 0.35 0.35 1.2 1
0 -3.141592653589793 -2.2631989031514395 0.35 0.35 1.2 1
0 -1.6724760550500943 0.6351364386287788 0.35 0.35 1.2 1
0 1.0968925804756222 1.1266992534710047 0.35 0.35 1.2 1
0 0.4564685623772651 3.0724055797448533 0.35 0.35 1.2 1
0 -0.622891285056357 0.038367546151847454 0.35 0.35 1.2 1
0 1.81202346953568 -3.0402176610792635 0.35 0.35 1.2 1
0 -0.7332489047865465 0.829496773045915 0.35 0.35 1.2 1
0 -0.9284248443718744 0.245291428702739 0.35 0.35 1.2 1
0 0.476588934097794 2.640246454366128 0.35 0.35 1.2 1
0 0.5880541883558263 0.052437751571471125 0.35 0.35 1.2 1
0 -0.3900192536882065 0.8052281724918142 0.35 0.35 1.2 1
0 0.24485655580167487 1.6248961869085532 0.35 0.35 1.2 1
0 0.5003314504588308 2.6050075610667056 0.35 0.35 1.2 1
0 -1.8472318231007163 2.1774112828572436 0.35 0.35 1.2 1
0 2.8154903683840073 -2.912584809944552 0.35 0.35 1.2 1
0 1.7215997647328685 -1.5214872159697865 0.35 0.35 1.2 1
0 -0.1984045914686906 3.141592653589793 0.35 0.35 1.2 1
0 -1.4071747387128615 0.8469715707389969 0.35 0.35 1.2 1
0 1.285211440950711 -1.7790405113092111 0.35 0.35 1.2 1
0 1.5863640575220668 -1.7933105860089853 0.35 0.35 1.2 1
0 0.09488403675600426 -2.1426070284274035 0.35 0.35 1.2 1
0 -3.073853234173952 -1.8368849813454475 0.35 0.35 1.2 1
0 -1.1947814279203235 1.8814359786794406 0.35 0.35 1.2 1
0 0.45513207896981944 0.85602659325027 0.35 0.35 1.2 1
0 -0.7485695474821039 2.0033827714131394 0.35 0.35 1.2 1
0 1.8711477226691242 0.3473549783547475 0.35 0.35 1.2 1
0 0.8470801357020205 2.1803453621414817 0.35 0.35 1.2 1
0 0.8211139832055613 -0.21512455574412515 0.35 0.35 1.2 1
0 2.609678135885011 -1.058075649459131 0.35 0.35 1.2 1
0 0.029870872532674897 2.325272412985305 0.35 0.35 1.2 1
0 1.1334355543822305 -0.3509934012677205 0.35 0.35 1.2 1
0 -1.9184472394219916 1.3109444379645252 0.35 0.35 1.2 1
0 1.2702356648969404 -1.8636084110914581 0.35 0.35 1.2 1
0 1.2458721706692262 -1.7191269148076254 0.35 0.35 1.2 1
0 2.5342584295161696 2.5242723885989538 0.35 0.35 1.2 1
0 -0.9830080194050264 -3.141592653589793 0.35 0.35 1.2 1
0 -1.580997466601631 2.1026423897998243 0.35 0.35 1.2 1
0 1.6656882868924325 1.676270220582214 0.35 0.35 1.2 1
0 0.9192275186434375 1.5212568019777772 0.35 0.35 1.2 1
0 -1.866358938845241 -0.5405224470621479 0.35 0.35 1.2 1
0 -2.1253567965343394 0.2936737056653089 0.35 0.35 1.2 1
0 -0.8239927227126184 -2.8153241952053443 0.35 0.35 1.2 1
0 -0.8359975169948346 0.8083089290120689 0.35 0.35 1.2 1
0 -0.2903146274175672 2.038502674641277 0.35 0.35 1.2 1
0 0.8701826070521712 2.471875550873671 0.35 0.35 1.2 1
0 0.31989161243096786 0.23466078309138516 0.35 0.35 1.2 1
0 -0.3760661080544561 -0.22982128749147207 0.35 0.35 1.2 1
0 0.479744444141606 -0.4684171962973749 0.35 0.35 1.2 1
0 -2.886747018303227 1.8577222872769963 0.35 0.35 1.2 1
0 -2.252062385598805 0.5648917372671491 0.35 0.35 1.2 1
0 3.0290486593993577 0.22890993730821885 0.35 0.35 1.2 1
0 1.0214069704767772 -0.9033781354067754 0.35 0.35 1.2 1
0 -0.6858399793393717 -0.3385421072100979 0.35 0.35 1.2 1
0 1.7932849159737987 0.8950138012443061 0.35 0.35 1.2 1
0 -1.4919262033331755 -0.10899242681317434 0.35 0.35 1.2 1
0 -3.141592653589793 -0.3975181009814668 0.35 0.35 1.2 1
0 -1.0059676492377676 -1.9774463090616603 0.35 0.35 1.2 1
0 -1.9677507000889933 0.4028826877027005 0.35 0.35 1.2 1
0 1.562791255050918 -1.806481886184022 0.35 0.35 1.2 1
0 2.0367183106981237 0.08516426982011915 0.35 0.35 1.2 1
0 1.8832958081750688 0.6454546805867385 0.35 0.35 1.2 1
0 -3.141592653589793 -0.2514010765962004 0.35 0.35 1.2 1
0 2.8045111015124338 2.3737186923489557 0.35 0.35 1.2 1
0 -1.6413912134290012 1.412210117267174 0.35 0.35 1.2 1
0 1.4964070140019394 1.8854822544939036 0.35 0.35 1.2 1
0 -1.0859944600097442 3.141592653589793 0.35 0.35 1.2 1
0 0.8399447305670239 -2.8657383150079108 0.35 0.35 1.2 1
0 -2.256194084444597 0.3510580385952093 0.35 0.35 1.2 1
0 0.36917540864261256 0.5395885218083061 0.35 0.35 1.2 1
0 0.5462848746303065 -1.024240816795861 0.35 0.35 1.2 1
0 1.1472093460790127 -1.8163444234224584 0.35 0.35 1.2 1
0 -0.5070636892677153 -0.05281476963069354 0.35 0.35 1.2 1
0 -0.7598908308139936 -2.6343628037072904 0.35 0.35 1.2 1
0 -0.31874374389663496 3.141592653589793 0.35 0.35 1.2 1
0 -1.7106723953563423 3.141592653589793 0.35 0.35 1.2 1
0 -2.000518256817312 0.8012012869059095 0.35 0.35 1.2 1
0 -1.4884713451731095 -1.8214367382822203 0.35 0.35 1.2 1
0 -2.2734821287802003 0.3526316942345875 0.35 0.35 1.2 1
0 -3.141592653589793 1.0266244805931493 0.35 0.35 1.2 1
0 0.37474188284660737 -1.5069606247689347 0.35 0.35 1.2 1
0 2.891504761309293 0.6593928529850437 0.35 0.35 1.2 1
0 -1.7054104869960207 -0.7930127229773273 0.35 0.35 1.2 1
0 -0.04702028493701822 -1.6066061495776203 0.35 0.35 1.2 1
0 -1.4157625957046143 0.803418304672608 0.35 0.35 1.2 1
0 -0.01587026804279182 1.5921451661861492 0.35 0.35 1.2 1
0 2.720985658030928 -0.7880878246613445 0.35 0.35 1.2 1
0 -1.0411251346195207 -0.6680841117339532 0.35 0.35 1.2 1
0 0.8460017512845364 1.404236730345409 0.35 0.35 1.2 1
0 1.337442643223635 -1.5779751545034308 0.35 0.35 1.2 1
0 -1.8286196715041414 0.03630160576427305 0.35 0.35 1.2 1
0 1.3357799220177664 1.3198830819973806 0.35 0.35 1.2 1
0 -0.06182319248340484 1.395709602192421 0.35 0.35 1.2 1
0 3.141592653589793 0.14809635952408784 0.35 0.35 1.2 1
0 2.10646395474814 -0.9718332916691361 0.35 0.35 1.2 1
0 -0.47588381198688445 -1.2969551244836803 0.35 0.35 1.2 1
0 -2.1607253020172057 1.5117305862071362 0.35 0.35 1.2 1
0 -2.1927363975253606 -1.2546481147885815 0.35 0.35 1.2 1
0 -0.06967908775864051 1.5899687518151895 0.35 0.35 1.2 1
0 -0.0751550820994693 2.1825245342149593 0.35 0.35 1.2 1
0 -0.1902264644953926 -3.141592653589793 0.35 0.35 1.2 1
0 2.7089223558759308 1.7529002006679293 0.35 0.35 1.2 1
0 0.6143948160919326 3.141592653589793 0.35 0.35 1.2 1
0 -3.141592653589793 2.260800836253588 0.35 0.35 1.2 1
0 0.9943581664197837 0.757413373288286 0.35 0.35 1.2 1
0 0.030718005084922506 0.7002953749416245 0.35 0.35 1.2 1
0 0.4351796437497386 2.451080985814436 0.35 0.35 1.2 1
0 0.3269437065626891 2.0640151001762668 0.35 0.35 1.2 1
0 -0.007277671229379945 2.732475006524942 0.35 0.35 1.2 1
0 -2.035336833710221 -0.7914855847840663 0.35 0.35 1.2 1
0 -0.09091408530247858 0.572193600173065 0.35 0.35 1.2 1
0 -1.9626666328425262 0.7170596305820442 0.35 0.35 1.2 1
0 0.15233999909855878 1.4455295576515579 0.35 0.35 1.2 1
0 1.91803586809095 -0.3542411465126082 0.35 0.35 1.2 1
0 -2.3085363127272496 1.2757706713633696 0.35 0.35 1.2 1
0 -1.7880561181446688 -0.899930247013428 0.35 0.35 1.2 1
0 0.9805606390388593 2.488635426759872 0.35 0.35 1.2 1
0 -0.43320947925272363 -0.6798484663909659 0.35 0.35 1.2 1
0 1.9822798955716192 1.1444368725017022 0.35 0.35 1.2 1
0 -2.0108701632629558 2.0554159102680165 0.35 0.35 1.2 1
0 3.141592653589793 1.3767500663143921 0.35 0.35 1.2 1
0 0.7661278856631958 0.415850490995703 0.35 0.35 1.2 1
0 -0.1998238795749313 -2.338577813837688 0.35 0.35 1.2 1
0 -0.6911836233377798 -2.155435959062783 0.35 0.35 1.2 1
0 0.7367987167269886 1.206973614879146 0.35 0.35 1.2 1
0 -2.5883014616287703 1.5200701620340946 0.35 0.35 1.2 1
0 3.141592653589793 -0.6696732241042911 0.35 0.35 1.2 1
0 -3.141592653589793 3.141592653589793 0.35 0.35 1.2 1
0 -0.5307499560394959 -0.16979188417638447 0.35 0.35 1.2 1
0 0.5501752010810245 2.3673608997836273 0.35 0.35 1.2 1
0 -0.05026489717928971 2.403300556374674 0.35 0.35 1.2 1
0 -2.4374425960827897 -1.701475428718715 0.35 0.35 1.2 1
0 -0.37822310861544894 -3.141592653589793 0.35 0.35 1.2 1
0 -1.2171086337197794 -0.9707156365750039 0.35 0.35 1.2 1
0 0.9880714067530278 0.6434780103689757 0.35 0.35 1.2 1
0 0.4453253402045976 0.7103305162670048 0.35 0.35 1.2 1
0 -1.0437109139428817 -2.992165981587247 0.35 0.35 1.2 1
0 -0.3902920218390621 -1.531420935892302 0.35 0.35 1.2 1
0 -1.4440517774048152 -1.2970694064375103 0.35 0.35 1.2 1
0 0.3571104692425542 -0.3052751689486035 0.35 0.35 1.2 1
0 -3.141592653589793 -0.3776920284945664 0.35 0.35 1.2 1
0 -3.141592653589793 -1.3621464553870097 0.35 0.35 1.2 1
0 2.004575215072597 -2.3172229809055214 0.35 0.35 1.2 1
0 1.3183487991443101 1.4325207514789577 0.35 0.35 1.2 1
0 -2.5555407115799005 2.379253291115526 0.35 0.35 1.2 1
0 -0.680291536191763 3.141592653589793 0.35 0.35 1.2 1
0 -0.2782276824118748 -0.9489502687363087 0.35 0.35 1.2 1
0 -2.961336486800861 -0.12474907564308335 0.35 0.35 1.2 1
0 0.6242508190020919 2.521294143684451 0.35 0.35 1.2 1
0 -0.8086909937263582 -0.1396223563561083 0.35 0.35 1.2 1
0 -2.104558312327098 3.141592653589793 0.35 0.35 1.2 1
0 0.5569359341456481 1.8209214505270979 0.35 0.35 1.2 1
0 -0.39878248756451407 0.7356194703028002 0.35 0.35 1.2 1
0 -1.0624551844657177 0.8132095045558175 0.35 0.35 1.2 1
0 2.890280682398718 1.0718251952678102 0.35 0.35 1.2 1
0 -3.141592653589793 1.0320621927364444 0.35 0.35 1.2 1
0 1.117092369529932 -0.7397816315237378 0.35 0.35 1.2 1
0 -1.944891452075903 -0.9413473896954027 0.35 0.35 1.2 1
0 -2.200022516206209 1.7958104322725004 0.35 0.35 1.2 1
0 3.141592653589793 -0.9491779154526867 0.35 0.35 1.2 1
0 -2.303755347757426 -2.0507082676203887 0.35 0.35 1.2 1
0 -2.318291996225666 -0.22019070343611036 0.35 0.35 1.2 1
0 2.324048875587329 0.8492014617984791 0.35 0.35 1.2 1
