#! FIELDS time phi psi sigma_phi sigma_psi height biasf
                        #! SET multivariate false
                        #! SET kerneltype stretched-gaussian
                        #! SET min_phi -pi
                        #! SET max_phi pi
                        #! SET min_psi -pi
                        #! SET max_psi pi
0 -0.3873586832467391 0.9721523522273792 0.35 0.35 1.2 1
0 -0.3072358562170633 -3.141592653589793 0.35 0.35 1.2 1
0 -2.232341303854327 0.5240994512176845 0.35 0.35 1.2 1
0 0.265205212313404 3.141592653589793 0.35 0.35 1.2 1
0 -0.3920033664653846 2.4245958382972854 0.35 0.35 1.2 1
0 -0.41093445300921416 -0.20473507868933316 0.35 0.35 1.2 1
0 -2.3705407124934297 0.12699957777614945 0.35 0.35 1.2 1
0 1.834723780900654 0.46132400338583757 0.35 0.35 1.2 1
0 1.6055933955415829 1.788214137461117 0.35 0.35 1.2 1
0 -0.5446033411253528 -0.6497766553937123 0.35 0.35 1.2 1
0 -2.2953976056782435 -0.82983723847378 0.35 0.35 1.2 1
0 -2.1335985311416943 0.7559313793700646 0.35 0.35 1.2 1
0 0.5704176028367555 2.0210944197054124 0.35 0.35 1.2 1
0 -0.25179983471366374 0.804995117694299 0.35 0.35 1.2 1
0 -1.7049687521214891 2.0312175145391342 0.35 0.35 1.2 1
0 -3.141592653589793 2.2681927723839763 0.35 0.35 1.2 1
0 -0.06971936378280108 -0.21721106739862872 0.35 0.35 1.2 1
0 -0.9851785573370158 0.8493090170638622 0.35 0.35 1.2 1
0 2.727353770552024 2.3656292222137973 0.35 0.35 1.2 1
0 -0.18700408295195337 1.4397753864255 0.35 0.35 1.2 1
0 -2.81543782482814 2.9652891207071486 0.35 0.35 1.2 1
0 -2.048206815574529 -0.4690235722825443 0.35 0.35 1.2 1
0 0.6720703018709022 0.5747837680311196 0.35 0.35 1.2 1
0 1.3403649237334274 -1.2120211326200543 0.35 0.35 1.2 1
0 -0.9627276546469705 3.141592653589793 0.35 0.35 1.2 1
0 -2.1714799585985847 0.6096538235741992 0.35 0.35 1.2 1
0 -1.3065561389354834 0.11255119192563656 0.35 0.35 1.2 1
0 -1.7504047795021702 1.2257405912205654 0.35 0.35 1.2 1
0 0.32485073093875105 -0.6305666533920112 0.35 0.35 1.2 1
0 -1.6296345530495193 2.697804183107011 0.35 0.35 1.2 1
0 -1.009768273003682 0.8455450257435001 0.35 0.35 1.2 1
0 -1.462362838046643 1.7880527281138063 0.35 0.35 1.2 1
0 -1.7578020955046005 0.9830163489670659 0.35 0.35 1.2 1
0 -0.7655132204131933 0.7267298161979323 0.35 0.35 1.2 1
0 -3.141592653589793 0.47148625364989627 0.35 0.35 1.2 1
0 -0.20591327276357219 0.2108253292632012 0.35 0.35 1.2 1
0 -0.413589360943716 1.2498824915654363 0.35 0.35 1.2 1
0 0.8523145899766282 0.7010968553488433 0.35 0.35 1.2 1
0 -1.0139659766037177 1.8763716621060662 0.35 0.35 1.2 1
0 -2.5488959244355645 0.20571139680761497 0.35 0.35 1.2 1
0 0.15418762393445595 -0.4249909422782676 0.35 0.35 1.2 1
0 -2.862383465820579 0.42898012507367866 0.35 0.35 1.2 1
0 -2.1718130181909254 2.0046302492944195 0.35 0.35 1.2 1
0 -0.39420434656931425 1.9407690594595228 0.35 0.35 1.2 1
0 -2.3684586160350327 0.9306821376596701 0.35 0.35 1.2 1
0 -0.1367705904500196 1.5949565719692589 0.35 0.35 1.2 1
0 2.238146158302753 -1.3994040084362938 0.35 0.35 1.2 1
0 1.3623299099506352 0.9733898384773152 0.35 0.35 1.2 1
0 -0.6805261614472276 0.5386424656896404 0.35 0.35 1.2 1
0 -0.7289864491403741 3.141592653589793 0.35 0.35 1.2 1
0 -2.802538347520429 -2.2247096876060595 0.35 0.35 1.2 1
0 3.1077277343087273 3.1356945711835853 0.35 0.35 1.2 1
0 -3.141592653589793 3.141592653589793 0.35 0.35 1.2 1
0 -1.1508326277110612 0.4358583149052875 0.35 0.35 1.2 1
0 -3.141592653589793 0.9684029753295808 0.35 0.35 1.2 1
0 -3.141592653589793 3.141592653589793 0.35 0.35 1.2 1
0 1.4144352702831262 0.6904848085807083 0.35 0.35 1.2 1
0 1.7703021762003197 -0.4252567031113323 0.35 0.35 1.2 1
0 -2.7871034749797476 2.2675882971268573 0.35 0.35 1.2 1
0 -3.141592653589793 -0.5116530451488888 0.35 0.35 1.2 1
0 -0.23538300615930818 3.141592653589793 0.35 0.35 1.2 1
0 0.9077149334906822 2.461952687681099 0.35 0.35 1.2 1
0 -1.3594780708460028 1.5224248207686917 0.35 0.35 1.2 1
0 1.3053555619940127 1.3342602909379313 0.35 0.35 1.2 1
0 -1.5622659068959115 1.7707204968233121 0.35 0.35 1.2 1
0 -0.029437980397383656 0.5612876754004565 0.35 0.35 1.2 1
0 -3.141592653589793 -0.6179568924061954 0.35 0.35 1.2 1
0 -0.5568608462914537 0.8022241477040049 0.35 0.35 1.2 1
0 -3.141592653589793 2.386478769348077 0.35 0.35 1.2 1
0 -2.9986329176874356 1.1650015226614832 0.35 0.35 1.2 1
0 -1.5631312341908412 0.7761228318001792 0.35 0.35 1.2 1
0 -0.6920997102035266 1.487121803276214 0.35 0.35 1.2 1
0 1.0863699754448564 1.34209404761372 0.35 0.35 1.2 1
0 -0.4279885661769963 1.886234595360853 0.35 0.35 1.2 1
0 0.9487167015473016 2.064521689239611 0.35 0.35 1.2 1
0 1.8637552087970957 0.4263205953528426 0.35 0.35 1.2 1
0 -0.6977775142588694 1.6593796606388302 0.35 0.35 1.2 1
0 -0.7982094757743601 -0.45240223617709335 0.35 0.35 1.2 1
0 1.1249997224198691 0.6754144420684776 0.35 0.35 1.2 1
0 -0.6798292465733164 0.06714720089797238 0.35 0.35 1.2 1
0 -1.7999534871122562 1.2987290745157856 0.35 0.35 1.2 1
0 0.13903206707303595 -2.1318773035925527 0.35 0.35 1.2 1
0 -0.7350756588570353 1.103385661392387 0.35 0.35 1.2 1
0 0.29438364730492417 -0.06953122157503744 0.35 0.35 1.2 1
0 -0.6185372835922737 0.8194657798357248 0.35 0.35 1.2 1
0 2.3638707742497327 1.8891730246227154 0.35 0.35 1.2 1
0 -1.9667751157407412 -0.2070423623406113 0.35 0.35 1.2 1
0 -3.141592653589793 -2.7793484364866328 0.35 0.35 1.2 1
0 -2.511242645566504 -0.5875689115031293 0.35 0.35 1.2 1
0 0.11034667591577613 1.1020814829062018 0.35 0.35 1.2 1
0 1.6941420428205443 -1.3992815742617357 0.35 0.35 1.2 1
0 -2.1949290675324287 2.44180862037961 0.35 0.35 1.2 1
0 -0.1040071249036294 -0.5449495551440834 0.35 0.35 1.2 1
0 0.504784735819726 2.239083852110027 0.35 0.35 1.2 1
0 0.040014666729070836 2.024029557263302 0.35 0.35 1.2 1
0 0.9969000688761613 1.060214504053056 0.35 0.35 1.2 1
0 -0.816452493082299 -1.9104081802030324 0.35 0.35 1.2 1
0 -1.3819699096715041 -1.305315051809681 0.35 0.35 1.2 1
0 -1.197704336681419 2.788430886472932 0.35 0.35 1.2 1
0 0.0040390924257813765 -2.0548505194523985 0.35 0.35 1.2 1
0 -0.9770155441325642 -1.1834873771332413 0.35 0.35 1.2 1
0 -3.141592653589793 -0.4773189972643721 0.35 0.35 1.2 1
0 -2.8542054040025406 2.8805221399455365 0.35 0.35 1.2 1
0 -3.141592653589793 1.2638646839692251 0.35 0.35 1.2 1
0 -1.3710649525059257 3.141592653589793 0.35 0.35 1.2 1
0 -1.610624530075196 1.55032092721396 0.35 0.35 1.2 1
0 -1.438659363427483 2.354106355151748 0.35 0.35 1.2 1
0 -2.6220070209399666 1.4384948635047325 0.35 0.35 1.2 1
0 -1.8123082354622224 3.141592653589793 0.35 0.35 1.2 1
0 -3.141592653589793 2.2482624870851513 0.35 0.35 1.2 1
0 -1.7465245090294759 2.2507894674024573 0.35 0.35 1.2 1
0 -3.141592653589793 0.6082224132703662 0.35 0.35 1.2 1
0 -1.980043244796549 2.3248964939920267 0.35 0.35 1.2 1
0 -2.0163668414310263 -0.043330403868583944 0.35 0.35 1.2 1
0 -1.9150442157080185 3.141592653589793 0.35 0.35 1.2 1
0 0.371679245786003 1.1951024286829512 0.35 0.35 1.2 1
0 -0.6878270041892376 2.914553368090364 0.35 0.35 1.2 1
0 -2.1808597624056665 1.4516628925238484 0.35 0.35 1.2 1
0 -0.4343990448767583 2.7421081400233374 0.35 0.35 1.2 1
0 -1.1026703248125003 3.141592653589793 0.35 0.35 1.2 1
0 -3.141592653589793 2.4720578878550743 0.35 0.35 1.2 1
0 -0.35092165532545616 0.5677275468399826 0.35 0.35 1.2 1
0 -1.9721368838610578 1.6538951138703322 0.35 0.35 1.2 1
0 1.3816786315943999 1.4754241194315891 0.35 0.35 1.2 1
0 -3.141592653589793 1.4560678630182622 0.35 0.35 1.2 1
0 -2.6664806321463765 1.1171330130940476 0.35 0.35 1.2 1
0 -2.835567445052697 1.6229275329954063 0.35 0.35 1.2 1
0 -0.43135240783531514 2.839701611088054 0.35 0.35 1.2 1
0 0.7371772517454318 0.26956866880452235 0.35 0.35 1.2 1
0 -2.0578799877494536 2.038258957415168 0.35 0.35 1.2 1
0 -2.1439083358174438 3.1006193409819 0.35 0.35 1.2 1
0 -2.0664757820932596 1.7820590623682708 0.35 0.35 1.2 1
0 -2.0500459129254485 1.7089051646658115 0.35 0.35 1.2 1
0 -3.141592653589793 2.423448023221416 0.35 0.35 1.2 1
0 -2.7883635760192034 3.015681996562543 0.35 0.35 1.2 1
0 -2.7457370447914182 0.6291190152732556 0.35 0.35 1.2 1
0 -3.141592653589793 3.141592653589793 0.35 0.35 1.2 1
0 -0.9196442313263702 1.8006122411680527 0.35 0.35 1.2 1
0 -1.4801166724314594 2.1563432722248383 0.35 0.35 1.2 1
0 -1.0969954936379256 1.635733390546305 0.35 0.35 1.2 1
0 -3.141592653589793 -1.1596595471322506 0.35 0.35 1.2 1
0 -1.38952860567353 1.9664454421668518 0.35 0.35 1.2 1
0 -3.035529330704089 3.1372495834888 0.35 0.35 1.2 1
0 0.08822621302851985 3.141592653589793 0.35 0.35 1.2 1
0 0.14395443677757003 1.0126706472094675 0.35 0.35 1.2 1
0 -3.141592653589793 3.141592653589793 0.35 0.35 1.2 1
0 -0.4558786271984976 2.327628074788593 0.35 0.35 1.2 1
0 -0.7386767360469313 2.0652678874070998 0.35 0.35 1.2 1
0 -2.4550335518154274 0.14082596046344836 0.35 0.35 1.2 1
0 -1.2134355316989385 2.110436758941112 0.35 0.35 1.2 1
0 -3.141592653589793 2.0834926247408716 0.35 0.35 1.2 1
0 -3.141592653589793 1.2213607696972806 0.35 0.35 1.2 1
0 -3.141592653589793 3.141592653589793 0.35 0.35 1.2 1
0 1.2436678999328887 1.3800288262783926 0.35 0.35 1.2 1
0 -3.141592653589793 -0.023488413847031042 0.35 0.35 1.2 1
0 -0.9566428382978208 0.024367434643856045 0.35 0.35 1.2 1
0 0.6577342609316073 2.7600349611090618 0.35 0.35 1.2 1
0 -3.141592653589793 3.03506661166604 0.35 0.35 1.2 1
0 -1.090301972928386 2.337109921674714 0.35 0.35 1.2 1
0 -1.6333776830379299 2.6707459650185634 0.35 0.35 1.2 1
0 -1.3619025969098557 3.141592653589793 0.35 0.35 1.2 1
0 -1.9355114986047341 0.8791691767738203 0.35 0.35 1.2 1
0 -2.6254132870030418 1.9549274748396694 0.35 0.35 1.2 1
0 -1.9668248287169101 1.760313748878521 0.35 0.35 1.2 1
0 -2.3812616751025546 3.141592653589793 0.35 0.35 1.2 1
0 -0.9334398140882677 2.062406149102056 0.35 0.35 1.2 1
0 -1.3671663800389022 1.2323026296378174 0.35 0.35 1.2 1
0 -1.3758610849758677 0.29395900629685245 0.35 0.35 1.2 1
0 0.6559119340689823 0.8301008986277447 0.35 0.35 1.2 1
0 -0.920214576320223 2.046921295888997 0.35 0.35 1.2 1
0 -2.049506464083519 0.8670546808217414 0.35 0.35 1.2 1
0 -2.4853488291212944 1.2781174777634223 0.35 0.35 1.2 1
0 -2.2946927331811695 1.4126132622647414 0.35 0.35 1.2 1
0 -2.608727110032844 3.141592653589793 0.35 0.35 1.2 1
0 -3.141592653589793 -1.6973800000765942 0.35 0.35 1.2 1
0 -3.018550704583088 1.2375853040259543 0.35 0.35 1.2 1
0 -3.141592653589793 1.3973797403979826 0.35 0.35 1.2 1
0 -3.141592653589793 -0.4868763133596139 0.35 0.35 1.2 1
0 -2.835984865109079 0.7957389665151299 0.35 0.35 1.2 1
0 1.4552647562356034 0.8615330666683816 0.35 0.35 1.2 1
0 -2.2891538553125113 0.47678439870615863 0.35 0.35 1.2 1
0 -2.6901505668455385 1.9194681648791294 0.35 0.35 1.2 1
0 -1.8805629378863291 1.5191938369535023 0.35 0.35 1.2 1
0 -3.141592653589793 0.21250029704677198 0.35 0.35 1.2 1
0 -1.8181520195793521 2.2770402268436105 0.35 0.35 1.2 1
0 -1.7825727970759089 -0.13582939384197035 0.35 0.35 1.2 1
0 -2.991999936548047 2.855221364752502 0.35 0.35 1.2 1
0 -0.5904997783728134 1.8503052735574081 0.35 0.35 1.2 1
0 -1.1465402787148453 2.4217471951310827 0.35 0.35 1.2 1
0 -1.0448666815842027 0.9683359911156885 0.35 0.35 1.2 1
0 -3.141592653589793 0.8021227995726014 0.35 0.35 1.2 1
0 -1.4505506656553846 2.905006045843715 0.35 0.35 1.2 1
0 -1.5432785003502785 2.753971659879074 0.35 0.35 1.2 1
0 -0.9147809136104168 1.7457264704325326 0.35 0.35 1.2 1
0 -2.896267469620934 0.9867271716468635 0.35 0.35 1.2 1
0 -3.141592653589793 1.8125890382823213 0.35 0.35 1.2 1
0 -1.5809180363000286 0.9247656783656273 0.35 0.35 1.2 1
0 -3.141592653589793 -2.195054858839427 0.35 0.35 1.2 1
0 -0.9115185173832997 1.8848397106002381 0.35 0.35 1.2 1
0 -2.0467610027888754 1.8469819596801023 0.35 0.35 1.2 1
