#! FIELDS time phi psi sigma_phi sigma_psi height biasf
                        #! SET multivariate false
                        #! SET kerneltype stretched-gaussian
                        #! SET min_phi -pi
                        #! SET max_phi pi
                        #! SET min_psi -pi
                        #! SET max_psi pi
0 -2.6608350746334315 -0.17613982070586376 0.35 0.35 1.2 1
0 -1.597692745503946 -1.6624068409416368 0.35 0.35 1.2 1
0 0.6606686111021989 1.6805360895481158 0.35 0.35 1.2 1
0 0.1468395617466568 0.5111537473362248 0.35 0.35 1.2 1
0 0.5310235455457115 0.9160208514336454 0.35 0.35 1.2 1
0 0.015325623668494881 -2.894755487097323 0.35 0.35 1.2 1
0 -0.4308347205065919 -2.2907807186080715 0.35 0.35 1.2 1
0 2.442719178170899 0.8684496504093089 0.35 0.35 1.2 1
0 -0.2468718124995033 2.3151059660518865 0.35 0.35 1.2 1
0 -0.0745425022540178 -2.750450230404915 0.35 0.35 1.2 1
0 -0.3705470063505505 2.1125105267669078 0.35 0.35 1.2 1
0 -0.004353256944204922 2.581437335053904 0.35 0.35 1.2 1
0 2.3866019007930444 3.141592653589793 0.35 0.35 1.2 1
0 0.7331290171096082 0.7236801546340516 0.35 0.35 1.2 1
0 -0.985578298044101 0.654977574902736 0.35 0.35 1.2 1
0 -2.3923798576643724 1.7849102943154733 0.35 0.35 1.2 1
0 0.12720195974085136 1.6507969525531039 0.35 0.35 1.2 1
0 -1.9954124808823626 3.141592653589793 0.35 0.35 1.2 1
0 0.25276921143654474 -0.16662563694055965 0.35 0.35 1.2 1
0 -1.0329294559765447 0.6344541453785859 0.35 0.35 1.2 1
0 -2.440822570503339 3.141592653589793 0.35 0.35 1.2 1
0 0.3988807427798038 -1.843461868604461 0.35 0.35 1.2 1
0 -2.240818824808547 -2.137026272712308 0.35 0.35 1.2 1
0 -0.9986208831527043 1.2793064929371076 0.35 0.35 1.2 1
0 1.735413677736076 1.6108609670735707 0.35 0.35 1.2 1
0 -1.1665343613184251 0.2907510149194096 0.35 0.35 1.2 1
0 -2.986034920309982 -1.7726316708875176 0.35 0.35 1.2 1
0 -1.10654975846127 2.31109121768506 0.35 0.35 1.2 1
0 -0.2513422346566976 3.141592653589793 0.35 0.35 1.2 1
0 -0.015299249544948323 1.8444208733027374 0.35 0.35 1.2 1
0 -1.6315753233547674 1.7714782426150366 0.35 0.35 1.2 1
0 -1.5809708224824797 0.6015760386482265 0.35 0.35 1.2 1
0 0.6357937554113974 -1.72824683103347 0.35 0.35 1.2 1
0 -1.868410872930856 -1.6279156377476443 0.35 0.35 1.2 1
0 -0.9590454504638706 -1.757702751537824 0.35 0.35 1.2 1
0 -1.4140160659754664 2.1931202782567043 0.35 0.35 1.2 1
0 0.9658378828573726 1.2040060755505975 0.35 0.35 1.2 1
0 -0.03606863700576268 -0.9311601828699247 0.35 0.35 1.2 1
0 -0.6338435401020625 -3.141592653589793 0.35 0.35 1.2 1
0 2.35392469942788 -0.5047233271673173 0.35 0.35 1.2 1
0 1.0099634219906675 1.3163119315653837 0.35 0.35 1.2 1
0 -2.360222185125991 -1.1115908609871212 0.35 0.35 1.2 1
0 -0.44857648751949586 1.3940136714689604 0.35 0.35 1.2 1
0 1.0604826238149117 0.3709128849052983 0.35 0.35 1.2 1
0 -3.0941599682660095 -1.5661766716037846 0.35 0.35 1.2 1
0 1.0238807633416598 1.929844614836905 0.35 0.35 1.2 1
0 3.141592653589793 3.141592653589793 0.35 0.35 1.2 1
0 0.5009091944956823 -2.057929710619834 0.35 0.35 1.2 1
0 -0.5689110850410373 2.329683300193685 0.35 0.35 1.2 1
0 -2.1943331532522543 0.19539371495706193 0.35 0.35 1.2 1
0 -0.48347151890082096 0.08500112958675965 0.35 0.35 1.2 1
0 0.6087227421153822 2.1236249938125766 0.35 0.35 1.2 1
0 -1.4333286835871986 1.0570265727330792 0.35 0.35 1.2 1
0 0.06648875395033005 0.28779185667700935 0.35 0.35 1.2 1
0 -2.3795190797233565 2.178888448695406 0.35 0.35 1.2 1
0 -2.558582865560047 3.141592653589793 0.35 0.35 1.2 1
0 -0.7037887102169669 -0.4588421776240863 0.35 0.35 1.2 1
0 1.1537347497207313 -0.8402564278673035 0.35 0.35 1.2 1
0 -2.4211046597326185 1.1960268549398896 0.35 0.35 1.2 1
0 1.2174781493076765 1.2699578211012996 0.35 0.35 1.2 1
0 -2.086991458720692 3.141592653589793 0.35 0.35 1.2 1
0 -0.1708226016853318 1.2019634977030587 0.35 0.35 1.2 1
0 -2.436372086509405 0.27260787997013824 0.35 0.35 1.2 1
0 0.2799329755560947 0.669968106976177 0.35 0.35 1.2 1
0 -2.719277061888305 1.0045222260026339 0.35 0.35 1.2 1
0 -1.129971630692089 -1.555388571136152 0.35 0.35 1.2 1
0 -0.2605485160507581 1.6769158512252966 0.35 0.35 1.2 1
0 -1.215830391070272 0.39734059569371494 0.35 0.35 1.2 1
0 -1.0573909541680595 2.022277567465268 0.35 0.35 1.2 1
0 0.7367175827745109 0.10660009970149309 0.35 0.35 1.2 1
0 0.3307992909944029 2.081301427292997 0.35 0.35 1.2 1
0 -0.9987043777004037 0.7602963646794829 0.35 0.35 1.2 1
0 3.141592653589793 0.6601866319966287 0.35 0.35 1.2 1
0 -1.1144297173306992 1.5175906215788415 0.35 0.35 1.2 1
0 1.8464557400289254 0.954185264263061 0.35 0.35 1.2 1
0 1.6949700288080873 2.470523764529849 0.35 0.35 1.2 1
0 -3.141592653589793 0.9552507669063828 0.35 0.35 1.2 1
0 -1.7510306364529755 0.08615737641038268 0.35 0.35 1.2 1
0 1.9495692188162543 -0.5487611806494027 0.35 0.35 1.2 1
0 -3.1129074133050336 -2.7247704066032754 0.35 0.35 1.2 1
0 1.7124318624990473 0.11150542597001556 0.35 0.35 1.2 1
0 -0.35496314582933186 -2.1602104617353346 0.35 0.35 1.2 1
0 -1.726346409341389 2.442907751951883 0.35 0.35 1.2 1
0 -0.5300054179574492 -1.4922894112780578 0.35 0.35 1.2 1
0 -0.8233427411141379 1.7311067186539346 0.35 0.35 1.2 1
0 -2.3858217577008993 -1.236650121005018 0.35 0.35 1.2 1
0 -2.331001998152708 -0.10428550491788291 0.35 0.35 1.2 1
0 2.9417871384421828 -3.141592653589793 0.35 0.35 1.2 1
0 1.5432295088188555 -2.0410257872478 0.35 0.35 1.2 1
0 -2.0498300083606003 3.141592653589793 0.35 0.35 1.2 1
0 -3.141592653589793 1.5136310163425364 0.35 0.35 1.2 1
0 -1.9168926441897234 -1.1887019859840182 0.35 0.35 1.2 1
0 -3.141592653589793 0.9576575943372914 0.35 0.35 1.2 1
0 0.36127128463415764 2.3785998384196683 0.35 0.35 1.2 1
0 1.5029194568288538 1.18002073073716 0.35 0.35 1.2 1
0 -0.7729180365820595 2.573845612004312 0.35 0.35 1.2 1
0 1.8991884227035292 0.647744442606984 0.35 0.35 1.2 1
0 -0.5273271112986714 -0.7017934917954417 0.35 0.35 1.2 1
0 -0.5795426726628417 0.7904719992466648 0.35 0.35 1.2 1
0 -0.40153929745373285 -1.6430062906262548 0.35 0.35 1.2 1
0 1.1007410823711814 0.6791965598113434 0.35 0.35 1.2 1
0 -0.6945564934852255 -2.065425950197393 0.35 0.35 1.2 1
0 -1.1028703984414585 0.139493837398732 0.35 0.35 1.2 1
0 -3.053904114666154 -0.37441735924092967 0.35 0.35 1.2 1
0 -1.399471732136648 0.34956878714577244 0.35 0.35 1.2 1
0 -0.6975884943631339 3.050042935387032 0.35 0.35 1.2 1
0 -2.1520955397407113 3.0554124958789104 0.35 0.35 1.2 1
0 -0.8166157640618833 1.6366680675841812 0.35 0.35 1.2 1
0 1.7801312146843733 -1.4675490339152901 0.35 0.35 1.2 1
0 0.8677584275691919 2.9085841584949548 0.35 0.35 1.2 1
0 -1.481291340199104 -3.141592653589793 0.35 0.35 1.2 1
0 -1.053863687255638 2.1546120320944038 0.35 0.35 1.2 1
0 -1.6661196459414809 3.0018478547139726 0.35 0.35 1.2 1
0 -0.879284431352953 -0.07285392489402824 0.35 0.35 1.2 1
0 0.46575620298956943 2.2531735722499056 0.35 0.35 1.2 1
0 -0.46021208955333415 -0.6659312077364032 0.35 0.35 1.2 1
0 -0.8462797349796163 1.8278712037583746 0.35 0.35 1.2 1
0 -0.42029880495514504 -1.1657669018921992 0.35 0.35 1.2 1
0 1.7467938625240973 -0.0012858987524972942 0.35 0.35 1.2 1
0 0.0685303760795768 2.4416477836842434 0.35 0.35 1.2 1
0 -1.047329060584312 0.12271626683078946 0.35 0.35 1.2 1
0 -0.9258462018252293 -3.141592653589793 0.35 0.35 1.2 1
0 -1.7970777494129928 2.879283221666011 0.35 0.35 1.2 1
0 -3.141592653589793 1.961182877683353 0.35 0.35 1.2 1
0 -0.1406452817412266 -0.21350493777652202 0.35 0.35 1.2 1
0 -2.527224950742437 2.218413388163076 0.35 0.35 1.2 1
0 -0.022691246427365197 1.585058197816258 0.35 0.35 1.2 1
0 -0.6486507327569704 0.8348505426961899 0.35 0.35 1.2 1
0 -2.2399570947933287 1.402867922463785 0.35 0.35 1.2 1
0 -2.611844141116565 1.450043373914991 0.35 0.35 1.2 1
0 -0.6872269786842631 0.3629423390730482 0.35 0.35 1.2 1
0 -1.9666703538196115 3.141592653589793 0.35 0.35 1.2 1
0 -1.0094463120518324 -0.14620391675830446 0.35 0.35 1.2 1
0 -1.9358001771768745 2.5718171913614496 0.35 0.35 1.2 1
0 -1.7714949193965508 2.93607701354091 0.35 0.35 1.2 1
0 0.2552813324286045 0.6119171377667716 0.35 0.35 1.2 1
0 -0.2848485036593017 2.6591034961603675 0.35 0.35 1.2 1
0 -0.817100130329751 2.864191597318558 0.35 0.35 1.2 1
0 1.4782796703711703 1.741395607749529 0.35 0.35 1.2 1
0 -3.141592653589793 2.034681912968078 0.35 0.35 1.2 1
0 -0.25962900373614023 -1.7441182884702346 0.35 0.35 1.2 1
0 -1.6361033216766652 2.305350996720715 0.35 0.35 1.2 1
0 -3.141592653589793 1.357160167225995 0.35 0.35 1.2 1
0 1.5196768065227406 0.6981144763144724 0.35 0.35 1.2 1
0 1.5690850762193147 0.08309521767905581 0.35 0.35 1.2 1
0 -2.0805266720725863 0.22535192646994595 0.35 0.35 1.2 1
0 0.5346864885638227 1.574064624860501 0.35 0.35 1.2 1
0 -2.881457435205036 -0.734504075420347 0.35 0.35 1.2 1
0 3.129328203620565 0.33115331084649813 0.35 0.35 1.2 1
0 -1.0615742895060651 -0.31249664151802403 0.35 0.35 1.2 1
0 -2.186874154838966 1.8075956431871951 0.35 0.35 1.2 1
0 -2.176236628619513 1.8023388867714605 0.35 0.35 1.2 1
0 -0.3880946936882128 0.8735339377223371 0.35 0.35 1.2 1
0 -1.9495732221117172 -1.354678660185122 0.35 0.35 1.2 1
0 -2.1131806409920166 -0.27033651736388764 0.35 0.35 1.2 1
0 -1.280732747697011 0.8318922236672336 0.35 0.35 1.2 1
0 -0.5995860755240486 -1.964035437332648 0.35 0.35 1.2 1
0 -0.6023221313102823 -0.24488115532069876 0.35 0.35 1.2 1
0 -0.3674296375717889 -0.3278950177980149 0.35 0.35 1.2 1
0 -1.500486878716705 -0.018219328275002056 0.35 0.35 1.2 1
0 -1.5339780799091673 0.00316150098391621 0.35 0.35 1.2 1
0 -0.4413766426695607 2.5752378883493083 0.35 0.35 1.2 1
0 2.3873540038166365 0.01341734185283916 0.35 0.35 1.2 1
0 -2.511086848320648 -0.5013667965925782 0.35 0.35 1.2 1
0 -1.498832317628255 -0.8170400672520083 0.35 0.35 1.2 1
0 1.1355585459646842 0.2811742270600215 0.35 0.35 1.2 1
0 -0.9076332090387309 2.3097284560826146 0.35 0.35 1.2 1
0 0.06374335612749293 -0.42052925437896016 0.35 0.35 1.2 1
0 0.0580556539253467 0.17469593578272136 0.35 0.35 1.2 1
0 -0.06177231531118188 2.810175601253847 0.35 0.35 1.2 1
0 0.29750832293698837 1.726124006977715 0.35 0.35 1.2 1
0 -2.871947256846133 3.141592653589793 0.35 0.35 1.2 1
0 -1.3065696343363358 2.0788493326149635 0.35 0.35 1.2 1
0 -1.2396672319280109 2.9605093865083436 0.35 0.35 1.2 1
0 -3.141592653589793 0.41433503764822704 0.35 0.35 1.2 1
0 1.4753218180819854 -0.3643197020606723 0.35 0.35 1.2 1
0 -0.40015390033231063 2.288446720862736 0.35 0.35 1.2 1
0 0.9698476484916569 1.5551455836003254 0.35 0.35 1.2 1
0 -1.0764090723146271 1.3894479993036866 0.35 0.35 1.2 1
0 -1.079321572520475 0.8943420128346397 0.35 0.35 1.2 1
0 0.6861093843989716 0.6389284929873278 0.35 0.35 1.2 1
0 -2.094423764297689 -1.8376807677479703 0.35 0.35 1.2 1
0 -2.2835965484898937 -2.3047154012843647 0.35 0.35 1.2 1
0 -2.367234302006249 0.16522682695302437 0.35 0.35 1.2 1
0 0.12756233143769619 -0.1375806056973577 0.35 0.35 1.2 1
0 0.2557328635702393 2.839386865554992 0.35 0.35 1.2 1
0 3.141592653589793 -0.42424593715967385 0.35 0.35 1.2 1
0 2.8686707347089464 1.7536101223062288 0.35 0.35 1.2 1
0 -2.3990353009579435 0.2879642476600379 0.35 0.35 1.2 1
0 3.141592653589793 1.5427513711174754 0.35 0.35 1.2 1
0 -1.7675653987384723 1.1240638157258556 0.35 0.35 1.2 1
0 -1.9214792645203924 -1.5641385677196467 0.35 0.35 1.2 1
0 -0.43884806479750127 -0.7968532482133891 0.35 0.35 1.2 1
0 1.768845748575567 -0.27092817054606894 0.35 0.35 1.2 1
0 -1.1016037065008875 -1.7928462078747123 0.35 0.35 1.2 1
0 -2.5960047557779173 3.1071220060360525 0.35 0.35 1.2 1
0 0.01803237404695235 0.4447198351998391 0.35 0.35 1.2 1
0 3.1006072907770226 0.32457116298797895 0.35 0.35 1.2 1
0 -0.5730854640380444 0.1374948584926432 0.35 0.35 1.2 1
0 0.3652205534565043 3.141592653589793 0.35 0.35 1.2 1
0 0.16418711716762768 1.710028101000584 0.35 0.35 1.2 1
0 -2.1219198833615556 2.3005914564287444 0.35 0.35 1.2 1
0 -2.070511515129693 0.055541012264018086 0.35 0.35 1.2 1
0 2.4842065212791784 1.7219862811388358 0.35 0.35 1.2 1
0 -2.9662336113641357 0.7926390396215525 0.35 0.35 1.2 1
0 0.25410090425432674 3.141592653589793 0.35 0.35 1.2 1
0 0.2835463484798701 2.2256996520421546 0.35 0.35 1.2 1
0 -1.8083721944726063 3.141592653589793 0.35 0.35 1.2 1
0 0.46510361825739555 -2.3042245009254962 0.35 0.35 1.2 1
0 -1.4833107561791046 1.1025941797305125 0.35 0.35 1.2 1
0 -0.5710679294008064 1.400775271562372 0.35 0.35 1.2 1
0 -0.6288127387922228 1.8329736207078575 0.35 0.35 1.2 1
0 -2.3878922742979007 0.8052594176126194 0.35 0.35 1.2 1
0 -2.130717162373807 1.1617103614700224 0.35 0.35 1.2 1
0 -1.1232076163096576 1.2283182819697436 0.35 0.35 1.2 1
0 -0.4674598688364491 1.7708021145596962 0.35 0.35 1.2 1
0 -2.24615453506236 3.141592653589793 0.35 0.35 1.2 1
0 1.0382428719389216 0.5267428007287466 0.35 0.35 1.2 1
0 -1.996366500939227 -2.520140701533597 0.35 0.35 1.2 1
0 -0.9366972614022265 1.9528255844184916 0.35 0.35 1.2 1
0 -0.01656993501760118 0.5116324558231498 0.35 0.35 1.2 1
0 -2.5004715030103437 2.5385943315473014 0.35 0.35 1.2 1
0 0.27118197201548266 2.3842514144606923 0.35 0.35 1.2 1
0 -1.211905209528646 1.3052977321610928 0.35 0.35 1.2 1
0 -1.6085905314569506 2.711102311603386 0.35 0.35 1.2 1
0 -0.6053862752032209 2.847065631746009 0.35 0.35 1.2 1
0 -1.8278695533472415 1.510309015905738 0.35 0.35 1.2 1
0 -0.6876401853553039 -0.4187440003465923 0.35 0.35 1.2 1
0 -2.7095769759834067 2.9644298366203765 0.35 0.35 1.2 1
0 -3.141592653589793 1.2426077433322935 0.35 0.35 1.2 1
0 -0.7894871588974665 2.2010407112794628 0.35 0.35 1.2 1
0 -1.467144091769329 1.1126174731366265 0.35 0.35 1.2 1
0 -2.869306959165746 -0.11840099691946637 0.35 0.35 1.2 1
0 -3.141592653589793 2.805710300743216 0.35 0.35 1.2 1
0 -3.141592653589793 0.9723542774318384 0.35 0.35 1.2 1
0 -3.141592653589793 1.1739873026401955 0.35 0.35 1.2 1
0 -2.4228603380037375 1.2184611458728498 0.35 0.35 1.2 1
0 0.3935737146859644 -0.8623881569026053 0.35 0.35 1.2 1
0 -2.050951913910589 3.141592653589793 0.35 0.35 1.2 1
0 -1.4699857470016464 0.718332388065027 0.35 0.35 1.2 1
0 -1.4395665553808588 0.08091685632448065 0.35 0.35 1.2 1
0 -3.141592653589793 2.167096615912339 0.35 0.35 1.2 1
0 -2.8848143557951342 3.141592653589793 0.35 0.35 1.2 1
0 -0.10614647506717001 1.6857687584596472 0.35 0.35 1.2 1
0 3.0446147435556936 -0.4658534165724808 0.35 0.35 1.2 1
0 0.2680526872588418 3.026318109404508 0.35 0.35 1.2 1
0 -2.1279361443365468 3.141592653589793 0.35 0.35 1.2 1
0 -0.48059224176810067 1.7791123011107683 0.35 0.35 1.2 1
0 -2.4974316146102655 1.0417632298554913 0.35 0.35 1.2 1
0 -1.3908007404895206 2.8794580005321064 0.35 0.35 1.2 1
0 -2.8341787617388383 -1.2183824164700319 0.35 0.35 1.2 1
0 -1.7780929429580588 2.6361622731748775 0.35 0.35 1.2 1
0 -0.5588895081091962 1.4278115336257502 0.35 0.35 1.2 1
0 -0.6070450734889328 0.6961011834585273 0.35 0.35 1.2 1
0 0.4608654527362068 0.4961878211679449 0.35 0.35 1.2 1
0 -0.6628234511232572 1.4686715661074548 0.35 0.35 1.2 1
0 1.2077745096513832 0.5938841209283721 0.35 0.35 1.2 1
0 -1.7864773566240895 0.5445673777436097 0.35 0.35 1.2 1
0 -2.373642653404207 2.05286824067638 0.35 0.35 1.2 1
0 -2.7826571600601597 1.6896605388837682 0.35 0.35 1.2 1
0 -0.48650519233579836 3.141592653589793 0.35 0.35 1.2 1
0 -3.141592653589793 2.1089066086582444 0.35 0.35 1.2 1
0 -2.6647789317175636 2.7723638307095624 0.35 0.35 1.2 1
0 -0.2742064408246956 1.4261348941117429 0.35 0.35 1.2 1
0 -1.1006668341731363 0.24136269382653808 0.35 0.35 1.2 1
0 -3.141592653589793 1.5606641718900511 0.35 0.35 1.2 1
0 -2.7858445166096653 -0.5671670881425659 0.35 0.35 1.2 1
0 -1.4669812232654138 2.2046912267452026 0.35 0.35 1.2 1
0 -1.1973628369718656 1.2041715492061091 0.35 0.35 1.2 1
0 0.0554294292257774 0.7284033377631247 0.35 0.35 1.2 1
0 0.9140027734847205 0.1547841233432139 0.35 0.35 1.2 1
0 0.8197158960931464 1.887201480957733 0.35 0.35 1.2 1
0 -3.141592653589793 -1.6343725956016197 0.35 0.35 1.2 1
0 -2.883379968597666 3.141592653589793 0.35 0.35 1.2 1
0 -1.5270248860907674 2.3804684433548173 0.35 0.35 1.2 1
0 -2.2291494816741437 3.141592653589793 0.35 0.35 1.2 1
0 -1.8882491889043722 -0.030511677059556153 0.35 0.35 1.2 1
0 -2.4427480869697575 -1.3123559199371977 0.35 0.35 1.2 1
0 -0.5718796077678755 2.8072538410280496 0.35 0.35 1.2 1
0 1.7390750165430204 3.141592653589793 0.35 0.35 1.2 1
0 -2.4385098850870603 1.919342628774786 0.35 0.35 1.2 1
0 -1.3886303191569385 3.141592653589793 0.35 0.35 1.2 1
0 -0.381394577779233 2.6986742735512532 0.35 0.35 1.2 1
0 -1.2952344319138325 0.5985365895862726 0.35 0.35 1.2 1
0 -0.23678433860689307 3.141592653589793 0.35 0.35 1.2 1
0 0.41512354936483287 0.45616967975238687 0.35 0.35 1.2 1
0 -3.141592653589793 2.468109591740874 0.35 0.35 1.2 1
0 0.42396640088698645 -0.4274651286185497 0.35 0.35 1.2 1
0 -3.141592653589793 2.137703669613975 0.35 0.35 1.2 1
0 0.8646065294624767 2.5301945220912114 0.35 0.35 1.2 1
0 -0.49905594750197324 1.929376217979846 0.35 0.35 1.2 1
0 -3.056040009534641 -0.4321720895070231 0.35 0.35 1.2 1
0 -1.9830026154554177 0.35865280301974967 0.35 0.35 1.2 1
0 -0.6590806941973906 0.38095628187422936 0.35 0.35 1.2 1
0 0.7641328305152457 0.5711811346479634 0.35 0.35 1.2 1
0 -2.606208574142446 -1.161361331513734 0.35 0.35 1.2 1
0 -2.526269620360765 1.4733034113442969 0.35 0.35 1.2 1
0 -3.141592653589793 3.141592653589793 0.35 0.35 1.2 1
0 -2.4694299988528243 1.8352842960519669 0.35 0.35 1.2 1
0 -1.1198209630429135 -0.4907625162751095 0.35 0.35 1.2 1
