#! FIELDS time phi psi sigma_phi sigma_psi height biasf
                        #! SET multivariate false
                        #! SET kerneltype stretched-gaussian
                        #! SET min_phi -pi
                        #! SET max_phi pi
                        #! SET min_psi -pi
                        #! SET max_psi pi
0 -3.141592653589793 -3.141592653589793 0.35 0.35 1.2 1
0 0.0943573078278297 2.4134314587813117 0.35 0.35 1.2 1
0 -3.141592653589793 2.698635180530531 0.35 0.35 1.2 1
0 -1.5234369417980107 0.8218553716364947 0.35 0.35 1.2 1
0 2.230108675607399 -3.141592653589793 0.35 0.35 1.2 1
0 -2.011566744816794 -0.0834441053406445 0.35 0.35 1.2 1
0 3.141592653589793 2.7571034683950826 0.35 0.35 1.2 1
0 -3.141592653589793 -2.167470591119954 0.35 0.35 1.2 1
0 0.6371578530059294 0.11951404832998147 0.35 0.35 1.2 1
0 0.024982974294037064 0.045619162171421035 0.35 0.35 1.2 1
0 0.08043542476834609 -1.6384324098275074 0.35 0.35 1.2 1
0 1.6784464292332315 3.141592653589793 0.35 0.35 1.2 1
0 0.07018177489821431 0.8114860704218594 0.35 0.35 1.2 1
0 -3.141592653589793 -2.707284773952744 0.35 0.35 1.2 1
0 -3.141592653589793 2.46821995663434 0.35 0.35 1.2 1
0 -1.838419228762687 2.5040747164538013 0.35 0.35 1.2 1
0 -3.141592653589793 3.141592653589793 0.35 0.35 1.2 1
0 1.0240215540748967 0.21287543109456686 0.35 0.35 1.2 1
0 -1.6474158177291003 1.5347748582099703 0.35 0.35 1.2 1
0 -3.141592653589793 3.141592653589793 0.35 0.35 1.2 1
0 -3.141592653589793 1.8631103154213902 0.35 0.35 1.2 1
0 -3.141592653589793 2.0983484977916707 0.35 0.35 1.2 1
0 -1.1943993130542456 0.30036150411644924 0.35 0.35 1.2 1
0 0.1951682652886324 2.1045277327132257 0.35 0.35 1.2 1
0 -1.9400394275243604 -0.0857855514070438 0.35 0.35 1.2 1
0 -1.9027361275340446 3.141592653589793 0.35 0.35 1.2 1
0 -2.6626089779333957 -0.2583712755514973 0.35 0.35 1.2 1
0 -3.141592653589793 1.9489597205111973 0.35 0.35 1.2 1
0 2.9517366847871633 3.141592653589793 0.35 0.35 1.2 1
0 -3.141592653589793 0.7119722874093551 0.35 0.35 1.2 1
0 -0.2610754602240606 -3.141592653589793 0.35 0.35 1.2 1
0 2.1154561452799925 3.141592653589793 0.35 0.35 1.2 1
0 -3.141592653589793 3.141592653589793 0.35 0.35 1.2 1
0 0.4264102023320129 3.141592653589793 0.35 0.35 1.2 1
0 -3.141592653589793 1.6807778824195356 0.35 0.35 1.2 1
0 2.298240555674637 -1.0285244667122062 0.35 0.35 1.2 1
0 -0.6338005669108819 3.141592653589793 0.35 0.35 1.2 1
0 -3.141592653589793 -3.141592653589793 0.35 0.35 1.2 1
0 1.1923816368849918 3.141592653589793 0.35 0.35 1.2 1
0 -2.2259176176805924 1.8293652123117174 0.35 0.35 1.2 1
0 1.8343226843150984 3.141592653589793 0.35 0.35 1.2 1
0 -1.5977096391064105 2.744865084744142 0.35 0.35 1.2 1
0 3.141592653589793 0.7128447467825105 0.35 0.35 1.2 1
0 -0.2872264311201518 1.4259241210011715 0.35 0.35 1.2 1
0 0.5357543585673812 3.141592653589793 0.35 0.35 1.2 1
0 -3.141592653589793 2.577553026939759 0.35 0.35 1.2 1
0 -3.141592653589793 3.141592653589793 0.35 0.35 1.2 1
0 -3.141592653589793 1.0833184509017255 0.35 0.35 1.2 1
0 -0.46232355272337955 3.141592653589793 0.35 0.35 1.2 1
0 -3.141592653589793 2.8759059991002225 0.35 0.35 1.2 1
0 -0.19991826563761506 3.141592653589793 0.35 0.35 1.2 1
0 0.09375442557276759 0.5708480943846431 0.35 0.35 1.2 1
0 -1.9343997180858636 -1.0571294348198599 0.35 0.35 1.2 1
0 -1.359414298447632 0.319135884580117 0.35 0.35 1.2 1
0 -0.4290825683270365 3.141592653589793 0.35 0.35 1.2 1
0 2.559126155726715 1.1010762735417114 0.35 0.35 1.2 1
0 0.1063481642329216 -0.05896212220988151 0.35 0.35 1.2 1
0 -3.141592653589793 0.7754307095056913 0.35 0.35 1.2 1
0 2.961754696226717 -2.0714137683688087 0.35 0.35 1.2 1
0 -3.141592653589793 -3.141592653589793 0.35 0.35 1.2 1
0 1.3170465943675922 -2.216852295026243 0.35 0.35 1.2 1
0 -3.141592653589793 2.7613426882307452 0.35 0.35 1.2 1
0 -1.870383808172217 1.5975444541627712 0.35 0.35 1.2 1
0 3.141592653589793 -1.288662779809 0.35 0.35 1.2 1
0 -1.9298085578449298 -0.5877589920473689 0.35 0.35 1.2 1
0 -1.989256617996935 3.141592653589793 0.35 0.35 1.2 1
0 -0.27903708247130776 1.9658341790603935 0.35 0.35 1.2 1
0 -0.3668040453434296 -2.1510153773479024 0.35 0.35 1.2 1
0 2.05092470817499 0.3050153571664975 0.35 0.35 1.2 1
0 -1.3048458469769666 3.141592653589793 0.35 0.35 1.2 1
0 -2.940595412044167 0.8048727203665376 0.35 0.35 1.2 1
0 -2.0585832673783955 1.7165746348652566 0.35 0.35 1.2 1
0 3.141592653589793 3.141592653589793 0.35 0.35 1.2 1
0 -1.8412753969832847 -3.141592653589793 0.35 0.35 1.2 1
0 -3.141592653589793 -3.035585203640216 0.35 0.35 1.2 1
0 -3.141592653589793 1.05834190000821 0.35 0.35 1.2 1
0 3.141592653589793 -1.9277431534566891 0.35 0.35 1.2 1
0 3.141592653589793 3.141592653589793 0.35 0.35 1.2 1
0 -2.6657980444565865 0.5066668783307388 0.35 0.35 1.2 1
0 2.7016950918176557 -0.44882117866942584 0.35 0.35 1.2 1
0 0.6556020641175719 3.141592653589793 0.35 0.35 1.2 1
0 -1.5657469936301054 -0.9998576557671135 0.35 0.35 1.2 1
0 1.157704981131783 3.141592653589793 0.35 0.35 1.2 1
0 -3.141592653589793 -2.8448887512400916 0.35 0.35 1.2 1
0 -1.6644455816339454 2.470609045708424 0.35 0.35 1.2 1
0 2.09772501810402 2.6537302055418333 0.35 0.35 1.2 1
0 -1.252354927234396 3.141592653589793 0.35 0.35 1.2 1
0 -3.141592653589793 3.141592653589793 0.35 0.35 1.2 1
0 1.9249017956850196 3.1140505836994743 0.35 0.35 1.2 1
0 0.21382883453007606 3.141592653589793 0.35 0.35 1.2 1
0 -3.141592653589793 3.141592653589793 0.35 0.35 1.2 1
0 3.141592653589793 1.523708499104353 0.35 0.35 1.2 1
0 1.7268815240334405 1.7512185525708857 0.35 0.35 1.2 1
0 3.141592653589793 2.6794015541838188 0.35 0.35 1.2 1
0 -0.47413170090437506 -1.4721110038655807 0.35 0.35 1.2 1
0 -3.141592653589793 3.141592653589793 0.35 0.35 1.2 1
0 -3.141592653589793 -3.141592653589793 0.35 0.35 1.2 1
0 -3.141592653589793 0.08328928072971009 0.35 0.35 1.2 1
0 -3.141592653589793 3.141592653589793 0.35 0.35 1.2 1
0 0.11081783852103921 0.24158848098200614 0.35 0.35 1.2 1
0 -0.29752979659995016 -0.443590269454178 0.35 0.35 1.2 1
0 0.23593216235731318 2.6026225221498223 0.35 0.35 1.2 1
0 -3.141592653589793 1.4110072859540128 0.35 0.35 1.2 1
0 0.39438300273122606 2.0076678039626024 0.35 0.35 1.2 1
0 -1.279046127672077 -0.8139992459476626 0.35 0.35 1.2 1
0 -3.141592653589793 -2.596184682727102 0.35 0.35 1.2 1
0 -3.141592653589793 3.141592653589793 0.35 0.35 1.2 1
0 1.1130513484358586 2.7151247993925725 0.35 0.35 1.2 1
0 -1.354406363344798 -2.968078051101105 0.35 0.35 1.2 1
0 -1.1064841075586613 1.8410686934227527 0.35 0.35 1.2 1
0 -0.033695614520092176 0.8243790418732755 0.35 0.35 1.2 1
0 -3.141592653589793 1.8184852282028432 0.35 0.35 1.2 1
0 -1.4422750293675337 3.141592653589793 0.35 0.35 1.2 1
0 -0.39188522002288906 -0.5392627976605249 0.35 0.35 1.2 1
0 -1.991933526539353 0.9886562505984379 0.35 0.35 1.2 1
0 -2.674218015435338 0.8077265590112909 0.35 0.35 1.2 1
0 -3.141592653589793 -2.6568218765061196 0.35 0.35 1.2 1
0 -3.141592653589793 2.076159998112896 0.35 0.35 1.2 1
0 -3.141592653589793 0.7042237900303198 0.35 0.35 1.2 1
0 0.05578781759083462 -0.7776634190939888 0.35 0.35 1.2 1
0 -0.8015240911316253 -3.141592653589793 0.35 0.35 1.2 1
0 -3.141592653589793 3.141592653589793 0.35 0.35 1.2 1
0 -2.911262078245363 -2.909704435143352 0.35 0.35 1.2 1
0 -3.141592653589793 2.653493299307195 0.35 0.35 1.2 1
0 -0.26957072521096603 2.3597653713982623 0.35 0.35 1.2 1
0 -3.141592653589793 -0.26526503236426247 0.35 0.35 1.2 1
0 3.141592653589793 -0.6024549094219236 0.35 0.35 1.2 1
0 -3.141592653589793 1.837483286579253 0.35 0.35 1.2 1
0 -3.141592653589793 2.2777543485146694 0.35 0.35 1.2 1
0 -2.4666542539171616 -1.0436334687047935 0.35 0.35 1.2 1
0 -3.141592653589793 3.141592653589793 0.35 0.35 1.2 1
0 0.3844442615867796 -1.5541243707879517 0.35 0.35 1.2 1
0 0.910649679162207 2.3694920114326665 0.35 0.35 1.2 1
0 3.141592653589793 -1.6552030543440197 0.35 0.35 1.2 1
0 -3.141592653589793 3.141592653589793 0.35 0.35 1.2 1
0 -1.6002806526445554 3.141592653589793 0.35 0.35 1.2 1
0 -3.141592653589793 -3.141592653589793 0.35 0.35 1.2 1
0 -3.141592653589793 -1.9643018741440827 0.35 0.35 1.2 1
0 -1.556947364574059 -1.9182592255986175 0.35 0.35 1.2 1
0 2.9601862891950423 -2.9652248906201972 0.35 0.35 1.2 1
0 -1.420036485084551 -0.06510450844827176 0.35 0.35 1.2 1
0 -1.460310034106058 3.141592653589793 0.35 0.35 1.2 1
0 -2.47366879744045 -1.1499548592282798 0.35 0.35 1.2 1
0 -1.315928677258901 3.141592653589793 0.35 0.35 1.2 1
0 -0.18410260450753135 2.0330202601103946 0.35 0.35 1.2 1
0 0.48400181088772265 2.2226462682678183 0.35 0.35 1.2 1
0 -0.7578090657907328 3.141592653589793 0.35 0.35 1.2 1
0 3.141592653589793 3.141592653589793 0.35 0.35 1.2 1
0 1.6451460336141104 1.1010823775179526 0.35 0.35 1.2 1
0 -2.8264278052027207 3.141592653589793 0.35 0.35 1.2 1
0 0.6759023018634804 -0.44523677702980113 0.35 0.35 1.2 1
0 -3.141592653589793 -0.37839878165079255 0.35 0.35 1.2 1
0 -2.070145514089933 1.5086518319731859 0.35 0.35 1.2 1
0 0.9531268762641718 3.141592653589793 0.35 0.35 1.2 1
0 -3.141592653589793 -1.0997342053432235 0.35 0.35 1.2 1
0 -0.43433277436101303 2.520279032130288 0.35 0.35 1.2 1
0 0.8020076362846533 -2.557601156928156 0.35 0.35 1.2 1
0 1.8468262480896802 1.8779638550953912 0.35 0.35 1.2 1
0 2.763247065445565 1.879900526559382 0.35 0.35 1.2 1
0 3.141592653589793 1.9594107236278513 0.35 0.35 1.2 1
0 -1.9718708923490147 -3.141592653589793 0.35 0.35 1.2 1
0 -3.141592653589793 2.7975983193360223 0.35 0.35 1.2 1
0 -3.141592653589793 1.0132561198258954 0.35 0.35 1.2 1
0 3.141592653589793 -1.733912240827558 0.35 0.35 1.2 1
0 -3.141592653589793 -0.3773723223479657 0.35 0.35 1.2 1
0 -3.141592653589793 3.141592653589793 0.35 0.35 1.2 1
0 3.141592653589793 -3.141592653589793 0.35 0.35 1.2 1
0 2.1320627627809143 2.4737090587268513 0.35 0.35 1.2 1
0 -2.232297695040434 3.141592653589793 0.35 0.35 1.2 1
0 -1.963640234735933 3.141592653589793 0.35 0.35 1.2 1
0 -3.141592653589793 -1.558241193676745 0.35 0.35 1.2 1
0 -3.141592653589793 1.1701928664843364 0.35 0.35 1.2 1
0 0.1121402689367097 -1.0809658812094987 0.35 0.35 1.2 1
0 0.0102228870123251 3.093773562984002 0.35 0.35 1.2 1
0 -2.06781063956651 3.141592653589793 0.35 0.35 1.2 1
0 -0.6976788560156285 -1.9585204839393207 0.35 0.35 1.2 1
0 -2.1725183881576737 0.7372936065732016 0.35 0.35 1.2 1
0 -1.5185683034588666 3.141592653589793 0.35 0.35 1.2 1
0 -1.6520222722478084 -1.0391031655914738 0.35 0.35 1.2 1
0 0.013216525788203093 1.8172348607306392 0.35 0.35 1.2 1
0 3.141592653589793 1.4692041801917544 0.35 0.35 1.2 1
0 2.555528038803847 3.141592653589793 0.35 0.35 1.2 1
0 -1.6033628353396525 2.728130510500713 0.35 0.35 1.2 1
0 -3.141592653589793 3.0057415929921483 0.35 0.35 1.2 1
0 -0.7596101538438572 0.7814632758088637 0.35 0.35 1.2 1
0 -0.550252415445091 -0.2467750364673924 0.35 0.35 1.2 1
0 -3.141592653589793 -0.7560578293618545 0.35 0.35 1.2 1
0 -2.497475369348507 0.4713821007175608 0.35 0.35 1.2 1
0 1.0156883392896405 -2.60077885465835 0.35 0.35 1.2 1
0 1.315204202632818 2.2136644561865246 0.35 0.35 1.2 1
0 1.5626305650107322 1.1159979945085112 0.35 0.35 1.2 1
0 -3.141592653589793 -1.77219961550239 0.35 0.35 1.2 1
0 -3.141592653589793 2.666761607454146 0.35 0.35 1.2 1
0 -3.141592653589793 -2.073707119256933 0.35 0.35 1.2 1
0 -2.2522361305558345 -0.009477241469877384 0.35 0.35 1.2 1
0 -1.0063745697085038 3.141592653589793 0.35 0.35 1.2 1
0 -3.141592653589793 -2.242803948058008 0.35 0.35 1.2 1
0 -2.561568985595488 0.456055278947493 0.35 0.35 1.2 1
0 -3.141592653589793 2.9269125990023994 0.35 0.35 1.2 1
0 -3.141592653589793 -1.0251876070092454 0.35 0.35 1.2 1
0 3.141592653589793 -0.16881118339077528 0.35 0.35 1.2 1
0 -3.141592653589793 -3.141592653589793 0.35 0.35 1.2 1
0 -0.3280351311554994 1.3081126056384749 0.35 0.35 1.2 1
0 -3.141592653589793 1.1543400956907282 0.35 0.35 1.2 1
0 -3.141592653589793 -3.0059916661119646 0.35 0.35 1.2 1
0 0.6710919176180117 3.141592653589793 0.35 0.35 1.2 1
0 -1.6402703095807971 3.141592653589793 0.35 0.35 1.2 1
0 -3.141592653589793 0.09462358618962163 0.35 0.35 1.2 1
0 1.9263111646455238 3.141592653589793 0.35 0.35 1.2 1
0 0.30763748497099574 3.141592653589793 0.35 0.35 1.2 1
0 -0.8126906742330493 1.2703692054181772 0.35 0.35 1.2 1
0 -2.5943636064516102 1.8733608871642815 0.35 0.35 1.2 1
0 -0.8380446869811922 3.141592653589793 0.35 0.35 1.2 1
0 -2.6126853450943472 0.16657394071224152 0.35 0.35 1.2 1
0 2.8175738820617644 0.5182253303657558 0.35 0.35 1.2 1
0 3.141592653589793 -0.8482523110894915 0.35 0.35 1.2 1
0 2.312397200444642 -1.2758689658724984 0.35 0.35 1.2 1
0 -3.141592653589793 0.3350939691866768 0.35 0.35 1.2 1
0 -2.720268167169195 -2.5136050985646006 0.35 0.35 1.2 1
0 1.3841643818365268 2.2415825200362414 0.35 0.35 1.2 1
0 -3.141592653589793 -2.972926792697555 0.35 0.35 1.2 1
0 0.08620300263772451 -1.7910157276518301 0.35 0.35 1.2 1
0 -2.9397774911980994 0.12298723619343077 0.35 0.35 1.2 1
0 -1.1626964708153298 3.141592653589793 0.35 0.35 1.2 1
0 -1.0189937210786142 3.141592653589793 0.35 0.35 1.2 1
0 -2.275262693219098 0.753702128957078 0.35 0.35 1.2 1
0 1.2053070249647317 1.7892207190011038 0.35 0.35 1.2 1
0 1.838556459945922 0.885542138738016 0.35 0.35 1.2 1
0 -2.704691642462158 -3.141592653589793 0.35 0.35 1.2 1
0 -0.20599707681085433 -3.141592653589793 0.35 0.35 1.2 1
0 -3.141592653589793 -0.210453734850522 0.35 0.35 1.2 1
0 -2.8051687234258624 0.36344251852183107 0.35 0.35 1.2 1
0 -0.3708924514894323 1.5362123817691173 0.35 0.35 1.2 1
0 3.141592653589793 0.8451492104509604 0.35 0.35 1.2 1
0 -3.141592653589793 3.141592653589793 0.35 0.35 1.2 1
0 3.141592653589793 3.141592653589793 0.35 0.35 1.2 1
0 0.42176801751368864 3.141592653589793 0.35 0.35 1.2 1
0 -0.14183401237889637 -1.9864260869499115 0.35 0.35 1.2 1
0 0.24877020140500195 3.141592653589793 0.35 0.35 1.2 1
0 -3.141592653589793 -3.141592653589793 0.35 0.35 1.2 1
0 -2.878272453517299 -2.765891710605528 0.35 0.35 1.2 1
0 -3.141592653589793 0.3529243099820255 0.35 0.35 1.2 1
0 -3.141592653589793 -0.26470553589567647 0.35 0.35 1.2 1
0 -3.141592653589793 -1.068235909850717 0.35 0.35 1.2 1
0 3.141592653589793 2.9749087897671425 0.35 0.35 1.2 1
0 1.1124206944274289 2.8664292883562825 0.35 0.35 1.2 1
0 -2.353016574420311 0.8951754818075035 0.35 0.35 1.2 1
0 -1.39462503169126 3.135059813893495 0.35 0.35 1.2 1
0 3.141592653589793 0.8893762565626024 0.35 0.35 1.2 1
0 -3.141592653589793 1.0348078470193864 0.35 0.35 1.2 1
0 -3.141592653589793 -3.141592653589793 0.35 0.35 1.2 1
0 -3.141592653589793 -0.4349032251247036 0.35 0.35 1.2 1
0 -0.6581191205764689 -0.4879715642971183 0.35 0.35 1.2 1
0 -1.247999581785905 3.141592653589793 0.35 0.35 1.2 1
0 -0.2974735540505209 1.3130289265049828 0.35 0.35 1.2 1
0 1.0260627539491713 -1.8326541086885602 0.35 0.35 1.2 1
0 0.668594366402308 2.4753828101712756 0.35 0.35 1.2 1
0 2.0795116061453056 3.0848350763555477 0.35 0.35 1.2 1
0 -3.141592653589793 -0.3800531540899619 0.35 0.35 1.2 1
0 -0.29578833618670797 -0.4404373664093313 0.35 0.35 1.2 1
0 3.0270804846006873 3.141592653589793 0.35 0.35 1.2 1
0 -3.141592653589793 3.141592653589793 0.35 0.35 1.2 1
0 -2.05439110825061 3.141592653589793 0.35 0.35 1.2 1
0 -3.141592653589793 3.141592653589793 0.35 0.35 1.2 1
0 -3.141592653589793 3.002162943477365 0.35 0.35 1.2 1
0 -2.703355807538842 1.4267066913455955 0.35 0.35 1.2 1
0 -3.141592653589793 3.141592653589793 0.35 0.35 1.2 1
0 -3.141592653589793 1.208534290132323 0.35 0.35 1.2 1
0 0.9831865865018983 -1.5534307464654593 0.35 0.35 1.2 1
0 0.0868804883269807 3.141592653589793 0.35 0.35 1.2 1
0 -3.141592653589793 3.141592653589793 0.35 0.35 1.2 1
0 -3.141592653589793 0.7807737225611682 0.35 0.35 1.2 1
0 -2.8659444435424093 3.141592653589793 0.35 0.35 1.2 1
0 -3.141592653589793 3.141592653589793 0.35 0.35 1.2 1
0 -2.799838890191401 3.141592653589793 0.35 0.35 1.2 1
0 -0.2520823375643493 3.141592653589793 0.35 0.35 1.2 1
0 -3.141592653589793 -1.2798768927167168 0.35 0.35 1.2 1
0 -1.7508650397763728 3.141592653589793 0.35 0.35 1.2 1
0 -0.5798039895340417 3.141592653589793 0.35 0.35 1.2 1
0 -0.7663288365226877 2.6664506612794776 0.35 0.35 1.2 1
0 -2.9601543930228162 -2.6602928696049712 0.35 0.35 1.2 1
0 -0.8089959587713497 -2.9836224079898255 0.35 0.35 1.2 1
0 1.2383479055440192 -0.2912057815337403 0.35 0.35 1.2 1
0 -1.819186114670015 2.4640383628879308 0.35 0.35 1.2 1
0 -2.78729355413554 0.9763358663545801 0.35 0.35 1.2 1
0 -3.141592653589793 -0.49639698417336753 0.35 0.35 1.2 1
0 1.738017788789392 3.141592653589793 0.35 0.35 1.2 1
0 -3.141592653589793 3.141592653589793 0.35 0.35 1.2 1
0 -1.1477324402090134 2.512377694600387 0.35 0.35 1.2 1
0 0.036346030174161825 -1.939311898446959 0.35 0.35 1.2 1
0 -2.668949538237347 3.141592653589793 0.35 0.35 1.2 1
0 -3.141592653589793 -1.931440950449062 0.35 0.35 1.2 1
0 -3.141592653589793 -0.34375423885646605 0.35 0.35 1.2 1
0 -3.141592653589793 -0.04641936684249637 0.35 0.35 1.2 1
0 -2.4625130455139788 1.7248870981660778 0.35 0.35 1.2 1
0 -3.141592653589793 3.141592653589793 0.35 0.35 1.2 1
0 -3.089326685174692 3.141592653589793 0.35 0.35 1.2 1
0 -1.758279553222601 3.141592653589793 0.35 0.35 1.2 1
0 -0.7406837203716965 3.141592653589793 0.35 0.35 1.2 1
0 -3.141592653589793 0.0509147298688295 0.35 0.35 1.2 1
0 0.06949555179230238 1.6625103383296786 0.35 0.35 1.2 1
0 1.5676996025590324 1.1922252567529834 0.35 0.35 1.2 1
0 -3.141592653589793 3.141592653589793 0.35 0.35 1.2 1
0 -2.5112079159356337 3.141592653589793 0.35 0.35 1.2 1
0 -1.0969234003465005 0.8408021663323142 0.35 0.35 1.2 1
0 -1.2067545422909756 -3.141592653589793 0.35 0.35 1.2 1
0 -3.141592653589793 3.141592653589793 0.35 0.35 1.2 1
0 2.9962226907716776 3.009242657522651 0.35 0.35 1.2 1
0 -3.141592653589793 3.141592653589793 0.35 0.35 1.2 1
0 -1.1928711180613454 -3.141592653589793 0.35 0.35 1.2 1
0 -0.35685258670860587 -0.903641126750351 0.35 0.35 1.2 1
0 -3.141592653589793 2.717649477789662 0.35 0.35 1.2 1
0 -3.141592653589793 0.6902248540776486 0.35 0.35 1.2 1
0 -3.141592653589793 -2.632369021079996 0.35 0.35 1.2 1
0 -3.141592653589793 3.141592653589793 0.35 0.35 1.2 1
0 -3.141592653589793 -3.141592653589793 0.35 0.35 1.2 1
0 0.4000508806823151 -3.141592653589793 0.35 0.35 1.2 1
0 1.002038403163205 0.4060899368976496 0.35 0.35 1.2 1
0 0.3071009133788356 1.4313824171196707 0.35 0.35 1.2 1
0 -3.141592653589793 3.141592653589793 0.35 0.35 1.2 1
0 -3.141592653589793 3.141592653589793 0.35 0.35 1.2 1
0 -2.77803905785952 3.141592653589793 0.35 0.35 1.2 1
0 -1.6395894205660606 0.2512625221241618 0.35 0.35 1.2 1
0 -3.141592653589793 2.048098913526453 0.35 0.35 1.2 1
0 -1.7394389079064687 0.10076621522784701 0.35 0.35 1.2 1
0 -1.2182361274113207 -1.6226620723898049 0.35 0.35 1.2 1
0 -1.451372958231658 -0.6774944332614021 0.35 0.35 1.2 1
0 -0.7576402258645988 -3.0525707458686675 0.35 0.35 1.2 1
0 -0.18641864484447002 3.141592653589793 0.35 0.35 1.2 1
0 -2.23038934296503 2.903901420747281 0.35 0.35 1.2 1
0 -1.095801290600407 0.3209237558957787 0.35 0.35 1.2 1
0 -3.141592653589793 2.1846423569092503 0.35 0.35 1.2 1
0 0.036972430982613824 0.11459498159974202 0.35 0.35 1.2 1
0 -3.141592653589793 -1.8087177650839967 0.35 0.35 1.2 1
0 1.4763427272050202 -1.3169830906693423 0.35 0.35 1.2 1
0 -0.6547241676544452 -3.141592653589793 0.35 0.35 1.2 1
0 -3.141592653589793 0.9840455065828255 0.35 0.35 1.2 1
0 -3.141592653589793 -1.7934006648552545 0.35 0.35 1.2 1
0 -0.7179021586780211 1.1236908321423473 0.35 0.35 1.2 1
0 -1.39401024461498 -0.0994503126508961 0.35 0.35 1.2 1
0 2.893709688013197 -3.141592653589793 0.35 0.35 1.2 1
0 -0.5864470410728819 3.141592653589793 0.35 0.35 1.2 1
0 -3.141592653589793 -0.3681760030305461 0.35 0.35 1.2 1
0 3.141592653589793 3.141592653589793 0.35 0.35 1.2 1
0 0.6754839706963212 -0.2036235166925855 0.35 0.35 1.2 1
0 0.2179312079175959 0.941593800511801 0.35 0.35 1.2 1
0 -1.2385026530379024 -3.141592653589793 0.35 0.35 1.2 1
0 2.19795255192554 -3.141592653589793 0.35 0.35 1.2 1
0 -3.141592653589793 3.141592653589793 0.35 0.35 1.2 1
0 -3.141592653589793 -0.813304005537018 0.35 0.35 1.2 1
0 -1.7761630343619008 1.9964224844817358 0.35 0.35 1.2 1
0 -0.791826564490733 -0.06345232872997197 0.35 0.35 1.2 1
0 -3.141592653589793 -0.805443180009696 0.35 0.35 1.2 1
0 1.5742413520344443 -1.5347521863885336 0.35 0.35 1.2 1
0 3.141592653589793 3.141592653589793 0.35 0.35 1.2 1
0 0.39591933530487 2.8685135251207967 0.35 0.35 1.2 1
0 2.422558687495452 3.141592653589793 0.35 0.35 1.2 1
0 -2.4976903922609184 -1.4560070187229357 0.35 0.35 1.2 1
0 1.6735828764402025 0.8470100594566055 0.35 0.35 1.2 1
0 -0.20513084323492592 0.4378258557906285 0.35 0.35 1.2 1
0 1.1734606561985228 1.255835755824372 0.35 0.35 1.2 1
0 -3.141592653589793 0.4528903079588287 0.35 0.35 1.2 1
0 -2.458412320004734 -1.313817038142826 0.35 0.35 1.2 1
0 -1.3380771003995822 2.4074313936392455 0.35 0.35 1.2 1
0 -3.141592653589793 -3.141592653589793 0.35 0.35 1.2 1
0 -1.3360381758408957 3.141592653589793 0.35 0.35 1.2 1
0 -2.2628801930538867 -3.141592653589793 0.35 0.35 1.2 1
0 0.44561467068078353 2.6273906996434846 0.35 0.35 1.2 1
0 1.777176723584699 3.141592653589793 0.35 0.35 1.2 1
0 -0.7752377338182055 0.37596587967721873 0.35 0.35 1.2 1
0 -0.09108860156579901 -1.2817390910270334 0.35 0.35 1.2 1
0 -3.141592653589793 3.141592653589793 0.35 0.35 1.2 1
0 -0.883141588108995 2.6396675702848964 0.35 0.35 1.2 1
0 -3.141592653589793 0.9523451089065882 0.35 0.35 1.2 1
0 -0.05400955305649369 -1.4371195905229253 0.35 0.35 1.2 1
0 -3.141592653589793 3.141592653589793 0.35 0.35 1.2 1
0 -3.141592653589793 3.141592653589793 0.35 0.35 1.2 1
0 -3.141592653589793 3.141592653589793 0.35 0.35 1.2 1
0 2.907275031954348 3.141592653589793 0.35 0.35 1.2 1
0 1.3766339004387877 0.556127347226102 0.35 0.35 1.2 1
0 1.217193479120722 -0.5318245349857329 0.35 0.35 1.2 1
0 -1.7474219101048845 2.859919117482262 0.35 0.35 1.2 1
0 -2.808684353213155 -0.08143868088458883 0.35 0.35 1.2 1
0 0.6353414249035916 1.417485109696042 0.35 0.35 1.2 1
0 3.141592653589793 3.141592653589793 0.35 0.35 1.2 1
0 -2.80900410226082 3.141592653589793 0.35 0.35 1.2 1
0 -3.141592653589793 -3.040542992344096 0.35 0.35 1.2 1
0 -3.141592653589793 -3.141592653589793 0.35 0.35 1.2 1
0 -3.141592653589793 1.182029059986214 0.35 0.35 1.2 1
0 -3.141592653589793 3.141592653589793 0.35 0.35 1.2 1
0 -1.533775093285297 -2.0320867016463025 0.35 0.35 1.2 1
0 3.0348051989410445 2.0963259174560545 0.35 0.35 1.2 1
0 3.141592653589793 3.141592653589793 0.35 0.35 1.2 1
0 -3.141592653589793 0.6349037420959207 0.35 0.35 1.2 1
0 0.4297238757952575 0.27673385892822 0.35 0.35 1.2 1
0 1.051134023271884 2.014041388697285 0.35 0.35 1.2 1
0 3.141592653589793 -1.0650433387297564 0.35 0.35 1.2 1
0 1.5627333976908482 3.141592653589793 0.35 0.35 1.2 1
0 -1.0081160288446114 3.141592653589793 0.35 0.35 1.2 1
0 -1.767268878881974 -3.141592653589793 0.35 0.35 1.2 1
0 -2.861633395681792 1.3645307905632977 0.35 0.35 1.2 1
0 -3.141592653589793 -0.8661271014920024 0.35 0.35 1.2 1
0 2.828506930211061 -2.0009598475677484 0.35 0.35 1.2 1
0 -3.141592653589793 -1.0700934473959198 0.35 0.35 1.2 1
0 -1.8997968601987365 3.141592653589793 0.35 0.35 1.2 1
0 -3.141592653589793 -1.126405014883904 0.35 0.35 1.2 1
0 -2.1514422468887338 -1.6847149268876547 0.35 0.35 1.2 1
0 -0.30146452006939395 -3.141592653589793 0.35 0.35 1.2 1
0 -3.141592653589793 -1.4500535652843074 0.35 0.35 1.2 1
0 0.5921472087613704 3.141592653589793 0.35 0.35 1.2 1
0 -3.141592653589793 -2.6503309929197116 0.35 0.35 1.2 1
0 -3.141592653589793 1.4482404005102973 0.35 0.35 1.2 1
0 1.4437009848077296 2.7473689866841626 0.35 0.35 1.2 1
0 -0.21008882900289372 -3.141592653589793 0.35 0.35 1.2 1
0 -0.6445295822192708 0.8121441406579244 0.35 0.35 1.2 1
0 -1.576063682140254 2.4097108742346975 0.35 0.35 1.2 1
0 -0.12168260969320621 0.750121400102195 0.35 0.35 1.2 1
0 -2.391231699692237 2.3720897349581573 0.35 0.35 1.2 1
0 -3.141592653589793 1.5298236133501686 0.35 0.35 1.2 1
0 1.7669791787517022 -0.8360313380847093 0.35 0.35 1.2 1
0 -3.141592653589793 0.011600216293930377 0.35 0.35 1.2 1
0 -0.5959200360380199 -0.639382636882543 0.35 0.35 1.2 1
0 2.2886324089727657 1.1730304514837018 0.35 0.35 1.2 1
0 1.269494087480821 3.141592653589793 0.35 0.35 1.2 1
0 2.1868150131766164 -0.14805466566224323 0.35 0.35 1.2 1
0 -2.805884805524355 3.141592653589793 0.35 0.35 1.2 1
0 -3.141592653589793 1.1651899392682594 0.35 0.35 1.2 1
0 1.479622294647123 3.141592653589793 0.35 0.35 1.2 1
0 -3.141592653589793 -3.141592653589793 0.35 0.35 1.2 1
0 -0.4458425736992835 -0.21330697285311473 0.35 0.35 1.2 1
0 -3.141592653589793 3.141592653589793 0.35 0.35 1.2 1
0 -3.141592653589793 2.4557992171039493 0.35 0.35 1.2 1
0 -1.5808448433480113 2.98782013560011 0.35 0.35 1.2 1
0 -3.141592653589793 -1.5809322069214007 0.35 0.35 1.2 1
0 0.3338971741857779 1.3020319492663377 0.35 0.35 1.2 1
0 2.6247711235905182 1.1171692967413513 0.35 0.35 1.2 1
0 -2.2675104533747836 -0.9714293911591239 0.35 0.35 1.2 1
0 3.141592653589793 0.8097173796982554 0.35 0.35 1.2 1
0 -3.141592653589793 3.141592653589793 0.35 0.35 1.2 1
0 -1.5510525033910822 -1.8249609577436794 0.35 0.35 1.2 1
0 -1.3525896215879674 -3.0119583356856117 0.35 0.35 1.2 1
0 -3.141592653589793 3.141592653589793 0.35 0.35 1.2 1
0 1.3140272872376697 0.19083266547112965 0.35 0.35 1.2 1
0 -0.9459104249456618 2.0144213280461427 0.35 0.35 1.2 1
0 1.0740479427395486 3.052310093565332 0.35 0.35 1.2 1
0 -3.141592653589793 -2.5577305512108848 0.35 0.35 1.2 1
0 -0.4543574078629069 2.839714853089193 0.35 0.35 1.2 1
0 -3.141592653589793 0.20913602279978893 0.35 0.35 1.2 1
0 -0.5688548674826108 3.141592653589793 0.35 0.35 1.2 1
0 -0.5616727542369391 -2.723884242410594 0.35 0.35 1.2 1
0 0.9819785939094487 -3.141592653589793 0.35 0.35 1.2 1
0 -1.0666085787212998 1.3664705527356054 0.35 0.35 1.2 1
0 0.2642273310658607 3.141592653589793 0.35 0.35 1.2 1
0 -1.6571671071323477 -0.8552971088115098 0.35 0.35 1.2 1
0 -2.8249152630175383 1.6249451125813994 0.35 0.35 1.2 1
0 -1.391958903249086 -1.9236820382414064 0.35 0.35 1.2 1
0 -2.539973400057032 1.9590519720417099 0.35 0.35 1.2 1
0 -2.1623688658056723 -2.675147071669221 0.35 0.35 1.2 1
0 -1.7563609057030896 3.141592653589793 0.35 0.35 1.2 1
0 1.4458489355054691 3.053339125920342 0.35 0.35 1.2 1
0 -0.8054241043789621 -3.141592653589793 0.35 0.35 1.2 1
0 -0.6324925772973135 -3.141592653589793 0.35 0.35 1.2 1
0 -3.141592653589793 -3.141592653589793 0.35 0.35 1.2 1
0 -3.141592653589793 -1.6612323708171761 0.35 0.35 1.2 1
0 -3.141592653589793 0.6881762359869485 0.35 0.35 1.2 1
0 1.8761109429933043 -2.606534724889416 0.35 0.35 1.2 1
0 -3.141592653589793 2.5781467702391865 0.35 0.35 1.2 1
0 3.141592653589793 3.141592653589793 0.35 0.35 1.2 1
0 -1.2118207253669162 3.141592653589793 0.35 0.35 1.2 1
0 -3.141592653589793 0.13917309013685308 0.35 0.35 1.2 1
0 -3.141592653589793 -3.0509402091854243 0.35 0.35 1.2 1
0 1.5806803210977798 1.5158982661098255 0.35 0.35 1.2 1
0 -1.1204331622078207 -2.828056450043446 0.35 0.35 1.2 1
0 0.919478209375167 -1.3652493450251715 0.35 0.35 1.2 1
0 -1.2134544194769785 -2.0114002983330854 0.35 0.35 1.2 1
0 1.0635433460839752 -2.282839041295189 0.35 0.35 1.2 1
0 3.141592653589793 -1.0637309608627619 0.35 0.35 1.2 1
0 -2.0706500506832084 -1.5815313892336937 0.35 0.35 1.2 1
0 1.6809653454078346 3.141592653589793 0.35 0.35 1.2 1
0 -0.0936060581131839 0.4329534947839573 0.35 0.35 1.2 1
0 2.008252884665211 1.1997504325774384 0.35 0.35 1.2 1
0 -3.141592653589793 3.0593880267530382 0.35 0.35 1.2 1
0 -3.141592653589793 1.7657145457421886 0.35 0.35 1.2 1
0 -3.141592653589793 3.141592653589793 0.35 0.35 1.2 1
0 -3.141592653589793 3.141592653589793 0.35 0.35 1.2 1
0 2.217151776000205 3.141592653589793 0.35 0.35 1.2 1
0 3.141592653589793 -0.09294228086318457 0.35 0.35 1.2 1
0 3.141592653589793 -3.141592653589793 0.35 0.35 1.2 1
0 -3.141592653589793 0.7175331075075193 0.35 0.35 1.2 1
0 -1.925201294403214 3.141592653589793 0.35 0.35 1.2 1
0 3.141592653589793 0.8935142713564204 0.35 0.35 1.2 1
0 -2.0283090092739195 -0.9028683625959828 0.35 0.35 1.2 1
0 -0.8439544344879277 3.141592653589793 0.35 0.35 1.2 1
0 -1.545315149683923 1.5528181753260593 0.35 0.35 1.2 1
0 -2.0086000187223947 1.1128006520200744 0.35 0.35 1.2 1
0 1.33225726168164 0.07212961335809176 0.35 0.35 1.2 1
0 3.141592653589793 0.6512634580225174 0.35 0.35 1.2 1
0 -0.09399275314635513 2.1403268833758915 0.35 0.35 1.2 1
0 -3.141592653589793 0.1861386065297932 0.35 0.35 1.2 1
0 1.92050506134335 3.141592653589793 0.35 0.35 1.2 1
