#! FIELDS time phi psi sigma_phi sigma_psi height biasf
                        #! SET multivariate false
                        #! SET kerneltype stretched-gaussian
                        #! SET min_phi -pi
                        #! SET max_phi pi
                        #! SET min_psi -pi
                        #! SET max_psi pi
0 0.12099462195082471 -0.2252457321255559 0.35 0.35 1.2 1
0 -3.141592653589793 0.6507719273788476 0.35 0.35 1.2 1
0 3.141592653589793 3.141592653589793 0.35 0.35 1.2 1
0 1.4529897602249655 -1.1676095505140953 0.35 0.35 1.2 1
0 -2.8309652036743853 2.2574959553760507 0.35 0.35 1.2 1
0 3.141592653589793 -0.37779900857444004 0.35 0.35 1.2 1
0 -2.9837523074551124 -0.734850231373675 0.35 0.35 1.2 1
0 0.5693141707636937 1.3041861596784519 0.35 0.35 1.2 1
0 3.141592653589793 -0.12721065093141515 0.35 0.35 1.2 1
0 -2.4407207329485026 3.141592653589793 0.35 0.35 1.2 1
0 0.6197393946782359 0.9360225231476049 0.35 0.35 1.2 1
0 -0.8743499366105163 0.05710568741149458 0.35 0.35 1.2 1
0 1.0593871196491844 -3.141592653589793 0.35 0.35 1.2 1
0 0.19511715770326887 0.4917192258992018 0.35 0.35 1.2 1
0 -2.3958006768127698 -1.2107146187069562 0.35 0.35 1.2 1
0 -1.251577478023251 -2.921723575420203 0.35 0.35 1.2 1
0 2.5727330888051414 3.141592653589793 0.35 0.35 1.2 1
0 -3.141592653589793 -1.3533038134100916 0.35 0.35 1.2 1
0 -3.141592653589793 -0.6428009207704104 0.35 0.35 1.2 1
0 -1.1873124721891513 -2.701765863733213 0.35 0.35 1.2 1
0 1.4147116761841465 1.782647661871408 0.35 0.35 1.2 1
0 2.8063642734648666 -2.6693181396876335 0.35 0.35 1.2 1
0 1.0179221343226559 0.40618677024325156 0.35 0.35 1.2 1
0 -1.8295112573767403 -3.141592653589793 0.35 0.35 1.2 1
0 1.0723312672368217 -2.5611107441182916 0.35 0.35 1.2 1
0 0.09830412700316629 -2.6503692561793666 0.35 0.35 1.2 1
0 1.0889734394555475 -3.141592653589793 0.35 0.35 1.2 1
0 -3.141592653589793 0.5459240119145463 0.35 0.35 1.2 1
0 -3.141592653589793 1.5167169209654028 0.35 0.35 1.2 1
0 -1.6108415223524533 2.618567538489365 0.35 0.35 1.2 1
0 1.5552526597812133 1.7645999655666373 0.35 0.35 1.2 1
0 1.2449925224655276 3.141592653589793 0.35 0.35 1.2 1
0 1.7140371250341593 0.904720218982777 0.35 0.35 1.2 1
0 2.0106008434795957 -3.141592653589793 0.35 0.35 1.2 1
0 -0.595112341542156 2.1848382741223014 0.35 0.35 1.2 1
0 1.3726551338174495 -3.141592653589793 0.35 0.35 1.2 1
0 2.203434293094769 -2.1143722747502167 0.35 0.35 1.2 1
0 -2.373525609478476 1.157970427161312 0.35 0.35 1.2 1
0 -0.40759092238090616 0.7580526221630756 0.35 0.35 1.2 1
0 0.769392160413553 2.4769070264764297 0.35 0.35 1.2 1
0 2.450323999377007 -2.572331433319245 0.35 0.35 1.2 1
0 2.2226461554927193 0.15399882926319308 0.35 0.35 1.2 1
0 2.6174874016786163 3.141592653589793 0.35 0.35 1.2 1
0 1.84740893514215 0.8606301321914088 0.35 0.35 1.2 1
0 0.6317106321827117 2.7099072515745997 0.35 0.35 1.2 1
0 1.3976509774082295 0.09351120282661984 0.35 0.35 1.2 1
0 -3.141592653589793 1.4527887540901716 0.35 0.35 1.2 1
0 -0.6014084772246113 -0.3540441906985 0.35 0.35 1.2 1
0 1.713260026071553 -3.141592653589793 0.35 0.35 1.2 1
0 2.5661491550279374 1.4377165871678872 0.35 0.35 1.2 1
0 0.06906384435308754 0.9603462795652034 0.35 0.35 1.2 1
0 1.6999796564365808 -2.5795088891225326 0.35 0.35 1.2 1
0 0.4929470311217209 -2.7788466031417145 0.35 0.35 1.2 1
0 1.2193239020567979 -0.0052252528415701605 0.35 0.35 1.2 1
0 0.3907223670113549 2.106820578232164 0.35 0.35 1.2 1
0 0.47519975030544814 -3.141592653589793 0.35 0.35 1.2 1
0 -0.41532496159715965 2.7375406115249095 0.35 0.35 1.2 1
0 0.13227408962424803 -0.1173626119201967 0.35 0.35 1.2 1
0 2.796820245879219 0.24480751176394255 0.35 0.35 1.2 1
0 -3.141592653589793 -0.07599510670468002 0.35 0.35 1.2 1
0 2.836429287566957 -1.0623642910595945 0.35 0.35 1.2 1
0 -0.18843172896049298 0.9732572059109341 0.35 0.35 1.2 1
0 1.7090926850909485 -0.8603433826468602 0.35 0.35 1.2 1
0 2.252610748979883 -0.4896174875857824 0.35 0.35 1.2 1
0 0.5504546062639287 0.14169738910928126 0.35 0.35 1.2 1
0 1.9560871455112556 3.141592653589793 0.35 0.35 1.2 1
0 -0.3359721998223896 -0.3496095691382375 0.35 0.35 1.2 1
0 3.141592653589793 0.21788397561875972 0.35 0.35 1.2 1
0 -0.7504487709442742 1.8366587002866634 0.35 0.35 1.2 1
0 -3.141592653589793 3.141592653589793 0.35 0.35 1.2 1
0 -1.0070162386037036 0.38283748086880354 0.35 0.35 1.2 1
0 -1.5809394097010798 -3.141592653589793 0.35 0.35 1.2 1
0 -0.5080143195482216 -3.141592653589793 0.35 0.35 1.2 1
0 -1.196756484782201 0.08647835496729275 0.35 0.35 1.2 1
0 2.5935062020347797 -1.402423239884465 0.35 0.35 1.2 1
0 -2.3383106771529385 -3.141592653589793 0.35 0.35 1.2 1
0 2.009162360714846 0.12925249172442044 0.35 0.35 1.2 1
0 1.6449352965899269 -0.4634596521088458 0.35 0.35 1.2 1
0 -0.9295317506720837 -0.09275922738177766 0.35 0.35 1.2 1
0 -2.5534688362676734 3.141592653589793 0.35 0.35 1.2 1
0 -3.141592653589793 -3.141592653589793 0.35 0.35 1.2 1
0 -0.8923428094082413 -3.141592653589793 0.35 0.35 1.2 1
0 0.3120923142387234 1.2729960235183742 0.35 0.35 1.2 1
0 1.3026850148638829 1.5296087725965892 0.35 0.35 1.2 1
0 -1.1036149791637615 1.1704879895966747 0.35 0.35 1.2 1
0 -0.7214662142923067 -0.4459155869822424 0.35 0.35 1.2 1
0 -2.478791191347811 3.141592653589793 0.35 0.35 1.2 1
0 -2.736144352497875 0.5070347524834192 0.35 0.35 1.2 1
0 0.8598770708366109 -1.9238531352661208 0.35 0.35 1.2 1
0 -3.141592653589793 -1.1716200366095588 0.35 0.35 1.2 1
0 0.3588010079906143 -3.141592653589793 0.35 0.35 1.2 1
0 -2.3835636188102622 0.6691084186993672 0.35 0.35 1.2 1
0 0.6831258064953496 3.141592653589793 0.35 0.35 1.2 1
0 -3.141592653589793 0.043898973275285635 0.35 0.35 1.2 1
0 -0.8801458506904293 0.5801328780375063 0.35 0.35 1.2 1
0 2.86820951972845 0.4089538110647257 0.35 0.35 1.2 1
0 -1.2975887962384811 -3.141592653589793 0.35 0.35 1.2 1
0 0.7694714424316033 -3.141592653589793 0.35 0.35 1.2 1
0 1.0721367694566486 3.141592653589793 0.35 0.35 1.2 1
0 0.8996109257185175 3.141592653589793 0.35 0.35 1.2 1
0 1.5910503503863307 -0.021575427638698796 0.35 0.35 1.2 1
0 1.3532827558092033 -0.2351716699839062 0.35 0.35 1.2 1
0 3.141592653589793 -2.3965247204216062 0.35 0.35 1.2 1
0 -3.141592653589793 -3.141592653589793 0.35 0.35 1.2 1
0 -2.0898923500574087 1.0438639081616177 0.35 0.35 1.2 1
0 -3.141592653589793 2.7100396039815684 0.35 0.35 1.2 1
0 1.1316033801944667 2.8163858479800528 0.35 0.35 1.2 1
0 2.6098707938018246 0.21383772946242008 0.35 0.35 1.2 1
0 3.141592653589793 1.3240965951767945 0.35 0.35 1.2 1
0 0.5889489295915155 0.6165766976163275 0.35 0.35 1.2 1
0 -3.141592653589793 2.454935442846943 0.35 0.35 1.2 1
0 1.123797808380313 3.047492314395812 0.35 0.35 1.2 1
0 -2.6656396806246554 -2.3772126237902973 0.35 0.35 1.2 1
0 -2.335198174806426 -2.071084001064408 0.35 0.35 1.2 1
0 -0.3604689668755356 1.3493941355609458 0.35 0.35 1.2 1
0 -3.141592653589793 -1.2231061779520545 0.35 0.35 1.2 1
0 -2.8242209542452437 3.0533856222743747 0.35 0.35 1.2 1
0 1.7613035594031405 -1.1362911330045946 0.35 0.35 1.2 1
0 0.5773049531773748 3.141592653589793 0.35 0.35 1.2 1
0 0.44390142170595603 -0.8583317314588993 0.35 0.35 1.2 1
0 0.9005711335171359 -1.4454134790406905 0.35 0.35 1.2 1
0 1.8889137867528076 -1.774665026615044 0.35 0.35 1.2 1
0 2.3190933589903997 1.906722830708227 0.35 0.35 1.2 1
0 2.6016145594117424 -0.44770249415988417 0.35 0.35 1.2 1
0 -3.141592653589793 1.9561148617960225 0.35 0.35 1.2 1
0 -0.6873564415413735 -3.141592653589793 0.35 0.35 1.2 1
0 -0.6181531401987334 -0.2922242424925928 0.35 0.35 1.2 1
0 -1.9978619691111765 2.1355699430185804 0.35 0.35 1.2 1
0 0.9935538708047152 -1.392868089576736 0.35 0.35 1.2 1
0 1.8124260297948547 3.141592653589793 0.35 0.35 1.2 1
0 -1.5837566537033556 2.9741759189963854 0.35 0.35 1.2 1
0 -3.0523589075933657 3.141592653589793 0.35 0.35 1.2 1
0 2.81106483953356 2.0362662078504536 0.35 0.35 1.2 1
0 -0.19367234867469832 0.08646411424190847 0.35 0.35 1.2 1
0 -2.752146183395804 -2.452697592017375 0.35 0.35 1.2 1
0 -0.3319472078133777 3.141592653589793 0.35 0.35 1.2 1
0 0.9801072134145089 -0.5228518300459633 0.35 0.35 1.2 1
0 0.39426916052686944 0.6585257697129205 0.35 0.35 1.2 1
0 3.141592653589793 -0.5054457336521117 0.35 0.35 1.2 1
0 -0.20886997786127326 -2.7201027849194808 0.35 0.35 1.2 1
0 3.141592653589793 -1.4288898459731982 0.35 0.35 1.2 1
0 -3.141592653589793 1.409293759483064 0.35 0.35 1.2 1
0 -3.141592653589793 -3.1363688630668634 0.35 0.35 1.2 1
0 1.6909789513171634 -2.535608076306902 0.35 0.35 1.2 1
0 1.550865006761833 3.141592653589793 0.35 0.35 1.2 1
0 1.7439667599364705 1.7367582075613799 0.35 0.35 1.2 1
0 3.141592653589793 2.7128624067446143 0.35 0.35 1.2 1
0 0.8813409033426 2.3841192455323994 0.35 0.35 1.2 1
0 -0.9631451816128447 -3.141592653589793 0.35 0.35 1.2 1
0 -1.1199903489428953 1.9051542116733549 0.35 0.35 1.2 1
0 1.8137963218046376 2.2281059489873325 0.35 0.35 1.2 1
0 -0.5805087877785158 0.2887465121282103 0.35 0.35 1.2 1
0 -2.1273538642474428 -0.4451121922836565 0.35 0.35 1.2 1
0 1.202158297597439 -0.43813373970896174 0.35 0.35 1.2 1
0 -2.235083880688289 -0.42948472925561254 0.35 0.35 1.2 1
0 0.9566622734180833 -3.141592653589793 0.35 0.35 1.2 1
0 3.141592653589793 -3.141592653589793 0.35 0.35 1.2 1
0 1.5699240456818633 2.6785846580811725 0.35 0.35 1.2 1
0 -3.141592653589793 -1.2041146338114435 0.35 0.35 1.2 1
0 1.183964849067125 -2.7050549267685264 0.35 0.35 1.2 1
0 0.1858315454299848 3.141592653589793 0.35 0.35 1.2 1
0 -3.141592653589793 -3.141592653589793 0.35 0.35 1.2 1
0 3.141592653589793 0.9228399164669484 0.35 0.35 1.2 1
0 0.6877380047141399 -0.02791329769323192 0.35 0.35 1.2 1
0 2.5151984967445133 1.1493238906510892 0.35 0.35 1.2 1
0 -0.26090025622196056 -3.141592653589793 0.35 0.35 1.2 1
0 -0.9446327602731386 -3.141592653589793 0.35 0.35 1.2 1
0 0.9792607443675354 -1.1700654352530178 0.35 0.35 1.2 1
0 -2.424431120302315 -1.259305026609892 0.35 0.35 1.2 1
0 -3.141592653589793 -3.141592653589793 0.35 0.35 1.2 1
0 -2.1224468568609556 2.2733852748673637 0.35 0.35 1.2 1
0 0.06540598994864733 -0.6212129313834751 0.35 0.35 1.2 1
0 -0.5653142895063168 0.0883083522485213 0.35 0.35 1.2 1
0 -1.24033908026502 1.4396381900436224 0.35 0.35 1.2 1
0 2.3921505574225765 -1.9602804030399832 0.35 0.35 1.2 1
0 1.253550684971244 3.141592653589793 0.35 0.35 1.2 1
0 -0.6243673083902971 -2.1325289764152906 0.35 0.35 1.2 1
0 0.0011963054234725434 -2.0011717802756364 0.35 0.35 1.2 1
0 -3.141592653589793 -1.5818557150869037 0.35 0.35 1.2 1
0 -3.141592653589793 1.4144884047398922 0.35 0.35 1.2 1
0 -3.141592653589793 3.141592653589793 0.35 0.35 1.2 1
0 0.9493780271284277 -0.5195482397591021 0.35 0.35 1.2 1
0 0.6727760202665247 -3.141592653589793 0.35 0.35 1.2 1
0 -0.506661695891231 1.6705719817693554 0.35 0.35 1.2 1
0 -1.1084652267050235 0.4448352721339053 0.35 0.35 1.2 1
0 0.5150478164285822 -3.141592653589793 0.35 0.35 1.2 1
0 0.044702425540208646 -3.141592653589793 0.35 0.35 1.2 1
0 1.561875153321219 -3.141592653589793 0.35 0.35 1.2 1
0 0.23531769054119467 3.141592653589793 0.35 0.35 1.2 1
0 0.9371734667479191 -0.9834450745471056 0.35 0.35 1.2 1
0 2.7475380903234705 3.141592653589793 0.35 0.35 1.2 1
0 0.844563968589226 1.7481210195821522 0.35 0.35 1.2 1
0 -2.2631151147326563 -1.9586248725619844 0.35 0.35 1.2 1
0 0.3572024562310264 0.7591164804312492 0.35 0.35 1.2 1
0 -0.6899456956985943 2.2152513991964335 0.35 0.35 1.2 1
0 -0.469351780436741 1.1748023549753088 0.35 0.35 1.2 1
0 -1.298629697354862 2.827144731949661 0.35 0.35 1.2 1
0 0.6514830489272223 2.0168460161830892 0.35 0.35 1.2 1
0 1.6941132839716189 0.001692685982540798 0.35 0.35 1.2 1
0 -3.141592653589793 -2.0128341520310182 0.35 0.35 1.2 1
0 -0.015991107783778213 2.854066983765154 0.35 0.35 1.2 1
0 1.313901321968327 2.766743180425091 0.35 0.35 1.2 1
0 1.3409586506422944 -1.3709212978756402 0.35 0.35 1.2 1
0 0.23396514572233384 -3.141592653589793 0.35 0.35 1.2 1
0 0.4213366139731526 0.818558113413713 0.35 0.35 1.2 1
0 -1.7670446892167533 1.7013541813743012 0.35 0.35 1.2 1
0 0.8851490845937897 -1.6661660330102872 0.35 0.35 1.2 1
0 -0.34323493917913306 -2.0758713721422852 0.35 0.35 1.2 1
0 -3.141592653589793 1.2997123184250357 0.35 0.35 1.2 1
0 1.8033932682634064 -2.456451363668978 0.35 0.35 1.2 1
0 2.556533021874294 1.013076936230799 0.35 0.35 1.2 1
0 0.2851837187079863 3.0205988947313513 0.35 0.35 1.2 1
0 -3.141592653589793 -2.914645367213656 0.35 0.35 1.2 1
0 -3.141592653589793 -0.35423076517586916 0.35 0.35 1.2 1
0 1.9901258866114062 0.623997997147612 0.35 0.35 1.2 1
0 -0.39042939552488676 3.141592653589793 0.35 0.35 1.2 1
0 1.8199496625004772 0.794065468519159 0.35 0.35 1.2 1
0 -0.9722261990248138 2.0726663606308797 0.35 0.35 1.2 1
0 -2.453197702192022 -1.5680078370776136 0.35 0.35 1.2 1
0 -0.5431872188256286 -3.141592653589793 0.35 0.35 1.2 1
0 -0.038893203082302374 -0.7389064932965549 0.35 0.35 1.2 1
0 -3.141592653589793 3.141592653589793 0.35 0.35 1.2 1
0 3.141592653589793 -1.5561231452385105 0.35 0.35 1.2 1
0 1.0738799465306939 -0.2887106085108234 0.35 0.35 1.2 1
0 3.141592653589793 -1.948561062035342 0.35 0.35 1.2 1
0 1.1741708589019806 3.141592653589793 0.35 0.35 1.2 1
0 0.8035850696047715 1.496690499462664 0.35 0.35 1.2 1
0 -3.141592653589793 1.4626775655438171 0.35 0.35 1.2 1
0 1.359694370993482 2.1048591677834936 0.35 0.35 1.2 1
0 0.07959775786236034 -1.5034399027257388 0.35 0.35 1.2 1
0 1.1512241865288613 -0.35763366831035315 0.35 0.35 1.2 1
0 -3.141592653589793 2.31103512500148 0.35 0.35 1.2 1
0 -2.613246150288754 3.141592653589793 0.35 0.35 1.2 1
0 3.141592653589793 -3.141592653589793 0.35 0.35 1.2 1
0 -2.653249676182772 1.2218049287252444 0.35 0.35 1.2 1
0 0.5754240299735918 -2.6243520794216004 0.35 0.35 1.2 1
0 -2.9149911786389704 -2.7455088636997615 0.35 0.35 1.2 1
0 -0.49681737759760713 -1.6192186052766186 0.35 0.35 1.2 1
0 2.5837410823743467 -0.43609903145590456 0.35 0.35 1.2 1
0 -3.141592653589793 -2.648394240356147 0.35 0.35 1.2 1
0 3.141592653589793 1.522734339549467 0.35 0.35 1.2 1
0 -2.9363467351042667 -0.3889662458872063 0.35 0.35 1.2 1
0 -1.7484229715300321 -0.29627068254386657 0.35 0.35 1.2 1
0 -3.141592653589793 -0.760458778217961 0.35 0.35 1.2 1
0 2.0283224239504385 3.141592653589793 0.35 0.35 1.2 1
0 -2.936698290569081 3.141592653589793 0.35 0.35 1.2 1
0 0.11401292576291255 -3.141592653589793 0.35 0.35 1.2 1
0 3.141592653589793 0.6807281482290003 0.35 0.35 1.2 1
0 3.141592653589793 -2.380601634201966 0.35 0.35 1.2 1
0 -1.5346148120015255 2.671061821740224 0.35 0.35 1.2 1
0 -0.5161916987292297 2.588468825423419 0.35 0.35 1.2 1
0 -0.18854334804034734 0.18932678679513648 0.35 0.35 1.2 1
0 -1.9176016194059486 3.141592653589793 0.35 0.35 1.2 1
0 2.4866779660530702 0.146184843382833 0.35 0.35 1.2 1
0 2.257745978413143 0.4836566676127252 0.35 0.35 1.2 1
0 -1.448912482299576 1.4052933794769369 0.35 0.35 1.2 1
0 -0.3821230095370427 1.3484982172552564 0.35 0.35 1.2 1
0 -0.06568623744354232 -2.2358695916972975 0.35 0.35 1.2 1
0 -1.9938798238282858 3.100272700034663 0.35 0.35 1.2 1
0 -0.3994805246123858 -0.9814657187418907 0.35 0.35 1.2 1
0 -3.141592653589793 -3.141592653589793 0.35 0.35 1.2 1
0 3.141592653589793 -2.280175854870384 0.35 0.35 1.2 1
0 -1.0402733400657016 2.3599811758881515 0.35 0.35 1.2 1
0 0.18642337077670645 -1.2555546558438686 0.35 0.35 1.2 1
0 0.08559773864553588 -1.5689135876634601 0.35 0.35 1.2 1
0 2.209770569692465 1.1130077029530896 0.35 0.35 1.2 1
0 0.3656395865916805 -3.141592653589793 0.35 0.35 1.2 1
0 0.03363631169883197 2.066355170808861 0.35 0.35 1.2 1
0 0.8258048243690956 -1.3985484258002532 0.35 0.35 1.2 1
0 3.141592653589793 -3.141592653589793 0.35 0.35 1.2 1
0 0.031206254699763347 3.141592653589793 0.35 0.35 1.2 1
0 0.1486953006508538 3.141592653589793 0.35 0.35 1.2 1
0 -2.439325925869568 -3.141592653589793 0.35 0.35 1.2 1
0 0.6789146507601453 0.34215831629828664 0.35 0.35 1.2 1
0 -0.8745572477165108 1.0758096689686358 0.35 0.35 1.2 1
0 3.141592653589793 1.232304931583458 0.35 0.35 1.2 1
0 -0.7734532315803135 1.18638742334031 0.35 0.35 1.2 1
0 -1.0764560723550747 -3.141592653589793 0.35 0.35 1.2 1
0 3.141592653589793 0.7547727506695618 0.35 0.35 1.2 1
0 3.141592653589793 -0.03125862032855237 0.35 0.35 1.2 1
0 0.0013349970362812602 0.7750128339308777 0.35 0.35 1.2 1
0 0.8101369312336457 1.717176707881968 0.35 0.35 1.2 1
0 0.2858745728264681 2.821889993120291 0.35 0.35 1.2 1
0 0.16639846573337436 -0.20688155909057282 0.35 0.35 1.2 1
0 -0.26671185727651525 -0.7403298793436495 0.35 0.35 1.2 1
0 1.339203769862507 -3.141592653589793 0.35 0.35 1.2 1
0 3.141592653589793 2.7826270661994568 0.35 0.35 1.2 1
0 -0.7399463482613979 2.518100636714225 0.35 0.35 1.2 1
0 0.8658887400415308 3.141592653589793 0.35 0.35 1.2 1
0 -2.287275915446954 -3.141592653589793 0.35 0.35 1.2 1
0 1.7149001699419106 -0.15824090791197074 0.35 0.35 1.2 1
0 -0.4323463432564203 3.141592653589793 0.35 0.35 1.2 1
0 -1.1478803840455056 -1.4890400252694644 0.35 0.35 1.2 1
0 0.14071386205065262 3.141592653589793 0.35 0.35 1.2 1
0 -1.533669257379398 -1.4483325134109515 0.35 0.35 1.2 1
0 0.16028231588070763 -3.127654116266948 0.35 0.35 1.2 1
0 0.4126074640157411 1.5950735765805755 0.35 0.35 1.2 1
0 0.11901535113667217 1.1271441191933311 0.35 0.35 1.2 1
0 -3.141592653589793 -1.2441637428640147 0.35 0.35 1.2 1
0 -1.171316054436172 -2.2164272739924717 0.35 0.35 1.2 1
0 2.0716690036938568 -1.832088358886574 0.35 0.35 1.2 1
0 -1.7434558276533894 -0.7728414935825321 0.35 0.35 1.2 1
0 0.1939032416337737 -2.6098318231485615 0.35 0.35 1.2 1
0 -1.2125055617075677 1.7798302931157268 0.35 0.35 1.2 1
0 1.797203882109578 1.7036007183948298 0.35 0.35 1.2 1
0 2.417368028375894 0.5482208208396397 0.35 0.35 1.2 1
0 1.857624380617227 1.7928684475238077 0.35 0.35 1.2 1
0 0.35597528438219705 0.3305735557448447 0.35 0.35 1.2 1
0 1.7810853636753028 0.9465374261471813 0.35 0.35 1.2 1
0 1.324047802735943 2.5240916301130945 0.35 0.35 1.2 1
0 -1.3415192200613626 0.40730287917966357 0.35 0.35 1.2 1
0 3.0902919186504585 2.2018994838088783 0.35 0.35 1.2 1
0 1.0027222243439629 -3.141592653589793 0.35 0.35 1.2 1
0 -1.7368086075237081 -0.11694385507552107 0.35 0.35 1.2 1
0 -0.7429949357578067 -0.73790311909579 0.35 0.35 1.2 1
0 2.0451881923352646 -2.201287309338834 0.35 0.35 1.2 1
0 -3.141592653589793 1.1383317379176559 0.35 0.35 1.2 1
0 -1.4466786471399793 -2.4415035856497327 0.35 0.35 1.2 1
0 -0.4256856860587086 3.141592653589793 0.35 0.35 1.2 1
0 3.141592653589793 1.0298918555203735 0.35 0.35 1.2 1
0 3.141592653589793 -3.120155587354887 0.35 0.35 1.2 1
0 -3.141592653589793 -0.22066876140420288 0.35 0.35 1.2 1
0 -0.9747523899655546 -0.09852912576253381 0.35 0.35 1.2 1
0 -1.1973163219246907 -2.9506682419997423 0.35 0.35 1.2 1
0 1.4397447982498555 -1.8017914487467053 0.35 0.35 1.2 1
0 -2.2910245123119517 3.141592653589793 0.35 0.35 1.2 1
0 -1.527966182233539 -1.0284841211853426 0.35 0.35 1.2 1
0 -3.141592653589793 0.31586773948330404 0.35 0.35 1.2 1
0 1.1298159351388706 -1.427280015589704 0.35 0.35 1.2 1
0 0.5738993563580798 -1.6059277973832717 0.35 0.35 1.2 1
0 -1.556734562777003 -0.8360550894462457 0.35 0.35 1.2 1
0 0.11090716860445338 -0.8725510644209468 0.35 0.35 1.2 1
0 -3.141592653589793 -3.141592653589793 0.35 0.35 1.2 1
0 -3.141592653589793 2.361002152905061 0.35 0.35 1.2 1
0 -1.730413146902872 0.010410346848629182 0.35 0.35 1.2 1
0 -1.3404418839240542 -1.0797215603057826 0.35 0.35 1.2 1
0 1.3024501321242064 -0.12163207335396509 0.35 0.35 1.2 1
0 0.7516999725023912 -0.25782232375533565 0.35 0.35 1.2 1
0 0.6380871192928859 -2.627747568222781 0.35 0.35 1.2 1
0 -2.166762218096515 -3.141592653589793 0.35 0.35 1.2 1
0 2.073727154231354 -1.34803623375609 0.35 0.35 1.2 1
0 1.2962060907789503 -2.3406715021292683 0.35 0.35 1.2 1
0 2.204697459490821 1.0187829738241279 0.35 0.35 1.2 1
0 -0.4235373243741902 2.5494389462717866 0.35 0.35 1.2 1
0 -0.47774350825375755 0.08618250712909198 0.35 0.35 1.2 1
0 3.089158597265996 -0.09900348468997644 0.35 0.35 1.2 1
0 3.141592653589793 -0.9321461476481637 0.35 0.35 1.2 1
0 1.4634695129223054 3.141592653589793 0.35 0.35 1.2 1
0 -1.0539601027474865 -1.9846110604882923 0.35 0.35 1.2 1
0 0.8950103050805096 -1.1387573463325065 0.35 0.35 1.2 1
0 3.141592653589793 -0.8788219653879926 0.35 0.35 1.2 1
0 3.141592653589793 0.02178210973535144 0.35 0.35 1.2 1
0 2.7959389859152677 -0.5821157569649573 0.35 0.35 1.2 1
0 -3.141592653589793 -0.47317440621348994 0.35 0.35 1.2 1
0 3.141592653589793 -3.141592653589793 0.35 0.35 1.2 1
0 -1.5519311408384113 2.4095624671472997 0.35 0.35 1.2 1
0 -2.1155810159474773 1.1861027007853635 0.35 0.35 1.2 1
0 3.141592653589793 -2.4856763381827127 0.35 0.35 1.2 1
0 1.606510400452139 -0.2918199974384552 0.35 0.35 1.2 1
0 3.141592653589793 -0.9140829956908055 0.35 0.35 1.2 1
0 3.141592653589793 -3.141592653589793 0.35 0.35 1.2 1
0 -2.781858789388462 -0.1060013621954719 0.35 0.35 1.2 1
0 -2.7618075361598096 1.2223300253863405 0.35 0.35 1.2 1
0 -1.8040898745709968 -3.141592653589793 0.35 0.35 1.2 1
0 -0.24119762942755107 0.3428689457247638 0.35 0.35 1.2 1
0 -0.7862726975155806 3.141592653589793 0.35 0.35 1.2 1
0 -2.4428993182045824 -0.03448999335412206 0.35 0.35 1.2 1
0 3.141592653589793 0.12181562370230647 0.35 0.35 1.2 1
0 0.4337258269168539 0.34686645879000655 0.35 0.35 1.2 1
0 -2.949417728478895 2.5538297038328595 0.35 0.35 1.2 1
0 -1.3316816026402822 0.532765072218393 0.35 0.35 1.2 1
0 -3.141592653589793 0.41865498736324563 0.35 0.35 1.2 1
0 1.1191480614057103 0.20616705058965135 0.35 0.35 1.2 1
0 -2.6693780774981546 -1.849056923201636 0.35 0.35 1.2 1
0 -3.141592653589793 -0.43147345402024084 0.35 0.35 1.2 1
0 0.1467900922523564 -0.6659503213962606 0.35 0.35 1.2 1
0 -3.141592653589793 2.530740041564587 0.35 0.35 1.2 1
0 3.141592653589793 -3.141592653589793 0.35 0.35 1.2 1
0 2.576885397276003 -3.141592653589793 0.35 0.35 1.2 1
0 -2.3045472384276304 -2.2995742623359217 0.35 0.35 1.2 1
0 0.11343885261862718 -0.6510202569304926 0.35 0.35 1.2 1
0 0.22628019951648248 -1.6903872171223522 0.35 0.35 1.2 1
0 -0.6717650642315307 2.2201171923028205 0.35 0.35 1.2 1
0 0.6497062844885324 0.5714286500213603 0.35 0.35 1.2 1
0 1.0008536870886977 -2.893619299874799 0.35 0.35 1.2 1
0 -0.2541235286482711 -3.141592653589793 0.35 0.35 1.2 1
0 -1.7311695283355522 1.5113542685634762 0.35 0.35 1.2 1
0 -2.0967925091090915 -2.1643782702273517 0.35 0.35 1.2 1
0 -0.5205480910422192 1.4062560046385286 0.35 0.35 1.2 1
0 3.141592653589793 3.141592653589793 0.35 0.35 1.2 1
0 1.7223619398833874 -0.5787608304807728 0.35 0.35 1.2 1
0 -2.4863425227304305 0.34667420081349287 0.35 0.35 1.2 1
0 -1.9975205813679922 -2.4822250865683704 0.35 0.35 1.2 1
0 -3.141592653589793 3.077012634333606 0.35 0.35 1.2 1
0 1.9814338129763676 1.6179931830125382 0.35 0.35 1.2 1
0 2.3370905503355557 1.0990755559888976 0.35 0.35 1.2 1
0 -0.9574657636363166 -3.141592653589793 0.35 0.35 1.2 1
0 0.3304991394395538 -0.3860158900385182 0.35 0.35 1.2 1
0 2.375111597245967 2.4462343809770872 0.35 0.35 1.2 1
0 2.339792556508187 0.44954974515564194 0.35 0.35 1.2 1
0 2.7362847613975 0.7703175732392605 0.35 0.35 1.2 1
0 1.3642395104574283 -1.1723661366350382 0.35 0.35 1.2 1
0 1.7504578188521136 3.141592653589793 0.35 0.35 1.2 1
0 1.8718356215379717 3.141592653589793 0.35 0.35 1.2 1
0 1.9753121836406686 -3.141592653589793 0.35 0.35 1.2 1
0 2.329761567315976 -3.141592653589793 0.35 0.35 1.2 1
0 3.141592653589793 2.4463554745981 0.35 0.35 1.2 1
0 -0.43013544487070204 1.2726171608459422 0.35 0.35 1.2 1
0 -3.141592653589793 1.5526552586453635 0.35 0.35 1.2 1
0 -3.141592653589793 1.7018606810109993 0.35 0.35 1.2 1
0 -1.3222713688407857 3.141592653589793 0.35 0.35 1.2 1
0 0.011401747170893074 -3.141592653589793 0.35 0.35 1.2 1
0 -3.068416761242478 -1.8665774732264158 0.35 0.35 1.2 1
0 -2.2374914735892784 -0.07068794305717269 0.35 0.35 1.2 1
0 3.141592653589793 0.7624244489823374 0.35 0.35 1.2 1
0 -0.06587537719935291 0.3868734915068014 0.35 0.35 1.2 1
0 3.141592653589793 3.141592653589793 0.35 0.35 1.2 1
0 -2.829788849940376 -1.088610704615891 0.35 0.35 1.2 1
0 -3.141592653589793 -0.8091927470854028 0.35 0.35 1.2 1
0 3.0802669285695328 -2.008622383921101 0.35 0.35 1.2 1
0 -2.922320567688102 -7.268638266505478e-05 0.35 0.35 1.2 1
0 1.8042007724645344 3.141592653589793 0.35 0.35 1.2 1
0 -0.25105440274896196 3.141592653589793 0.35 0.35 1.2 1
0 -1.2978690552535121 3.0565275089075437 0.35 0.35 1.2 1
0 3.141592653589793 -0.4855886263624435 0.35 0.35 1.2 1
0 -2.2932253031802734 2.9842621379226313 0.35 0.35 1.2 1
0 2.197149661448287 0.6970085565529088 0.35 0.35 1.2 1
0 0.09460568736931081 -1.7378888758065187 0.35 0.35 1.2 1
0 -3.141592653589793 3.141592653589793 0.35 0.35 1.2 1
0 -1.085173058585808 -3.0239711810783634 0.35 0.35 1.2 1
0 2.7714098093500645 -0.9584200942527892 0.35 0.35 1.2 1
0 0.24622886462747245 -0.43536165987650843 0.35 0.35 1.2 1
0 2.279652258135477 -1.9565216426123357 0.35 0.35 1.2 1
0 0.7160470278310236 1.148507769594806 0.35 0.35 1.2 1
0 -1.2326051205601554 -0.9474116208976997 0.35 0.35 1.2 1
0 1.1614973521887924 -3.141592653589793 0.35 0.35 1.2 1
0 1.7147409589906553 3.141592653589793 0.35 0.35 1.2 1
0 -0.5154807246303255 1.133347580661339 0.35 0.35 1.2 1
0 3.141592653589793 -1.63393037084521 0.35 0.35 1.2 1
0 3.141592653589793 -0.7796938508420128 0.35 0.35 1.2 1
0 0.23314838490018608 -3.0143053575535004 0.35 0.35 1.2 1
0 0.546899936729464 -0.017010679073853563 0.35 0.35 1.2 1
0 2.6916455594948347 3.141592653589793 0.35 0.35 1.2 1
0 0.5318758300334689 -3.141592653589793 0.35 0.35 1.2 1
0 -1.001389533991453 3.141592653589793 0.35 0.35 1.2 1
0 0.5558336435422135 1.394075495375702 0.35 0.35 1.2 1
0 -1.667224312393993 2.7604911606499827 0.35 0.35 1.2 1
0 -1.3879618407772962 0.9236774312575803 0.35 0.35 1.2 1
0 -1.1101070684103473 1.0064557380092738 0.35 0.35 1.2 1
0 -2.7831617306245398 1.5427715139342282 0.35 0.35 1.2 1
0 -2.3318944097923864 2.6515473872317683 0.35 0.35 1.2 1
0 0.5696311319860333 0.6530613271418897 0.35 0.35 1.2 1
0 0.4142248053817823 -1.5796574486359014 0.35 0.35 1.2 1
0 1.8178449544941468 2.0006714255977998 0.35 0.35 1.2 1
0 -2.5146295743925267 0.9585017655748547 0.35 0.35 1.2 1
0 1.0162747961846175 3.141592653589793 0.35 0.35 1.2 1
0 0.03088782278348856 -1.2461398599662679 0.35 0.35 1.2 1
0 -2.607662593148658 2.760022776267921 0.35 0.35 1.2 1
0 -2.5685544198894665 -2.4394652092141844 0.35 0.35 1.2 1
0 3.141592653589793 -2.591688781538857 0.35 0.35 1.2 1
0 2.7594249810432867 3.141592653589793 0.35 0.35 1.2 1
0 1.157667674437751 -0.0006939592700099251 0.35 0.35 1.2 1
0 1.553442476457309 2.3873588372521306 0.35 0.35 1.2 1
0 1.3332556110693827 3.141592653589793 0.35 0.35 1.2 1
0 -3.141592653589793 3.141592653589793 0.35 0.35 1.2 1
0 0.10512796141625236 -3.141592653589793 0.35 0.35 1.2 1
0 1.922662336488891 1.0639697676971884 0.35 0.35 1.2 1
0 1.3421825384854296 -2.143006506231889 0.35 0.35 1.2 1
0 -3.141592653589793 -0.7799547487158203 0.35 0.35 1.2 1
0 1.501789292885083 -3.141592653589793 0.35 0.35 1.2 1
0 -0.47479481093249337 3.0782777886646437 0.35 0.35 1.2 1
0 -1.712535604761556 3.141592653589793 0.35 0.35 1.2 1
0 2.8311491921331178 -3.141592653589793 0.35 0.35 1.2 1
0 -3.141592653589793 0.8280562600551313 0.35 0.35 1.2 1
0 3.141592653589793 3.141592653589793 0.35 0.35 1.2 1
0 0.9144095357553665 -1.3545386767095882 0.35 0.35 1.2 1
0 3.141592653589793 -0.2030625030320361 0.35 0.35 1.2 1
0 -3.141592653589793 -0.412704095466753 0.35 0.35 1.2 1
0 1.554456303016339 -1.2268168661485752 0.35 0.35 1.2 1
0 3.044758529426006 3.141592653589793 0.35 0.35 1.2 1
0 3.141592653589793 3.0386692492289025 0.35 0.35 1.2 1
0 0.8471765168191155 2.0201429820785526 0.35 0.35 1.2 1
0 -0.9394247741044001 3.141592653589793 0.35 0.35 1.2 1
0 0.6116457947193381 -2.0377559195698076 0.35 0.35 1.2 1
0 2.6614406712012215 3.141592653589793 0.35 0.35 1.2 1
0 2.185670658802049 -1.916526922502057 0.35 0.35 1.2 1
0 0.03471904918537283 -0.5067372763735787 0.35 0.35 1.2 1
0 1.8630659837766235 -0.5177026635633674 0.35 0.35 1.2 1
0 -1.3128288654086913 0.2882921882992139 0.35 0.35 1.2 1
0 2.400336404577718 -0.18946022309221155 0.35 0.35 1.2 1
0 0.9080877459362439 -2.8649365607623802 0.35 0.35 1.2 1
0 -2.141969626539424 -1.3416951242372661 0.35 0.35 1.2 1
0 -1.434410812025647 0.05914283279007537 0.35 0.35 1.2 1
0 0.2054622398550211 -0.7750816287885991 0.35 0.35 1.2 1
0 3.141592653589793 -1.2044925306566148 0.35 0.35 1.2 1
0 -0.31972732443392604 0.8914608896888419 0.35 0.35 1.2 1
0 -0.17038340284120257 0.7286388142525133 0.35 0.35 1.2 1
0 -3.1287255445066053 -0.9107085979066261 0.35 0.35 1.2 1
0 -1.0645398717541772 2.3753539001521244 0.35 0.35 1.2 1
0 -0.5347971850495483 -0.7864841342183602 0.35 0.35 1.2 1
