#! FIELDS time phi psi sigma_phi sigma_psi height biasf
                        #! SET multivariate false
                        #! SET kerneltype stretched-gaussian
                        #! SET min_phi -pi
                        #! SET max_phi pi
                        #! SET min_psi -pi
                        #! SET max_psi pi
0 -0.33381991732337446 1.0712022482682602 0.35 0.35 1.2 1
0 -2.9706658676815216 -3.141592653589793 0.35 0.35 1.2 1
0 3.141592653589793 2.060624723791713 0.35 0.35 1.2 1
0 -1.388447893211672 0.47452792442966774 0.35 0.35 1.2 1
0 3.141592653589793 3.141592653589793 0.35 0.35 1.2 1
0 -0.7127579078121123 -3.141592653589793 0.35 0.35 1.2 1
0 3.065012115894991 -0.6776040484107513 0.35 0.35 1.2 1
0 2.0248594461924956 -1.0947882032798204 0.35 0.35 1.2 1
0 2.972452475197343 2.264016287885752 0.35 0.35 1.2 1
0 2.4828923793518243 -1.0922720205802643 0.35 0.35 1.2 1
0 3.141592653589793 -0.5825617460019078 0.35 0.35 1.2 1
0 3.141592653589793 -1.2485616789746745 0.35 0.35 1.2 1
0 -2.4907924316169914 1.026387134615759 0.35 0.35 1.2 1
0 1.9140282011984007 -3.141592653589793 0.35 0.35 1.2 1
0 0.69812329089892 -0.32229914423609923 0.35 0.35 1.2 1
0 -1.0973418596632354 0.5116149495633369 0.35 0.35 1.2 1
0 1.5194803713081855 1.2891999294850052 0.35 0.35 1.2 1
0 -0.6247205780591285 2.915339660706076 0.35 0.35 1.2 1
0 -1.6755397580978364 -3.141592653589793 0.35 0.35 1.2 1
0 0.9252209078710254 -3.141592653589793 0.35 0.35 1.2 1
0 2.443468448042487 0.6989397813362753 0.35 0.35 1.2 1
0 3.087261756787155 -2.3930250801670896 0.35 0.35 1.2 1
0 -3.141592653589793 -3.141592653589793 0.35 0.35 1.2 1
0 1.055343377671681 -1.21484290509487 0.35 0.35 1.2 1
0 1.059714168356952 -3.141592653589793 0.35 0.35 1.2 1
0 0.7911072345382744 -3.141592653589793 0.35 0.35 1.2 1
0 1.1359742615259565 -3.141592653589793 0.35 0.35 1.2 1
0 0.8264646102070068 -3.141592653589793 0.35 0.35 1.2 1
0 -3.141592653589793 3.141592653589793 0.35 0.35 1.2 1
0 -3.141592653589793 -2.628435357379984 0.35 0.35 1.2 1
0 0.8777985003296447 3.141592653589793 0.35 0.35 1.2 1
0 2.8432286048933166 -1.1007846450353478 0.35 0.35 1.2 1
0 2.118937584019855 3.0303425117012828 0.35 0.35 1.2 1
0 -2.9875487015779836 -2.3765218389672373 0.35 0.35 1.2 1
0 -2.687597158048521 2.542410982676872 0.35 0.35 1.2 1
0 -3.141592653589793 -0.4561081392669295 0.35 0.35 1.2 1
0 -3.141592653589793 1.7077557021979426 0.35 0.35 1.2 1
0 2.1658911920876145 -1.2387154250037014 0.35 0.35 1.2 1
0 -3.141592653589793 -0.8943652889093815 0.35 0.35 1.2 1
0 -3.113258187705269 -0.005149021417810706 0.35 0.35 1.2 1
0 3.141592653589793 3.141592653589793 0.35 0.35 1.2 1
0 3.141592653589793 2.5515168745142205 0.35 0.35 1.2 1
0 -3.1127724771715144 0.6872357122637511 0.35 0.35 1.2 1
0 2.3683832303920545 -1.151536105807493 0.35 0.35 1.2 1
0 3.141592653589793 -2.458697120760279 0.35 0.35 1.2 1
0 3.141592653589793 2.326825958311586 0.35 0.35 1.2 1
0 -1.971543752421069 3.141592653589793 0.35 0.35 1.2 1
0 -0.7951910565720319 -2.7202500353673758 0.35 0.35 1.2 1
0 3.141592653589793 -3.141592653589793 0.35 0.35 1.2 1
0 3.141592653589793 0.6035116078048134 0.35 0.35 1.2 1
0 -1.5594651292249089 0.0929918098354825 0.35 0.35 1.2 1
0 -3.1203492143195057 -2.303777548859622 0.35 0.35 1.2 1
0 -3.141592653589793 -1.4859121618229865 0.35 0.35 1.2 1
0 1.335745193450954 -3.141592653589793 0.35 0.35 1.2 1
0 0.6937454218569976 1.841046942288857 0.35 0.35 1.2 1
0 2.436452826327462 -1.4331103127515807 0.35 0.35 1.2 1
0 0.8093598188213977 -1.690499287974653 0.35 0.35 1.2 1
0 2.7740007437562433 3.141592653589793 0.35 0.35 1.2 1
0 -3.141592653589793 -3.141592653589793 0.35 0.35 1.2 1
0 -3.141592653589793 -3.141592653589793 0.35 0.35 1.2 1
0 -3.141592653589793 3.141592653589793 0.35 0.35 1.2 1
0 -3.141592653589793 3.141592653589793 0.35 0.35 1.2 1
0 -3.141592653589793 -3.141592653589793 0.35 0.35 1.2 1
0 -3.141592653589793 0.725329115004034 0.35 0.35 1.2 1
0 3.141592653589793 3.141592653589793 0.35 0.35 1.2 1
0 3.141592653589793 -1.3399540322365362 0.35 0.35 1.2 1
0 1.0781555460240353 -0.6572619674127165 0.35 0.35 1.2 1
0 0.06837397171887677 -1.1099592900401873 0.35 0.35 1.2 1
0 -3.141592653589793 1.696943232241483 0.35 0.35 1.2 1
0 0.6599346949363407 3.141592653589793 0.35 0.35 1.2 1
0 -0.3755322526880739 1.2532864703028601 0.35 0.35 1.2 1
0 1.6008201204873083 3.141592653589793 0.35 0.35 1.2 1
0 3.125951448796317 1.2350882354990027 0.35 0.35 1.2 1
0 0.822758111177597 -2.6556863470858643 0.35 0.35 1.2 1
0 -0.21467746003972704 -2.174646028155051 0.35 0.35 1.2 1
0 1.5933849951457955 -3.141592653589793 0.35 0.35 1.2 1
0 3.141592653589793 1.819053288510378 0.35 0.35 1.2 1
0 2.465582832773186 0.4758648824548348 0.35 0.35 1.2 1
0 -3.141592653589793 -2.6724488023905977 0.35 0.35 1.2 1
0 3.141592653589793 1.3266277610137962 0.35 0.35 1.2 1
0 0.6946940619334182 1.8174715383514837 0.35 0.35 1.2 1
0 0.9066003372034894 2.1801892909698504 0.35 0.35 1.2 1
0 3.141592653589793 2.905606587581734 0.35 0.35 1.2 1
0 -3.141592653589793 -0.11970256004991003 0.35 0.35 1.2 1
0 -1.8158369305633397 3.141592653589793 0.35 0.35 1.2 1
0 -2.2594314646654405 -0.9512778460461115 0.35 0.35 1.2 1
0 -2.4337930539839863 -2.310496260736999 0.35 0.35 1.2 1
0 -2.047259360704216 1.1607883792599187 0.35 0.35 1.2 1
0 0.5951258245556192 -3.141592653589793 0.35 0.35 1.2 1
0 1.7989492638084081 2.5599443539861695 0.35 0.35 1.2 1
0 -3.141592653589793 1.7441099330027363 0.35 0.35 1.2 1
0 3.141592653589793 -0.28865548792693585 0.35 0.35 1.2 1
0 -1.6625435083556344 1.859716553863964 0.35 0.35 1.2 1
0 -3.141592653589793 1.5798534199304182 0.35 0.35 1.2 1
0 0.5805442972040871 0.3873778989853178 0.35 0.35 1.2 1
0 -2.8738043034359047 -2.607972497612214 0.35 0.35 1.2 1
0 0.9812399452170208 -3.141592653589793 0.35 0.35 1.2 1
0 -0.34846396372368016 -3.141592653589793 0.35 0.35 1.2 1
0 3.141592653589793 2.1146285597734664 0.35 0.35 1.2 1
0 -1.204570858071774 -2.9153659286750377 0.35 0.35 1.2 1
0 1.9897491951534971 -3.141592653589793 0.35 0.35 1.2 1
0 -2.244009616963486 3.141592653589793 0.35 0.35 1.2 1
0 -3.141592653589793 0.9879742820734538 0.35 0.35 1.2 1
0 3.141592653589793 -0.7857744436126437 0.35 0.35 1.2 1
0 1.9400185819376818 3.141592653589793 0.35 0.35 1.2 1
0 -3.135725332475347 -1.1871214603026972 0.35 0.35 1.2 1
0 3.141592653589793 3.141592653589793 0.35 0.35 1.2 1
0 -1.0899875964788586 3.141592653589793 0.35 0.35 1.2 1
0 3.141592653589793 3.141592653589793 0.35 0.35 1.2 1
0 -0.17894695395122234 -1.0431457343410382 0.35 0.35 1.2 1
0 -2.2480175978560997 -2.9117508426526806 0.35 0.35 1.2 1
0 -0.9800896685603229 -0.6077377150585932 0.35 0.35 1.2 1
0 -0.21189111419538714 -1.1362819294363775 0.35 0.35 1.2 1
0 -3.141592653589793 0.9042736092412159 0.35 0.35 1.2 1
0 3.141592653589793 -1.4315758897529751 0.35 0.35 1.2 1
0 2.745895711774982 3.141592653589793 0.35 0.35 1.2 1
0 2.0559355974220677 -2.563046322816963 0.35 0.35 1.2 1
0 1.9959648662693685 0.867678495974296 0.35 0.35 1.2 1
0 -0.010532270457461357 -3.141592653589793 0.35 0.35 1.2 1
0 -3.141592653589793 0.36919067189169175 0.35 0.35 1.2 1
0 -1.8091337689534426 0.6834569180623664 0.35 0.35 1.2 1
0 3.141592653589793 3.141592653589793 0.35 0.35 1.2 1
0 1.720758849879392 1.6831753094265498 0.35 0.35 1.2 1
0 -1.0408408240859133 3.141592653589793 0.35 0.35 1.2 1
0 -0.9406580237310396 0.9964011893734623 0.35 0.35 1.2 1
0 -0.6256521096683775 -3.141592653589793 0.35 0.35 1.2 1
0 -3.141592653589793 -0.9669557620527054 0.35 0.35 1.2 1
0 0.8016720806329432 -3.141592653589793 0.35 0.35 1.2 1
0 3.141592653589793 -2.2117066026649796 0.35 0.35 1.2 1
0 3.141592653589793 0.7916113292145683 0.35 0.35 1.2 1
0 0.2257900511298755 1.0988974828885774 0.35 0.35 1.2 1
0 -3.141592653589793 -3.141592653589793 0.35 0.35 1.2 1
0 -1.4721762282287774 -2.8947756757834875 0.35 0.35 1.2 1
0 2.5565899221531425 -3.141592653589793 0.35 0.35 1.2 1
0 3.141592653589793 -0.37068905096509064 0.35 0.35 1.2 1
0 -3.141592653589793 -2.5124150748656593 0.35 0.35 1.2 1
0 0.5559767459741571 1.1645458274833116 0.35 0.35 1.2 1
0 -0.22711624726379465 3.141592653589793 0.35 0.35 1.2 1
0 -2.896876294785308 -3.141592653589793 0.35 0.35 1.2 1
0 1.0476151681362944 -0.4235875428716599 0.35 0.35 1.2 1
0 3.141592653589793 3.141592653589793 0.35 0.35 1.2 1
0 3.141592653589793 -0.10798629475633192 0.35 0.35 1.2 1
0 -0.01548363890189508 -2.41913997015686 0.35 0.35 1.2 1
0 1.0769828796151453 1.725370500044986 0.35 0.35 1.2 1
0 2.3751373138081195 -3.141592653589793 0.35 0.35 1.2 1
0 0.2612261718024238 -3.141592653589793 0.35 0.35 1.2 1
0 2.1645570263485965 1.60600469114938 0.35 0.35 1.2 1
0 -3.141592653589793 1.0391373036005502 0.35 0.35 1.2 1
0 -0.31574192796657297 3.141592653589793 0.35 0.35 1.2 1
0 1.7000078070047207 1.0151510875368335 0.35 0.35 1.2 1
0 3.141592653589793 2.1478105131090817 0.35 0.35 1.2 1
0 0.57931112520069 -1.7101669111099465 0.35 0.35 1.2 1
0 -1.2879486975543 3.141592653589793 0.35 0.35 1.2 1
0 -1.909114872743058 1.501350817791407 0.35 0.35 1.2 1
0 -2.367266782192937 -2.845501043187169 0.35 0.35 1.2 1
0 0.3416662060644726 -1.1542604608057787 0.35 0.35 1.2 1
0 -3.141592653589793 1.6019418817033542 0.35 0.35 1.2 1
0 -2.602187205879244 -2.1470407916290535 0.35 0.35 1.2 1
0 -2.9971650109501677 3.141592653589793 0.35 0.35 1.2 1
0 3.141592653589793 -3.141592653589793 0.35 0.35 1.2 1
0 -2.456339264754206 3.141592653589793 0.35 0.35 1.2 1
0 -3.141592653589793 -3.141592653589793 0.35 0.35 1.2 1
0 3.141592653589793 1.3142924962782991 0.35 0.35 1.2 1
0 -1.5066489947841937 -1.0671593862238664 0.35 0.35 1.2 1
0 1.9763681718047326 1.7232255331048831 0.35 0.35 1.2 1
0 1.76362897737206 2.399596442311923 0.35 0.35 1.2 1
0 -3.141592653589793 -0.41879229899469284 0.35 0.35 1.2 1
0 1.4729742876334697 -3.141592653589793 0.35 0.35 1.2 1
0 1.2890480037844512 -0.8299673510595758 0.35 0.35 1.2 1
0 -1.9217060591094293 -3.141592653589793 0.35 0.35 1.2 1
0 1.7235829926752302 0.0886743803401231 0.35 0.35 1.2 1
0 -1.134950743927611 0.1140567595976944 0.35 0.35 1.2 1
0 -3.141592653589793 -0.6907721795305592 0.35 0.35 1.2 1
0 -2.2379357066616703 0.1269277039131258 0.35 0.35 1.2 1
0 1.3898033604704287 2.5395201685293634 0.35 0.35 1.2 1
0 -1.6624947025937131 1.0251823569966265 0.35 0.35 1.2 1
0 -3.141592653589793 3.141592653589793 0.35 0.35 1.2 1
0 -0.9631968123688786 3.141592653589793 0.35 0.35 1.2 1
0 -3.141592653589793 0.0425462622296509 0.35 0.35 1.2 1
0 2.300367998847088 -2.9028353344676003 0.35 0.35 1.2 1
0 -1.874680383446412 -0.3286829986423516 0.35 0.35 1.2 1
0 -3.141592653589793 -2.1472996086176166 0.35 0.35 1.2 1
0 0.736487862619937 3.141592653589793 0.35 0.35 1.2 1
0 -1.7770215949961672 -0.07199633012154183 0.35 0.35 1.2 1
0 1.5308016371470745 0.7159680837408955 0.35 0.35 1.2 1
0 -0.01375236080568687 -3.1173078204891196 0.35 0.35 1.2 1
0 -1.4267853240135435 2.490715620534849 0.35 0.35 1.2 1
0 -3.0014057556739697 -3.141592653589793 0.35 0.35 1.2 1
0 1.2879924495593291 -2.8998658025707713 0.35 0.35 1.2 1
0 -3.141592653589793 2.1621500835979837 0.35 0.35 1.2 1
0 0.35994073679190436 -2.3919711988422865 0.35 0.35 1.2 1
0 3.0547668540559267 -3.141592653589793 0.35 0.35 1.2 1
0 0.02787316886865443 -0.5216208585270588 0.35 0.35 1.2 1
0 2.9633077339307863 2.368590224242653 0.35 0.35 1.2 1
0 -0.5785580544973767 -1.1741789248964378 0.35 0.35 1.2 1
0 -3.141592653589793 0.4797339820412889 0.35 0.35 1.2 1
0 0.6575661519482252 1.8361871609807938 0.35 0.35 1.2 1
0 -0.025109094631481005 -3.141592653589793 0.35 0.35 1.2 1
0 0.8739670339220647 3.141592653589793 0.35 0.35 1.2 1
0 -3.141592653589793 -3.141592653589793 0.35 0.35 1.2 1
0 2.426851512263821 -0.0808989466304259 0.35 0.35 1.2 1
0 -3.141592653589793 0.709407913607057 0.35 0.35 1.2 1
0 -2.0061788470603212 3.141592653589793 0.35 0.35 1.2 1
0 -0.5977828156435016 0.7923564121257747 0.35 0.35 1.2 1
0 -2.423150289105703 -3.141592653589793 0.35 0.35 1.2 1
0 2.305760927027023 -3.141592653589793 0.35 0.35 1.2 1
0 -0.7329128873404681 -3.141592653589793 0.35 0.35 1.2 1
0 -2.6003072276417947 3.141592653589793 0.35 0.35 1.2 1
0 -2.0461316579010678 -3.141592653589793 0.35 0.35 1.2 1
0 2.063392473519173 -1.7660384592227307 0.35 0.35 1.2 1
0 -2.3910516014683476 3.141592653589793 0.35 0.35 1.2 1
0 -2.119055453883832 1.8016559572711195 0.35 0.35 1.2 1
0 3.141592653589793 2.568884461196194 0.35 0.35 1.2 1
0 -1.0433851281883653 1.925425750068854 0.35 0.35 1.2 1
0 -0.5174520034874338 -3.141592653589793 0.35 0.35 1.2 1
0 -3.0710246090347377 -0.5015760939194857 0.35 0.35 1.2 1
0 1.1799391007760298 3.141592653589793 0.35 0.35 1.2 1
0 0.6451904006138267 -2.991537922760437 0.35 0.35 1.2 1
0 -2.7368536992336083 3.141592653589793 0.35 0.35 1.2 1
0 -0.27295710238852666 3.141592653589793 0.35 0.35 1.2 1
0 -1.3337150063394883 3.141592653589793 0.35 0.35 1.2 1
0 0.9795938367181447 3.141592653589793 0.35 0.35 1.2 1
0 -2.0490689596743916 0.14025393297275635 0.35 0.35 1.2 1
0 0.3165084315396718 3.141592653589793 0.35 0.35 1.2 1
0 0.3535239435069729 -1.2434150267308928 0.35 0.35 1.2 1
0 -3.141592653589793 1.8371356771770442 0.35 0.35 1.2 1
0 2.339704616430925 -0.3176466248667852 0.35 0.35 1.2 1
0 1.532042061686777 0.10452793982865621 0.35 0.35 1.2 1
0 3.1034645070733817 -3.141592653589793 0.35 0.35 1.2 1
0 1.3933802276026843 -1.8226493101862635 0.35 0.35 1.2 1
0 0.2771065308154743 -0.18488271447456767 0.35 0.35 1.2 1
0 -3.141592653589793 2.609316605237178 0.35 0.35 1.2 1
0 1.3924129882338907 -3.141592653589793 0.35 0.35 1.2 1
0 0.8377971975934122 -0.4017584829350125 0.35 0.35 1.2 1
0 -3.141592653589793 3.141592653589793 0.35 0.35 1.2 1
0 -3.141592653589793 1.1544233526824306 0.35 0.35 1.2 1
0 2.8037687727632843 0.2581134936978859 0.35 0.35 1.2 1
0 3.141592653589793 3.141592653589793 0.35 0.35 1.2 1
0 1.4095108103982918 -2.021157370947912 0.35 0.35 1.2 1
0 1.303465039664453 -2.1984347702520526 0.35 0.35 1.2 1
0 -3.141592653589793 1.1218542705430576 0.35 0.35 1.2 1
0 -2.5368078232656686 -3.141592653589793 0.35 0.35 1.2 1
0 -0.01494800703379498 -3.141592653589793 0.35 0.35 1.2 1
0 -0.6291580626402752 -2.699527673819993 0.35 0.35 1.2 1
0 1.8191025319270757 -3.141592653589793 0.35 0.35 1.2 1
0 3.141592653589793 0.18534151627919615 0.35 0.35 1.2 1
0 -2.70149115510969 3.141592653589793 0.35 0.35 1.2 1
0 -0.8656638202561222 -0.6051873364764045 0.35 0.35 1.2 1
0 0.2668706352137187 0.3298898908854493 0.35 0.35 1.2 1
0 3.141592653589793 -3.141592653589793 0.35 0.35 1.2 1
0 1.5265633234823976 -1.141161763338464 0.35 0.35 1.2 1
0 -0.31270645688733767 -3.141592653589793 0.35 0.35 1.2 1
0 -1.7857912213761022 3.141592653589793 0.35 0.35 1.2 1
0 1.9561042400783237 2.982727531152041 0.35 0.35 1.2 1
0 -0.8774542125807232 3.141592653589793 0.35 0.35 1.2 1
0 -3.141592653589793 -0.4337048538221584 0.35 0.35 1.2 1
0 0.6172338747532515 -1.0741313139050623 0.35 0.35 1.2 1
0 -3.141592653589793 3.141592653589793 0.35 0.35 1.2 1
0 0.17244975000271578 -3.141592653589793 0.35 0.35 1.2 1
0 0.7215053182152729 0.9438261235907017 0.35 0.35 1.2 1
0 -3.141592653589793 0.14117879656172055 0.35 0.35 1.2 1
0 -3.141592653589793 -2.061649416812383 0.35 0.35 1.2 1
0 0.44866668206920135 1.2435337076444872 0.35 0.35 1.2 1
0 0.8328549875831435 -0.451360370698748 0.35 0.35 1.2 1
0 -3.141592653589793 1.2715061831832974 0.35 0.35 1.2 1
0 0.7928581317468271 2.430691411956459 0.35 0.35 1.2 1
0 0.5727521758569325 2.9569260278072917 0.35 0.35 1.2 1
0 -0.218998149203796 3.141592653589793 0.35 0.35 1.2 1
0 -2.667826424158938 -3.141592653589793 0.35 0.35 1.2 1
0 3.141592653589793 -0.7740022323171436 0.35 0.35 1.2 1
0 -0.05933349556338152 2.683508833949518 0.35 0.35 1.2 1
0 -0.11125425959987667 3.141592653589793 0.35 0.35 1.2 1
0 -0.056651967486222254 2.104207185409924 0.35 0.35 1.2 1
0 -0.017050615371813294 2.596976281248465 0.35 0.35 1.2 1
0 -3.141592653589793 -2.1390714773105146 0.35 0.35 1.2 1
0 1.5288533661348254 -1.3118534673774067 0.35 0.35 1.2 1
0 -1.6188909061177799 -3.141592653589793 0.35 0.35 1.2 1
0 -2.270416731703475 0.8611196996879839 0.35 0.35 1.2 1
0 -0.45183398167946226 3.141592653589793 0.35 0.35 1.2 1
0 -0.9214072679732739 -1.6332715067259993 0.35 0.35 1.2 1
0 3.141592653589793 -2.7854492631824774 0.35 0.35 1.2 1
0 -1.3528802840510648 -3.141592653589793 0.35 0.35 1.2 1
0 1.0037120300152287 0.28407840333426837 0.35 0.35 1.2 1
0 -1.4669123087290084 2.3572589848912298 0.35 0.35 1.2 1
0 0.595535374663088 -3.141592653589793 0.35 0.35 1.2 1
0 3.141592653589793 3.141592653589793 0.35 0.35 1.2 1
0 -0.05047848774549757 -1.993508782693655 0.35 0.35 1.2 1
0 3.141592653589793 2.3989913221517805 0.35 0.35 1.2 1
0 2.761472847553878 -0.7111680947979875 0.35 0.35 1.2 1
0 3.141592653589793 1.0744046513205534 0.35 0.35 1.2 1
0 -3.141592653589793 3.141592653589793 0.35 0.35 1.2 1
0 0.6493271743994371 -0.3506179044819302 0.35 0.35 1.2 1
0 -2.912788020224346 -2.6572090034724876 0.35 0.35 1.2 1
0 -0.8406627039175291 3.141592653589793 0.35 0.35 1.2 1
0 3.141592653589793 -3.141592653589793 0.35 0.35 1.2 1
0 -0.23980399354335566 1.0666247138598126 0.35 0.35 1.2 1
0 -3.141592653589793 -0.18506071029472332 0.35 0.35 1.2 1
0 -3.141592653589793 -0.45207064111946493 0.35 0.35 1.2 1
0 2.357120295554436 3.141592653589793 0.35 0.35 1.2 1
0 2.268929632638642 2.7453372812912917 0.35 0.35 1.2 1
0 -1.7071652387983087 3.022114144099346 0.35 0.35 1.2 1
0 -0.845199077568696 1.1731727444626558 0.35 0.35 1.2 1
0 -0.6215399742169087 -3.141592653589793 0.35 0.35 1.2 1
0 -1.4053144150906471 0.56738640618826 0.35 0.35 1.2 1
0 -2.4122970467305365 -0.5054797937803076 0.35 0.35 1.2 1
0 -3.141592653589793 -1.87793803636359 0.35 0.35 1.2 1
0 -2.534661311326634 0.6137657499398901 0.35 0.35 1.2 1
0 2.9671087944642993 3.141592653589793 0.35 0.35 1.2 1
0 -2.8459769574507545 3.141592653589793 0.35 0.35 1.2 1
0 1.8574910388300858 2.117819887030827 0.35 0.35 1.2 1
0 3.141592653589793 -3.141592653589793 0.35 0.35 1.2 1
0 3.141592653589793 -2.3548098883389477 0.35 0.35 1.2 1
0 0.6509872356532336 -2.555475084334332 0.35 0.35 1.2 1
0 3.141592653589793 0.9682801829165965 0.35 0.35 1.2 1
0 1.2299243090768184 -0.7566312587968799 0.35 0.35 1.2 1
0 2.0767395528650234 -3.0122800141374313 0.35 0.35 1.2 1
0 3.141592653589793 0.30267825817922517 0.35 0.35 1.2 1
0 -3.141592653589793 -0.024875045771873605 0.35 0.35 1.2 1
0 0.09665908439632559 -0.04437452747018533 0.35 0.35 1.2 1
0 -1.5234440434519025 -1.8393413280697302 0.35 0.35 1.2 1
0 0.4039141649235282 -1.7117967049131924 0.35 0.35 1.2 1
0 0.9801515726263595 1.907024884339715 0.35 0.35 1.2 1
0 2.7841963076287652 2.037552710308557 0.35 0.35 1.2 1
0 -3.141592653589793 -0.2150198034407973 0.35 0.35 1.2 1
0 3.141592653589793 -3.141592653589793 0.35 0.35 1.2 1
0 1.7688629788473478 -3.141592653589793 0.35 0.35 1.2 1
0 2.447030297649069 0.971904632288384 0.35 0.35 1.2 1
0 -0.6027512071409258 -0.8202717755254871 0.35 0.35 1.2 1
0 3.141592653589793 2.2108802153558225 0.35 0.35 1.2 1
0 -3.141592653589793 3.141592653589793 0.35 0.35 1.2 1
0 -2.6800668680187867 -2.694813553778638 0.35 0.35 1.2 1
0 -2.4285569874026813 -1.1932509077267797 0.35 0.35 1.2 1
0 3.141592653589793 3.141592653589793 0.35 0.35 1.2 1
0 -2.0322533944266032 2.863223426399281 0.35 0.35 1.2 1
0 -0.5155216480180875 2.868915775778518 0.35 0.35 1.2 1
0 -1.090184373489009 -2.0268932034814986 0.35 0.35 1.2 1
0 3.141592653589793 -0.3944345347833367 0.35 0.35 1.2 1
0 3.141592653589793 0.9580063987439529 0.35 0.35 1.2 1
0 -2.665248732868796 2.7103828831220786 0.35 0.35 1.2 1
0 -3.141592653589793 -0.19607200470601743 0.35 0.35 1.2 1
0 -3.141592653589793 -3.141592653589793 0.35 0.35 1.2 1
0 2.3825259351120067 -0.9389397128987624 0.35 0.35 1.2 1
0 3.1282254855459466 -0.41260011275079467 0.35 0.35 1.2 1
0 0.5416000507871804 0.9835774444147432 0.35 0.35 1.2 1
0 -0.8990594879676017 3.141592653589793 0.35 0.35 1.2 1
0 -0.4832900980064557 -3.141592653589793 0.35 0.35 1.2 1
0 -1.0582068532174367 -2.882731310853101 0.35 0.35 1.2 1
0 -1.2577768102297413 -0.7476924475542057 0.35 0.35 1.2 1
0 3.141592653589793 -3.07406353483675 0.35 0.35 1.2 1
0 -0.5946135682238363 3.141592653589793 0.35 0.35 1.2 1
0 3.141592653589793 3.141592653589793 0.35 0.35 1.2 1
0 -2.0231616235504832 -0.2534260679482788 0.35 0.35 1.2 1
0 0.13433319940992927 1.0836676475552056 0.35 0.35 1.2 1
0 -0.8061472880203234 3.141592653589793 0.35 0.35 1.2 1
0 3.141592653589793 1.9137641380497958 0.35 0.35 1.2 1
0 -2.00410559624714 0.034427774620798685 0.35 0.35 1.2 1
0 -2.1885275319140205 1.2609353151544722 0.35 0.35 1.2 1
0 -0.9355992734702503 1.833754541540988 0.35 0.35 1.2 1
0 -3.141592653589793 0.6050004819997703 0.35 0.35 1.2 1
0 1.082531949277877 -3.141592653589793 0.35 0.35 1.2 1
0 3.141592653589793 1.4984421675007131 0.35 0.35 1.2 1
0 -1.2781239707422656 1.241455109526619 0.35 0.35 1.2 1
0 -2.591760544354722 0.338015248673883 0.35 0.35 1.2 1
0 -1.031461965731515 1.3707391012230203 0.35 0.35 1.2 1
0 -2.6875502884175053 0.7189791739334562 0.35 0.35 1.2 1
0 -2.8276126412483356 3.141592653589793 0.35 0.35 1.2 1
0 2.5047226978398616 -1.581678325760308 0.35 0.35 1.2 1
0 2.4934496401909225 -2.9888431056250897 0.35 0.35 1.2 1
0 -3.141592653589793 2.1944148969266166 0.35 0.35 1.2 1
0 -0.9622086789471245 -1.6842548082068083 0.35 0.35 1.2 1
0 -2.5550426295809614 0.14619436327400925 0.35 0.35 1.2 1
0 -3.141592653589793 3.141592653589793 0.35 0.35 1.2 1
0 2.794851169890403 -3.141592653589793 0.35 0.35 1.2 1
0 2.3982372423526406 -3.141592653589793 0.35 0.35 1.2 1
0 3.141592653589793 0.4831687758921499 0.35 0.35 1.2 1
0 -3.141592653589793 -3.141592653589793 0.35 0.35 1.2 1
0 -0.3270971373708599 1.682150026870385 0.35 0.35 1.2 1
0 0.9763145632999489 2.9695312788870556 0.35 0.35 1.2 1
0 -1.0735687003879542 -0.23074497558914864 0.35 0.35 1.2 1
0 -2.295936748840253 0.9701034957703976 0.35 0.35 1.2 1
0 1.1411141621244412 -3.141592653589793 0.35 0.35 1.2 1
0 0.2792216530399162 -2.2720102090714813 0.35 0.35 1.2 1
0 1.6305951502745568 3.141592653589793 0.35 0.35 1.2 1
0 -3.141592653589793 0.41222098289382125 0.35 0.35 1.2 1
0 0.2189593992313159 -3.141592653589793 0.35 0.35 1.2 1
0 -0.37417671622733484 3.141592653589793 0.35 0.35 1.2 1
0 3.141592653589793 1.07589298234121 0.35 0.35 1.2 1
0 0.7035732098263313 -1.5774681782548696 0.35 0.35 1.2 1
0 3.141592653589793 3.141592653589793 0.35 0.35 1.2 1
0 -3.141592653589793 -0.014391086789886653 0.35 0.35 1.2 1
0 -3.141592653589793 -2.765611859700191 0.35 0.35 1.2 1
0 -2.8264700836546632 1.1523512529307862 0.35 0.35 1.2 1
0 -1.296777937341532 1.1539369215006743 0.35 0.35 1.2 1
0 -0.13467759693911074 3.141592653589793 0.35 0.35 1.2 1
0 -3.141592653589793 -0.6188412904291433 0.35 0.35 1.2 1
0 -0.38084832006575453 -2.7881988864508864 0.35 0.35 1.2 1
0 -3.1079252404036346 1.0597356600345982 0.35 0.35 1.2 1
0 3.141592653589793 0.4698108258845771 0.35 0.35 1.2 1
0 3.141592653589793 -0.4695491154454074 0.35 0.35 1.2 1
0 -0.6064375700438613 3.141592653589793 0.35 0.35 1.2 1
0 0.22268929338252041 -1.6949453242973394 0.35 0.35 1.2 1
0 2.3041241080518082 -2.8172334715900504 0.35 0.35 1.2 1
0 1.466373299466036 -0.5573924111354414 0.35 0.35 1.2 1
0 -0.9321924955945914 2.8958140793771854 0.35 0.35 1.2 1
0 0.14494454538825247 0.06797651762486218 0.35 0.35 1.2 1
0 3.141592653589793 -3.141592653589793 0.35 0.35 1.2 1
0 1.677732743103949 0.9862419609178226 0.35 0.35 1.2 1
0 -3.141592653589793 3.141592653589793 0.35 0.35 1.2 1
0 1.6084036928518568 3.141592653589793 0.35 0.35 1.2 1
0 -3.141592653589793 -0.4226139513708833 0.35 0.35 1.2 1
0 -0.9816667353233485 0.24332938078785737 0.35 0.35 1.2 1
0 0.48150326539500543 -0.2382322540992861 0.35 0.35 1.2 1
0 1.4670201204865463 -0.8160516096999804 0.35 0.35 1.2 1
0 -2.8719392447184457 -0.6018716332226313 0.35 0.35 1.2 1
0 -1.4510677365278908 0.1528534728534674 0.35 0.35 1.2 1
0 -3.141592653589793 0.398050939918978 0.35 0.35 1.2 1
0 -2.546538961500019 3.141592653589793 0.35 0.35 1.2 1
0 3.141592653589793 -0.6922121049838204 0.35 0.35 1.2 1
0 -2.6276755289280707 -0.6438077604623267 0.35 0.35 1.2 1
0 -1.0358581656261645 -3.141592653589793 0.35 0.35 1.2 1
0 -3.141592653589793 2.274049580436767 0.35 0.35 1.2 1
0 -3.141592653589793 -0.6779358585849725 0.35 0.35 1.2 1
0 -0.8927963700759824 3.141592653589793 0.35 0.35 1.2 1
0 3.141592653589793 1.3425640985725151 0.35 0.35 1.2 1
0 -1.9748700556351937 -3.141592653589793 0.35 0.35 1.2 1
0 -0.0744354547780135 -0.29539248580045396 0.35 0.35 1.2 1
0 3.141592653589793 -0.2716155184048783 0.35 0.35 1.2 1
0 -3.141592653589793 0.6038651596078216 0.35 0.35 1.2 1
0 -3.141592653589793 1.3557723413278846 0.35 0.35 1.2 1
0 -1.3182970642224956 0.3443154385071364 0.35 0.35 1.2 1
0 2.266744111670241 -0.9614697226730936 0.35 0.35 1.2 1
0 1.9150387025495141 -3.141592653589793 0.35 0.35 1.2 1
0 3.141592653589793 -2.705292430420616 0.35 0.35 1.2 1
0 -3.141592653589793 -2.9871375916072824 0.35 0.35 1.2 1
0 1.448032618432857 -3.141592653589793 0.35 0.35 1.2 1
0 2.224816347608026 3.141592653589793 0.35 0.35 1.2 1
0 -3.141592653589793 -2.4784693653201444 0.35 0.35 1.2 1
0 -1.7344138725588631 3.141592653589793 0.35 0.35 1.2 1
0 2.121086806039475 -2.7461816118583933 0.35 0.35 1.2 1
0 -1.2833035678110687 1.921395628503465 0.35 0.35 1.2 1
0 1.662518995811351 1.7297085025544532 0.35 0.35 1.2 1
0 -2.406769186047262 0.766107417490787 0.35 0.35 1.2 1
0 0.9057108599149265 -0.9761468783958819 0.35 0.35 1.2 1
0 -3.141592653589793 2.70432039683324 0.35 0.35 1.2 1
0 -1.8258526643572746 1.4520922631834146 0.35 0.35 1.2 1
0 3.141592653589793 -3.141592653589793 0.35 0.35 1.2 1
0 0.43896083281931597 0.14023997205834982 0.35 0.35 1.2 1
0 3.141592653589793 3.141592653589793 0.35 0.35 1.2 1
0 -2.278118949852726 -0.2392534638443585 0.35 0.35 1.2 1
0 -0.8780221994153561 -3.141592653589793 0.35 0.35 1.2 1
0 1.8385709222838675 3.141592653589793 0.35 0.35 1.2 1
0 2.430556014967051 2.3363920050953126 0.35 0.35 1.2 1
0 -3.141592653589793 3.141592653589793 0.35 0.35 1.2 1
0 -0.7018120747355827 -3.141592653589793 0.35 0.35 1.2 1
0 -1.2971869817086517 1.9769687366404556 0.35 0.35 1.2 1
0 -0.10547990180154898 3.141592653589793 0.35 0.35 1.2 1
0 -3.141592653589793 2.1970976356393987 0.35 0.35 1.2 1
0 1.830596319239548 -0.22157111128351406 0.35 0.35 1.2 1
0 -3.141592653589793 -2.21799233449117 0.35 0.35 1.2 1
0 -3.141592653589793 -0.5023233869360229 0.35 0.35 1.2 1
0 2.384789264725298 2.170709905683556 0.35 0.35 1.2 1
0 -1.8516932749783934 -3.141592653589793 0.35 0.35 1.2 1
0 0.45303636981699613 2.721621404033153 0.35 0.35 1.2 1
0 2.3504991890050544 -3.020569673585153 0.35 0.35 1.2 1
0 -3.141592653589793 1.1320842128432997 0.35 0.35 1.2 1
0 -3.141592653589793 1.1436512415584288 0.35 0.35 1.2 1
0 -3.141592653589793 -1.5019672704450502 0.35 0.35 1.2 1
0 -0.8395014280687287 -2.1508276784091303 0.35 0.35 1.2 1
0 -3.141592653589793 3.0243571215251417 0.35 0.35 1.2 1
0 -1.6987922992036901 -3.141592653589793 0.35 0.35 1.2 1
0 3.141592653589793 -3.141592653589793 0.35 0.35 1.2 1
0 -3.141592653589793 -1.1428625380675936 0.35 0.35 1.2 1
0 1.0034360057874048 -0.24109407905776592 0.35 0.35 1.2 1
0 -0.6919886850431808 -2.4624937994136653 0.35 0.35 1.2 1
0 -3.141592653589793 3.141592653589793 0.35 0.35 1.2 1
0 -1.9862050941688971 2.4221107599007343 0.35 0.35 1.2 1
0 0.38080198255781805 3.141592653589793 0.35 0.35 1.2 1
0 -0.34324865325591725 -0.8259919481806951 0.35 0.35 1.2 1
0 2.2582985352557796 0.3426065306123367 0.35 0.35 1.2 1
0 1.589763686634857 3.0095179285998483 0.35 0.35 1.2 1
0 -1.099959875615082 -1.6157415848372765 0.35 0.35 1.2 1
0 -2.824813035785608 2.6328650606103237 0.35 0.35 1.2 1
0 -0.81923742186594 -0.14260758910129734 0.35 0.35 1.2 1
0 0.5631377206362469 -0.5964911504564394 0.35 0.35 1.2 1
0 3.141592653589793 3.0813000866240614 0.35 0.35 1.2 1
0 -1.8296792807268716 -0.15050034699342996 0.35 0.35 1.2 1
0 -1.7545418444670144 0.823852801963562 0.35 0.35 1.2 1
0 -0.821043367453406 -3.141592653589793 0.35 0.35 1.2 1
0 -1.0793483047599357 -1.7657304551350488 0.35 0.35 1.2 1
0 -3.141592653589793 2.224641816109581 0.35 0.35 1.2 1
0 0.18026472282705136 1.035401907395078 0.35 0.35 1.2 1
0 0.816841424624011 -3.141592653589793 0.35 0.35 1.2 1
0 1.103173228655229 -1.4696522923595514 0.35 0.35 1.2 1
0 1.436181821993913 -3.1287565376658475 0.35 0.35 1.2 1
0 -3.141592653589793 3.141592653589793 0.35 0.35 1.2 1
0 1.5175311485944367 1.317369218734929 0.35 0.35 1.2 1
0 -3.141592653589793 1.2901107783878585 0.35 0.35 1.2 1
0 -0.7602265185249992 1.3348721076323051 0.35 0.35 1.2 1
0 -1.9057289715257202 3.141592653589793 0.35 0.35 1.2 1
0 -1.9462215804790841 -3.141592653589793 0.35 0.35 1.2 1
