#! FIELDS time phi psi metad.bias
#! SET min_phi -pi
#! SET max_phi pi
#! SET min_psi -pi
#! SET max_psi pi
 0.000000 3.141580 -3.141577 189.010263
 0.020000 -3.062143 -3.105291 191.025624
 0.040000 -3.081686 -3.095679 190.126208
 0.060000 -3.077611 -3.062970 189.710709
 0.080000 -3.119447 -3.117713 189.239064
 0.100000 -3.078577 -3.114983 190.585967
 0.120000 -3.074260 3.140986 191.248673
 0.140000 -3.037844 -3.057322 191.156338
 0.160000 -3.041571 -3.050172 190.886107
 0.180000 -3.067610 -3.073654 190.262865
 0.200000 -3.099741 -2.979820 187.660719
 0.220000 -3.041766 -2.907003 188.900350
 0.240000 -2.998604 -2.992623 191.839696
 0.260000 -3.021804 -3.012134 191.108718
 0.280000 -2.942103 -2.896744 193.280857
 0.300000 -3.046818 -3.044471 190.581565
 0.320000 -3.003881 -3.014663 191.931615
 0.340000 3.132370 -3.085179 187.718861
 0.360000 -3.103504 -3.022088 188.146439
 0.380000 3.057346 -3.041902 185.196519
 0.400000 3.127310 -3.038119 186.795058
 0.420000 3.132013 -3.043758 187.016487
 0.440000 -3.070488 -2.960404 188.439716
 0.460000 -3.113076 -3.030957 187.968683
 0.480000 -3.071880 -3.002927 188.973007
 0.500000 3.132056 -3.047755 187.082169
 0.520000 -3.075718 -3.122214 190.822910
 0.540000 -3.034427 -3.116872 192.340538
 0.560000 -3.008294 3.057591 195.551166
 0.580000 -3.045254 3.019888 194.780610
 0.600000 3.140837 3.041005 191.038472
 0.620000 3.132825 3.021348 191.243013
 0.640000 -3.060222 3.029391 194.002688
 0.660000 -2.993513 2.993666 197.534897
 0.680000 -2.940665 3.062052 198.713234
 0.700000 -2.911188 3.065974 200.215680
 0.720000 -2.976122 3.106308 196.078424
 0.740000 -3.026982 3.099887 193.906192
 0.760000 -3.095868 3.055929 192.171417
 0.780000 -3.111530 -3.074772 188.736902
 0.800000 -3.124316 3.117817 189.991394
 0.820000 -2.955813 3.113063 196.948177
 0.840000 -3.016736 3.101965 194.303532
 0.860000 -2.955320 -3.054240 194.881171
 0.880000 -3.072445 3.139524 191.343517
 0.900000 3.119313 -3.005379 186.079985
 0.920000 3.135779 -2.980812 186.191753
 0.940000 3.130087 -2.960817 185.770382
 0.960000 3.135040 -2.941274 185.672568
 0.980000 -3.015042 -2.916120 190.107056
 1.000000 -3.075044 -2.882000 187.385929
 1.020000 -3.014610 -2.930042 190.292682
 1.040000 -2.953122 -2.917079 192.979096
 1.060000 3.138406 -2.995842 186.474019
 1.080000 -3.024974 -2.872824 189.223947
 1.100000 3.124682 -2.945388 185.436007
 1.120000 3.100333 -2.958293 184.968757
 1.140000 -3.064163 -2.998436 189.196691
 1.160000 -3.044153 -2.907573 188.812220
 1.180000 -2.918022 -2.982268 195.687328
 1.200000 -2.921118 -3.069314 196.926012
 1.220000 -3.009758 -3.015356 191.681243
 1.240000 -2.985274 -3.090890 194.050835
 1.260000 -3.024560 3.107827 193.854625
 1.280000 -3.092612 3.051574 192.372863
 1.300000 -3.075336 -3.045275 189.501181
 1.320000 3.069715 3.089253 188.275373
 1.340000 -3.094353 3.133140 190.678527
 1.360000 -3.022160 -3.093960 192.445455
 1.380000 -2.948289 -3.110319 196.217958
 1.400000 -2.834311 -3.089179 202.370103
 1.420000 -2.867889 3.107849 201.902269
 1.440000 -3.083488 3.027117 193.202619
 1.460000 3.127713 3.121322 189.011673
 1.480000 2.934612 3.040276 187.678017
 1.500000 3.030832 2.914724 191.659280
 1.520000 -3.089107 3.074865 192.014371
 1.540000 -2.947196 3.080078 198.023082
 1.560000 -2.899008 3.073997 200.739467
 1.580000 -2.880121 3.102699 201.274122
 1.600000 -3.101910 -3.111052 189.693436
 1.620000 -3.057703 -2.979062 189.170336
 1.640000 -3.092600 -2.985069 187.976945
 1.660000 3.121620 -3.086966 187.453189
 1.680000 -3.042272 -2.910410 188.917972
 1.700000 -3.128710 -2.951761 186.365929
 1.720000 -3.049134 -3.092136 191.299396
 1.740000 -2.955131 -3.009374 194.167456
 1.760000 -2.964004 -2.979396 193.280277
 1.780000 -2.999299 -2.983027 191.669910
 1.800000 -3.081375 -3.096069 190.144364
 1.820000 3.129582 -3.045210 186.971610
 1.840000 -3.139833 -2.960070 186.137825
 1.860000 3.100519 -3.081746 186.817909
 1.880000 -2.995987 3.100134 195.264460
 1.900000 -3.008249 3.047979 195.747768
 1.920000 -2.953273 3.096996 197.385326
 1.940000 -2.965189 2.966129 199.449818
 1.960000 -3.085844 2.841073 197.347242
 1.980000 -3.042747 2.815995 199.432861
 2.000000 -3.035673 2.938201 196.929765
 2.020000 -3.113067 2.889305 195.352250
 2.040000 -3.112853 2.931677 194.360481
 2.060000 -3.060416 3.045346 193.663760
 2.080000 -2.979759 -3.129685 195.013761
 2.100000 -2.885723 3.124326 200.537745
 2.120000 -2.954939 3.059569 198.032675
 2.140000 -2.994533 -2.921662 191.076645
 2.160000 3.140775 -2.958492 186.043000
 2.180000 2.940109 -2.963130 182.643374
 2.200000 2.973573 -2.859860 181.989004
 2.220000 3.032932 -2.703196 182.406738
 2.240000 -3.096753 -2.641597 185.866774
 2.260000 -2.859527 -2.563132 195.666878
 2.280000 -2.851406 -2.501684 196.266014
 2.300000 -2.931734 -2.590034 192.154140
 2.320000 -2.956674 -2.540577 191.271096
 2.340000 -3.125420 -2.725757 184.957799
 2.360000 -3.108407 -2.688276 185.438546
 2.380000 2.982575 -2.947773 182.814414
 2.400000 3.050750 -3.008476 184.563816
 2.420000 3.071485 -3.131952 187.070195
 2.440000 -3.015097 -3.106321 192.971706
 2.460000 -2.976555 2.920062 199.890831
 2.480000 -2.826144 2.773331 211.039510
 2.500000 -3.002708 2.855117 200.137082
 2.520000 -2.947938 2.852853 202.699063
 2.540000 -3.070816 2.661798 202.070504
 2.560000 -3.040555 2.583729 204.792621
 2.580000 -2.949664 2.579216 208.328306
 2.600000 -2.958711 2.653096 206.428425
 2.620000 -2.941050 2.700465 206.250933
 2.640000 -2.923137 2.630501 208.507150
 2.660000 -2.866746 2.906807 205.963498
 2.680000 -2.962747 3.003820 198.778017
 2.700000 -2.962691 -3.089673 195.123245
 2.720000 3.129482 -3.045419 186.972195
 2.740000 -3.118350 -2.821506 185.499920
 2.760000 -3.133807 -2.678985 184.753805
 2.780000 -3.132142 -2.779411 184.896882
 2.800000 3.071702 -2.778046 183.028988
 2.820000 -3.105001 -2.684561 185.540623
 2.840000 3.076783 -2.691588 183.129662
 2.860000 3.141089 -2.853757 185.024051
 2.880000 3.130283 -2.718571 184.233969
 2.900000 3.120089 -2.629484 184.230767
 2.920000 -3.131209 -2.780693 184.927867
 2.940000 -3.012344 -2.864099 189.669496
 2.960000 -2.978713 -2.777924 190.453322
 2.980000 -2.891907 -2.860446 195.504613
 3.000000 -2.944871 3.127408 197.232649
 3.020000 -2.995094 3.034647 196.608157
 3.040000 -3.020519 3.008434 196.034809
 3.060000 3.114582 2.827779 195.404678
 3.080000 -3.122938 2.666117 200.534476
 3.100000 3.084060 2.653024 199.350798
 3.120000 -3.012683 2.680121 203.643129
 3.140000 -2.904635 2.702653 207.994913
 3.160000 -2.851433 2.783743 209.315852
 3.180000 -2.784246 2.765096 213.849869
 3.200000 -2.942973 2.862067 202.749849
 3.220000 -3.131328 2.675894 200.091012
 3.240000 -3.134353 2.736893 198.502970
 3.260000 2.954151 2.705720 196.808238
 3.280000 -3.124393 2.881192 195.215468
 3.300000 -3.119555 2.879526 195.394543
 3.320000 -3.068114 3.028582 193.724797
 3.340000 -3.007708 -3.048613 192.301463
 3.360000 -3.036903 -2.851716 188.550139
 3.380000 -3.037721 -2.755998 187.915498
 3.400000 -2.950153 -2.707295 191.397652
 3.420000 3.137206 -2.660905 184.493931
 3.440000 -3.073634 -2.649011 186.552257
 3.460000 -3.075617 -2.719648 186.470305
 3.480000 -3.066499 -2.709311 186.760987
 3.500000 -2.877315 -2.602337 194.733467
 3.520000 -3.099286 -2.874670 186.486287
 3.540000 -3.092272 -2.942307 187.434822
 3.560000 -3.130822 -2.815121 185.098461
 3.580000 3.009705 -2.971771 183.412768
 3.600000 3.013404 -3.039265 184.405321
 3.620000 3.087695 3.117594 188.084256
 3.640000 -3.057052 3.138102 191.955370
 3.660000 -2.852482 3.015910 204.621476
 3.680000 -2.893304 2.844576 205.713166
 3.700000 -2.890289 2.754334 207.713624
 3.720000 -3.029043 2.697243 202.657394
 3.740000 -3.042655 2.780844 200.253158
 3.760000 -3.093958 2.652139 201.625825
 3.780000 -3.004649 2.862419 199.891645
 3.800000 -3.008302 2.746954 202.335122
 3.820000 -2.888112 2.979935 203.240205
 3.840000 -2.948360 2.954725 200.522847
 3.860000 -2.830824 3.103062 204.286502
 3.880000 -2.977119 -3.060576 193.915201
 3.900000 -3.062034 -3.052145 190.112973
 3.920000 -3.049631 -2.988757 189.619723
 3.940000 3.010659 -2.915610 182.825323
 3.960000 3.081948 -2.902341 183.955006
 3.980000 3.051096 -2.964348 183.989315
 4.000000 3.079943 -2.780477 183.195767
 4.020000 -3.122979 -2.870690 185.708643
 4.040000 -3.048174 -2.740628 187.473759
 4.060000 -3.061540 -2.757830 187.053554
 4.080000 -3.014312 -2.682328 188.625031
 4.100000 3.132635 -2.752341 184.326532
 4.120000 3.081329 -2.705056 183.185719
 4.140000 3.140504 -2.879391 185.209288
 4.160000 -3.098688 -2.996504 187.928080
 4.180000 -2.883035 -2.916660 196.688990
 4.200000 -2.892536 3.103750 200.533967
 4.220000 -2.880151 3.108534 201.161437
 4.240000 -3.042098 2.979251 195.775277
 4.260000 -3.105507 3.029212 192.413024
 4.280000 3.089244 2.883024 193.468720
 4.300000 -3.055214 2.886075 197.354822
 4.320000 -3.077668 2.921038 195.753694
 4.340000 -2.868894 3.005541 203.839136
 4.360000 -2.965119 2.980072 199.159568
 4.380000 -2.920359 3.090696 199.232364
 4.400000 -2.966677 -3.112042 195.325070
 4.420000 -3.049701 -3.123317 191.838690
 4.440000 -3.001434 -3.127261 193.960734
 4.460000 -3.048938 -3.095896 191.373740
 4.480000 -3.089888 -2.966165 187.817257
 4.500000 -3.091772 -3.004768 188.285399
 4.520000 3.105368 -2.963604 185.157078
 4.540000 3.131798 -2.938944 185.555485
 4.560000 -3.083385 -2.891851 187.187577
 4.580000 -3.091653 -2.949873 187.548964
 4.600000 -3.037957 -3.027257 190.665342
 4.620000 -3.094278 -2.971146 187.730522
 4.640000 -3.089476 -2.962135 187.779517
 4.660000 -3.125850 -2.970360 186.690311
 4.680000 3.133915 -3.053300 187.225107
 4.700000 -3.033570 -2.950267 189.746640
 4.720000 -2.958275 -2.999922 193.866632
 4.740000 -2.938021 3.113879 197.845356
 4.760000 -2.917819 -3.091666 197.496815
 4.780000 -3.096412 3.072213 191.817240
 4.800000 -3.122383 3.016855 192.148836
 4.820000 3.063627 2.934353 191.696994
 4.840000 -3.078201 2.960602 194.840280
 4.860000 -3.001421 2.986184 197.337698
 4.880000 -2.899245 3.072474 200.755667
 4.900000 -2.945957 3.035146 198.974855
 4.920000 -2.865777 -3.083546 200.331128
 4.940000 -2.991730 -3.044875 192.964007
 4.960000 -3.013340 -3.060022 192.241612
 4.980000 -3.093929 -3.091116 189.611799
 5.000000 3.077200 -3.069549 186.066175
 5.020000 -3.075847 -3.006479 188.879091
 5.040000 3.120142 3.086562 189.512023
 5.060000 -3.104190 -3.113551 189.661875
 5.080000 -3.042474 -2.983180 189.826648
 5.100000 -3.092763 -3.008174 188.301406
 5.120000 -3.089833 -3.012736 188.471462
 5.140000 -3.059137 -3.032157 189.899792
 5.160000 3.114931 -3.008805 186.013951
 5.180000 -2.947449 -2.880562 192.828949
 5.200000 -3.035874 -3.098376 191.947073
 5.220000 -2.946157 -3.121185 196.524357
 5.240000 -2.992192 -3.044889 192.942912
 5.260000 -3.008757 -3.105485 193.235546
 5.280000 -2.932374 2.972017 200.981443
 5.300000 -2.975595 3.015549 197.911040
 5.320000 3.096743 2.980440 191.266980
 5.340000 -3.113017 -3.135971 189.784090
 5.360000 3.096375 3.077162 189.116355
 5.380000 -3.044892 2.997596 195.269609
 5.400000 -2.941007 3.115171 197.665014
 5.420000 -2.976688 -3.039525 193.585238
 5.440000 -2.983023 -3.059811 193.620762
 5.460000 3.068254 3.116512 187.685165
 5.480000 3.033880 -3.093286 185.637465
 5.500000 3.052260 -3.006548 184.564725
 5.520000 3.071257 -3.015764 185.078851
 5.540000 -3.075250 -3.081152 190.107069
 5.560000 -2.944961 -2.891495 193.076259
 5.580000 -3.039234 -2.908282 189.015322
 5.600000 -2.950139 -2.798115 191.918230
 5.620000 -3.022239 -2.822718 188.904369
 5.640000 -3.071829 -2.756041 186.689962
 5.660000 -3.038209 -2.775785 187.985468
 5.680000 -3.126745 -2.841879 185.380348
 5.700000 -3.109408 -2.869084 186.113182
 5.720000 -2.977818 -2.903050 191.622121
 5.740000 -3.020476 -3.062544 191.973747
 5.760000 -2.960720 3.100478 196.944349
 5.780000 -2.943040 -3.088421 196.097787
 5.800000 3.063260 3.064683 188.667771
 5.820000 -3.140882 2.991544 192.168792
 5.840000 2.917204 2.917215 190.757166
 5.860000 3.097674 3.035825 190.034188
 5.880000 -2.996518 3.088286 195.470316
 5.900000 -2.973288 3.017689 197.977132
 5.920000 -2.814910 3.010292 207.104059
 5.940000 -2.936540 3.042470 199.315451
 5.960000 -3.091678 3.077312 191.875320
 5.980000 -2.989348 3.101204 195.550547
 6.000000 -3.136562 3.043756 191.145895
 6.020000 -3.065309 3.103861 192.298375
 6.040000 -2.961805 -3.032313 194.194588
 6.060000 -3.066594 -3.023905 189.485860
 6.080000 -2.902223 -2.869869 195.050543
 6.100000 -2.995372 -2.926686 191.100305
 6.120000 -3.001046 -2.970175 191.411922
 6.140000 -3.080957 -2.785466 186.500444
 6.160000 -3.131564 -2.822210 185.116977
 6.180000 3.098211 -2.771564 183.554938
 6.200000 -3.138328 -2.753603 184.649008
 6.220000 2.979289 -2.837679 181.920212
 6.240000 -3.038347 -2.668862 187.723153
 6.260000 -3.135662 -2.846546 185.154553
 6.280000 -3.041799 -2.930339 189.166486
 6.300000 -3.119289 -2.970180 186.892425
 6.320000 3.124785 -2.917218 185.129627
 6.340000 3.070290 3.017303 189.854541
 6.360000 -3.005842 3.035446 196.109240
 6.380000 -3.097590 2.910294 195.337878
 6.400000 -2.862339 2.981134 204.722431
 6.420000 -2.948381 2.882876 202.040523
 6.440000 -2.937765 2.875279 202.732447
 6.460000 -2.769564 2.854570 213.156842
 6.480000 -2.898411 2.814138 206.059320
 6.500000 -2.844543 2.724090 210.876049
 6.520000 -3.084196 2.797990 198.432598
 6.540000 -3.021964 2.870510 198.991449
 6.560000 3.113928 2.678554 199.207933
 6.580000 -3.107505 2.861544 196.181094
 6.600000 -3.125935 2.784704 197.534758
 6.620000 -3.035596 3.133228 192.906895
 6.640000 3.139076 3.098016 189.796180
 6.660000 -3.107453 3.099627 190.892354
 6.680000 -3.063171 -3.077734 190.501112
 6.700000 -2.977921 -2.843813 191.000647
 6.720000 -2.883459 -2.850591 195.860077
 6.740000 -2.922654 -3.010936 195.876748
 6.760000 -2.974768 -2.777013 190.624374
 6.780000 -3.026912 -2.704178 188.173901
 6.800000 -2.984854 -2.832456 190.584584
 6.820000 -3.080052 -2.914664 187.544349
 6.840000 -3.072085 -2.790891 186.830172
 6.860000 -3.131653 -2.888776 185.607175
 6.880000 -3.064973 -2.960025 188.640353
 6.900000 -3.044372 -3.050072 190.771193
 6.920000 -3.067323 -2.956567 188.507840
 6.940000 -3.054979 -2.934550 188.700638
 6.960000 -3.128950 -3.028615 187.431483
 6.980000 3.117745 -3.098480 187.552103
 7.000000 3.060520 -3.013917 184.830383
 7.020000 3.087809 -2.979797 184.944415
 7.040000 3.009270 3.002079 189.216924
 7.060000 -3.028725 -3.129928 192.818875
 7.080000 -2.985302 3.052656 196.696230
 7.100000 -2.836278 3.057872 204.804935
 7.120000 -2.962397 2.965339 199.602308
 7.140000 -2.935630 3.041798 199.376563
 7.160000 -3.078396 3.088131 192.126506
 7.180000 -2.997547 3.102982 195.138068
 7.200000 -3.141039 2.964328 192.782845
 7.220000 -2.933144 -3.089225 196.630113
 7.240000 -2.939826 -3.136715 197.138068
 7.260000 -2.931083 3.024119 199.971957
 7.280000 -2.926247 3.043248 199.844118
 7.300000 3.044177 3.031448 189.049187
 7.320000 3.130822 -3.118602 188.271908
 7.340000 3.028304 3.110050 187.088146
 7.360000 3.051812 3.060340 188.544585
 7.380000 3.131339 -3.107608 188.086501
 7.400000 -3.129804 -2.829443 185.210679
 7.420000 3.017242 -3.007904 183.994225
 7.440000 -3.018229 -3.001175 191.097628
 7.460000 3.132880 -3.001733 186.399970
 7.480000 -2.930726 -2.936591 194.368836
 7.500000 -3.081470 -2.976530 188.252516
 7.520000 -3.033957 -3.068813 191.510351
 7.540000 -3.080419 3.137205 191.094748
 7.560000 -2.981689 -3.094506 194.284676
 7.580000 -3.070591 -3.095412 190.529523
 7.600000 -2.963972 -3.056676 194.489999
 7.620000 -2.941807 3.067080 198.555308
 7.640000 -2.965352 -3.128494 195.690027
 7.660000 -2.891337 -3.117585 199.446525
 7.680000 -3.088769 3.067678 192.173089
 7.700000 -3.026788 3.076595 194.373723
 7.720000 3.084877 3.001383 190.519011
 7.740000 3.116286 3.005779 191.154304
 7.760000 3.130763 3.080834 189.915856
 7.780000 -3.072582 -3.122155 190.937796
 7.800000 -3.077720 3.128533 191.358038
 7.820000 -2.826245 -2.925221 200.166881
 7.840000 -3.134480 -2.904880 185.674808
 7.860000 -2.980234 -2.766148 190.315898
 7.880000 3.068674 -2.961238 184.296114
 7.900000 -3.126097 -2.802333 185.167920
 7.920000 -3.043606 -2.924328 189.023311
 7.940000 -2.990954 -2.970571 191.875877
 7.960000 -3.006336 -3.072353 192.760851
 7.980000 -2.954042 -2.939478 193.221434
 8.000000 -3.074404 3.124738 191.552655
 8.020000 -3.134744 3.118940 189.651249
 8.040000 3.136620 -3.047915 187.214691
 8.060000 3.106079 -3.088812 187.079483
 8.080000 -2.976423 -2.914158 191.819162
 8.100000 -3.076871 -3.041281 189.380322
 8.120000 -2.959692 -2.927387 192.785674
 8.140000 -3.141066 -2.874006 185.209681
 8.160000 3.141264 -3.100351 188.240795
 8.180000 3.073756 2.995870 190.415418
 8.200000 3.096963 -3.062707 186.407499
 8.220000 3.094726 3.124717 188.105038
 8.240000 -3.081569 -3.086299 189.965763
 8.260000 3.072636 -3.089130 186.306101
 8.280000 -2.975008 -2.893284 191.641575
 8.300000 -2.953667 -2.989065 193.934572
 8.320000 -2.908242 -2.965241 195.965597
 8.340000 -2.823683 -2.865012 199.517275
 8.360000 -2.904162 -3.069883 197.868212
 8.380000 -3.023826 -3.106832 192.604396
 8.400000 -3.108861 3.010923 192.699658
 8.420000 -3.081534 -3.081805 189.889071
 8.440000 2.987140 3.026679 188.382258
 8.460000 -3.099287 2.938363 194.632977
 8.480000 3.049426 2.929379 191.573545
 8.500000 -3.001147 -3.014580 192.053010
 8.520000 -3.085845 -3.091157 189.897122
 8.540000 -3.019909 -3.132961 193.250567
 8.560000 -3.099080 -3.132267 190.179875
 8.580000 -2.983052 -2.932376 191.735324
 8.600000 -3.111362 -3.092549 189.049595
 8.620000 -3.060014 3.054975 193.481203
 8.640000 -3.092681 3.080154 191.782881
 8.660000 -3.060350 -3.073221 190.531869
 8.680000 -3.096149 -3.107123 189.819495
 8.700000 -3.100896 -3.095551 189.450636
 8.720000 -3.085841 -3.011644 188.595534
 8.740000 -2.990082 -2.904735 191.077485
 8.760000 -2.968299 -2.902183 192.060641
 8.780000 -2.991519 -2.941686 191.464151
 8.800000 -2.917820 -2.934627 195.021619
 8.820000 -3.043846 -2.916461 188.923559
 8.840000 -3.127606 -3.137430 189.350343
 8.860000 3.068169 -3.121853 186.809443
 8.880000 3.016276 3.139112 186.318805
 8.900000 3.016112 3.034472 188.548665
 8.920000 3.035270 2.954524 190.728421
 8.940000 3.136588 3.098534 189.715108
 8.960000 -3.087205 -3.049906 189.149328
 8.980000 -2.973160 -3.043054 193.813109
 9.000000 -2.916893 -3.128918 198.219332
 9.020000 -2.892951 -3.059526 198.320802
 9.040000 -2.907819 -3.066176 197.600339
 9.060000 -3.016686 3.082000 194.696847
 9.080000 -3.124109 3.008523 192.278590
 9.100000 -3.032010 2.969152 196.399096
 9.120000 -3.137314 3.001946 192.036480
 9.140000 -3.102842 3.000870 193.114255
 9.160000 -3.044765 3.068110 193.807852
 9.180000 -2.983263 -3.110755 194.500326
 9.200000 -2.923748 -3.080831 196.984377
 9.220000 -3.050765 -2.997584 189.702175
 9.240000 -3.113315 -2.993392 187.400062
 9.260000 -3.118580 -2.929422 186.418020
 9.280000 3.139625 -3.069144 187.652554
 9.300000 -3.123849 -3.134153 189.404774
 9.320000 -3.106546 -3.135167 189.982154
 9.340000 -3.119968 -3.045360 187.976817
 9.360000 -3.093085 3.117640 191.022372
 9.380000 -3.043865 -3.067994 191.091860
 9.400000 -3.034894 -2.941670 189.583647
 9.420000 -3.070552 -2.920382 187.950864
 9.440000 -3.003289 -2.946796 190.999526
 9.460000 -3.032056 -2.957687 189.905403
 9.480000 -2.996207 -2.971087 191.642991
 9.500000 -2.997783 -2.975993 191.639581
 9.520000 -2.987145 -3.127742 194.628558
 9.540000 -2.915311 3.122326 198.901609
 9.560000 -2.966608 -3.091937 194.969402
 9.580000 3.139239 2.942439 193.212389
 9.600000 3.134245 3.032409 191.039967
 9.620000 -3.132134 3.128791 189.537320
 9.640000 -3.101508 3.092431 191.234387
 9.660000 -2.931217 -3.135648 197.571884
 9.680000 -2.931065 3.105077 198.380090
 9.700000 -2.937593 -3.115108 196.858840
 9.720000 -2.959676 3.112646 196.762559
 9.740000 3.125791 3.029628 190.871946
 9.760000 3.101332 3.010583 190.681517
 9.780000 -3.138311 3.138090 189.174079
 9.800000 -3.121111 -3.081952 188.551971
 9.820000 -3.000035 3.118559 194.725776
 9.840000 -2.941688 -3.069874 195.845000
 9.860000 -2.939391 -2.853009 192.936054
 9.880000 -2.907318 -2.832731 194.380848
 9.900000 -3.050468 -2.999753 189.745592
 9.920000 -3.090728 -2.993207 188.155440
 9.940000 3.069610 -2.910618 183.773275
 9.960000 3.080833 -2.983753 184.838982
 9.980000 3.060223 -3.125334 186.714107
 10.000000 3.025606 -3.080018 185.266055
 10.020000 3.116783 -2.983619 185.709364
 10.040000 -3.087522 -2.920298 187.343983
 10.060000 -3.119573 -3.079734 188.562561
 10.080000 -2.937220 -2.896813 193.528713
 10.100000 -3.025881 -2.812542 188.682848
 10.120000 -2.953438 -2.903931 192.801854
 10.140000 -2.996200 -3.046112 192.779059
 10.160000 -3.026747 -3.019650 191.013412
 10.180000 -3.052762 -3.062110 190.638546
 10.200000 -2.920106 -3.139079 198.232175
 10.220000 -3.046200 3.002908 195.104540
 10.240000 -2.868641 -3.037493 199.356494
 10.260000 -3.081272 3.052391 192.751807
 10.280000 -3.139935 3.063864 190.622430
 10.300000 3.082448 3.136059 187.600388
 10.320000 3.112002 -3.010775 185.966528
 10.340000 -3.075869 -3.081978 190.098574
 10.360000 -2.938256 3.114893 197.813710
 10.380000 -3.031473 3.106098 193.597132
 10.400000 -2.963150 -3.078649 194.907384
 10.420000 3.100082 2.997709 190.943913
 10.440000 3.069542 3.010102 190.003640
 10.460000 3.136581 -3.103639 188.163933
 10.480000 -3.127759 -2.989189 186.886860
 10.500000 -3.006245 -3.067598 192.683908
 10.520000 -2.917698 -2.987223 195.779171
 10.540000 -2.938032 -2.810083 192.602447
 10.560000 -2.909759 -2.852077 194.451158
 10.580000 -3.113748 -3.055624 188.343722
 10.600000 -3.103929 -2.968639 187.370792
 10.620000 3.056011 -2.939354 183.796138
 10.640000 3.090277 -3.070812 186.384271
 10.660000 3.070176 3.061896 188.866406
 10.680000 -3.087809 -3.028171 188.779979
 10.700000 -3.048249 -3.019958 190.136231
 10.720000 -2.967830 -3.024793 193.777992
 10.740000 -3.061799 3.097666 192.553608
 10.760000 -2.985778 -3.090529 194.020706
 10.780000 -3.065068 -2.977163 188.863970
 10.800000 -2.999045 -3.115291 193.849779
 10.820000 -3.079461 2.976229 194.447714
 10.840000 -3.046686 3.107499 192.949893
 10.860000 -3.073205 -3.131822 191.093358
 10.880000 -3.030467 3.120171 193.368396
 10.900000 -3.041280 3.029145 194.744785
 10.920000 -3.057283 -3.030913 189.951989
 10.940000 -2.959498 -2.940679 192.967545
 10.960000 -3.106475 -2.977952 187.410183
 10.980000 -3.113910 -2.916234 186.420723
 11.000000 3.107799 -2.850990 184.139528
 11.020000 3.103390 -2.827882 183.894915
 11.040000 -3.078928 -2.972061 188.284009
 11.060000 -3.000335 -2.992605 191.761048
 11.080000 -3.105595 -2.977041 187.427072
 11.100000 -3.052660 -2.991375 189.537827
 11.120000 2.959108 -3.130681 185.404870
 11.140000 3.095850 -2.951331 184.779017
 11.160000 2.996074 -2.921702 182.700305
 11.180000 -3.098688 -2.766924 185.845915
 11.200000 -2.981732 -2.922752 191.676413
 11.220000 -2.868154 -2.791824 196.126511
 11.240000 -2.846265 -2.833688 197.798052
 11.260000 -2.821595 -3.026747 202.070261
 11.280000 -3.017440 3.062087 195.060986
 11.300000 -3.049002 -3.120721 191.818814
 11.320000 3.130366 3.057392 190.397156
 11.340000 3.047017 2.859605 193.316914
 11.360000 3.012434 3.039070 188.394116
 11.380000 3.110530 3.135458 188.281079
 11.400000 -2.999521 -3.066395 192.966469
 11.420000 -2.970740 -3.089531 194.724385
 11.440000 -2.929468 -3.121592 197.406479
 11.460000 -2.990845 -2.939430 191.466014
 11.480000 3.110520 -3.026954 186.172416
 11.500000 3.119049 3.101303 189.181126
 11.520000 2.997986 3.073064 187.449450
 11.540000 3.111698 -3.055701 186.660852
 11.560000 3.120623 -3.076708 187.249167
 11.580000 -3.084975 -3.112440 190.308537
 11.600000 -3.011782 -2.997041 191.316454
 11.620000 -2.911746 -2.798276 193.834501
 11.640000 -2.987309 -2.921728 191.406258
 11.660000 -2.949118 -2.993730 194.233702
 11.680000 -3.093297 -2.961513 187.638940
 11.700000 3.124675 -3.050916 186.928337
 11.720000 3.112947 3.100210 189.045380
 11.740000 3.103032 3.049699 189.859598
 11.760000 -3.075294 3.014000 193.772666
 11.780000 -2.975211 3.112200 196.009132
 11.800000 -2.993536 3.110337 195.180644
 11.820000 -2.997829 3.080011 195.573285
 11.840000 -3.076070 -3.090784 190.244552
 11.860000 -3.114990 -2.950094 186.774302
 11.880000 -3.071364 -3.024654 189.319249
 11.900000 -3.110402 -3.053120 188.411586
 11.920000 -2.928678 -2.907604 194.099762
 11.940000 -3.075916 -3.041586 189.420161
 11.960000 -3.028947 -3.040642 191.252548
 11.980000 -3.087686 -3.027334 188.771241
 12.000000 -3.113110 -2.923269 186.522784
 12.020000 -3.045216 -2.993987 189.870335
 12.040000 -3.102210 -2.956584 187.273419
 12.060000 3.131724 -2.861051 184.821565
 12.080000 -2.977813 -2.869421 191.255116
 12.100000 -3.027501 -2.969532 190.253459
 12.120000 -2.975496 -3.044273 193.720213
 12.140000 -2.905338 -3.035314 197.212738
 12.160000 3.087698 -3.114106 187.092001
 12.180000 -3.051864 3.019749 194.524928
 12.200000 3.037980 2.847628 193.499929
 12.220000 3.125240 3.011159 191.264889
 12.240000 -3.049812 3.012886 194.750439
 12.260000 -3.003941 2.866300 199.835914
 12.280000 -2.933907 2.839171 203.684632
 12.300000 -2.859515 2.938613 205.750641
 12.320000 -2.954014 2.952193 200.293303
 12.340000 -2.914308 2.968798 202.010092
 12.360000 -2.967747 2.775876 203.426294
 12.380000 -2.989960 2.872866 200.301893
 12.400000 -2.998652 3.027862 196.586205
 12.420000 -3.129702 2.971904 192.932616
 12.440000 -3.105143 -3.104496 189.466350
 12.460000 -3.127271 -3.075200 188.243700
 12.480000 -3.049447 -2.934801 188.918066
 12.500000 -3.025658 -2.881004 189.276910
 12.520000 3.136114 -2.814657 184.646085
 12.540000 3.088877 -2.878846 183.905233
 12.560000 3.091908 -2.714844 183.379037
 12.580000 2.985265 -2.859324 182.095054
 12.600000 -3.082712 -2.835965 186.737105
 12.620000 -2.993634 -2.793546 189.898754
 12.640000 -3.031407 -2.904171 189.286233
 12.660000 -2.893999 -2.875946 195.568078
 12.680000 -3.042143 -2.910266 188.921480
 12.700000 -2.922827 -2.938152 194.803734
 12.720000 -3.014166 -3.088623 192.696774
 12.740000 -3.131063 -3.054170 187.775464
 12.760000 -3.131363 3.117438 189.782454
 12.780000 -3.053360 3.106468 192.706502
 12.800000 -3.016385 2.925550 198.001380
 12.820000 -2.826595 2.974783 207.054538
 12.840000 -2.947166 2.854531 202.701525
 12.860000 -3.038560 2.961659 196.299382
 12.880000 -3.082214 2.946362 195.021078
 12.900000 2.988307 2.877588 192.156408
 12.920000 -3.120530 2.992543 192.741735
 12.940000 -3.097640 3.065605 191.911360
 12.960000 -3.081631 -3.112782 190.435025
 12.980000 -2.926980 3.105031 198.598792
 13.000000 -3.021816 -3.046908 191.657226
 13.020000 -3.041514 -3.006990 190.210769
 13.040000 -3.012896 -2.975370 190.958606
 13.060000 3.066955 -3.074403 185.930196
 13.080000 -3.049400 -2.891169 188.432271
 13.100000 -3.119985 -3.079393 188.543628
 13.120000 3.119585 -3.002988 186.052741
 13.140000 -3.079595 -2.871681 187.128464
 13.160000 -3.066128 -2.960504 188.603224
 13.180000 -2.933379 -2.877564 193.503323
 13.200000 -2.911791 -2.858560 194.413505
 13.220000 -3.027092 -2.883742 189.245910
 13.240000 3.103076 -3.011280 185.747323
 13.260000 3.059887 -3.017216 184.866222
 13.280000 2.965975 -3.137096 185.589474
 13.300000 3.138808 -2.972767 186.170951
 13.320000 3.140359 -3.096674 188.149233
 13.340000 -2.886343 -3.057237 198.659526
 13.360000 -2.935614 -3.087823 196.475101
 13.380000 -2.889172 -2.887372 195.970490
 13.400000 -2.981218 -2.939514 191.911885
 13.420000 -3.079659 -2.948022 187.948632
 13.440000 2.991286 -3.001837 183.566680
 13.460000 3.110990 -2.863332 184.304854
 13.480000 3.027231 -2.957331 183.497209
 13.500000 -3.087243 -3.080579 189.663457
 13.520000 -2.853769 -2.998241 199.599972
 13.540000 -3.015586 -3.039051 191.798841
 13.560000 -2.797596 -2.966790 202.622503
 13.580000 -3.100667 -3.001818 187.937784
 13.600000 3.109963 -2.933758 184.922215
 13.620000 -3.124908 -2.950352 186.465461
 13.640000 3.125376 -2.900683 184.985125
 13.660000 -3.108555 -3.047658 188.383121
 13.680000 -2.831733 -2.961615 200.371375
 13.700000 -3.026369 -3.103363 192.433813
 13.720000 -2.961139 3.125414 196.446418
 13.740000 -3.071512 3.115029 191.847716
 13.760000 3.056558 -3.135592 186.838624
 13.780000 -3.068637 3.135424 191.563276
 13.800000 3.123827 2.978413 191.969505
 13.820000 -3.132101 3.097532 190.158484
 13.840000 -3.029237 -3.037727 191.193359
 13.860000 -3.034882 -3.102584 192.063209
 13.880000 -2.970325 3.074372 196.979697
 13.900000 -2.961929 3.118222 196.543843
 13.920000 -3.136909 3.141345 189.153305
 13.940000 -3.014326 -3.066827 192.313087
 13.960000 3.001032 2.972166 189.846642
 13.980000 3.136765 3.106154 189.566096
 14.000000 -3.131703 -3.019488 187.207212
 14.020000 -3.123097 -2.924213 186.219459
 14.040000 -3.016026 -3.026646 191.581927
 14.060000 -2.960698 -2.883578 192.213884
 14.080000 -2.933956 -2.790676 192.647520
 14.100000 -2.868203 -2.859089 196.812941
 14.120000 -2.984053 -3.041303 193.263942
 14.140000 -2.995664 -3.030322 192.547671
 14.160000 -3.058540 -2.990147 189.292535
 14.180000 3.068583 3.051991 189.048969
 14.200000 -3.122690 3.082707 190.747853
 14.220000 3.105013 3.123812 188.371535
 14.240000 -3.028199 -3.113010 192.530764
 14.260000 -2.957710 -3.119273 195.902041
 14.280000 -3.081045 3.067395 192.451361
 14.300000 -3.077457 -3.099534 190.348647
 14.320000 -3.106868 -3.115810 189.613406
 14.340000 3.123051 3.045227 190.460681
 14.360000 -2.949140 3.028967 198.937369
 14.380000 -2.998251 3.084974 195.456087
 14.400000 -2.955988 3.070122 197.771865
 14.420000 -2.989836 3.018448 197.182482
 14.440000 3.057142 3.034987 189.201844
 14.460000 -3.068075 -3.071119 190.202135
 14.480000 -3.138658 -3.090062 188.155571
 14.500000 -3.099502 3.097510 191.199885
 14.520000 -2.967737 -3.049362 194.182007
 14.540000 -2.994333 -2.963068 191.618490
 14.560000 -3.024809 -3.098630 192.415391
 14.580000 -3.049376 3.083407 193.318209
 14.600000 3.092881 3.132873 187.900711
 14.620000 -3.060827 -3.055145 190.208920
 14.640000 -3.132031 3.090119 190.311134
 14.660000 -3.097653 3.094473 191.323454
 14.680000 -2.923185 3.122055 198.477850
 14.700000 -3.026339 -3.015844 190.972369
 14.720000 -3.037025 -3.097246 191.879515
 14.740000 -3.031104 3.128980 193.174025
 14.760000 3.099805 -3.111871 187.337136
 14.780000 -3.008615 -3.042821 192.166434
 14.800000 -3.123559 3.071222 190.957324
 14.820000 -3.107906 3.098174 190.906628
 14.840000 -3.083637 3.106510 191.573105
 14.860000 3.120385 -3.099006 187.631896
 14.880000 -3.082538 -3.099365 190.160969
 14.900000 -3.062497 -3.116137 191.208166
 14.920000 -3.038828 -3.064630 191.239056
 14.940000 -2.948033 -2.948512 193.642963
 14.960000 -2.972548 -2.898067 191.811630
 14.980000 -3.102668 -3.025802 188.231840
 15.000000 -3.012128 -2.922267 190.305661
 15.020000 3.112797 -3.040954 186.450383
 15.040000 -3.073600 -2.975597 188.525362
 15.060000 -3.032779 -3.013329 190.664248
 15.080000 -3.128069 -3.032606 187.520788
 15.100000 -3.033678 -2.981291 190.158614
 15.120000 -3.073112 -2.995481 188.819440
 15.140000 3.103756 -3.015084 185.820749
 15.160000 -3.079486 -2.938104 187.833452
 15.180000 3.014719 -3.070674 184.936921
 15.200000 3.091812 -3.063077 186.290289
 15.220000 -3.058831 -2.928073 188.476201
 15.240000 3.059528 -3.087374 186.004825
 15.260000 -2.967102 -2.998531 193.410448
 15.280000 -3.114049 -3.071959 188.607133
 15.300000 -3.062751 -2.970171 188.857585
 15.320000 -3.017008 -2.993159 191.032223
 15.340000 -3.083046 -3.035407 189.063078
 15.360000 -3.093600 -3.081517 189.456376
 15.380000 -2.962287 -2.893525 192.248464
 15.400000 3.127803 -3.071457 187.355801
 15.420000 -3.031704 -3.064024 191.522710
 15.440000 -3.065824 -3.000042 189.157235
 15.460000 -3.036704 -2.927686 189.339615
 15.480000 -2.934198 -2.993693 195.001440
 15.500000 -3.026056 -3.093402 192.269636
 15.520000 -3.073221 -2.983779 188.651277
 15.540000 3.127502 -3.059240 187.142890
 15.560000 3.020554 3.114029 186.886942
 15.580000 3.052652 3.038856 189.032701
 15.600000 -3.134734 -3.078439 188.071523
 15.620000 -3.083180 3.060661 192.513476
 15.640000 -2.890198 3.014836 202.410743
 15.660000 -3.025897 3.022001 195.522960
 15.680000 -2.992147 3.123312 194.997235
 15.700000 3.139548 3.018833 191.484179
 15.720000 -3.134238 2.996828 192.239368
 15.740000 -3.055088 2.990778 195.021464
 15.760000 -3.006570 3.067836 195.422137
 15.780000 -2.995635 3.120554 194.888803
 15.800000 -2.941074 2.951360 200.963480
 15.820000 -2.978897 3.005519 197.963357
 15.840000 -3.026297 3.082187 194.283349
 15.860000 -3.041656 -3.120197 192.104554
 15.880000 3.124053 3.086526 189.616402
 15.900000 -2.999219 -3.007946 192.038763
 15.920000 3.137394 -3.006898 186.602714
 15.940000 -3.132128 -3.046336 187.615466
 15.960000 3.074516 -3.012332 185.098440
 15.980000 3.069274 -2.926992 183.927306
 16.000000 3.091247 -2.997808 185.267406
 16.020000 -3.007601 -3.042193 192.201206
 16.040000 -3.100897 -3.016100 188.142393
 16.060000 -2.889101 -2.921152 196.408165
 16.080000 -2.965592 -2.971317 193.087032
 16.100000 -2.999857 -2.984208 191.661563
 16.120000 -2.972755 -3.015480 193.393139
 16.140000 -3.071650 -3.013621 189.139904
 16.160000 -3.061087 -2.959950 188.786187
 16.180000 -3.087207 -3.136140 190.665740
 16.200000 -2.973865 3.131684 195.704028
 16.220000 -3.096141 -3.077925 189.306892
 16.240000 -2.931438 3.112833 198.211903
 16.260000 3.104200 2.971804 191.640420
 16.280000 -3.042634 -3.101852 191.732779
 16.300000 3.048569 3.011570 189.581208
 16.320000 3.075609 3.039194 189.473194
 16.340000 -3.109666 3.121888 190.379762
 16.360000 -3.009066 -3.040722 192.112348
 16.380000 -2.966228 3.129132 196.124284
 16.400000 -2.846070 -3.017187 200.379031
 16.420000 -3.093170 -3.104669 189.878743
 16.440000 -3.095526 -2.971187 187.688247
 16.460000 3.089491 -2.940982 184.512809
 16.480000 -3.137676 -3.037219 187.302862
 16.500000 -3.010779 -3.037989 191.992396
 16.520000 -3.050658 -2.910469 188.589735
 16.540000 -2.912053 -2.966875 195.782163
 16.560000 -2.902318 -3.069538 197.965441
 16.580000 -2.913606 -3.048580 196.979941
 16.600000 -3.017571 -3.011406 191.279772
 16.620000 -3.024963 -3.023501 191.148657
 16.640000 3.094562 3.115893 188.277246
 16.660000 -3.098650 -3.052127 188.788262
 16.680000 3.118641 3.025873 190.767622
 16.700000 -3.090872 3.085377 191.739707
 16.720000 -3.088319 3.092264 191.690190
 16.740000 -3.106071 2.956169 194.009171
 16.760000 -3.045370 3.031175 194.539739
 16.780000 -3.116542 3.062788 191.351497
 16.800000 -3.013871 3.074799 194.961821
 16.820000 -2.967112 3.103115 196.577517
 16.840000 -2.969128 3.069667 197.130401
 16.860000 -2.988691 3.110093 195.410183
 16.880000 -3.014877 -3.040853 191.858942
 16.900000 -3.044314 -3.015643 190.227929
 16.920000 -2.988071 -3.033984 192.956257
 16.940000 -3.001250 -3.103079 193.528382
 16.960000 -3.047332 -2.962574 189.353535
 16.980000 3.126380 -2.966330 185.738785
 17.000000 -3.090732 -3.029982 188.705799
 17.020000 3.100921 -3.057381 186.415952
 17.040000 -3.095308 -2.958076 187.526021
 17.060000 -3.083644 -2.975172 188.156542
 17.080000 -3.031395 -2.928220 189.562383
 17.100000 -2.947270 -3.028222 194.860060
 17.120000 -3.046088 -3.084868 191.293375
 17.140000 -3.064953 -3.007693 189.302473
 17.160000 -3.034353 -3.058983 191.327920
 17.180000 -3.120644 3.010909 192.331515
 17.200000 -3.014551 3.102955 194.379297
 17.220000 -3.133663 3.063929 190.804274
 17.240000 3.126270 2.963346 192.380265
 17.260000 -3.049899 3.137459 192.248324
 17.280000 -3.073413 3.075091 192.570970
 17.300000 -2.933063 3.128416 197.830125
 17.320000 -2.894681 -3.139161 199.652474
 17.340000 -2.959545 -3.094458 195.364622
 17.360000 -2.922201 -3.082376 197.095006
 17.380000 -3.065032 3.004310 194.355660
 17.400000 3.075286 3.053979 189.143276
 17.420000 3.105994 3.076757 189.356191
 17.440000 3.126239 -3.126406 188.289804
 17.460000 -3.102238 3.114291 190.775215
 17.480000 -2.938516 -3.076619 196.126982
 17.500000 -2.978250 -3.022449 193.237357
 17.520000 -2.854267 -2.753444 196.589392
 17.540000 -2.938814 -2.895970 193.437805
 17.560000 -3.066547 -2.985442 188.922411
 17.580000 3.122178 -2.861752 184.575307
 17.600000 -3.086146 -2.803727 186.419955
 17.620000 -3.137500 -3.062351 187.716962
 17.640000 -2.915182 -3.032915 196.631115
 17.660000 -3.072576 -3.074443 190.090652
 17.680000 -3.035380 -3.023115 190.706521
 17.700000 -3.112977 -3.055844 188.372371
 17.720000 2.987920 -3.011531 183.661714
 17.740000 3.054119 -3.064202 185.499370
 17.760000 3.078525 -2.843359 183.434111
 17.780000 3.107822 -2.955401 185.117692
 17.800000 -2.973435 -2.973701 192.741346
 17.820000 -2.973379 -3.087827 194.566079
 17.840000 -3.007118 -3.108373 193.360504
 17.860000 -2.868988 -3.112087 200.656454
 17.880000 2.949192 2.872264 192.059993
 17.900000 3.125731 3.064304 190.125174
 17.920000 3.054469 3.024717 189.383938
 17.940000 3.046540 -3.130220 186.546872
 17.960000 -3.016013 -3.013428 191.378038
 17.980000 -2.951675 -2.900251 192.844833
 18.000000 -2.858456 -2.897400 197.847837
 18.020000 -2.750398 -2.859972 204.161949
 18.040000 -2.913811 -2.876015 194.501458
 18.060000 -2.953102 -2.888395 192.637127
 18.080000 -2.961785 -3.011006 193.860914
 18.100000 2.940192 3.076201 186.880793
 18.120000 -3.113297 -3.118944 189.459254
 18.140000 3.017502 3.093304 187.272700
 18.160000 3.078432 3.128374 187.663135
 18.180000 -3.077224 3.040425 193.144933
 18.200000 -3.075297 -3.092764 190.307951
 18.220000 -3.051097 -3.049993 190.502235
 18.240000 -3.033523 -3.017199 190.692246
 18.260000 3.055360 3.118492 187.389482
 18.280000 -3.055907 -3.007185 189.641969
 18.300000 -3.075809 -3.027802 189.204888
 18.320000 -3.019164 3.039880 195.438126
 18.340000 -2.912218 -3.122273 198.354911
 18.360000 -3.025944 3.138966 193.202809
 18.380000 -2.914101 -2.993739 196.072421
 18.400000 -3.036436 3.081838 193.869184
 18.420000 -3.081354 3.125881 191.277393
 18.440000 3.123772 -3.013314 186.316892
 18.460000 -3.127133 -2.924829 186.102726
 18.480000 3.046935 3.043956 188.817008
 18.500000 -3.048467 -3.139759 192.193074
 18.520000 -3.132193 -3.081017 188.192569
 18.540000 -2.967621 -3.087909 194.848626
 18.560000 -3.029094 2.917521 197.652338
 18.580000 -2.960061 2.960248 199.823894
 18.600000 -3.021861 3.126964 193.603368
 18.620000 -3.029710 3.104575 193.700297
 18.640000 3.089698 3.099394 188.499190
 18.660000 -3.080261 3.091420 191.993294
 18.680000 -3.056380 -3.062522 190.504058
 18.700000 -2.946433 -3.054160 195.331825
 18.720000 -2.940952 -3.099810 196.408086
 18.740000 -3.002612 -3.060461 192.726338
 18.760000 -2.982141 -2.974116 192.334413
 18.780000 -3.141446 -3.079602 187.892250
 18.800000 3.034339 -3.074113 185.307222
 18.820000 3.115479 -2.924478 184.961792
 18.840000 -3.054864 -2.913634 188.462613
 18.860000 -3.090883 -3.002147 188.277856
 18.880000 -3.027147 -3.032649 191.200295
 18.900000 -3.112895 -2.858884 185.921862
 18.920000 -3.070930 -2.973078 188.590051
 18.940000 -3.088412 3.137893 190.795559
 18.960000 -3.123447 -3.136730 189.465889
 18.980000 3.132792 -3.092604 187.860502
 19.000000 -3.098152 -3.123770 190.054097
 19.020000 -3.109780 2.980521 193.343088
 19.040000 -2.954886 3.004203 199.159636
 19.060000 -2.988271 3.073408 196.144177
 19.080000 -2.941038 -3.091129 196.249434
 19.100000 -2.903756 3.129308 199.412114
 19.120000 -2.939536 3.075852 198.501400
 19.140000 -2.965311 3.075391 197.205071
 19.160000 -3.047091 2.987832 195.393275
 19.180000 -3.066861 2.980635 194.802380
 19.200000 -3.090681 3.089681 191.659572
 19.220000 -3.124743 2.971816 193.080516
 19.240000 -3.100090 2.915510 195.136134
 19.260000 -3.091027 3.095140 191.537976
 19.280000 -3.094222 -3.093926 189.650973
 19.300000 -2.983318 -3.057817 193.573113
 19.320000 -3.036411 -3.112707 192.182546
 19.340000 -3.115468 3.133600 189.964057
 19.360000 -3.139577 -2.922619 185.709502
 19.380000 3.074280 -2.927030 184.031230
 19.400000 -3.082611 -3.071063 189.666065
 19.420000 -2.890980 -3.090356 198.975280
 19.440000 -2.960937 -2.916074 192.582566
 19.460000 -2.858985 -2.946117 198.490119
 19.480000 -2.949638 3.049703 198.496742
 19.500000 3.123117 3.051402 190.329902
 19.520000 -3.054025 -3.106763 191.366849
 19.540000 2.999770 3.021544 188.641720
 19.560000 -3.087820 2.962341 194.469436
 19.580000 -2.992741 2.949751 198.508453
 19.600000 -3.016721 2.961656 197.198726
 19.620000 -2.949541 3.017508 199.152534
 19.640000 -3.027016 3.091310 194.072952
 19.660000 -3.137084 2.927176 193.760420
 19.680000 -2.998178 3.081538 195.527250
 19.700000 -3.135448 3.065353 190.721837
 19.720000 -3.019886 3.074490 194.708247
 19.740000 -3.030133 3.100639 193.759323
 19.760000 -3.012516 -3.087836 192.755253
 19.780000 -2.990974 -3.112352 194.167810
 19.800000 -3.062172 -3.112358 191.151986
 19.820000 3.116749 -2.850478 184.356750
 19.840000 -3.086354 -2.869964 186.878500
 19.860000 3.109707 -2.915013 184.719947
 19.880000 -3.115021 -2.794049 185.455372
 19.900000 -3.127867 -2.685376 184.900167
 19.920000 3.038536 -2.958189 183.692094
 19.940000 -3.001805 -2.885788 190.343260
 19.960000 -3.046951 -2.974666 189.530406
 19.980000 -2.979386 -3.060090 193.798377
 20.000000 -3.010528 3.132377 193.993388
