#! FIELDS time phi psi metad.bias
#! SET min_phi -pi
#! SET max_phi pi
#! SET min_psi -pi
#! SET max_psi pi
 0.000000 3.141580 -3.141577 123.425812
 0.020000 -3.022558 2.566522 121.744225
 0.040000 -3.044613 2.541783 120.546976
 0.060000 -3.012409 2.589035 122.465183
 0.080000 -3.032774 2.585665 121.597465
 0.100000 -3.072374 2.565058 119.802702
 0.120000 -3.058336 2.555877 120.208887
 0.140000 -3.050701 2.613504 121.267323
 0.160000 -3.076868 2.619750 120.352666
 0.180000 -3.039515 2.587728 121.358845
 0.200000 -3.077842 2.638770 120.567077
 0.220000 -2.991024 2.716888 125.161805
 0.240000 -2.935078 2.702297 127.470361
 0.260000 -3.013426 2.664396 123.471019
 0.280000 -3.046757 2.687831 122.430326
 0.300000 -3.043804 2.667036 122.266470
 0.320000 3.127175 2.645136 117.893037
 0.340000 3.132195 2.539104 116.783699
 0.360000 -3.111766 2.568676 118.438902
 0.380000 -3.094210 2.580960 119.211546
 0.400000 -3.006512 2.524843 121.820456
 0.420000 -3.019313 2.498687 120.956848
 0.440000 -3.043220 2.472260 119.697565
 0.460000 -3.047203 2.461570 119.415136
 0.480000 -3.086106 2.498023 118.464149
 0.500000 -3.084957 2.482090 118.311965
 0.520000 -3.020192 2.479032 120.661854
 0.540000 -3.006834 2.471130 121.079885
 0.560000 -2.958286 2.555668 124.278477
 0.580000 -2.956163 2.500411 123.570649
 0.600000 -2.955701 2.562265 124.487084
 0.620000 -2.838688 2.587849 130.350643
 0.640000 -2.946563 2.556898 124.809864
 0.660000 -2.952748 2.586617 124.971969
 0.680000 -3.031492 2.507782 120.603208
 0.700000 -3.111041 2.591492 118.751448
 0.720000 -3.114908 2.478764 117.254947
 0.740000 -3.114690 2.525995 117.815002
 0.760000 3.109775 2.457158 115.213688
 0.780000 -3.037578 2.605072 121.669682
 0.800000 3.137307 2.581519 117.453657
 0.820000 -3.033901 2.626432 122.106922
 0.840000 -3.124840 2.580931 118.145006
 0.860000 -3.009195 2.678477 123.845766
 0.880000 -3.056659 2.624281 121.181829
 0.900000 -2.963237 2.705841 126.234434
 0.920000 -3.140016 2.553476 117.305974
 0.940000 -3.047945 2.675728 122.219167
 0.960000 3.088050 2.582430 115.938509
 0.980000 3.108090 2.606164 116.818593
 1.000000 3.106056 2.516393 115.730017
 1.020000 -3.074444 2.600110 120.183471
 1.040000 -2.982530 2.678470 124.989417
 1.060000 -2.918029 2.659063 127.629267
 1.080000 -2.973165 2.646422 124.941486
 1.100000 -3.001047 2.668468 124.049399
 1.120000 -3.027842 2.645507 122.614012
 1.140000 -3.041751 2.611397 121.589609
 1.160000 -3.058890 2.523508 119.768501
 1.180000 -3.051076 2.398854 118.514439
 1.200000 -3.041537 2.296327 117.708939
 1.220000 -3.098159 2.220451 115.227315
 1.240000 -2.954750 2.312819 121.079230
 1.260000 -2.943529 2.300426 121.368456
 1.280000 -2.898834 2.391126 124.471632
 1.300000 -2.868599 2.285115 124.288502
 1.320000 -2.903196 2.307736 123.117635
 1.340000 -2.927710 2.306097 122.079036
 1.360000 -2.916015 2.229282 121.587827
 1.380000 -2.923598 2.308205 122.274812
 1.400000 -2.937316 2.183043 120.233485
 1.420000 -2.902362 2.315779 123.261850
 1.440000 -3.136747 2.214151 114.119019
 1.460000 -3.088915 2.248926 115.737781
 1.480000 3.137320 2.312062 114.635510
 1.500000 -2.888513 2.569295 127.645878
 1.520000 -2.863033 2.531754 128.268559
 1.540000 -2.803735 2.567184 131.764298
 1.560000 -2.983781 2.540052 122.966984
 1.580000 -3.017644 2.679225 123.502286
 1.600000 3.037061 2.590338 114.612507
 1.620000 3.084203 2.676871 116.907566
 1.640000 3.028295 2.622729 114.725973
 1.660000 -3.074586 2.730714 121.896711
 1.680000 -3.070497 2.667610 121.226758
 1.700000 -3.023411 2.785190 124.687954
 1.720000 -2.939244 2.844086 129.232963
 1.740000 -2.943982 2.815939 128.639724
 1.760000 -2.944393 2.824687 128.735412
 1.780000 -3.078151 2.749614 122.001392
 1.800000 3.072800 2.849275 118.502953
 1.820000 2.970495 2.836466 115.504250
 1.840000 3.029759 2.755625 116.209124
 1.860000 3.109192 2.608102 116.875677
 1.880000 -2.991569 2.720815 125.192729
 1.900000 -3.024305 2.658418 122.937703
 1.920000 -2.986176 2.726019 125.500817
 1.940000 -3.081333 2.647002 120.544190
 1.960000 -3.096734 2.679988 120.398224
 1.980000 -3.108847 2.634855 119.380098
 2.000000 -3.052463 2.699742 122.362102
 2.020000 -3.062054 2.755616 122.713580
 2.040000 -2.945047 2.692985 126.875489
 2.060000 -2.979021 2.583295 123.782083
 2.080000 -3.079213 2.549690 119.354343
 2.100000 -3.091292 2.566652 119.133474
 2.120000 -3.134049 2.673291 118.977261
 2.140000 3.126642 2.799301 119.726745
 2.160000 -3.121177 2.738343 120.241466
 2.180000 3.122203 2.763327 119.149867
 2.200000 3.059658 2.788664 117.437177
 2.220000 -3.076802 2.831703 123.077201
 2.240000 -3.081324 2.838748 122.982488
 2.260000 -2.995206 2.671223 124.337686
 2.280000 -2.928557 2.639575 126.847587
 2.300000 -3.024980 2.614051 122.297777
 2.320000 -3.083207 2.590401 119.732066
 2.340000 -3.109888 2.519600 117.901408
 2.360000 -3.136099 2.505650 116.871650
 2.380000 -3.025435 2.379581 119.210027
 2.400000 -2.864951 2.421711 126.453676
 2.420000 -2.897047 2.412077 124.856236
 2.440000 -2.791487 2.405593 129.695088
 2.460000 -2.847048 2.335259 125.968492
 2.480000 -2.935206 2.244746 121.017422
 2.500000 -2.996547 2.219065 118.458485
 2.520000 -2.981147 2.317910 120.122311
 2.540000 -3.079671 2.287154 116.371116
 2.560000 -3.073444 2.196006 115.753489
 2.580000 -3.100392 2.096932 114.337287
 2.600000 -3.101685 2.182569 114.839541
 2.620000 -3.012873 2.134204 117.128775
 2.640000 -2.951419 2.255239 120.513461
 2.660000 -2.992535 2.276237 119.214704
 2.680000 -2.910032 2.389831 123.964643
 2.700000 -2.984141 2.374402 120.706501
 2.720000 -3.016505 2.341280 119.085079
 2.740000 -3.047609 2.385407 118.481275
 2.760000 -2.966762 2.517824 123.368663
 2.780000 -2.911917 2.543278 126.161384
 2.800000 -2.808017 2.492844 130.318922
 2.820000 -2.927489 2.513494 125.012644
 2.840000 -2.911180 2.674466 128.182278
 2.860000 -3.113454 2.712168 120.194051
 2.880000 3.138639 2.706964 119.028348
 2.900000 -3.111610 2.657583 119.570652
 2.920000 -3.121406 2.813542 121.150453
 2.940000 -3.133742 2.840929 121.017500
 2.960000 3.114235 2.846185 119.833365
 2.980000 3.101104 2.912336 120.089051
 3.000000 3.057236 2.889777 118.442627
 3.020000 3.088326 2.856291 119.077187
 3.040000 3.085039 2.939749 119.825512
 3.060000 -3.085021 2.982994 124.391899
 3.080000 3.133980 2.958389 121.698097
 3.100000 -2.951416 2.961629 130.052308
 3.120000 -3.084643 2.766844 121.968031
 3.140000 -2.994882 2.871852 127.023435
 3.160000 -3.045523 2.795590 123.896795
 3.180000 -2.961901 2.696769 126.165032
 3.200000 -3.051500 2.505242 119.809681
 3.220000 -2.956715 2.451257 122.847183
 3.240000 -2.876998 2.401943 125.603926
 3.260000 -2.962021 2.348010 121.239154
 3.280000 -2.904716 2.219028 121.915099
 3.300000 -2.945886 2.269761 120.900045
 3.320000 -2.927754 2.228623 121.116964
 3.340000 -2.980686 2.098096 117.890038
 3.360000 -2.933536 2.048056 119.074564
 3.380000 -2.962709 2.029798 117.946290
 3.400000 -2.908029 1.885787 118.728585
 3.420000 -3.096572 1.864341 113.752565
 3.440000 -3.117678 1.782921 113.378293
 3.460000 -3.069505 1.687801 114.276986
 3.480000 -3.036765 1.777483 114.908050
 3.500000 -2.791906 1.816526 122.163819
 3.520000 -2.806303 1.743607 121.088066
 3.540000 -2.765230 1.726584 122.359374
 3.560000 -2.675585 1.925149 127.988591
 3.580000 -2.627419 1.744637 127.800757
 3.600000 -2.686854 1.855510 126.650519
 3.620000 -2.608491 1.797780 129.253645
 3.640000 -2.743346 1.872964 124.541721
 3.660000 -2.804909 1.900851 122.436369
 3.680000 -2.825277 1.864038 121.365753
 3.700000 -2.862680 1.909870 120.416352
 3.720000 -2.843679 1.885205 120.886959
 3.740000 -2.927232 1.983848 118.771141
 3.760000 -2.996065 2.008647 116.756565
 3.780000 -3.088781 2.067969 114.491725
 3.800000 -3.035258 2.280871 117.760793
 3.820000 -3.136088 2.326985 115.042715
 3.840000 -3.070557 2.402083 117.873072
 3.860000 3.109454 2.372329 114.396336
 3.880000 3.112869 2.546374 116.269620
 3.900000 -3.130949 2.515792 117.155330
 3.920000 3.049510 2.572716 114.753983
 3.940000 3.049497 2.557995 114.598950
 3.960000 -3.087856 2.707382 121.084742
 3.980000 3.063222 2.778996 117.437340
 4.000000 -3.025316 2.868928 125.653649
 4.020000 -3.053388 2.829189 123.992661
 4.040000 -3.020388 2.903645 126.273908
 4.060000 -2.947938 3.028380 130.860856
 4.080000 -2.934124 2.931711 130.551474
 4.100000 -2.981356 2.936417 128.387015
 4.120000 -2.934763 2.899907 130.149486
 4.140000 -2.996251 2.840435 126.572344
 4.160000 -3.069406 2.834129 123.402057
 4.180000 -3.120728 2.752020 120.427208
 4.200000 3.082540 2.659868 116.661453
 4.220000 -3.130166 2.793742 120.594550
 4.240000 3.097639 2.614532 116.594881
 4.260000 -3.112871 2.578647 118.526009
 4.280000 -3.067511 2.624248 120.765255
 4.300000 -3.074781 2.476204 118.598927
 4.320000 3.106993 2.352502 114.156376
 4.340000 -3.063946 2.280911 116.811431
 4.360000 -3.047708 2.376379 118.374080
 4.380000 -2.914731 2.385570 123.701314
 4.400000 -2.908317 2.336267 123.288928
 4.420000 -2.934514 2.214785 120.692934
 4.440000 -2.869078 2.260171 123.923940
 4.460000 -2.913435 2.380538 123.686035
 4.480000 -2.851312 2.305346 125.337460
 4.500000 -2.836084 2.276036 125.594066
 4.520000 -2.864834 2.304501 124.725881
 4.540000 -2.826527 2.363610 127.346277
 4.560000 -2.969365 2.337997 120.822741
 4.580000 -3.104184 2.267845 115.448137
 4.600000 -3.012657 2.388663 119.794533
 4.620000 3.135617 2.452758 115.934427
 4.640000 -3.044519 2.519073 120.252001
 4.660000 -3.136496 2.535023 117.199448
 4.680000 3.132089 2.580588 117.273536
 4.700000 -3.112303 2.657515 119.545010
 4.720000 -3.130772 2.708593 119.528340
 4.740000 3.105368 2.657750 117.341365
 4.760000 -3.083605 2.805439 122.490147
 4.780000 3.063258 2.832976 118.029816
 4.800000 -3.136744 2.812916 120.584272
 4.820000 3.138067 2.827139 120.449440
 4.840000 -3.124518 2.850907 121.470363
 4.860000 -2.860904 2.974121 134.648744
 4.880000 -2.883401 2.883246 132.457639
 4.900000 -2.928553 2.795987 129.100615
 4.920000 -2.926751 2.809399 129.367352
 4.940000 -2.989018 2.806713 126.461333
 4.960000 -3.081678 2.689835 121.091703
 4.980000 -2.983611 2.558709 123.238113
 5.000000 -3.080591 2.500750 118.692488
 5.020000 -2.970147 2.511507 123.135371
 5.040000 -3.069441 2.333953 117.168758
 5.060000 3.127384 2.214247 113.632069
 5.080000 -3.110537 2.145223 114.351708
 5.100000 -3.111643 2.191202 114.627729
 5.120000 -2.953593 2.203841 119.848687
 5.140000 -3.022422 2.194994 117.344410
 5.160000 -2.954079 2.109356 118.896719
 5.180000 -3.003999 2.169887 117.726145
 5.200000 -2.886893 2.245130 122.970929
 5.220000 -2.970505 2.034951 117.731646
 5.240000 -2.882910 2.189570 122.442097
 5.260000 -2.898596 2.106761 120.900255
 5.280000 -2.808992 2.327653 127.611043
 5.300000 -2.973216 2.193322 119.020683
 5.320000 -2.920392 2.108238 120.098651
 5.340000 -2.975177 2.367719 120.972062
 5.360000 -3.028406 2.416997 119.555878
 5.380000 -2.934306 2.506691 124.610404
 5.400000 -2.992197 2.476037 121.730463
 5.420000 -3.022374 2.685321 123.390363
 5.440000 -2.935058 2.728779 127.853474
 5.460000 -3.019585 2.823829 125.345998
 5.480000 3.110981 2.843638 119.694047
 5.500000 -2.898401 2.964885 132.660303
 5.520000 3.118473 2.872604 120.268784
 5.540000 -3.050805 2.861291 124.487260
 5.560000 3.109034 2.837262 119.556937
 5.580000 2.966260 2.892406 115.948678
 5.600000 3.071509 2.986054 119.818149
 5.620000 3.011376 2.820407 116.394619
 5.640000 3.136727 2.849289 120.654316
 5.660000 -3.024621 3.042902 127.475918
 5.680000 -3.050152 3.090590 126.744193
 5.700000 -3.035538 2.940151 126.021433
 5.720000 -2.957905 2.923546 129.329725
 5.740000 -3.116059 2.833065 121.578790
 5.760000 -2.992134 2.780239 125.975316
 5.780000 -3.103883 2.661557 119.900026
 5.800000 3.138273 2.551201 117.120484
 5.820000 -2.992368 2.490026 121.915119
 5.840000 -3.044034 2.383938 118.590888
 5.860000 -2.994283 2.236301 118.717286
 5.880000 -2.878468 2.286561 123.882133
 5.900000 -2.889498 2.225496 122.613350
 5.920000 -2.881125 2.155249 122.111600
 5.940000 -2.954817 1.915599 117.460626
 5.960000 -3.043707 1.912351 115.023924
 5.980000 -3.039122 2.088305 115.980130
 6.000000 -2.909095 1.886629 118.700012
 6.020000 -2.956058 1.964633 117.708362
 6.040000 -2.809268 1.855163 121.866263
 6.060000 -2.856393 1.967209 121.123897
 6.080000 -2.738268 1.985197 126.032965
 6.100000 -2.848985 1.932629 121.090924
 6.120000 -2.760447 1.971161 124.932096
 6.140000 -2.835787 1.940427 121.644894
 6.160000 -2.917648 2.036252 119.528417
 6.180000 -2.901933 1.824311 118.554552
 6.200000 -3.097628 1.812418 113.716133
 6.220000 -3.077944 1.890702 114.176556
 6.240000 -3.109312 1.969905 113.649906
 6.260000 -3.020217 1.965367 115.834897
 6.280000 -3.023116 2.155300 116.971700
 6.300000 -2.888866 2.334830 124.104271
 6.320000 -2.996299 2.220853 118.485464
 6.340000 -2.822666 2.463076 129.111421
 6.360000 -2.946650 2.329305 121.611508
 6.380000 -2.833383 2.509844 129.348931
 6.400000 -2.989450 2.597826 123.544669
 6.420000 -3.061853 2.595387 120.595223
 6.440000 3.100513 2.657960 117.191212
 6.460000 -3.131739 2.641414 118.661894
 6.480000 3.064651 2.724492 116.865626
 6.500000 -3.067873 2.849153 123.644197
 6.520000 -2.993789 2.828762 126.533378
 6.540000 -2.980180 2.841722 127.307867
 6.560000 -2.903035 2.886661 131.526912
 6.580000 -3.074732 2.693853 121.410441
 6.600000 -3.048460 2.956742 125.643233
 6.620000 3.084810 2.757687 117.861594
 6.640000 3.137036 2.648857 118.265174
 6.660000 3.110480 2.661782 117.551476
 6.680000 -3.118428 2.598243 118.580301
 6.700000 -3.120527 2.678219 119.512875
 6.720000 -2.992911 2.616814 123.667020
 6.740000 -3.024317 2.536926 121.273146
 6.760000 -2.815940 2.485287 129.803075
 6.780000 -2.879830 2.560523 127.920146
 6.800000 -2.965419 2.421333 122.070942
 6.820000 -2.978765 2.457413 122.020366
 6.840000 -3.103067 2.366441 116.418709
 6.860000 -3.063331 2.227175 116.327817
 6.880000 -3.022228 2.272332 118.118043
 6.900000 -3.044566 2.127446 116.089042
 6.920000 -3.087985 2.223604 115.549720
 6.940000 -2.991738 2.276050 119.241631
 6.960000 3.117534 2.168099 113.118320
 6.980000 -2.926167 2.279737 121.804468
 7.000000 -2.999610 2.258794 118.767470
 7.020000 -2.888017 2.412248 125.261380
 7.040000 -2.860211 2.429559 126.794240
 7.060000 -2.986795 2.328229 120.032433
 7.080000 -2.987576 2.426784 121.250662
 7.100000 -3.053767 2.544224 120.229569
 7.120000 -3.138753 2.523796 116.995774
 7.140000 -3.024663 2.699732 123.493944
 7.160000 -3.071275 2.552188 119.677309
 7.180000 -2.950586 2.703311 126.771266
 7.200000 -2.857554 2.795734 132.587708
 7.220000 -3.093870 2.688070 120.609125
 7.240000 -2.944961 2.819271 128.637817
 7.260000 3.120417 2.765568 119.116055
 7.280000 3.103173 2.737208 118.208176
 7.300000 3.105484 2.587938 116.524927
 7.320000 2.988857 2.679871 114.339374
 7.340000 2.988589 2.615975 113.682563
 7.360000 3.004580 2.683762 114.767789
 7.380000 3.021450 2.529508 113.604088
 7.400000 -3.047695 2.685419 122.360208
 7.420000 -2.982300 2.635213 124.382659
 7.440000 -2.873990 2.646912 129.548482
 7.460000 -2.835291 2.730704 132.775125
 7.480000 -3.058892 2.465315 119.034784
 7.500000 -2.994983 2.624313 123.685012
 7.520000 3.081852 2.562521 115.535945
 7.540000 -3.064396 2.515951 119.468060
 7.560000 -2.998537 2.467439 121.359445
 7.580000 -3.108588 2.484655 117.533291
 7.600000 -2.933683 2.530998 124.997533
 7.620000 -2.966259 2.581631 124.308064
 7.640000 -2.981797 2.596132 123.846138
 7.660000 -2.832529 2.636585 131.442920
 7.680000 -2.924769 2.665485 127.410181
 7.700000 -3.084817 2.464482 118.106496
 7.720000 -3.053201 2.516254 119.887517
 7.740000 3.085063 2.315061 113.295639
 7.760000 -3.106149 2.428083 116.973670
 7.780000 -3.132146 2.260001 114.585008
 7.800000 3.069717 2.292890 112.772946
 7.820000 3.054096 2.462378 113.762443
 7.840000 -3.137738 2.525003 117.042490
 7.860000 -3.109081 2.614806 119.116171
 7.880000 -2.856632 2.701085 131.243831
 7.900000 -2.946575 2.696665 126.858528
 7.920000 -2.865747 2.809992 132.372321
 7.940000 -2.946947 2.821569 128.575040
 7.960000 -3.103943 2.698590 120.370599
 7.980000 -3.050104 2.685542 122.265595
 8.000000 -3.085936 2.764443 121.887759
 8.020000 3.100465 2.641486 116.996600
 8.040000 -3.116448 2.638821 119.160896
 8.060000 3.080912 2.611111 116.054957
 8.080000 3.084602 2.537502 115.341166
 8.100000 -3.027259 2.574262 121.661600
 8.120000 -3.121475 2.501846 117.303760
 8.140000 -2.961918 2.694891 126.137341
 8.160000 -3.054060 2.474718 119.327714
 8.180000 -3.084065 2.482874 118.352615
 8.200000 3.135975 2.381842 115.231552
 8.220000 -3.004638 2.353198 119.662030
 8.240000 -3.032739 2.358608 118.700518
 8.260000 -2.954144 2.219154 119.997323
 8.280000 -2.869109 2.078199 121.734532
 8.300000 -2.980839 2.101867 117.916018
 8.320000 -2.917766 2.069419 119.823192
 8.340000 -2.887303 1.976395 120.087437
 8.360000 -2.842430 2.127308 123.358216
 8.380000 -2.928717 1.980856 118.699494
 8.400000 -2.814349 2.199639 125.486838
 8.420000 -2.898216 2.051608 120.367448
 8.440000 -2.948247 2.295481 121.120323
 8.460000 -2.941927 2.297677 121.397879
 8.480000 -2.840427 2.433294 127.781631
 8.500000 -3.021281 2.464028 120.422877
 8.520000 -2.960339 2.408519 122.104746
 8.540000 -3.051818 2.437913 118.954638
 8.560000 3.134809 2.597317 117.563550
 8.580000 3.125394 2.501801 116.150000
 8.600000 3.110978 2.531062 116.038410
 8.620000 3.022502 2.598388 114.323829
 8.640000 3.038597 2.620152 114.969165
 8.660000 -3.127865 2.721230 119.788586
 8.680000 3.068906 2.682789 116.517151
 8.700000 -2.897880 2.808547 130.752350
 8.720000 -2.907672 2.850722 130.838186
 8.740000 -2.894078 2.990374 133.137083
 8.760000 -2.877372 2.855168 132.395664
 8.780000 -2.987091 2.899413 127.704935
 8.800000 -2.984782 2.849010 127.192360
 8.820000 -2.963587 2.775448 127.191005
 8.840000 -3.033131 2.731125 123.568324
 8.860000 3.114729 2.587781 116.808745
 8.880000 -2.982272 2.656832 124.692244
 8.900000 3.063864 2.321370 112.836872
 8.920000 -2.968210 2.360473 121.153994
 8.940000 3.105397 2.200003 113.012599
 8.960000 -3.010130 2.358507 119.521595
 8.980000 -3.038920 2.149116 116.424499
 9.000000 -2.936083 2.252494 121.075806
 9.020000 -2.999560 1.968021 116.426392
 9.040000 -2.799472 2.187527 125.981470
 9.060000 -2.980072 1.971066 117.013769
 9.080000 -2.930656 1.924936 118.258461
 9.100000 -2.786564 1.780786 122.053735
 9.120000 -2.900938 1.866240 118.831950
 9.140000 -2.788789 1.819222 122.299739
 9.160000 -2.862626 1.688077 119.008826
 9.180000 -2.829283 1.783180 120.605660
 9.200000 -2.800182 1.702869 121.003353
 9.220000 -2.822022 1.683870 120.191478
 9.240000 -2.932429 1.567420 116.839741
 9.260000 -2.967066 1.734200 116.415347
 9.280000 -2.908871 1.646196 117.596466
 9.300000 -2.870731 1.849286 119.695781
 9.320000 -2.968810 1.768895 116.462282
 9.340000 -2.932425 1.804280 117.560073
 9.360000 -2.965743 1.951687 117.333148
 9.380000 -2.966977 1.871716 116.891662
 9.400000 -2.798491 1.932983 122.991923
 9.420000 -2.890554 1.768364 118.594845
 9.440000 -2.892052 1.973920 119.899662
 9.460000 -3.056489 1.909328 114.706976
 9.480000 -2.966433 1.973168 117.440201
 9.500000 -3.137300 2.004202 113.123318
 9.520000 -2.846198 2.192197 124.003884
 9.540000 -2.940068 2.178313 120.080069
 9.560000 -2.874153 2.349896 124.965281
 9.580000 -2.796276 2.315057 128.013927
 9.600000 -2.716330 2.440997 134.097931
 9.620000 -2.782377 2.587722 133.201677
 9.640000 -2.925884 2.619187 126.664648
 9.660000 -3.078086 2.699315 121.352918
 9.680000 3.071315 2.727929 117.104081
 9.700000 3.074614 2.799862 118.020042
 9.720000 3.016354 2.648820 114.694432
 9.740000 -3.108013 2.854825 122.135034
 9.760000 -3.133883 2.840728 121.010089
 9.780000 -3.039750 2.900109 125.401181
 9.800000 3.094085 2.887259 119.595449
 9.820000 -3.137711 2.891588 121.434690
 9.840000 3.050294 3.066493 119.810371
 9.860000 -3.136863 2.966997 122.233912
 9.880000 -3.122490 2.895063 122.035274
 9.900000 -3.138871 2.671542 118.789649
 9.920000 -3.010556 2.748448 124.750625
 9.940000 -3.118315 2.670018 119.488548
 9.960000 -3.004760 2.503152 121.594574
 9.980000 -2.938545 2.405620 122.969459
 10.000000 -2.920973 2.405715 123.718314
 10.020000 -3.017939 2.338537 119.001366
 10.040000 -2.964724 2.283274 120.333339
 10.060000 -3.133813 2.334469 115.176418
 10.080000 -2.934342 2.229804 120.874279
 10.100000 -2.821738 2.203818 125.217432
 10.120000 -2.899025 2.193527 121.838772
 10.140000 -2.925751 2.148287 120.303807
 10.160000 -2.987877 2.226651 118.843778
 10.180000 3.100039 2.207641 112.932934
 10.200000 -3.081614 2.248250 115.952683
 10.220000 -3.076664 2.250933 116.128391
 10.240000 -3.131781 2.409362 115.965202
 10.260000 -2.956362 2.468060 123.099515
 10.280000 -2.998722 2.443814 121.035700
 10.300000 -2.913961 2.408911 124.067319
 10.320000 -2.816777 2.391637 128.247234
 10.340000 -2.944089 2.490851 123.951530
 10.360000 -2.975617 2.551403 123.472489
 10.380000 -3.039410 2.555634 120.931843
 10.400000 -3.112146 2.468691 117.231009
 10.420000 -2.968158 2.449752 122.350116
 10.440000 -3.059986 2.468179 119.030559
 10.460000 -3.002022 2.641959 123.634789
 10.480000 -2.817102 2.613373 131.847685
 10.500000 -2.881952 2.509820 127.030829
 10.520000 -2.956541 2.526977 123.937929
 10.540000 -2.984072 2.466631 121.930842
 10.560000 3.067567 2.650026 116.106540
 10.580000 3.040901 2.419354 113.059911
 10.600000 -3.125069 2.424801 116.334007
 10.620000 3.130357 2.472084 115.978915
 10.640000 -3.075500 2.284868 116.480760
 10.660000 -2.973529 2.285376 120.023844
 10.680000 -3.130263 2.420886 116.131257
 10.700000 -2.937851 2.396362 122.870220
 10.720000 -2.948684 2.392888 122.372050
 10.740000 -2.955238 2.381937 121.955795
 10.760000 -2.881005 2.345419 124.597988
 10.780000 -2.953468 2.574698 124.766290
 10.800000 -3.048644 2.389914 118.496768
 10.820000 -2.856853 2.346740 125.694204
 10.840000 -2.946482 2.236417 120.483615
 10.860000 -2.930511 2.460173 124.093386
 10.880000 -2.912692 2.587272 126.792596
 10.900000 -3.080552 2.501358 118.701378
 10.920000 -2.942523 2.518107 124.417882
 10.940000 -2.983436 2.613333 124.021597
 10.960000 -2.952311 2.672319 126.245700
 10.980000 -2.965648 2.704820 126.111673
 11.000000 -3.000055 2.790997 125.769628
 11.020000 3.070743 2.623864 115.903323
 11.040000 3.069020 2.687176 116.570471
 11.060000 2.877715 2.619260 111.569696
 11.080000 2.993646 2.692881 114.592537
 11.100000 -3.141373 2.751263 119.680526
 11.120000 -3.077503 2.753369 122.074688
 11.140000 -2.969984 2.552283 123.725206
 11.160000 -2.988609 2.586497 123.419714
 11.180000 -3.109171 2.805096 121.505405
 11.200000 -3.104238 2.746433 120.965764
 11.220000 -3.060944 2.677766 121.732883
 11.240000 -3.104964 2.461340 117.385191
 11.260000 -3.004943 2.444031 120.794351
 11.280000 -3.021487 2.537299 121.390347
 11.300000 -3.079729 2.546080 119.289812
 11.320000 -2.921758 2.376799 123.278268
 11.340000 -2.969543 2.341072 120.854498
 11.360000 -2.980398 2.377401 120.891053
 11.380000 -2.954620 2.319408 121.167506
 11.400000 -3.074997 2.418826 117.911284
 11.420000 -2.978190 2.369740 120.879584
 11.440000 -2.909767 2.379396 123.827801
 11.460000 -3.088885 2.326851 116.467356
 11.480000 -2.997633 2.265827 118.914849
 11.500000 3.129139 2.400679 115.214396
 11.520000 -3.135044 2.484963 116.671913
 11.540000 -2.956431 2.495792 123.492761
 11.560000 -3.056996 2.493257 119.453258
 11.580000 -3.061750 2.550280 120.007342
 11.600000 -2.925899 2.819266 129.539813
 11.620000 -3.026388 2.911724 126.105012
 11.640000 -2.915491 2.657266 127.721301
 11.660000 -2.804540 2.756318 134.754118
 11.680000 -3.002069 2.748074 125.110652
 11.700000 -2.937983 2.769816 128.295861
 11.720000 3.105240 2.654254 117.296110
 11.740000 3.036272 2.647804 115.206306
 11.760000 -3.135002 2.637366 118.500229
 11.780000 3.134696 2.590249 117.474247
 11.800000 3.096953 2.569443 116.054265
 11.820000 -2.945809 2.671596 126.530583
 11.840000 -3.073579 2.676285 121.223311
 11.860000 -2.994903 2.576877 123.019877
 11.880000 -2.852686 2.440071 127.309614
 11.900000 -3.061764 2.393921 118.083594
 11.920000 -2.902398 2.467406 125.443467
 11.940000 -2.936180 2.292555 121.563250
 11.960000 -3.125278 2.124384 113.853345
 11.980000 -2.998408 2.067862 117.082045
 12.000000 -3.009620 2.106687 117.016190
 12.020000 -3.087391 2.144465 114.970437
 12.040000 -2.848852 2.087893 122.639908
 12.060000 -2.899614 2.105342 120.846925
 12.080000 -2.828227 2.160383 124.363653
 12.100000 -2.883936 2.193377 122.446185
 12.120000 -2.896105 2.156916 121.536216
 12.140000 -2.913188 2.258098 122.056968
 12.160000 -2.804713 2.294242 127.297265
 12.180000 -2.962892 2.264554 120.183808
 12.200000 -3.119252 2.235693 114.750565
 12.220000 3.134639 2.147927 113.414063
 12.240000 3.054979 2.415170 113.360895
 12.260000 -3.054379 2.401548 118.429112
 12.280000 -2.973234 2.509796 122.981259
 12.300000 -2.969878 2.544580 123.619169
 12.320000 -2.880856 2.626729 128.902079
 12.340000 -2.928618 2.812352 129.317804
 12.360000 -3.032725 2.707016 123.260212
 12.380000 -2.950122 2.730401 127.179066
 12.400000 -3.036158 2.801037 124.354858
 12.420000 -3.104697 2.699088 120.349161
 12.440000 -3.081345 2.733320 121.668023
 12.460000 3.050862 2.727790 116.499539
 12.480000 -3.074128 2.794851 122.731921
 12.500000 -3.011226 2.638976 123.206706
 12.520000 -3.022283 2.753634 124.321497
 12.540000 -3.054996 2.714299 122.454999
 12.560000 -3.030228 2.809180 124.707671
 12.580000 2.942248 2.708786 113.579927
 12.600000 -3.098943 2.714515 120.758965
 12.620000 3.108111 2.616459 116.940410
 12.640000 -2.984752 2.761384 126.049013
 12.660000 -2.837781 2.575500 130.195488
 12.680000 -2.784190 2.616697 133.593608
 12.700000 -2.849043 2.498817 128.414099
 12.720000 -2.803159 2.491504 130.538148
 12.740000 -3.025853 2.444129 119.992343
 12.760000 -2.947265 2.354973 121.922045
 12.780000 -3.059621 2.439925 118.698607
 12.800000 -3.047793 2.286784 117.399849
 12.820000 -2.985649 2.146416 118.137206
 12.840000 -3.133098 2.034847 113.296270
 12.860000 -3.107470 2.117367 114.266050
 12.880000 -3.017453 2.113323 116.818775
 12.900000 -3.062755 2.198150 116.093093
 12.920000 -2.974459 2.269055 119.800044
 12.940000 -2.938268 2.312530 121.733159
 12.960000 -3.027264 2.440531 119.893474
 12.980000 -2.971339 2.400906 121.556681
 13.000000 -2.924846 2.370186 123.056021
 13.020000 -2.901260 2.403616 124.546334
 13.040000 -2.745365 2.437671 132.543310
 13.060000 -2.879751 2.460318 126.366087
 13.080000 -3.022367 2.614737 122.413390
 13.100000 3.140004 2.616735 117.971185
 13.120000 3.107043 2.835685 119.472123
 13.140000 3.104173 2.858828 119.630452
 13.160000 -3.035512 2.884943 125.406538
 13.180000 -2.955392 2.967820 129.928622
 13.200000 -2.840514 3.023484 136.183573
 13.220000 -2.837499 3.004417 136.162514
 13.240000 -3.004356 3.012037 128.103452
 13.260000 3.117257 2.904618 120.564459
 13.280000 3.043970 3.081045 119.721967
 13.300000 2.836020 3.027605 114.437988
 13.320000 2.875231 2.920078 114.234715
 13.340000 2.919117 2.959831 115.465175
 13.360000 3.035913 2.950376 118.388173
 13.380000 -3.044721 2.950196 125.734491
 13.400000 -2.872754 2.979611 134.101875
 13.420000 -2.972969 2.700109 125.718035
 13.440000 -2.877374 2.767951 131.197576
 13.460000 3.140695 2.747485 119.595152
 13.480000 -3.070816 2.576992 120.015517
 13.500000 -3.051494 2.513601 119.917341
 13.520000 -3.034707 2.517793 120.611389
 13.540000 -2.831558 2.318653 126.427426
 13.560000 -2.695447 2.390723 134.295104
 13.580000 -2.783945 2.218608 127.130386
 13.600000 -2.737647 2.220530 129.332851
 13.620000 -2.879059 2.205073 122.788814
 13.640000 3.085155 2.083388 112.081547
 13.660000 -3.138588 2.166095 113.761003
 13.680000 2.993875 2.075091 110.573961
 13.700000 3.076465 2.166677 112.205464
 13.720000 -3.057037 2.185018 116.158700
 13.740000 -3.095495 2.138634 114.710591
 13.760000 -2.920500 2.263238 121.826045
 13.780000 -2.826001 2.393503 127.837843
 13.800000 -2.946360 2.453565 123.317052
 13.820000 -2.795359 2.419453 129.732367
 13.840000 -2.998812 2.434483 120.908944
 13.860000 -3.018211 2.401413 119.743679
 13.880000 -2.916984 2.461363 124.703186
 13.900000 -3.064338 2.412072 118.201937
 13.920000 -2.941758 2.451934 123.489791
 13.940000 -2.913464 2.501017 125.452565
 13.960000 -2.930772 2.688181 127.465444
 13.980000 -3.051799 2.727643 122.759861
 14.000000 -3.037816 2.810278 124.402835
 14.020000 -3.122790 2.935788 122.450696
 14.040000 -3.080713 3.069235 125.314988
 14.060000 -3.122678 2.956464 122.661687
 14.080000 -3.068602 3.111980 126.114717
 14.100000 3.024971 2.977192 118.311662
 14.120000 3.017076 2.829441 116.644711
 14.140000 2.831655 2.788613 112.364159
 14.160000 2.875781 2.825947 113.400668
 14.180000 2.997399 2.823629 116.055380
 14.200000 3.043650 2.767551 116.732494
 14.220000 -3.101806 2.669989 120.083568
 14.240000 -2.931334 2.795063 128.956108
 14.260000 -2.889593 2.780116 130.765803
 14.280000 -2.789145 2.699428 134.682672
 14.300000 -2.770170 2.515636 132.610360
 14.320000 -2.840532 2.485599 128.610994
 14.340000 -2.865226 2.357311 125.472333
 14.360000 -2.902836 2.244269 122.303642
 14.380000 -3.037641 2.087589 116.019080
 14.400000 -2.974888 2.073923 117.886874
 14.420000 -3.090294 2.011717 114.215581
 14.440000 -3.031588 2.130670 116.509211
 14.460000 -3.021044 2.053514 116.290102
 14.480000 -3.001931 2.234737 118.430983
 14.500000 -3.031577 2.112051 116.371138
 14.520000 -2.935699 2.270409 121.308222
 14.540000 -3.104215 2.128647 114.416065
 14.560000 -3.053623 2.241780 116.768038
 14.580000 3.114015 2.272401 113.700136
 14.600000 3.129122 2.318729 114.466123
 14.620000 -3.135545 2.341202 115.188127
 14.640000 -3.011834 2.486138 121.083423
 14.660000 -3.012159 2.483617 121.036879
 14.680000 -2.836592 2.584009 130.392436
 14.700000 -2.803302 2.510740 130.850095
 14.720000 -2.844171 2.571670 129.818599
 14.740000 -2.775569 2.586273 133.530072
 14.760000 -2.954189 2.679246 126.260868
 14.780000 -3.122353 2.674724 119.404401
 14.800000 -3.134533 2.613811 118.224786
 14.820000 3.022439 2.698919 115.393527
 14.840000 3.008663 2.656165 114.577356
 14.860000 3.071060 2.717620 116.978550
 14.880000 3.055607 2.689874 116.210034
 14.900000 -3.126893 2.746070 120.130760
 14.920000 -3.001937 2.779321 125.533583
 14.940000 -3.023533 2.671588 123.152313
 14.960000 -3.089052 2.663873 120.475668
 14.980000 -3.128311 2.527639 117.380398
 15.000000 3.073317 2.568998 115.365116
 15.020000 3.109563 2.448163 115.117070
 15.040000 -3.043114 2.286037 117.548775
 15.060000 -3.003128 2.354941 119.739240
 15.080000 -2.885080 2.388174 125.037247
 15.100000 -2.976207 2.406489 121.435282
 15.120000 -2.899204 2.387526 124.403283
 15.140000 -2.831568 2.451865 128.500261
 15.160000 -2.816944 2.543185 130.704377
 15.180000 -2.844979 2.506838 128.738064
 15.200000 -2.853558 2.477309 127.855992
 15.220000 -3.021801 2.363261 119.149299
 15.240000 -2.980207 2.335762 120.374796
 15.260000 -3.140956 2.324623 114.882751
 15.280000 3.109323 2.292169 113.728590
 15.300000 3.076237 2.281712 112.847911
 15.320000 2.970575 2.380384 111.306279
 15.340000 3.044213 2.414374 113.095767
 15.360000 -3.131236 2.560590 117.680364
 15.380000 -3.004183 2.449327 120.894027
 15.400000 -2.904103 2.659528 128.293099
 15.420000 -2.780438 2.635241 134.097460
 15.440000 -2.968216 2.575689 124.137761
 15.460000 -2.954307 2.608767 125.226021
 15.480000 -3.124437 2.615160 118.585412
 15.500000 3.106314 2.720509 118.111744
 15.520000 3.113672 2.610704 117.046661
 15.540000 -3.009651 2.712886 124.305085
 15.560000 -2.931816 2.669243 127.138678
 15.580000 -2.810376 2.717407 133.856062
 15.600000 -2.755686 2.681952 136.173291
 15.620000 -2.856583 2.646280 130.394069
 15.640000 -2.937957 2.710482 127.455219
 15.660000 -3.101095 2.678561 120.219173
 15.680000 3.127053 2.639750 117.823983
 15.700000 3.007175 2.545812 113.425307
 15.720000 3.116014 2.544542 116.344467
 15.740000 3.122517 2.540795 116.501189
 15.760000 -2.968331 2.448026 122.319031
 15.780000 -3.059772 2.293267 117.069628
 15.800000 -3.127718 2.338439 115.391488
 15.820000 3.064772 2.240783 112.335504
 15.840000 3.132366 2.331220 114.663691
 15.860000 -3.043426 2.299822 117.681561
 15.880000 -2.937505 2.354906 122.320284
 15.900000 -2.910237 2.428022 124.508466
 15.920000 -2.937335 2.360292 122.399697
 15.940000 -2.998736 2.410800 120.604167
 15.960000 -2.980721 2.442765 121.740581
 15.980000 -2.880819 2.490717 126.786774
 16.000000 -2.895852 2.599135 127.759887
 16.020000 -2.867113 2.590816 129.004235
 16.040000 -2.934974 2.551356 125.242054
 16.060000 -3.071156 2.553994 119.704890
 16.080000 -3.133287 2.505199 116.956899
 16.100000 -3.085627 2.585161 119.575485
 16.120000 -3.110899 2.540844 118.124205
 16.140000 -3.029061 2.437616 119.789063
 16.160000 -3.112273 2.488382 117.453325
 16.180000 3.083056 2.406209 113.992912
 16.200000 3.104656 2.372338 114.266498
 16.220000 -3.126435 2.493915 117.049931
 16.240000 -2.954786 2.558132 124.466852
 16.260000 -2.870546 2.589832 128.822694
 16.280000 -2.908114 2.590164 127.048597
 16.300000 -2.943564 2.529772 124.543404
 16.320000 -2.932271 2.597803 126.053695
 16.340000 -3.036790 2.548377 120.937175
 16.360000 -3.020448 2.647410 122.942544
 16.380000 3.097742 2.672151 117.270585
 16.400000 3.020294 2.723106 115.599222
 16.420000 2.958956 2.839152 115.253242
 16.440000 3.045088 2.798932 117.116905
 16.460000 -3.069137 2.872974 123.871904
 16.480000 -2.963428 2.947234 129.333914
 16.500000 -2.993472 2.926192 127.723121
 16.520000 -3.074555 3.016624 125.127949
 16.540000 2.933552 2.969377 115.869276
 16.560000 3.025836 3.075374 119.134574
 16.580000 3.027050 2.995507 118.532750
 16.600000 -3.141362 2.966888 122.067025
 16.620000 -2.956328 2.934548 129.527703
 16.640000 -2.881572 2.985778 133.718519
 16.660000 -2.953755 3.004203 130.365169
 16.680000 -2.929979 2.910486 130.505374
 16.700000 -3.082340 2.751437 121.862018
 16.720000 -3.028890 2.786477 124.473112
 16.740000 -2.939339 2.689780 127.091797
 16.760000 -3.092745 2.503030 118.292403
 16.780000 -2.906691 2.465724 125.225494
 16.800000 -3.046079 2.276656 117.354065
 16.820000 -3.029958 2.278727 117.919251
 16.840000 -3.114979 2.038339 113.721753
 16.860000 3.113967 1.951773 112.422989
 16.880000 -3.123206 2.022201 113.479990
 16.900000 -3.032089 2.055239 115.976209
 16.920000 -3.062384 1.900757 114.547856
 16.940000 -2.920446 1.839708 118.081200
 16.960000 -2.911528 1.800759 118.142714
 16.980000 -2.967717 1.744453 116.424758
 17.000000 -2.676065 1.742905 125.826492
 17.020000 -2.649273 1.691924 126.327758
 17.040000 -2.595247 1.826215 130.207207
 17.060000 -2.547689 1.788285 131.785888
 17.080000 -2.730903 1.787519 124.163138
 17.100000 -2.859653 1.606668 118.709925
 17.120000 -2.835460 1.612588 119.400197
 17.140000 -2.810329 1.620503 120.169549
 17.160000 -2.800393 1.704662 121.008685
 17.180000 -2.770369 1.583688 121.151275
 17.200000 -2.831350 1.830828 120.887641
 17.220000 -2.921966 1.931105 118.576263
 17.240000 -2.966327 1.881183 116.953060
 17.260000 -2.934620 2.062710 119.163395
 17.280000 -2.915242 2.118143 120.388820
 17.300000 -2.787671 2.355531 129.067775
 17.320000 -2.931063 2.350843 122.532125
 17.340000 -2.946999 2.382134 122.295849
 17.360000 3.140643 2.454052 116.101903
 17.380000 3.081498 2.596259 115.903509
 17.400000 3.061678 2.714140 116.660362
 17.420000 3.055656 2.748713 116.872722
 17.440000 3.136395 2.747280 119.442957
 17.460000 -3.012666 2.816945 125.556780
 17.480000 -2.980872 2.934223 128.384992
 17.500000 -3.005054 2.766522 125.228791
 17.520000 -3.004897 2.820060 125.934012
 17.540000 3.078200 2.824935 118.409371
 17.560000 3.137231 2.949535 121.728871
 17.580000 3.060263 2.841805 118.032618
 17.600000 2.992574 2.944378 117.110872
 17.620000 -3.113286 2.980975 123.258963
 17.640000 -3.007481 2.882409 126.591315
 17.660000 -3.015468 2.805729 125.292209
 17.680000 -2.802565 2.677178 133.627647
 17.700000 -3.039695 2.589434 121.374792
 17.720000 -3.108527 2.573762 118.615079
 17.740000 3.129979 2.307368 114.393933
 17.760000 2.961874 2.247896 110.476450
 17.780000 -3.037578 2.279710 117.670094
 17.800000 -2.957989 2.171850 119.352748
 17.820000 -2.846377 2.158456 123.572027
 17.840000 -2.796938 2.023056 124.014471
 17.860000 -2.677053 2.058628 129.755504
 17.880000 -2.765732 2.086715 126.119743
 17.900000 -2.554785 2.025284 135.115352
 17.920000 -2.728315 1.923375 125.713466
 17.940000 -2.777754 1.980634 124.325520
 17.960000 -2.857550 1.741747 119.441764
 17.980000 -2.975160 1.706078 116.163819
 18.000000 -2.942571 1.598877 116.685307
 18.020000 -2.976278 1.579145 115.968197
 18.040000 -2.893854 1.731780 118.326281
 18.060000 -3.039660 1.679801 114.807024
 18.080000 -2.883125 1.830961 119.176771
 18.100000 -2.965491 1.705766 116.387446
 18.120000 -2.739163 1.835372 124.320522
 18.140000 -2.797560 1.863527 122.368493
 18.160000 -2.703729 1.839511 125.774914
 18.180000 -2.796966 1.840860 122.190087
 18.200000 -2.860404 2.033243 121.603328
 18.220000 -2.931045 2.022245 118.944569
 18.240000 -2.984029 2.231211 119.030127
 18.260000 -3.082289 2.284351 116.262568
 18.280000 -3.099265 2.290210 115.795095
 18.300000 -2.994869 2.491412 121.832717
 18.320000 -2.948602 2.576594 125.008754
 18.340000 -2.824075 2.674670 132.479904
 18.360000 -2.969681 2.727756 126.256050
 18.380000 -3.046471 2.756149 123.349969
 18.400000 3.073913 2.867702 118.734310
 18.420000 3.030321 2.909216 117.829690
 18.440000 2.922850 2.860724 114.647018
 18.460000 3.136962 2.944373 121.668160
 18.480000 -3.133104 2.838203 121.009409
 18.500000 -3.013626 2.927038 126.833388
 18.520000 -2.969529 2.933026 128.894209
 18.540000 -2.866599 2.945100 134.043973
 18.560000 -2.915475 2.936214 131.505892
 18.580000 -2.939134 2.821223 128.937183
 18.600000 -3.062309 2.707534 122.075074
 18.620000 -3.134276 2.810342 120.642984
 18.640000 -3.140437 2.693158 119.000926
 18.660000 3.122809 2.533034 116.420751
 18.680000 -3.003225 2.574058 122.634668
 18.700000 -3.089155 2.339189 116.582695
 18.720000 -2.928296 2.423077 123.651908
 18.740000 -3.108808 2.239036 115.071806
 18.760000 -3.118670 2.306756 115.366293
 18.780000 -3.130766 2.190110 114.111402
 18.800000 -3.066338 2.278910 116.715047
 18.820000 -3.042450 2.177139 116.544434
 18.840000 -2.834943 2.218944 124.843059
 18.860000 -2.882906 2.097746 121.407184
 18.880000 -2.764411 2.111157 126.502787
 18.900000 -2.789376 2.077460 124.978561
 18.920000 -2.880860 2.028371 120.786182
 18.940000 -2.862941 2.281783 124.488196
 18.960000 -3.021324 2.135621 116.869709
 18.980000 -3.048034 2.309991 117.632543
 19.000000 -3.071447 2.245610 116.241583
 19.020000 -2.974716 2.362167 120.919307
 19.040000 -3.009748 2.338260 119.296504
 19.060000 -2.773737 2.375417 130.071064
 19.080000 -2.932139 2.485958 124.399858
 19.100000 -2.943222 2.558901 124.986987
 19.120000 -3.052933 2.559329 120.459467
 19.140000 3.120736 2.672572 118.012090
 19.160000 3.113087 2.683170 117.889070
 19.180000 3.137857 2.716824 119.122439
 19.200000 -3.080920 2.861002 123.260460
 19.220000 -3.060278 2.737700 122.551796
 19.240000 -2.970285 2.784421 127.007664
 19.260000 -3.098888 2.756383 121.291595
 19.280000 -3.046430 2.755087 123.337747
 19.300000 3.119090 2.685977 118.118311
 19.320000 3.111060 2.731578 118.398193
 19.340000 3.124964 2.669208 118.110701
 19.360000 -2.911619 2.659160 127.931941
 19.380000 -3.072093 2.627865 120.639657
 19.400000 -2.760951 2.724582 136.574914
 19.420000 -2.958786 2.561306 124.338645
 19.440000 -2.981867 2.626678 124.279310
 19.460000 -3.023537 2.434989 119.963864
 19.480000 -3.063129 2.478317 119.042167
 19.500000 3.140325 2.430905 115.849434
 19.520000 -3.055611 2.518348 119.824375
 19.540000 -3.049419 2.472707 119.473176
 19.560000 -3.019386 2.541157 121.526311
 19.580000 -2.963072 2.498443 123.248308
 19.600000 -2.982474 2.508179 122.573117
 19.620000 -2.940799 2.677575 126.846889
 19.640000 -2.877138 2.603773 128.723706
 19.660000 -2.916398 2.530114 125.758868
 19.680000 -2.978168 2.551593 123.367021
 19.700000 -3.001382 2.501857 121.712746
 19.720000 -3.086350 2.522078 118.750767
 19.740000 -3.024707 2.472213 120.397934
 19.760000 -3.016610 2.549054 121.744989
 19.780000 -3.111659 2.537771 118.060711
 19.800000 -2.992469 2.506126 122.133183
 19.820000 -3.094727 2.584438 119.237776
 19.840000 -3.073266 2.623353 120.535560
 19.860000 -3.065398 2.561247 120.013170
 19.880000 -3.073113 2.581300 119.986110
 19.900000 -3.103373 2.451678 117.328026
 19.920000 -2.930667 2.603831 126.216035
 19.940000 -3.064520 2.473884 118.937233
 19.960000 -3.006873 2.322570 119.219331
 19.980000 -2.999185 2.203071 118.205651
 20.000000 -3.083960 2.296103 116.322070
