#! FIELDS time phi psi metad.bias
#! SET min_phi -pi
#! SET max_phi pi
#! SET min_psi -pi
#! SET max_psi pi
 0.000000 3.141580 -3.141577 174.182465
 0.020000 -2.973233 2.618665 169.222302
 0.040000 -2.986365 2.629407 168.988840
 0.060000 -3.011849 2.599574 168.004397
 0.080000 -2.994621 2.618141 168.642733
 0.100000 -2.986965 2.597327 168.607490
 0.120000 -3.002486 2.614389 168.400617
 0.140000 -2.977111 2.639706 169.359554
 0.160000 -2.973935 2.594647 168.933131
 0.180000 -2.974542 2.644935 169.492166
 0.200000 -2.940406 2.617713 170.180653
 0.220000 -2.935000 2.593192 170.078324
 0.240000 -2.978679 2.627906 169.178510
 0.260000 -2.967899 2.537757 168.502626
 0.280000 -3.004352 2.554515 167.705065
 0.300000 -3.010778 2.624252 168.310427
 0.320000 -2.968232 2.597538 169.125660
 0.340000 -2.973190 2.672499 169.862314
 0.360000 -2.962703 2.683732 170.298193
 0.380000 -2.863520 2.700651 173.828848
 0.400000 -2.873458 2.702892 173.482115
 0.420000 -2.885126 2.673303 172.695480
 0.440000 -2.925001 2.642645 170.960345
 0.460000 -2.991551 2.711832 169.870830
 0.480000 -3.069875 2.618692 167.012506
 0.500000 -3.023465 2.655930 168.391082
 0.520000 -3.058302 2.621046 167.252503
 0.540000 -2.948551 2.632779 170.103896
 0.560000 -2.908080 2.579353 170.817748
 0.580000 -2.837249 2.682155 174.643105
 0.600000 -2.792570 2.654020 176.238043
 0.620000 -2.805864 2.624094 175.316107
 0.640000 -2.919916 2.685510 171.640092
 0.660000 -2.933787 2.664895 170.942514
 0.680000 -3.036583 2.723059 168.961739
 0.700000 -3.036754 2.686728 168.485181
 0.720000 -3.003152 2.727410 169.783164
 0.740000 -2.981649 2.691495 169.868422
 0.760000 -3.021143 2.689011 168.857283
 0.780000 -2.996722 2.595381 168.331982
 0.800000 -3.019661 2.660853 168.537553
 0.820000 -3.007655 2.693763 169.234036
 0.840000 -2.990526 2.615240 168.715497
 0.860000 -3.017211 2.642357 168.368782
 0.880000 -3.069720 2.597723 166.776180
 0.900000 -2.947107 2.675711 170.660596
 0.920000 -2.942663 2.603767 169.954281
 0.940000 -2.833704 2.509183 172.932979
 0.960000 -2.826376 2.473242 172.907415
 0.980000 -2.890758 2.498047 170.605115
 1.000000 -3.015156 2.333828 165.625618
 1.020000 -3.098111 2.329591 164.185070
 1.040000 -3.090670 2.222060 163.796625
 1.060000 -2.959610 2.349268 167.117504
 1.080000 -2.953067 2.238459 166.587619
 1.100000 -2.867026 2.390933 170.534972
 1.120000 -2.890732 2.403865 169.758937
 1.140000 -2.870174 2.502128 171.409570
 1.160000 -2.848761 2.519310 172.414773
 1.180000 -2.881395 2.600493 171.996902
 1.200000 -2.913945 2.620962 171.076245
 1.220000 -2.938086 2.675618 170.936874
 1.240000 -3.051444 2.651822 167.751499
 1.260000 -3.081153 2.650920 167.197930
 1.280000 -3.091531 2.700774 167.645661
 1.300000 -3.104815 2.754861 168.156809
 1.320000 -3.014419 2.850299 171.259856
 1.340000 -3.054244 2.738586 168.808406
 1.360000 -3.031685 2.839527 170.711361
 1.380000 -3.038125 2.802708 170.031446
 1.400000 -3.082946 2.856290 169.979982
 1.420000 -2.961814 2.785426 171.667578
 1.440000 -2.922883 2.749836 172.359650
 1.460000 -2.862447 2.643077 173.191014
 1.480000 -2.848012 2.557776 172.831062
 1.500000 -2.862763 2.535105 172.017369
 1.520000 -2.944638 2.471754 168.559672
 1.540000 -2.851986 2.406370 171.255310
 1.560000 -3.001081 2.279938 165.613261
 1.580000 -2.964233 2.413543 167.477502
 1.600000 -2.957577 2.241078 166.478556
 1.620000 -2.960682 2.379615 167.311016
 1.640000 -2.876410 2.228860 168.982440
 1.660000 -2.740139 2.291098 175.399879
 1.680000 -2.859983 2.291722 170.038229
 1.700000 -2.885423 2.368276 169.662515
 1.720000 -3.001547 2.444880 166.752852
 1.740000 -3.141231 2.425624 164.294404
 1.760000 -3.084427 2.400381 164.797597
 1.780000 -3.015360 2.391503 166.012678
 1.800000 -2.922058 2.523182 169.767251
 1.820000 -2.886317 2.438970 170.222587
 1.840000 -2.839428 2.477796 172.399886
 1.860000 -2.921946 2.395893 168.620892
 1.880000 -2.895673 2.485040 170.305195
 1.900000 -2.951835 2.570493 169.312466
 1.920000 -2.967784 2.531550 168.444437
 1.940000 -2.962456 2.637171 169.743107
 1.960000 -2.891959 2.629613 171.939537
 1.980000 -2.814469 2.671075 175.467892
 2.000000 -2.818667 2.601269 174.512076
 2.020000 -2.873205 2.704353 173.509419
 2.040000 -2.909493 2.764329 172.990869
 2.060000 -2.968719 2.705880 170.406739
 2.080000 -3.104800 2.610835 166.364451
 2.100000 -3.054666 2.551778 166.572216
 2.120000 -3.111420 2.723302 167.636602
 2.140000 -3.054140 2.587671 166.956369
 2.160000 -3.089750 2.492560 165.416573
 2.180000 -3.005074 2.549047 167.631631
 2.200000 -2.966598 2.511884 168.286728
 2.220000 -2.793306 2.604050 175.660570
 2.240000 -2.878149 2.553709 171.619689
 2.260000 -2.720325 2.549602 178.664447
 2.280000 -2.839621 2.499493 172.595056
 2.300000 -2.921797 2.565536 170.207892
 2.320000 -2.880101 2.376412 169.923136
 2.340000 -2.917820 2.584619 170.544567
 2.360000 -3.014729 2.466054 166.619670
 2.380000 -2.960876 2.568783 169.026352
 2.400000 -3.001587 2.525039 167.479561
 2.420000 -3.075084 2.514024 165.841385
 2.440000 -2.884514 2.542758 171.271614
 2.460000 -3.089436 2.476827 165.288574
 2.480000 -2.999260 2.554084 167.827880
 2.500000 -2.997022 2.539733 167.739204
 2.520000 -3.056654 2.583314 166.860791
 2.540000 -2.929485 2.505997 169.357787
 2.560000 -3.008889 2.476007 166.845323
 2.580000 -2.952042 2.416999 167.857770
 2.600000 -2.837519 2.572060 173.406657
 2.620000 -2.957078 2.478608 168.249248
 2.640000 -2.877506 2.455343 170.695950
 2.660000 -2.858667 2.621124 173.089683
 2.680000 -2.971357 2.504572 168.082747
 2.700000 -2.890458 2.632415 172.025372
 2.720000 -2.884199 2.634820 172.279421
 2.740000 -2.986044 2.662804 169.393612
 2.760000 -2.818263 2.650459 175.071586
 2.780000 -2.906083 2.639003 171.551706
 2.800000 -3.029747 2.721205 169.084713
 2.820000 -2.914957 2.710919 172.117296
 2.840000 3.139527 2.657229 166.416497
 2.860000 -2.956532 2.634905 169.889940
 2.880000 -2.991360 2.625271 168.809351
 2.900000 -3.080794 2.700888 167.824387
 2.920000 -3.074058 2.656029 167.381511
 2.940000 -3.046262 2.667070 168.041971
 2.960000 -3.122957 2.674730 166.867922
 2.980000 -2.851981 2.658539 173.777151
 3.000000 -2.964084 2.625257 169.557730
 3.020000 -2.866813 2.699713 173.692505
 3.040000 -2.898827 2.639975 171.815185
 3.060000 -3.039629 2.612475 167.525151
 3.080000 -2.935317 2.625500 170.429120
 3.100000 -3.063838 2.594370 166.845215
 3.120000 -3.020340 2.820821 170.683260
 3.140000 -3.004340 2.762379 170.226526
 3.160000 -2.922854 2.615165 170.713745
 3.180000 -2.871192 2.661609 173.071338
 3.200000 -2.739495 2.763617 179.923373
 3.220000 -2.902946 2.701712 172.409911
 3.240000 -2.911617 2.625463 171.206572
 3.260000 -3.087743 2.481804 165.355869
 3.280000 -3.096584 2.646053 166.892665
 3.300000 -3.074082 2.587434 166.586992
 3.320000 -2.948219 2.507262 168.783530
 3.340000 -2.823403 2.605464 174.354534
 3.360000 -2.742787 2.609668 178.117031
 3.380000 -2.755293 2.537126 176.779086
 3.400000 -2.912517 2.555012 170.407424
 3.420000 -2.947965 2.521374 168.927909
 3.440000 -2.977085 2.599716 168.901382
 3.460000 -2.946942 2.604206 169.827517
 3.480000 -2.964990 2.337440 166.883556
 3.500000 -3.014558 2.440877 166.412250
 3.520000 -3.062291 2.440628 165.442425
 3.540000 -2.924748 2.561002 170.062786
 3.560000 -2.952213 2.476080 168.370048
 3.580000 -2.934659 2.575669 169.899324
 3.600000 -2.884252 2.627056 172.188926
 3.620000 -3.011465 2.769522 170.154928
 3.640000 -2.989151 2.670394 169.405067
 3.660000 -2.995516 2.538404 167.764285
 3.680000 -2.917423 2.742499 172.440564
 3.700000 -2.895236 2.589882 171.380423
 3.720000 -2.846202 2.733096 174.895874
 3.740000 -3.074767 2.500138 165.721978
 3.760000 -2.969084 2.659122 169.814777
 3.780000 -3.136354 2.546198 165.303201
 3.800000 -3.074079 2.589105 166.605106
 3.820000 -3.037271 2.525616 166.663149
 3.840000 -3.001224 2.607988 168.359226
 3.860000 -2.953901 2.669446 170.380262
 3.880000 -2.930308 2.505123 169.322905
 3.900000 -2.906935 2.427943 169.394041
 3.920000 -2.845163 2.342229 171.010254
 3.940000 -2.712435 2.587441 179.439132
 3.960000 -2.938347 2.314082 167.489286
 3.980000 -2.883955 2.398704 169.962394
 4.000000 -3.113847 2.242299 163.625478
 4.020000 -2.969653 2.461141 167.731239
 4.040000 -2.882913 2.226567 168.734688
 4.060000 -2.791205 2.408874 173.904064
 4.080000 -2.800185 2.411274 173.513534
 4.100000 -2.745522 2.428039 176.276975
 4.120000 -3.013721 2.475498 166.726330
 4.140000 -2.993900 2.465497 167.121911
 4.160000 -2.969003 2.671773 169.970927
 4.180000 -3.051494 2.678797 168.083386
 4.200000 -2.923760 2.803868 173.064916
 4.220000 -2.980710 2.804381 171.416871
 4.240000 -2.914679 2.923750 175.125185
 4.260000 -2.936965 2.956075 174.961348
 4.280000 -2.957854 2.878380 173.140348
 4.300000 -3.092507 2.842410 169.611343
 4.320000 -3.039471 3.007857 173.319681
 4.340000 3.115935 2.920703 169.896443
 4.360000 -3.085969 2.759904 168.524034
 4.380000 -3.082318 2.707207 167.879706
 4.400000 -3.023295 2.710033 169.080854
 4.420000 -2.977014 2.758363 170.873932
 4.440000 -3.036358 2.609380 167.559457
 4.460000 -2.973798 2.550246 168.463634
 4.480000 -2.908103 2.521499 170.220749
 4.500000 -2.877864 2.546300 171.554557
 4.520000 -2.949001 2.392048 167.746740
 4.540000 -2.871567 2.458997 170.953339
 4.560000 -3.063284 2.324622 164.656389
 4.580000 -2.940060 2.360175 167.770556
 4.600000 -3.030094 2.285965 165.033031
 4.620000 -2.912771 2.307028 168.250642
 4.640000 -2.993655 2.387622 166.496264
 4.660000 -2.818740 2.410476 172.681454
 4.680000 -2.931141 2.440129 168.698858
 4.700000 -2.890185 2.439831 170.089813
 4.720000 -2.891291 2.404317 169.742629
 4.740000 -2.956278 2.666122 170.269505
 4.760000 -3.044472 2.467257 165.990861
 4.780000 -3.043920 2.514887 166.424799
 4.800000 -3.047249 2.612616 167.370221
 4.820000 -3.044520 2.684145 168.290884
 4.840000 -2.903045 2.877062 174.790166
 4.860000 -3.018132 2.835097 170.945496
 4.880000 -2.833054 3.002190 179.078015
 4.900000 -2.975671 2.958729 173.941349
 4.920000 -2.961969 2.963234 174.375633
 4.940000 -3.055376 2.913031 171.385145
 4.960000 -3.034803 2.917964 171.880633
 4.980000 -3.070577 2.768178 168.906605
 5.000000 -2.937108 2.762073 172.075588
 5.020000 -3.029549 2.597170 167.570475
 5.040000 -2.912057 2.600439 170.911036
 5.060000 -2.910925 2.600215 170.947069
 5.080000 -2.987869 2.487706 167.478337
 5.100000 -2.884257 2.393834 169.911298
 5.120000 -2.975894 2.372993 166.843561
 5.140000 -2.969062 2.364894 166.968593
 5.160000 -2.969015 2.345899 166.833289
 5.180000 -2.994856 2.399419 166.555547
 5.200000 -2.932247 2.316786 167.695113
 5.220000 -2.866646 2.408099 170.693481
 5.240000 -2.930595 2.391075 168.303704
 5.260000 -2.846331 2.462628 171.978095
 5.280000 -2.975102 2.453819 167.516062
 5.300000 -2.945779 2.395258 167.868372
 5.320000 -2.963882 2.455818 167.847350
 5.340000 -2.952521 2.418514 167.856284
 5.360000 -2.934894 2.461360 168.768796
 5.380000 -2.889228 2.585348 171.546792
 5.400000 -2.938747 2.655105 170.669265
 5.420000 -2.872987 2.657038 172.950597
 5.440000 -2.970869 2.620613 169.310952
 5.460000 -3.005509 2.813276 170.919034
 5.480000 -2.902777 2.848195 174.375065
 5.500000 -3.003416 2.761050 170.230674
 5.520000 -2.934608 2.790445 172.540415
 5.540000 -2.938403 2.693544 171.147384
 5.560000 -2.931230 2.686084 171.280829
 5.580000 -2.926618 2.662457 171.142878
 5.600000 -2.992749 2.532322 167.774856
 5.620000 -3.032281 2.602562 167.570476
 5.640000 -2.992890 2.657421 169.148749
 5.660000 -3.087768 2.525428 165.741437
 5.680000 -2.908312 2.566055 170.667638
 5.700000 -3.004654 2.553595 167.688208
 5.720000 -2.837619 2.604197 173.746882
 5.740000 -2.861840 2.490644 171.621621
 5.760000 -2.983209 2.380260 166.705892
 5.780000 -2.957499 2.408125 167.625952
 5.800000 -3.014409 2.506486 166.992549
 5.820000 -3.088978 2.399945 164.728866
 5.840000 -3.000758 2.405151 166.455254
 5.860000 -2.962397 2.349091 167.038056
 5.880000 -2.838104 2.512252 172.779785
 5.900000 -2.830817 2.536376 173.321344
 5.920000 -2.842723 2.433562 171.865990
 5.940000 -2.880272 2.522812 171.229886
 5.960000 -2.941888 2.610637 170.054593
 5.980000 -2.993452 2.692197 169.568253
 6.000000 -3.129451 2.700601 167.106670
 6.020000 -3.124265 2.678749 166.900336
 6.040000 -2.985831 2.846671 171.900693
 6.060000 -2.897030 2.902759 175.370348
 6.080000 -2.914144 2.776623 173.001154
 6.100000 -2.860923 2.873523 176.189126
 6.120000 -3.031613 2.956338 172.589886
 6.140000 -3.021079 2.947329 172.664611
 6.160000 -3.105845 2.724075 167.727149
 6.180000 -3.138273 2.705366 167.062854
 6.200000 -2.991856 2.710972 169.851761
 6.220000 -2.971502 2.604917 169.114647
 6.240000 -2.931355 2.535224 169.583821
 6.260000 -2.864851 2.380050 170.529565
 6.280000 -2.873689 2.475526 171.025077
 6.300000 -2.793059 2.453612 174.209227
 6.320000 -2.772741 2.352128 174.296249
 6.340000 -2.943849 2.247526 166.901740
 6.360000 -2.771475 2.369141 174.498567
 6.380000 -3.017305 2.303223 165.392813
 6.400000 -2.844432 2.126557 169.547384
 6.420000 -2.888283 2.072041 167.710780
 6.440000 -2.773568 2.237688 173.348617
 6.460000 -2.842252 2.261982 170.523333
 6.480000 -2.852141 2.277973 170.244806
 6.500000 -3.039490 2.248039 164.661065
 6.520000 -2.899481 2.442469 169.781789
 6.540000 -3.007876 2.446214 166.611549
 6.560000 -3.004923 2.442823 166.653996
 6.580000 -3.034923 2.394210 165.614205
 6.600000 -3.012524 2.459752 166.616399
 6.620000 -2.901568 2.620634 171.497546
 6.640000 -2.914476 2.595167 170.771466
 6.660000 -2.942018 2.672520 170.777184
 6.680000 -2.956825 2.840851 172.601463
 6.700000 -3.041777 2.893950 171.344185
 6.720000 -3.048512 2.835337 170.297238
 6.740000 -3.013103 2.764932 170.053010
 6.760000 -3.001764 2.942598 173.029770
 6.780000 -2.857509 3.004968 178.252997
 6.800000 -2.946978 2.792301 172.193149
 6.820000 -2.913848 2.755250 172.725991
 6.840000 -2.962041 2.730081 170.910332
 6.860000 -3.024785 2.820343 170.576438
 6.880000 -3.012936 2.709616 169.313572
 6.900000 -3.015082 2.584646 167.763299
 6.920000 -2.973535 2.647014 169.544767
 6.940000 -2.876274 2.590597 172.079623
 6.960000 -2.946468 2.380279 167.730575
 6.980000 -2.976377 2.213284 165.839109
 7.000000 -2.926645 2.251812 167.441880
 7.020000 -3.054148 2.195405 164.191255
 7.040000 -3.010390 2.311360 165.591161
 7.060000 -3.123179 2.163194 163.328054
 7.080000 -3.018286 2.372350 165.810961
 7.100000 -2.941880 2.386646 167.918367
 7.120000 -2.786222 2.432210 174.337054
 7.140000 -2.792718 2.307166 173.000527
 7.160000 -2.638335 2.384361 181.793435
 7.180000 -2.726082 2.517793 178.066716
 7.200000 -2.781600 2.559160 175.736891
 7.220000 -2.938292 2.502804 169.047128
 7.240000 -3.037682 2.542481 166.820255
 7.260000 -3.009502 2.656618 168.723793
 7.280000 -3.035670 2.628624 167.796156
 7.300000 -2.866367 2.670122 173.353732
 7.320000 -2.840895 2.650595 174.129762
 7.340000 -2.807800 2.710780 176.211919
 7.360000 -2.876700 2.811317 174.753880
 7.380000 -3.046519 2.673617 168.118122
 7.400000 -3.121431 2.668608 166.813215
 7.420000 -3.102808 2.747664 168.088715
 7.440000 -3.013285 2.869005 171.571750
 7.460000 -2.971856 2.664511 169.802053
 7.480000 -2.920746 2.606448 170.686015
 7.500000 -2.995884 2.602898 168.437004
 7.520000 -2.870849 2.669604 173.178359
 7.540000 -3.017030 2.506261 166.929105
 7.560000 -2.958322 2.508546 168.494172
 7.580000 -2.941253 2.472938 168.674781
 7.600000 -2.967315 2.587659 169.043735
 7.620000 -3.032546 2.427451 165.910952
 7.640000 -2.880415 2.415802 170.237113
 7.660000 -2.963615 2.472288 168.001850
 7.680000 -2.790494 2.581254 175.549802
 7.700000 -2.957944 2.486794 168.299706
 7.720000 -3.057000 2.606473 167.109035
 7.740000 -3.037858 2.741895 169.187115
 7.760000 -3.009406 2.798781 170.616316
 7.780000 -2.972418 2.759046 171.008323
 7.800000 -2.920908 2.807045 173.199583
 7.820000 -2.975483 2.793776 171.406069
 7.840000 -3.034659 2.814602 170.277390
 7.860000 -3.017940 2.716686 169.290102
 7.880000 3.134231 2.520857 164.947282
 7.900000 -3.029083 2.736822 169.307746
 7.920000 -3.054931 2.753720 169.000927
 7.940000 -3.003785 2.744450 169.995540
 7.960000 -3.009451 2.685109 169.080121
 7.980000 -2.866690 2.888603 176.199227
 8.000000 -2.754832 2.845328 180.162578
 8.020000 -2.644407 2.781737 184.972480
 8.040000 -2.620457 2.759744 186.090186
 8.060000 -2.672191 2.718653 182.859127
 8.080000 -2.764574 2.608756 177.047283
 8.100000 3.122625 2.406278 164.023827
 8.120000 3.139994 2.475633 164.628005
 8.140000 3.056609 2.370261 163.654011
 8.160000 -3.117822 2.575778 165.811719
 8.180000 -2.958443 2.316922 166.922854
 8.200000 -2.789458 2.411073 174.003864
 8.220000 -2.784350 2.580512 175.824203
 8.240000 -2.764738 2.548100 176.427054
 8.260000 -2.905023 2.518911 170.301678
 8.280000 -2.988987 2.400548 166.711055
 8.300000 -2.976695 2.318450 166.442895
 8.320000 -2.976134 2.274977 166.185050
 8.340000 -2.995877 2.118540 164.994866
 8.360000 -2.957109 2.048314 165.661763
 8.380000 -2.840440 2.134075 169.745349
 8.400000 -2.958753 2.130075 165.906435
 8.420000 -2.884581 2.174720 168.359101
 8.440000 -2.883617 2.162806 168.325037
 8.460000 -2.881384 2.394557 170.022927
 8.480000 -2.888068 2.458108 170.331191
 8.500000 -2.914102 2.406227 168.965220
 8.520000 -2.978460 2.447948 167.373771
 8.540000 -3.055042 2.508636 166.150189
 8.560000 -3.027521 2.557125 167.186779
 8.580000 -3.045118 2.689338 168.344423
 8.600000 -3.064591 2.773113 169.085613
 8.620000 -3.029022 2.775961 169.846514
 8.640000 -3.017361 2.900447 171.978286
 8.660000 -2.970878 2.982516 174.461001
 8.680000 -2.964994 2.896932 173.229896
 8.700000 -2.954645 2.886629 173.357820
 8.720000 -2.981897 2.816270 171.556251
 8.740000 -2.996388 2.772841 170.566985
 8.760000 -3.067973 2.671561 167.680583
 8.780000 -2.996180 2.737821 170.095971
 8.800000 -2.998736 2.600719 168.340200
 8.820000 -2.762808 2.510461 176.157094
 8.840000 -2.806185 2.612824 175.179149
 8.860000 -2.770813 2.594514 176.602502
 8.880000 -2.815461 2.536579 173.982701
 8.900000 -3.030197 2.411518 165.838593
 8.920000 -3.029667 2.419639 165.911382
 8.940000 -3.032073 2.388201 165.629708
 8.960000 -3.067937 2.327473 164.598510
 8.980000 -2.994889 2.260353 165.643235
 9.000000 -3.116435 2.200997 163.470096
 9.020000 3.064240 2.218327 163.208109
 9.040000 -2.984274 2.236605 165.766357
 9.060000 -2.944327 2.308406 167.271115
 9.080000 -2.789717 2.406338 173.951389
 9.100000 -2.702045 2.502686 179.196081
 9.120000 -2.797379 2.398312 173.531524
 9.140000 -2.779008 2.304543 173.613882
 9.160000 -2.786266 2.320643 173.404279
 9.180000 -2.863649 2.349204 170.331068
 9.200000 -2.786381 2.417421 174.201698
 9.220000 -2.929289 2.453641 168.878056
 9.240000 3.121749 2.461597 164.376224
 9.260000 -3.092912 2.571843 166.116429
 9.280000 3.085695 2.710216 166.624329
 9.300000 -2.908671 2.907108 175.059048
 9.320000 -2.788559 2.972462 180.358821
 9.340000 -2.824801 2.932533 178.372772
 9.360000 -2.935088 2.872596 173.716060
 9.380000 -3.132484 2.947630 170.737100
 9.400000 2.921792 2.746130 167.405341
 9.420000 -3.094885 2.802065 168.976020
 9.440000 -3.130102 2.658572 166.584851
 9.460000 -2.925399 2.641089 170.929091
 9.480000 -2.898240 2.618604 171.591227
 9.500000 -2.876182 2.701972 173.369817
 9.520000 -2.843920 2.731553 174.967177
 9.540000 -2.683240 2.590652 181.024832
 9.560000 -2.778615 2.506465 175.364039
 9.580000 -2.814103 2.483183 173.531352
 9.600000 -2.831193 2.453831 172.526688
 9.620000 -3.062888 2.294755 164.500305
 9.640000 -3.076432 2.155961 163.757997
 9.660000 -2.977638 2.129588 165.441470
 9.680000 -2.971059 2.367885 166.936108
 9.700000 -3.004538 2.286834 165.575293
 9.720000 -2.929098 2.325599 167.855698
 9.740000 -3.067294 2.353628 164.763170
 9.760000 -2.896349 2.464312 170.089756
 9.780000 -2.851778 2.377242 171.020766
 9.800000 -2.856539 2.376169 170.822886
 9.820000 -2.833281 2.460639 172.499485
 9.840000 -2.920079 2.491641 169.528212
 9.860000 -3.031138 2.470720 166.294066
 9.880000 -2.988146 2.398234 166.714676
 9.900000 -3.040034 2.535273 166.700037
 9.920000 -3.011962 2.643780 168.510137
 9.940000 -2.933163 2.707172 171.481280
 9.960000 -2.942540 2.632759 170.287443
 9.980000 -2.773387 2.668632 177.273952
 10.000000 -2.845033 2.679576 174.298910
 10.020000 -2.842244 2.816217 176.103338
 10.040000 -3.103446 2.640114 166.720499
 10.060000 -3.040466 2.761128 169.395314
 10.080000 3.130461 2.780374 167.908655
 10.100000 -3.077223 2.733929 168.319432
 10.120000 -3.054233 2.685337 168.111861
 10.140000 -2.959324 2.885888 173.214681
 10.160000 -2.927109 2.792198 172.797675
 10.180000 -2.845131 2.802200 175.805926
 10.200000 -2.982873 2.591619 168.654422
 10.220000 -2.910924 2.632064 171.305972
 10.240000 -3.072768 2.698353 167.931604
 10.260000 -3.008858 2.674061 168.954671
 10.280000 -2.991087 2.503114 167.537770
 10.300000 -2.965483 2.480968 168.027952
 10.320000 -2.858620 2.498459 171.821716
 10.340000 -2.863774 2.516795 171.797685
 10.360000 -2.937549 2.403760 168.187721
 10.380000 -2.864352 2.365694 170.433328
 10.400000 -2.864625 2.504485 171.645505
 10.420000 -2.938258 2.401119 168.144283
 10.440000 -2.887070 2.389869 169.776209
 10.460000 -3.055015 2.343025 164.903405
 10.480000 -2.916652 2.400317 168.831590
 10.500000 -2.912349 2.388243 168.878064
 10.520000 -2.939167 2.338879 167.640103
 10.540000 -2.936778 2.266360 167.223904
 10.560000 -3.007540 2.419525 166.404898
 10.580000 -3.023536 2.537920 167.083045
 10.600000 -3.000375 2.407715 166.484166
 10.620000 -2.910798 2.625265 171.232158
 10.640000 -2.861721 2.732476 174.287488
 10.660000 -2.707130 2.915980 183.204196
 10.680000 -2.913020 2.793758 173.270612
 10.700000 -2.899216 2.884374 175.024158
 10.720000 -2.963359 2.975727 174.545207
 10.740000 -3.053515 3.023714 173.327279
 10.760000 3.122714 2.976228 170.918902
 10.780000 -3.091421 3.030869 172.802229
 10.800000 3.091379 2.977617 170.663549
 10.820000 -2.925694 3.093392 177.561956
 10.840000 -3.004946 2.909333 172.410223
 10.860000 -3.039256 2.792415 169.860103
 10.880000 -2.887310 2.922643 175.992421
 10.900000 -3.090034 2.653768 167.086749
 10.920000 -3.001173 2.645288 168.792690
 10.940000 -2.938898 2.544537 169.437782
 10.960000 -2.894984 2.464476 170.139916
 10.980000 -2.798148 2.441763 173.870715
 11.000000 -2.687472 2.336251 178.567599
 11.020000 -2.934916 2.246117 167.155883
 11.040000 -2.740390 2.264699 175.176671
 11.060000 -2.854373 2.285593 170.212583
 11.080000 -2.839724 2.278814 170.750046
 11.100000 -2.833917 2.190896 170.363926
 11.120000 -3.079220 2.301108 164.287309
 11.140000 -2.879594 2.408174 170.202894
 11.160000 -2.912916 2.538451 170.224504
 11.180000 -2.893569 2.458066 170.132151
 11.200000 -2.787023 2.540429 175.299313
 11.220000 -3.000731 2.552915 167.778928
 11.240000 -3.068638 2.594253 166.756944
 11.260000 -3.058393 2.649985 167.594632
 11.280000 3.010623 2.627115 165.570839
 11.300000 -2.910679 2.885015 174.661401
 11.320000 -2.993939 2.728141 170.023991
 11.340000 -2.844393 2.853308 176.520856
 11.360000 -2.730893 2.931358 182.289162
 11.380000 -2.758924 2.972766 181.591072
 11.400000 -2.781367 2.859806 179.166195
 11.420000 -2.851554 2.742114 174.797246
 11.440000 -3.038858 2.583324 167.219120
 11.460000 -3.028390 2.716650 169.054326
 11.480000 -3.079746 2.612638 166.772672
 11.500000 -3.095886 2.491110 165.313186
 11.520000 -2.841545 2.525768 172.770141
 11.540000 -2.871014 2.496771 171.326185
 11.560000 -2.772722 2.636263 176.953991
 11.580000 -2.848572 2.410878 171.430949
 11.600000 -3.029428 2.460436 166.242704
 11.620000 -3.062977 2.550408 166.402574
 11.640000 -3.082405 2.452644 165.201643
 11.660000 -3.081486 2.518049 165.772884
 11.680000 -2.956155 2.500299 168.479323
 11.700000 -2.931102 2.516109 169.403675
 11.720000 -2.803952 2.662144 175.823381
 11.740000 -2.818031 2.637952 174.940961
 11.760000 -2.823151 2.605457 174.365171
 11.780000 -2.721416 2.793890 181.137466
 11.800000 -2.954776 2.724906 171.051715
 11.820000 -2.940266 2.673274 170.840540
 11.840000 -3.115125 2.577369 165.862457
 11.860000 3.135586 2.676180 166.600650
 11.880000 -3.056897 2.629891 167.383050
 11.900000 -3.004095 2.667811 168.992756
 11.920000 -3.064559 2.600311 166.897951
 11.940000 -2.815454 2.799481 176.961717
 11.960000 -3.064660 2.734253 168.550758
 11.980000 -2.960809 2.748143 171.185768
 12.000000 -2.943113 2.754521 171.790926
 12.020000 -3.056687 2.633551 167.430373
 12.040000 -2.903590 2.660843 171.894086
 12.060000 -3.004549 2.474650 166.938091
 12.080000 -3.040283 2.253463 164.673119
 12.100000 -2.923164 2.276586 167.707573
 12.120000 -2.986082 2.196630 165.523159
 12.140000 -2.961634 2.214737 166.224738
 12.160000 -2.857255 2.105871 168.952070
 12.180000 -2.945102 2.295639 167.163540
 12.200000 -2.869124 2.305858 169.793295
 12.220000 -2.758498 2.217630 173.913533
 12.240000 -2.858355 2.245075 169.766358
 12.260000 -2.594720 2.332967 184.031198
 12.280000 -2.789177 2.296878 173.081384
 12.300000 -2.915735 2.317567 168.227826
 12.320000 -3.016341 2.310327 165.455592
 12.340000 3.111922 2.411523 163.989525
 12.360000 3.108112 2.553021 165.038246
 12.380000 -3.068660 2.433704 165.280015
 12.400000 -2.990847 2.639942 168.994059
 12.420000 -2.683443 2.728010 182.355802
 12.440000 -2.699539 2.815216 182.448326
 12.460000 -2.770782 2.869981 179.754053
 12.480000 -2.861530 2.863576 176.025867
 12.500000 -3.091825 2.819598 169.280955
 12.520000 -3.030597 2.959421 172.663828
 12.540000 -3.107827 2.811260 168.913242
 12.560000 -2.998751 2.762346 170.363256
 12.580000 -2.955237 2.826114 172.431429
 12.600000 -2.931407 2.547768 169.708038
 12.620000 -2.870556 2.684071 173.361995
 12.640000 -3.012170 2.694460 169.134881
 12.660000 -3.015703 2.558813 167.474792
 12.680000 -3.047366 2.696410 168.389183
 12.700000 -3.045942 2.503876 166.283259
 12.720000 -2.840779 2.536505 172.909022
 12.740000 -2.844412 2.642596 173.896683
 12.760000 -2.838263 2.383512 171.624297
 12.780000 -2.781915 2.485235 175.013057
 12.800000 -2.926230 2.455302 168.991704
 12.820000 -2.927847 2.422470 168.650431
 12.840000 -2.943419 2.490655 168.772527
 12.860000 -3.131362 2.345514 163.911889
 12.880000 -2.909983 2.435342 169.354568
 12.900000 -2.917397 2.429880 169.056500
 12.920000 -2.964439 2.435107 167.651592
 12.940000 -2.740612 2.528521 177.425412
 12.960000 -2.897033 2.573302 171.138345
 12.980000 -2.970229 2.515856 168.222288
 13.000000 -2.935852 2.589481 170.010854
 13.020000 3.125343 2.607376 165.717244
 13.040000 -3.064117 2.729090 168.491826
 13.060000 -2.980314 2.752786 170.709508
 13.080000 -3.070230 2.727672 168.360351
 13.100000 -2.787223 2.843203 178.704392
 13.120000 -2.974161 2.862152 172.443078
 13.140000 -2.950111 2.856240 173.024472
 13.160000 -2.896797 2.850987 174.614781
 13.180000 -3.134812 2.825436 168.760174
 13.200000 -3.004861 2.812516 170.923534
 13.220000 -3.102385 2.725645 167.799416
 13.240000 -3.138594 2.679042 166.731908
 13.260000 -3.020593 2.735526 169.480023
 13.280000 -2.956241 2.570301 169.178834
 13.300000 -2.892596 2.661648 172.288583
 13.320000 -2.784146 2.476536 174.829244
 13.340000 -2.773029 2.450630 175.122516
 13.360000 -2.700549 2.495939 179.216374
 13.380000 -2.764723 2.249712 173.861794
 13.400000 -2.907337 2.180904 167.635864
 13.420000 -2.936825 2.170046 166.683089
 13.440000 -3.001948 2.074263 164.742681
 13.460000 -2.968144 2.150622 165.755030
 13.480000 -3.016244 2.084657 164.495472
 13.500000 -2.962485 2.099962 165.698570
 13.520000 -2.874292 2.197678 168.860039
 13.540000 -2.902827 2.317749 168.663213
 13.560000 -2.849339 2.379295 171.135296
 13.580000 -2.851524 2.486702 171.991853
 13.600000 -2.958759 2.494475 168.347735
 13.620000 -2.834554 2.648256 174.362277
 13.640000 -2.958170 2.623768 169.712632
 13.660000 -2.941086 2.666484 170.733004
 13.680000 -2.854327 2.727569 174.510576
 13.700000 -2.894554 2.705205 172.745624
 13.720000 -2.963882 2.702801 170.504543
 13.740000 -2.986211 2.744767 170.445596
 13.760000 3.119881 2.772962 167.701363
 13.780000 -3.005391 2.936452 172.842619
 13.800000 -3.000983 2.940032 173.006055
 13.820000 -2.891629 2.743995 173.336512
 13.840000 -2.835904 2.951176 178.221328
 13.860000 -2.921199 2.913093 174.758087
 13.880000 -3.067157 2.879024 170.612936
 13.900000 -3.068809 2.852142 170.163704
 13.920000 3.135429 2.755379 167.615532
 13.940000 -3.053875 2.781324 169.406238
 13.960000 -2.958892 2.720160 170.870439
 13.980000 -2.961951 2.689053 170.386400
 14.000000 -2.823562 2.630871 174.625796
 14.020000 -2.890466 2.577483 171.417640
 14.040000 -2.944196 2.495551 168.794819
 14.060000 -2.894396 2.525679 170.742284
 14.080000 -3.009376 2.421097 166.374173
 14.100000 -2.935827 2.389591 168.127628
 14.120000 -2.865013 2.258688 169.606620
 14.140000 -2.836813 2.170881 170.116910
 14.160000 -2.779898 2.275230 173.342085
 14.180000 -2.775131 2.347047 174.140625
 14.200000 -2.830523 2.346280 171.649123
 14.220000 -2.726995 2.331822 176.407716
 14.240000 -2.961229 2.384403 167.332284
 14.260000 -2.909635 2.329166 168.515261
 14.280000 -3.072926 2.418393 165.098184
 14.300000 -3.050278 2.340119 164.968695
 14.320000 -3.020124 2.409092 166.037637
 14.340000 -3.078375 2.514859 165.794281
 14.360000 -3.055444 2.523112 166.277152
 14.380000 -2.973436 2.709014 170.316479
 14.400000 -3.024336 2.714266 169.113011
 14.420000 -2.863307 2.883227 176.242146
 14.440000 -2.798155 2.811417 177.839144
 14.460000 -2.896480 2.813571 174.094288
 14.480000 -2.800264 2.909803 179.031074
 14.500000 -2.907234 2.969749 176.074457
 14.520000 -2.921817 2.808475 173.190552
 14.540000 -2.928155 2.627540 170.681672
 14.560000 -2.962428 2.645104 169.836983
 14.580000 -2.960385 2.661139 170.088806
 14.600000 -3.054313 2.675740 167.989800
 14.620000 -3.048107 2.487801 166.097098
 14.640000 -2.916622 2.580013 170.534930
 14.660000 -2.949989 2.433116 168.055345
 14.680000 -2.938520 2.498925 169.002969
 14.700000 -2.950342 2.420884 167.940618
 14.720000 -3.028593 2.361946 165.522465
 14.740000 -2.869934 2.347103 170.073890
 14.760000 -2.888148 2.195644 168.358977
 14.780000 -2.862540 2.312025 170.090511
 14.800000 -2.947683 2.106487 166.102055
 14.820000 -3.063115 2.294924 164.497577
 14.840000 -3.087414 2.146629 163.609778
 14.860000 -2.968892 2.170957 165.824655
 14.880000 -2.952188 2.053680 165.799506
 14.900000 -2.822256 2.317723 171.776692
 14.920000 -2.839174 2.374947 171.516556
 14.940000 -2.842334 2.346236 171.157169
 14.960000 -2.769779 2.552179 176.225459
 14.980000 -2.776438 2.510102 175.500975
 15.000000 -2.790276 2.734585 177.253006
 15.020000 -2.937983 2.714081 171.418764
 15.040000 -2.958364 2.747603 171.248599
 15.060000 -2.990744 2.695545 169.680928
 15.080000 -2.931206 2.765462 172.304047
 15.100000 -3.052657 2.710856 168.471116
 15.120000 -3.032158 2.925721 172.064486
 15.140000 3.106458 2.780290 167.685779
 15.160000 -3.075801 2.833396 169.754982
 15.180000 3.138957 2.711559 167.075960
 15.200000 -2.973137 2.790145 171.418653
 15.220000 -2.923043 2.874830 174.118594
 15.240000 -2.784905 2.723874 177.367825
 15.260000 -2.848651 2.500516 172.237621
 15.280000 -2.860566 2.453710 171.329262
 15.300000 -2.919069 2.491669 169.562008
 15.320000 -2.880519 2.357073 169.754573
 15.340000 -2.999169 2.362435 166.179114
 15.360000 -3.004485 2.321228 165.784489
 15.380000 -2.969185 2.422828 167.415012
 15.400000 -3.050598 2.405833 165.395033
 15.420000 -2.923128 2.333117 168.099837
 15.440000 -2.813621 2.396365 172.787197
 15.460000 -2.720218 2.478308 178.014331
 15.480000 -2.684389 2.603643 181.085566
 15.500000 -2.915321 2.510137 169.864403
 15.520000 -3.047213 2.552971 166.730203
 15.540000 -3.051681 2.594323 167.076882
 15.560000 -3.049708 2.607638 167.264106
 15.580000 -2.906542 2.432536 169.447866
 15.600000 -2.858545 2.466729 171.527792
 15.620000 -2.806710 2.619634 175.229785
 15.640000 -2.855024 2.627627 173.305496
 15.660000 -3.025984 2.604263 167.728367
 15.680000 -3.052526 2.518301 166.287063
 15.700000 -3.055894 2.730786 168.671395
 15.720000 -3.033805 2.734498 169.173888
 15.740000 -2.919599 2.755388 172.539272
 15.760000 -2.918426 2.663151 171.419590
 15.780000 -2.859558 2.719549 174.210666
 15.800000 -2.894999 2.706216 172.742479
 15.820000 -2.954188 2.631697 169.922084
 15.840000 -3.066995 2.689313 167.920782
 15.860000 -3.070773 2.608739 166.882185
 15.880000 -3.042169 2.714741 168.734502
 15.900000 -3.067325 2.557193 166.391872
 15.920000 -2.872712 2.610001 172.425686
 15.940000 -2.976183 2.630215 169.273889
 15.960000 -2.845229 2.634944 173.777276
 15.980000 -2.881502 2.601951 172.009010
 16.000000 -3.013770 2.530357 167.234865
 16.020000 -2.957133 2.605888 169.539969
 16.040000 -3.025883 2.646710 168.224853
 16.060000 -3.076643 2.542183 166.081587
 16.080000 -2.928705 2.607309 170.435309
 16.100000 -2.985679 2.586228 168.520470
 16.120000 -2.927872 2.524509 169.590090
 16.140000 -2.881316 2.584968 171.831518
 16.160000 -2.964713 2.464831 167.903541
 16.180000 -2.941356 2.515091 169.069922
 16.200000 -2.930536 2.441883 168.733621
 16.220000 -3.053305 2.425964 165.492450
 16.240000 -2.993621 2.462090 167.099118
 16.260000 -3.027139 2.373512 165.629943
 16.280000 -2.952999 2.481854 168.399959
 16.300000 -2.841842 2.519860 172.700318
 16.320000 -2.820116 2.536917 173.783900
 16.340000 -2.782795 2.582347 175.915043
 16.360000 -2.717082 2.606677 179.387154
 16.380000 -2.867783 2.671597 173.317504
 16.400000 -2.858582 2.594399 172.799174
 16.420000 -3.019563 2.606959 167.904853
 16.440000 3.133368 2.633373 166.079134
 16.460000 3.092883 2.556912 164.986420
 16.480000 3.033849 2.608675 165.350164
 16.500000 -3.060910 2.737344 168.662915
 16.520000 -2.947019 2.717090 171.181426
 16.540000 -2.749901 2.775989 179.572864
 16.560000 -2.768446 2.840744 179.495825
 16.580000 -2.815989 2.775066 176.634954
 16.600000 -2.832745 2.754893 175.698925
 16.620000 -2.916103 2.753293 172.625815
 16.640000 -2.926139 2.549475 169.896161
 16.660000 -2.870195 2.523028 171.611652
 16.680000 -2.966927 2.380915 167.146221
 16.700000 -2.895376 2.241092 168.393717
 16.720000 -2.951287 2.232384 166.602587
 16.740000 -2.981687 2.185368 165.575683
 16.760000 -2.829132 2.304202 171.380534
 16.780000 -2.971437 2.392777 167.113187
 16.800000 -2.968894 2.437694 167.548302
 16.820000 -2.922995 2.543616 169.939610
 16.840000 -3.025140 2.508909 166.768334
 16.860000 -2.996720 2.605020 168.439421
 16.880000 -2.902685 2.614309 171.386823
 16.900000 -3.096324 2.586548 166.219889
 16.920000 -2.948108 2.734272 171.371467
 16.940000 -3.044962 2.652770 167.892825
 16.960000 -3.065735 2.684498 167.883134
 16.980000 -2.932236 2.679287 171.165859
 17.000000 -2.976844 2.687144 169.944049
 17.020000 -2.875193 2.697443 173.351057
 17.040000 -2.814128 2.679901 175.583274
 17.060000 -2.936464 2.552642 169.597804
 17.080000 -2.907014 2.539393 170.435719
 17.100000 -3.058801 2.489968 165.913009
 17.120000 -3.070019 2.531590 166.092983
 17.140000 -2.943730 2.421550 168.145128
 17.160000 -2.919805 2.550505 170.115506
 17.180000 -2.806517 2.449654 173.563449
 17.200000 -2.722251 2.466720 177.807025
 17.220000 -2.835702 2.470070 172.483814
 17.240000 -2.763516 2.488903 175.924390
 17.260000 -2.823468 2.450327 172.825524
 17.280000 -2.965374 2.355189 166.999379
 17.300000 -2.980173 2.424858 167.132926
 17.320000 -3.051392 2.175697 164.163989
 17.340000 -3.062188 2.317450 164.633951
 17.360000 -3.036816 2.254270 164.739397
 17.380000 -2.964844 2.319372 166.762822
 17.400000 -3.040359 2.423276 165.719887
 17.420000 -2.872462 2.547576 171.771192
 17.440000 -2.964128 2.610158 169.383469
 17.460000 -2.811707 2.706222 175.991107
 17.480000 -2.863560 2.780544 174.824572
 17.500000 -2.755148 2.788155 179.470439
 17.520000 -2.830806 2.769613 175.959103
 17.540000 -2.803252 2.748672 176.853934
 17.560000 -2.958124 2.604901 169.499773
 17.580000 -3.060080 2.707951 168.289112
 17.600000 -3.079241 2.539426 166.011526
 17.620000 3.133224 2.633261 166.076457
 17.640000 -2.990688 2.627987 168.858365
 17.660000 -2.852282 2.577517 172.866315
 17.680000 -2.845900 2.759934 175.238598
 17.700000 -2.825840 2.655415 174.806073
 17.720000 -2.879380 2.755169 173.917051
 17.740000 -3.017650 2.691906 168.974357
 17.760000 -3.030392 2.462045 166.235661
 17.780000 -3.026079 2.672443 168.537005
 17.800000 -2.992586 2.568830 168.152190
 17.820000 -2.981801 2.436161 167.183495
 17.840000 -2.955076 2.470707 168.235938
 17.860000 -3.018710 2.429131 166.224043
 17.880000 -2.959426 2.574445 169.129308
 17.900000 -2.928544 2.492086 169.255398
 17.920000 -2.963461 2.490019 168.169629
 17.940000 -2.918102 2.525979 169.926109
 17.960000 -2.921816 2.527556 169.818347
 17.980000 -2.902177 2.507071 170.285505
 18.000000 -2.804824 2.423356 173.407553
 18.020000 -2.862147 2.550617 172.198495
 18.040000 -2.817999 2.563247 174.140833
 18.060000 -2.950205 2.576254 169.423352
 18.080000 -3.009317 2.455112 166.652364
 18.100000 -2.958886 2.459689 168.025574
 18.120000 -2.931472 2.596541 170.227563
 18.140000 -2.947333 2.425442 168.069104
 18.160000 -2.953538 2.392135 167.613860
 18.180000 -3.092016 2.461786 165.129240
 18.200000 -3.050475 2.383333 165.241918
 18.220000 -3.065399 2.567407 166.530526
 18.240000 -3.031917 2.455840 166.150986
 18.260000 -2.832346 2.643169 174.395635
 18.280000 -2.824578 2.785604 176.411064
 18.300000 -2.827887 2.767387 176.049579
 18.320000 -2.830019 2.863926 177.218749
 18.340000 -2.935277 2.889945 173.973851
 18.360000 -2.983997 2.985150 174.172537
 18.380000 -2.924791 2.901952 174.475680
 18.400000 -3.129717 2.748596 167.731754
 18.420000 -3.021037 2.866104 171.350376
 18.440000 -3.108686 2.775741 168.391003
 18.460000 -3.040818 2.779275 169.641327
 18.480000 -3.067633 2.627684 167.157565
 18.500000 -3.013308 2.685929 168.998741
 18.520000 -2.996460 2.756568 170.341875
 18.540000 -2.991465 2.574023 168.236581
 18.560000 -2.999692 2.515664 167.437054
 18.580000 -2.869096 2.479125 171.233353
 18.600000 -2.950288 2.394348 167.726821
 18.620000 -2.836315 2.382661 171.698614
 18.640000 -2.895590 2.182929 168.031868
 18.660000 -2.917228 2.286297 167.961941
 18.680000 -2.804773 2.133670 171.197951
 18.700000 -2.803831 2.312069 172.537927
 18.720000 -2.870879 2.187327 168.919779
 18.740000 -2.788811 2.287869 173.027594
 18.760000 -2.899956 2.341615 168.939015
 18.780000 -2.865357 2.368719 170.418679
 18.800000 -2.885383 2.274868 168.970431
 18.820000 -3.021343 2.255079 165.041344
 18.840000 -2.975211 2.549681 168.418605
 18.860000 -2.970247 2.572111 168.792800
 18.880000 -3.044108 2.688616 168.355910
 18.900000 -2.971116 2.706496 170.347878
 18.920000 -2.896432 2.915883 175.588281
 18.940000 -2.968613 2.907783 173.302582
 18.960000 -2.925553 2.905968 174.514301
 18.980000 -3.021447 2.808406 170.476789
 19.000000 -3.018708 2.873541 171.518302
 19.020000 -3.115953 2.730520 167.668177
 19.040000 -3.052000 2.590895 167.033296
 19.060000 3.118232 2.521219 164.820455
 19.080000 -3.013578 2.659772 168.665136
 19.100000 -2.975980 2.773807 171.113431
 19.120000 -2.932485 2.599284 170.225220
 19.140000 -2.870001 2.552543 171.915539
 19.160000 -2.772367 2.637636 176.985363
 19.180000 -2.820121 2.686381 175.402535
 19.200000 -2.762725 2.492942 175.999618
 19.220000 -2.878176 2.344290 169.742647
 19.240000 -2.831035 2.404841 172.105287
 19.260000 -2.893874 2.453950 170.083936
 19.280000 -3.095535 2.344049 164.297385
 19.300000 3.137903 2.188902 163.247735
 19.320000 3.120590 2.383167 163.878798
 19.340000 -3.073410 2.505498 165.792565
 19.360000 -2.947563 2.510928 168.838730
 19.380000 -2.939448 2.590113 169.904539
 19.400000 -2.956042 2.616385 169.690581
 19.420000 -2.878326 2.845617 175.171792
 19.440000 -3.029904 2.611144 167.719258
 19.460000 -2.979686 2.570255 168.510732
 19.480000 -2.946397 2.647476 170.342261
 19.500000 -2.950622 2.786264 172.001782
 19.520000 -2.998843 2.740346 170.062796
 19.540000 -3.047729 2.593048 167.141969
 19.560000 -2.969686 2.698735 170.288683
 19.580000 -2.884082 2.884723 175.536960
 19.600000 -2.817810 2.823752 177.174329
 19.620000 -2.810500 2.621902 175.088583
 19.640000 -2.704239 2.763794 181.657925
 19.660000 -2.898911 2.688693 172.390504
 19.680000 -2.920747 2.653078 171.223021
 19.700000 -3.102480 2.386518 164.461361
 19.720000 -3.060016 2.510495 166.074481
 19.740000 -2.987169 2.308721 166.116708
 19.760000 -2.937917 2.332428 167.631494
 19.780000 -2.946273 2.142962 166.291695
 19.800000 -3.022712 2.125315 164.485101
 19.820000 -2.988535 2.210434 165.532401
 19.840000 -2.922325 2.113744 166.841080
 19.860000 -2.772282 2.218229 173.260682
 19.880000 -2.814900 2.026515 170.157687
 19.900000 -2.835259 2.280545 170.946263
 19.920000 -2.959517 2.063797 165.650098
 19.940000 -2.860692 2.142964 169.031314
 19.960000 -2.886681 2.114146 167.962917
 19.980000 -2.785983 2.281715 173.109994
 20.000000 -2.845888 2.345510 171.006315
