#! FIELDS time phi psi sigma_phi sigma_psi height biasf
                        #! SET multivariate false
                        #! SET kerneltype stretched-gaussian
                        #! SET min_phi -pi
                        #! SET max_phi pi
                        #! SET min_psi -pi
                        #! SET max_psi pi
0 -2.543539153370475 2.2435946437247374 0.35 0.35 1.2 1
0 -0.5255362868163906 -1.535264295297101 0.35 0.35 1.2 1
0 1.1558699542925104 -1.4365491370655834 0.35 0.35 1.2 1
0 -3.141592653589793 -0.22622654692723193 0.35 0.35 1.2 1
0 1.0920798084195344 -0.032031223932420194 0.35 0.35 1.2 1
0 2.1231301487023586 1.569433965162283 0.35 0.35 1.2 1
0 -0.7616017464186068 1.9933479310680144 0.35 0.35 1.2 1
0 1.1472932228149206 -1.3844284345917826 0.35 0.35 1.2 1
0 -1.5191545771983272 0.8826166397766508 0.35 0.35 1.2 1
0 -2.5941426127312726 0.23389171908702125 0.35 0.35 1.2 1
0 -0.7742144731905426 0.140664117615933 0.35 0.35 1.2 1
0 1.3799876984636963 -0.8527373591877143 0.35 0.35 1.2 1
0 1.3692153357229504 2.7341561745113605 0.35 0.35 1.2 1
0 -2.3147700535691675 2.910089350378172 0.35 0.35 1.2 1
0 0.44538425372589013 2.1366672692122406 0.35 0.35 1.2 1
0 -3.141592653589793 -0.8744986095483583 0.35 0.35 1.2 1
0 3.141592653589793 -0.24897051068997067 0.35 0.35 1.2 1
0 1.3881811010860292 -1.5941595112089368 0.35 0.35 1.2 1
0 2.394495627742788 2.7301999025299084 0.35 0.35 1.2 1
0 1.176665503708936 1.6639285642302606 0.35 0.35 1.2 1
0 -2.907817773386306 3.141592653589793 0.35 0.35 1.2 1
0 0.7631030786117394 -2.333050968217798 0.35 0.35 1.2 1
0 -0.0707802405504907 1.1572363673800052 0.35 0.35 1.2 1
0 1.4281933125250608 -0.23774953694275833 0.35 0.35 1.2 1
0 -0.03255147533352876 -0.7902352639531105 0.35 0.35 1.2 1
0 2.3564981486169163 -0.5421921545477791 0.35 0.35 1.2 1
0 -0.7073025911603146 -1.6062551937635627 0.35 0.35 1.2 1
0 -0.5823679196806089 2.7939477210249626 0.35 0.35 1.2 1
0 -1.7164974067452679 1.056527318578543 0.35 0.35 1.2 1
0 2.6214811603477135 0.5890773821045159 0.35 0.35 1.2 1
0 2.6975180422715384 -2.3829683850530374 0.35 0.35 1.2 1
0 0.3399421490913146 -0.9164346191711301 0.35 0.35 1.2 1
0 -3.141592653589793 -1.8995774084032777 0.35 0.35 1.2 1
0 -2.4168107595082926 0.8124436304150796 0.35 0.35 1.2 1
0 -0.9048322310876586 3.014137897922791 0.35 0.35 1.2 1
0 3.058235560241429 2.280867707618754 0.35 0.35 1.2 1
0 3.036958838796926 2.6162559626594506 0.35 0.35 1.2 1
0 -2.8888308453078575 -2.3155707340197336 0.35 0.35 1.2 1
0 2.070718867743686 2.6212232314303363 0.35 0.35 1.2 1
0 0.5935202464374366 1.8000221188764032 0.35 0.35 1.2 1
0 0.1546534764302161 -3.141592653589793 0.35 0.35 1.2 1
0 2.0670806473543255 -0.12531962368376937 0.35 0.35 1.2 1
0 1.2180852294254034 1.5192518510641944 0.35 0.35 1.2 1
0 2.45966324132982 0.09617385681420557 0.35 0.35 1.2 1
0 -1.3605691598505687 0.8245959726112824 0.35 0.35 1.2 1
0 -1.4208149340262108 2.982595477014824 0.35 0.35 1.2 1
0 -0.015824022690211537 2.1821172752293165 0.35 0.35 1.2 1
0 2.500322661305642 -0.022458830141995123 0.35 0.35 1.2 1
0 -1.3356461806015132 0.9655915959041383 0.35 0.35 1.2 1
0 -1.6524345344042215 0.025313287219471403 0.35 0.35 1.2 1
0 2.185911937455255 -0.27905238628181706 0.35 0.35 1.2 1
0 -0.5669219792420028 -0.006116550195716441 0.35 0.35 1.2 1
0 3.141592653589793 1.0598253434605618 0.35 0.35 1.2 1
0 2.974589919791553 -0.7957736595175333 0.35 0.35 1.2 1
0 -0.11041713979678636 0.8209823935405569 0.35 0.35 1.2 1
0 -3.141592653589793 2.495344926382937 0.35 0.35 1.2 1
0 -0.4548834064884604 -2.496909730221001 0.35 0.35 1.2 1
0 0.41507671032203197 -1.7299218578383333 0.35 0.35 1.2 1
0 0.846687799512085 2.6016547671021644 0.35 0.35 1.2 1
0 2.9272892544338855 -0.9318770820781452 0.35 0.35 1.2 1
0 0.23358888282868778 2.2768823634029043 0.35 0.35 1.2 1
0 0.875180150888845 1.1832779412276304 0.35 0.35 1.2 1
0 -1.048523127044116 3.141592653589793 0.35 0.35 1.2 1
0 -3.141592653589793 -2.8659973128234273 0.35 0.35 1.2 1
0 3.141592653589793 3.141592653589793 0.35 0.35 1.2 1
0 0.08195168489162166 0.7710625473266266 0.35 0.35 1.2 1
0 -0.54311768853083 0.24343342962008496 0.35 0.35 1.2 1
0 1.6710573593321039 2.0373778184006555 0.35 0.35 1.2 1
0 2.3222921976395416 -1.0540197660606498 0.35 0.35 1.2 1
0 2.098985863878333 -1.7134395162477625 0.35 0.35 1.2 1
0 0.20911856400534934 1.1858799911803262 0.35 0.35 1.2 1
0 -2.0575479772859158 0.7203167702681876 0.35 0.35 1.2 1
0 -2.141641310328039 -1.464707012176352 0.35 0.35 1.2 1
0 -0.0981121142383301 1.0930514586735864 0.35 0.35 1.2 1
0 -2.6652802398685784 -1.7124916750121937 0.35 0.35 1.2 1
0 0.21807821522851234 3.141592653589793 0.35 0.35 1.2 1
0 2.544372893937537 -0.8362344206747758 0.35 0.35 1.2 1
0 3.141592653589793 1.3548347680469217 0.35 0.35 1.2 1
0 2.3267459530657084 2.7476952378195914 0.35 0.35 1.2 1
0 1.0642302440506775 -2.123536320546397 0.35 0.35 1.2 1
0 1.4385020758705402 -0.26824377959857726 0.35 0.35 1.2 1
0 -1.0630289107724598 1.8795982817393557 0.35 0.35 1.2 1
0 3.030094529184264 -2.404950462898907 0.35 0.35 1.2 1
0 0.43499911119631607 -0.15081233950331652 0.35 0.35 1.2 1
0 2.1663197425592315 -1.8924328495756413 0.35 0.35 1.2 1
0 -0.6782851600725597 -1.4404527572456922 0.35 0.35 1.2 1
0 -0.7059368560203693 -1.7124903357114452 0.35 0.35 1.2 1
0 -3.10141903135219 -0.7968898347196294 0.35 0.35 1.2 1
0 1.7312308157910081 -3.141592653589793 0.35 0.35 1.2 1
0 -0.6343814234755891 2.582436424377167 0.35 0.35 1.2 1
0 -0.28890454253333075 -0.09446984636875166 0.35 0.35 1.2 1
0 -2.19043259699567 -1.5511864076503121 0.35 0.35 1.2 1
0 1.5950595012279791 0.6280230893798737 0.35 0.35 1.2 1
0 2.9621248788642385 0.5478885712384005 0.35 0.35 1.2 1
0 -0.5190656016747873 0.06694227946872411 0.35 0.35 1.2 1
0 2.7143878816598264 -1.9686001612498898 0.35 0.35 1.2 1
0 1.5469598965521427 0.761862370636168 0.35 0.35 1.2 1
0 2.6252275095388438 -0.8182175893381375 0.35 0.35 1.2 1
0 -2.149296258401382 -1.1486689503841676 0.35 0.35 1.2 1
0 1.3632070385628976 -3.141592653589793 0.35 0.35 1.2 1
0 -2.0706250160200006 3.141592653589793 0.35 0.35 1.2 1
0 3.112369352144999 1.4366314663055397 0.35 0.35 1.2 1
0 -0.5920759843140782 2.467159063079904 0.35 0.35 1.2 1
0 2.6562578368981353 0.5039896376727768 0.35 0.35 1.2 1
0 1.4959404797410345 -3.029028276245677 0.35 0.35 1.2 1
0 -0.4284605229817389 -0.31240641896193333 0.35 0.35 1.2 1
0 2.717565032698454 1.2486316203467838 0.35 0.35 1.2 1
0 -0.4721372245878081 1.0334096346496557 0.35 0.35 1.2 1
0 -2.5148547697116985 -2.769022607755068 0.35 0.35 1.2 1
0 3.1232982622890932 -1.5617006168153365 0.35 0.35 1.2 1
0 -1.174408528805213 -2.6989924413090693 0.35 0.35 1.2 1
0 2.9489391772774933 -1.214282334226875 0.35 0.35 1.2 1
0 -0.2729308759744138 0.3153221576203844 0.35 0.35 1.2 1
0 2.2871136626269046 1.2692059495498154 0.35 0.35 1.2 1
0 -2.199854603695104 -3.141592653589793 0.35 0.35 1.2 1
0 -0.3677792421470396 1.281930519682277 0.35 0.35 1.2 1
0 1.0421713637761516 -0.3567821662510952 0.35 0.35 1.2 1
0 -0.6280414117124309 1.193895892419877 0.35 0.35 1.2 1
0 -0.24614483279791355 1.9353883132606169 0.35 0.35 1.2 1
0 -1.3119465095742298 -2.7966541344409483 0.35 0.35 1.2 1
0 -1.0273287671891884 -2.5674439708356873 0.35 0.35 1.2 1
0 3.141592653589793 -0.19460614869532097 0.35 0.35 1.2 1
0 -2.1509617184323306 -1.5692196713849866 0.35 0.35 1.2 1
0 -2.123386832559665 -2.4420316484276223 0.35 0.35 1.2 1
0 -0.020617542770578146 2.804408884646561 0.35 0.35 1.2 1
0 1.3380212056303695 0.3546493574213513 0.35 0.35 1.2 1
0 -3.0821575598519524 0.14876107031273023 0.35 0.35 1.2 1
0 -2.137273550145119 -0.8481219861418583 0.35 0.35 1.2 1
0 -2.5167051397197904 0.30911871776617406 0.35 0.35 1.2 1
0 -0.6287019104744731 -0.3898206737181982 0.35 0.35 1.2 1
0 -2.5999096476807644 3.141592653589793 0.35 0.35 1.2 1
0 2.796809944122583 0.11682772573468925 0.35 0.35 1.2 1
0 -2.7447547522726143 -0.5876964080348293 0.35 0.35 1.2 1
0 -3.141592653589793 2.2249721076544002 0.35 0.35 1.2 1
0 3.042888343003274 0.29654740186693607 0.35 0.35 1.2 1
0 1.0703563584452138 -1.9991534793603043 0.35 0.35 1.2 1
0 1.4187018765372117 -2.8598766453719873 0.35 0.35 1.2 1
0 -2.354094615682596 1.5321804067787173 0.35 0.35 1.2 1
0 -2.515588536350096 -0.650623115201994 0.35 0.35 1.2 1
0 0.8624844108620585 -2.2715906791069966 0.35 0.35 1.2 1
0 -3.141592653589793 -1.2836359369298767 0.35 0.35 1.2 1
0 3.141592653589793 1.3758500840857784 0.35 0.35 1.2 1
0 1.3338126037137634 0.5134546531402464 0.35 0.35 1.2 1
0 -1.6831013899103118 2.6037301065962053 0.35 0.35 1.2 1
0 -2.2367318207515883 -1.6644254441374393 0.35 0.35 1.2 1
0 0.7438540014142929 1.3446329380875381 0.35 0.35 1.2 1
0 -1.9653732086255042 1.5749958241659368 0.35 0.35 1.2 1
0 0.12468739171306242 -3.141592653589793 0.35 0.35 1.2 1
0 2.0829079237802817 -1.7236809309693832 0.35 0.35 1.2 1
0 1.4382926949734816 2.850838563062001 0.35 0.35 1.2 1
0 -1.5813521042473118 -1.7421693316671822 0.35 0.35 1.2 1
0 2.7132256869293414 0.9944453130450275 0.35 0.35 1.2 1
0 -1.099019046219037 0.2186655269959895 0.35 0.35 1.2 1
0 -0.2887437359473015 2.3874965327075124 0.35 0.35 1.2 1
0 1.2206219940251994 1.4276889354995639 0.35 0.35 1.2 1
0 2.5396702896941834 1.812394349589761 0.35 0.35 1.2 1
0 -2.2464088866824765 -1.465084163047338 0.35 0.35 1.2 1
0 -2.7159563589487448 -2.727985777964371 0.35 0.35 1.2 1
0 2.43425679465213 -1.6156078907157239 0.35 0.35 1.2 1
0 -1.8089243767413308 0.16718686123529272 0.35 0.35 1.2 1
0 -0.5546775611225787 -3.141592653589793 0.35 0.35 1.2 1
0 0.591058025557313 0.8232923661655389 0.35 0.35 1.2 1
0 2.6307884705674267 3.141592653589793 0.35 0.35 1.2 1
0 -2.9238499508150975 2.36066248718089 0.35 0.35 1.2 1
0 0.9423742908851689 -3.141592653589793 0.35 0.35 1.2 1
0 -0.4706136581733901 1.4984961004667663 0.35 0.35 1.2 1
0 1.3936252560482811 1.7188946182847757 0.35 0.35 1.2 1
0 0.11472637340983377 -0.07696746492506001 0.35 0.35 1.2 1
0 -1.709769816899942 -1.3719436912270688 0.35 0.35 1.2 1
0 2.8791332152783538 1.4749285616823815 0.35 0.35 1.2 1
0 -2.3383829578223843 -0.7096177527506089 0.35 0.35 1.2 1
0 -3.141592653589793 -0.43000593631840034 0.35 0.35 1.2 1
0 0.4885543758811244 2.1128550933390775 0.35 0.35 1.2 1
0 0.5582154201701683 0.8939337456823506 0.35 0.35 1.2 1
0 0.8861133660175221 0.5720139640127624 0.35 0.35 1.2 1
0 1.059544324195481 -1.4226366261129613 0.35 0.35 1.2 1
0 2.142730498360138 0.7757720526790224 0.35 0.35 1.2 1
0 0.998263606492922 1.4704142601301315 0.35 0.35 1.2 1
0 -1.838266532243337 -1.158984230707956 0.35 0.35 1.2 1
0 -0.29264682436809614 -0.2891960299667493 0.35 0.35 1.2 1
0 -3.141592653589793 -3.141592653589793 0.35 0.35 1.2 1
0 -1.605082882941062 0.28674109351120014 0.35 0.35 1.2 1
0 3.088445754725055 0.3142106585076083 0.35 0.35 1.2 1
0 -0.7691918554871571 0.7070012263432106 0.35 0.35 1.2 1
0 1.6306380433440124 0.16205804472893115 0.35 0.35 1.2 1
0 -2.5269375340742415 0.7921683784210951 0.35 0.35 1.2 1
0 0.26759854451932585 0.8551455714509312 0.35 0.35 1.2 1
0 1.3455858262982507 0.5149676037164168 0.35 0.35 1.2 1
0 1.0201209951792858 1.3496874930752236 0.35 0.35 1.2 1
0 -1.6501983546812502 -1.3149817774320791 0.35 0.35 1.2 1
0 0.5703993295695311 2.754214190989088 0.35 0.35 1.2 1
0 -3.141592653589793 -3.141592653589793 0.35 0.35 1.2 1
0 -2.5957480998068774 1.4970443939478169 0.35 0.35 1.2 1
0 1.7097424414889713 1.7629097073788584 0.35 0.35 1.2 1
0 -1.6543722373991265 0.8490235808215181 0.35 0.35 1.2 1
0 -2.585555780970767 1.9664078861307526 0.35 0.35 1.2 1
0 -3.141592653589793 -0.006353615179699235 0.35 0.35 1.2 1
0 -1.0623550675046287 -0.9463945734097924 0.35 0.35 1.2 1
0 1.319760260540992 0.6125997731409383 0.35 0.35 1.2 1
0 2.2261388631112973 -1.549922468102726 0.35 0.35 1.2 1
0 1.9849675261290256 -0.11624300986482583 0.35 0.35 1.2 1
0 0.2909768478898528 -2.99005205427373 0.35 0.35 1.2 1
0 -1.8219465176602678 -3.141592653589793 0.35 0.35 1.2 1
0 -2.309949667223949 -0.9325455721288072 0.35 0.35 1.2 1
0 3.141592653589793 3.141592653589793 0.35 0.35 1.2 1
0 1.6605490268248784 -1.9285238970750151 0.35 0.35 1.2 1
0 0.47922753007856644 -2.5974154307391446 0.35 0.35 1.2 1
0 -1.9668146122649546 0.12012444057994293 0.35 0.35 1.2 1
0 1.942875520043938 -3.141592653589793 0.35 0.35 1.2 1
0 -0.1897606591252652 -1.5945076579737312 0.35 0.35 1.2 1
0 -0.8229600990313426 1.0504642376937827 0.35 0.35 1.2 1
0 0.22529494953800294 0.03420103855241975 0.35 0.35 1.2 1
0 -0.8010890036251486 3.141592653589793 0.35 0.35 1.2 1
0 -2.3738561010254013 2.1770213327051384 0.35 0.35 1.2 1
0 1.9682300467510223 3.141592653589793 0.35 0.35 1.2 1
0 -1.0330651870913483 -0.7016250920827047 0.35 0.35 1.2 1
0 -2.8452990522097306 1.7963168105621583 0.35 0.35 1.2 1
0 -1.549015853958002 -1.000439903929122 0.35 0.35 1.2 1
0 0.16130994702990123 -0.380596501301615 0.35 0.35 1.2 1
0 -1.4836461026418402 1.1119278121097287 0.35 0.35 1.2 1
0 2.067362877595486 -2.570192436747833 0.35 0.35 1.2 1
0 0.37563962210460344 -0.43053524294607654 0.35 0.35 1.2 1
0 2.6101738704274275 -1.8340963547070461 0.35 0.35 1.2 1
0 0.2798673520717627 1.25111199216049 0.35 0.35 1.2 1
0 0.32011129109660386 -1.1357447659048656 0.35 0.35 1.2 1
0 -0.685334515385873 -0.636506851011115 0.35 0.35 1.2 1
0 2.779903888064082 2.0179440587221738 0.35 0.35 1.2 1
0 1.8622333127929962 -0.4899989601510042 0.35 0.35 1.2 1
0 2.7878497430545375 3.141592653589793 0.35 0.35 1.2 1
0 -1.3962163700629278 2.4519510106120324 0.35 0.35 1.2 1
0 -3.101757698707355 -2.4081565806384266 0.35 0.35 1.2 1
0 3.141592653589793 1.747644245216009 0.35 0.35 1.2 1
0 3.141592653589793 -1.8693492466960449 0.35 0.35 1.2 1
0 -2.352499894459 1.5844607745280657 0.35 0.35 1.2 1
0 -2.3256765661167607 -1.0972623580772558 0.35 0.35 1.2 1
0 1.5731412049147977 -0.3646274660772475 0.35 0.35 1.2 1
0 2.519906498341827 -1.0088677823399084 0.35 0.35 1.2 1
0 3.141592653589793 -2.993754973681942 0.35 0.35 1.2 1
0 0.9665395018951781 -2.5573933518614673 0.35 0.35 1.2 1
0 -1.8083807378808048 2.344769797602331 0.35 0.35 1.2 1
0 -0.9563059047274678 -3.141592653589793 0.35 0.35 1.2 1
0 0.6726591463848676 -1.7278005937030363 0.35 0.35 1.2 1
0 -3.141592653589793 -3.141592653589793 0.35 0.35 1.2 1
0 -2.435249694048839 -1.2933386010001373 0.35 0.35 1.2 1
0 3.141592653589793 -0.09363690956950377 0.35 0.35 1.2 1
0 2.817231214744856 -2.5377086153456205 0.35 0.35 1.2 1
0 -2.6612940837027663 -2.491438184532722 0.35 0.35 1.2 1
0 0.9393847926091573 1.9600984268109636 0.35 0.35 1.2 1
0 -2.7273287666189066 -2.762683830019658 0.35 0.35 1.2 1
0 0.9310446723684374 -3.141592653589793 0.35 0.35 1.2 1
0 -0.8247946513124115 3.141592653589793 0.35 0.35 1.2 1
0 -1.101414407683858 3.141592653589793 0.35 0.35 1.2 1
0 -3.141592653589793 -0.26063673797876485 0.35 0.35 1.2 1
0 0.39077979986432754 -1.323761899617814 0.35 0.35 1.2 1
0 1.2604468226013958 -1.5277102248998125 0.35 0.35 1.2 1
0 3.0744378610134784 -3.07176194108804 0.35 0.35 1.2 1
0 3.141592653589793 1.4659368120621794 0.35 0.35 1.2 1
0 0.1300194138108705 3.141592653589793 0.35 0.35 1.2 1
0 2.750057466552162 1.6387512908082702 0.35 0.35 1.2 1
0 -2.538154946748974 1.6916213408905667 0.35 0.35 1.2 1
0 1.325445299077399 0.5536145744468022 0.35 0.35 1.2 1
0 -2.0156068260186744 1.6400972204001218 0.35 0.35 1.2 1
0 1.4230574136705774 0.8366393795694536 0.35 0.35 1.2 1
0 -1.103888379677228 2.2354563541477663 0.35 0.35 1.2 1
0 -2.8335554517388326 0.7392001971121367 0.35 0.35 1.2 1
0 -1.5437059308478085 1.2694111095796285 0.35 0.35 1.2 1
0 -0.8652698098642132 1.6135645665771405 0.35 0.35 1.2 1
0 -0.31058836419621144 -0.5626903307793619 0.35 0.35 1.2 1
0 3.141592653589793 2.655204917264245 0.35 0.35 1.2 1
0 -1.665996337955161 -0.8383786347076807 0.35 0.35 1.2 1
0 -0.30841917464258983 -3.141592653589793 0.35 0.35 1.2 1
0 0.6438188471073298 1.0143976356523856 0.35 0.35 1.2 1
0 0.3352433714305607 0.8040094579116182 0.35 0.35 1.2 1
0 -1.642096993727353 3.0318304540290506 0.35 0.35 1.2 1
0 0.9353696246625068 0.47676676690876724 0.35 0.35 1.2 1
0 -2.646913685834543 3.141592653589793 0.35 0.35 1.2 1
0 2.0518788118106475 -2.939469217243979 0.35 0.35 1.2 1
0 -1.5429494503153354 2.600702643612563 0.35 0.35 1.2 1
0 1.856585910477412 3.1222978400338857 0.35 0.35 1.2 1
0 -1.7556614457116155 -1.0885375544027063 0.35 0.35 1.2 1
0 0.8826529213106442 0.41097145283015996 0.35 0.35 1.2 1
0 0.5662925646612034 -3.141592653589793 0.35 0.35 1.2 1
0 2.279042305607401 -1.9512695575703605 0.35 0.35 1.2 1
0 1.8293399211650936 -2.214083635709504 0.35 0.35 1.2 1
0 -2.2229109441120345 -1.1695509580742973 0.35 0.35 1.2 1
0 0.8758773110673252 -0.056922608717240586 0.35 0.35 1.2 1
0 -0.5928326535573611 -3.141592653589793 0.35 0.35 1.2 1
0 -3.141592653589793 -2.018450320870884 0.35 0.35 1.2 1
0 3.141592653589793 -2.8144218561229932 0.35 0.35 1.2 1
0 -1.6867044484871843 -0.4776641541215176 0.35 0.35 1.2 1
0 2.163009183065869 -0.41851651103647347 0.35 0.35 1.2 1
0 -2.051108177348925 -3.141592653589793 0.35 0.35 1.2 1
0 0.8233757573253304 2.946814367761092 0.35 0.35 1.2 1
0 -2.408342365130173 -0.35364305915973576 0.35 0.35 1.2 1
0 -2.108268267173108 0.8093056637486273 0.35 0.35 1.2 1
0 1.3299126953814195 -3.011670759428106 0.35 0.35 1.2 1
0 -3.141592653589793 -2.5911777932206577 0.35 0.35 1.2 1
0 0.568690604535276 0.15008897138300803 0.35 0.35 1.2 1
0 1.2977743863555218 -2.9757530211427565 0.35 0.35 1.2 1
0 3.141592653589793 -0.1105919772288535 0.35 0.35 1.2 1
0 -0.23791987251186164 -2.606590120759804 0.35 0.35 1.2 1
0 0.4275291187373266 -2.3072623895594107 0.35 0.35 1.2 1
0 0.010789320472551323 2.7223283472715214 0.35 0.35 1.2 1
0 -3.141592653589793 0.21891944111026146 0.35 0.35 1.2 1
0 2.0485253601343065 0.932788078565597 0.35 0.35 1.2 1
0 -1.8606698356616613 -3.141592653589793 0.35 0.35 1.2 1
0 0.34339672963445383 -2.6845311809665287 0.35 0.35 1.2 1
0 -1.1386482240783051 -1.4185417397416578 0.35 0.35 1.2 1
0 2.89478348166542 2.58155477183393 0.35 0.35 1.2 1
0 -0.41523360586543945 1.293767297371027 0.35 0.35 1.2 1
0 -0.11718708756864828 1.7283529713498569 0.35 0.35 1.2 1
0 0.3815696535689565 -2.5787742634681017 0.35 0.35 1.2 1
0 1.1650665284215616 -1.5594440069858688 0.35 0.35 1.2 1
0 2.0703583337989957 -1.1427218514013333 0.35 0.35 1.2 1
0 -2.034539831828593 -1.2309633672355864 0.35 0.35 1.2 1
0 -2.073758443710932 0.9804446020997615 0.35 0.35 1.2 1
0 1.9269805882018867 -3.141592653589793 0.35 0.35 1.2 1
0 2.936024160584326 2.368926397873463 0.35 0.35 1.2 1
0 -0.4098138769901466 -0.429085765703694 0.35 0.35 1.2 1
0 -2.6496595759016053 0.0596703037181235 0.35 0.35 1.2 1
0 0.5968328468081858 1.4807329185706495 0.35 0.35 1.2 1
0 -0.9972258204289246 -2.312375307450091 0.35 0.35 1.2 1
0 0.3735502014104177 -2.667187887293608 0.35 0.35 1.2 1
0 0.9281653801836983 -0.5841733975081222 0.35 0.35 1.2 1
0 0.18666407646599043 1.1263505814966306 0.35 0.35 1.2 1
0 2.1070561324805834 0.21811480636239808 0.35 0.35 1.2 1
0 -1.449202352778438 3.141592653589793 0.35 0.35 1.2 1
0 -0.11468176339370251 2.5070318986078397 0.35 0.35 1.2 1
0 -1.4515049535579867 1.8929782300171645 0.35 0.35 1.2 1
0 0.8829032677184901 0.23859957361633646 0.35 0.35 1.2 1
0 -0.925641643651506 3.141592653589793 0.35 0.35 1.2 1
0 1.0246426449303074 -2.279976336623893 0.35 0.35 1.2 1
0 0.5397032562406436 -3.0628124171033284 0.35 0.35 1.2 1
0 1.5206931985996937 2.195051126966079 0.35 0.35 1.2 1
0 0.46390405574851856 0.34348183902376456 0.35 0.35 1.2 1
0 -0.6289631986961912 -0.9071569758274036 0.35 0.35 1.2 1
0 -2.4022556120141223 2.0396734164847854 0.35 0.35 1.2 1
0 1.512803297584397 2.355140459535365 0.35 0.35 1.2 1
0 1.9371828518613834 -3.141592653589793 0.35 0.35 1.2 1
0 -2.274929187706814 -1.3487138004474355 0.35 0.35 1.2 1
0 -0.14827048632789552 2.00330718851712 0.35 0.35 1.2 1
0 -0.932425681887334 3.141592653589793 0.35 0.35 1.2 1
0 2.8054377275727926 -2.325378401534023 0.35 0.35 1.2 1
0 0.29452051597380347 1.297693748229093 0.35 0.35 1.2 1
0 0.9420734713303384 -2.2603216488130444 0.35 0.35 1.2 1
0 2.320518179431777 -0.897479646526764 0.35 0.35 1.2 1
0 -1.919418027210352 0.847787716807699 0.35 0.35 1.2 1
0 -2.7784928449586697 -0.7108250601553968 0.35 0.35 1.2 1
0 -0.25780281065712685 -1.1924591637751212 0.35 0.35 1.2 1
0 0.8952720057261707 -0.3507265557239445 0.35 0.35 1.2 1
0 1.1992747024963368 -1.3191399780774913 0.35 0.35 1.2 1
0 0.9883575995547138 3.141592653589793 0.35 0.35 1.2 1
0 1.6305433683987596 0.9018565915161127 0.35 0.35 1.2 1
0 -2.566195994669758 0.5951515103121681 0.35 0.35 1.2 1
0 2.384789900956677 -0.5564432969695166 0.35 0.35 1.2 1
0 -2.248438722995788 -2.6840861771170594 0.35 0.35 1.2 1
0 1.9107947815206612 -1.9565568248698233 0.35 0.35 1.2 1
0 0.8331858290426981 2.2240599037607915 0.35 0.35 1.2 1
0 2.1892429626848706 -2.3440108934072748 0.35 0.35 1.2 1
0 -1.9643444646330654 -0.6210859538640207 0.35 0.35 1.2 1
0 0.6000506428811336 -0.5212325605994328 0.35 0.35 1.2 1
0 2.0542104487959483 2.096115841437141 0.35 0.35 1.2 1
0 2.605958299711287 1.1584304071333973 0.35 0.35 1.2 1
0 -0.15498316064461048 -2.5244970760694563 0.35 0.35 1.2 1
0 2.579130213093322 -1.8393964021392564 0.35 0.35 1.2 1
0 2.9091458569253366 0.26071749274196454 0.35 0.35 1.2 1
0 -1.5218044716905217 0.22154315428380578 0.35 0.35 1.2 1
0 -1.43317929788155 -2.8058430751274877 0.35 0.35 1.2 1
0 1.4008240107469279 -3.109915519541405 0.35 0.35 1.2 1
0 -1.1858188279024175 -0.7891582649121806 0.35 0.35 1.2 1
0 -1.836955346271828 0.8610285660342982 0.35 0.35 1.2 1
0 -0.794066546352058 0.923265857486707 0.35 0.35 1.2 1
0 2.0059843230221306 0.5585005928640402 0.35 0.35 1.2 1
0 0.22756376952511997 1.683291527880542 0.35 0.35 1.2 1
0 3.13395781496903 -2.3325825978284453 0.35 0.35 1.2 1
0 1.9818735629409296 3.141592653589793 0.35 0.35 1.2 1
0 3.141592653589793 -3.141592653589793 0.35 0.35 1.2 1
0 2.0618088493768925 -0.23804765239038184 0.35 0.35 1.2 1
0 -0.5068712188003939 -1.090608071233113 0.35 0.35 1.2 1
0 0.5964026590494598 -3.141592653589793 0.35 0.35 1.2 1
0 -0.5421650280588404 -0.09284443826359978 0.35 0.35 1.2 1
0 2.153642369855373 -0.9518097081435998 0.35 0.35 1.2 1
0 -1.2710955799972767 -1.566365627945638 0.35 0.35 1.2 1
0 0.43998914103974557 -1.194299530049634 0.35 0.35 1.2 1
0 -0.36464356246694407 -0.6729401030339299 0.35 0.35 1.2 1
0 -0.6771695494539246 -0.739265788208936 0.35 0.35 1.2 1
0 1.385499635789099 0.527780215672571 0.35 0.35 1.2 1
0 -1.2558766325067248 -1.0760791328781947 0.35 0.35 1.2 1
0 1.6427738397409433 3.141592653589793 0.35 0.35 1.2 1
0 1.0645525194171923 1.8589696940992442 0.35 0.35 1.2 1
0 -0.8525648381784569 -1.305549024449514 0.35 0.35 1.2 1
0 -1.7736844602888888 -2.6543052916290253 0.35 0.35 1.2 1
0 1.0127333915685672 -0.6408272213632527 0.35 0.35 1.2 1
0 0.47722917928465125 1.297773556003105 0.35 0.35 1.2 1
0 2.141319509877964 1.6173405263877272 0.35 0.35 1.2 1
0 3.141592653589793 2.9718089508664067 0.35 0.35 1.2 1
0 0.7484708259375572 0.4231470987300723 0.35 0.35 1.2 1
0 3.141592653589793 0.9439428094023425 0.35 0.35 1.2 1
0 2.0226375156964638 -0.6144245152434 0.35 0.35 1.2 1
0 2.856585691241805 -1.0185262626711025 0.35 0.35 1.2 1
0 -0.19794115925908218 1.1923902440221321 0.35 0.35 1.2 1
0 -3.141592653589793 -0.5609871380145427 0.35 0.35 1.2 1
0 2.5391790085330634 -0.6113394498466345 0.35 0.35 1.2 1
0 0.10692342682865241 0.3155951871383389 0.35 0.35 1.2 1
0 2.215512881724205 -2.734537330680767 0.35 0.35 1.2 1
0 1.9823390315044658 -2.943132695670442 0.35 0.35 1.2 1
0 -1.1809263165808233 1.821287422188017 0.35 0.35 1.2 1
0 -2.003932930720545 -2.1030281800164525 0.35 0.35 1.2 1
0 0.29854652638618107 2.6017169637102686 0.35 0.35 1.2 1
0 2.0146336008833368 -0.9458780703483652 0.35 0.35 1.2 1
0 -2.0796430234226357 1.5843709576341598 0.35 0.35 1.2 1
0 -0.18187624822757179 0.9883735635587576 0.35 0.35 1.2 1
0 -0.6893481928320006 -2.9973127868149865 0.35 0.35 1.2 1
0 3.141592653589793 -3.141592653589793 0.35 0.35 1.2 1
0 0.03642953548525263 0.6619599609954998 0.35 0.35 1.2 1
0 2.1998890306274896 0.8191543489614213 0.35 0.35 1.2 1
0 1.3071583237215916 -3.141592653589793 0.35 0.35 1.2 1
0 2.83585564375231 0.3583151814038502 0.35 0.35 1.2 1
0 3.141592653589793 1.878440043149924 0.35 0.35 1.2 1
0 -3.141592653589793 1.2916931698768237 0.35 0.35 1.2 1
0 -2.484932259004229 1.290185616741537 0.35 0.35 1.2 1
0 3.141592653589793 -2.202838067485029 0.35 0.35 1.2 1
0 -2.235587553015863 2.3570350412656 0.35 0.35 1.2 1
0 -1.841600980474304 -0.8368069597037159 0.35 0.35 1.2 1
0 -1.1857058732045669 0.3287520574918067 0.35 0.35 1.2 1
0 -2.685496591661103 -1.4087265274109222 0.35 0.35 1.2 1
0 0.047963509143013644 0.4832523301249262 0.35 0.35 1.2 1
0 -1.6489085251793618 0.4562674803870228 0.35 0.35 1.2 1
0 -0.6087809895861126 -2.7527104732197003 0.35 0.35 1.2 1
0 3.141592653589793 -3.141592653589793 0.35 0.35 1.2 1
0 1.4066348168098382 2.275014415600212 0.35 0.35 1.2 1
0 1.028682934219988 -1.8004211441351916 0.35 0.35 1.2 1
0 1.6006281298397704 0.27963846718932306 0.35 0.35 1.2 1
0 -1.3431807859341633 0.9577855163641145 0.35 0.35 1.2 1
0 0.38485075766472154 0.019112849556258638 0.35 0.35 1.2 1
0 -1.726448193026986 2.2686690518589723 0.35 0.35 1.2 1
0 -0.703398448137023 -0.9818755252922234 0.35 0.35 1.2 1
0 1.6755756632498175 -1.7875896260893898 0.35 0.35 1.2 1
0 -1.7733624494878317 2.591929655782458 0.35 0.35 1.2 1
0 2.7902888938297927 -2.0476733149084927 0.35 0.35 1.2 1
0 3.029155829122156 -0.9201403343317466 0.35 0.35 1.2 1
0 -0.4366513403480168 2.258532090174261 0.35 0.35 1.2 1
0 -0.7470552638690555 3.141592653589793 0.35 0.35 1.2 1
0 0.1575421864510153 2.9057317884113516 0.35 0.35 1.2 1
0 -0.2556424578941451 -1.5127423746246298 0.35 0.35 1.2 1
0 3.141592653589793 -2.755929533383579 0.35 0.35 1.2 1
0 2.9247692703253434 1.5569469711139177 0.35 0.35 1.2 1
0 0.29327900750011554 3.141592653589793 0.35 0.35 1.2 1
0 -0.6626420405376591 -0.3127815857637671 0.35 0.35 1.2 1
0 2.291221417297707 -1.1347545849957297 0.35 0.35 1.2 1
0 -0.761685102427029 -1.87331892875126 0.35 0.35 1.2 1
0 -1.0913458852139493 2.900665249835913 0.35 0.35 1.2 1
0 0.4233482379256025 0.5762715963558858 0.35 0.35 1.2 1
0 -0.4789438700692712 -3.141592653589793 0.35 0.35 1.2 1
0 -2.5546966625842753 2.316455819620819 0.35 0.35 1.2 1
0 2.4123099600318048 2.0716142445801244 0.35 0.35 1.2 1
0 3.141592653589793 -1.8288927991195827 0.35 0.35 1.2 1
0 1.522898685768695 0.8452717865852979 0.35 0.35 1.2 1
0 -0.20956148654989537 -2.6623310007523284 0.35 0.35 1.2 1
0 -2.545128078819756 3.141592653589793 0.35 0.35 1.2 1
0 0.8008199883735133 2.420109242036397 0.35 0.35 1.2 1
0 2.4861584869430797 -0.8079994170293684 0.35 0.35 1.2 1
0 -2.1995959848493616 -2.1338895582398116 0.35 0.35 1.2 1
0 3.141592653589793 0.12997889618242775 0.35 0.35 1.2 1
0 1.2393463983915394 -0.42756635420016287 0.35 0.35 1.2 1
0 2.055895338949684 -3.141592653589793 0.35 0.35 1.2 1
0 -0.8044585936478759 3.141592653589793 0.35 0.35 1.2 1
0 -1.2266394640319676 0.9317888935584138 0.35 0.35 1.2 1
0 -1.7593254202769153 -2.738584498128191 0.35 0.35 1.2 1
0 1.495461859718433 2.6408745157305336 0.35 0.35 1.2 1
0 1.4288590005991888 -1.6232155827135415 0.35 0.35 1.2 1
0 0.4205096961756787 0.2033190098344797 0.35 0.35 1.2 1
0 1.233795201000656 0.18789111239860584 0.35 0.35 1.2 1
0 1.4027834722442667 -0.6965711424194521 0.35 0.35 1.2 1
0 -1.1398492524705783 -1.629872090716475 0.35 0.35 1.2 1
0 -3.141592653589793 -1.4238266132839437 0.35 0.35 1.2 1
0 -3.141592653589793 -3.141592653589793 0.35 0.35 1.2 1
0 1.2398598882188652 0.009291389257158555 0.35 0.35 1.2 1
0 0.1289207114280329 1.989205012544866 0.35 0.35 1.2 1
0 -3.141592653589793 -1.4749075974669437 0.35 0.35 1.2 1
0 -3.141592653589793 3.141592653589793 0.35 0.35 1.2 1
0 1.4950953239383367 3.141592653589793 0.35 0.35 1.2 1
0 0.6752486689004588 2.1280975033092684 0.35 0.35 1.2 1
0 -1.5179681522359596 1.890201562069231 0.35 0.35 1.2 1
0 -1.184778845708324 2.778797472653279 0.35 0.35 1.2 1
0 -1.5707979477868395 -0.22038211393477503 0.35 0.35 1.2 1
0 -0.996062893198959 1.416486842055529 0.35 0.35 1.2 1
0 -3.078716595092622 -0.3725817329281373 0.35 0.35 1.2 1
0 -3.141592653589793 -3.141592653589793 0.35 0.35 1.2 1
0 -2.338870465074959 -3.141592653589793 0.35 0.35 1.2 1
0 1.3454713420031161 -1.3274110610514727 0.35 0.35 1.2 1
0 -1.5361155710001142 0.8647606276788606 0.35 0.35 1.2 1
0 3.141592653589793 -3.141592653589793 0.35 0.35 1.2 1
0 -1.7911585808898736 1.7177635076962776 0.35 0.35 1.2 1
0 -0.9310139872453175 1.241744883366296 0.35 0.35 1.2 1
0 -1.845079239713431 1.1533969254498633 0.35 0.35 1.2 1
0 -1.2274912716405364 -1.2616073292344239 0.35 0.35 1.2 1
0 -0.3907339981895439 -1.8212760903030865 0.35 0.35 1.2 1
0 -1.6823730862800923 -1.5383104652914028 0.35 0.35 1.2 1
0 1.998549492823734 0.7678290447140503 0.35 0.35 1.2 1
