#! FIELDS time phi psi sigma_phi sigma_psi height biasf
                        #! SET multivariate false
                        #! SET kerneltype stretched-gaussian
                        #! SET min_phi -pi
                        #! SET max_phi pi
                        #! SET min_psi -pi
                        #! SET max_psi pi
0 -1.6878088870724852 0.5337548077448313 0.35 0.35 1.2 1
0 -2.236573465079869 0.4259048764804888 0.35 0.35 1.2 1
0 2.3756538024306266 -1.3838453872729768 0.35 0.35 1.2 1
0 -1.5886898927059212 -2.6505542917810185 0.35 0.35 1.2 1
0 -2.627125663820221 -1.2663297814707146 0.35 0.35 1.2 1
0 -3.141592653589793 -0.6682087784299369 0.35 0.35 1.2 1
0 -1.6687644420981107 1.7442280238993093 0.35 0.35 1.2 1
0 -3.141592653589793 -3.141592653589793 0.35 0.35 1.2 1
0 -2.043922659424655 -3.141592653589793 0.35 0.35 1.2 1
0 -3.141592653589793 -3.007774881272857 0.35 0.35 1.2 1
0 3.141592653589793 3.141592653589793 0.35 0.35 1.2 1
0 0.6062860249800333 -3.141592653589793 0.35 0.35 1.2 1
0 3.141592653589793 2.811832370661117 0.35 0.35 1.2 1
0 -0.35169933705504797 -1.5307341906176077 0.35 0.35 1.2 1
0 -0.884010015670905 -0.23439382780394283 0.35 0.35 1.2 1
0 -2.638159330565228 -2.162303985401523 0.35 0.35 1.2 1
0 3.141592653589793 1.5227701390475916 0.35 0.35 1.2 1
0 -3.141592653589793 2.4007002226894314 0.35 0.35 1.2 1
0 -3.141592653589793 0.769315374431919 0.35 0.35 1.2 1
0 1.2034596228979864 1.6415759282532136 0.35 0.35 1.2 1
0 -1.920836231760303 -0.5650748861927795 0.35 0.35 1.2 1
0 -0.9870534606241033 2.7339094069084773 0.35 0.35 1.2 1
0 -0.3921415209151266 -0.43921406263288437 0.35 0.35 1.2 1
0 2.362668821310048 -2.113534740926458 0.35 0.35 1.2 1
0 -2.989601585907513 -0.039361934825113076 0.35 0.35 1.2 1
0 -3.141592653589793 0.05412709433968799 0.35 0.35 1.2 1
0 -1.596410502209586 3.098226736583415 0.35 0.35 1.2 1
0 -1.1355091491536182 -0.12975313788988038 0.35 0.35 1.2 1
0 -2.348445382281334 0.7193611677814085 0.35 0.35 1.2 1
0 1.1859567310090535 -1.868089857961332 0.35 0.35 1.2 1
0 2.9967455498466906 -1.0707888160273344 0.35 0.35 1.2 1
0 0.2532732851931555 3.13464332869214 0.35 0.35 1.2 1
0 -0.83541273488862 -1.0280992115085679 0.35 0.35 1.2 1
0 0.3192976378365602 0.9319855674656226 0.35 0.35 1.2 1
0 0.34156206990645577 2.881790234822334 0.35 0.35 1.2 1
0 1.1343458619551319 2.7118722741204166 0.35 0.35 1.2 1
0 -2.8594295300582493 3.141592653589793 0.35 0.35 1.2 1
0 0.10178223120645785 -1.1872560709346134 0.35 0.35 1.2 1
0 -1.3864662764545739 -1.289269204622119 0.35 0.35 1.2 1
0 -2.8224532732314156 2.391505210236133 0.35 0.35 1.2 1
0 1.2846758160451892 0.12539656894737528 0.35 0.35 1.2 1
0 3.1005419438753563 -0.659545573900702 0.35 0.35 1.2 1
0 1.8558773766577707 0.17700748835031738 0.35 0.35 1.2 1
0 1.1436358613122948 2.9152574846734076 0.35 0.35 1.2 1
0 1.936135393716521 1.9063837177090672 0.35 0.35 1.2 1
0 1.9426932788451274 3.141592653589793 0.35 0.35 1.2 1
0 0.019310928551144135 1.876654689665242 0.35 0.35 1.2 1
0 0.9442061058794434 -2.6370083338387635 0.35 0.35 1.2 1
0 -1.202802656895741 1.1546543513748277 0.35 0.35 1.2 1
0 -1.122443685205036 2.7433165253671854 0.35 0.35 1.2 1
0 -2.305468656846032 1.8075629797193884 0.35 0.35 1.2 1
0 0.06597297979943395 -3.141592653589793 0.35 0.35 1.2 1
0 -0.20940299554472486 -2.541061813646022 0.35 0.35 1.2 1
0 1.6882805544982795 -2.0913327449279295 0.35 0.35 1.2 1
0 -3.0358855033256726 -2.7715537124165652 0.35 0.35 1.2 1
0 -0.5737949229393748 0.7622348938859409 0.35 0.35 1.2 1
0 -2.4538958887204534 -3.141592653589793 0.35 0.35 1.2 1
0 1.3817765379817266 1.0782833129072509 0.35 0.35 1.2 1
0 -3.141592653589793 -0.7531319248243399 0.35 0.35 1.2 1
0 -2.2194457813177757 2.583939251980674 0.35 0.35 1.2 1
0 0.918395385303944 1.572430177625888 0.35 0.35 1.2 1
0 -3.141592653589793 0.9319962594886579 0.35 0.35 1.2 1
0 -1.441604332453664 -3.1337256762405215 0.35 0.35 1.2 1
0 0.11933489228705296 1.2474188909165518 0.35 0.35 1.2 1
0 -2.2327203509701183 -1.8847378890043915 0.35 0.35 1.2 1
0 1.1917945037733706 1.1833489013772607 0.35 0.35 1.2 1
0 1.2171075367597302 -2.134899760295548 0.35 0.35 1.2 1
0 0.5459951542916484 -0.278254392830309 0.35 0.35 1.2 1
0 2.0733924740481573 -2.496691377259106 0.35 0.35 1.2 1
0 2.122482742783113 -0.3798371122573665 0.35 0.35 1.2 1
0 1.2203544064224174 -2.356205359912867 0.35 0.35 1.2 1
0 -0.3390196940074094 3.141592653589793 0.35 0.35 1.2 1
0 0.23653782745799734 3.141592653589793 0.35 0.35 1.2 1
0 -2.558685264143202 0.1956901911744728 0.35 0.35 1.2 1
0 1.7035390904511543 -1.4119825817018807 0.35 0.35 1.2 1
0 -1.469937587875418 2.183782228077182 0.35 0.35 1.2 1
0 -1.0846212265414448 -0.7946282816687524 0.35 0.35 1.2 1
0 0.9188701683445917 -0.09050854993600022 0.35 0.35 1.2 1
0 2.3573936540974105 -0.14551434016709686 0.35 0.35 1.2 1
0 -1.181102603345943 -0.3039876482491872 0.35 0.35 1.2 1
0 3.141592653589793 0.0984506642632319 0.35 0.35 1.2 1
0 -1.8579189800708273 2.6535633919107973 0.35 0.35 1.2 1
0 1.6556058004362928 -1.1791488111214012 0.35 0.35 1.2 1
0 -2.3283048880276995 1.0647824468856935 0.35 0.35 1.2 1
0 3.141592653589793 1.6984508644974345 0.35 0.35 1.2 1
0 2.787208040108639 1.3169732789103985 0.35 0.35 1.2 1
0 -2.085745390996779 1.5932378503720164 0.35 0.35 1.2 1
0 -2.5773329506175315 -3.141592653589793 0.35 0.35 1.2 1
0 2.833383410487034 0.8709197263040106 0.35 0.35 1.2 1
0 2.5707000799951722 3.141592653589793 0.35 0.35 1.2 1
0 -3.141592653589793 -1.4334661491990603 0.35 0.35 1.2 1
0 -2.056613779383015 -0.2135610979698755 0.35 0.35 1.2 1
0 1.5627365110731286 1.357325112329005 0.35 0.35 1.2 1
0 0.12195015241674534 -1.7156702400834254 0.35 0.35 1.2 1
0 -0.46390838332528134 1.9377626648558448 0.35 0.35 1.2 1
0 -2.5826672115241434 0.6898628491998677 0.35 0.35 1.2 1
0 3.141592653589793 1.8455364296742824 0.35 0.35 1.2 1
0 1.5685312659856172 -0.10573930635331122 0.35 0.35 1.2 1
0 3.141592653589793 0.6978511707811468 0.35 0.35 1.2 1
0 -1.1884821211109764 -2.650863608251239 0.35 0.35 1.2 1
0 -2.2454638038489705 0.8441505048834225 0.35 0.35 1.2 1
0 1.2904867968438554 -1.138464120602925 0.35 0.35 1.2 1
0 -3.141592653589793 -0.9496039043652044 0.35 0.35 1.2 1
0 0.20188052928021377 0.5040451257802919 0.35 0.35 1.2 1
0 -2.182265304344626 -2.664137205924006 0.35 0.35 1.2 1
0 -3.141592653589793 -1.737620654914271 0.35 0.35 1.2 1
0 -3.141592653589793 -1.9650777111566673 0.35 0.35 1.2 1
0 0.1348475736198318 -1.5318822390144118 0.35 0.35 1.2 1
0 0.8249556274701215 -1.1066381160616634 0.35 0.35 1.2 1
0 -2.1435288053836725 3.141592653589793 0.35 0.35 1.2 1
0 1.93749856309914 0.2421413911346444 0.35 0.35 1.2 1
0 -1.508784880682317 1.3514024944641354 0.35 0.35 1.2 1
0 -0.9610652642465025 -2.5754465304681298 0.35 0.35 1.2 1
0 1.7656160368399902 -1.4018932609292853 0.35 0.35 1.2 1
0 -1.12645262053762 -2.124938999998008 0.35 0.35 1.2 1
0 -1.3072382855564084 0.5773320992381388 0.35 0.35 1.2 1
0 -1.8878996695703227 -2.349815752002175 0.35 0.35 1.2 1
0 3.141592653589793 -3.141592653589793 0.35 0.35 1.2 1
0 -0.5041475428450102 1.076518679527315 0.35 0.35 1.2 1
0 -1.4356934400097852 -1.7383456851952497 0.35 0.35 1.2 1
0 0.8897084784142197 3.141592653589793 0.35 0.35 1.2 1
0 2.7140758827430767 1.2477677986997942 0.35 0.35 1.2 1
0 1.5991008495938264 -2.5577527781812703 0.35 0.35 1.2 1
0 -3.1380344736986943 2.820438272291394 0.35 0.35 1.2 1
0 1.219794481218663 1.7585665087901874 0.35 0.35 1.2 1
0 -2.1857969091036247 -0.5445107757587387 0.35 0.35 1.2 1
0 0.573978056190894 3.141592653589793 0.35 0.35 1.2 1
0 -2.1589000644307195 -1.7866487793323378 0.35 0.35 1.2 1
0 1.0645567493795256 1.0360526347668213 0.35 0.35 1.2 1
0 -0.6119708597248518 -2.1349628738666797 0.35 0.35 1.2 1
0 1.61325689570109 -1.634680961057114 0.35 0.35 1.2 1
0 1.1372861341434863 -0.689132042254173 0.35 0.35 1.2 1
0 -3.141592653589793 -2.9183588043304374 0.35 0.35 1.2 1
0 0.7539011971774047 -2.730441693278326 0.35 0.35 1.2 1
0 -1.2548043841570162 -0.7579685176041933 0.35 0.35 1.2 1
0 -1.862969516665236 -0.8929059706472274 0.35 0.35 1.2 1
0 -1.8467010382045732 -1.3791447175542761 0.35 0.35 1.2 1
0 -0.8121959785469736 3.141592653589793 0.35 0.35 1.2 1
0 -1.80919234043867 -0.5422094200643717 0.35 0.35 1.2 1
0 2.3871633941381405 -2.6757768225577223 0.35 0.35 1.2 1
0 -0.08612923933720874 -1.2749647134793403 0.35 0.35 1.2 1
0 2.4558480582305235 0.4351291852537371 0.35 0.35 1.2 1
0 -2.7572693520844025 1.9320682765904387 0.35 0.35 1.2 1
0 3.027532483318219 -1.8872353453840167 0.35 0.35 1.2 1
0 0.6262943146200841 -1.3712718787069211 0.35 0.35 1.2 1
0 1.549749143149706 3.141592653589793 0.35 0.35 1.2 1
0 -2.9949527292349334 -0.8589118121609609 0.35 0.35 1.2 1
0 -0.6425466354962752 0.3712338997643969 0.35 0.35 1.2 1
0 0.018416346826284763 -1.9596743132478087 0.35 0.35 1.2 1
0 -3.141592653589793 3.141592653589793 0.35 0.35 1.2 1
0 0.8409258769696348 0.402895508174425 0.35 0.35 1.2 1
0 3.141592653589793 -0.5175574444202923 0.35 0.35 1.2 1
0 -2.3611239764316374 2.9391310864268814 0.35 0.35 1.2 1
0 1.4828359785781076 -1.3477876673776366 0.35 0.35 1.2 1
0 -2.98525448839532 -3.141592653589793 0.35 0.35 1.2 1
0 3.141592653589793 -0.764292747430507 0.35 0.35 1.2 1
0 -0.1925620386243621 -0.602897240054661 0.35 0.35 1.2 1
0 1.8125952921944377 3.0052089616853603 0.35 0.35 1.2 1
0 1.9008348591639135 -0.30381105631720584 0.35 0.35 1.2 1
0 -3.141592653589793 -2.704236855725801 0.35 0.35 1.2 1
0 -2.3434368183858663 -0.6000771813754514 0.35 0.35 1.2 1
0 -1.91016720422221 1.4792557641697566 0.35 0.35 1.2 1
0 1.7943499185989038 2.186743375618283 0.35 0.35 1.2 1
0 -3.141592653589793 1.0712277667256267 0.35 0.35 1.2 1
0 -1.7856941386381364 -3.0514302527954946 0.35 0.35 1.2 1
0 -1.615230510063247 0.8123267972240968 0.35 0.35 1.2 1
0 -1.1920917465480807 1.7821412129958834 0.35 0.35 1.2 1
0 -3.141592653589793 2.5592654480345445 0.35 0.35 1.2 1
0 1.2147943481361878 -2.166633599380397 0.35 0.35 1.2 1
0 -1.7286026519944673 3.1239540294045396 0.35 0.35 1.2 1
0 -2.8544256799130956 2.000432859692447 0.35 0.35 1.2 1
0 -0.8473874240940676 2.396358991668351 0.35 0.35 1.2 1
0 0.19114346808888144 0.4993064059338781 0.35 0.35 1.2 1
0 -2.997472015917829 1.1630528159476066 0.35 0.35 1.2 1
0 -1.0477036969884834 -2.0788625747085385 0.35 0.35 1.2 1
0 -1.0519667367007712 -1.8676656380760979 0.35 0.35 1.2 1
0 1.815885498165997 1.0603045274249996 0.35 0.35 1.2 1
0 -1.192986298819946 0.9713131360912455 0.35 0.35 1.2 1
0 -3.141592653589793 -1.9412918071557224 0.35 0.35 1.2 1
0 0.9246752488430918 -3.141592653589793 0.35 0.35 1.2 1
0 0.8825461009594702 -2.271948751652639 0.35 0.35 1.2 1
0 2.8234190320725183 0.8508315328557665 0.35 0.35 1.2 1
0 1.0610783013871574 -0.08293728899573027 0.35 0.35 1.2 1
0 1.4833625123967207 2.536698194034994 0.35 0.35 1.2 1
0 3.141592653589793 0.6812355454255106 0.35 0.35 1.2 1
0 1.2199055281583517 -2.5774793733143273 0.35 0.35 1.2 1
0 -0.7299519796702323 -0.8352674874016028 0.35 0.35 1.2 1
0 2.4369877491368337 -1.773114711885541 0.35 0.35 1.2 1
0 1.1683112187032352 0.45594378600841773 0.35 0.35 1.2 1
0 1.494173621531359 -3.141592653589793 0.35 0.35 1.2 1
0 1.1620499457533509 -0.7388977931309384 0.35 0.35 1.2 1
0 -2.1288497331646057 -1.2470456514381778 0.35 0.35 1.2 1
0 1.2645419588391176 1.1888456350296581 0.35 0.35 1.2 1
0 2.107560038105043 3.056872124966362 0.35 0.35 1.2 1
0 -0.8892685854158633 -1.4789456839328172 0.35 0.35 1.2 1
0 0.6657674966053406 0.7305241138042506 0.35 0.35 1.2 1
0 -0.8246811795453279 0.025566239253614342 0.35 0.35 1.2 1
0 -2.106666007805819 -2.8201014727473654 0.35 0.35 1.2 1
0 -0.0060256402368659145 -1.0529915170231878 0.35 0.35 1.2 1
0 0.45502196163017317 -0.8500919991253937 0.35 0.35 1.2 1
0 0.33406943426365676 -1.8503739883649457 0.35 0.35 1.2 1
0 0.24725342223877855 1.5214290247263207 0.35 0.35 1.2 1
0 -3.141592653589793 -1.232743912407869 0.35 0.35 1.2 1
0 -0.25416573202447407 -0.9887703197835744 0.35 0.35 1.2 1
0 1.5813205117133755 -0.5026382049231698 0.35 0.35 1.2 1
0 3.141592653589793 -3.141592653589793 0.35 0.35 1.2 1
0 2.290070142708932 3.141592653589793 0.35 0.35 1.2 1
0 -0.5064775098967549 -2.6902898061465597 0.35 0.35 1.2 1
0 3.141592653589793 1.6158105937505576 0.35 0.35 1.2 1
0 -2.490570278984284 -2.556452441621295 0.35 0.35 1.2 1
0 -1.668832759659684 0.2032951362134723 0.35 0.35 1.2 1
0 1.8132602757507437 -1.0796214400253321 0.35 0.35 1.2 1
0 -3.110209836435923 1.982005473482183 0.35 0.35 1.2 1
0 2.192961453603278 -0.35913368258728795 0.35 0.35 1.2 1
0 -3.141592653589793 1.6540500053269993 0.35 0.35 1.2 1
0 -0.8374473781175011 -3.141592653589793 0.35 0.35 1.2 1
0 -2.202029769099671 3.141592653589793 0.35 0.35 1.2 1
0 -1.9472190853190665 -1.4301183700717266 0.35 0.35 1.2 1
0 -1.6174567384453435 -2.847453426035619 0.35 0.35 1.2 1
0 0.5719408104369534 1.187836208202333 0.35 0.35 1.2 1
0 1.9819052665797254 0.548800088405264 0.35 0.35 1.2 1
0 -3.141592653589793 -0.38239528918949384 0.35 0.35 1.2 1
0 2.989818306443413 0.13534962218528912 0.35 0.35 1.2 1
0 0.31775018710964664 0.575281074167466 0.35 0.35 1.2 1
0 2.7849382261259414 1.3922880834518985 0.35 0.35 1.2 1
0 -1.673335715399579 1.2361067010726356 0.35 0.35 1.2 1
0 3.141592653589793 2.8659754669706725 0.35 0.35 1.2 1
0 2.7781372948606196 -2.2271594532453234 0.35 0.35 1.2 1
0 2.6426462722736996 -1.9659150536930854 0.35 0.35 1.2 1
0 -0.8260871233900787 0.7267308700785275 0.35 0.35 1.2 1
0 -0.13322226412296545 2.9181209626939832 0.35 0.35 1.2 1
0 -2.2217787581287887 -3.085254608473306 0.35 0.35 1.2 1
0 0.49433827737688363 -0.417654383109178 0.35 0.35 1.2 1
0 -1.4598166107815003 -0.020842712422273812 0.35 0.35 1.2 1
0 -0.9806270197803728 3.141592653589793 0.35 0.35 1.2 1
0 2.6183929009472613 -0.7803204841196761 0.35 0.35 1.2 1
0 1.4796930516780775 3.141592653589793 0.35 0.35 1.2 1
0 1.8828580113277693 -1.5840750797056264 0.35 0.35 1.2 1
0 0.05260086938627595 0.27861475710007577 0.35 0.35 1.2 1
0 -1.1840970464187162 0.08365610638053778 0.35 0.35 1.2 1
0 2.8758404178257786 -1.1269502848758097 0.35 0.35 1.2 1
0 -0.3512194260566872 1.5519084411392008 0.35 0.35 1.2 1
0 -2.275715690815219 -1.4984671093300135 0.35 0.35 1.2 1
0 -1.5489320677206126 -1.5939067766092292 0.35 0.35 1.2 1
0 0.04906823404844696 1.0771831592496361 0.35 0.35 1.2 1
0 0.5233502215717114 -1.1454695670352457 0.35 0.35 1.2 1
0 -3.013252496685334 1.889359572069703 0.35 0.35 1.2 1
0 -3.141592653589793 1.424213210281595 0.35 0.35 1.2 1
0 -2.9313929477073954 1.986415896893524 0.35 0.35 1.2 1
0 -2.8255352738406283 -1.702412877692935 0.35 0.35 1.2 1
0 1.97412148723798 -1.8071527973565809 0.35 0.35 1.2 1
0 -1.466687532974032 -2.561838851265347 0.35 0.35 1.2 1
0 -2.722859213615216 -0.5581906013007474 0.35 0.35 1.2 1
0 -1.0342485028569894 0.976398572748818 0.35 0.35 1.2 1
0 2.4790637458135496 3.141592653589793 0.35 0.35 1.2 1
0 0.500750553972634 1.1136684026115193 0.35 0.35 1.2 1
0 0.8160575703948593 0.5463054469155247 0.35 0.35 1.2 1
0 -2.9343520229008693 3.141592653589793 0.35 0.35 1.2 1
0 -0.5261853757118953 -0.17999374983794625 0.35 0.35 1.2 1
0 1.9737965556077182 -2.3519653158389913 0.35 0.35 1.2 1
0 0.8265352023931802 0.22027952879652446 0.35 0.35 1.2 1
0 -0.4440354158025934 -0.7372440208355878 0.35 0.35 1.2 1
0 -0.12601732695437384 3.141592653589793 0.35 0.35 1.2 1
0 0.6496039776933573 0.886483681123633 0.35 0.35 1.2 1
0 -3.141592653589793 -2.911337238344404 0.35 0.35 1.2 1
0 0.3343509918869154 -2.1180146965994324 0.35 0.35 1.2 1
0 -2.040393792892159 -0.7938650463230326 0.35 0.35 1.2 1
0 -1.45256653487453 -0.23168429979166838 0.35 0.35 1.2 1
0 -1.0979247460330688 -1.001557349941538 0.35 0.35 1.2 1
0 3.141592653589793 1.9063398116025323 0.35 0.35 1.2 1
0 -1.9783990339122295 3.141592653589793 0.35 0.35 1.2 1
0 -1.4507131208034374 -0.4429089743474046 0.35 0.35 1.2 1
0 -0.0833856954750195 -2.0994115819833548 0.35 0.35 1.2 1
0 1.3964166040047363 1.8103601204728381 0.35 0.35 1.2 1
0 1.2956728805834008 1.945742802626036 0.35 0.35 1.2 1
0 -3.141592653589793 0.8918923519214186 0.35 0.35 1.2 1
0 0.9815141136126846 -1.9821036312671332 0.35 0.35 1.2 1
0 2.197724951886259 -0.0693154111884838 0.35 0.35 1.2 1
0 -1.4428758751531443 -2.3504957133942006 0.35 0.35 1.2 1
0 -0.10003723291336608 -0.9824422374076758 0.35 0.35 1.2 1
0 -0.5092011665149065 -3.141592653589793 0.35 0.35 1.2 1
0 3.141592653589793 -0.553655200908356 0.35 0.35 1.2 1
0 2.4650368522742823 -2.024539809971771 0.35 0.35 1.2 1
0 -2.1646311818515787 -0.9253742383021899 0.35 0.35 1.2 1
0 -1.4759865415382354 0.7556825014282602 0.35 0.35 1.2 1
0 0.884973164254352 2.1535750587146785 0.35 0.35 1.2 1
0 -2.240223020701915 -1.0355783756651986 0.35 0.35 1.2 1
0 -2.2706739584209985 2.174375625983308 0.35 0.35 1.2 1
0 3.141592653589793 2.2958476018018064 0.35 0.35 1.2 1
0 0.15535067636386146 1.2438261163206565 0.35 0.35 1.2 1
0 1.3722366870830751 2.253552868436084 0.35 0.35 1.2 1
0 2.39124607174955 -3.141592653589793 0.35 0.35 1.2 1
0 0.31905281520317685 0.670527462504217 0.35 0.35 1.2 1
0 1.7221550645388606 0.8096744274484597 0.35 0.35 1.2 1
0 1.0257076935868787 -0.18511028442394506 0.35 0.35 1.2 1
0 0.22557770651334258 1.599732053159901 0.35 0.35 1.2 1
0 0.5685179739842183 -1.388461016380678 0.35 0.35 1.2 1
0 -2.8507946661900108 0.3575356468792668 0.35 0.35 1.2 1
0 -0.887346222401269 -3.025407149180592 0.35 0.35 1.2 1
0 0.443046152870636 -0.9440783496193039 0.35 0.35 1.2 1
0 3.141592653589793 -0.8534060389850476 0.35 0.35 1.2 1
0 -3.052939225847005 -1.2999282625206723 0.35 0.35 1.2 1
0 2.080443721048328 3.141592653589793 0.35 0.35 1.2 1
0 0.11631422262309676 -3.141592653589793 0.35 0.35 1.2 1
0 0.39755047253872905 2.0175879286543363 0.35 0.35 1.2 1
0 2.230201320409729 2.0066985380817934 0.35 0.35 1.2 1
0 -3.141592653589793 0.9758948064599111 0.35 0.35 1.2 1
0 3.141592653589793 -1.566920174942588 0.35 0.35 1.2 1
0 -2.7180767394117407 0.29435680962508814 0.35 0.35 1.2 1
0 -3.141592653589793 0.9542238117253345 0.35 0.35 1.2 1
0 -2.0020301928910653 2.980716708336227 0.35 0.35 1.2 1
0 -0.8857020083180613 2.6866547737687783 0.35 0.35 1.2 1
0 -0.2987334075317093 -1.272203035346053 0.35 0.35 1.2 1
0 -1.0099291501405905 -2.8988731674496067 0.35 0.35 1.2 1
0 0.9509507268735526 -2.1643583413442973 0.35 0.35 1.2 1
0 -3.12395392772782 -1.9456968870573281 0.35 0.35 1.2 1
0 -2.261486856056336 -1.1968125737823319 0.35 0.35 1.2 1
0 1.967043581296822 -3.141592653589793 0.35 0.35 1.2 1
0 -0.39388620399018925 1.7499927537747482 0.35 0.35 1.2 1
0 -2.289478027811705 -0.7618246510283384 0.35 0.35 1.2 1
0 -1.4648114873246891 -3.141592653589793 0.35 0.35 1.2 1
0 0.6207410449237458 -2.6926644183574613 0.35 0.35 1.2 1
0 -1.4416881685132512 3.141592653589793 0.35 0.35 1.2 1
0 3.141592653589793 -0.9303772665384067 0.35 0.35 1.2 1
0 -1.077146764638382 1.8448293232637765 0.35 0.35 1.2 1
0 -0.04998117273993474 -1.1587952042240657 0.35 0.35 1.2 1
0 0.23342114807022252 -3.0531702330888764 0.35 0.35 1.2 1
0 1.2926855733129465 1.1511958778755278 0.35 0.35 1.2 1
0 2.7288129923272164 -0.11030797018645366 0.35 0.35 1.2 1
0 2.0030195524947203 1.3759130469636824 0.35 0.35 1.2 1
0 2.672729279805484 -2.802994487667894 0.35 0.35 1.2 1
0 -3.091133139775316 2.563335757455851 0.35 0.35 1.2 1
0 3.141592653589793 -2.4286357694801786 0.35 0.35 1.2 1
0 1.9342946793225286 0.8509071249807925 0.35 0.35 1.2 1
0 0.4401071888818384 0.9822620691387205 0.35 0.35 1.2 1
0 -1.9109755698658144 -2.047602203701794 0.35 0.35 1.2 1
0 1.744888375231421 -0.17461715299219793 0.35 0.35 1.2 1
0 3.141592653589793 -0.8556386286304618 0.35 0.35 1.2 1
0 1.4775868304269832 -1.3757907933627536 0.35 0.35 1.2 1
0 1.7772577227236712 -2.681431702169165 0.35 0.35 1.2 1
0 -1.4297167544014344 3.141592653589793 0.35 0.35 1.2 1
0 1.8162030116493686 -3.020275697704709 0.35 0.35 1.2 1
0 0.4479332135602084 -1.079622380825643 0.35 0.35 1.2 1
0 -2.46953578496884 -1.3679928843911884 0.35 0.35 1.2 1
0 0.9849346295332965 0.9758970327021113 0.35 0.35 1.2 1
0 -1.271364044976008 -0.24630069312397085 0.35 0.35 1.2 1
0 3.141592653589793 3.141592653589793 0.35 0.35 1.2 1
0 0.018121582652369184 -1.8805635541942245 0.35 0.35 1.2 1
0 -0.7044336380468804 -3.039863156807108 0.35 0.35 1.2 1
0 1.1011812127638207 -1.654784323803593 0.35 0.35 1.2 1
0 1.288335407147091 0.7706970525701158 0.35 0.35 1.2 1
0 -1.6960211369883433 -3.141592653589793 0.35 0.35 1.2 1
0 1.323274843629775 0.7962999163797654 0.35 0.35 1.2 1
0 -2.585058752740024 -1.2589649514571666 0.35 0.35 1.2 1
0 2.7947577443620903 2.4772453706348223 0.35 0.35 1.2 1
0 0.24771528147603283 2.0172306711166437 0.35 0.35 1.2 1
0 0.5475799501156345 1.1786636866420632 0.35 0.35 1.2 1
0 -3.141592653589793 3.141592653589793 0.35 0.35 1.2 1
0 -2.3308008530547553 -0.3432770318708823 0.35 0.35 1.2 1
0 -2.9292545087606277 2.508567541239203 0.35 0.35 1.2 1
0 0.4662107038147941 0.6463365104763341 0.35 0.35 1.2 1
0 2.7364983845972026 2.3467931293775592 0.35 0.35 1.2 1
0 0.8868217534880478 0.7481735326459888 0.35 0.35 1.2 1
0 -0.2871046548266267 -0.6043637284811401 0.35 0.35 1.2 1
0 1.1352477896932671 -0.8467917785608063 0.35 0.35 1.2 1
0 -2.2839134195990676 3.141592653589793 0.35 0.35 1.2 1
0 1.6171483437075653 -2.4380111650403693 0.35 0.35 1.2 1
0 2.755755841679811 0.9530255807789912 0.35 0.35 1.2 1
0 3.141592653589793 -1.2005982337402836 0.35 0.35 1.2 1
0 1.5525187127400006 -1.6919857933277724 0.35 0.35 1.2 1
0 -1.1522104787767942 -2.9960965408960067 0.35 0.35 1.2 1
0 -0.45919417623693465 -0.5404042874450484 0.35 0.35 1.2 1
0 -1.0387557998142434 0.44154249601399626 0.35 0.35 1.2 1
0 2.404665400247141 1.0809371411919981 0.35 0.35 1.2 1
0 -1.4949365019999419 2.6139463853594984 0.35 0.35 1.2 1
0 -0.011119743116573766 -3.141592653589793 0.35 0.35 1.2 1
0 -2.6050495727478937 -1.2225626099549305 0.35 0.35 1.2 1
0 -2.4979736825779644 3.141592653589793 0.35 0.35 1.2 1
0 -3.141592653589793 2.5866979738364053 0.35 0.35 1.2 1
0 0.13246625176813787 0.10749563621965896 0.35 0.35 1.2 1
0 -3.141592653589793 1.621135566416324 0.35 0.35 1.2 1
0 -0.9568716836813319 -2.249133444261649 0.35 0.35 1.2 1
0 -1.5390917131423714 -3.141592653589793 0.35 0.35 1.2 1
0 -1.0081563582102215 -2.951741206999266 0.35 0.35 1.2 1
0 1.299700483024931 -1.8035292263188534 0.35 0.35 1.2 1
0 -1.3681069573938363 3.141592653589793 0.35 0.35 1.2 1
0 -0.06264684951874322 3.141592653589793 0.35 0.35 1.2 1
0 0.7106641811210137 -0.6689124156109838 0.35 0.35 1.2 1
0 -1.199176327345253 -1.4439378392678701 0.35 0.35 1.2 1
0 3.141592653589793 1.2884711561322257 0.35 0.35 1.2 1
0 -2.284579717532305 -3.141592653589793 0.35 0.35 1.2 1
0 2.440334006878132 2.742970868530953 0.35 0.35 1.2 1
0 -0.27054355447206596 -1.643099986133743 0.35 0.35 1.2 1
0 0.17363743809586552 0.47186666097792795 0.35 0.35 1.2 1
0 2.5324501438766855 0.6286846499117854 0.35 0.35 1.2 1
0 3.141592653589793 3.141592653589793 0.35 0.35 1.2 1
0 -0.6330367235741933 2.7762214431067376 0.35 0.35 1.2 1
0 1.6496396898002077 1.0299555206690136 0.35 0.35 1.2 1
0 2.6242778200604353 -2.4583382722792178 0.35 0.35 1.2 1
0 1.515230397469222 -2.5100552994200713 0.35 0.35 1.2 1
0 -0.13289321019699732 -0.714843549185763 0.35 0.35 1.2 1
0 1.3960779690232141 -0.9524343532294124 0.35 0.35 1.2 1
0 1.9215935019239496 -1.7814799026184087 0.35 0.35 1.2 1
0 -2.0403796791636855 -2.1538835389382927 0.35 0.35 1.2 1
0 2.0196508736005927 -1.156667022969096 0.35 0.35 1.2 1
0 2.4281667387159542 -0.0008236901407192576 0.35 0.35 1.2 1
0 -1.467033333210694 2.0529819379650722 0.35 0.35 1.2 1
0 -0.1052447113395622 -0.982753555604405 0.35 0.35 1.2 1
0 0.18436506194319008 2.6711214896482005 0.35 0.35 1.2 1
0 1.1464483362507023 1.744433009343857 0.35 0.35 1.2 1
0 -0.5764793098649297 0.8774700720540062 0.35 0.35 1.2 1
0 2.332014868426147 -0.6671767059170022 0.35 0.35 1.2 1
0 1.1529357288342696 -0.9912589241351912 0.35 0.35 1.2 1
0 0.3282729973290983 -1.8854092305712653 0.35 0.35 1.2 1
0 2.8600273409004546 0.9668090946990684 0.35 0.35 1.2 1
0 -1.9963131998038488 -0.618798341947096 0.35 0.35 1.2 1
0 0.4255189207231197 -0.26956102034535934 0.35 0.35 1.2 1
0 0.3142419509552272 1.863036088685191 0.35 0.35 1.2 1
0 -1.8096996248573816 2.9657744189359354 0.35 0.35 1.2 1
0 1.2966691908764645 -1.328407105579116 0.35 0.35 1.2 1
0 2.2600783949411074 0.10872148333567974 0.35 0.35 1.2 1
0 0.20806403608792062 0.3034934517062461 0.35 0.35 1.2 1
0 -1.9176975679253583 0.4623196768767489 0.35 0.35 1.2 1
0 -0.7792825585472682 3.0450158995983587 0.35 0.35 1.2 1
0 -0.09498311634260614 -0.0776957798135608 0.35 0.35 1.2 1
0 1.7368379959861002 1.202046101787422 0.35 0.35 1.2 1
0 -2.182845106897678 2.7454931785323216 0.35 0.35 1.2 1
0 -1.1399680742418603 -2.4960430545486623 0.35 0.35 1.2 1
0 -0.24161590859691018 0.3128873500632575 0.35 0.35 1.2 1
0 -1.7886345240369264 2.020709728644211 0.35 0.35 1.2 1
0 3.141592653589793 1.5694113575533257 0.35 0.35 1.2 1
0 0.15186883052678768 0.08683043887546726 0.35 0.35 1.2 1
0 -3.141592653589793 0.8138385964386845 0.35 0.35 1.2 1
0 2.0036508527199057 0.4963121646412297 0.35 0.35 1.2 1
0 -2.1440555243467316 3.141592653589793 0.35 0.35 1.2 1
0 -1.4730998220685494 -3.141592653589793 0.35 0.35 1.2 1
0 2.186246309513594 -0.4672199336559404 0.35 0.35 1.2 1
0 0.32855384584519914 2.4637905792335313 0.35 0.35 1.2 1
0 3.141592653589793 0.6509264771515946 0.35 0.35 1.2 1
0 -0.8649155942313476 0.9387714349069501 0.35 0.35 1.2 1
0 -1.7952553305500882 -0.1292899983941191 0.35 0.35 1.2 1
0 -3.120003302373647 -2.0804612072787467 0.35 0.35 1.2 1
0 2.646192793744209 1.304046607036246 0.35 0.35 1.2 1
0 2.971623075469382 0.2562829137600322 0.35 0.35 1.2 1
0 1.0369644806667562 1.624585198473504 0.35 0.35 1.2 1
0 2.193903507338148 2.6930429809800227 0.35 0.35 1.2 1
0 -0.9460448540981641 1.4391084342580716 0.35 0.35 1.2 1
0 -2.4417700541161182 -0.5763751573400531 0.35 0.35 1.2 1
0 2.9990216100295526 1.5539449354529313 0.35 0.35 1.2 1
0 -0.39379588753444117 -2.932993008778496 0.35 0.35 1.2 1
0 2.763453927122353 0.9147917793367523 0.35 0.35 1.2 1
0 -2.0249275009404206 0.8018226462982292 0.35 0.35 1.2 1
0 -1.9547114337869478 -2.1856353134360718 0.35 0.35 1.2 1
0 -1.2985329388653533 1.1547168577608369 0.35 0.35 1.2 1
0 -0.03205952522163846 2.9417221994181872 0.35 0.35 1.2 1
0 3.141592653589793 2.169020875193701 0.35 0.35 1.2 1
0 -0.4087139117119141 -1.9950859388672482 0.35 0.35 1.2 1
0 0.831118628386686 -3.141592653589793 0.35 0.35 1.2 1
0 -1.924979071113316 0.2317262187788607 0.35 0.35 1.2 1
0 -0.938908978191056 -0.6869615165718435 0.35 0.35 1.2 1
0 -2.9912167495152433 -3.122956405688299 0.35 0.35 1.2 1
0 -0.08179952121086986 -2.1323565535450335 0.35 0.35 1.2 1
0 2.1066590368609543 -0.9449574291504008 0.35 0.35 1.2 1
0 -1.4566794013236262 -3.141592653589793 0.35 0.35 1.2 1
0 0.16339840143314754 0.6715910315495622 0.35 0.35 1.2 1
0 0.6036233299402679 -3.141592653589793 0.35 0.35 1.2 1
0 -0.6679022617944367 2.335101197472823 0.35 0.35 1.2 1
0 -0.675134220790085 3.141592653589793 0.35 0.35 1.2 1
0 2.573410001851677 1.422050808149847 0.35 0.35 1.2 1
0 2.1675562325330207 0.24077092905084768 0.35 0.35 1.2 1
0 1.998637056387632 -0.06624342544731354 0.35 0.35 1.2 1
0 0.6068308139864582 3.141592653589793 0.35 0.35 1.2 1
0 1.9827225707510123 1.3602317655938199 0.35 0.35 1.2 1
0 2.643715747981154 2.3527854528170695 0.35 0.35 1.2 1
0 1.7690764025593282 -3.0568551602380243 0.35 0.35 1.2 1
0 -1.8876289771224237 0.07197669671742701 0.35 0.35 1.2 1
0 2.16559949584896 -3.141592653589793 0.35 0.35 1.2 1
0 3.141592653589793 -3.141592653589793 0.35 0.35 1.2 1
0 0.9593526179833817 -0.36958322956975104 0.35 0.35 1.2 1
0 0.772065039935811 -0.2646098702221167 0.35 0.35 1.2 1
0 -1.4847118943139603 -1.637656019236928 0.35 0.35 1.2 1
0 2.907208373656298 2.4130478303357954 0.35 0.35 1.2 1
0 0.19819689534126206 3.141592653589793 0.35 0.35 1.2 1
0 -0.8115600484653216 -2.5834051588690934 0.35 0.35 1.2 1
0 -0.44561059745384024 1.1680014073414196 0.35 0.35 1.2 1
0 2.172700061227038 -0.5212326588287359 0.35 0.35 1.2 1
0 1.3642056449456352 1.5950648780332985 0.35 0.35 1.2 1
0 0.810638820287326 1.3692213357202432 0.35 0.35 1.2 1
0 0.5512683536218633 -3.141592653589793 0.35 0.35 1.2 1
0 -0.9334733552525494 -2.7659818600789583 0.35 0.35 1.2 1
0 -2.0746567613533142 -2.114104853763848 0.35 0.35 1.2 1
0 0.7849497363900924 -0.2534356917772439 0.35 0.35 1.2 1
0 2.7476375448979597 -1.2353161603468594 0.35 0.35 1.2 1
0 1.9329531651099734 -2.1541293012500926 0.35 0.35 1.2 1
0 -2.9895853703777244 1.6980201956989687 0.35 0.35 1.2 1
0 -1.232882642657304 3.141592653589793 0.35 0.35 1.2 1
0 -1.5112034777891667 -0.5959128262631236 0.35 0.35 1.2 1
0 -1.3506613869089032 1.6244196334886143 0.35 0.35 1.2 1
0 1.2268184973782923 3.141592653589793 0.35 0.35 1.2 1
0 0.8766055111839552 0.2391967180219178 0.35 0.35 1.2 1
