#! FIELDS time phi psi sigma_phi sigma_psi height biasf
                        #! SET multivariate false
                        #! SET kerneltype stretched-gaussian
                        #! SET min_phi -pi
                        #! SET max_phi pi
                        #! SET min_psi -pi
                        #! SET max_psi pi
0 -2.5841286921339894 0.7958975204098656 0.35 0.35 1.2 1
0 2.1832252047960776 1.7571202945741955 0.35 0.35 1.2 1
0 -0.14030754245840926 -3.141592653589793 0.35 0.35 1.2 1
0 -3.141592653589793 2.7543812628238022 0.35 0.35 1.2 1
0 -1.4378056464284055 -0.9872018147704598 0.35 0.35 1.2 1
0 -0.4791933367322072 -0.6040387361357835 0.35 0.35 1.2 1
0 0.345192892499949 2.363421328072463 0.35 0.35 1.2 1
0 -1.6264670997869848 1.6428882740462951 0.35 0.35 1.2 1
0 -0.6608625227367306 3.141592653589793 0.35 0.35 1.2 1
0 1.4918368291463615 -3.141592653589793 0.35 0.35 1.2 1
0 0.24728012041793135 3.141592653589793 0.35 0.35 1.2 1
0 1.1348260625124706 3.141592653589793 0.35 0.35 1.2 1
0 2.495953974381357 -3.141592653589793 0.35 0.35 1.2 1
0 1.2069528705129746 0.04487529418565073 0.35 0.35 1.2 1
0 2.2840033649234064 3.141592653589793 0.35 0.35 1.2 1
0 1.1868206148092664 -0.4341788323585869 0.35 0.35 1.2 1
0 1.5869150069518154 0.2866060618238969 0.35 0.35 1.2 1
0 0.4901725166351514 -3.141592653589793 0.35 0.35 1.2 1
0 -1.7641181168321909 1.8658027053360708 0.35 0.35 1.2 1
0 0.08068418993677429 -0.9582906430455073 0.35 0.35 1.2 1
0 2.3522304291261205 -3.141592653589793 0.35 0.35 1.2 1
0 -0.7613363574683454 3.0790170812666395 0.35 0.35 1.2 1
0 -2.685910251869495 2.27807449987694 0.35 0.35 1.2 1
0 -0.3952152100577971 -0.5634477893671943 0.35 0.35 1.2 1
0 -0.9529040952027492 3.141592653589793 0.35 0.35 1.2 1
0 -2.200967931004564 -0.5654296098180358 0.35 0.35 1.2 1
0 1.5089562658390876 2.350173378553192 0.35 0.35 1.2 1
0 2.528781441359074 3.141592653589793 0.35 0.35 1.2 1
0 2.686032228816038 3.141592653589793 0.35 0.35 1.2 1
0 -0.33508987138765145 1.672299033907489 0.35 0.35 1.2 1
0 0.8450794747111308 -2.358813697359615 0.35 0.35 1.2 1
0 -0.7375625956019034 -0.0038833867851950643 0.35 0.35 1.2 1
0 -2.995453080021365 -2.4640584542271116 0.35 0.35 1.2 1
0 1.3812011970855025 1.076972526591443 0.35 0.35 1.2 1
0 1.9898097362632696 -3.141592653589793 0.35 0.35 1.2 1
0 -3.141592653589793 -2.503518495312257 0.35 0.35 1.2 1
0 -0.006636034503951227 -2.0038557630110923 0.35 0.35 1.2 1
0 -1.0927882841537189 -3.141592653589793 0.35 0.35 1.2 1
0 -0.16313833119536708 0.5267303716781967 0.35 0.35 1.2 1
0 -1.5535634474616589 -0.06129683502187033 0.35 0.35 1.2 1
0 0.6858270876587318 2.960350375439571 0.35 0.35 1.2 1
0 -2.7650813228568243 -1.121326724896702 0.35 0.35 1.2 1
0 0.004375708963828391 1.2902138186403358 0.35 0.35 1.2 1
0 -0.04750718252543801 3.141592653589793 0.35 0.35 1.2 1
0 1.7510895350259983 -1.8872944406256742 0.35 0.35 1.2 1
0 -1.2769771593130135 -1.3391212359732012 0.35 0.35 1.2 1
0 -2.0619811974596054 2.8228340262961638 0.35 0.35 1.2 1
0 -2.336430921256512 -1.6206255268035703 0.35 0.35 1.2 1
0 3.141592653589793 2.635613303972993 0.35 0.35 1.2 1
0 2.5885265630629517 2.7011868171227715 0.35 0.35 1.2 1
0 0.6965993025393658 2.27446566651809 0.35 0.35 1.2 1
0 -0.026327945265207653 2.7217894170278463 0.35 0.35 1.2 1
0 1.0667657188168567 -2.915911879578102 0.35 0.35 1.2 1
0 1.981740195752435 3.141592653589793 0.35 0.35 1.2 1
0 2.10124409183502 3.141592653589793 0.35 0.35 1.2 1
0 -0.1279705623020836 -1.603406220555857 0.35 0.35 1.2 1
0 -2.2403292876344607 -2.885037301184317 0.35 0.35 1.2 1
0 -1.9965779055011335 0.6999448669168682 0.35 0.35 1.2 1
0 1.2189609770114997 -0.7456860759470203 0.35 0.35 1.2 1
0 -3.141592653589793 2.3120331323486067 0.35 0.35 1.2 1
0 -1.2119137351104368 3.141592653589793 0.35 0.35 1.2 1
0 -2.2462760703479736 -2.2343614725465875 0.35 0.35 1.2 1
0 -2.964947728536602 2.8795265813824273 0.35 0.35 1.2 1
0 0.16281443353398983 3.141592653589793 0.35 0.35 1.2 1
0 -2.9490370530235044 -2.427874694049662 0.35 0.35 1.2 1
0 -1.0108319908175376 3.141592653589793 0.35 0.35 1.2 1
0 -1.8798281721423376 -2.292392544060747 0.35 0.35 1.2 1
0 2.2816370198486906 -0.9298686518010136 0.35 0.35 1.2 1
0 -1.3193784242862459 2.777798831428339 0.35 0.35 1.2 1
0 0.2233080409816608 0.41554365399377335 0.35 0.35 1.2 1
0 2.267952643894068 -1.563391951435328 0.35 0.35 1.2 1
0 -2.8966851654808385 -0.5717483355554955 0.35 0.35 1.2 1
0 -3.141592653589793 1.9259022961767411 0.35 0.35 1.2 1
0 -1.7403257785467676 2.712190481157487 0.35 0.35 1.2 1
0 0.9643532318074759 3.0189465167523006 0.35 0.35 1.2 1
0 -0.6631094595246133 -0.02498645290258561 0.35 0.35 1.2 1
0 -3.141592653589793 -0.7354885287201045 0.35 0.35 1.2 1
0 1.56821690863698 -0.5027766583651805 0.35 0.35 1.2 1
0 -1.0695485953196835 2.746470751781683 0.35 0.35 1.2 1
0 3.141592653589793 -1.8922145794316991 0.35 0.35 1.2 1
0 3.141592653589793 -1.3027012932010407 0.35 0.35 1.2 1
0 -3.141592653589793 2.4996346547000563 0.35 0.35 1.2 1
0 1.8370432387962174 -0.18855202586079867 0.35 0.35 1.2 1
0 -0.4521975310831189 -2.379830660321978 0.35 0.35 1.2 1
0 -3.001929109614842 1.7681357915946538 0.35 0.35 1.2 1
0 -3.141592653589793 -3.141592653589793 0.35 0.35 1.2 1
0 1.9151146771525784 3.141592653589793 0.35 0.35 1.2 1
0 -0.6634475917352761 0.71411586175565 0.35 0.35 1.2 1
0 -1.524190740844436 1.847125056988888 0.35 0.35 1.2 1
0 3.141592653589793 2.004634025620416 0.35 0.35 1.2 1
0 -3.141592653589793 3.141592653589793 0.35 0.35 1.2 1
0 -1.587460812568091 3.141592653589793 0.35 0.35 1.2 1
0 -0.661862591365586 -2.09767501546185 0.35 0.35 1.2 1
0 1.957753746431273 2.898968198132042 0.35 0.35 1.2 1
0 0.582293297858937 -1.8791893964979627 0.35 0.35 1.2 1
0 -0.44022152202149617 -1.7748073072611266 0.35 0.35 1.2 1
0 -2.1936573445249725 -0.6281313582261496 0.35 0.35 1.2 1
0 -1.6102886213734284 0.5317928848040109 0.35 0.35 1.2 1
0 1.224461238195956 -2.795292606511487 0.35 0.35 1.2 1
0 -1.7710940293188988 -0.558788582926659 0.35 0.35 1.2 1
0 -3.141592653589793 1.2055225761229131 0.35 0.35 1.2 1
0 -1.7779148865259122 3.141592653589793 0.35 0.35 1.2 1
0 1.1929825691797582 -2.5254085587213133 0.35 0.35 1.2 1
0 0.5749931880909713 0.5816071460430476 0.35 0.35 1.2 1
0 1.678673317499737 1.4799659450957252 0.35 0.35 1.2 1
0 0.015335691199603319 -1.3181499882500427 0.35 0.35 1.2 1
0 -0.003917376471741785 -0.2973585214317922 0.35 0.35 1.2 1
0 -2.8316806024483014 3.141592653589793 0.35 0.35 1.2 1
0 2.224408350705468 -1.993785011730989 0.35 0.35 1.2 1
0 -1.25651297394268 2.4255848588619946 0.35 0.35 1.2 1
0 3.141592653589793 -1.9330435695522115 0.35 0.35 1.2 1
0 -1.738864349357532 0.5052635312241338 0.35 0.35 1.2 1
0 0.34951104014772927 -1.4105852209067584 0.35 0.35 1.2 1
0 -0.9572907700735792 3.141592653589793 0.35 0.35 1.2 1
0 3.141592653589793 -3.141592653589793 0.35 0.35 1.2 1
0 3.141592653589793 1.2921930471417191 0.35 0.35 1.2 1
0 1.7175227054033315 -0.7046472297554203 0.35 0.35 1.2 1
0 1.3199237612518182 2.079092186407533 0.35 0.35 1.2 1
0 -3.141592653589793 2.621687758216713 0.35 0.35 1.2 1
0 -2.0828414039699736 -0.06436681632757679 0.35 0.35 1.2 1
0 -0.11807752579696185 -2.522738276896255 0.35 0.35 1.2 1
0 -3.141592653589793 -3.141592653589793 0.35 0.35 1.2 1
0 -3.141592653589793 -0.8282634698938421 0.35 0.35 1.2 1
0 -2.306978118868946 0.37384640321646767 0.35 0.35 1.2 1
0 0.2822470697624446 -1.8650396969905794 0.35 0.35 1.2 1
0 2.739288591817213 -0.9995433043557224 0.35 0.35 1.2 1
0 3.141592653589793 1.7973229367576629 0.35 0.35 1.2 1
0 -3.141592653589793 -1.2651338518324016 0.35 0.35 1.2 1
0 2.652372900871975 1.0424633159505647 0.35 0.35 1.2 1
0 1.8012135571727188 1.02014927152225 0.35 0.35 1.2 1
0 -1.7989697719639381 1.3482055242846285 0.35 0.35 1.2 1
0 1.3061631636477873 3.141592653589793 0.35 0.35 1.2 1
0 2.76213146383708 -2.3723359908214112 0.35 0.35 1.2 1
0 0.34548767966351357 -2.643876525871068 0.35 0.35 1.2 1
0 0.6610049402871835 3.141592653589793 0.35 0.35 1.2 1
0 -3.141592653589793 0.21596777635259518 0.35 0.35 1.2 1
0 -1.708653736004873 3.141592653589793 0.35 0.35 1.2 1
0 2.677671097605078 0.6171373798767199 0.35 0.35 1.2 1
0 -1.9709260513862774 1.1105039719750416 0.35 0.35 1.2 1
0 0.6326628536412722 -0.20401616426855707 0.35 0.35 1.2 1
0 -3.141592653589793 -0.9040019190826419 0.35 0.35 1.2 1
0 0.8638606444412572 -2.9838001787147395 0.35 0.35 1.2 1
0 -2.7262369394907786 0.2883705218083956 0.35 0.35 1.2 1
0 3.141592653589793 0.8889684464145202 0.35 0.35 1.2 1
0 3.141592653589793 0.6071703928364105 0.35 0.35 1.2 1
0 -2.025212458451514 -1.7618317202888292 0.35 0.35 1.2 1
0 -1.6504148295534924 -0.20225935131181896 0.35 0.35 1.2 1
0 -0.2470986810786 1.0773582086578068 0.35 0.35 1.2 1
0 1.2143148251065674 -1.3384882489989165 0.35 0.35 1.2 1
0 -3.063820766834519 -0.5220441709341035 0.35 0.35 1.2 1
0 -3.0945041328929683 3.141592653589793 0.35 0.35 1.2 1
0 2.5854951517769638 0.5523444598726482 0.35 0.35 1.2 1
0 -1.621321658577875 -2.939587124174741 0.35 0.35 1.2 1
0 1.6264476751406574 1.7869487246063862 0.35 0.35 1.2 1
0 -0.7517370202257968 -1.5017937933330567 0.35 0.35 1.2 1
0 3.141592653589793 -1.2228866120838362 0.35 0.35 1.2 1
0 -1.8650729615324317 1.5999966556132157 0.35 0.35 1.2 1
0 0.10963321943622395 1.7812778829783142 0.35 0.35 1.2 1
0 3.141592653589793 2.409681635107064 0.35 0.35 1.2 1
0 1.9474294765535287 1.1223719422748428 0.35 0.35 1.2 1
0 0.5010592982406082 -3.141592653589793 0.35 0.35 1.2 1
0 3.141592653589793 -0.3475892275245263 0.35 0.35 1.2 1
0 1.8252063021247211 -3.141592653589793 0.35 0.35 1.2 1
0 -3.141592653589793 0.9213572285967568 0.35 0.35 1.2 1
0 -0.8511554318002973 -1.279089732755133 0.35 0.35 1.2 1
0 -2.463525131839498 1.3583831318480581 0.35 0.35 1.2 1
0 -0.7909929832905335 1.707893638130527 0.35 0.35 1.2 1
0 1.9301400640279034 0.4397952686175496 0.35 0.35 1.2 1
0 -3.141592653589793 2.8115735966927997 0.35 0.35 1.2 1
0 -3.141592653589793 -1.2393401649861406 0.35 0.35 1.2 1
0 3.141592653589793 3.10199592178237 0.35 0.35 1.2 1
0 0.7332267712998595 -0.38591099378528304 0.35 0.35 1.2 1
0 -2.416542306564424 -2.6983236650992106 0.35 0.35 1.2 1
0 1.8286126557407767 0.46514859204473835 0.35 0.35 1.2 1
0 -1.9220395027709047 3.141592653589793 0.35 0.35 1.2 1
0 1.9372403123132123 3.141592653589793 0.35 0.35 1.2 1
0 -0.571088790160502 2.3141846244366655 0.35 0.35 1.2 1
0 -1.9700225816024097 -3.141592653589793 0.35 0.35 1.2 1
0 -1.1159499760734302 1.56565327528349 0.35 0.35 1.2 1
0 -0.09022793927970058 -0.9089911401298909 0.35 0.35 1.2 1
0 -0.25594300901823774 -1.9446235088139798 0.35 0.35 1.2 1
0 2.056446524456146 0.8020923989982518 0.35 0.35 1.2 1
0 -2.203182273590232 3.141592653589793 0.35 0.35 1.2 1
0 0.5745405651117524 1.583043838802105 0.35 0.35 1.2 1
0 -2.813248379661641 -1.963494434410128 0.35 0.35 1.2 1
0 0.6638046565252145 0.8068028559234259 0.35 0.35 1.2 1
0 -1.7070224585409792 -2.9437163101909394 0.35 0.35 1.2 1
0 0.08100916906713906 0.5640526536835171 0.35 0.35 1.2 1
0 -0.6779145947894344 -0.7567286990219028 0.35 0.35 1.2 1
0 2.4443591430545553 1.234155245427453 0.35 0.35 1.2 1
0 3.141592653589793 3.0361174464862013 0.35 0.35 1.2 1
0 -1.475510057772099 2.600203820657001 0.35 0.35 1.2 1
0 2.1677800434835772 -0.7160814141643325 0.35 0.35 1.2 1
0 -3.0292562833213967 3.141592653589793 0.35 0.35 1.2 1
0 1.8673145830210185 1.0518445632757043 0.35 0.35 1.2 1
0 3.141592653589793 2.80705652751894 0.35 0.35 1.2 1
0 -0.041734371974777584 -3.141592653589793 0.35 0.35 1.2 1
0 -3.141592653589793 0.24581348997528935 0.35 0.35 1.2 1
0 0.26052776103725606 -0.9727363913290187 0.35 0.35 1.2 1
0 -2.902278206409595 1.0131083613679834 0.35 0.35 1.2 1
0 -3.141592653589793 2.813206036936152 0.35 0.35 1.2 1
0 1.069311005779729 3.141592653589793 0.35 0.35 1.2 1
0 0.16564584684618616 2.841464854914892 0.35 0.35 1.2 1
0 -1.6257514222559872 -0.0898155845420634 0.35 0.35 1.2 1
0 -1.9603454548893096 -3.141592653589793 0.35 0.35 1.2 1
0 -3.141592653589793 3.141592653589793 0.35 0.35 1.2 1
0 1.7991496662244568 -3.141592653589793 0.35 0.35 1.2 1
0 -0.6495392706823867 1.85360647194409 0.35 0.35 1.2 1
0 1.3448523143863818 2.347030252961141 0.35 0.35 1.2 1
0 1.4372643914025545 -1.0278757237104843 0.35 0.35 1.2 1
0 3.141592653589793 3.141592653589793 0.35 0.35 1.2 1
0 -3.141592653589793 0.46097114125873623 0.35 0.35 1.2 1
0 0.19113082988900232 -3.141592653589793 0.35 0.35 1.2 1
0 0.5151672819515782 -0.7488242379755347 0.35 0.35 1.2 1
0 -2.1600231600084556 1.9652940157283978 0.35 0.35 1.2 1
0 -0.33136786062257106 -0.6933047350532878 0.35 0.35 1.2 1
0 -3.141592653589793 -1.7889222985558897 0.35 0.35 1.2 1
0 -2.054447948487539 2.8982266129776164 0.35 0.35 1.2 1
0 -0.06641069233317931 -1.184024181918266 0.35 0.35 1.2 1
0 1.654437093375984 -2.6355687926195106 0.35 0.35 1.2 1
0 -2.0457506995809154 2.2672588787164694 0.35 0.35 1.2 1
0 -1.634826787326411 3.141592653589793 0.35 0.35 1.2 1
0 1.4263947393762941 -0.9935120441271642 0.35 0.35 1.2 1
0 -3.141592653589793 3.141592653589793 0.35 0.35 1.2 1
0 -0.985579781535975 -0.38482537381286697 0.35 0.35 1.2 1
0 1.1301691864653018 1.375537387279357 0.35 0.35 1.2 1
0 -2.746449711374269 0.17494189080824896 0.35 0.35 1.2 1
0 0.4518559677407956 0.7254036646861795 0.35 0.35 1.2 1
0 3.1123197439597483 1.7295084734349069 0.35 0.35 1.2 1
0 -3.141592653589793 -3.130381951787882 0.35 0.35 1.2 1
0 -3.141592653589793 -0.2027402749845988 0.35 0.35 1.2 1
0 -2.446442226765995 3.141592653589793 0.35 0.35 1.2 1
0 -0.8078739973712346 1.487950981799124 0.35 0.35 1.2 1
0 1.0945739129160952 -2.6048704474358644 0.35 0.35 1.2 1
0 1.284059904336722 -2.1734760403973716 0.35 0.35 1.2 1
0 -2.1409534685341107 -1.7606880222310177 0.35 0.35 1.2 1
0 1.3285671682904532 0.548704646992622 0.35 0.35 1.2 1
0 -2.8703929383048394 -0.1718123259740035 0.35 0.35 1.2 1
0 -1.9640674885112772 -0.8545953035452619 0.35 0.35 1.2 1
0 1.4773324276620683 -2.8408360325951003 0.35 0.35 1.2 1
0 0.8640356264474119 -3.141592653589793 0.35 0.35 1.2 1
0 -2.2438878263465014 2.8264487179043494 0.35 0.35 1.2 1
0 3.141592653589793 -0.2679701206494084 0.35 0.35 1.2 1
0 -2.160392059279421 2.960088964835061 0.35 0.35 1.2 1
0 -0.9481072890818704 -3.141592653589793 0.35 0.35 1.2 1
0 -0.14270740528597214 -0.29028383540643987 0.35 0.35 1.2 1
0 0.7039158358756751 0.5231577527661182 0.35 0.35 1.2 1
0 3.141592653589793 -0.9432336116692387 0.35 0.35 1.2 1
0 0.1670090538667216 2.839227165160623 0.35 0.35 1.2 1
0 -3.141592653589793 -3.141592653589793 0.35 0.35 1.2 1
0 2.0479333689991144 3.141592653589793 0.35 0.35 1.2 1
0 2.7783771176411585 -3.141592653589793 0.35 0.35 1.2 1
0 3.141592653589793 0.2879305745492966 0.35 0.35 1.2 1
0 3.141592653589793 2.20789919842949 0.35 0.35 1.2 1
0 3.141592653589793 3.141592653589793 0.35 0.35 1.2 1
0 1.2000750435868195 1.5244120110589676 0.35 0.35 1.2 1
0 -0.6347435913111941 0.15249018254324195 0.35 0.35 1.2 1
0 1.5921218232794663 -2.5446252792487067 0.35 0.35 1.2 1
0 0.9974267036783137 1.2717855428472622 0.35 0.35 1.2 1
0 1.53597034910768 -3.141592653589793 0.35 0.35 1.2 1
0 -3.141592653589793 -0.3056572707280167 0.35 0.35 1.2 1
0 -1.5635839043742532 -3.141592653589793 0.35 0.35 1.2 1
0 -1.1894412475654754 0.8384128206583787 0.35 0.35 1.2 1
0 -3.1252426080973654 2.7617963629631403 0.35 0.35 1.2 1
0 -3.141592653589793 1.7075501352993994 0.35 0.35 1.2 1
0 -3.141592653589793 1.5415834479138142 0.35 0.35 1.2 1
0 -2.0109243709206432 2.679606477049002 0.35 0.35 1.2 1
0 -0.979588822833358 -0.11869318595644762 0.35 0.35 1.2 1
0 -1.8876055704660066 -0.62773905197349 0.35 0.35 1.2 1
0 0.2361887986226303 0.5663025278276916 0.35 0.35 1.2 1
0 -2.6701773140248704 -1.7514942900443016 0.35 0.35 1.2 1
0 2.538429478556928 0.026160619017209286 0.35 0.35 1.2 1
0 -1.671661067268136 3.141592653589793 0.35 0.35 1.2 1
0 2.8575183289527324 0.6319074579104703 0.35 0.35 1.2 1
0 1.3453399961760864 -3.141592653589793 0.35 0.35 1.2 1
0 3.141592653589793 -0.07261605506061974 0.35 0.35 1.2 1
0 2.6469066795817984 3.141592653589793 0.35 0.35 1.2 1
0 2.650594437439749 3.141592653589793 0.35 0.35 1.2 1
0 -2.759819127626877 -1.147683224655492 0.35 0.35 1.2 1
0 -2.5095979268021233 -3.0803909740198887 0.35 0.35 1.2 1
0 1.3713583573016126 3.141592653589793 0.35 0.35 1.2 1
0 -0.3094971713498781 1.2637158759856566 0.35 0.35 1.2 1
0 -2.2474708865780157 1.1354023171039558 0.35 0.35 1.2 1
0 1.7687770554167763 1.3114867725801247 0.35 0.35 1.2 1
0 -1.2892272316372435 0.5060960321181831 0.35 0.35 1.2 1
0 -1.3339082589475302 -0.7441826816422465 0.35 0.35 1.2 1
0 -1.378159039084103 1.4509501188905967 0.35 0.35 1.2 1
0 1.7262227259370564 2.0961543130125735 0.35 0.35 1.2 1
0 -3.141592653589793 1.9107992857786829 0.35 0.35 1.2 1
0 -3.141592653589793 3.141592653589793 0.35 0.35 1.2 1
0 3.141592653589793 1.245143863562958 0.35 0.35 1.2 1
0 -2.589063013267368 2.8212229234959345 0.35 0.35 1.2 1
0 -2.6725365537868213 -0.9464547785212614 0.35 0.35 1.2 1
0 2.1934599124258174 2.6288960140226276 0.35 0.35 1.2 1
0 -2.119379456914166 3.141592653589793 0.35 0.35 1.2 1
0 -3.141592653589793 1.335380779724181 0.35 0.35 1.2 1
0 0.5843813875336967 -0.6640328144169203 0.35 0.35 1.2 1
0 -3.141592653589793 1.408776256770456 0.35 0.35 1.2 1
0 2.9855930677156763 -1.3936096351936047 0.35 0.35 1.2 1
0 -3.141592653589793 -1.6734220260703536 0.35 0.35 1.2 1
0 -3.018265705652915 -2.6209129297438576 0.35 0.35 1.2 1
0 -1.0986450039844344 2.7234829744709304 0.35 0.35 1.2 1
0 -0.00826733701713489 1.224238656767787 0.35 0.35 1.2 1
0 0.02792974439188667 1.687980480896088 0.35 0.35 1.2 1
0 -1.2881504293030992 1.4766757359355107 0.35 0.35 1.2 1
0 2.3820292088827606 0.5774256208613088 0.35 0.35 1.2 1
0 -2.7301642112866324 1.8194047725681035 0.35 0.35 1.2 1
0 0.23978738448656567 -0.30620680589786253 0.35 0.35 1.2 1
0 -0.3529936450998097 2.804783508303285 0.35 0.35 1.2 1
0 1.366778458043182 3.141592653589793 0.35 0.35 1.2 1
0 -1.3137843810191714 -3.061727484021744 0.35 0.35 1.2 1
0 -1.674548659499247 -0.6073575145746422 0.35 0.35 1.2 1
0 -0.7674364311115756 2.500987585196067 0.35 0.35 1.2 1
0 -1.7314725947110137 -0.8194389162059224 0.35 0.35 1.2 1
0 0.31062049300028666 3.141592653589793 0.35 0.35 1.2 1
0 -1.7216014366930956 0.8535679067568063 0.35 0.35 1.2 1
0 -1.523567787027333 -1.890431972292839 0.35 0.35 1.2 1
0 0.04607461244160738 -1.9653016384468684 0.35 0.35 1.2 1
0 -1.1098868865472569 2.9835218660644283 0.35 0.35 1.2 1
0 -2.133979493139225 1.218529540745144 0.35 0.35 1.2 1
0 -1.1641417096144355 1.283552385543153 0.35 0.35 1.2 1
0 3.141592653589793 2.5883277284421253 0.35 0.35 1.2 1
0 -2.9982806566017066 2.969358225535593 0.35 0.35 1.2 1
0 -0.05860200779996916 -2.2039038727765705 0.35 0.35 1.2 1
0 0.5152485616029696 2.967032368743755 0.35 0.35 1.2 1
0 3.141592653589793 1.5782814882558363 0.35 0.35 1.2 1
0 3.141592653589793 2.6587892701174964 0.35 0.35 1.2 1
0 1.1059712801308725 0.17089818746625246 0.35 0.35 1.2 1
0 3.141592653589793 3.141592653589793 0.35 0.35 1.2 1
0 0.44589711642757046 2.758480690996972 0.35 0.35 1.2 1
0 1.8744694430320132 -1.5933384259335244 0.35 0.35 1.2 1
0 -1.0261963844097883 2.4612432926908747 0.35 0.35 1.2 1
0 -0.6483075237015252 1.7609498386133877 0.35 0.35 1.2 1
0 -2.3562497091753993 3.141592653589793 0.35 0.35 1.2 1
0 0.8448181372646899 2.6966470875459185 0.35 0.35 1.2 1
0 -0.523951576622821 -1.120477586202701 0.35 0.35 1.2 1
0 -3.141592653589793 0.9955881623171086 0.35 0.35 1.2 1
0 3.141592653589793 0.9406246837146153 0.35 0.35 1.2 1
0 -1.5385928500768409 0.9097863244918876 0.35 0.35 1.2 1
0 -0.47566736338604 1.6896288430731283 0.35 0.35 1.2 1
0 -1.9468273299573058 -3.141592653589793 0.35 0.35 1.2 1
0 0.27346829794859884 -0.15305856445003252 0.35 0.35 1.2 1
0 0.5493277994449913 0.44062015271758764 0.35 0.35 1.2 1
0 0.5884857755850152 2.028107615491429 0.35 0.35 1.2 1
0 2.214764674836563 1.2953497029349703 0.35 0.35 1.2 1
0 -3.0495062325446756 -0.7102262480722197 0.35 0.35 1.2 1
0 -0.8508372396295154 1.454063528313965 0.35 0.35 1.2 1
0 -1.7981798564390143 2.1631730741777435 0.35 0.35 1.2 1
0 0.8597819707337485 -0.8945651475447072 0.35 0.35 1.2 1
0 0.4194979900033937 2.3691626854203798 0.35 0.35 1.2 1
0 0.27591505803632693 -1.2610454225845331 0.35 0.35 1.2 1
0 0.36890236163611423 -1.7636611270161076 0.35 0.35 1.2 1
0 -0.23154794668731027 -0.6908223162496656 0.35 0.35 1.2 1
0 -3.141592653589793 1.2849371362104225 0.35 0.35 1.2 1
0 3.141592653589793 -1.724580643901052 0.35 0.35 1.2 1
0 0.3809160426484688 3.1030733037368945 0.35 0.35 1.2 1
0 -1.2165721958923172 -0.7112429632742504 0.35 0.35 1.2 1
0 -2.93033181040269 -2.5783917700847567 0.35 0.35 1.2 1
0 -2.5654361085075403 -2.0083227171642757 0.35 0.35 1.2 1
0 1.7651978455270716 -0.6186485104217918 0.35 0.35 1.2 1
0 3.141592653589793 -2.0445620723274036 0.35 0.35 1.2 1
0 -2.2441789660229445 2.322280842425753 0.35 0.35 1.2 1
0 -0.8013491418555438 1.687657485546661 0.35 0.35 1.2 1
0 -1.1770487981386384 0.9745496653432117 0.35 0.35 1.2 1
0 3.141592653589793 -2.243413534478554 0.35 0.35 1.2 1
0 -0.34239787933312504 1.7190544132331544 0.35 0.35 1.2 1
0 0.6006195834411652 0.7199969131096233 0.35 0.35 1.2 1
0 -1.0291363090999346 1.725530168149251 0.35 0.35 1.2 1
0 -1.6960507136170655 -2.3048003218956725 0.35 0.35 1.2 1
0 -1.9960866552377285 -2.962537505388987 0.35 0.35 1.2 1
0 -1.2070522109191328 -1.3162642275586043 0.35 0.35 1.2 1
0 -0.6618826341529709 -1.6378390955064999 0.35 0.35 1.2 1
0 1.5046645417251607 -3.141592653589793 0.35 0.35 1.2 1
0 -3.141592653589793 0.6253468494428895 0.35 0.35 1.2 1
0 3.088490948054001 -3.141592653589793 0.35 0.35 1.2 1
0 1.6868351939770687 -0.7656066095151401 0.35 0.35 1.2 1
0 -2.1509276823602796 2.3438174518306534 0.35 0.35 1.2 1
0 -0.4713424199357501 -2.6539544913835558 0.35 0.35 1.2 1
0 -0.10047834819993295 2.7219637115472564 0.35 0.35 1.2 1
0 2.066919500689428 -1.3525669279992631 0.35 0.35 1.2 1
0 2.676109569507734 -0.2834237635306144 0.35 0.35 1.2 1
0 3.141592653589793 2.6347617780342643 0.35 0.35 1.2 1
0 -0.818875185796426 -0.8549180459447947 0.35 0.35 1.2 1
0 -3.141592653589793 -3.141592653589793 0.35 0.35 1.2 1
0 0.8994896995648485 0.38414205657708034 0.35 0.35 1.2 1
0 -0.13565567796284617 -0.2916396163124346 0.35 0.35 1.2 1
0 -3.141592653589793 0.8038653130857245 0.35 0.35 1.2 1
0 -2.792520439694021 -1.8353439211677673 0.35 0.35 1.2 1
0 -1.1201451618136031 1.6298258507794379 0.35 0.35 1.2 1
0 1.338447947258509 2.5706064179891297 0.35 0.35 1.2 1
0 1.4376045556498849 -0.6846601752214807 0.35 0.35 1.2 1
0 0.3427046649627634 -2.8647008625646455 0.35 0.35 1.2 1
0 -1.7569396492994986 0.5792831062641618 0.35 0.35 1.2 1
0 2.6597783106212023 -2.2539095371807907 0.35 0.35 1.2 1
0 0.29406480189298456 0.9147904150904125 0.35 0.35 1.2 1
0 -0.7528163302520431 -3.068725798817577 0.35 0.35 1.2 1
0 0.15959235476700695 3.0552507408207363 0.35 0.35 1.2 1
0 -3.141592653589793 0.4267193502320774 0.35 0.35 1.2 1
0 -1.5820617128480987 1.9531989090425212 0.35 0.35 1.2 1
0 1.276420063931545 -0.0690130623932193 0.35 0.35 1.2 1
0 0.705621575062817 -1.547216405546238 0.35 0.35 1.2 1
0 -3.141592653589793 -0.19214955255902355 0.35 0.35 1.2 1
0 -1.0339824330168452 1.5010202379295188 0.35 0.35 1.2 1
0 1.896989190387865 1.736004035112908 0.35 0.35 1.2 1
0 0.0293218529919953 1.03835502053116 0.35 0.35 1.2 1
0 -1.0111120850374138 -1.1202215802620812 0.35 0.35 1.2 1
0 1.8556439104396567 -0.1162189238534187 0.35 0.35 1.2 1
0 -0.07737520856602087 -2.378981215758392 0.35 0.35 1.2 1
0 -1.6709431148293465 1.2950606319419402 0.35 0.35 1.2 1
0 0.14283640973500145 3.141592653589793 0.35 0.35 1.2 1
0 2.590754604436414 1.5860648246378326 0.35 0.35 1.2 1
0 1.4781499960888154 -2.2539453018020756 0.35 0.35 1.2 1
0 0.16619380500871683 0.3169025292514115 0.35 0.35 1.2 1
0 2.452627906751526 -1.055721994534825 0.35 0.35 1.2 1
0 0.5703236774280553 0.8410549643186194 0.35 0.35 1.2 1
0 -1.5004579096735275 0.7079992632899925 0.35 0.35 1.2 1
0 -1.05301039369728 2.6438254151453284 0.35 0.35 1.2 1
0 0.5905633648499504 -1.2556745062692036 0.35 0.35 1.2 1
0 -0.11235753966302697 0.7267871630075757 0.35 0.35 1.2 1
0 -0.5305971392370255 0.8779125827911322 0.35 0.35 1.2 1
0 0.48822297177800933 1.5957059952065382 0.35 0.35 1.2 1
0 -0.5600250255229562 -2.6812093789257276 0.35 0.35 1.2 1
0 -1.817070937246206 1.8222027420764357 0.35 0.35 1.2 1
0 -1.9403576960385367 -0.9850527748752143 0.35 0.35 1.2 1
0 -1.2148362928727279 -1.2542837558536837 0.35 0.35 1.2 1
0 0.5887384514225222 1.0138984272361604 0.35 0.35 1.2 1
0 3.141592653589793 2.7817354154992224 0.35 0.35 1.2 1
0 -1.5881725491366139 3.141592653589793 0.35 0.35 1.2 1
0 -1.3569841604814734 -2.6463371975313272 0.35 0.35 1.2 1
0 0.29206224103630807 -1.7854450691931405 0.35 0.35 1.2 1
0 -3.141592653589793 -1.0045632210331152 0.35 0.35 1.2 1
0 -1.1796390443963383 3.141592653589793 0.35 0.35 1.2 1
0 -3.141592653589793 -1.6066168633974778 0.35 0.35 1.2 1
0 -2.2914839917599017 0.6318107992979747 0.35 0.35 1.2 1
0 3.141592653589793 -2.651349680954341 0.35 0.35 1.2 1
0 -2.4665895135923943 -3.141592653589793 0.35 0.35 1.2 1
0 -3.141592653589793 -3.141592653589793 0.35 0.35 1.2 1
0 -3.041474517701773 3.141592653589793 0.35 0.35 1.2 1
0 -2.8950167462766774 1.2175002132722443 0.35 0.35 1.2 1
0 -1.9157069011267638 3.141592653589793 0.35 0.35 1.2 1
0 -3.141592653589793 3.105830873174674 0.35 0.35 1.2 1
0 -0.2741871431042644 1.9596228872307917 0.35 0.35 1.2 1
0 -2.636620229668879 1.3699083876599867 0.35 0.35 1.2 1
0 -2.4865918214601805 3.141592653589793 0.35 0.35 1.2 1
0 -3.141592653589793 -0.8163618600097944 0.35 0.35 1.2 1
0 -3.141592653589793 2.4751990379133675 0.35 0.35 1.2 1
0 -2.9890201938237064 2.7778267213962837 0.35 0.35 1.2 1
0 3.141592653589793 2.8160348429160202 0.35 0.35 1.2 1
0 -3.141592653589793 0.9472410339182082 0.35 0.35 1.2 1
0 -1.6795215296133352 -0.31241029837432654 0.35 0.35 1.2 1
0 -0.18061540478603044 -0.9003635240390286 0.35 0.35 1.2 1
0 -2.0091364380499996 -1.6919278429480185 0.35 0.35 1.2 1
0 -3.141592653589793 -1.3968730034125842 0.35 0.35 1.2 1
0 -2.34398384586021 -2.869007050304218 0.35 0.35 1.2 1
0 2.6374447531659584 -3.141592653589793 0.35 0.35 1.2 1
0 -2.0003468241954048 -0.09404494311912859 0.35 0.35 1.2 1
0 0.001514973882056167 0.6498423671481262 0.35 0.35 1.2 1
0 0.7737126422976537 -1.0865929153495872 0.35 0.35 1.2 1
0 -1.0766208226847025 -3.0285558880637335 0.35 0.35 1.2 1
0 -0.11307403484390877 3.141592653589793 0.35 0.35 1.2 1
0 1.441797809679405 0.8705875538815748 0.35 0.35 1.2 1
0 -1.6397670815052914 -0.4123461068111148 0.35 0.35 1.2 1
0 -2.425837682870917 1.3515447290707556 0.35 0.35 1.2 1
0 -1.763065492792855 1.3166326967882516 0.35 0.35 1.2 1
0 -3.1243138236803203 3.141592653589793 0.35 0.35 1.2 1
0 -0.3877196470269915 0.6981613297169476 0.35 0.35 1.2 1
0 0.9786836843437468 -2.5854607649367765 0.35 0.35 1.2 1
0 -3.141592653589793 1.4976117356591738 0.35 0.35 1.2 1
0 -2.5710332499921487 0.7631246301295531 0.35 0.35 1.2 1
0 0.17541552221952506 3.141592653589793 0.35 0.35 1.2 1
0 -1.350212740252799 -2.455728847974689 0.35 0.35 1.2 1
0 0.24329812554086416 2.5793687124570424 0.35 0.35 1.2 1
0 -2.4167247064170283 -3.141592653589793 0.35 0.35 1.2 1
0 -1.7080171593251774 1.259374458989923 0.35 0.35 1.2 1
0 -3.141592653589793 -0.23021651649992192 0.35 0.35 1.2 1
0 -0.08086446395406724 2.4500944887397806 0.35 0.35 1.2 1
0 -0.68721101454541 -2.3565270256426407 0.35 0.35 1.2 1
0 -2.543110045086367 2.239486723933166 0.35 0.35 1.2 1
0 -2.1557937069681814 -2.0132835854826348 0.35 0.35 1.2 1
0 1.1968590331813473 -1.8945171110149164 0.35 0.35 1.2 1
0 -3.141592653589793 0.10897750363433778 0.35 0.35 1.2 1
0 1.4491384077533545 -3.141592653589793 0.35 0.35 1.2 1
0 3.141592653589793 0.8101994856237495 0.35 0.35 1.2 1
0 -0.5388641260763964 -0.19121668534343172 0.35 0.35 1.2 1
0 0.3363995330888635 -2.1387347163739183 0.35 0.35 1.2 1
0 -3.141592653589793 -0.004420300122908949 0.35 0.35 1.2 1
0 2.563089615711516 -0.3791746369261224 0.35 0.35 1.2 1
0 -1.6388936363028002 2.928762274296254 0.35 0.35 1.2 1
0 -1.9895002735712264 2.172409510001241 0.35 0.35 1.2 1
0 1.8534274658802385 2.5065860834250335 0.35 0.35 1.2 1
0 3.141592653589793 -3.141592653589793 0.35 0.35 1.2 1
0 -1.1515431411260908 -0.3189539928075562 0.35 0.35 1.2 1
0 -0.006863992011148623 2.261686164824078 0.35 0.35 1.2 1
0 -3.141592653589793 -2.686696765564237 0.35 0.35 1.2 1
0 -0.6390637779979578 3.12493911772928 0.35 0.35 1.2 1
0 3.141592653589793 2.5384160675084697 0.35 0.35 1.2 1
0 0.46467917501839473 3.141592653589793 0.35 0.35 1.2 1
0 -2.4629728445953862 0.5984412692057102 0.35 0.35 1.2 1
0 2.818369828160649 -2.3434104767716564 0.35 0.35 1.2 1
0 0.7393169989677898 2.2700106826442417 0.35 0.35 1.2 1
