#! FIELDS time phi psi sigma_phi sigma_psi height biasf
                        #! SET multivariate false
                        #! SET kerneltype stretched-gaussian
                        #! SET min_phi -pi
                        #! SET max_phi pi
                        #! SET min_psi -pi
                        #! SET max_psi pi
0 -2.057228527533076 1.7977847520000432 0.35 0.35 1.2 1
0 -3.141592653589793 1.0189239863162365 0.35 0.35 1.2 1
0 -0.6134158064348962 -1.3318315353175745 0.35 0.35 1.2 1
0 -3.141592653589793 -0.5675464590810937 0.35 0.35 1.2 1
0 -3.141592653589793 -3.141592653589793 0.35 0.35 1.2 1
0 2.857276979999118 2.1857636007819914 0.35 0.35 1.2 1
0 2.836416527765584 3.141592653589793 0.35 0.35 1.2 1
0 -1.902843947457233 1.5485787708002676 0.35 0.35 1.2 1
0 -2.9379741162274158 -0.7009316136869559 0.35 0.35 1.2 1
0 0.3582155284049364 1.379556676842194 0.35 0.35 1.2 1
0 -3.141592653589793 3.141592653589793 0.35 0.35 1.2 1
0 2.187823097109346 -7.150267222044704e-05 0.35 0.35 1.2 1
0 -1.4327650522034225 2.134165427739739 0.35 0.35 1.2 1
0 -0.9796012023696667 2.153810677554239 0.35 0.35 1.2 1
0 1.7574605670080259 1.7076372698017306 0.35 0.35 1.2 1
0 2.8713519489009984 1.1972360951401884 0.35 0.35 1.2 1
0 3.141592653589793 2.0799759950305545 0.35 0.35 1.2 1
0 -0.9357498346317086 1.670829611375908 0.35 0.35 1.2 1
0 -2.28015925865623 0.2111440462956773 0.35 0.35 1.2 1
0 2.164715318739945 -1.620814289208424 0.35 0.35 1.2 1
0 1.0682970911375367 -1.2393684340781534 0.35 0.35 1.2 1
0 0.883546036251081 -1.3666759602427363 0.35 0.35 1.2 1
0 -3.141592653589793 3.141592653589793 0.35 0.35 1.2 1
0 1.8711355247786106 1.6829541862683823 0.35 0.35 1.2 1
0 -0.20667811636601452 2.0985217945900816 0.35 0.35 1.2 1
0 -3.141592653589793 0.2618112975878506 0.35 0.35 1.2 1
0 2.2980074927138565 2.2347911398723883 0.35 0.35 1.2 1
0 2.016663855615214 -2.674672256925681 0.35 0.35 1.2 1
0 3.141592653589793 3.141592653589793 0.35 0.35 1.2 1
0 -2.8296670490647347 0.8630494570803298 0.35 0.35 1.2 1
0 -0.3071756726706444 -3.141592653589793 0.35 0.35 1.2 1
0 3.141592653589793 1.6003247683077857 0.35 0.35 1.2 1
0 -3.141592653589793 -3.141592653589793 0.35 0.35 1.2 1
0 0.7393124792165838 2.1720681082874793 0.35 0.35 1.2 1
0 -2.36579170384584 -1.153714201873222 0.35 0.35 1.2 1
0 1.1164111955083 -1.0657238507969764 0.35 0.35 1.2 1
0 -1.4474704395352835 0.033627363182189174 0.35 0.35 1.2 1
0 1.6213134612111415 2.7069730793781046 0.35 0.35 1.2 1
0 -1.343831496923609 -1.2821832790530205 0.35 0.35 1.2 1
0 0.18383415438719908 2.513688336229877 0.35 0.35 1.2 1
0 -0.5068513773326998 1.3145213369921118 0.35 0.35 1.2 1
0 2.5828168661337685 0.6016822706356342 0.35 0.35 1.2 1
0 0.07371342601190678 0.24687007405351358 0.35 0.35 1.2 1
0 3.141592653589793 0.28248233039211956 0.35 0.35 1.2 1
0 3.141592653589793 3.141592653589793 0.35 0.35 1.2 1
0 0.2002739382584715 1.8349297342988047 0.35 0.35 1.2 1
0 -1.5402535959425419 -0.843796565626715 0.35 0.35 1.2 1
0 0.6749196043937817 -0.7255943821535105 0.35 0.35 1.2 1
0 -1.5785869796016603 1.7121353099493843 0.35 0.35 1.2 1
0 3.141592653589793 -1.605065610615592 0.35 0.35 1.2 1
0 -2.2877151760966625 1.1929804664211174 0.35 0.35 1.2 1
0 -3.141592653589793 -0.09183587903564444 0.35 0.35 1.2 1
0 0.7310858516057507 3.141592653589793 0.35 0.35 1.2 1
0 -2.601784496332192 -0.4782031854280188 0.35 0.35 1.2 1
0 0.4946101569756116 0.7153098370789761 0.35 0.35 1.2 1
0 2.8378608652196347 1.7173583252097147 0.35 0.35 1.2 1
0 -1.6514846563503005 -0.6136538528310759 0.35 0.35 1.2 1
0 0.8652507081275728 1.7968385277246863 0.35 0.35 1.2 1
0 2.0626140520763023 3.141592653589793 0.35 0.35 1.2 1
0 0.4962622441419433 1.1716651655162724 0.35 0.35 1.2 1
0 -1.720008311985965 3.141592653589793 0.35 0.35 1.2 1
0 1.1993243573558583 -0.5932447253293411 0.35 0.35 1.2 1
0 -3.141592653589793 0.6883259093188392 0.35 0.35 1.2 1
0 -3.141592653589793 3.141592653589793 0.35 0.35 1.2 1
0 2.0937008667625907 -2.0880895381436044 0.35 0.35 1.2 1
0 -2.0870216772043175 2.144736465153033 0.35 0.35 1.2 1
0 -2.403177149733759 -1.7786717448237126 0.35 0.35 1.2 1
0 3.141592653589793 -3.141592653589793 0.35 0.35 1.2 1
0 3.0520447641750166 -1.2753060174092363 0.35 0.35 1.2 1
0 1.373828642176226 -1.6012551139198985 0.35 0.35 1.2 1
0 3.141592653589793 -3.141592653589793 0.35 0.35 1.2 1
0 2.6167718756322893 -3.1092175980987156 0.35 0.35 1.2 1
0 -3.141592653589793 2.2646147552222566 0.35 0.35 1.2 1
0 0.5045562392917066 -1.1614890038823413 0.35 0.35 1.2 1
0 0.47594076894390314 2.279026533177313 0.35 0.35 1.2 1
0 -3.141592653589793 1.33408139281413 0.35 0.35 1.2 1
0 -3.027968968389951 -0.4683128917416587 0.35 0.35 1.2 1
0 3.141592653589793 -2.571778888782445 0.35 0.35 1.2 1
0 -1.4682295647482673 2.1407346331501778 0.35 0.35 1.2 1
0 -2.7906599450981124 0.5252802680389614 0.35 0.35 1.2 1
0 -1.9869310574559207 1.4795015725496068 0.35 0.35 1.2 1
0 -1.639837956240543 0.29393849548533213 0.35 0.35 1.2 1
0 -1.080583251464249 -1.4953075006777286 0.35 0.35 1.2 1
0 -1.1107069738214645 -0.6364477374554456 0.35 0.35 1.2 1
0 -3.141592653589793 0.7923891807011119 0.35 0.35 1.2 1
0 1.2308103231358138 -3.121575912912564 0.35 0.35 1.2 1
0 2.365905825579379 -2.049685402344708 0.35 0.35 1.2 1
0 -1.2664581794126513 3.141592653589793 0.35 0.35 1.2 1
0 0.992206650630935 -0.6892626478859856 0.35 0.35 1.2 1
0 -0.7461357179031478 -1.0178968602275564 0.35 0.35 1.2 1
0 0.1679291672662778 2.4307812966804763 0.35 0.35 1.2 1
0 0.22742280549205052 1.7375636625172393 0.35 0.35 1.2 1
0 -2.2938332532816395 -0.9354885017124117 0.35 0.35 1.2 1
0 -0.2769688750486621 0.2759916713850985 0.35 0.35 1.2 1
0 1.8545368877491601 0.10334926174770742 0.35 0.35 1.2 1
0 -2.2733037620099283 0.9606931725558145 0.35 0.35 1.2 1
0 -1.5755877703709436 -0.864763318973377 0.35 0.35 1.2 1
0 0.5446720760357273 -1.5912966076517618 0.35 0.35 1.2 1
0 1.354725673065957 0.09323395815887858 0.35 0.35 1.2 1
0 -2.2896973519578356 1.202593180012525 0.35 0.35 1.2 1
0 -0.029138349451920065 2.1180306802520974 0.35 0.35 1.2 1
0 -0.8812717156828281 3.0683317812508335 0.35 0.35 1.2 1
0 -0.8552724368816295 -0.7035061285960232 0.35 0.35 1.2 1
0 3.141592653589793 -0.6874028294651543 0.35 0.35 1.2 1
0 -0.256891911027018 2.4473675992741044 0.35 0.35 1.2 1
0 1.204913668231244 1.9978507839962696 0.35 0.35 1.2 1
0 3.000169277291085 -1.3434836536840866 0.35 0.35 1.2 1
0 3.141592653589793 3.1265017032859475 0.35 0.35 1.2 1
0 2.8739587509589497 0.5816079439354945 0.35 0.35 1.2 1
0 -1.9354500214591386 0.42036178531474466 0.35 0.35 1.2 1
0 3.141592653589793 -0.7628747541414475 0.35 0.35 1.2 1
0 2.9309881013170362 3.141592653589793 0.35 0.35 1.2 1
0 1.182500284180256 1.476114669573507 0.35 0.35 1.2 1
0 -0.7057502500076928 3.141592653589793 0.35 0.35 1.2 1
0 0.7747414610707565 0.804235538745755 0.35 0.35 1.2 1
0 0.7029553613166087 1.1953442971572117 0.35 0.35 1.2 1
0 0.9366679856424449 -2.311471697592035 0.35 0.35 1.2 1
0 1.7404161732935441 3.141592653589793 0.35 0.35 1.2 1
0 -0.41409296787436967 0.4416421509257392 0.35 0.35 1.2 1
0 2.6829514942347954 -0.8692295597450101 0.35 0.35 1.2 1
0 -0.03476611519659045 2.7046820436757772 0.35 0.35 1.2 1
0 -0.8335741452320486 -2.535757365225358 0.35 0.35 1.2 1
0 -0.7367027904478534 -0.5821353040778046 0.35 0.35 1.2 1
0 2.500284009775543 1.4793149367965124 0.35 0.35 1.2 1
0 2.3368066584019864 -2.312579946698108 0.35 0.35 1.2 1
0 1.5103258835181346 -0.6449382630920861 0.35 0.35 1.2 1
0 2.505266098221795 -1.1213778024913654 0.35 0.35 1.2 1
0 -1.8660995693526368 2.9911905826905265 0.35 0.35 1.2 1
0 1.1607783464938781 0.5970558091869969 0.35 0.35 1.2 1
0 2.0476543349257565 0.9036386033967325 0.35 0.35 1.2 1
0 -2.3457628387336538 2.5086024341831594 0.35 0.35 1.2 1
0 -1.4327641951052674 -0.3765274018366491 0.35 0.35 1.2 1
0 -0.3625777152217829 -2.8811986634410065 0.35 0.35 1.2 1
0 0.4239903271275349 -3.141592653589793 0.35 0.35 1.2 1
0 -1.7177492865175124 1.1363035125965761 0.35 0.35 1.2 1
0 -1.068744228052394 1.4297278400382996 0.35 0.35 1.2 1
0 2.1511525129037747 1.0531173543013879 0.35 0.35 1.2 1
0 3.0327299944321746 3.141592653589793 0.35 0.35 1.2 1
0 2.2358229309230184 0.5057322591366095 0.35 0.35 1.2 1
0 -1.107470996045464 -3.117294352521475 0.35 0.35 1.2 1
0 -3.141592653589793 -3.141592653589793 0.35 0.35 1.2 1
0 1.0758915919786287 -0.8838316596009081 0.35 0.35 1.2 1
0 -2.647540962179286 0.8281466315515079 0.35 0.35 1.2 1
0 1.949358961763287 -0.9794862129084041 0.35 0.35 1.2 1
0 1.4330779004084673 0.25601323209090165 0.35 0.35 1.2 1
0 -1.8477215232370672 -3.141592653589793 0.35 0.35 1.2 1
0 -1.3896378226461985 1.8450958095108594 0.35 0.35 1.2 1
0 1.791094537046638 3.141592653589793 0.35 0.35 1.2 1
0 -1.8582729480865523 -2.033677555336594 0.35 0.35 1.2 1
0 0.06957634273608115 -2.081739253320121 0.35 0.35 1.2 1
0 -2.62100639494329 1.1567439970233908 0.35 0.35 1.2 1
0 2.0379401598753244 -2.4235373490949184 0.35 0.35 1.2 1
0 -1.3976574930009749 1.532601335144102 0.35 0.35 1.2 1
0 -0.12894064720391507 -1.5974103107248194 0.35 0.35 1.2 1
0 -3.141592653589793 -3.141592653589793 0.35 0.35 1.2 1
0 1.6254060906854368 -0.9527742166589483 0.35 0.35 1.2 1
0 -3.141592653589793 1.00642821098536 0.35 0.35 1.2 1
0 3.141592653589793 2.2286025880562814 0.35 0.35 1.2 1
0 2.8446846815999405 0.7088787400158583 0.35 0.35 1.2 1
0 1.2479737682043353 0.536407344506377 0.35 0.35 1.2 1
0 -2.3878664850433946 0.8616654050338071 0.35 0.35 1.2 1
0 2.2224428520104977 -0.8787016904215056 0.35 0.35 1.2 1
0 -1.5147384967014388 -3.087856935811905 0.35 0.35 1.2 1
0 -3.141592653589793 2.750831740832973 0.35 0.35 1.2 1
0 1.2744344878688865 -1.3933525154678967 0.35 0.35 1.2 1
0 -1.2810530464055572 1.4059167576226919 0.35 0.35 1.2 1
0 3.141592653589793 3.141592653589793 0.35 0.35 1.2 1
0 2.862116163175453 -1.0842116671062727 0.35 0.35 1.2 1
0 -2.635798939068213 3.141592653589793 0.35 0.35 1.2 1
0 -1.6111322181714776 -3.141592653589793 0.35 0.35 1.2 1
0 0.295709788325232 0.9849691794885123 0.35 0.35 1.2 1
0 -1.6096052526899958 -1.9595250146675043 0.35 0.35 1.2 1
0 3.141592653589793 -1.3627153260923626 0.35 0.35 1.2 1
0 3.141592653589793 -1.77539017565779 0.35 0.35 1.2 1
0 -0.37794216524487567 3.141592653589793 0.35 0.35 1.2 1
0 -0.647903684867458 1.9568122213895414 0.35 0.35 1.2 1
0 -1.3387005054075631 0.6060496868075871 0.35 0.35 1.2 1
0 -3.141592653589793 -0.7062113595406424 0.35 0.35 1.2 1
0 1.3482713939962458 -3.140145274553256 0.35 0.35 1.2 1
0 2.775387661293567 -1.81668237735761 0.35 0.35 1.2 1
0 3.141592653589793 -3.141592653589793 0.35 0.35 1.2 1
0 2.1483299609637703 -2.871484424543596 0.35 0.35 1.2 1
0 0.7759061273702925 1.4974083842445212 0.35 0.35 1.2 1
0 -2.988317060479095 1.1767530571133067 0.35 0.35 1.2 1
0 1.268231686285214 2.53054597704551 0.35 0.35 1.2 1
0 -1.4134182549134942 2.556766247332027 0.35 0.35 1.2 1
0 2.5816771419039917 -1.7971140319444108 0.35 0.35 1.2 1
0 0.7812771588091207 -0.3033002934945539 0.35 0.35 1.2 1
0 -1.3584187983909728 -0.10903997285448641 0.35 0.35 1.2 1
0 2.5878081300813474 2.6831088308068325 0.35 0.35 1.2 1
0 3.141592653589793 -0.6452434129163094 0.35 0.35 1.2 1
0 -2.719810728725519 2.593098605727495 0.35 0.35 1.2 1
0 1.9014549270368528 0.2221101817164941 0.35 0.35 1.2 1
0 0.39204816158854916 -2.6708814479782443 0.35 0.35 1.2 1
0 1.4619506604771644 -1.8151968423158125 0.35 0.35 1.2 1
0 0.4547111040277132 0.7074751270157478 0.35 0.35 1.2 1
0 -0.37504003859089374 -0.7336008999842102 0.35 0.35 1.2 1
0 2.744214425107717 -2.7142293424748436 0.35 0.35 1.2 1
0 3.141592653589793 -1.8293460703705704 0.35 0.35 1.2 1
0 -2.003578286191155 -1.0150609123546182 0.35 0.35 1.2 1
0 0.3728677622534533 1.9487949248396104 0.35 0.35 1.2 1
0 -0.8652530199784227 2.748167198062695 0.35 0.35 1.2 1
0 -1.2649919827302711 2.0111005242393345 0.35 0.35 1.2 1
0 -2.642404904763887 -0.127389399043496 0.35 0.35 1.2 1
0 1.6472009261417022 -0.994389278884809 0.35 0.35 1.2 1
0 -0.10035543170734795 -0.5095287363139929 0.35 0.35 1.2 1
0 2.039727084010046 2.2432009257600596 0.35 0.35 1.2 1
0 -1.8793895126487934 -2.456837937621131 0.35 0.35 1.2 1
0 3.141592653589793 -1.3653598539387777 0.35 0.35 1.2 1
0 2.1757115588006233 -1.6477022517810498 0.35 0.35 1.2 1
0 0.7043207153695374 0.2611171864709818 0.35 0.35 1.2 1
0 -0.5277037440722865 -1.1848275206194085 0.35 0.35 1.2 1
0 0.017541295161249117 -1.0175744462321128 0.35 0.35 1.2 1
0 -3.141592653589793 -2.3147810627005327 0.35 0.35 1.2 1
0 -3.065585071421106 1.8762082910553377 0.35 0.35 1.2 1
0 2.216941784728075 2.6542938482327902 0.35 0.35 1.2 1
0 -3.0904798135573746 -2.666232839543621 0.35 0.35 1.2 1
0 -0.9655375407485348 -0.2671044299880889 0.35 0.35 1.2 1
0 -1.4722010816850064 0.5789521293146995 0.35 0.35 1.2 1
0 1.2424999563139565 2.396771519420041 0.35 0.35 1.2 1
0 -0.6276006788447224 0.5004500572865289 0.35 0.35 1.2 1
0 1.3528231594277824 -2.197216027034531 0.35 0.35 1.2 1
0 2.0150894692354173 -1.3595726013968075 0.35 0.35 1.2 1
0 -1.6882246035541908 0.8302355127817292 0.35 0.35 1.2 1
0 -2.9344532604804057 1.2265722330541315 0.35 0.35 1.2 1
0 2.8306227851165042 3.141592653589793 0.35 0.35 1.2 1
0 2.9700511673393803 2.0405001149728004 0.35 0.35 1.2 1
0 -0.3244497465790031 3.141592653589793 0.35 0.35 1.2 1
0 0.6149642572828022 -1.3975817133613786 0.35 0.35 1.2 1
0 -3.141592653589793 -0.2875347887554828 0.35 0.35 1.2 1
0 -1.9939014165171032 -0.41215199332684915 0.35 0.35 1.2 1
0 -2.1943462385257173 -1.6533943880868383 0.35 0.35 1.2 1
0 -1.4973860886944426 -0.9752749059042394 0.35 0.35 1.2 1
0 0.7431308667811747 0.7872596280975283 0.35 0.35 1.2 1
0 -2.6050146248735278 1.149247238294165 0.35 0.35 1.2 1
0 -3.141592653589793 -1.6120565923233101 0.35 0.35 1.2 1
0 1.6763712794737553 2.6089652736418247 0.35 0.35 1.2 1
0 1.4536567884439195 -0.8919420641338753 0.35 0.35 1.2 1
0 3.141592653589793 3.141592653589793 0.35 0.35 1.2 1
0 2.270678290366152 -1.8341872783121185 0.35 0.35 1.2 1
0 -3.141592653589793 -3.141592653589793 0.35 0.35 1.2 1
0 -2.7951621953638215 3.141592653589793 0.35 0.35 1.2 1
0 3.141592653589793 3.141592653589793 0.35 0.35 1.2 1
0 -1.9181940192793594 1.0228619854686916 0.35 0.35 1.2 1
0 -0.9141628916308753 -3.141592653589793 0.35 0.35 1.2 1
0 2.0205044616108894 -0.4927007386775555 0.35 0.35 1.2 1
0 0.5155839788869383 2.2306514838664806 0.35 0.35 1.2 1
0 -0.32792082322198857 -2.470625599338319 0.35 0.35 1.2 1
0 1.65636232746964 0.7551624906190166 0.35 0.35 1.2 1
0 -3.007366719343067 -0.6821185330995587 0.35 0.35 1.2 1
0 3.141592653589793 3.141592653589793 0.35 0.35 1.2 1
0 2.708447596896982 0.8649824533947417 0.35 0.35 1.2 1
0 -1.5730688822583567 0.8735077309477681 0.35 0.35 1.2 1
0 1.8598356628680066 -3.141592653589793 0.35 0.35 1.2 1
0 0.8593064691324654 1.2623084165094993 0.35 0.35 1.2 1
0 3.141592653589793 0.4657161712030673 0.35 0.35 1.2 1
0 -0.12681183293636433 -0.4909672663524972 0.35 0.35 1.2 1
0 2.969525163621083 2.128908459851053 0.35 0.35 1.2 1
0 -0.6984852038899736 -0.13260594276983995 0.35 0.35 1.2 1
0 0.33753282823349473 2.251820724373654 0.35 0.35 1.2 1
0 0.9892101117365426 -3.105031894019013 0.35 0.35 1.2 1
0 -1.098828649520036 0.19362395976027091 0.35 0.35 1.2 1
0 2.2026913433077975 1.9570086467363812 0.35 0.35 1.2 1
0 -2.4374877534504664 0.31216454474023947 0.35 0.35 1.2 1
0 -2.515447573223618 0.6357423447980306 0.35 0.35 1.2 1
0 -2.3842730251221926 -3.141592653589793 0.35 0.35 1.2 1
0 -1.6525091828398586 2.5307695477020005 0.35 0.35 1.2 1
0 -1.9753869082027782 1.0536793378114249 0.35 0.35 1.2 1
0 -0.8306578456277343 2.587227089748371 0.35 0.35 1.2 1
0 1.878827749468341 -2.2672667604097136 0.35 0.35 1.2 1
0 -1.1934863293328297 2.3145628161314744 0.35 0.35 1.2 1
0 -1.4297597308767405 2.557400515231806 0.35 0.35 1.2 1
0 0.5414545763947841 2.7084325259494597 0.35 0.35 1.2 1
0 -3.141592653589793 -1.1903922095976613 0.35 0.35 1.2 1
0 0.4609255141342241 -3.141592653589793 0.35 0.35 1.2 1
0 3.141592653589793 2.6341459076838265 0.35 0.35 1.2 1
0 1.7286498725551378 -3.141592653589793 0.35 0.35 1.2 1
0 3.141592653589793 0.8183229791158024 0.35 0.35 1.2 1
0 -2.6864577040497033 1.8964424515575642 0.35 0.35 1.2 1
0 -0.6700872341392898 1.610815678955061 0.35 0.35 1.2 1
0 -1.549809443626999 -3.141592653589793 0.35 0.35 1.2 1
0 -2.6427409876644625 0.6445244877312446 0.35 0.35 1.2 1
0 -0.22161137128190878 0.611100496027589 0.35 0.35 1.2 1
0 0.5820167145640669 1.676047633878895 0.35 0.35 1.2 1
0 1.0383349989515482 -3.141592653589793 0.35 0.35 1.2 1
0 3.141592653589793 -0.4093809427680446 0.35 0.35 1.2 1
0 -0.4477749235957681 2.63134787562113 0.35 0.35 1.2 1
0 1.1096828822459408 1.0390859913261903 0.35 0.35 1.2 1
0 -2.3691882862773594 1.0977361374405974 0.35 0.35 1.2 1
0 -1.9033796940413812 1.895259681905412 0.35 0.35 1.2 1
0 0.34994784787807565 0.9865587710244592 0.35 0.35 1.2 1
0 -3.141592653589793 0.5484281741864339 0.35 0.35 1.2 1
0 2.1726978981785208 -1.1582317692024249 0.35 0.35 1.2 1
0 0.9090575678515171 0.6251035952340034 0.35 0.35 1.2 1
0 -2.7451589540295576 1.2680559541433545 0.35 0.35 1.2 1
0 -2.080853594763207 -0.1055897321626107 0.35 0.35 1.2 1
0 -2.696352611836894 0.9899776657479733 0.35 0.35 1.2 1
0 -3.1011523589036805 -3.141592653589793 0.35 0.35 1.2 1
0 -1.0978699985617333 2.0695172498670535 0.35 0.35 1.2 1
0 -0.44607982010491265 -2.7953833408870796 0.35 0.35 1.2 1
0 2.345691352076166 0.43415966089785174 0.35 0.35 1.2 1
0 3.141592653589793 -0.4473587794177353 0.35 0.35 1.2 1
0 -1.2182344556040932 0.18940078781916925 0.35 0.35 1.2 1
0 -0.323662760129784 2.737053997279094 0.35 0.35 1.2 1
0 -3.141592653589793 2.431949937326304 0.35 0.35 1.2 1
0 -0.01890825667942364 1.5259988951931582 0.35 0.35 1.2 1
0 0.3468053970792826 -0.7301175040048833 0.35 0.35 1.2 1
0 2.45996763081605 2.1648499409646114 0.35 0.35 1.2 1
0 0.48892397413794564 3.141592653589793 0.35 0.35 1.2 1
0 -2.085155582044204 3.141592653589793 0.35 0.35 1.2 1
0 -2.9027691702188134 -2.5725582405355274 0.35 0.35 1.2 1
0 1.3223880975329605 0.136146685328578 0.35 0.35 1.2 1
0 1.7668042769266714 0.47548076786223215 0.35 0.35 1.2 1
0 -0.6856362445517048 2.1721208671483745 0.35 0.35 1.2 1
0 0.2652715868102524 2.7233842242991164 0.35 0.35 1.2 1
0 -3.141592653589793 2.1863722841827693 0.35 0.35 1.2 1
0 -1.2757795545238941 1.0517799577350644 0.35 0.35 1.2 1
0 2.786902374169499 -3.141592653589793 0.35 0.35 1.2 1
0 0.6800087948328759 -1.1478618684771011 0.35 0.35 1.2 1
0 -2.507533098825226 0.20966132657312986 0.35 0.35 1.2 1
0 -2.1689413075178927 1.4951596076338334 0.35 0.35 1.2 1
0 0.6309679009836591 -0.04420845816942409 0.35 0.35 1.2 1
0 -1.2568241624864918 2.703191778183914 0.35 0.35 1.2 1
0 -1.3213979468186814 -0.223511465053449 0.35 0.35 1.2 1
0 -2.515149259444867 0.4168492484202151 0.35 0.35 1.2 1
0 2.204053889716788 -1.6052954887094169 0.35 0.35 1.2 1
0 3.0212696290386534 1.1276172951527057 0.35 0.35 1.2 1
0 3.141592653589793 -0.8266999589180032 0.35 0.35 1.2 1
0 1.6411079985630188 1.1327421537113966 0.35 0.35 1.2 1
0 -3.141592653589793 -3.141592653589793 0.35 0.35 1.2 1
0 -0.5278198888516543 -0.20374741845906855 0.35 0.35 1.2 1
0 -0.2539362747128343 2.4878424859114303 0.35 0.35 1.2 1
0 -2.365961009747158 2.0169390458255156 0.35 0.35 1.2 1
0 -2.3833421232599967 2.4140963114891494 0.35 0.35 1.2 1
0 2.5741057229842284 1.5581530321750534 0.35 0.35 1.2 1
0 3.141592653589793 -1.5011851256417583 0.35 0.35 1.2 1
0 3.141592653589793 2.7133264411141997 0.35 0.35 1.2 1
0 2.0644650889783778 -2.1663112502591 0.35 0.35 1.2 1
0 1.9942083310227483 -0.8698927014449371 0.35 0.35 1.2 1
0 3.141592653589793 -0.33930610203289946 0.35 0.35 1.2 1
0 -2.7530063806737415 -2.503065483514887 0.35 0.35 1.2 1
0 2.9977835773169366 2.4767511772060757 0.35 0.35 1.2 1
0 -0.28935342122276864 0.6813047760958937 0.35 0.35 1.2 1
0 3.141592653589793 3.141592653589793 0.35 0.35 1.2 1
0 0.4083027582335623 2.054942814145974 0.35 0.35 1.2 1
0 0.6142359236197146 -1.3314568546235233 0.35 0.35 1.2 1
0 2.145630674926706 -0.9783110521808999 0.35 0.35 1.2 1
0 -0.4254623019134355 -3.141592653589793 0.35 0.35 1.2 1
0 3.1256063220050763 -1.241904071171773 0.35 0.35 1.2 1
0 -2.7186682835190794 3.141592653589793 0.35 0.35 1.2 1
0 0.6411664990430872 -0.3736387409961148 0.35 0.35 1.2 1
0 -0.6375590600176829 0.18283350607971754 0.35 0.35 1.2 1
0 2.546868977039343 -0.04507676915327896 0.35 0.35 1.2 1
0 2.2569690296767804 -0.25904664306245506 0.35 0.35 1.2 1
0 2.8455000471901233 -1.1825227678439951 0.35 0.35 1.2 1
0 -2.9073133790052 3.141592653589793 0.35 0.35 1.2 1
0 -3.141592653589793 -1.1164829717558895 0.35 0.35 1.2 1
0 -3.141592653589793 1.1450243247520198 0.35 0.35 1.2 1
0 -2.626958503885728 2.6123164622575548 0.35 0.35 1.2 1
0 -1.5576772347367065 0.8923480495576492 0.35 0.35 1.2 1
0 -0.05256583847215032 0.9949456415688687 0.35 0.35 1.2 1
0 -0.43611558315695964 0.6510556708136641 0.35 0.35 1.2 1
0 -3.141592653589793 1.227743734339214 0.35 0.35 1.2 1
0 3.141592653589793 -0.4908232951704772 0.35 0.35 1.2 1
0 -3.141592653589793 0.04529069430754397 0.35 0.35 1.2 1
0 -3.141592653589793 2.6379388438281604 0.35 0.35 1.2 1
0 1.0599424929495538 0.3170230993259503 0.35 0.35 1.2 1
0 3.141592653589793 3.141592653589793 0.35 0.35 1.2 1
0 -3.141592653589793 -1.8453869481961258 0.35 0.35 1.2 1
0 -1.308689328446366 1.3132080711443828 0.35 0.35 1.2 1
0 -0.1711123698193756 -0.09841252148625135 0.35 0.35 1.2 1
0 1.0397532761418131 -3.141592653589793 0.35 0.35 1.2 1
0 2.018050438187289 -1.2798440215324633 0.35 0.35 1.2 1
0 -2.8037667884540904 0.028790296254459724 0.35 0.35 1.2 1
0 -3.141592653589793 -3.141592653589793 0.35 0.35 1.2 1
0 -3.141592653589793 1.0360830299474786 0.35 0.35 1.2 1
0 -1.8769767561354695 -2.098440650055065 0.35 0.35 1.2 1
0 -0.07322487251960519 -3.141592653589793 0.35 0.35 1.2 1
0 0.4844771846433651 -2.1418135507298 0.35 0.35 1.2 1
0 2.0942608437549013 3.1364453295874917 0.35 0.35 1.2 1
0 -0.10248118989366262 2.4014660441428117 0.35 0.35 1.2 1
0 2.26243248513322 1.9817645378314397 0.35 0.35 1.2 1
0 -1.4200971703163323 2.479030884749513 0.35 0.35 1.2 1
0 -2.3454110235896537 -0.4786291450653568 0.35 0.35 1.2 1
0 -1.5994882216106143 -1.0868058662702247 0.35 0.35 1.2 1
0 -2.08108421892629 -0.05783438835848931 0.35 0.35 1.2 1
0 -3.141592653589793 -0.4678052683739422 0.35 0.35 1.2 1
0 1.7928910833459157 -0.7458396864051892 0.35 0.35 1.2 1
0 1.5125628480305322 3.141592653589793 0.35 0.35 1.2 1
0 0.529469637571053 3.0511237223113885 0.35 0.35 1.2 1
0 -3.141592653589793 -2.6462181429425606 0.35 0.35 1.2 1
0 -0.863214350772533 -1.4671714863507508 0.35 0.35 1.2 1
0 -1.7110562541407384 -2.2900913826163984 0.35 0.35 1.2 1
0 -1.4479039949508508 -3.141592653589793 0.35 0.35 1.2 1
0 -0.4461586488376963 2.6821651955791723 0.35 0.35 1.2 1
0 -3.141592653589793 -0.29969772604865347 0.35 0.35 1.2 1
0 -0.24623335978831123 -0.7507463247118451 0.35 0.35 1.2 1
0 1.3766907177917627 3.141592653589793 0.35 0.35 1.2 1
0 3.141592653589793 0.1780366852244394 0.35 0.35 1.2 1
0 2.5365219875689626 1.7603603137669444 0.35 0.35 1.2 1
0 3.141592653589793 -3.141592653589793 0.35 0.35 1.2 1
0 -1.910236061396919 1.9861415123397266 0.35 0.35 1.2 1
0 0.21087612898513042 2.8260537365418523 0.35 0.35 1.2 1
0 2.186223270664398 2.4665281382293087 0.35 0.35 1.2 1
0 1.8062989190190175 -0.4915831149827179 0.35 0.35 1.2 1
0 -1.9937303116999279 -0.32600887051890115 0.35 0.35 1.2 1
0 3.141592653589793 0.02444200109755701 0.35 0.35 1.2 1
0 -2.9072561519989963 -2.557081376146381 0.35 0.35 1.2 1
0 1.2193425332398462 -1.592199854228118 0.35 0.35 1.2 1
0 3.014565739057598 0.18629543660961934 0.35 0.35 1.2 1
0 2.676322312453962 -2.1024262949166808 0.35 0.35 1.2 1
0 2.381583263426557 0.1205163362427254 0.35 0.35 1.2 1
0 1.8727959029991361 2.4037983400991663 0.35 0.35 1.2 1
0 3.141592653589793 -0.6867387653371788 0.35 0.35 1.2 1
0 2.5373632554008756 2.8214168883852024 0.35 0.35 1.2 1
0 -0.5260053017188424 0.16327518656899587 0.35 0.35 1.2 1
0 -2.441945449927235 2.3928416678075273 0.35 0.35 1.2 1
0 -1.0797328158445627 3.141592653589793 0.35 0.35 1.2 1
0 -1.188814743785245 1.3665372850666122 0.35 0.35 1.2 1
0 -1.9287856432246877 1.982386326961071 0.35 0.35 1.2 1
0 1.7387653293029104 3.141592653589793 0.35 0.35 1.2 1
0 -0.6214233103239847 -2.065280185143214 0.35 0.35 1.2 1
0 -2.460109594059782 3.141592653589793 0.35 0.35 1.2 1
0 -1.904691949601006 -0.44971340236489166 0.35 0.35 1.2 1
0 -3.141592653589793 0.2599418580221749 0.35 0.35 1.2 1
0 0.5410230981563883 -1.7943502029401122 0.35 0.35 1.2 1
0 3.141592653589793 3.141592653589793 0.35 0.35 1.2 1
0 3.141592653589793 1.9028886656544468 0.35 0.35 1.2 1
0 -2.5156507202450547 -0.2726161677361594 0.35 0.35 1.2 1
0 -2.6986840428638823 1.3422203526369376 0.35 0.35 1.2 1
0 -1.5727611040191514 2.022440629597389 0.35 0.35 1.2 1
0 -0.5164273721557486 1.9181614226587749 0.35 0.35 1.2 1
0 -0.4805110539758215 -0.11400219587523486 0.35 0.35 1.2 1
0 -1.0025884687887514 1.1376313082309322 0.35 0.35 1.2 1
0 -0.8916597261348547 3.141592653589793 0.35 0.35 1.2 1
0 -1.6678139786577875 0.9266077848896581 0.35 0.35 1.2 1
0 -1.0193660867348755 -2.8152635792349594 0.35 0.35 1.2 1
0 0.6881778146386741 0.8568316635923163 0.35 0.35 1.2 1
0 0.8606441089785186 2.3442458926857377 0.35 0.35 1.2 1
0 2.196751898731826 3.141592653589793 0.35 0.35 1.2 1
0 0.7787591518576247 3.141592653589793 0.35 0.35 1.2 1
0 3.141592653589793 -1.9214816798569265 0.35 0.35 1.2 1
0 1.6610207137513733 3.141592653589793 0.35 0.35 1.2 1
0 3.141592653589793 1.9259106677602482 0.35 0.35 1.2 1
0 -2.2397228090981427 1.817208327639055 0.35 0.35 1.2 1
0 -3.0256849365575453 -0.15416826149757212 0.35 0.35 1.2 1
0 2.7345514116081198 3.141592653589793 0.35 0.35 1.2 1
0 1.904443299121659 0.6583788644729704 0.35 0.35 1.2 1
0 -2.5811252838922862 -0.5104179488642493 0.35 0.35 1.2 1
0 1.283801013726665 0.1860795259834842 0.35 0.35 1.2 1
0 1.1849176945999957 -1.0453126465051923 0.35 0.35 1.2 1
0 3.141592653589793 -1.2757730686720286 0.35 0.35 1.2 1
0 -0.3004216147682638 1.2515537152297975 0.35 0.35 1.2 1
0 -1.9618871462697767 1.2139506214045779 0.35 0.35 1.2 1
0 2.074414402104183 2.6539140490013744 0.35 0.35 1.2 1
0 -0.39533420866788316 0.44654721371193573 0.35 0.35 1.2 1
0 3.141592653589793 2.1208658928282142 0.35 0.35 1.2 1
0 -0.05763215322146842 3.0733418255453397 0.35 0.35 1.2 1
0 -1.026542939760313 0.2285662225528836 0.35 0.35 1.2 1
0 0.24668854433128662 2.8667364862795344 0.35 0.35 1.2 1
0 -3.141592653589793 1.2546785238946971 0.35 0.35 1.2 1
0 -2.491133503299494 1.9637294619326033 0.35 0.35 1.2 1
0 -2.495411568251629 0.5827436523081708 0.35 0.35 1.2 1
0 -0.9528102618326976 1.7079438769439526 0.35 0.35 1.2 1
0 0.764206038140707 -0.804365326234784 0.35 0.35 1.2 1
0 -0.34696344806585344 -3.141592653589793 0.35 0.35 1.2 1
0 -1.0358963158838232 -1.0687847194486337 0.35 0.35 1.2 1
0 3.141592653589793 0.9989261475298435 0.35 0.35 1.2 1
0 0.5394167599214292 -3.141592653589793 0.35 0.35 1.2 1
0 1.5418892213421096 0.22299479487605667 0.35 0.35 1.2 1
0 -3.141592653589793 -1.8494179120916125 0.35 0.35 1.2 1
0 -3.141592653589793 3.141592653589793 0.35 0.35 1.2 1
0 -0.6984345409990476 -3.141592653589793 0.35 0.35 1.2 1
0 0.5776947192391283 1.6057191139344873 0.35 0.35 1.2 1
0 -2.2410073709874756 3.141592653589793 0.35 0.35 1.2 1
0 0.9752352588051979 1.7630624090533848 0.35 0.35 1.2 1
0 0.5794404902491992 0.7013783963961082 0.35 0.35 1.2 1
0 -1.3524989554397222 2.84832149923203 0.35 0.35 1.2 1
0 -0.1802703951087606 0.5814584119098547 0.35 0.35 1.2 1
0 1.8469838816416035 -0.36099128438848027 0.35 0.35 1.2 1
0 -1.3233000698032773 -1.6777964703786579 0.35 0.35 1.2 1
0 3.007539297420283 -1.6738361825117418 0.35 0.35 1.2 1
0 3.0650129603803227 1.3640088353304276 0.35 0.35 1.2 1
0 1.6391191656163526 3.141592653589793 0.35 0.35 1.2 1
0 -2.932682514797663 -0.7869159626705722 0.35 0.35 1.2 1
0 0.9676041542300862 -0.7049956150549199 0.35 0.35 1.2 1
0 -0.08811039917554991 0.5046485739653358 0.35 0.35 1.2 1
0 -0.050715063492679624 3.141592653589793 0.35 0.35 1.2 1
0 -1.391548578167358 -2.004641382629235 0.35 0.35 1.2 1
0 1.9434680422266917 -1.856699558592914 0.35 0.35 1.2 1
0 2.7630270566072888 -3.141592653589793 0.35 0.35 1.2 1
0 1.600168835033167 -0.9105420033034684 0.35 0.35 1.2 1
0 -2.0074142937220785 -1.398559427025169 0.35 0.35 1.2 1
0 -3.141592653589793 -1.0913141735067267 0.35 0.35 1.2 1
0 3.141592653589793 2.8755927242195556 0.35 0.35 1.2 1
0 0.858940315821157 3.141592653589793 0.35 0.35 1.2 1
0 0.22370850663679231 1.808066021815512 0.35 0.35 1.2 1
0 1.9395568058843655 -3.0316543196328616 0.35 0.35 1.2 1
0 2.796507393858996 -3.141592653589793 0.35 0.35 1.2 1
0 -0.1258213897792932 -0.025743019285262347 0.35 0.35 1.2 1
