#! FIELDS time phi psi sigma_phi sigma_psi height biasf
                        #! SET multivariate false
                        #! SET kerneltype stretched-gaussian
                        #! SET min_phi -pi
                        #! SET max_phi pi
                        #! SET min_psi -pi
                        #! SET max_psi pi
0 -0.059468049162808845 -2.4171444637503203 0.35 0.35 1.2 1
0 -0.3265531788591761 -2.760732468842713 0.35 0.35 1.2 1
0 -3.141592653589793 -1.200821583428224 0.35 0.35 1.2 1
0 2.9796972783071842 -1.9836922564180826 0.35 0.35 1.2 1
0 -2.1264174572503123 2.7026496118341528 0.35 0.35 1.2 1
0 -3.141592653589793 1.4758768849239468 0.35 0.35 1.2 1
0 0.9908206049713568 -2.6733585588220166 0.35 0.35 1.2 1
0 -1.6489765421104616 2.3815687821850737 0.35 0.35 1.2 1
0 0.8931876654844684 -0.9515257309693375 0.35 0.35 1.2 1
0 -3.141592653589793 -0.38914453666102305 0.35 0.35 1.2 1
0 1.7702052313341943 -0.11775684189349758 0.35 0.35 1.2 1
0 3.141592653589793 1.702939896425145 0.35 0.35 1.2 1
0 -2.4074650360342336 -0.530977390504872 0.35 0.35 1.2 1
0 1.2047761821172815 0.8052171785864862 0.35 0.35 1.2 1
0 -1.1301353857633896 3.141592653589793 0.35 0.35 1.2 1
0 -1.5672239912537413 3.141592653589793 0.35 0.35 1.2 1
0 -1.7882759432717172 1.0392333579975808 0.35 0.35 1.2 1
0 3.141592653589793 0.6086154136261639 0.35 0.35 1.2 1
0 -2.276274905877889 -3.141592653589793 0.35 0.35 1.2 1
0 0.9630529336694653 0.0890173661556235 0.35 0.35 1.2 1
0 -3.108255337715283 1.0826914618544532 0.35 0.35 1.2 1
0 -0.2839306601368543 -3.141592653589793 0.35 0.35 1.2 1
0 -3.099676955822042 1.9448726192755244 0.35 0.35 1.2 1
0 0.025126961713617058 3.141592653589793 0.35 0.35 1.2 1
0 3.141592653589793 -1.9552518156610839 0.35 0.35 1.2 1
0 -1.3158423367291119 -3.141592653589793 0.35 0.35 1.2 1
0 3.141592653589793 3.141592653589793 0.35 0.35 1.2 1
0 1.7357286241385106 -2.2283645829308174 0.35 0.35 1.2 1
0 2.011857996425689 -2.0236044434570117 0.35 0.35 1.2 1
0 0.5017774214872929 1.36577369501006 0.35 0.35 1.2 1
0 -0.049542007968648105 1.816014369409343 0.35 0.35 1.2 1
0 -0.6940307434816622 -3.0692619333528404 0.35 0.35 1.2 1
0 -2.105932461171923 2.974862463036195 0.35 0.35 1.2 1
0 0.15752872880019642 -0.32150340997897353 0.35 0.35 1.2 1
0 -0.06945618210357507 -0.9404450571893306 0.35 0.35 1.2 1
0 2.448090687244236 -1.5800884846999903 0.35 0.35 1.2 1
0 -1.1945066777422397 2.0337474112839993 0.35 0.35 1.2 1
0 0.35563267854384073 -1.812671718933342 0.35 0.35 1.2 1
0 0.4344061772673991 -3.141592653589793 0.35 0.35 1.2 1
0 -0.6696825204012105 -0.9420211220934895 0.35 0.35 1.2 1
0 3.0747885591987583 1.2753269349516463 0.35 0.35 1.2 1
0 2.7196465785623016 -0.15985971647046382 0.35 0.35 1.2 1
0 1.4901381420916482 -2.925690132630311 0.35 0.35 1.2 1
0 -0.6308582525479538 0.5054907185351925 0.35 0.35 1.2 1
0 -0.40537726752672687 -2.6976575214438268 0.35 0.35 1.2 1
0 -3.141592653589793 -1.8255028687349215 0.35 0.35 1.2 1
0 0.8229522919362527 0.02363886964799311 0.35 0.35 1.2 1
0 -0.1862736445723383 -0.8898370093113132 0.35 0.35 1.2 1
0 -0.3373612996559662 -3.141592653589793 0.35 0.35 1.2 1
0 1.5825502230203994 -0.5143219630035064 0.35 0.35 1.2 1
0 0.7603342052935836 3.141592653589793 0.35 0.35 1.2 1
0 -2.6873432365662286 -0.6752880606317079 0.35 0.35 1.2 1
0 2.321921960536899 2.810440587668845 0.35 0.35 1.2 1
0 -1.1247090859723394 -1.4397797104470063 0.35 0.35 1.2 1
0 -1.7997152937448826 -1.4273146694854186 0.35 0.35 1.2 1
0 0.9812956614031266 0.9612723522964752 0.35 0.35 1.2 1
0 -1.3252073862376508 1.016925429345257 0.35 0.35 1.2 1
0 3.0356888274069806 1.5249243355941682 0.35 0.35 1.2 1
0 0.31347895937171166 0.853825111964537 0.35 0.35 1.2 1
0 -0.2045892170192339 0.03658224509156849 0.35 0.35 1.2 1
0 -1.3468981753229134 -0.9992047002855218 0.35 0.35 1.2 1
0 -2.3759302753349254 1.1783488860961842 0.35 0.35 1.2 1
0 -2.6554207646645676 1.1706635267702277 0.35 0.35 1.2 1
0 1.1308793957932013 1.645858377384486 0.35 0.35 1.2 1
0 -3.141592653589793 -1.6532896846287706 0.35 0.35 1.2 1
0 -3.0125400171537384 -1.0841526635125982 0.35 0.35 1.2 1
0 3.141592653589793 -1.6117780837854518 0.35 0.35 1.2 1
0 -1.2924591790127966 1.1975795760090158 0.35 0.35 1.2 1
0 0.14601544592481647 -1.9486112541320817 0.35 0.35 1.2 1
0 0.2210125425444882 2.3373194961522663 0.35 0.35 1.2 1
0 -1.3854662779658748 -1.224813909166944 0.35 0.35 1.2 1
0 0.8707001851177836 -1.3532100357463328 0.35 0.35 1.2 1
0 0.525202225027507 -3.141592653589793 0.35 0.35 1.2 1
0 3.141592653589793 -0.7247353624139727 0.35 0.35 1.2 1
0 -1.4613458342842753 -0.4558556526765225 0.35 0.35 1.2 1
0 -0.5277717658855596 0.2582839236130048 0.35 0.35 1.2 1
0 -2.4378290612371183 -0.08733766768674167 0.35 0.35 1.2 1
0 -0.6947656420133854 -2.3153584262528137 0.35 0.35 1.2 1
0 0.24482472981840891 -2.206856796067351 0.35 0.35 1.2 1
0 -2.999694068006029 1.3143592072273131 0.35 0.35 1.2 1
0 0.22472883620777218 2.946764774251068 0.35 0.35 1.2 1
0 -0.169592409651112 -2.322448716345478 0.35 0.35 1.2 1
0 -2.5353593257332907 -3.141592653589793 0.35 0.35 1.2 1
0 0.19471700485833776 2.3526011360080856 0.35 0.35 1.2 1
0 0.22366430083952782 2.3895946829508135 0.35 0.35 1.2 1
0 -2.51759516648714 -0.5838587430803774 0.35 0.35 1.2 1
0 -1.0101583825539349 -3.141592653589793 0.35 0.35 1.2 1
0 3.141592653589793 1.4266395408131542 0.35 0.35 1.2 1
0 -0.8139668045756454 -3.141592653589793 0.35 0.35 1.2 1
0 0.27624068060363727 1.5096672549409222 0.35 0.35 1.2 1
0 1.482039032963941 2.2822164359657786 0.35 0.35 1.2 1
0 -1.0228687839163817 3.141592653589793 0.35 0.35 1.2 1
0 0.7328647226113796 3.022761699131761 0.35 0.35 1.2 1
0 2.6300243336949047 -1.1905578494585465 0.35 0.35 1.2 1
0 0.28535655797971415 -3.141592653589793 0.35 0.35 1.2 1
0 -2.8749757596418393 -3.141592653589793 0.35 0.35 1.2 1
0 -1.3014930132013276 3.141592653589793 0.35 0.35 1.2 1
0 -2.814826475706017 1.0995666209329984 0.35 0.35 1.2 1
0 -2.9516657778413293 -1.884211985555449 0.35 0.35 1.2 1
0 -1.1815663909140448 0.4715630424409784 0.35 0.35 1.2 1
0 -2.4104474023160773 1.0964659879364056 0.35 0.35 1.2 1
0 3.141592653589793 -0.1559848529901513 0.35 0.35 1.2 1
0 -3.141592653589793 0.7704053715089813 0.35 0.35 1.2 1
0 -3.141592653589793 -1.1537474753132635 0.35 0.35 1.2 1
0 -0.7298309542362936 -1.7388174863703085 0.35 0.35 1.2 1
0 1.3795122937429884 3.141592653589793 0.35 0.35 1.2 1
0 2.7034716053259906 1.2853589243955723 0.35 0.35 1.2 1
0 0.2765594490150096 -0.7761208845988432 0.35 0.35 1.2 1
0 -3.141592653589793 2.3493275110181617 0.35 0.35 1.2 1
0 3.141592653589793 1.3784721932834612 0.35 0.35 1.2 1
0 -1.7875827155134767 1.9040563031223956 0.35 0.35 1.2 1
0 -1.9136314774152123 -1.1953810298198777 0.35 0.35 1.2 1
0 2.8843111833988577 1.49874405517439 0.35 0.35 1.2 1
0 -0.9406002381001166 2.7802328147809225 0.35 0.35 1.2 1
0 3.141592653589793 -2.5108628917355764 0.35 0.35 1.2 1
0 1.9033587312801856 -1.3683253179251835 0.35 0.35 1.2 1
0 -3.141592653589793 3.141592653589793 0.35 0.35 1.2 1
0 -0.9250628442909208 2.74862559402242 0.35 0.35 1.2 1
0 -3.141592653589793 1.7590999016008102 0.35 0.35 1.2 1
0 0.192645710213329 0.44386989011001166 0.35 0.35 1.2 1
0 1.8045934589961923 -0.24461470599311858 0.35 0.35 1.2 1
0 3.0922260504807215 -0.44408950420074456 0.35 0.35 1.2 1
0 -2.9134980049225856 -2.4311915275712157 0.35 0.35 1.2 1
0 3.141592653589793 0.6664990366202863 0.35 0.35 1.2 1
0 -1.5544766399349268 3.141592653589793 0.35 0.35 1.2 1
0 0.09264637892111649 -2.672207688961383 0.35 0.35 1.2 1
0 0.6485754977487073 0.2887681039262481 0.35 0.35 1.2 1
0 1.6504406210969544 -2.0711164692130666 0.35 0.35 1.2 1
0 -0.9689186315171265 -0.3951422617248299 0.35 0.35 1.2 1
0 -1.5236155591698464 0.08245537023196547 0.35 0.35 1.2 1
0 1.6473588124158787 2.737340180759398 0.35 0.35 1.2 1
0 1.3901054771624675 1.9142256331683187 0.35 0.35 1.2 1
0 -2.9230052871162613 1.5711565307607918 0.35 0.35 1.2 1
0 -2.588376416032129 -2.600523204693048 0.35 0.35 1.2 1
0 0.20435921090590248 -3.141592653589793 0.35 0.35 1.2 1
0 -0.8372859189406592 -0.7393570975604986 0.35 0.35 1.2 1
0 0.6568817675582885 -1.1144396405906156 0.35 0.35 1.2 1
0 2.0956827929241615 -3.141592653589793 0.35 0.35 1.2 1
0 0.2352022946885991 -1.4203074066821024 0.35 0.35 1.2 1
0 -0.018163057530290683 -2.968374947552413 0.35 0.35 1.2 1
0 1.74136197791714 1.0550525063794285 0.35 0.35 1.2 1
0 -1.817297145803106 -1.408989983307622 0.35 0.35 1.2 1
0 -2.57790769774987 2.0919370983313614 0.35 0.35 1.2 1
0 -2.269177512319514 -1.8300568635751013 0.35 0.35 1.2 1
0 -0.4523982051557005 -2.9864021884634275 0.35 0.35 1.2 1
0 -3.141592653589793 -0.7688272595570531 0.35 0.35 1.2 1
0 -3.0355451615930735 -2.9247612436387116 0.35 0.35 1.2 1
0 -1.0257342818493846 3.090229534962279 0.35 0.35 1.2 1
0 1.1387803859128158 0.9815368073858335 0.35 0.35 1.2 1
0 -1.2807697314430757 -2.078518341066311 0.35 0.35 1.2 1
0 3.141592653589793 -1.3967401748045147 0.35 0.35 1.2 1
0 -3.141592653589793 0.5141251302699347 0.35 0.35 1.2 1
0 -0.14794160201050954 -0.9694615616714536 0.35 0.35 1.2 1
0 -0.4478193852721575 2.7718670758123487 0.35 0.35 1.2 1
0 1.3715126804290143 0.007078440633100591 0.35 0.35 1.2 1
0 -1.0335710885134382 0.007398791213204969 0.35 0.35 1.2 1
0 0.061182206841589704 -1.6705281379176862 0.35 0.35 1.2 1
0 -0.7675267222960802 -2.160133402824927 0.35 0.35 1.2 1
0 2.0067353121430305 1.5626968060069368 0.35 0.35 1.2 1
0 1.3870466269413526 -3.141592653589793 0.35 0.35 1.2 1
0 -0.5629664791889788 2.367610126664175 0.35 0.35 1.2 1
0 2.1226510437292196 1.5839009474977672 0.35 0.35 1.2 1
0 -0.805065494646506 1.7195359841497688 0.35 0.35 1.2 1
0 0.23316495711469204 0.8800557459928438 0.35 0.35 1.2 1
0 -0.12812268536948968 3.141592653589793 0.35 0.35 1.2 1
0 -1.3096462060925556 -2.320898926963163 0.35 0.35 1.2 1
0 -1.5799644904450216 -2.9832063979150005 0.35 0.35 1.2 1
0 3.141592653589793 -2.9845399690815047 0.35 0.35 1.2 1
0 2.8187757296042912 3.059663364156485 0.35 0.35 1.2 1
0 0.5035649463192402 1.5208650984447967 0.35 0.35 1.2 1
0 -1.1734276780676711 3.141592653589793 0.35 0.35 1.2 1
0 0.40758995773643314 -3.061182930085488 0.35 0.35 1.2 1
0 -0.9541451067399602 -0.94797040216365 0.35 0.35 1.2 1
0 0.2727502944650688 -3.141592653589793 0.35 0.35 1.2 1
0 -0.03358058252349627 -0.3928738392891218 0.35 0.35 1.2 1
0 -1.76529171800736 1.4023690629810033 0.35 0.35 1.2 1
0 -0.3443015680650737 2.6405161624111635 0.35 0.35 1.2 1
0 -3.141592653589793 -0.4626066548005475 0.35 0.35 1.2 1
0 0.41373388592174754 -0.9317318653789384 0.35 0.35 1.2 1
0 2.79897836830741 -0.19356695274040064 0.35 0.35 1.2 1
0 -2.4809403189204815 -0.6700679591988487 0.35 0.35 1.2 1
0 0.4744996118509327 3.058915908694237 0.35 0.35 1.2 1
0 0.4165788454448047 -3.141592653589793 0.35 0.35 1.2 1
0 1.4943346615582613 0.0722886256674769 0.35 0.35 1.2 1
0 -2.534504668801411 -3.141592653589793 0.35 0.35 1.2 1
0 1.654821658348016 0.1140677373813146 0.35 0.35 1.2 1
0 0.30154379398097636 2.707052798902982 0.35 0.35 1.2 1
0 0.13824189537537102 -3.0700334567046403 0.35 0.35 1.2 1
0 2.8963300072304707 -3.141592653589793 0.35 0.35 1.2 1
0 3.141592653589793 1.7038303106813344 0.35 0.35 1.2 1
0 2.0232356168399486 -2.2663932467555092 0.35 0.35 1.2 1
0 -0.8813398120498368 2.671456017377269 0.35 0.35 1.2 1
0 0.5693166416364915 -2.9737799345316196 0.35 0.35 1.2 1
0 0.03912305491693213 2.48306515871764 0.35 0.35 1.2 1
0 -1.9811241520776752 3.141592653589793 0.35 0.35 1.2 1
0 -1.3910851967409896 -2.5063829726171596 0.35 0.35 1.2 1
0 -1.823228024658716 -2.3479914481411597 0.35 0.35 1.2 1
0 0.09138951727450212 -2.0634238867447885 0.35 0.35 1.2 1
0 0.4971554155441136 0.2950505016808813 0.35 0.35 1.2 1
0 -1.333507869798658 1.0662583595284825 0.35 0.35 1.2 1
0 1.6926869295956044 3.141592653589793 0.35 0.35 1.2 1
0 0.07422180523584243 -0.9678644536588268 0.35 0.35 1.2 1
0 0.004968204254714781 3.141592653589793 0.35 0.35 1.2 1
0 -2.163664091015355 0.5301803134752509 0.35 0.35 1.2 1
0 0.06783052651949811 1.2745315107491135 0.35 0.35 1.2 1
0 -0.25350475875979317 -0.38384677783061205 0.35 0.35 1.2 1
0 -0.3717983461186958 0.9441857823200155 0.35 0.35 1.2 1
0 -2.9747491882874466 0.7161304812037519 0.35 0.35 1.2 1
0 2.552183691015443 -3.141592653589793 0.35 0.35 1.2 1
0 1.1560937243230816 2.527038792432838 0.35 0.35 1.2 1
0 -3.141592653589793 0.5943599982931427 0.35 0.35 1.2 1
0 -3.141592653589793 0.2947555611993659 0.35 0.35 1.2 1
0 -1.9201522061588654 -3.141592653589793 0.35 0.35 1.2 1
0 -2.58406574716604 -0.2988864724430523 0.35 0.35 1.2 1
0 -1.5293779121077629 -0.8113871676304287 0.35 0.35 1.2 1
0 -2.3066855679168983 0.44856171647511356 0.35 0.35 1.2 1
0 -1.4049242752615574 0.8085523280275073 0.35 0.35 1.2 1
0 -2.9640108660646454 3.141592653589793 0.35 0.35 1.2 1
0 -1.86179453827608 -0.5153007775897337 0.35 0.35 1.2 1
0 1.5579803392915796 -2.6751239278496617 0.35 0.35 1.2 1
0 -0.8876135818873905 0.03603704367741445 0.35 0.35 1.2 1
0 0.6445427104932946 -0.2194438589247632 0.35 0.35 1.2 1
0 2.393453035495357 0.12217493019331838 0.35 0.35 1.2 1
0 1.0888582945600027 2.870340639600778 0.35 0.35 1.2 1
0 2.601699736166088 -1.5586308958094772 0.35 0.35 1.2 1
0 -3.0568829543927025 -2.1535305490035093 0.35 0.35 1.2 1
0 -1.8170938886699295 3.141592653589793 0.35 0.35 1.2 1
0 -1.332578307095074 3.141592653589793 0.35 0.35 1.2 1
0 -2.583040330300346 -3.141592653589793 0.35 0.35 1.2 1
0 -1.7655087439293289 -2.564576709095575 0.35 0.35 1.2 1
0 3.141592653589793 0.34086979129159944 0.35 0.35 1.2 1
0 -3.141592653589793 -0.18246218291828864 0.35 0.35 1.2 1
0 -0.13798547999125854 -1.3086987254537084 0.35 0.35 1.2 1
0 -3.141592653589793 1.048215058230007 0.35 0.35 1.2 1
0 -1.6542751596764202 -3.141592653589793 0.35 0.35 1.2 1
0 -0.0848207509096921 -0.24245529398610632 0.35 0.35 1.2 1
0 0.2685756503857635 -2.0027543233124625 0.35 0.35 1.2 1
0 -0.8641136055517185 0.753913599969654 0.35 0.35 1.2 1
0 3.0351347199943723 0.48418063723809546 0.35 0.35 1.2 1
0 -2.320698338985932 -0.5814435838491838 0.35 0.35 1.2 1
0 -2.8100727492731945 -2.691257299852127 0.35 0.35 1.2 1
0 -0.5916671715588946 2.1259564373614235 0.35 0.35 1.2 1
0 1.0538915125123207 0.3712591889893899 0.35 0.35 1.2 1
0 1.6317626982527504 -1.7756494923770352 0.35 0.35 1.2 1
0 0.3666349223859716 -1.3241757175739997 0.35 0.35 1.2 1
0 -3.141592653589793 1.5807768537601459 0.35 0.35 1.2 1
0 -3.141592653589793 3.141592653589793 0.35 0.35 1.2 1
0 -0.12581471823410972 -2.195968518298482 0.35 0.35 1.2 1
0 3.141592653589793 2.232307207403494 0.35 0.35 1.2 1
0 -1.9150251447400795 -1.2187687641730651 0.35 0.35 1.2 1
0 -0.13614643350934738 -0.8158252742392413 0.35 0.35 1.2 1
0 -1.6194202752880225 0.8180371545543406 0.35 0.35 1.2 1
0 -2.380340202977645 1.9606268074220161 0.35 0.35 1.2 1
0 0.9568484954611427 1.1386412081237156 0.35 0.35 1.2 1
0 -3.141592653589793 3.141592653589793 0.35 0.35 1.2 1
0 0.18830454141707603 -1.8708735872528988 0.35 0.35 1.2 1
0 -0.7231829540331047 -1.5509798282170553 0.35 0.35 1.2 1
0 1.0401957244132902 2.822412894317626 0.35 0.35 1.2 1
0 1.2673246750591152 -2.219909149596098 0.35 0.35 1.2 1
0 3.141592653589793 2.635575729381869 0.35 0.35 1.2 1
0 -1.5529242122698097 -2.206973047229729 0.35 0.35 1.2 1
0 -2.541252609227333 -2.931014906278668 0.35 0.35 1.2 1
0 2.3201209180255056 -0.021096311803885145 0.35 0.35 1.2 1
0 1.6994053139872332 0.5780709257851688 0.35 0.35 1.2 1
0 2.874106432183881 -0.6652626843009024 0.35 0.35 1.2 1
0 -3.141592653589793 1.3756079388219153 0.35 0.35 1.2 1
0 -3.1169451385219 1.8586321503728762 0.35 0.35 1.2 1
0 -1.0370843867086532 1.4813357581194848 0.35 0.35 1.2 1
0 0.48244608706146785 -1.637706164056819 0.35 0.35 1.2 1
0 0.07227595949112653 0.07442591859042996 0.35 0.35 1.2 1
0 1.2671544060464082 3.141592653589793 0.35 0.35 1.2 1
0 3.141592653589793 2.8082489750507986 0.35 0.35 1.2 1
0 1.8844962887418324 -1.7598793871457925 0.35 0.35 1.2 1
0 -3.141592653589793 -0.6171541449808324 0.35 0.35 1.2 1
0 2.1899469393326774 1.7489646292750516 0.35 0.35 1.2 1
0 -1.564057632413384 1.4204766157425628 0.35 0.35 1.2 1
0 3.141592653589793 -2.136493612619563 0.35 0.35 1.2 1
0 1.1466543625465668 -1.5037265414696446 0.35 0.35 1.2 1
0 -3.141592653589793 2.8167663637591422 0.35 0.35 1.2 1
0 1.9154841261457412 -1.5802105918110159 0.35 0.35 1.2 1
0 0.5724309930345334 0.8341412953616938 0.35 0.35 1.2 1
0 -0.37239646138434734 3.1401455565122918 0.35 0.35 1.2 1
0 -3.1009877989168166 -1.6359191661096961 0.35 0.35 1.2 1
0 0.8897045132534568 2.5692434009625895 0.35 0.35 1.2 1
0 0.48092441174343137 1.1642290382040201 0.35 0.35 1.2 1
0 2.2055293524203705 2.1957403496648578 0.35 0.35 1.2 1
0 -3.141592653589793 -0.41925823390537476 0.35 0.35 1.2 1
0 -1.4595775334642491 -0.13545614052964894 0.35 0.35 1.2 1
0 1.7593797516913239 0.05314456833720138 0.35 0.35 1.2 1
0 1.752267569112722 1.4362420586796516 0.35 0.35 1.2 1
0 3.098558664888932 2.4277531807415396 0.35 0.35 1.2 1
0 -2.61160083442804 -2.7405308459704956 0.35 0.35 1.2 1
0 0.9269970274700874 -0.6344212175913126 0.35 0.35 1.2 1
0 -2.1440004267601913 3.141592653589793 0.35 0.35 1.2 1
0 -0.8174836517217556 0.16259360008558055 0.35 0.35 1.2 1
0 -2.5686231280469705 -2.441987418632086 0.35 0.35 1.2 1
0 -1.4243439795844135 0.4215921800663911 0.35 0.35 1.2 1
0 -0.6980805351591033 3.141592653589793 0.35 0.35 1.2 1
0 1.6678504209650358 -1.2112480359583897 0.35 0.35 1.2 1
0 3.141592653589793 2.951218326404083 0.35 0.35 1.2 1
0 2.1149012080974634 3.0768319859815785 0.35 0.35 1.2 1
0 -2.0541645159264563 3.141592653589793 0.35 0.35 1.2 1
0 0.9137321424697447 -2.74600190110743 0.35 0.35 1.2 1
0 0.7081455993639563 3.141592653589793 0.35 0.35 1.2 1
0 0.3509077006616439 -1.3430108931477243 0.35 0.35 1.2 1
0 -2.118327882973741 2.45128772905646 0.35 0.35 1.2 1
0 0.5948684587882 -1.403038247734345 0.35 0.35 1.2 1
0 -2.006778983807133 -1.3019162370391708 0.35 0.35 1.2 1
0 1.8244822350796555 -0.1444098865819447 0.35 0.35 1.2 1
0 -3.141592653589793 -0.7508224008484801 0.35 0.35 1.2 1
0 -2.27229630669142 3.1058322058720473 0.35 0.35 1.2 1
0 1.2896760509285592 -2.8750779071268973 0.35 0.35 1.2 1
0 1.5394860625008335 -1.046148209437844 0.35 0.35 1.2 1
0 3.141592653589793 -0.31018418101714273 0.35 0.35 1.2 1
0 0.936126779738123 -1.7875229590919202 0.35 0.35 1.2 1
0 -0.7114609889528689 -2.8610140581375174 0.35 0.35 1.2 1
0 -0.7098259673704529 0.7382431766355231 0.35 0.35 1.2 1
0 0.8737682137905343 -1.514267361908633 0.35 0.35 1.2 1
0 -3.141592653589793 -3.0486283639712766 0.35 0.35 1.2 1
0 -0.4209066682396171 -0.9394604203824138 0.35 0.35 1.2 1
0 2.7577118007554997 -0.9711269770481985 0.35 0.35 1.2 1
0 2.030904521561927 3.1012368168307 0.35 0.35 1.2 1
0 -3.141592653589793 2.637714055658198 0.35 0.35 1.2 1
0 -1.2647043724372171 1.3481618310049208 0.35 0.35 1.2 1
0 -2.381250063077972 -0.13995803910464621 0.35 0.35 1.2 1
0 1.8747464393140618 -0.7070475750104448 0.35 0.35 1.2 1
0 -1.8851131410444275 2.5796549015771983 0.35 0.35 1.2 1
0 2.4486418201518747 -2.5439339775078693 0.35 0.35 1.2 1
0 0.4902003870171584 -3.141592653589793 0.35 0.35 1.2 1
0 0.4266112956070198 1.7626096881513256 0.35 0.35 1.2 1
0 3.141592653589793 2.7291625411070806 0.35 0.35 1.2 1
0 3.141592653589793 -1.3981305744148076 0.35 0.35 1.2 1
0 0.2054691168583802 2.035889660221347 0.35 0.35 1.2 1
0 2.342597270809464 -1.5609322763403881 0.35 0.35 1.2 1
0 -0.5824000309457431 3.141592653589793 0.35 0.35 1.2 1
0 -1.9407366220091538 0.3238662457367167 0.35 0.35 1.2 1
0 0.47513626060670777 -0.806807160462363 0.35 0.35 1.2 1
0 2.1577706176700175 1.3380138369775054 0.35 0.35 1.2 1
0 -0.5973442793934582 0.21464334221520198 0.35 0.35 1.2 1
0 -1.0707557496986961 -1.942291176532948 0.35 0.35 1.2 1
0 -2.6892452526175816 2.5407083965313317 0.35 0.35 1.2 1
0 -3.141592653589793 0.9309935127016017 0.35 0.35 1.2 1
0 -1.8824922298232156 -3.141592653589793 0.35 0.35 1.2 1
0 -0.37035546336608205 3.141592653589793 0.35 0.35 1.2 1
0 3.141592653589793 -2.5897225463493183 0.35 0.35 1.2 1
0 -2.8749318377823516 0.18672359004523187 0.35 0.35 1.2 1
0 -0.7832074866953571 0.9995464105266855 0.35 0.35 1.2 1
0 3.141592653589793 -2.172572423981554 0.35 0.35 1.2 1
0 3.141592653589793 3.141592653589793 0.35 0.35 1.2 1
0 -1.4095788130459628 -1.4478196376943482 0.35 0.35 1.2 1
0 -0.43856467769386853 1.301413612463152 0.35 0.35 1.2 1
0 -1.5485752017606051 -0.3134820407779967 0.35 0.35 1.2 1
0 0.3106220082236262 3.141592653589793 0.35 0.35 1.2 1
0 1.139209751711772 0.03215133526012193 0.35 0.35 1.2 1
0 0.4247226426105879 -2.954971563290787 0.35 0.35 1.2 1
0 -1.440167363954629 -3.141592653589793 0.35 0.35 1.2 1
0 3.141592653589793 -0.4124131153654803 0.35 0.35 1.2 1
0 -0.667185638651571 -0.9343028052036899 0.35 0.35 1.2 1
0 -3.141592653589793 -1.3859747320132338 0.35 0.35 1.2 1
0 -0.47948826216573026 0.7152595803190522 0.35 0.35 1.2 1
0 -1.5449384231571375 -1.0536019248998154 0.35 0.35 1.2 1
0 -1.6287411733755532 0.7571211983206607 0.35 0.35 1.2 1
0 -2.5286087609831336 -0.4125680470646651 0.35 0.35 1.2 1
0 0.5171661324711836 2.5061150934175593 0.35 0.35 1.2 1
0 2.030670743906124 -0.5038175540473326 0.35 0.35 1.2 1
0 1.571759971797584 3.0418367455081388 0.35 0.35 1.2 1
0 2.311355883595529 -2.1231134582989157 0.35 0.35 1.2 1
0 -1.307905297462919 -1.6546962945935801 0.35 0.35 1.2 1
0 0.20904295454219712 1.7261191244203478 0.35 0.35 1.2 1
0 -0.06005354758744064 -0.36863655905337006 0.35 0.35 1.2 1
0 0.4902796003274253 -1.04421626617991 0.35 0.35 1.2 1
0 0.7486734466333005 -3.141592653589793 0.35 0.35 1.2 1
0 -1.9417324116307624 -0.2242341077618566 0.35 0.35 1.2 1
0 -1.8553633300625014 -0.6593799424424323 0.35 0.35 1.2 1
0 -0.8456904684551263 -2.956022654087918 0.35 0.35 1.2 1
0 -2.469753697238792 1.389707152181194 0.35 0.35 1.2 1
0 -3.0965145120809408 -2.1564367366528265 0.35 0.35 1.2 1
0 -1.0780396798163916 -0.0009435172321317076 0.35 0.35 1.2 1
0 0.5611247496492062 0.5428980084972799 0.35 0.35 1.2 1
0 2.7005272698562726 0.08514691762205306 0.35 0.35 1.2 1
0 0.7307301254380298 -0.9448839801218174 0.35 0.35 1.2 1
0 -2.99952592018448 -0.46639776878593614 0.35 0.35 1.2 1
0 -0.7694970963485458 0.5377382320928135 0.35 0.35 1.2 1
0 2.6801954136985104 1.7460339912637388 0.35 0.35 1.2 1
0 1.1116998152730173 -1.9729338595382568 0.35 0.35 1.2 1
0 -1.2373752177435824 -3.0052750129651566 0.35 0.35 1.2 1
0 -0.21337915940657812 2.436089778910063 0.35 0.35 1.2 1
0 2.3865078594039084 -1.3538454695449174 0.35 0.35 1.2 1
0 -1.6743544091388267 -1.498162160005057 0.35 0.35 1.2 1
0 2.004593199893629 2.769141777564525 0.35 0.35 1.2 1
0 -1.5725220760676297 2.258644784053238 0.35 0.35 1.2 1
0 -1.5699444814233825 1.6896068125893773 0.35 0.35 1.2 1
0 -0.9107852997511229 0.684794635408094 0.35 0.35 1.2 1
0 -0.9052348746344485 -1.0839545130724393 0.35 0.35 1.2 1
0 -0.38698178441067815 -0.44593508885732275 0.35 0.35 1.2 1
0 -0.23471843440705525 2.672437206321087 0.35 0.35 1.2 1
0 0.7143201787659778 -1.6036307672454262 0.35 0.35 1.2 1
0 0.4193722279174446 -1.7075153456857648 0.35 0.35 1.2 1
0 -0.045402211327596254 -1.9729199421970307 0.35 0.35 1.2 1
0 1.6809626688341501 -0.502810759234013 0.35 0.35 1.2 1
0 -0.34026021807352874 -1.4929613573101383 0.35 0.35 1.2 1
0 2.610189345580851 2.7520304413390146 0.35 0.35 1.2 1
0 1.6349898479929101 -3.141592653589793 0.35 0.35 1.2 1
0 -2.29464662143895 2.8064261052945962 0.35 0.35 1.2 1
0 2.9245851059514725 3.114246249728262 0.35 0.35 1.2 1
0 0.9072784185720388 0.6504499470652276 0.35 0.35 1.2 1
0 0.0806506148694579 2.3622864392486034 0.35 0.35 1.2 1
0 -3.001412997592074 0.17142553001762617 0.35 0.35 1.2 1
0 0.04218622333823885 -2.4189695603603596 0.35 0.35 1.2 1
0 3.141592653589793 -2.2701660595736524 0.35 0.35 1.2 1
0 -3.019029371605242 -3.141592653589793 0.35 0.35 1.2 1
0 1.9524173783992356 -1.342081599538665 0.35 0.35 1.2 1
0 -0.820405852950536 0.4026311289448701 0.35 0.35 1.2 1
0 -2.5681920245113554 -3.141592653589793 0.35 0.35 1.2 1
0 -1.0433710611214266 0.27961493265496196 0.35 0.35 1.2 1
0 -1.2159466212717467 1.6202797695744624 0.35 0.35 1.2 1
0 -3.141592653589793 -1.2619776610881028 0.35 0.35 1.2 1
0 -0.8257580156854236 1.16691302248319 0.35 0.35 1.2 1
0 -0.8176813471925465 3.141592653589793 0.35 0.35 1.2 1
0 2.187595613831187 0.6701088656599574 0.35 0.35 1.2 1
0 -3.0447154461705934 2.11411098702578 0.35 0.35 1.2 1
0 0.48569583997132404 2.658398467020945 0.35 0.35 1.2 1
0 -0.9176451040565075 1.1963123525794488 0.35 0.35 1.2 1
0 -3.141592653589793 -3.0330688824784175 0.35 0.35 1.2 1
0 -2.350601872732862 0.18991572746696628 0.35 0.35 1.2 1
0 -3.141592653589793 3.141592653589793 0.35 0.35 1.2 1
0 -0.2785919824071871 -0.14378599803684197 0.35 0.35 1.2 1
0 0.4579506305823839 -2.0122259408714216 0.35 0.35 1.2 1
0 -3.0590674109845053 -3.141592653589793 0.35 0.35 1.2 1
0 0.8924233316462641 -3.141592653589793 0.35 0.35 1.2 1
0 -0.20261678563265173 -1.7855740131062456 0.35 0.35 1.2 1
0 0.13537252339825545 0.025635187876790533 0.35 0.35 1.2 1
0 2.5104513549219494 2.1178636863444638 0.35 0.35 1.2 1
0 -2.597219923143375 0.5455010099124107 0.35 0.35 1.2 1
0 -0.3900143455455768 -1.61883874318413 0.35 0.35 1.2 1
0 3.0650739616406097 1.1740517441246676 0.35 0.35 1.2 1
0 -1.2112485670449427 3.141592653589793 0.35 0.35 1.2 1
0 1.2675858104870503 1.4589645703032383 0.35 0.35 1.2 1
0 0.2326347169665417 1.1001064900017798 0.35 0.35 1.2 1
0 -3.141592653589793 3.141592653589793 0.35 0.35 1.2 1
0 -2.564195163307155 -3.141592653589793 0.35 0.35 1.2 1
0 2.7353696914331493 0.9290177065189589 0.35 0.35 1.2 1
0 1.6671442136279453 3.141592653589793 0.35 0.35 1.2 1
0 -1.6549294221671134 3.141592653589793 0.35 0.35 1.2 1
0 0.08854205740611498 1.2957240214850703 0.35 0.35 1.2 1
0 -1.4298091456793103 -1.596043712769549 0.35 0.35 1.2 1
0 0.9966922054470062 -3.141592653589793 0.35 0.35 1.2 1
0 3.141592653589793 -2.539622899172086 0.35 0.35 1.2 1
0 -1.4359721060490636 2.1444556854637318 0.35 0.35 1.2 1
0 -1.6941281024027695 -1.6023370323908228 0.35 0.35 1.2 1
0 2.8336230433631213 -0.8053834911578346 0.35 0.35 1.2 1
0 -1.0452615897643127 3.066204103776224 0.35 0.35 1.2 1
0 0.7854869499499548 -3.141592653589793 0.35 0.35 1.2 1
0 -3.141592653589793 -2.51641348524848 0.35 0.35 1.2 1
0 -2.695002134748772 -3.141592653589793 0.35 0.35 1.2 1
0 -1.3743311508990403 -2.946267789998888 0.35 0.35 1.2 1
0 1.244015746582266 1.1588369507377787 0.35 0.35 1.2 1
0 -3.141592653589793 0.5270935411007724 0.35 0.35 1.2 1
0 1.1040440287489257 -0.03290067158387852 0.35 0.35 1.2 1
0 -2.649492069749649 0.8550321457689898 0.35 0.35 1.2 1
0 -0.6400046231710507 1.673977610652366 0.35 0.35 1.2 1
0 -0.6099007535615533 2.051712685356485 0.35 0.35 1.2 1
0 -3.141592653589793 1.230958160364032 0.35 0.35 1.2 1
0 0.8438028051181052 -1.547144621996177 0.35 0.35 1.2 1
0 3.141592653589793 2.7421521055523206 0.35 0.35 1.2 1
0 1.526142619778682 2.1636696016347874 0.35 0.35 1.2 1
0 -3.141592653589793 3.141592653589793 0.35 0.35 1.2 1
0 -1.9490787525688118 -0.6707308203257816 0.35 0.35 1.2 1
0 -3.141592653589793 2.1538276904323737 0.35 0.35 1.2 1
0 -0.2718407230144003 0.5041197624437369 0.35 0.35 1.2 1
0 -1.7453943400949858 2.2201864491675947 0.35 0.35 1.2 1
0 -1.951727350112939 -0.7024817053622084 0.35 0.35 1.2 1
0 0.13554945852553113 1.8995332798691429 0.35 0.35 1.2 1
0 1.6796557558138614 1.6751832532903466 0.35 0.35 1.2 1
0 3.141592653589793 2.1287692137251377 0.35 0.35 1.2 1
0 0.8461729599744952 1.4015199893350436 0.35 0.35 1.2 1
0 -2.077531017586008 -3.141592653589793 0.35 0.35 1.2 1
0 0.9035052740762184 -0.9795551992008742 0.35 0.35 1.2 1
0 0.16569257929954917 2.58789205982682 0.35 0.35 1.2 1
0 -0.9435739214749731 -0.2809777788397604 0.35 0.35 1.2 1
0 -0.3066363768220197 -2.123991985898311 0.35 0.35 1.2 1
0 -0.2801079477233863 -0.9486636626846595 0.35 0.35 1.2 1
0 -1.283550895766808 -0.9972237388033093 0.35 0.35 1.2 1
0 -0.18642216621794333 -1.9803354141488352 0.35 0.35 1.2 1
0 -1.312762805508381 2.01982982503816 0.35 0.35 1.2 1
0 -1.6479252975726613 -3.0146172074196023 0.35 0.35 1.2 1
0 -2.335965090364496 -2.166976545432815 0.35 0.35 1.2 1
0 -1.3708046242580272 -3.141592653589793 0.35 0.35 1.2 1
0 2.549009359296136 1.6054776275379132 0.35 0.35 1.2 1
0 -0.6472719833272801 1.7558456507534053 0.35 0.35 1.2 1
0 3.1092508804122136 -1.2177352670712447 0.35 0.35 1.2 1
0 -2.6835836803440345 -0.7612623278959707 0.35 0.35 1.2 1
0 1.2162524346836725 -3.141592653589793 0.35 0.35 1.2 1
0 -0.13479411887098058 1.6049021403496109 0.35 0.35 1.2 1
0 1.0590447127045568 -2.638501605425255 0.35 0.35 1.2 1
0 -2.842079535652387 1.520275694703481 0.35 0.35 1.2 1
0 -3.141592653589793 3.141592653589793 0.35 0.35 1.2 1
0 -1.5649917615599265 -2.762132572809012 0.35 0.35 1.2 1
0 -1.428557178173114 -2.743189161430614 0.35 0.35 1.2 1
0 1.4178269663498373 -3.141592653589793 0.35 0.35 1.2 1
