#! FIELDS time phi psi sigma_phi sigma_psi height biasf
                        #! SET multivariate false
                        #! SET kerneltype stretched-gaussian
                        #! SET min_phi -pi
                        #! SET max_phi pi
                        #! SET min_psi -pi
                        #! SET max_psi pi
0 0.19196644796893914 -1.0546200632579337 0.35 0.35 1.2 1
0 -1.0657469355268367 2.861787864544446 0.35 0.35 1.2 1
0 2.5132867123136133 3.141592653589793 0.35 0.35 1.2 1
0 1.0812264163146852 -2.8353578864788345 0.35 0.35 1.2 1
0 0.7318317119176969 2.1247252776347505 0.35 0.35 1.2 1
0 -2.544510312073396 -1.746573241728281 0.35 0.35 1.2 1
0 -2.3975517426727357 -3.036490243358269 0.35 0.35 1.2 1
0 -1.0889813954454308 0.20881759307675402 0.35 0.35 1.2 1
0 -2.257521348740459 1.6296166947506099 0.35 0.35 1.2 1
0 -0.5491571576770813 1.5563001994473296 0.35 0.35 1.2 1
0 0.14170810395040967 -3.141592653589793 0.35 0.35 1.2 1
0 -1.2453558217187481 -1.9207103347177306 0.35 0.35 1.2 1
0 -2.5195972400883577 0.29796548865502986 0.35 0.35 1.2 1
0 -0.3682969573761183 -2.6488924556330504 0.35 0.35 1.2 1
0 -0.944724537792009 -2.540819871555467 0.35 0.35 1.2 1
0 -0.5748576995867084 0.6869842078512537 0.35 0.35 1.2 1
0 -1.2180666384510404 2.6045558057747944 0.35 0.35 1.2 1
0 0.7599591719681803 -2.206319754763751 0.35 0.35 1.2 1
0 1.7373654442697206 -3.141592653589793 0.35 0.35 1.2 1
0 2.008099538174977 2.9950509876689635 0.35 0.35 1.2 1
0 3.009937542553716 -1.5754159870341558 0.35 0.35 1.2 1
0 0.8379228338522617 -1.7077121331695284 0.35 0.35 1.2 1
0 -1.8510141135236806 -2.8535150191895813 0.35 0.35 1.2 1
0 0.49109546331373854 -0.04861564119768658 0.35 0.35 1.2 1
0 -1.394399180102118 0.08601373851149541 0.35 0.35 1.2 1
0 3.141592653589793 -0.29630174511478025 0.35 0.35 1.2 1
0 -0.9174466496147429 3.141592653589793 0.35 0.35 1.2 1
0 -0.20743562183383624 -1.2803990083250445 0.35 0.35 1.2 1
0 0.030070108725547273 0.6801490736759879 0.35 0.35 1.2 1
0 -1.6381554336026394 -3.141592653589793 0.35 0.35 1.2 1
0 1.8047466113943353 3.141592653589793 0.35 0.35 1.2 1
0 2.3891157694652088 -2.089656258893992 0.35 0.35 1.2 1
0 -0.2303537613150415 0.317688517018782 0.35 0.35 1.2 1
0 3.141592653589793 0.896084901081244 0.35 0.35 1.2 1
0 -2.7487798527175635 -3.141592653589793 0.35 0.35 1.2 1
0 0.7860529147095963 -0.7201980397194205 0.35 0.35 1.2 1
0 -3.141592653589793 -2.443677761300747 0.35 0.35 1.2 1
0 0.43066927671767274 -1.9292447686699568 0.35 0.35 1.2 1
0 0.827749402232951 -3.141592653589793 0.35 0.35 1.2 1
0 -0.17577655623875973 1.2306836948071036 0.35 0.35 1.2 1
0 3.141592653589793 1.7698257791403895 0.35 0.35 1.2 1
0 0.17769438089120415 -0.4799563649897224 0.35 0.35 1.2 1
0 -1.69243274237491 -0.5326223702279174 0.35 0.35 1.2 1
0 0.045782521992162706 -1.7842035198590567 0.35 0.35 1.2 1
0 0.3169037445344679 0.9924441614566286 0.35 0.35 1.2 1
0 -1.2616693933662722 -1.4917982210338203 0.35 0.35 1.2 1
0 2.4832946478294393 1.5844224839367156 0.35 0.35 1.2 1
0 3.141592653589793 -1.4342214328636893 0.35 0.35 1.2 1
0 -2.351249870431079 -0.5593536340702944 0.35 0.35 1.2 1
0 -0.432146334843889 0.5248082581447467 0.35 0.35 1.2 1
0 1.3083426798413322 0.34859051011359554 0.35 0.35 1.2 1
0 -1.8376425528447324 -1.084056089823858 0.35 0.35 1.2 1
0 -2.0097826022135554 -3.141592653589793 0.35 0.35 1.2 1
0 -3.1387680663692703 -1.3715114281894119 0.35 0.35 1.2 1
0 3.141592653589793 1.1553371440057676 0.35 0.35 1.2 1
0 2.6017333746489015 -1.498013311518718 0.35 0.35 1.2 1
0 -3.141592653589793 -0.7799472701477591 0.35 0.35 1.2 1
0 0.8358190803296311 -2.3451009136655814 0.35 0.35 1.2 1
0 -3.0706725903744516 0.9868179660304321 0.35 0.35 1.2 1
0 0.686162431753745 -1.0083119334295296 0.35 0.35 1.2 1
0 -2.0712121176590967 2.6656771161559005 0.35 0.35 1.2 1
0 -1.3197290038449843 0.8192923404502441 0.35 0.35 1.2 1
0 2.3955924300995664 1.9433805027628606 0.35 0.35 1.2 1
0 -0.43697590242536116 2.0443552633253783 0.35 0.35 1.2 1
0 -0.17372619042200066 2.7799998363787335 0.35 0.35 1.2 1
0 2.7562108720499006 0.612747273898195 0.35 0.35 1.2 1
0 0.8808839923303312 0.859789687238769 0.35 0.35 1.2 1
0 2.7041326206474854 -2.50640411626044 0.35 0.35 1.2 1
0 -2.1174714427088817 0.3988768697860726 0.35 0.35 1.2 1
0 -2.3901624053959134 0.6288790602122024 0.35 0.35 1.2 1
0 3.141592653589793 -2.583435971967891 0.35 0.35 1.2 1
0 2.82745772909913 -2.0913892550316104 0.35 0.35 1.2 1
0 -0.20304921963775424 -3.066181318135417 0.35 0.35 1.2 1
0 1.031949517338251 0.8409653229215939 0.35 0.35 1.2 1
0 -1.6985527514492893 0.14534937757979738 0.35 0.35 1.2 1
0 3.141592653589793 -2.2690966438167735 0.35 0.35 1.2 1
0 -3.141592653589793 3.0332417795717284 0.35 0.35 1.2 1
0 -3.0766431806051644 0.7790766153214919 0.35 0.35 1.2 1
0 0.21047814668961706 1.2712818594806559 0.35 0.35 1.2 1
0 -2.9044117173967687 -0.4136928117336678 0.35 0.35 1.2 1
0 -0.20806898410168534 2.6820168994247977 0.35 0.35 1.2 1
0 1.513504995360761 -0.3336378250439013 0.35 0.35 1.2 1
0 -0.13379493276690446 2.2608984166812527 0.35 0.35 1.2 1
0 2.365901198156119 2.114198838249361 0.35 0.35 1.2 1
0 0.7479844356796956 2.334062679069702 0.35 0.35 1.2 1
0 -1.6158896668979281 -3.141592653589793 0.35 0.35 1.2 1
0 0.2702780199062696 1.894581973617996 0.35 0.35 1.2 1
0 -1.2606551375065194 -1.003349882100987 0.35 0.35 1.2 1
0 1.7688816513471988 -1.344654926775899 0.35 0.35 1.2 1
0 1.2378415016795963 2.5056273326471143 0.35 0.35 1.2 1
0 0.02506685983730872 -1.4873043263840353 0.35 0.35 1.2 1
0 -1.2577832773629767 2.690754086494768 0.35 0.35 1.2 1
0 0.6722526600772545 2.254006552287001 0.35 0.35 1.2 1
0 -2.508673545624027 -0.6692004135126401 0.35 0.35 1.2 1
0 -3.0598512503628896 -1.049216541408319 0.35 0.35 1.2 1
0 -2.893434244712178 2.255863468001335 0.35 0.35 1.2 1
0 2.314086606761302 0.5210831788448724 0.35 0.35 1.2 1
0 0.6996095555615676 0.7258038288824483 0.35 0.35 1.2 1
0 1.8610035419119435 -2.0600234127926855 0.35 0.35 1.2 1
0 -0.14647331596180335 -0.6261697775792661 0.35 0.35 1.2 1
0 1.4415300691248116 0.3637166681406668 0.35 0.35 1.2 1
0 1.1918089286111508 0.02386067368318301 0.35 0.35 1.2 1
0 1.6303144273646621 -0.8702612039444257 0.35 0.35 1.2 1
0 -2.4741858355902027 -2.4514242708779306 0.35 0.35 1.2 1
0 -0.5363467070435235 1.5246066584850575 0.35 0.35 1.2 1
0 0.3255965873284164 -0.4254351086085604 0.35 0.35 1.2 1
0 1.1780322716801679 1.5362517218359133 0.35 0.35 1.2 1
0 -0.56162996447918 0.2122232058198772 0.35 0.35 1.2 1
0 -1.5124405521005255 -1.623435242790831 0.35 0.35 1.2 1
0 -1.8007692827878272 -2.197971765519083 0.35 0.35 1.2 1
0 -1.1813044893540892 3.141592653589793 0.35 0.35 1.2 1
0 1.0750429774297572 -0.47306394692680287 0.35 0.35 1.2 1
0 0.9488418092520641 -2.436656356879708 0.35 0.35 1.2 1
0 -1.343341813633596 1.7695664494796008 0.35 0.35 1.2 1
0 2.398131203959867 -2.36095340691448 0.35 0.35 1.2 1
0 -2.290515774349011 -1.2776323270286625 0.35 0.35 1.2 1
0 3.141592653589793 2.335372259695144 0.35 0.35 1.2 1
0 -2.602034087196669 -3.141592653589793 0.35 0.35 1.2 1
0 2.2862108521345226 -1.2334017212516335 0.35 0.35 1.2 1
0 -1.0541774974153173 1.7874307967435572 0.35 0.35 1.2 1
0 -0.4472848650035164 0.13708057652183192 0.35 0.35 1.2 1
0 -1.615060139300363 1.3444822984940343 0.35 0.35 1.2 1
0 -3.141592653589793 -0.4854285588077658 0.35 0.35 1.2 1
0 1.2505325972610628 -3.141592653589793 0.35 0.35 1.2 1
0 -0.75458942065723 -2.1967495085435043 0.35 0.35 1.2 1
0 -0.023581331426850483 -0.5420512623473462 0.35 0.35 1.2 1
0 -1.6651266942615714 -1.4015576467811441 0.35 0.35 1.2 1
0 -1.2862256882750485 0.30872293591309874 0.35 0.35 1.2 1
0 0.23515996627003938 0.3835255531853814 0.35 0.35 1.2 1
0 -1.9759107934227003 -1.8175802953792561 0.35 0.35 1.2 1
0 -0.5709646936065339 0.5331328470519581 0.35 0.35 1.2 1
0 2.223532887720428 2.5293906200133742 0.35 0.35 1.2 1
0 0.8549051133528732 1.6391612319958888 0.35 0.35 1.2 1
0 -0.9778586613987059 3.141592653589793 0.35 0.35 1.2 1
0 0.6794445711794315 -2.057145976067514 0.35 0.35 1.2 1
0 3.141592653589793 1.7056390871593758 0.35 0.35 1.2 1
0 -2.245859268158857 2.6753177791101197 0.35 0.35 1.2 1
0 0.6541489025435991 -0.8952167766301938 0.35 0.35 1.2 1
0 0.8498012538941377 -3.141592653589793 0.35 0.35 1.2 1
0 1.5504433334353418 -0.2423195971118388 0.35 0.35 1.2 1
0 0.7122069191039218 1.65234372218612 0.35 0.35 1.2 1
0 -0.07969934881482432 0.31830741252782935 0.35 0.35 1.2 1
0 -1.3159465397966124 3.141592653589793 0.35 0.35 1.2 1
0 1.5381057254052184 -0.2528848500503238 0.35 0.35 1.2 1
0 -3.141592653589793 -3.141592653589793 0.35 0.35 1.2 1
0 -3.141592653589793 1.753923233573732 0.35 0.35 1.2 1
0 0.8916337080007743 3.141592653589793 0.35 0.35 1.2 1
0 -1.8297726668314656 1.5004012033141172 0.35 0.35 1.2 1
0 0.20369488824112025 -1.3557404939590638 0.35 0.35 1.2 1
0 -0.6397991901621093 3.141592653589793 0.35 0.35 1.2 1
0 -1.690718630608826 3.063360972688462 0.35 0.35 1.2 1
0 1.9574619514689027 2.745890418141931 0.35 0.35 1.2 1
0 1.853115978944504 0.33405870826609063 0.35 0.35 1.2 1
0 3.141592653589793 0.12360914293486364 0.35 0.35 1.2 1
0 0.1347375673076947 -1.6517476593686844 0.35 0.35 1.2 1
0 -3.141592653589793 1.101666126649091 0.35 0.35 1.2 1
0 0.17488357339226912 -1.3082448112380098 0.35 0.35 1.2 1
0 2.150157069989417 1.7940951639648686 0.35 0.35 1.2 1
0 0.5747118379294218 0.03691806174828405 0.35 0.35 1.2 1
0 0.08265626966417672 -1.1754534512754242 0.35 0.35 1.2 1
0 -1.4314956085022341 2.404776192627268 0.35 0.35 1.2 1
0 2.9970123292816755 0.23217793111305374 0.35 0.35 1.2 1
0 -0.6983664274529646 0.24371159486507654 0.35 0.35 1.2 1
0 -1.6531200970124986 -1.3202689422339073 0.35 0.35 1.2 1
0 -2.546160261190494 0.6459868187615567 0.35 0.35 1.2 1
0 -2.204615750529734 2.9423680785410986 0.35 0.35 1.2 1
0 -0.03949929835655533 -0.5573074707409295 0.35 0.35 1.2 1
0 -0.1506507489120896 2.889799228853936 0.35 0.35 1.2 1
0 -2.6158511861325167 -1.7013668164457685 0.35 0.35 1.2 1
0 -1.73992572447716 0.8964225990345128 0.35 0.35 1.2 1
0 -1.6035934146075583 2.475663847372718 0.35 0.35 1.2 1
0 2.274332834544402 -1.6733415816843853 0.35 0.35 1.2 1
0 0.9069870880837658 3.141592653589793 0.35 0.35 1.2 1
0 -2.710068960715812 3.141592653589793 0.35 0.35 1.2 1
0 0.19853278534159957 -0.6451803043851626 0.35 0.35 1.2 1
0 -1.2347394187323477 -2.159574361526756 0.35 0.35 1.2 1
0 -3.141592653589793 -0.029968172532600645 0.35 0.35 1.2 1
0 2.286398707971343 -2.6180787215423544 0.35 0.35 1.2 1
0 -0.11798150842695224 -0.7459222871042397 0.35 0.35 1.2 1
0 -1.214975763731311 3.141592653589793 0.35 0.35 1.2 1
0 -2.3277429162173133 0.30346970609634827 0.35 0.35 1.2 1
0 3.141592653589793 3.141592653589793 0.35 0.35 1.2 1
0 0.07425187829538304 -0.7088473682572016 0.35 0.35 1.2 1
0 -1.2859254004851968 -1.0406787990706476 0.35 0.35 1.2 1
0 2.595902563966981 -1.4869901911687766 0.35 0.35 1.2 1
0 0.04908953751836587 0.6543788224322091 0.35 0.35 1.2 1
0 -0.35587924707537133 -0.5234568803862323 0.35 0.35 1.2 1
0 2.4722508138894943 -3.141592653589793 0.35 0.35 1.2 1
0 2.5071696713478637 2.527799510075521 0.35 0.35 1.2 1
0 -0.4576961757858935 -3.141592653589793 0.35 0.35 1.2 1
0 1.4159125637643928 -2.5647206926345016 0.35 0.35 1.2 1
0 -0.9852636963286413 2.27571442175172 0.35 0.35 1.2 1
0 2.159056792318883 -1.5108218002633176 0.35 0.35 1.2 1
0 0.9272813295522858 2.3292780146893626 0.35 0.35 1.2 1
0 0.49312765292581723 -1.7104458535764733 0.35 0.35 1.2 1
0 1.2025047868861805 -2.81686106649848 0.35 0.35 1.2 1
0 -1.6124477195374536 -1.9487488921063294 0.35 0.35 1.2 1
0 1.5498609506444034 -0.5875068095919973 0.35 0.35 1.2 1
0 -3.141592653589793 3.0327062038492554 0.35 0.35 1.2 1
0 -2.924448876747624 -1.4541351604471124 0.35 0.35 1.2 1
0 0.8503578564762304 -0.2861844548340353 0.35 0.35 1.2 1
0 -1.0012437659607285 1.3629654167202856 0.35 0.35 1.2 1
0 -3.141592653589793 1.342784224215904 0.35 0.35 1.2 1
0 -1.2279239793294032 2.775250839091597 0.35 0.35 1.2 1
0 0.43808576075860084 -0.20750159257660838 0.35 0.35 1.2 1
0 -0.31536769609984217 1.5332252486096405 0.35 0.35 1.2 1
0 -1.2039346611910038 -2.325579499235528 0.35 0.35 1.2 1
0 -0.4005829904431475 0.03454529218170532 0.35 0.35 1.2 1
0 2.518831236102573 -3.141592653589793 0.35 0.35 1.2 1
0 -2.603709742569443 -0.14543124615631142 0.35 0.35 1.2 1
0 -2.208707912283344 2.008238773618506 0.35 0.35 1.2 1
0 3.141592653589793 -2.444137350554308 0.35 0.35 1.2 1
0 0.3600087209614812 2.8435470240523264 0.35 0.35 1.2 1
0 -2.3877358267006894 0.3870860271210211 0.35 0.35 1.2 1
0 0.7891728758309555 1.254181316865422 0.35 0.35 1.2 1
0 -2.9807890678756976 -0.9486571149421263 0.35 0.35 1.2 1
0 1.8929343349687782 0.18303954036395442 0.35 0.35 1.2 1
0 2.3049217835552698 0.6432448154632142 0.35 0.35 1.2 1
0 -2.2404902281165877 -2.9907320937161357 0.35 0.35 1.2 1
0 1.1314068659236574 1.6153867223372447 0.35 0.35 1.2 1
0 0.4508756199839197 3.141592653589793 0.35 0.35 1.2 1
0 1.7507542219172496 0.6971916975107846 0.35 0.35 1.2 1
0 3.141592653589793 2.8614734351123365 0.35 0.35 1.2 1
0 3.141592653589793 -2.9947848354796833 0.35 0.35 1.2 1
0 -2.0059755227167932 -0.5806713284425933 0.35 0.35 1.2 1
0 -1.7694539812009533 -1.7002912406702393 0.35 0.35 1.2 1
0 2.4218904261934964 -2.0373885248872177 0.35 0.35 1.2 1
0 -1.8760700089639897 -1.2644729033243196 0.35 0.35 1.2 1
0 1.8493430058585647 -0.3240410279547212 0.35 0.35 1.2 1
0 -1.3070450352828025 -3.0246021325298824 0.35 0.35 1.2 1
0 1.7196784045923617 -0.005305415318639151 0.35 0.35 1.2 1
0 -0.21927990128333008 -2.7529861060077425 0.35 0.35 1.2 1
0 2.2438530014032385 -0.670682933903046 0.35 0.35 1.2 1
0 3.141592653589793 -0.13230230283208222 0.35 0.35 1.2 1
0 0.40276600292914966 1.1777252818419177 0.35 0.35 1.2 1
0 1.4061241383408385 -3.141592653589793 0.35 0.35 1.2 1
0 -0.049899502599762 -0.3525478990507557 0.35 0.35 1.2 1
0 -2.3251491114405924 0.4778441004840909 0.35 0.35 1.2 1
0 0.38501184831831103 -3.141592653589793 0.35 0.35 1.2 1
0 -3.141592653589793 0.48090749826778434 0.35 0.35 1.2 1
0 -1.0386863215338926 2.607345597797233 0.35 0.35 1.2 1
0 0.17450350010121385 0.4790346626005525 0.35 0.35 1.2 1
0 -2.3742773319353443 -1.69826445226597 0.35 0.35 1.2 1
0 -3.141592653589793 -3.141592653589793 0.35 0.35 1.2 1
0 -0.7863313137789545 1.3142959598954127 0.35 0.35 1.2 1
0 -3.141592653589793 -2.7518588976405804 0.35 0.35 1.2 1
0 -3.141592653589793 1.8645936025754484 0.35 0.35 1.2 1
0 2.8410544587560556 -0.997907228899698 0.35 0.35 1.2 1
0 -3.0685001798299694 3.141592653589793 0.35 0.35 1.2 1
0 3.141592653589793 0.9871662487114359 0.35 0.35 1.2 1
0 -0.4073595713123541 -3.141592653589793 0.35 0.35 1.2 1
0 -2.9503359329675725 -1.502566601270741 0.35 0.35 1.2 1
0 2.7391072205709097 1.6138198333761915 0.35 0.35 1.2 1
0 0.1857346530796784 2.552073627809346 0.35 0.35 1.2 1
0 -0.6915594098678285 2.701075166226277 0.35 0.35 1.2 1
0 2.2058002721886485 0.7532480587535266 0.35 0.35 1.2 1
0 -3.141592653589793 -0.08518353342141904 0.35 0.35 1.2 1
0 -3.141592653589793 -0.1436607142153674 0.35 0.35 1.2 1
0 -3.141592653589793 -1.2202604909147223 0.35 0.35 1.2 1
0 3.141592653589793 1.8319834109709847 0.35 0.35 1.2 1
0 -2.593030331389034 0.3265202302418989 0.35 0.35 1.2 1
0 3.141592653589793 -2.6133314961382066 0.35 0.35 1.2 1
0 2.821878523733145 -3.141592653589793 0.35 0.35 1.2 1
0 0.9850075973781125 1.3996647387853405 0.35 0.35 1.2 1
0 -2.1276122078355333 0.5159913338593674 0.35 0.35 1.2 1
0 0.4308031596697156 -1.1658942077708097 0.35 0.35 1.2 1
0 2.2081937072569504 0.818382047853836 0.35 0.35 1.2 1
0 3.141592653589793 -0.23043784416498392 0.35 0.35 1.2 1
0 -2.1342199585189405 3.141592653589793 0.35 0.35 1.2 1
0 -2.185472718205329 -0.8849092898452305 0.35 0.35 1.2 1
0 -3.141592653589793 -2.8886567043181053 0.35 0.35 1.2 1
0 0.7031332381214161 -1.4238231029514656 0.35 0.35 1.2 1
0 -2.183862596703463 1.0796684969527965 0.35 0.35 1.2 1
0 -2.433744893806858 2.0274061651257793 0.35 0.35 1.2 1
0 3.141592653589793 2.72729163736466 0.35 0.35 1.2 1
0 -2.352713796816674 3.141592653589793 0.35 0.35 1.2 1
0 2.8553160670929914 1.8491674091547354 0.35 0.35 1.2 1
0 1.9922444805331896 0.3695067767235316 0.35 0.35 1.2 1
0 -2.3163497077721655 2.0736075564517757 0.35 0.35 1.2 1
0 -1.1184744723629905 -3.1248126105684992 0.35 0.35 1.2 1
0 -1.6272572015288425 -1.1570580102915955 0.35 0.35 1.2 1
0 1.6341928555620924 -1.728363444863134 0.35 0.35 1.2 1
0 2.9715370553725657 0.1195342416445047 0.35 0.35 1.2 1
0 2.2950586909127737 -3.141592653589793 0.35 0.35 1.2 1
0 2.6399500718831277 0.5655905881898584 0.35 0.35 1.2 1
0 2.6237830141548897 2.9345106418388305 0.35 0.35 1.2 1
0 -2.44297009211509 -1.794394957196516 0.35 0.35 1.2 1
0 2.860259641608518 -1.334249096226555 0.35 0.35 1.2 1
0 -0.04103847760776169 2.4277460751557673 0.35 0.35 1.2 1
0 -1.3104549247067943 3.110137486031446 0.35 0.35 1.2 1
0 -2.8810171875938684 2.9021116396744877 0.35 0.35 1.2 1
0 -1.7543377982372506 -0.7825792970046386 0.35 0.35 1.2 1
0 -0.40670623269785455 -2.1030143315900522 0.35 0.35 1.2 1
0 -1.0785011517686722 -1.2157156464546959 0.35 0.35 1.2 1
0 2.6437758294351164 -0.20868847852670624 0.35 0.35 1.2 1
0 -1.7294335553554419 -1.27514381335102 0.35 0.35 1.2 1
0 -2.548109748233309 1.8476439612798334 0.35 0.35 1.2 1
0 -1.229562487789814 2.7932253517488386 0.35 0.35 1.2 1
0 2.1545927133283143 1.1783672803050185 0.35 0.35 1.2 1
0 2.2664837519580816 2.1680054336265235 0.35 0.35 1.2 1
0 -2.1406580206755272 -0.3496087936399664 0.35 0.35 1.2 1
0 -0.5916143027843493 -2.6782127469963504 0.35 0.35 1.2 1
0 1.7068888518965866 1.9375110271434286 0.35 0.35 1.2 1
0 1.01042178162084 1.9172764067624763 0.35 0.35 1.2 1
0 0.6408190401852452 0.29102052458373967 0.35 0.35 1.2 1
0 -2.6241294979021985 0.21620595624586847 0.35 0.35 1.2 1
0 1.7642330759473135 0.09845599546371009 0.35 0.35 1.2 1
0 -0.0554467645900758 -1.1140061870203308 0.35 0.35 1.2 1
0 -2.9146309863486044 -0.17844748525862486 0.35 0.35 1.2 1
0 -2.636560517966934 0.23962792115164788 0.35 0.35 1.2 1
0 -1.733952342433356 1.4413262428594966 0.35 0.35 1.2 1
0 -0.09278639516568143 0.04054409568433123 0.35 0.35 1.2 1
0 -1.7192482362252488 1.5299441789858743 0.35 0.35 1.2 1
0 -1.4755545331433777 -0.9578957675761413 0.35 0.35 1.2 1
0 -0.23683419071139422 2.157807084056383 0.35 0.35 1.2 1
0 -2.7287229748528916 -2.823024012861947 0.35 0.35 1.2 1
0 -2.5070344521991252 -3.141592653589793 0.35 0.35 1.2 1
0 2.1495868663108864 -0.542150615455187 0.35 0.35 1.2 1
0 -0.36265432505306094 -0.789535810588526 0.35 0.35 1.2 1
0 2.2718688772697946 2.3350837877860995 0.35 0.35 1.2 1
0 -1.886313512104944 -0.10054149345913216 0.35 0.35 1.2 1
0 0.5496559312956094 -1.0422131248204365 0.35 0.35 1.2 1
0 -0.4735908135199427 -1.1199163002731756 0.35 0.35 1.2 1
0 0.21838227004839703 2.1902254883980765 0.35 0.35 1.2 1
0 -2.8794387341497005 1.092795609428642 0.35 0.35 1.2 1
0 -2.3166035860571332 -2.572694565113743 0.35 0.35 1.2 1
0 -2.390137156208909 3.141592653589793 0.35 0.35 1.2 1
0 1.6067681460493233 1.5844168350932468 0.35 0.35 1.2 1
0 -0.46824756565653025 1.060728428310877 0.35 0.35 1.2 1
0 1.2818515276523115 1.3728011848981103 0.35 0.35 1.2 1
0 3.141592653589793 3.141592653589793 0.35 0.35 1.2 1
0 1.7973017473501485 0.2730105044535689 0.35 0.35 1.2 1
0 2.2073669874225206 0.9180702006079493 0.35 0.35 1.2 1
0 1.9331633828795574 -3.141592653589793 0.35 0.35 1.2 1
0 1.9322509841627502 -1.1483242191914895 0.35 0.35 1.2 1
0 -0.24600936226043912 -0.694084713508269 0.35 0.35 1.2 1
0 3.141592653589793 2.1163557714434167 0.35 0.35 1.2 1
0 -0.4113723524199484 -0.2926062828086414 0.35 0.35 1.2 1
0 0.44020477280619474 -2.7955716613158255 0.35 0.35 1.2 1
0 1.2747626282130855 1.8893803184255007 0.35 0.35 1.2 1
0 2.839843422367951 2.615938162898158 0.35 0.35 1.2 1
0 0.02784148453261337 2.0587732201313083 0.35 0.35 1.2 1
0 0.02780385260777654 -3.1297858974045765 0.35 0.35 1.2 1
0 0.34367862815008077 -2.4370810437411237 0.35 0.35 1.2 1
0 2.9574383181125126 3.141592653589793 0.35 0.35 1.2 1
0 0.10187780787793477 -3.141592653589793 0.35 0.35 1.2 1
0 3.141592653589793 -0.41938265275748754 0.35 0.35 1.2 1
0 1.5647901356855478 2.617224165564263 0.35 0.35 1.2 1
0 -0.8643860079053072 0.790409828838359 0.35 0.35 1.2 1
0 -3.141592653589793 1.8438294660884105 0.35 0.35 1.2 1
0 -2.598596856699859 -0.05914264986004841 0.35 0.35 1.2 1
0 2.0211677197227207 0.38417137944286134 0.35 0.35 1.2 1
0 -0.7267452626669357 0.08163056134611546 0.35 0.35 1.2 1
0 -2.272126421304275 -1.6466158984575368 0.35 0.35 1.2 1
0 -2.5363332334178743 -0.21273768992497932 0.35 0.35 1.2 1
0 2.36660030790212 -0.5636409090911004 0.35 0.35 1.2 1
0 0.2934863371160782 1.823691551755775 0.35 0.35 1.2 1
0 -2.4164616219736836 0.0004721439441734976 0.35 0.35 1.2 1
0 -1.5797071930987567 -3.141592653589793 0.35 0.35 1.2 1
0 -3.141592653589793 1.7880844583131854 0.35 0.35 1.2 1
0 -0.49189475550675366 -0.05709613327990093 0.35 0.35 1.2 1
0 -1.5367461682203052 0.7637376196401058 0.35 0.35 1.2 1
0 -3.0441155218037346 2.579477013168868 0.35 0.35 1.2 1
0 1.9277825572675165 -0.5984214283586975 0.35 0.35 1.2 1
0 -1.2995194514383406 0.3682401331405404 0.35 0.35 1.2 1
0 0.5202635806510125 -1.9077264175601643 0.35 0.35 1.2 1
0 0.31244918851183257 1.0369808642247043 0.35 0.35 1.2 1
0 2.2279493239699417 -0.030958881347462552 0.35 0.35 1.2 1
0 -1.5891283159407592 -3.141592653589793 0.35 0.35 1.2 1
0 2.044693872245448 -3.141592653589793 0.35 0.35 1.2 1
0 3.141592653589793 -1.5446152112079634 0.35 0.35 1.2 1
0 -1.4299107602767753 0.8920599016663542 0.35 0.35 1.2 1
0 -2.3277543712871123 0.087691787310381 0.35 0.35 1.2 1
0 -0.7183605040682832 3.141592653589793 0.35 0.35 1.2 1
0 3.141592653589793 1.9138919978695943 0.35 0.35 1.2 1
0 -1.9824564186171865 2.961790214382867 0.35 0.35 1.2 1
0 -1.950263819394498 -1.6891065617138912 0.35 0.35 1.2 1
0 1.1978709175796867 2.9691868680091327 0.35 0.35 1.2 1
0 3.141592653589793 -0.28658705296474773 0.35 0.35 1.2 1
0 3.141592653589793 0.4725159624104658 0.35 0.35 1.2 1
0 1.1787587029574713 1.268922559106062 0.35 0.35 1.2 1
0 1.5793706801129852 -0.37073010300450027 0.35 0.35 1.2 1
0 -1.6012157126263902 0.6717000701971731 0.35 0.35 1.2 1
0 -0.5915144375452271 -2.6894435663008474 0.35 0.35 1.2 1
0 -1.7928950665086105 -2.688543558920812 0.35 0.35 1.2 1
0 -2.516501542541663 -1.7322475287757142 0.35 0.35 1.2 1
0 0.9584108448113471 0.32650504276505843 0.35 0.35 1.2 1
0 -0.12338043578053132 1.1798531305454592 0.35 0.35 1.2 1
0 -0.4265550940924542 -1.72477968391179 0.35 0.35 1.2 1
0 -1.4587735713077965 -1.773522505229658 0.35 0.35 1.2 1
0 -0.13034861066443781 -1.6217978798643156 0.35 0.35 1.2 1
0 0.5106839362771772 1.7765447272611785 0.35 0.35 1.2 1
0 -2.4614971751496997 2.9026858390976416 0.35 0.35 1.2 1
0 2.846676531451452 1.6863917534831394 0.35 0.35 1.2 1
0 2.744976254200798 -2.66281260878489 0.35 0.35 1.2 1
0 -1.2278226827382732 -1.7014614377629205 0.35 0.35 1.2 1
0 0.9479480462467224 -2.461643597693003 0.35 0.35 1.2 1
0 2.2886493956519613 -1.6066588479979138 0.35 0.35 1.2 1
0 2.2026949917888494 1.2536947439028892 0.35 0.35 1.2 1
0 -3.0476064002930947 3.141592653589793 0.35 0.35 1.2 1
0 0.8500441026318218 3.141592653589793 0.35 0.35 1.2 1
0 -2.6631120200204412 0.6786766111561162 0.35 0.35 1.2 1
0 3.141592653589793 0.16102739142831402 0.35 0.35 1.2 1
0 -2.1243042118051965 2.8817882666428996 0.35 0.35 1.2 1
0 -0.41959789168042316 -2.3590124926654497 0.35 0.35 1.2 1
0 3.141592653589793 -0.5884037508582065 0.35 0.35 1.2 1
0 0.2610557461617895 0.4082975850466817 0.35 0.35 1.2 1
0 -2.854110949519049 -0.3091430666038499 0.35 0.35 1.2 1
0 3.141592653589793 -0.06481934393416489 0.35 0.35 1.2 1
0 -1.32342349654594 -3.141592653589793 0.35 0.35 1.2 1
0 0.8157348931134896 -1.7384047308952524 0.35 0.35 1.2 1
0 2.6491655192261874 -0.9261655113105132 0.35 0.35 1.2 1
0 -3.141592653589793 -1.319437938691995 0.35 0.35 1.2 1
0 -1.3790237708594446 3.141592653589793 0.35 0.35 1.2 1
0 3.141592653589793 -0.04971614128778401 0.35 0.35 1.2 1
0 2.6729952088687843 2.835445492559663 0.35 0.35 1.2 1
0 1.1292929641827232 0.18005580900858997 0.35 0.35 1.2 1
0 2.9151175402034144 2.725348961072361 0.35 0.35 1.2 1
0 -0.3288331734767628 0.7972710784700181 0.35 0.35 1.2 1
0 0.2910602955466921 -1.0208975437083134 0.35 0.35 1.2 1
0 -2.681947278251883 3.141592653589793 0.35 0.35 1.2 1
0 -3.1001360048278737 -1.0881061530909468 0.35 0.35 1.2 1
0 0.9000456868173337 -1.6724206582251473 0.35 0.35 1.2 1
0 -2.193336007332289 -3.141592653589793 0.35 0.35 1.2 1
0 -0.5552717958247964 -0.24384254006392586 0.35 0.35 1.2 1
0 -1.7994287310004902 3.141592653589793 0.35 0.35 1.2 1
0 -1.8033015531170515 -3.141592653589793 0.35 0.35 1.2 1
0 2.5465367834376273 -1.1625115624965452 0.35 0.35 1.2 1
0 2.2727196709837436 1.3017026989898624 0.35 0.35 1.2 1
0 2.089248676455486 -0.7287545871475849 0.35 0.35 1.2 1
0 3.140727523628489 0.750336364631942 0.35 0.35 1.2 1
0 0.2960448827995523 -0.20178994238654513 0.35 0.35 1.2 1
0 -1.4478643437606182 -1.8193977280839877 0.35 0.35 1.2 1
0 -0.42345768347701385 0.31480931789508515 0.35 0.35 1.2 1
0 -1.642678022741697 -3.141592653589793 0.35 0.35 1.2 1
0 -2.592279811389889 -0.6997129724601521 0.35 0.35 1.2 1
0 -0.21283754278765166 3.141592653589793 0.35 0.35 1.2 1
0 1.8375048262100135 -2.766272880094751 0.35 0.35 1.2 1
0 -1.333598920478829 -0.4422617190075717 0.35 0.35 1.2 1
0 2.765339980106285 1.2332721558573578 0.35 0.35 1.2 1
0 0.9215898185036961 2.7693316054665473 0.35 0.35 1.2 1
0 -3.141592653589793 1.130843806733058 0.35 0.35 1.2 1
0 1.6158269279257453 3.141592653589793 0.35 0.35 1.2 1
0 -0.12205372047910618 2.3168742869511076 0.35 0.35 1.2 1
0 -2.492888814952499 3.141592653589793 0.35 0.35 1.2 1
0 -3.141592653589793 2.734698683713389 0.35 0.35 1.2 1
0 0.29784671360483167 1.4742526408404946 0.35 0.35 1.2 1
0 0.38247577917178144 1.272934457917227 0.35 0.35 1.2 1
0 1.5098864315996798 1.7520439083749233 0.35 0.35 1.2 1
0 0.6052314633261413 1.353910622677676 0.35 0.35 1.2 1
0 3.141592653589793 -1.6904759988488887 0.35 0.35 1.2 1
0 2.132325203318321 0.8096150229168471 0.35 0.35 1.2 1
0 0.7447767902751861 -1.4926429138887471 0.35 0.35 1.2 1
0 -3.141592653589793 -0.02913532068031982 0.35 0.35 1.2 1
0 2.3772972306948144 0.39951076340201297 0.35 0.35 1.2 1
0 3.0858570223013024 -0.22055386143648145 0.35 0.35 1.2 1
0 -0.8345869289594605 2.9300378622174943 0.35 0.35 1.2 1
0 -0.4917237629666267 -0.5080233339548984 0.35 0.35 1.2 1
0 3.0684866786821607 -1.6106069159998833 0.35 0.35 1.2 1
0 1.9997601636296434 3.115843774474889 0.35 0.35 1.2 1
0 -2.2631625488814224 2.1849696535670593 0.35 0.35 1.2 1
0 1.282471041845552 -2.452681081437373 0.35 0.35 1.2 1
0 2.8614449063812413 0.6333859830211742 0.35 0.35 1.2 1
0 -0.46826150362962315 -1.6979391844344918 0.35 0.35 1.2 1
0 -0.07601266032252663 -0.03552646106072538 0.35 0.35 1.2 1
0 -2.296510836447421 3.1313668957739234 0.35 0.35 1.2 1
0 -1.2907874802909738 -3.141592653589793 0.35 0.35 1.2 1
0 -0.6788832820896014 -1.3893711582024129 0.35 0.35 1.2 1
0 1.4332746224722293 -3.04406744741873 0.35 0.35 1.2 1
0 -2.25066256017692 3.141592653589793 0.35 0.35 1.2 1
0 -0.3781516750959851 3.141592653589793 0.35 0.35 1.2 1
0 1.303932190197949 -2.010799119582012 0.35 0.35 1.2 1
0 2.5435311346746587 -2.9316582804651254 0.35 0.35 1.2 1
0 3.141592653589793 2.7793085985793238 0.35 0.35 1.2 1
0 -2.592166867277113 -2.995039830581142 0.35 0.35 1.2 1
0 2.130762094180997 2.6700018618468984 0.35 0.35 1.2 1
0 0.35473800369393327 -1.2209637117180123 0.35 0.35 1.2 1
0 1.6958977457351991 -0.6199312489193027 0.35 0.35 1.2 1
0 1.9482251621624012 0.18036668336428596 0.35 0.35 1.2 1
0 0.7329949554298715 2.5503068471494243 0.35 0.35 1.2 1
0 -2.753404785168439 1.8434843691931126 0.35 0.35 1.2 1
0 0.6833997932755485 -0.24652699204672818 0.35 0.35 1.2 1
0 1.3806089882351018 2.9407674747499266 0.35 0.35 1.2 1
0 -2.31125914823913 -0.7790010905547131 0.35 0.35 1.2 1
0 -0.08424418270121703 1.8764739621151059 0.35 0.35 1.2 1
0 -3.141592653589793 -1.316551338427813 0.35 0.35 1.2 1
0 -1.2829271702356042 -0.2062821898803604 0.35 0.35 1.2 1
0 -1.3058791544625334 -0.8122847211177324 0.35 0.35 1.2 1
0 2.9493663190915265 -2.841156536220084 0.35 0.35 1.2 1
0 -0.5524475923320455 -0.6240803489411255 0.35 0.35 1.2 1
0 1.9896310516436313 -0.8667796749630732 0.35 0.35 1.2 1
0 -2.242999176079245 -3.141592653589793 0.35 0.35 1.2 1
0 1.5570730443536838 -1.283468897890843 0.35 0.35 1.2 1
0 2.0943801719526753 1.581368423110753 0.35 0.35 1.2 1
0 -1.9924886049722283 -3.141592653589793 0.35 0.35 1.2 1
0 -3.136830036660327 1.536612599117473 0.35 0.35 1.2 1
0 -1.0834929107512492 -1.4427181361318417 0.35 0.35 1.2 1
0 0.6196444665498833 -2.5501992772393534 0.35 0.35 1.2 1
0 -1.2373462871908498 2.9588497290014235 0.35 0.35 1.2 1
0 2.282033683420075 1.6376952022151463 0.35 0.35 1.2 1
