#! FIELDS time phi psi sigma_phi sigma_psi height biasf
                        #! SET multivariate false
                        #! SET kerneltype stretched-gaussian
                        #! SET min_phi -pi
                        #! SET max_phi pi
                        #! SET min_psi -pi
                        #! SET max_psi pi
0 -3.141592653589793 -3.141592653589793 0.628 0.628 3.1133325075519034 1
0 -3.141592653589793 -2.5132741228718345 0.628 0.628 3.273874884964094 1
0 -3.141592653589793 -1.8849555921538759 0.628 0.628 0.0 1
0 -3.141592653589793 -1.2566370614359172 0.628 0.628 0.025661161309937564 1
0 -3.141592653589793 -0.6283185307179586 0.628 0.628 3.981292193005789 1
0 -3.141592653589793 0.0 0.628 0.628 1.0232656672362046 1
0 -3.141592653589793 0.6283185307179586 0.628 0.628 5.159893014460834 1
0 -3.141592653589793 1.2566370614359172 0.628 0.628 1.8521910657627891 1
0 -3.141592653589793 1.8849555921538759 0.628 0.628 2.5202092462958388 1
0 -3.141592653589793 2.5132741228718345 0.628 0.628 1.9157131069079973 1
0 -2.5132741228718345 -3.141592653589793 0.628 0.628 7.92223908553153 1
0 -2.5132741228718345 -2.5132741228718345 0.628 0.628 1.239548809555607 1
0 -2.5132741228718345 -1.8849555921538759 0.628 0.628 1.9332023093179167 1
0 -2.5132741228718345 -1.2566370614359172 0.628 0.628 0.9783944958554112 1
0 -2.5132741228718345 -0.6283185307179586 0.628 0.628 3.600743243515881 1
0 -2.5132741228718345 0.0 0.628 0.628 2.1486382892137232 1
0 -2.5132741228718345 0.6283185307179586 0.628 0.628 9.842268781164417 1
0 -2.5132741228718345 1.2566370614359172 0.628 0.628 1.89498506278311 1
0 -2.5132741228718345 1.8849555921538759 0.628 0.628 4.769240200967865 1
0 -2.5132741228718345 2.5132741228718345 0.628 0.628 0.0 1
0 -1.8849555921538759 -3.141592653589793 0.628 0.628 7.928237704635131 1
0 -1.8849555921538759 -2.5132741228718345 0.628 0.628 0.6854496266596428 1
0 -1.8849555921538759 -1.8849555921538759 0.628 0.628 1.7117725042022056 1
0 -1.8849555921538759 -1.2566370614359172 0.628 0.628 3.238898194826558 1
0 -1.8849555921538759 -0.6283185307179586 0.628 0.628 3.3455613885454056 1
0 -1.8849555921538759 0.0 0.628 0.628 3.1262622356093717 1
0 -1.8849555921538759 0.6283185307179586 0.628 0.628 1.1216770547786452 1
0 -1.8849555921538759 1.2566370614359172 0.628 0.628 8.508115649959837 1
0 -1.8849555921538759 1.8849555921538759 0.628 0.628 4.767266994080694 1
0 -1.8849555921538759 2.5132741228718345 0.628 0.628 7.049921528557876 1
0 -1.2566370614359172 -3.141592653589793 0.628 0.628 8.267460087388343 1
0 -1.2566370614359172 -2.5132741228718345 0.628 0.628 4.021286519414401 1
0 -1.2566370614359172 -1.8849555921538759 0.628 0.628 6.601640168118732 1
0 -1.2566370614359172 -1.2566370614359172 0.628 0.628 0.0 1
0 -1.2566370614359172 -0.6283185307179586 0.628 0.628 4.712470144567244 1
0 -1.2566370614359172 0.0 0.628 0.628 1.1411290326223842 1
0 -1.2566370614359172 0.6283185307179586 0.628 0.628 2.1463859541349763 1
0 -1.2566370614359172 1.2566370614359172 0.628 0.628 0.0 1
0 -1.2566370614359172 1.8849555921538759 0.628 0.628 6.5477653696488245 1
0 -1.2566370614359172 2.5132741228718345 0.628 0.628 7.597188034983315 1
0 -0.6283185307179586 -3.141592653589793 0.628 0.628 2.8361157874876852 1
0 -0.6283185307179586 -2.5132741228718345 0.628 0.628 2.999485013656357 1
0 -0.6283185307179586 -1.8849555921538759 0.628 0.628 8.070623225204008 1
0 -0.6283185307179586 -1.2566370614359172 0.628 0.628 0.548058770598379 1
0 -0.6283185307179586 -0.6283185307179586 0.628 0.628 6.9403437579243175 1
0 -0.6283185307179586 0.0 0.628 0.628 4.119814160834858 1
0 -0.6283185307179586 0.6283185307179586 0.628 0.628 5.242469394338809 1
0 -0.6283185307179586 1.2566370614359172 0.628 0.628 3.1319217900800487 1
0 -0.6283185307179586 1.8849555921538759 0.628 0.628 4.3249624128737585 1
0 -0.6283185307179586 2.5132741228718345 0.628 0.628 3.1719581326108144 1
0 0.0 -3.141592653589793 0.628 0.628 2.398689610520938 1
0 0.0 -2.5132741228718345 0.628 0.628 6.426904610988043 1
0 0.0 -1.8849555921538759 0.628 0.628 2.764904612973578 1
0 0.0 -1.2566370614359172 0.628 0.628 6.899007499404633 1
0 0.0 -0.6283185307179586 0.628 0.628 0.6465039180153374 1
0 0.0 0.0 0.628 0.628 7.130457368381177 1
0 0.0 0.6283185307179586 0.628 0.628 2.832325834552317 1
0 0.0 1.2566370614359172 0.628 0.628 2.2625565086493524 1
0 0.0 1.8849555921538759 0.628 0.628 0.9568291014145569 1
0 0.0 2.5132741228718345 0.628 0.628 0.2565903473643776 1
0 0.6283185307179586 -3.141592653589793 0.628 0.628 7.056173174372079 1
0 0.6283185307179586 -2.5132741228718345 0.628 0.628 2.4751493218341185 1
0 0.6283185307179586 -1.8849555921538759 0.628 0.628 0.0 1
0 0.6283185307179586 -1.2566370614359172 0.628 0.628 4.487969304475052 1
0 0.6283185307179586 -0.6283185307179586 0.628 0.628 5.669624816151644 1
0 0.6283185307179586 0.0 0.628 0.628 6.287780364708655 1
0 0.6283185307179586 0.6283185307179586 0.628 0.628 0.6460442692471458 1
0 0.6283185307179586 1.2566370614359172 0.628 0.628 6.933242625311866 1
0 0.6283185307179586 1.8849555921538759 0.628 0.628 1.7408257085281562 1
0 0.6283185307179586 2.5132741228718345 0.628 0.628 2.31705564530292 1
0 1.2566370614359172 -3.141592653589793 0.628 0.628 1.2903725165184126 1
0 1.2566370614359172 -2.5132741228718345 0.628 0.628 0.0 1
0 1.2566370614359172 -1.8849555921538759 0.628 0.628 10.0 1
0 1.2566370614359172 -1.2566370614359172 0.628 0.628 4.899526811468275 1
0 1.2566370614359172 -0.6283185307179586 0.628 0.628 2.2440383485042914 1
0 1.2566370614359172 0.0 0.628 0.628 2.672527441774719 1
0 1.2566370614359172 0.6283185307179586 0.628 0.628 3.539355789587194 1
0 1.2566370614359172 1.2566370614359172 0.628 0.628 5.524214022824769 1
0 1.2566370614359172 1.8849555921538759 0.628 0.628 1.0744592835027984 1
0 1.2566370614359172 2.5132741228718345 0.628 0.628 0.6463624707593845 1
0 1.8849555921538759 -3.141592653589793 0.628 0.628 1.5300207771286014 1
0 1.8849555921538759 -2.5132741228718345 0.628 0.628 2.0306039224353953 1
0 1.8849555921538759 -1.8849555921538759 0.628 0.628 6.246469348422663 1
0 1.8849555921538759 -1.2566370614359172 0.628 0.628 5.475368881273138 1
0 1.8849555921538759 -0.6283185307179586 0.628 0.628 2.20802888632999 1
0 1.8849555921538759 0.0 0.628 0.628 2.4916189564354316 1
0 1.8849555921538759 0.6283185307179586 0.628 0.628 1.4355005307060078 1
0 1.8849555921538759 1.2566370614359172 0.628 0.628 3.3549965304458436 1
0 1.8849555921538759 1.8849555921538759 0.628 0.628 8.127257118726199 1
0 1.8849555921538759 2.5132741228718345 0.628 0.628 0.20645212614215322 1
0 2.5132741228718345 -3.141592653589793 0.628 0.628 1.8022305056890453 1
0 2.5132741228718345 -2.5132741228718345 0.628 0.628 4.272619386039027 1
0 2.5132741228718345 -1.8849555921538759 0.628 0.628 2.3707749402061973 1
0 2.5132741228718345 -1.2566370614359172 0.628 0.628 1.8249016775699423 1
0 2.5132741228718345 -0.6283185307179586 0.628 0.628 3.3881227433194026 1
0 2.5132741228718345 0.0 0.628 0.628 5.340112831014981 1
0 2.5132741228718345 0.6283185307179586 0.628 0.628 1.6026757842072812 1
0 2.5132741228718345 1.2566370614359172 0.628 0.628 2.235285502272998 1
0 2.5132741228718345 1.8849555921538759 0.628 0.628 2.959207471939563 1
0 2.5132741228718345 2.5132741228718345 0.628 0.628 0.8052032993164913 1
