#! FIELDS time phi psi sigma_phi sigma_psi height biasf
                        #! SET multivariate false
                        #! SET kerneltype stretched-gaussian
                        #! SET min_phi -pi
                        #! SET max_phi pi
                        #! SET min_psi -pi
                        #! SET max_psi pi
0 -3.141592653589793 -3.141592653589793 0.628 0.628 9.749571313642441 1
0 -3.141592653589793 -2.5132741228718345 0.628 0.628 4.3117055824592105 1
0 -3.141592653589793 -1.8849555921538759 0.628 0.628 2.688588939899708 1
0 -3.141592653589793 -1.2566370614359172 0.628 0.628 5.281156633131372 1
0 -3.141592653589793 -0.6283185307179586 0.628 0.628 0.6854389475053103 1
0 -3.141592653589793 0.0 0.628 0.628 3.0343441737254615 1
0 -3.141592653589793 0.6283185307179586 0.628 0.628 1.604683762811952 1
0 -3.141592653589793 1.2566370614359172 0.628 0.628 1.171510602837571 1
0 -3.141592653589793 1.8849555921538759 0.628 0.628 0.0 1
0 -3.141592653589793 2.5132741228718345 0.628 0.628 3.463325544261293 1
0 -2.5132741228718345 -3.141592653589793 0.628 0.628 6.184307908341934 1
0 -2.5132741228718345 -2.5132741228718345 0.628 0.628 4.243371800667379 1
0 -2.5132741228718345 -1.8849555921538759 0.628 0.628 3.0325826937750353 1
0 -2.5132741228718345 -1.2566370614359172 0.628 0.628 3.373743238380788 1
0 -2.5132741228718345 -0.6283185307179586 0.628 0.628 2.780146667109046 1
0 -2.5132741228718345 0.0 0.628 0.628 0.09977908980738937 1
0 -2.5132741228718345 0.6283185307179586 0.628 0.628 9.731862124255896 1
0 -2.5132741228718345 1.2566370614359172 0.628 0.628 3.6357344091053374 1
0 -2.5132741228718345 1.8849555921538759 0.628 0.628 0.0 1
0 -2.5132741228718345 2.5132741228718345 0.628 0.628 1.6255116859022651 1
0 -1.8849555921538759 -3.141592653589793 0.628 0.628 7.873292658087451 1
0 -1.8849555921538759 -2.5132741228718345 0.628 0.628 3.845990510399852 1
0 -1.8849555921538759 -1.8849555921538759 0.628 0.628 0.7772543303376989 1
0 -1.8849555921538759 -1.2566370614359172 0.628 0.628 7.628574281825905 1
0 -1.8849555921538759 -0.6283185307179586 0.628 0.628 3.0612209690959786 1
0 -1.8849555921538759 0.0 0.628 0.628 5.3703141650522905 1
0 -1.8849555921538759 0.6283185307179586 0.628 0.628 5.0823137642183855 1
0 -1.8849555921538759 1.2566370614359172 0.628 0.628 10.0 1
0 -1.8849555921538759 1.8849555921538759 0.628 0.628 5.1716246100462335 1
0 -1.8849555921538759 2.5132741228718345 0.628 0.628 10.0 1
0 -1.2566370614359172 -3.141592653589793 0.628 0.628 1.4181523461128918 1
0 -1.2566370614359172 -2.5132741228718345 0.628 0.628 3.569588987237678 1
0 -1.2566370614359172 -1.8849555921538759 0.628 0.628 6.584449241706732 1
0 -1.2566370614359172 -1.2566370614359172 0.628 0.628 3.6333861049765748 1
0 -1.2566370614359172 -0.6283185307179586 0.628 0.628 3.685702692426479 1
0 -1.2566370614359172 0.0 0.628 0.628 2.5526454443737707 1
0 -1.2566370614359172 0.6283185307179586 0.628 0.628 6.642176072887857 1
0 -1.2566370614359172 1.2566370614359172 0.628 0.628 5.328702483431869 1
0 -1.2566370614359172 1.8849555921538759 0.628 0.628 0.33023311543605605 1
0 -1.2566370614359172 2.5132741228718345 0.628 0.628 7.667790040474929 1
0 -0.6283185307179586 -3.141592653589793 0.628 0.628 2.43696224193744 1
0 -0.6283185307179586 -2.5132741228718345 0.628 0.628 1.4535577345887796 1
0 -0.6283185307179586 -1.8849555921538759 0.628 0.628 6.450271795881524 1
0 -0.6283185307179586 -1.2566370614359172 0.628 0.628 1.3590807504539717 1
0 -0.6283185307179586 -0.6283185307179586 0.628 0.628 5.60458373009922 1
0 -0.6283185307179586 0.0 0.628 0.628 4.0706006715938505 1
0 -0.6283185307179586 0.6283185307179586 0.628 0.628 5.078181853056052 1
0 -0.6283185307179586 1.2566370614359172 0.628 0.628 8.141722036318836 1
0 -0.6283185307179586 1.8849555921538759 0.628 0.628 5.440367363704938 1
0 -0.6283185307179586 2.5132741228718345 0.628 0.628 5.195104263295489 1
0 0.0 -3.141592653589793 0.628 0.628 5.155613929119605 1
0 0.0 -2.5132741228718345 0.628 0.628 4.667105261304637 1
0 0.0 -1.8849555921538759 0.628 0.628 3.1218608381171205 1
0 0.0 -1.2566370614359172 0.628 0.628 7.250256260101118 1
0 0.0 -0.6283185307179586 0.628 0.628 5.876306417699604 1
0 0.0 0.0 0.628 0.628 5.4154776594563625 1
0 0.0 0.6283185307179586 0.628 0.628 1.7681743372318368 1
0 0.0 1.2566370614359172 0.628 0.628 1.2886515028582384 1
0 0.0 1.8849555921538759 0.628 0.628 2.600482047088392 1
0 0.0 2.5132741228718345 0.628 0.628 8.665188770605207 1
0 0.6283185307179586 -3.141592653589793 0.628 0.628 8.09273055183629 1
0 0.6283185307179586 -2.5132741228718345 0.628 0.628 7.6608474078888955 1
0 0.6283185307179586 -1.8849555921538759 0.628 0.628 5.465531994084523 1
0 0.6283185307179586 -1.2566370614359172 0.628 0.628 10.0 1
0 0.6283185307179586 -0.6283185307179586 0.628 0.628 6.725157876951406 1
0 0.6283185307179586 0.0 0.628 0.628 4.774787181858503 1
0 0.6283185307179586 0.6283185307179586 0.628 0.628 5.121584942671843 1
0 0.6283185307179586 1.2566370614359172 0.628 0.628 3.2843087283085852 1
0 0.6283185307179586 1.8849555921538759 0.628 0.628 6.5453500572945 1
0 0.6283185307179586 2.5132741228718345 0.628 0.628 7.6548861045869305 1
0 1.2566370614359172 -3.141592653589793 0.628 0.628 3.845432425656637 1
0 1.2566370614359172 -2.5132741228718345 0.628 0.628 3.830731546370181 1
0 1.2566370614359172 -1.8849555921538759 0.628 0.628 6.495594671999564 1
0 1.2566370614359172 -1.2566370614359172 0.628 0.628 2.33234113302918 1
0 1.2566370614359172 -0.6283185307179586 0.628 0.628 3.18699985357949 1
0 1.2566370614359172 0.0 0.628 0.628 2.6360331279529903 1
0 1.2566370614359172 0.6283185307179586 0.628 0.628 5.642771277232449 1
0 1.2566370614359172 1.2566370614359172 0.628 0.628 5.230446290313166 1
0 1.2566370614359172 1.8849555921538759 0.628 0.628 0.8009438256213768 1
0 1.2566370614359172 2.5132741228718345 0.628 0.628 1.739576889562537 1
0 1.8849555921538759 -3.141592653589793 0.628 0.628 6.339498185976442 1
0 1.8849555921538759 -2.5132741228718345 0.628 0.628 2.0843932926022637 1
0 1.8849555921538759 -1.8849555921538759 0.628 0.628 3.740872112501985 1
0 1.8849555921538759 -1.2566370614359172 0.628 0.628 6.164390463586441 1
0 1.8849555921538759 -0.6283185307179586 0.628 0.628 0.0 1
0 1.8849555921538759 0.0 0.628 0.628 0.8332392400605044 1
0 1.8849555921538759 0.6283185307179586 0.628 0.628 6.657543329659706 1
0 1.8849555921538759 1.2566370614359172 0.628 0.628 4.124889730816209 1
0 1.8849555921538759 1.8849555921538759 0.628 0.628 7.2274146212336 1
0 1.8849555921538759 2.5132741228718345 0.628 0.628 2.4501662524259507 1
0 2.5132741228718345 -3.141592653589793 0.628 0.628 1.77061352640421 1
0 2.5132741228718345 -2.5132741228718345 0.628 0.628 3.5336666620360475 1
0 2.5132741228718345 -1.8849555921538759 0.628 0.628 3.0452656295279406 1
0 2.5132741228718345 -1.2566370614359172 0.628 0.628 4.34292935051748 1
0 2.5132741228718345 -0.6283185307179586 0.628 0.628 2.703834061381647 1
0 2.5132741228718345 0.0 0.628 0.628 6.30844911929581 1
0 2.5132741228718345 0.6283185307179586 0.628 0.628 0.8225738866902648 1
0 2.5132741228718345 1.2566370614359172 0.628 0.628 6.553493447265154 1
0 2.5132741228718345 1.8849555921538759 0.628 0.628 2.1356863559771004 1
0 2.5132741228718345 2.5132741228718345 0.628 0.628 3.746158695042182 1
