#! FIELDS time phi psi sigma_phi sigma_psi height biasf
                        #! SET multivariate false
                        #! SET kerneltype stretched-gaussian
                        #! SET min_phi -pi
                        #! SET max_phi pi
                        #! SET min_psi -pi
                        #! SET max_psi pi
0 -3.141592653589793 -3.141592653589793 0.628 0.628 5.925871335372615 1
0 -3.141592653589793 -2.5132741228718345 0.628 0.628 1.7780582990311047 1
0 -3.141592653589793 -1.8849555921538759 0.628 0.628 5.155802427940634 1
0 -3.141592653589793 -1.2566370614359172 0.628 0.628 0.0 1
0 -3.141592653589793 -0.6283185307179586 0.628 0.628 0.9373174629106686 1
0 -3.141592653589793 0.0 0.628 0.628 2.1836095284408428 1
0 -3.141592653589793 0.6283185307179586 0.628 0.628 2.2411778467679087 1
0 -3.141592653589793 1.2566370614359172 0.628 0.628 3.6083799037535282 1
0 -3.141592653589793 1.8849555921538759 0.628 0.628 0.0 1
0 -3.141592653589793 2.5132741228718345 0.628 0.628 0.0 1
0 -2.5132741228718345 -3.141592653589793 0.628 0.628 3.3893752131575776 1
0 -2.5132741228718345 -2.5132741228718345 0.628 0.628 5.984823435102157 1
0 -2.5132741228718345 -1.8849555921538759 0.628 0.628 1.5768661624446039 1
0 -2.5132741228718345 -1.2566370614359172 0.628 0.628 3.4792058165192548 1
0 -2.5132741228718345 -0.6283185307179586 0.628 0.628 4.756004812609966 1
0 -2.5132741228718345 0.0 0.628 0.628 4.796105889048549 1
0 -2.5132741228718345 0.6283185307179586 0.628 0.628 7.45949699010059 1
0 -2.5132741228718345 1.2566370614359172 0.628 0.628 3.546015287978398 1
0 -2.5132741228718345 1.8849555921538759 0.628 0.628 6.39494162238295 1
0 -2.5132741228718345 2.5132741228718345 0.628 0.628 3.074376452030892 1
0 -1.8849555921538759 -3.141592653589793 0.628 0.628 10.0 1
0 -1.8849555921538759 -2.5132741228718345 0.628 0.628 3.540399902094114 1
0 -1.8849555921538759 -1.8849555921538759 0.628 0.628 3.753383492330797 1
0 -1.8849555921538759 -1.2566370614359172 0.628 0.628 10.0 1
0 -1.8849555921538759 -0.6283185307179586 0.628 0.628 3.1567486281973114 1
0 -1.8849555921538759 0.0 0.628 0.628 5.517327287866218 1
0 -1.8849555921538759 0.6283185307179586 0.628 0.628 0.011717676494815255 1
0 -1.8849555921538759 1.2566370614359172 0.628 0.628 4.939545920339523 1
0 -1.8849555921538759 1.8849555921538759 0.628 0.628 4.804704829813091 1
0 -1.8849555921538759 2.5132741228718345 0.628 0.628 5.797729489935629 1
0 -1.2566370614359172 -3.141592653589793 0.628 0.628 8.39744826284217 1
0 -1.2566370614359172 -2.5132741228718345 0.628 0.628 4.874229976969611 1
0 -1.2566370614359172 -1.8849555921538759 0.628 0.628 5.631955389280397 1
0 -1.2566370614359172 -1.2566370614359172 0.628 0.628 4.831634545873097 1
0 -1.2566370614359172 -0.6283185307179586 0.628 0.628 9.659429584119692 1
0 -1.2566370614359172 0.0 0.628 0.628 3.5305543290529577 1
0 -1.2566370614359172 0.6283185307179586 0.628 0.628 5.38292808393132 1
0 -1.2566370614359172 1.2566370614359172 0.628 0.628 2.6923323441396723 1
0 -1.2566370614359172 1.8849555921538759 0.628 0.628 5.145796424141974 1
0 -1.2566370614359172 2.5132741228718345 0.628 0.628 8.399983887355956 1
0 -0.6283185307179586 -3.141592653589793 0.628 0.628 5.167883073824523 1
0 -0.6283185307179586 -2.5132741228718345 0.628 0.628 6.7713889550295265 1
0 -0.6283185307179586 -1.8849555921538759 0.628 0.628 0.0 1
0 -0.6283185307179586 -1.2566370614359172 0.628 0.628 2.879658522853912 1
0 -0.6283185307179586 -0.6283185307179586 0.628 0.628 6.680061079472507 1
0 -0.6283185307179586 0.0 0.628 0.628 6.0967617155819385 1
0 -0.6283185307179586 0.6283185307179586 0.628 0.628 9.815119849803658 1
0 -0.6283185307179586 1.2566370614359172 0.628 0.628 4.816217922498918 1
0 -0.6283185307179586 1.8849555921538759 0.628 0.628 5.535332537926166 1
0 -0.6283185307179586 2.5132741228718345 0.628 0.628 3.068228165860901 1
0 0.0 -3.141592653589793 0.628 0.628 3.043853285982566 1
0 0.0 -2.5132741228718345 0.628 0.628 4.828414529655188 1
0 0.0 -1.8849555921538759 0.628 0.628 0.6757109428078624 1
0 0.0 -1.2566370614359172 0.628 0.628 2.8317772147486977 1
0 0.0 -0.6283185307179586 0.628 0.628 4.291533646089141 1
0 0.0 0.0 0.628 0.628 4.975971961198923 1
0 0.0 0.6283185307179586 0.628 0.628 0.0 1
0 0.0 1.2566370614359172 0.628 0.628 5.259594992697881 1
0 0.0 1.8849555921538759 0.628 0.628 6.727651720474032 1
0 0.0 2.5132741228718345 0.628 0.628 2.097355225601729 1
0 0.6283185307179586 -3.141592653589793 0.628 0.628 8.774243318602029 1
0 0.6283185307179586 -2.5132741228718345 0.628 0.628 8.617403405306558 1
0 0.6283185307179586 -1.8849555921538759 0.628 0.628 2.8051903022026408 1
0 0.6283185307179586 -1.2566370614359172 0.628 0.628 8.022994342587875 1
0 0.6283185307179586 -0.6283185307179586 0.628 0.628 5.27893504449786 1
0 0.6283185307179586 0.0 0.628 0.628 3.7682006290198595 1
0 0.6283185307179586 0.6283185307179586 0.628 0.628 1.545565890668696 1
0 0.6283185307179586 1.2566370614359172 0.628 0.628 4.620448073011795 1
0 0.6283185307179586 1.8849555921538759 0.628 0.628 8.06067824946657 1
0 0.6283185307179586 2.5132741228718345 0.628 0.628 5.434144696174238 1
0 1.2566370614359172 -3.141592653589793 0.628 0.628 6.3970820398469765 1
0 1.2566370614359172 -2.5132741228718345 0.628 0.628 2.1997501878284353 1
0 1.2566370614359172 -1.8849555921538759 0.628 0.628 10.0 1
0 1.2566370614359172 -1.2566370614359172 0.628 0.628 3.9533301326463723 1
0 1.2566370614359172 -0.6283185307179586 0.628 0.628 0.5207755201468665 1
0 1.2566370614359172 0.0 0.628 0.628 1.753538897696769 1
0 1.2566370614359172 0.6283185307179586 0.628 0.628 3.156272301510704 1
0 1.2566370614359172 1.2566370614359172 0.628 0.628 9.364289749309751 1
0 1.2566370614359172 1.8849555921538759 0.628 0.628 2.849881385394303 1
0 1.2566370614359172 2.5132741228718345 0.628 0.628 3.4846220426864667 1
0 1.8849555921538759 -3.141592653589793 0.628 0.628 1.0568542769034597 1
0 1.8849555921538759 -2.5132741228718345 0.628 0.628 3.406728802384425 1
0 1.8849555921538759 -1.8849555921538759 0.628 0.628 4.385230870066765 1
0 1.8849555921538759 -1.2566370614359172 0.628 0.628 5.871209470079943 1
0 1.8849555921538759 -0.6283185307179586 0.628 0.628 0.9516011043689367 1
0 1.8849555921538759 0.0 0.628 0.628 4.25296578724553 1
0 1.8849555921538759 0.6283185307179586 0.628 0.628 5.75213351169452 1
0 1.8849555921538759 1.2566370614359172 0.628 0.628 4.355935383992665 1
0 1.8849555921538759 1.8849555921538759 0.628 0.628 7.5820636248208535 1
0 1.8849555921538759 2.5132741228718345 0.628 0.628 5.258116511798287 1
0 2.5132741228718345 -3.141592653589793 0.628 0.628 2.7645548029861464 1
0 2.5132741228718345 -2.5132741228718345 0.628 0.628 4.902248441521806 1
0 2.5132741228718345 -1.8849555921538759 0.628 0.628 2.020359425088695 1
0 2.5132741228718345 -1.2566370614359172 0.628 0.628 5.491299819308507 1
0 2.5132741228718345 -0.6283185307179586 0.628 0.628 2.615049011205681 1
0 2.5132741228718345 0.0 0.628 0.628 7.002558512533945 1
0 2.5132741228718345 0.6283185307179586 0.628 0.628 3.5568790869913474 1
0 2.5132741228718345 1.2566370614359172 0.628 0.628 1.9850684003242094 1
0 2.5132741228718345 1.8849555921538759 0.628 0.628 5.384522946788939 1
0 2.5132741228718345 2.5132741228718345 0.628 0.628 3.4364171743045633 1
