#! FIELDS time phi psi metad.bias
#! SET min_phi -pi
#! SET max_phi pi
#! SET min_psi -pi
#! SET max_psi pi
 0.000000 3.141580 -3.141577 25.018103
 0.020000 -2.658842 -2.833032 13.789066
 0.040000 -2.680982 -2.847980 14.235856
 0.060000 -2.673506 -2.826175 13.671696
 0.080000 -2.685658 -2.834847 13.927259
 0.100000 -2.650076 -2.836126 13.836220
 0.120000 -2.649940 -2.826763 13.615903
 0.140000 -2.622257 -2.814131 13.274397
 0.160000 -2.629030 -2.792812 12.821697
 0.180000 -2.657880 -2.841832 13.997043
 0.200000 -2.688400 -2.845462 14.204224
 0.220000 -2.677426 -2.788644 12.807238
 0.240000 -2.617895 -2.834912 13.730167
 0.260000 -2.606400 -2.873539 14.592631
 0.280000 -2.578166 -2.907841 15.309190
 0.300000 -2.603381 -2.921444 15.713296
 0.320000 -2.598895 -2.931755 15.938004
 0.340000 -2.627743 -2.975808 17.154450
 0.360000 -2.622349 -2.886570 14.952736
 0.380000 -2.626226 -2.869000 14.544560
 0.400000 -2.608603 -2.947945 16.368177
 0.420000 -2.622514 -2.934190 16.111027
 0.440000 -2.630993 -2.914113 15.662153
 0.460000 -2.594265 -3.021396 17.953277
 0.480000 -2.581060 -3.074190 18.907119
 0.500000 -2.581329 -3.087267 19.146720
 0.520000 -2.615719 -3.101173 19.750620
 0.540000 -2.639521 -3.080682 19.630829
 0.560000 -2.656458 3.129490 21.202405
 0.580000 -2.613436 -3.072550 19.181368
 0.600000 -2.616835 -3.104552 19.824667
 0.620000 -2.625403 -3.073515 19.326503
 0.640000 -2.563966 -3.113754 19.428353
 0.660000 -2.642221 3.053815 21.947388
 0.680000 -2.499259 3.111918 19.605527
 0.700000 -2.546908 3.023052 20.669505
 0.720000 -2.442223 3.017707 19.695709
 0.740000 -2.330728 2.839526 18.580165
 0.760000 -2.382600 2.898078 19.046337
 0.780000 -2.436553 2.661109 17.778499
 0.800000 -2.427337 2.735294 18.127976
 0.820000 -2.606461 2.582405 20.214049
 0.840000 -2.477870 2.570407 17.909532
 0.860000 -2.445854 2.462614 17.746044
 0.880000 -2.448738 2.286571 18.921139
 0.900000 -2.356386 2.310492 19.001833
 0.920000 -2.457367 2.172415 20.019936
 0.940000 -2.376472 2.179871 20.387970
 0.960000 -2.318164 2.222221 20.540265
 0.980000 -2.320438 2.353032 18.856385
 1.000000 -2.431906 2.268662 19.090701
 1.020000 -2.434430 2.592017 17.538757
 1.040000 -2.573627 2.498664 19.338502
 1.060000 -2.434925 2.753703 18.315524
 1.080000 -2.433453 2.774599 18.451163
 1.100000 -2.446675 2.805116 18.791041
 1.120000 -2.432971 2.861332 19.070527
 1.140000 -2.380050 2.881710 18.931265
 1.160000 -2.490410 2.978779 20.079365
 1.180000 -2.438869 2.933542 19.518609
 1.200000 -2.524110 3.049239 20.277030
 1.220000 -2.583498 3.104809 20.514910
 1.240000 -2.595026 -3.074183 19.032627
 1.260000 -2.772581 3.132632 23.083673
 1.280000 -2.730016 -3.093526 21.131822
 1.300000 -2.659203 -3.007751 18.193962
 1.320000 -2.582932 -2.943682 16.147789
 1.340000 -2.480950 -3.101393 18.707334
 1.360000 -2.470585 3.126711 19.297330
 1.380000 -2.602918 -3.089933 19.405322
 1.400000 -2.543907 -3.000574 17.223756
 1.420000 -2.572985 -3.102524 19.331708
 1.440000 -2.593553 -3.101921 19.522648
 1.460000 -2.573048 -2.980252 16.925807
 1.480000 -2.579524 -2.969088 16.709359
 1.500000 -2.676474 -2.883540 15.122575
 1.520000 -2.620320 -2.924396 15.861235
 1.540000 -2.615677 -2.951928 16.502331
 1.560000 -2.607131 -2.969007 16.857564
 1.580000 -2.515642 -3.039285 17.856021
 1.600000 -2.606824 3.139486 20.350442
 1.620000 -2.559206 3.076913 20.491390
 1.640000 -2.542938 -3.140510 19.617297
 1.660000 -2.565132 3.052947 20.750486
 1.680000 -2.428640 3.078821 19.466904
 1.700000 -2.441369 -3.108601 18.687076
 1.720000 -2.383649 3.127766 19.111309
 1.740000 -2.433112 3.062543 19.552305
 1.760000 -2.551212 3.031657 20.688670
 1.780000 -2.543344 3.009939 20.667569
 1.800000 -2.527171 2.920871 20.427574
 1.820000 -2.485103 2.865205 19.613266
 1.840000 -2.425657 2.755003 18.249837
 1.860000 -2.436293 2.701269 17.987190
 1.880000 -2.479674 2.751719 18.777266
 1.900000 -2.500531 2.647079 18.444797
 1.920000 -2.446302 2.591465 17.631055
 1.940000 -2.385502 2.635367 17.395512
 1.960000 -2.458932 2.679927 18.084182
 1.980000 -2.528187 2.460441 18.589695
 2.000000 -2.692155 2.388501 22.107174
 2.020000 -2.689808 2.324446 22.111395
 2.040000 -2.543793 2.433949 18.876707
 2.060000 -2.478038 2.362529 18.452011
 2.080000 -2.455907 2.416777 18.006896
 2.100000 -2.375147 2.449006 17.679173
 2.120000 -2.368308 2.538432 17.320552
 2.140000 -2.315533 2.538592 17.492358
 2.160000 -2.263333 2.507775 18.090092
 2.180000 -2.160987 2.599898 19.171755
 2.200000 -2.272760 2.771379 18.290134
 2.220000 -2.250123 2.792256 18.596831
 2.240000 -2.360884 2.702809 17.631795
 2.260000 -2.396354 2.798263 18.381864
 2.280000 -2.443187 2.823774 18.894035
 2.300000 -2.457514 2.908043 19.552874
 2.320000 -2.544083 2.857810 20.438504
 2.340000 -2.596210 2.960869 21.605198
 2.360000 -2.584188 2.972675 21.375138
 2.380000 -2.670893 3.073513 22.242439
 2.400000 -2.503652 2.951734 20.191995
 2.420000 -2.608545 2.788368 21.361069
 2.440000 -2.494479 2.982896 20.122980
 2.460000 -2.552282 2.741161 19.873285
 2.480000 -2.482488 2.637416 18.156588
 2.500000 -2.485895 2.606295 18.088560
 2.520000 -2.255364 2.676696 17.930381
 2.540000 -2.360349 2.507924 17.418536
 2.560000 -2.291055 2.509912 17.794886
 2.580000 -2.452800 2.452621 17.826322
 2.600000 -2.323002 2.456373 17.873974
 2.620000 -2.318815 2.517424 17.551007
 2.640000 -2.301562 2.398137 18.574559
 2.660000 -2.222509 2.480677 18.844520
 2.680000 -2.292070 2.528862 17.694963
 2.700000 -2.215420 2.539113 18.539430
 2.720000 -2.329081 2.565928 17.363452
 2.740000 -2.301474 2.651211 17.536991
 2.760000 -2.519759 2.772842 19.504938
 2.780000 -2.409331 2.933542 19.345345
 2.800000 -2.740184 2.784398 24.790095
 2.820000 -2.708163 2.869392 24.126511
 2.840000 -2.828954 2.978107 26.588675
 2.860000 -2.778346 2.980720 25.452616
 2.880000 -2.668654 3.103166 21.803824
 2.900000 -2.585057 2.898472 21.345988
 2.920000 -2.471369 3.013580 19.896577
 2.940000 -2.456878 3.115365 19.335010
 2.960000 -2.386573 -3.112012 18.712529
 2.980000 -2.520131 2.982360 20.415378
 3.000000 -2.402033 3.019464 19.530651
 3.020000 -2.542158 3.035343 20.555346
 3.040000 -2.405091 2.928872 19.303625
 3.060000 -2.611453 2.877930 21.827017
 3.080000 -2.394760 2.704374 17.735622
 3.100000 -2.410701 2.600894 17.410745
 3.120000 -2.271528 2.610912 17.688156
 3.140000 -2.420989 2.463371 17.630148
 3.160000 -2.458060 2.258908 19.183138
 3.180000 -2.578577 2.356830 19.674171
 3.200000 -2.555697 2.329024 19.440544
 3.220000 -2.491920 2.214186 19.667691
 3.240000 -2.502406 2.254287 19.385088
 3.260000 -2.527007 2.405947 18.721560
 3.280000 -2.417325 2.557518 17.406278
 3.300000 -2.363862 2.438354 17.779853
 3.320000 -2.280740 2.589485 17.625025
 3.340000 -2.254304 2.597047 17.858246
 3.360000 -2.359850 2.740260 17.855520
 3.380000 -2.424760 2.764479 18.309874
 3.400000 -2.492138 2.774048 19.097770
 3.420000 -2.526110 2.698891 19.130350
 3.440000 -2.509202 2.874750 19.981975
 3.460000 -2.668109 2.823983 22.985269
 3.480000 -2.558673 2.801399 20.382992
 3.500000 -2.636112 2.853636 22.305621
 3.520000 -2.470528 2.769226 18.786912
 3.540000 -2.490649 2.727252 18.758990
 3.560000 -2.434370 2.810718 18.722791
 3.580000 -2.372815 2.819699 18.456135
 3.600000 -2.344571 2.846650 18.625548
 3.620000 -2.338687 2.648586 17.405511
 3.640000 -2.331367 2.758369 17.976331
 3.660000 -2.458192 2.674401 18.047094
 3.680000 -2.455644 2.704607 18.190738
 3.700000 -2.540832 2.519830 18.751715
 3.720000 -2.498206 2.422534 18.322159
 3.740000 -2.491308 2.445748 18.169319
 3.760000 -2.485397 2.421711 18.201005
 3.780000 -2.497798 2.401019 18.407468
 3.800000 -2.415566 2.353668 18.326975
 3.820000 -2.423065 2.443454 17.729844
 3.840000 -2.380050 2.412942 17.912498
 3.860000 -2.517184 2.484219 18.398589
 3.880000 -2.519988 2.594726 18.543122
 3.900000 -2.483564 2.674801 18.348586
 3.920000 -2.357873 2.677119 17.502152
 3.940000 -2.345729 2.659078 17.431169
 3.960000 -2.188793 2.744181 18.943724
 3.980000 -2.296688 2.778048 18.210376
 4.000000 -2.229802 2.880153 19.413310
 4.020000 -2.266174 2.660612 17.793815
 4.040000 -2.357620 2.786617 18.178472
 4.060000 -2.458127 2.729821 18.376544
 4.080000 -2.562500 2.890711 20.903225
 4.100000 -2.721205 2.665910 23.694120
 4.120000 -2.646965 2.818215 22.430236
 4.140000 -2.608524 2.690523 20.777868
 4.160000 -2.508849 2.642831 18.549717
 4.180000 -2.411549 2.676394 17.673940
 4.200000 -2.441750 2.700261 18.029290
 4.220000 -2.404025 2.681824 17.659159
 4.240000 -2.383143 2.688414 17.604801
 4.260000 -2.481037 2.675607 18.320231
 4.280000 -2.465929 2.814858 19.058970
 4.300000 -2.494476 2.735495 18.866672
 4.320000 -2.441381 2.743454 18.301770
 4.340000 -2.456353 2.685192 18.085743
 4.360000 -2.272246 2.733550 18.054369
 4.380000 -2.410159 2.768510 18.238719
 4.400000 -2.349026 2.593754 17.296395
 4.420000 -2.354759 2.548511 17.317212
 4.440000 -2.370151 2.653966 17.422761
 4.460000 -2.492264 2.588736 18.123000
 4.480000 -2.488069 2.661192 18.337949
 4.500000 -2.513267 2.583652 18.407712
 4.520000 -2.400110 2.708541 17.784950
 4.540000 -2.346871 2.583386 17.298342
 4.560000 -2.332134 2.590960 17.334819
 4.580000 -2.439242 2.536657 17.541443
 4.600000 -2.226103 2.567216 18.262176
 4.620000 -2.350351 2.596699 17.296169
 4.640000 -2.372898 2.456502 17.639296
 4.660000 -2.561155 2.410290 19.212392
 4.680000 -2.628863 2.468428 20.519944
 4.700000 -2.750897 2.484682 23.862659
 4.720000 -2.618691 2.404936 20.323792
 4.740000 -2.631337 2.466745 20.577690
 4.760000 -2.528042 2.466664 18.577164
 4.780000 -2.386256 2.551350 17.310018
 4.800000 -2.397205 2.615056 17.381095
 4.820000 -2.315703 2.540914 17.484172
 4.840000 -2.300294 2.644403 17.527063
 4.860000 -2.259818 2.746585 18.219474
 4.880000 -2.389433 2.834888 18.625422
 4.900000 -2.370539 2.714919 17.716414
 4.920000 -2.472297 2.847706 19.353804
 4.940000 -2.385673 2.900586 19.071289
 4.960000 -2.291109 2.877767 18.982398
 4.980000 -2.320682 2.814397 18.404380
 5.000000 -2.316158 2.941282 19.305217
 5.020000 -2.352533 2.974220 19.395048
 5.040000 -2.411827 2.792794 18.426329
 5.060000 -2.690324 2.738379 23.185246
 5.080000 -2.692047 2.790098 23.480448
 5.100000 -2.894142 2.754979 28.745644
 5.120000 -2.776803 2.738448 25.655980
 5.140000 -2.753777 2.517689 24.039141
 5.160000 -2.572632 2.562532 19.412987
 5.180000 -2.485728 2.634877 18.187902
 5.200000 -2.423909 2.685543 17.801865
 5.220000 -2.280458 2.642482 17.645955
 5.240000 -2.231576 2.578758 18.154835
 5.260000 -2.256062 2.510199 18.160755
 5.280000 -2.232182 2.502467 18.527478
 5.300000 -2.386801 2.424661 17.815691
 5.320000 -2.328615 2.479724 17.684175
 5.340000 -2.223157 2.513655 18.580805
 5.360000 -2.194240 2.480640 19.321387
 5.380000 -2.227023 2.476091 18.813892
 5.400000 -2.241396 2.396519 19.414052
 5.420000 -2.541534 2.553031 18.803151
 5.440000 -2.417265 2.605723 17.454969
 5.460000 -2.406672 2.747919 18.072985
 5.480000 -2.554340 2.658231 19.419277
 5.500000 -2.543784 2.876323 20.522209
 5.520000 -2.746094 2.916969 25.045867
 5.540000 -2.679119 3.033734 22.829971
 5.560000 -2.634404 3.113150 21.114736
 5.580000 -2.473151 3.029145 19.882768
 5.600000 -2.517906 -3.009991 17.314724
 5.620000 -2.416507 -3.116165 18.745641
 5.640000 -2.597187 3.050645 21.229066
 5.660000 -2.561824 3.109480 20.203578
 5.680000 -2.561086 3.114173 20.142793
 5.700000 -2.608738 -3.084519 19.364797
 5.720000 -2.314490 -3.012509 17.656270
 5.740000 -2.394823 -3.116974 18.756791
 5.760000 -2.353434 -3.052544 18.064572
 5.780000 -2.424794 3.076833 19.464190
 5.800000 -2.426797 3.113724 19.248997
 5.820000 -2.482131 2.977226 19.996266
 5.840000 -2.397432 2.837994 18.683847
 5.860000 -2.569321 2.859745 20.904239
 5.880000 -2.486720 2.699572 18.531553
 5.900000 -2.495421 2.610808 18.229099
 5.920000 -2.454724 2.558463 17.662158
 5.940000 -2.368168 2.614185 17.313352
 5.960000 -2.337715 2.570725 17.327649
 5.980000 -2.378238 2.487608 17.474101
 6.000000 -2.484175 2.392386 18.326970
 6.020000 -2.379866 2.363970 18.318114
 6.040000 -2.367945 2.404652 18.016397
 6.060000 -2.285739 2.331662 19.539007
 6.080000 -2.264198 2.426844 18.740562
 6.100000 -2.313373 2.512799 17.606279
 6.120000 -2.388597 2.557634 17.308928
 6.140000 -2.376958 2.485030 17.486421
 6.160000 -2.497459 2.425903 18.301700
 6.180000 -2.494218 2.603654 18.190070
 6.200000 -2.535498 2.728495 19.479706
 6.220000 -2.634857 2.724236 21.624611
 6.240000 -2.555766 2.764440 20.092028
 6.260000 -2.523956 2.741002 19.360349
 6.280000 -2.477316 2.920540 19.803195
 6.300000 -2.466437 2.921778 19.698993
 6.320000 -2.341941 2.915173 19.109350
 6.340000 -2.383526 2.972940 19.415022
 6.360000 -2.269666 3.091950 19.724248
 6.380000 -2.388939 2.950660 19.346129
 6.400000 -2.303688 2.882651 18.967475
 6.420000 -2.451229 2.827558 18.996005
 6.440000 -2.378817 2.864557 18.807328
 6.460000 -2.423980 2.625819 17.548773
 6.480000 -2.359266 2.633327 17.349555
 6.500000 -2.395359 2.566798 17.321433
 6.520000 -2.324057 2.510739 17.549439
 6.540000 -2.414065 2.456784 17.641028
 6.560000 -2.545376 2.262802 19.689537
 6.580000 -2.495111 2.374155 18.515510
 6.600000 -2.677870 2.386602 21.740046
 6.620000 -2.556008 2.521092 19.019954
 6.640000 -2.524333 2.471880 18.515655
 6.660000 -2.481083 2.561459 17.934303
 6.680000 -2.436355 2.638192 17.681309
 6.700000 -2.385056 2.654077 17.457682
 6.720000 -2.421343 2.682982 17.770238
 6.740000 -2.301697 2.668454 17.586555
 6.760000 -2.401018 2.853341 18.813446
 6.780000 -2.460311 2.789110 18.813184
 6.800000 -2.504152 2.808916 19.508229
 6.820000 -2.655383 2.767670 22.397706
 6.840000 -2.442031 2.872972 19.218863
 6.860000 -2.542794 2.952194 20.717037
 6.880000 -2.328679 2.912029 19.104429
 6.900000 -2.246632 2.909888 19.478990
 6.920000 -2.198245 2.870486 19.660426
 6.940000 -2.358327 2.726111 17.763483
 6.960000 -2.335872 2.818801 18.415925
 6.980000 -2.469627 2.642053 18.020509
 7.000000 -2.424988 2.602569 17.494738
 7.020000 -2.483772 2.591612 18.021710
 7.040000 -2.633331 2.494122 20.649005
 7.060000 -2.517812 2.630025 18.634834
 7.080000 -2.452962 2.477136 17.743501
 7.100000 -2.349609 2.549990 17.324994
 7.120000 -2.280775 2.520015 17.837620
 7.140000 -2.489166 2.457368 18.112602
 7.160000 -2.515083 2.473160 18.385460
 7.180000 -2.410946 2.494942 17.482104
 7.200000 -2.446642 2.426697 17.907129
 7.220000 -2.320037 2.616630 17.391682
 7.240000 -2.406762 2.532734 17.382054
 7.260000 -2.476578 2.710787 18.468749
 7.280000 -2.374865 2.890812 18.979113
 7.300000 -2.437004 2.831825 18.898030
 7.320000 -2.350653 2.763169 18.002739
 7.340000 -2.397015 2.743779 17.993161
 7.360000 -2.553012 2.822375 20.402690
 7.380000 -2.585475 2.768277 20.726405
 7.400000 -2.451422 2.764051 18.541230
 7.420000 -2.547970 2.543662 18.901665
 7.440000 -2.363708 2.846676 18.641092
 7.460000 -2.541464 2.718253 19.523044
 7.480000 -2.582073 2.878070 21.224647
 7.500000 -2.482317 2.761278 18.877318
 7.520000 -2.484969 2.702668 18.526885
 7.540000 -2.485485 2.672603 18.362116
 7.560000 -2.410223 2.622549 17.458201
 7.580000 -2.505884 2.458492 18.297130
 7.600000 -2.439831 2.444203 17.790167
 7.620000 -2.266925 2.424730 18.725288
 7.640000 -2.486948 2.362103 18.517617
 7.660000 -2.209754 2.668158 18.399494
 7.680000 -2.302285 2.542004 17.567111
 7.700000 -2.311223 2.724716 17.808061
 7.720000 -2.314477 2.581313 17.411855
 7.740000 -2.403076 2.661123 17.557949
 7.760000 -2.429006 2.742318 18.188422
 7.780000 -2.415431 2.654461 17.597975
 7.800000 -2.329408 2.710395 17.682028
 7.820000 -2.527307 2.698223 19.146888
 7.840000 -2.396096 2.869148 18.902504
 7.860000 -2.683374 2.674423 22.648649
 7.880000 -2.596681 3.022767 21.406972
 7.900000 -2.794444 3.026029 25.313619
 7.920000 -2.653018 3.118004 21.329157
 7.940000 -2.812943 2.892059 26.777332
 7.960000 -2.605818 2.976638 21.752278
 7.980000 -2.670091 2.971494 23.065155
 8.000000 -2.363139 3.032488 19.487684
 8.020000 -2.270217 2.867444 19.016957
 8.040000 -2.212305 2.811845 19.087916
 8.060000 -2.039420 2.923677 22.378183
 8.080000 -2.275556 2.938931 19.465051
 8.100000 -2.255732 2.742594 18.227477
 8.120000 -2.366987 2.561679 17.287812
 8.140000 -2.270702 2.750486 18.166204
 8.160000 -2.434379 2.490885 17.589984
 8.180000 -2.358582 2.570974 17.286195
 8.200000 -2.552783 2.277243 19.684708
 8.220000 -2.432958 2.474638 17.634133
 8.240000 -2.377941 2.566146 17.288998
 8.260000 -2.577961 2.394141 19.544187
 8.280000 -2.374657 2.621723 17.336078
 8.300000 -2.584400 2.584787 19.725274
 8.320000 -2.473471 2.821189 19.189190
 8.340000 -2.490725 2.583269 18.090133
 8.360000 -2.354678 2.780399 18.129528
 8.380000 -2.436711 2.772026 18.460330
 8.400000 -2.108347 2.885404 20.991485
 8.420000 -2.429679 2.612478 17.549581
 8.440000 -2.302016 2.624386 17.484233
 8.460000 -2.282884 2.703170 17.828736
 8.480000 -2.521241 2.697568 19.040083
 8.500000 -2.421193 2.700111 17.863085
 8.520000 -2.666527 2.490614 21.487376
 8.540000 -2.703414 2.778671 23.741861
 8.560000 -2.744471 2.778279 24.888605
 8.580000 -2.567412 2.809366 20.601409
 8.600000 -2.618552 2.680912 20.965707
 8.620000 -2.198927 2.871688 19.661353
 8.640000 -2.303853 2.915381 19.191046
 8.660000 -2.237075 3.086324 19.982772
 8.680000 -2.193324 3.042838 20.455845
 8.700000 -2.295902 2.962998 19.485982
 8.720000 -2.208406 -3.106458 19.631462
 8.740000 -2.364825 2.873731 18.841523
 8.760000 -2.393938 2.984040 19.469283
 8.780000 -2.580481 2.834001 20.999406
 8.800000 -2.363788 3.000709 19.463022
 8.820000 -2.639674 2.710563 21.668291
 8.840000 -2.393184 2.711153 17.767969
 8.860000 -2.608493 2.611450 20.374364
 8.880000 -2.606169 2.643130 20.465242
 8.900000 -2.705597 2.659077 23.203911
 8.920000 -2.698771 2.505408 22.400832
 8.940000 -2.628794 2.533303 20.608216
 8.960000 -2.408967 2.636276 17.493428
 8.980000 -2.369611 2.721891 17.756014
 9.000000 -2.352868 2.486217 17.533831
 9.020000 -2.136942 2.552072 19.856523
 9.040000 -2.152765 2.512857 19.827698
 9.060000 -1.956539 2.600255 23.996891
 9.080000 -2.089828 2.446963 22.009372
 9.100000 -2.299352 2.398700 18.593141
 9.120000 -2.308264 2.457503 17.982659
 9.140000 -2.450768 2.354513 18.370664
 9.160000 -2.471526 2.410114 18.141018
 9.180000 -2.577748 2.368629 19.618721
 9.200000 -2.467745 2.673198 18.146100
 9.220000 -2.524041 2.655762 18.855357
 9.240000 -2.322669 2.713265 17.711409
 9.260000 -2.544652 2.503078 18.811066
 9.280000 -2.377445 2.858422 18.758926
 9.300000 -2.637005 2.942881 22.434818
 9.320000 -2.532236 3.014988 20.510231
 9.340000 -2.695160 2.866567 23.789864
 9.360000 -2.586217 3.073615 20.873317
 9.380000 -2.690844 3.087984 22.410135
 9.400000 -2.630651 -2.960341 16.798935
 9.420000 -2.609202 -3.018947 18.014729
 9.440000 -2.554169 -3.092657 19.008125
 9.460000 -2.410391 -2.866371 14.601255
 9.480000 -2.546630 -2.965935 16.506515
 9.500000 -2.505220 -2.933651 15.748692
 9.520000 -2.733182 -2.897855 15.869396
 9.540000 -2.710071 -2.890747 15.513651
 9.560000 -2.674770 -2.965853 17.270839
 9.580000 -2.776197 -2.823871 14.069106
 9.600000 -2.789234 -2.689255 10.921574
 9.620000 -2.617151 -2.638497 10.263456
 9.640000 -2.588835 -2.728086 11.611038
 9.660000 -2.622631 -2.581178 9.680160
 9.680000 -2.565137 -2.563284 9.820955
 9.700000 -2.858044 -2.839739 14.996434
 9.720000 -2.714573 -2.813867 13.518886
 9.740000 -2.867166 -2.919769 17.616105
 9.760000 -2.974632 -2.978920 20.322913
 9.780000 -2.856669 -3.075484 22.471993
 9.800000 -2.717840 -3.003217 18.682728
 9.820000 -2.706935 -3.028898 19.235037
 9.840000 -2.452830 -2.968936 16.456987
 9.860000 -2.583521 -3.010388 17.641978
 9.880000 -2.530739 -2.949458 16.112859
 9.900000 -2.426245 -2.979615 16.688988
 9.920000 -2.534310 -3.063206 18.372955
 9.940000 -2.471007 3.104150 19.493076
 9.960000 -2.575330 3.105619 20.404401
 9.980000 -2.512981 -3.080069 18.538236
 10.000000 -2.548643 3.045773 20.581826
 10.020000 -2.330306 2.956489 19.348487
 10.040000 -2.510838 2.989678 20.300669
 10.060000 -2.407945 -3.131506 18.900842
 10.080000 -2.516722 3.049609 20.197730
 10.100000 -2.531994 2.879260 20.343697
 10.120000 -2.427958 2.785697 18.487266
 10.140000 -2.599951 2.715481 20.724813
 10.160000 -2.469916 2.848710 19.333708
 10.180000 -2.459636 2.676403 18.072908
 10.200000 -2.411226 2.603793 17.418828
 10.220000 -2.431919 2.544351 17.490088
 10.240000 -2.326142 2.625491 17.382289
 10.260000 -2.628121 2.505044 20.537707
 10.280000 -2.408157 2.598006 17.393677
 10.300000 -2.558137 2.487038 19.047648
 10.320000 -2.395121 2.602010 17.348583
 10.340000 -2.425744 2.474127 17.604337
 10.360000 -2.404247 2.560927 17.350445
 10.380000 -2.398063 2.624660 17.408250
 10.400000 -2.243615 2.650686 17.979886
 10.420000 -2.234392 2.683929 18.154767
 10.440000 -2.267199 2.647838 17.757424
 10.460000 -2.266879 2.740817 18.133348
 10.480000 -2.586896 2.757992 20.693531
 10.500000 -2.408115 2.737241 18.009080
 10.520000 -2.477454 2.606581 17.985210
 10.540000 -2.399815 2.671616 17.588935
 10.560000 -2.452832 2.625744 17.781521
 10.580000 -2.435019 2.717329 18.074068
 10.600000 -2.532809 2.631713 18.893681
 10.620000 -2.443078 2.645638 17.766934
 10.640000 -2.525875 2.530372 18.515695
 10.660000 -2.646909 2.588620 21.242967
 10.680000 -2.606930 2.627920 20.410314
 10.700000 -2.840029 2.591446 26.834799
 10.720000 -2.622880 2.561478 20.539197
 10.740000 -2.483510 2.556541 17.957152
 10.760000 -2.418134 2.571947 17.413704
 10.780000 -2.188853 2.575270 18.783917
 10.800000 -2.190330 2.716964 18.799256
 10.820000 -2.178263 2.546433 19.103642
 10.840000 -2.129736 2.542211 20.073046
 10.860000 -2.287787 2.508328 17.833054
 10.880000 -2.412712 2.436518 17.743409
 10.900000 -2.371912 2.517269 17.370894
 10.920000 -2.611811 2.422512 20.152706
 10.940000 -2.476092 2.478802 17.928777
 10.960000 -2.493701 2.400324 18.371349
 10.980000 -2.385642 2.528832 17.343884
 11.000000 -2.417678 2.548644 17.410572
 11.020000 -2.293572 2.631207 17.541631
 11.040000 -2.424861 2.521743 17.473218
 11.060000 -2.195582 2.757628 18.929516
 11.080000 -2.380503 2.683106 17.570205
 11.100000 -2.350523 2.839349 18.571235
 11.120000 -2.412172 2.742397 18.068669
 11.140000 -2.462055 2.826137 19.095982
 11.160000 -2.460694 2.785017 18.787854
 11.180000 -2.425982 2.789114 18.497049
 11.200000 -2.601485 2.701983 20.679049
 11.220000 -2.458085 2.769138 18.646222
 11.240000 -2.551225 2.695866 19.569756
 11.260000 -2.546717 2.579529 18.956218
 11.280000 -2.610233 2.471196 20.094602
 11.300000 -2.622752 2.462216 20.375885
 11.320000 -2.430164 2.631552 17.610254
 11.340000 -2.285138 2.600059 17.583031
 11.360000 -2.185102 2.483804 19.459276
 11.380000 -2.184190 2.699785 18.822631
 11.400000 -2.210907 2.703752 18.486848
 11.420000 -2.271582 2.788751 18.419262
 11.440000 -2.324352 2.561622 17.390179
 11.460000 -2.295632 2.668315 17.616869
 11.480000 -2.488188 2.706876 18.595903
 11.500000 -2.483045 2.702555 18.500834
 11.520000 -2.796346 2.451185 25.120421
 11.540000 -2.666322 2.567801 21.684678
 11.560000 -2.738400 2.474443 23.473248
 11.580000 -2.601341 2.571428 20.059779
 11.600000 -2.643973 2.497197 20.916035
 11.620000 -2.495000 2.574240 18.127340
 11.640000 -2.512491 2.634882 18.571159
 11.660000 -2.309491 2.665803 17.543010
 11.680000 -2.308913 2.681696 17.603929
 11.700000 -2.244640 2.727919 18.240042
 11.720000 -2.056256 2.802554 21.483881
 11.740000 -2.049548 2.837929 21.789361
 11.760000 -1.990244 2.686252 22.749698
 11.780000 -1.941685 2.758105 23.985542
 11.800000 -2.027910 2.810842 22.109505
 11.820000 -2.079872 2.764124 20.843109
 11.840000 -2.166714 2.633469 19.008342
 11.860000 -2.301314 2.704334 17.737523
 11.880000 -2.543795 2.674987 19.307706
 11.900000 -2.441642 2.693951 17.991903
 11.920000 -2.761166 2.474813 24.141578
 11.940000 -2.466507 2.599267 17.841553
 11.960000 -2.651788 2.637994 21.591969
 11.980000 -2.513038 2.650838 18.651861
 12.000000 -2.543357 2.597859 18.951500
 12.020000 -2.413099 2.824267 18.668068
 12.040000 -2.550403 2.729415 19.761598
 12.060000 -2.426311 2.833412 18.825075
 12.080000 -2.703600 2.713511 23.429629
 12.100000 -2.563681 2.893040 20.932286
 12.120000 -2.549011 2.879202 20.623173
 12.140000 -2.545748 2.786790 20.047748
 12.160000 -2.444447 2.702103 18.064946
 12.180000 -2.388680 2.657944 17.484431
 12.200000 -2.373341 2.710055 17.694618
 12.220000 -2.331956 2.744728 17.884342
 12.240000 -2.320641 2.576871 17.386273
 12.260000 -2.440360 2.688224 17.948358
 12.280000 -2.359215 2.663430 17.446155
 12.300000 -2.490481 2.680174 18.470515
 12.320000 -2.458962 2.603497 17.774624
 12.340000 -2.351250 2.582551 17.291213
 12.360000 -2.334278 2.611469 17.339878
 12.380000 -2.248112 2.798709 18.658977
 12.400000 -2.210216 2.609527 18.373873
 12.420000 -2.209374 2.712411 18.539112
 12.440000 -2.330625 2.660312 17.457741
 12.460000 -2.302820 2.699633 17.708206
 12.480000 -2.614608 2.617960 20.549165
 12.500000 -2.481744 2.779700 18.999224
 12.520000 -2.659016 2.735082 22.315247
 12.540000 -2.555628 2.801715 20.326813
 12.560000 -2.608033 2.671138 20.656771
 12.580000 -2.487494 2.710132 18.606685
 12.600000 -2.494256 2.616243 18.231602
 12.620000 -2.402511 2.763567 18.159239
 12.640000 -2.452591 2.641343 17.837314
 12.660000 -2.422867 2.543287 17.439357
 12.680000 -2.439713 2.772647 18.491137
 12.700000 -2.451654 2.650597 17.866984
 12.720000 -2.410570 2.667224 17.624851
 12.740000 -2.351467 2.568350 17.297240
 12.760000 -2.314463 2.659719 17.503816
 12.780000 -2.194321 2.684881 18.640140
 12.800000 -2.301764 2.643817 17.518137
 12.820000 -2.306732 2.504298 17.695523
 12.840000 -2.353837 2.591177 17.289379
 12.860000 -2.342487 2.656732 17.426086
 12.880000 -2.556481 2.437904 19.072331
 12.900000 -2.506773 2.642629 18.517241
 12.920000 -2.755407 2.519783 24.094031
 12.940000 -2.625282 2.853522 22.054446
 12.960000 -2.688965 2.615116 22.510640
 12.980000 -2.572351 2.761934 20.408627
 13.000000 -2.532941 2.763665 19.665624
 13.020000 -2.462354 2.934379 19.710830
 13.040000 -2.512312 2.821377 19.711332
 13.060000 -2.446694 2.928837 19.556954
 13.080000 -2.485413 2.975968 20.027074
 13.100000 -2.487731 2.988695 20.055808
 13.120000 -2.428201 2.986292 19.607547
 13.140000 -2.499821 2.801806 19.397868
 13.160000 -2.352050 2.910278 19.076911
 13.180000 -2.382843 2.849485 18.709927
 13.200000 -2.292623 2.712621 17.820579
 13.220000 -2.330512 2.464181 17.769641
 13.240000 -2.423890 2.479207 17.578511
 13.260000 -2.541237 2.377679 19.020344
 13.280000 -2.537951 2.267233 19.581991
 13.300000 -2.444162 2.174512 20.024315
 13.320000 -2.494941 2.250255 19.375852
 13.340000 -2.272303 2.256013 20.795340
 13.360000 -2.432011 2.257269 19.202754
 13.380000 -2.312403 2.331525 19.193605
 13.400000 -2.294911 2.192247 21.337319
 13.420000 -2.202258 2.547595 18.695667
 13.440000 -2.328123 2.482508 17.670822
 13.460000 -2.419125 2.554669 17.415578
 13.480000 -2.696891 2.474542 22.286041
 13.500000 -2.566231 2.670652 19.724361
 13.520000 -2.644251 2.758993 22.063525
 13.540000 -2.614375 2.805889 21.590816
 13.560000 -2.480791 2.844385 19.431527
 13.580000 -2.493127 3.045026 19.995623
 13.600000 -2.376448 3.141039 19.013167
 13.620000 -2.526752 3.081021 20.099354
 13.640000 -2.484768 -3.014221 17.312716
 13.660000 -2.632260 -2.950590 16.569892
 13.680000 -2.474498 -2.815848 13.436546
 13.700000 -2.660337 -2.957725 16.945380
 13.720000 -2.472109 -2.827923 13.669016
 13.740000 -2.534678 -2.693814 11.245514
 13.760000 -2.545321 -2.712205 11.470816
 13.780000 -2.540327 -2.728759 11.739299
 13.800000 -2.710083 -2.711928 11.258563
 13.820000 -2.765653 -2.718791 11.472662
 13.840000 -2.891492 -2.853451 15.613604
 13.860000 -2.943181 -2.722221 12.010040
 13.880000 -2.932032 -2.787685 13.764272
 13.900000 -2.850213 -2.847663 15.192326
 13.920000 -2.823062 -2.798213 13.603256
 13.940000 -2.647483 -2.710182 11.229693
 13.960000 -2.627751 -2.741402 11.798104
 13.980000 -2.462145 -2.794777 13.097197
 14.000000 -2.481084 -2.761276 12.458081
 14.020000 -2.474403 -2.785181 12.886234
 14.040000 -2.460588 -2.757498 12.477714
 14.060000 -2.462470 -2.991355 16.873329
 14.080000 -2.455540 -2.975625 16.581394
 14.100000 -2.479533 -3.050149 17.927919
 14.120000 -2.456396 -3.106307 18.691418
 14.140000 -2.528047 3.092197 20.020993
 14.160000 -2.504232 3.081277 19.891450
 14.180000 -2.629390 3.022653 21.972703
 14.200000 -2.711465 3.062102 23.150353
 14.220000 -2.768508 2.987959 25.167438
 14.240000 -2.744016 2.931374 24.946300
 14.260000 -2.730699 2.830243 24.661461
 14.280000 -2.554491 2.827646 20.460558
 14.300000 -2.544252 2.810887 20.173750
 14.320000 -2.345746 2.726931 17.762362
 14.340000 -2.124970 2.837475 20.431377
 14.360000 -2.134552 2.759232 19.826298
 14.380000 -2.091966 2.757512 20.580414
 14.400000 -2.224427 2.742888 18.517091
 14.420000 -2.240097 2.658510 18.030198
 14.440000 -2.293147 2.626353 17.538117
 14.460000 -2.348130 2.600382 17.301697
 14.480000 -2.417784 2.493241 17.509495
 14.500000 -2.453126 2.436054 17.897931
 14.520000 -2.409559 2.367570 18.217151
 14.540000 -2.505410 2.382530 18.570084
 14.560000 -2.473847 2.405239 18.182108
 14.580000 -2.546432 2.337593 19.272572
 14.600000 -2.592737 2.589320 19.924333
 14.620000 -2.598202 2.595390 20.070033
 14.640000 -2.667631 2.570767 21.731068
 14.660000 -2.643765 2.614554 21.268881
 14.680000 -2.544213 2.571905 18.890656
 14.700000 -2.478675 2.669007 18.255653
 14.720000 -2.289902 2.641446 17.580993
 14.740000 -2.290067 2.604290 17.546567
 14.760000 -2.246300 2.589572 17.955377
 14.780000 -2.207813 2.709236 18.545226
 14.800000 -2.276206 2.642160 17.676468
 14.820000 -2.281723 2.542610 17.729812
 14.840000 -2.320560 2.641374 17.432028
 14.860000 -2.355180 2.693746 17.579445
 14.880000 -2.320556 2.621403 17.395505
 14.900000 -2.343564 2.480889 17.598475
 14.920000 -2.416368 2.544248 17.407126
 14.940000 -2.310242 2.630916 17.452429
 14.960000 -2.295993 2.709044 17.785629
 14.980000 -2.461552 2.662815 18.024759
 15.000000 -2.436403 2.865717 19.126417
 15.020000 -2.563657 2.939631 21.035270
 15.040000 -2.664897 2.906654 23.078081
 15.060000 -2.713775 2.795366 24.095234
 15.080000 -2.697342 2.892676 23.862630
 15.100000 -2.685874 3.041164 22.890287
 15.120000 -2.521814 2.997079 20.422393
 15.140000 -2.592697 2.961342 21.540670
 15.160000 -2.588253 2.943771 21.469019
 15.180000 -2.559845 3.058219 20.644565
 15.200000 -2.611894 3.090245 21.071964
 15.220000 -2.580684 2.888156 21.231964
 15.240000 -2.472354 2.884301 19.576252
 15.260000 -2.447245 2.867684 19.230200
 15.280000 -2.399450 2.855847 18.823844
 15.300000 -2.269703 2.686309 17.846744
 15.320000 -2.258870 2.639877 17.816787
 15.340000 -2.072616 2.662780 20.816676
 15.360000 -1.986668 2.598329 23.181733
 15.380000 -2.182756 2.496444 19.388462
 15.400000 -2.192392 2.469039 19.466581
 15.420000 -2.268641 2.532473 17.898748
 15.440000 -2.342162 2.426344 17.973223
 15.460000 -2.440344 2.412967 17.952642
 15.480000 -2.554153 2.259357 19.810833
 15.500000 -2.728247 2.422551 23.103340
 15.520000 -2.639012 2.405425 20.778668
 15.540000 -2.607899 2.397111 20.110390
 15.560000 -2.585381 2.536414 19.621449
 15.580000 -2.554818 2.555969 19.049107
 15.600000 -2.654570 2.677401 21.872567
 15.620000 -2.544786 2.813157 20.197389
 15.640000 -2.526376 2.906983 20.371120
 15.660000 -2.323383 2.932594 19.239061
 15.680000 -2.360879 3.060010 19.455888
 15.700000 -2.296296 3.056658 19.654757
 15.720000 -2.385408 3.027785 19.497303
 15.740000 -2.230075 3.041601 20.109501
 15.760000 -2.310000 2.943917 19.337909
 15.780000 -2.245113 2.951378 19.736176
 15.800000 -2.284146 2.858471 18.872038
 15.820000 -2.407497 2.794052 18.409593
 15.840000 -2.470129 2.663332 18.123615
 15.860000 -2.559460 2.591751 19.234955
 15.880000 -2.599096 2.505409 19.871006
 15.900000 -2.522108 2.470821 18.485702
 15.920000 -2.531568 2.382414 18.872190
 15.940000 -2.639307 2.311759 20.979601
 15.960000 -2.616458 2.219393 20.929388
 15.980000 -2.578405 2.231975 20.283753
 16.000000 -2.491552 2.318859 18.832848
 16.020000 -2.353746 2.383637 18.270525
 16.040000 -2.303177 2.481189 17.859680
 16.060000 -2.360241 2.426448 17.878997
 16.080000 -2.397407 2.327747 18.592524
 16.100000 -2.336721 2.557317 17.348753
 16.120000 -2.214642 2.480033 18.976283
 16.140000 -2.267264 2.648099 17.757383
 16.160000 -2.149493 2.560774 19.554231
 16.180000 -2.247197 2.694736 18.066505
 16.200000 -2.315313 2.748610 17.943133
 16.220000 -2.331182 2.712958 17.693138
 16.240000 -2.393124 2.681392 17.606144
 16.260000 -2.471665 2.890780 19.603954
 16.280000 -2.590670 2.836791 21.223667
 16.300000 -2.622293 2.850203 21.974039
 16.320000 -2.618545 2.879419 21.984843
 16.340000 -2.631135 2.883613 22.274407
 16.360000 -2.521008 2.998611 20.410424
 16.380000 -2.468116 2.865127 19.418304
 16.400000 -2.487318 2.874946 19.696271
 16.420000 -2.475267 2.898115 19.680197
 16.440000 -2.593057 2.912700 21.531722
 16.460000 -2.637519 2.863221 22.368451
 16.480000 -2.590602 2.755668 20.760664
 16.500000 -2.469808 2.721335 18.453163
 16.520000 -2.465013 2.762956 18.678852
 16.540000 -2.455900 2.628837 17.822245
 16.560000 -2.521928 2.611922 18.631301
 16.580000 -2.375307 2.632716 17.364150
 16.600000 -2.279060 2.584208 17.645368
 16.620000 -2.218117 2.532112 18.538974
 16.640000 -2.329440 2.453980 17.846200
 16.660000 -2.384053 2.557542 17.301407
 16.680000 -2.544533 2.578758 18.914421
 16.700000 -2.400587 2.550830 17.342919
 16.720000 -2.430506 2.463483 17.665202
 16.740000 -2.364177 2.553417 17.298164
 16.760000 -2.466815 2.643564 17.995044
 16.780000 -2.559053 2.732961 19.953083
 16.800000 -2.467769 2.671380 18.136958
 16.820000 -2.513847 2.670781 18.766464
 16.840000 -2.458253 2.869726 19.345641
 16.860000 -2.605279 2.876557 21.691390
 16.880000 -2.596142 2.993477 21.529540
 16.900000 -2.719833 2.896209 24.425447
 16.920000 -2.440632 2.974823 19.659846
 16.940000 -2.551299 3.088831 20.293677
 16.960000 -2.370209 3.067165 19.431258
 16.980000 -2.453995 2.914482 19.552587
 17.000000 -2.328139 2.905008 19.059732
 17.020000 -2.318501 2.803826 18.328804
 17.040000 -2.329888 2.619863 17.362415
 17.060000 -2.349396 2.710897 17.668773
 17.080000 -2.447175 2.743190 18.354385
 17.100000 -2.391841 2.658933 17.499821
 17.120000 -2.469039 2.603184 17.879169
 17.140000 -2.435798 2.514033 17.545762
 17.160000 -2.621817 2.533917 20.440405
 17.180000 -2.445276 2.561076 17.584958
 17.200000 -2.558615 2.533581 19.082433
 17.220000 -2.387379 2.467199 17.563436
 17.240000 -2.413232 2.534363 17.403324
 17.260000 -2.489411 2.612125 18.152596
 17.280000 -2.556989 2.638650 19.374845
 17.300000 -2.466957 2.581582 17.808372
 17.320000 -2.540025 2.663777 19.177257
 17.340000 -2.418495 2.713807 17.925473
 17.360000 -2.480038 2.645810 18.161525
 17.380000 -2.580795 2.630916 19.831627
 17.400000 -2.375324 2.559411 17.291133
 17.420000 -2.455604 2.499781 17.707547
 17.440000 -2.313985 2.609508 17.411045
 17.460000 -2.384194 2.546181 17.313098
 17.480000 -2.347696 2.744202 17.872354
 17.500000 -2.387591 2.762647 18.082702
 17.520000 -2.286669 2.647747 17.614120
 17.540000 -2.348903 2.641005 17.372309
 17.560000 -2.305553 2.742953 17.938244
 17.580000 -2.423700 2.740162 18.132960
 17.600000 -2.382409 2.705256 17.692958
 17.620000 -2.441603 2.606871 17.625828
 17.640000 -2.473916 2.673766 18.221804
 17.660000 -2.592188 2.638833 20.120929
 17.680000 -2.569385 2.748655 20.262629
 17.700000 -2.738509 2.723756 24.486297
 17.720000 -2.617785 2.717702 21.161671
 17.740000 -2.663640 2.851479 22.963076
 17.760000 -2.607420 2.844062 21.616657
 17.780000 -2.533412 2.747410 19.565869
 17.800000 -2.521277 2.691823 19.006534
 17.820000 -2.383596 2.720788 17.788392
 17.840000 -2.214429 2.670215 18.345409
 17.860000 -2.254941 2.556793 17.946475
 17.880000 -2.305424 2.725413 17.832839
 17.900000 -2.258698 2.707111 18.018513
 17.920000 -2.326785 2.689512 17.582422
 17.940000 -2.394189 2.485771 17.482527
 17.960000 -2.296189 2.566571 17.544496
 17.980000 -2.434791 2.564160 17.509715
 18.000000 -2.332162 2.467192 17.739983
 18.020000 -2.320428 2.292607 19.578238
 18.040000 -2.312832 2.364650 18.807925
 18.060000 -2.413780 2.402078 17.959217
 18.080000 -2.383312 2.415464 17.886464
 18.100000 -2.467682 2.498996 17.810431
 18.120000 -2.483776 2.561214 17.965690
 18.140000 -2.537259 2.611762 18.891636
 18.160000 -2.618544 2.630005 20.700158
 18.180000 -2.519109 2.513935 18.407461
 18.200000 -2.537010 2.437141 18.767008
 18.220000 -2.388255 2.585952 17.309722
 18.240000 -2.353089 2.600810 17.296237
 18.260000 -2.383143 2.551573 17.305513
 18.280000 -2.488251 2.593973 18.084051
 18.300000 -2.381939 2.767903 18.099253
 18.320000 -2.439533 2.771488 18.481246
 18.340000 -2.425264 2.823777 18.747245
 18.360000 -2.344309 2.796686 18.244975
 18.380000 -2.379484 2.937740 19.264358
 18.400000 -2.167362 2.844042 19.852862
 18.420000 -2.276052 2.743782 18.090174
 18.440000 -2.223115 2.777976 18.743481
 18.460000 -2.364734 2.838242 18.579228
 18.480000 -2.449644 2.751506 18.435681
 18.500000 -2.595426 2.708498 20.578360
 18.520000 -2.613194 2.628947 20.564913
 18.540000 -2.686016 2.733387 23.039499
 18.560000 -2.581213 2.737567 20.442224
 18.580000 -2.589750 2.437431 19.681101
 18.600000 -2.613002 2.424643 20.175880
 18.620000 -2.536658 2.389168 18.912323
 18.640000 -2.539722 2.411853 18.875969
 18.660000 -2.501324 2.435585 18.309170
 18.680000 -2.366748 2.473167 17.560756
 18.700000 -2.417447 2.587544 17.424472
 18.720000 -2.355410 2.731775 17.796060
 18.740000 -2.411272 2.735194 18.014691
 18.760000 -2.315555 2.709858 17.712360
 18.780000 -2.233696 2.821092 18.944845
 18.800000 -2.051156 2.692641 21.286088
 18.820000 -2.001067 2.730658 22.484478
 18.840000 -2.068797 2.701321 20.903544
 18.860000 -2.128630 2.797841 20.131280
 18.880000 -2.195084 2.738281 18.832758
 18.900000 -2.225130 2.667387 18.212270
 18.920000 -2.440686 2.672815 17.869943
 18.940000 -2.507092 2.740032 19.082857
 18.960000 -2.867500 2.751965 28.126574
 18.980000 -2.835559 2.631248 26.873767
 19.000000 -2.924134 2.518403 28.690871
 19.020000 -2.746336 2.570052 24.001668
 19.040000 -2.597456 2.716347 20.672589
 19.060000 -2.565456 2.621606 19.468329
 19.080000 -2.436484 2.758374 18.361563
 19.100000 -2.487979 2.722450 18.691341
 19.120000 -2.385753 2.781195 18.209900
 19.140000 -2.425433 2.757448 18.265269
 19.160000 -2.365886 2.797749 18.274830
 19.180000 -2.453877 2.757322 18.518961
 19.200000 -2.142091 2.769242 19.754652
 19.220000 -2.387736 2.617259 17.354911
 19.240000 -2.148890 2.574963 19.491928
 19.260000 -2.194113 2.634229 18.581660
 19.280000 -2.267723 2.655418 17.768903
 19.300000 -2.297695 2.626599 17.511117
 19.320000 -2.384443 2.490935 17.457976
 19.340000 -2.471081 2.556894 17.818773
 19.360000 -2.554426 2.617643 19.232977
 19.380000 -2.431057 2.638754 17.642359
 19.400000 -2.571853 2.529577 19.332596
 19.420000 -2.368535 2.411737 17.957976
 19.440000 -2.261210 2.481865 18.292660
 19.460000 -2.430111 2.597543 17.518559
 19.480000 -2.282954 2.487233 18.008858
 19.500000 -2.324358 2.568955 17.378910
 19.520000 -2.448234 2.549611 17.604399
 19.540000 -2.297262 2.546064 17.590482
 19.560000 -2.618584 2.437103 20.287396
 19.580000 -2.596256 2.468152 19.793099
 19.600000 -2.445290 2.514219 17.606840
 19.620000 -2.463290 2.565186 17.747635
 19.640000 -2.356820 2.530213 17.353827
 19.660000 -2.258163 2.551900 17.928955
 19.680000 -2.362077 2.717456 17.716178
 19.700000 -2.252434 2.932149 19.575311
 19.720000 -2.287190 2.896614 19.135153
 19.740000 -2.424650 2.749084 18.201055
 19.760000 -2.409124 2.810496 18.541389
 19.780000 -2.586840 2.783455 20.848495
 19.800000 -2.712460 2.790767 24.041361
 19.820000 -2.600960 2.536307 19.960944
 19.840000 -2.596677 2.640489 20.231084
 19.860000 -2.448634 2.714167 18.178662
 19.880000 -2.429061 2.706748 17.960374
 19.900000 -2.642142 2.649864 21.397134
 19.920000 -2.506937 2.635888 18.490296
 19.940000 -2.540718 2.712820 19.475295
 19.960000 -2.640067 2.566624 20.985948
 19.980000 -2.445723 2.589500 17.622526
 20.000000 -2.600161 2.568423 20.023742
