#! FIELDS time phi psi metad.bias
#! SET min_phi -pi
#! SET max_phi pi
#! SET min_psi -pi
#! SET max_psi pi
 0.000000 3.141580 -3.141577 20.107720
 0.020000 -2.742157 -2.860242 16.158738
 0.040000 -2.742683 -2.837239 15.631971
 0.060000 -2.753331 -2.804693 14.866193
 0.080000 -2.776086 -2.789903 14.468161
 0.100000 -2.793058 -2.820273 15.092606
 0.120000 -2.738740 -2.794250 14.688323
 0.140000 -2.755195 -2.860780 16.127839
 0.160000 -2.721746 -2.859835 16.224649
 0.180000 -2.759068 -2.874058 16.421172
 0.200000 -2.714618 -2.870701 16.502739
 0.220000 -2.689798 -2.932823 18.037802
 0.240000 -2.688466 -2.926558 17.902118
 0.260000 -2.725848 -2.908374 17.324806
 0.280000 -2.728588 -2.976282 18.832436
 0.300000 -2.880533 -3.055509 20.128249
 0.320000 -2.882931 -3.032566 19.684846
 0.340000 -2.908974 -3.045050 19.895548
 0.360000 -2.890881 -3.119513 21.198170
 0.380000 -2.780485 -3.043671 20.047745
 0.400000 -2.757570 -3.054560 20.306617
 0.420000 -2.691998 -3.098390 21.301915
 0.440000 -2.595698 -3.054077 21.212869
 0.460000 -2.563280 -3.053327 21.498639
 0.480000 -2.585767 -3.059915 21.407886
 0.500000 -2.544925 -3.020640 21.037905
 0.520000 -2.698244 -3.031993 20.105178
 0.540000 -2.571543 -3.042868 21.221203
 0.560000 -2.645901 -3.035605 20.476001
 0.580000 -2.672330 -3.130955 21.883451
 0.600000 -2.597346 3.102060 23.013406
 0.620000 -2.714937 2.995817 23.091826
 0.640000 -2.741156 2.982121 23.094978
 0.660000 -2.799170 3.008340 22.876268
 0.680000 -2.759089 2.906681 23.370025
 0.700000 -2.825730 2.901488 23.373622
 0.720000 -2.626295 2.933812 23.687207
 0.740000 -2.781899 2.942179 23.221299
 0.760000 -2.666648 3.000125 23.258532
 0.780000 -2.705108 2.831661 23.675674
 0.800000 -2.612660 2.902431 23.817423
 0.820000 -2.548523 2.860152 24.247734
 0.840000 -2.585031 2.813581 24.080039
 0.860000 -2.565804 2.744645 24.357090
 0.880000 -2.616871 2.819737 23.932680
 0.900000 -2.614067 2.790229 24.024399
 0.920000 -2.568004 2.799152 24.187584
 0.940000 -2.519525 2.822688 24.442835
 0.960000 -2.611682 2.781621 24.060873
 0.980000 -2.477375 2.898696 24.858679
 1.000000 -2.619152 2.729481 24.284536
 1.020000 -2.628737 2.785815 23.995023
 1.040000 -2.606481 2.771064 24.115344
 1.060000 -2.690621 2.876760 23.566174
 1.080000 -2.710200 2.844568 23.625550
 1.100000 -2.696097 2.826059 23.707663
 1.120000 -2.772261 2.824058 23.669846
 1.140000 -2.765094 2.892465 23.415727
 1.160000 -2.753669 2.882158 23.458318
 1.180000 -2.791107 2.826586 23.661905
 1.200000 -2.642558 2.859364 23.751880
 1.220000 -2.661560 2.782326 23.934199
 1.240000 -2.752777 2.816704 23.702107
 1.260000 -2.728642 2.773604 23.915701
 1.280000 -2.823376 2.807913 23.756193
 1.300000 -2.776205 2.850608 23.563522
 1.320000 -2.703424 2.897965 23.478927
 1.340000 -2.708908 2.789586 23.842785
 1.360000 -2.748878 2.803464 23.762273
 1.380000 -2.615184 2.956161 23.702586
 1.400000 -2.643430 2.955220 23.542177
 1.420000 -2.455788 2.961723 25.141327
 1.440000 -2.438989 3.008440 25.290338
 1.460000 -2.532629 -3.087283 22.414580
 1.480000 -2.519067 3.125292 23.554340
 1.500000 -2.668509 3.078242 22.730906
 1.520000 -2.817902 2.996565 22.936544
 1.540000 -2.854043 3.082774 22.240896
 1.560000 -2.957781 2.962772 23.002465
 1.580000 -3.093372 2.854656 22.402888
 1.600000 -2.891680 2.942609 23.192243
 1.620000 -2.982018 2.709063 23.973508
 1.640000 -2.800061 2.918235 23.309424
 1.660000 -2.679496 2.873834 23.601734
 1.680000 -2.604757 2.965770 23.747399
 1.700000 -2.581897 2.918842 23.989324
 1.720000 -2.547038 2.910439 24.255012
 1.740000 -2.626724 2.791980 23.979059
 1.760000 -2.606406 2.846764 23.926004
 1.780000 -2.542674 2.870608 24.288852
 1.800000 -2.496759 2.652836 25.130620
 1.820000 -2.349470 2.671961 25.586087
 1.840000 -2.489326 2.557738 26.243631
 1.860000 -2.344875 2.664983 25.628758
 1.880000 -2.541075 2.533826 26.593392
 1.900000 -2.582323 2.544532 26.403330
 1.920000 -2.558399 2.569373 26.011272
 1.940000 -2.677393 2.795802 23.850562
 1.960000 -2.840518 2.689795 24.560350
 1.980000 -2.749364 2.808591 23.738600
 2.000000 -2.861995 2.900065 23.379084
 2.020000 -2.677405 2.995865 23.229006
 2.040000 -2.547432 -3.115669 22.697735
 2.060000 -2.595633 3.036340 23.535506
 2.080000 -2.423234 -2.911531 19.731477
 2.100000 -2.492971 -2.896768 18.671310
 2.120000 -2.738134 -2.971397 18.692451
 2.140000 -2.644061 -2.886461 17.223630
 2.160000 -2.887926 -2.782243 13.994312
 2.180000 -2.890158 -2.644864 11.301229
 2.200000 -2.886886 -2.720780 12.696593
 2.220000 -2.890412 -2.733690 12.946939
 2.240000 -2.939749 -2.553306 9.766307
 2.260000 -2.787556 -2.371579 9.139502
 2.280000 -2.736856 -2.660740 12.139483
 2.300000 -2.652227 -2.573565 11.326949
 2.320000 -2.565846 -2.508973 11.132682
 2.340000 -2.721984 -2.516516 10.404896
 2.360000 -2.672420 -2.778250 14.628050
 2.380000 -2.790946 -2.798003 14.601244
 2.400000 -2.776073 -2.707733 12.803433
 2.420000 -2.860351 -2.954133 18.044316
 2.440000 -2.727773 -2.986483 19.053443
 2.460000 -2.770455 -3.026976 19.749634
 2.480000 -2.660222 -2.963391 18.881601
 2.500000 -2.674522 2.983350 23.296580
 2.520000 -2.611235 2.932108 23.778222
 2.540000 -2.695361 2.874232 23.562338
 2.560000 -2.635386 2.891645 23.720764
 2.580000 -2.676556 2.718665 24.285472
 2.600000 -2.629947 2.552465 26.277121
 2.620000 -2.535453 2.605585 25.535934
 2.640000 -2.330044 2.630809 25.845698
 2.660000 -2.220210 2.653753 26.140227
 2.680000 -2.269987 2.549589 26.703660
 2.700000 -2.207866 2.502367 27.406916
 2.720000 -2.386603 2.647525 25.542559
 2.740000 -2.367044 2.403960 29.269599
 2.760000 -2.502587 2.454043 28.149246
 2.780000 -2.520106 2.541133 26.479297
 2.800000 -2.635141 2.639398 25.049205
 2.820000 -2.634485 2.727807 24.267257
 2.840000 -2.753669 2.702414 24.425770
 2.860000 -2.520380 2.792704 24.451122
 2.880000 -2.574725 3.135380 22.851819
 2.900000 -2.572030 3.024964 23.797264
 2.920000 -2.664967 3.110931 22.430017
 2.940000 -2.811319 -2.993073 18.972600
 2.960000 -2.942068 -2.870882 15.922817
 2.980000 -3.015125 -2.887421 16.058243
 3.000000 -3.059321 -2.963817 17.624203
 3.020000 -3.002846 -2.700392 11.825311
 3.040000 -2.779654 -2.493402 9.927838
 3.060000 -2.872772 -2.537824 9.913967
 3.080000 -2.608097 -2.350879 10.061790
 3.100000 -2.730461 -2.239876 9.170188
 3.120000 -2.674747 -2.309645 9.583759
 3.140000 -2.617745 -2.344787 9.990844
 3.160000 -2.770680 -2.300725 9.012011
 3.180000 -2.771187 -2.409979 9.408989
 3.200000 -2.741899 -2.409609 9.561551
 3.220000 -2.920807 -2.575027 10.135471
 3.240000 -2.819319 -2.553809 10.336405
 3.260000 -2.859290 -2.677254 11.967379
 3.280000 -2.811445 -2.809202 14.793893
 3.300000 -2.684870 -2.846446 16.079837
 3.320000 -2.803378 -2.905612 17.033645
 3.340000 -2.877434 -3.024012 19.520842
 3.360000 -2.781476 -3.095021 20.944701
 3.380000 -2.870810 3.015458 22.799727
 3.400000 -2.749671 2.937248 23.269961
 3.420000 -2.637315 2.837479 23.818117
 3.440000 -2.788711 2.626227 25.256651
 3.460000 -2.514306 2.674900 24.911947
 3.480000 -2.435644 2.564256 26.224169
 3.500000 -2.385465 2.588190 26.033495
 3.520000 -2.331635 2.474871 27.774483
 3.540000 -2.317898 2.472642 27.823128
 3.560000 -2.459818 2.766949 24.840462
 3.580000 -2.263986 2.672988 25.953181
 3.600000 -2.409158 2.640745 25.503967
 3.620000 -2.352846 2.722581 25.502564
 3.640000 -2.357258 2.750063 25.504260
 3.660000 -2.396304 2.856321 25.522099
 3.680000 -2.269125 2.786539 26.220267
 3.700000 -2.357105 2.729466 25.480947
 3.720000 -2.422750 2.998148 25.503896
 3.740000 -2.668747 3.005753 23.221121
 3.760000 -2.803302 3.005640 22.890061
 3.780000 -3.031374 3.071851 21.942616
 3.800000 -3.005403 -3.109224 20.785492
 3.820000 -2.856558 -3.001049 19.074287
 3.840000 -2.853062 -3.045674 19.973368
 3.860000 -2.567996 -2.888699 17.813091
 3.880000 -2.600575 -2.976732 19.594205
 3.900000 -2.544869 -2.780483 15.454008
 3.920000 -2.415690 -2.755716 15.843678
 3.940000 -2.552860 -2.623744 12.499442
 3.960000 -2.587960 -2.590754 11.864067
 3.980000 -2.514490 -2.404044 10.751773
 4.000000 -2.758663 -2.383667 9.348866
 4.020000 -2.722286 -2.415948 9.697537
 4.040000 -2.661761 -2.266287 9.596565
 4.060000 -2.777292 -2.387734 9.266607
 4.080000 -2.630982 -2.301232 9.822342
 4.100000 -2.808547 -2.320000 8.843859
 4.120000 -2.844350 -2.477465 9.477962
 4.140000 -2.913904 -2.443224 8.843210
 4.160000 -2.923546 -2.577722 10.158067
 4.180000 -2.932167 -2.628860 10.866821
 4.200000 -2.783901 -2.703769 12.702908
 4.220000 -2.624063 -2.701316 13.359886
 4.240000 -2.707933 -2.813388 15.230346
 4.260000 -2.593911 -2.861006 16.959648
 4.280000 -2.860369 -3.112245 21.114344
 4.300000 -2.708170 -3.066502 20.695947
 4.320000 -2.870393 2.884156 23.439573
 4.340000 -2.712082 2.840429 23.636883
 4.360000 -2.832715 2.688304 24.576419
 4.380000 -2.752053 2.582713 25.848133
 4.400000 -2.722620 2.583486 25.826171
 4.420000 -2.603704 2.590976 25.678248
 4.440000 -2.454385 2.610453 25.633825
 4.460000 -2.404690 2.740034 25.194789
 4.480000 -2.405170 2.750093 25.193004
 4.500000 -2.525942 2.754702 24.490443
 4.520000 -2.544881 2.865389 24.272766
 4.540000 -2.760283 2.721124 24.272533
 4.560000 -2.538451 2.843656 24.316791
 4.580000 -2.737000 2.732973 24.174247
 4.600000 -2.666233 2.749691 24.090596
 4.620000 -2.753079 2.828112 23.654468
 4.640000 -2.813173 2.813058 23.728784
 4.660000 -2.762721 2.863778 23.517610
 4.680000 -2.747782 3.025777 22.833081
 4.700000 -2.853611 3.037930 22.642064
 4.720000 -2.814544 3.129149 21.741943
 4.740000 -2.762483 -3.107430 21.180644
 4.760000 -2.851648 3.094853 22.115444
 4.780000 -2.503319 -3.106009 23.044125
 4.800000 -2.580459 3.108834 23.096236
 4.820000 -2.472017 -3.073398 22.872279
 4.840000 -2.333461 -2.997056 22.848532
 4.860000 -2.445061 -2.988494 21.415206
 4.880000 -2.356212 -2.834148 18.265976
 4.900000 -2.300044 -2.773967 17.037461
 4.920000 -2.507222 -2.698072 14.009876
 4.940000 -2.618176 -2.753959 14.411342
 4.960000 -2.690331 -2.692101 12.865658
 4.980000 -3.100095 -2.766030 12.622128
 5.000000 -2.963903 -2.686867 11.744895
 5.020000 -3.029863 -2.869831 15.555034
 5.040000 3.094680 -2.878261 14.339285
 5.060000 -2.964004 -2.760365 13.264794
 5.080000 -3.048432 -2.718552 11.943089
 5.100000 -2.918537 -2.637090 11.058746
 5.120000 -2.729339 -2.579227 11.029810
 5.140000 -2.823300 -2.606899 10.989573
 5.160000 -2.715440 -2.639060 11.894329
 5.180000 -2.663070 -2.649153 12.287386
 5.200000 -2.787985 -2.794770 14.538688
 5.220000 -2.628079 -2.797466 15.283461
 5.240000 -2.639120 -2.894768 17.446789
 5.260000 -2.720616 -3.046939 20.290491
 5.280000 -2.545986 -3.023989 21.096001
 5.300000 -2.700308 -3.043401 20.312681
 5.320000 -2.737055 -3.081871 20.846770
 5.340000 -2.768498 3.058396 22.548806
 5.360000 -2.764275 -3.130210 21.507933
 5.380000 -2.843451 3.074442 22.328997
 5.400000 -2.694309 2.992500 23.176757
 5.420000 -2.645368 2.716766 24.326304
 5.440000 -2.573890 2.810449 24.138783
 5.460000 -2.503571 2.736703 24.648632
 5.480000 -2.545059 2.581039 25.849827
 5.500000 -2.516584 2.490270 27.403208
 5.520000 -2.587203 2.502800 27.160072
 5.540000 -2.668603 2.486408 27.506468
 5.560000 -2.682186 2.549100 26.355762
 5.580000 -2.836701 2.537289 26.477575
 5.600000 -2.906193 2.345783 29.377471
 5.620000 -2.781423 2.664998 24.803185
 5.640000 -2.779229 2.575562 25.955562
 5.660000 -2.552530 2.718491 24.525432
 5.680000 -2.561719 2.844938 24.167935
 5.700000 -2.426537 2.999702 25.456209
 5.720000 -2.351455 -3.112074 25.006636
 5.740000 -2.359775 -3.064316 24.060260
 5.760000 -2.513985 -3.028850 21.530731
 5.780000 -2.480385 -2.812385 16.688649
 5.800000 -2.545495 -2.857853 17.253838
 5.820000 -2.588423 -2.818975 16.019084
 5.840000 -2.495662 -2.672318 13.614264
 5.860000 -2.707058 -2.698577 12.906148
 5.880000 -2.556519 -2.546356 11.529522
 5.900000 -2.668903 -2.595615 11.511524
 5.920000 -2.690264 -2.578904 11.205420
 5.940000 -2.727350 -2.442009 9.817871
 5.960000 -2.836936 -2.486911 9.593486
 5.980000 -2.925932 -2.483326 9.100413
 6.000000 -3.002030 -2.583553 9.831312
 6.020000 -3.021391 -2.535601 9.093003
 6.040000 -3.028597 -2.573219 9.530305
 6.060000 -2.879688 -2.609311 10.794198
 6.080000 -2.906614 -2.695871 12.143873
 6.100000 -2.695762 -2.641623 12.020150
 6.120000 -2.741486 -2.775652 14.278635
 6.140000 -2.645611 -2.766921 14.527027
 6.160000 -2.581149 -2.865149 17.150282
 6.180000 -2.611285 -3.037536 20.769743
 6.200000 -2.693835 -3.050239 20.471030
 6.220000 -2.712164 3.101354 22.300982
 6.240000 -2.790433 2.999903 22.934038
 6.260000 -2.735631 2.817093 23.705357
 6.280000 -2.671474 2.760183 24.026276
 6.300000 -2.796138 2.751626 24.066559
 6.320000 -2.709802 2.713796 24.316101
 6.340000 -2.764942 2.613736 25.413969
 6.360000 -2.678151 2.663104 24.782011
 6.380000 -2.579902 2.638059 25.105623
 6.400000 -2.468420 2.629845 25.407945
 6.420000 -2.593920 2.695324 24.563252
 6.440000 -2.473386 2.562303 26.195921
 6.460000 -2.738693 2.574354 25.971532
 6.480000 -2.562944 2.586935 25.753504
 6.500000 -2.602628 2.632381 25.147564
 6.520000 -2.603667 2.674730 24.714801
 6.540000 -2.511786 2.748601 24.575341
 6.560000 -2.499942 2.780788 24.583834
 6.580000 -2.525883 2.774786 24.445407
 6.600000 -2.505440 2.657279 25.070220
 6.620000 -2.478547 2.829114 24.742232
 6.640000 -2.683613 2.869252 23.602925
 6.660000 -2.621581 2.698877 24.489728
 6.680000 -2.669710 2.853074 23.680569
 6.700000 -2.830492 2.866093 23.510344
 6.720000 -2.662866 2.966472 23.412003
 6.740000 -2.683264 2.988302 23.238719
 6.760000 -2.709412 3.057556 22.713934
 6.780000 -2.581682 3.070329 23.429549
 6.800000 -2.751222 3.062096 22.551956
 6.820000 -2.835152 3.016716 22.802905
 6.840000 -2.748014 2.948679 23.228181
 6.860000 -2.963263 2.722175 24.002660
 6.880000 -2.817144 2.834201 23.636144
 6.900000 -2.828390 2.725972 24.258634
 6.920000 -2.836505 2.715884 24.337000
 6.940000 -2.657945 2.801888 23.863854
 6.960000 -2.563397 2.808946 24.193871
 6.980000 -2.370275 2.919687 26.012632
 7.000000 -2.230695 2.850716 26.890208
 7.020000 -2.238921 2.896655 27.136120
 7.040000 -2.214957 2.849282 26.983512
 7.060000 -2.101059 2.856157 27.574327
 7.080000 -2.168579 2.638377 26.324509
 7.100000 -2.167686 2.725334 26.429887
 7.120000 -2.152674 2.634813 26.373321
 7.140000 -2.337787 2.645207 25.740140
 7.160000 -2.325546 2.549819 26.604574
 7.180000 -2.459305 2.525384 26.786384
 7.200000 -2.514809 2.594243 25.705986
 7.220000 -2.673919 2.644517 24.986615
 7.240000 -2.701933 2.546313 26.411857
 7.260000 -2.976555 2.593503 24.995041
 7.280000 -2.901111 2.700543 24.388773
 7.300000 -3.052950 2.667788 23.543515
 7.320000 -3.037722 2.817437 23.074467
 7.340000 -3.043253 2.843112 22.957558
 7.360000 -2.969406 3.101894 21.890958
 7.380000 -2.869381 -2.965037 18.275808
 7.400000 -2.786756 -3.012529 19.423121
 7.420000 -2.670118 -2.806570 15.254536
 7.440000 -2.690746 -2.662298 12.363814
 7.460000 -2.564704 -2.668017 13.119721
 7.480000 -2.629753 -2.788320 15.073290
 7.500000 -2.464549 -2.652198 13.457850
 7.520000 -2.655181 -2.667462 12.616211
 7.540000 -2.654099 -2.818705 15.609029
 7.560000 -2.606067 -2.815560 15.823888
 7.580000 -2.652180 -2.714216 13.447813
 7.600000 -2.664037 -2.707976 13.273442
 7.620000 -2.754224 -2.844864 15.766637
 7.640000 -2.861348 -2.784356 14.111283
 7.660000 -2.984648 -2.697613 11.859032
 7.680000 -2.900275 -2.707647 12.392960
 7.700000 -3.019198 -2.947477 17.477842
 7.720000 -2.768316 -2.941462 17.938620
 7.740000 -2.798153 -2.964173 18.373628
 7.760000 -2.757370 -2.934404 17.810372
 7.780000 -2.618632 -3.015727 20.280010
 7.800000 -2.704025 -2.959558 18.568937
 7.820000 -2.473733 -2.760835 15.536599
 7.840000 -2.564371 -2.816832 16.139469
 7.860000 -2.545278 -2.771325 15.249176
 7.880000 -2.658312 -2.803947 15.257626
 7.900000 -2.646701 -2.773241 14.654499
 7.920000 -2.819731 -2.977189 18.618088
 7.940000 -2.822163 -2.813317 14.858813
 7.960000 -2.826616 -2.877517 16.330103
 7.980000 -2.891914 -3.046653 19.947973
 8.000000 -2.686781 -2.959102 18.641113
 8.020000 -2.692180 -2.858284 16.316156
 8.040000 -2.726365 -2.758132 13.970327
 8.060000 -2.634941 -2.668589 12.737888
 8.080000 -2.732185 -2.650422 11.995764
 8.100000 -2.709641 -2.518615 10.483411
 8.120000 -2.717527 -2.457225 9.964799
 8.140000 -2.793859 -2.603187 11.057553
 8.160000 -2.715846 -2.555740 10.823594
 8.180000 -2.715511 -2.609094 11.470477
 8.200000 -2.714092 -2.606913 11.447734
 8.220000 -2.658362 -2.821555 15.650108
 8.240000 -2.729459 -2.745985 13.711726
 8.260000 -2.733854 -2.770856 14.205785
 8.280000 -2.728092 -2.893067 16.964414
 8.300000 -2.887318 -2.945856 17.813730
 8.320000 -2.924718 -2.884583 16.296274
 8.340000 -2.827472 -2.824304 15.095284
 8.360000 -2.742126 -3.003942 19.367866
 8.380000 -2.561100 -3.012441 20.709426
 8.400000 -2.573924 -2.977197 19.829726
 8.420000 -2.552063 -2.993244 20.385755
 8.440000 -2.572792 3.077802 23.452722
 8.460000 -2.561951 -3.031822 21.096598
 8.480000 -2.697030 -3.083064 21.030027
 8.500000 -2.706245 -3.112570 21.450448
 8.520000 -2.869058 -3.097839 20.879218
 8.540000 -2.918313 -3.108149 20.992144
 8.560000 -2.880573 -3.133958 21.418023
 8.580000 -2.989447 3.074864 22.114120
 8.600000 -2.774624 3.016465 22.849217
 8.620000 -2.778944 2.965249 23.123532
 8.640000 -2.673844 3.076984 22.713042
 8.660000 -2.643187 2.868635 23.730995
 8.680000 -2.569442 3.049032 23.688637
 8.700000 -2.596460 -3.127694 22.392391
 8.720000 -2.475039 -2.990327 21.122657
 8.740000 -2.587323 3.126287 22.842373
 8.760000 -2.618250 3.032859 23.381309
 8.780000 -2.573202 -3.020408 20.760265
 8.800000 -2.639643 3.069569 22.980257
 8.820000 -2.626129 2.902263 23.746503
 8.840000 -2.713214 2.738960 24.130081
 8.860000 -2.853298 2.777693 23.916901
 8.880000 -2.807980 2.981264 23.026297
 8.900000 -2.894740 2.812217 23.717915
 8.920000 -2.920483 2.763173 23.921124
 8.940000 -2.855573 2.867624 23.505896
 8.960000 -2.810072 -3.111556 21.155365
 8.980000 -2.916413 3.086982 22.152351
 9.000000 -2.631072 3.050996 23.176792
 9.020000 -2.713220 2.925409 23.375324
 9.040000 -2.481152 3.136822 23.866104
 9.060000 -2.462573 2.926622 25.043706
 9.080000 -2.602234 2.756064 24.188934
 9.100000 -2.524695 2.883945 24.429474
 9.120000 -2.524331 2.838443 24.412477
 9.140000 -2.640141 2.778786 23.993213
 9.160000 -2.583927 2.792810 24.129907
 9.180000 -2.787801 2.787126 23.850277
 9.200000 -2.822633 2.921397 23.294954
 9.220000 -2.708334 2.854145 23.597494
 9.240000 -2.831127 2.614756 25.384428
 9.260000 -2.682886 2.818219 23.756524
 9.280000 -2.683232 2.887768 23.556316
 9.300000 -2.786173 2.969510 23.098096
 9.320000 -2.720675 2.930815 23.341434
 9.340000 -2.698208 2.915581 23.441738
 9.360000 -2.674598 -3.090086 21.263089
 9.380000 -2.571859 -3.003280 20.416202
 9.400000 -2.699487 3.103111 22.335450
 9.420000 -2.697662 3.014871 23.047635
 9.440000 -2.705461 3.084359 22.497381
 9.460000 -2.843047 3.008097 22.857340
 9.480000 -2.850228 3.007817 22.857164
 9.500000 -2.871237 2.908065 23.345622
 9.520000 -2.912908 2.864705 23.484983
 9.540000 -2.818755 3.020031 22.787444
 9.560000 -2.871967 3.119021 21.823182
 9.580000 -2.904276 -3.039922 19.802560
 9.600000 -2.598060 -3.000879 20.136776
 9.620000 -2.531130 -2.955748 19.736979
 9.640000 -2.419856 -3.001947 22.015696
 9.660000 -2.457315 -2.940303 20.114328
 9.680000 -2.549613 -2.943574 19.277187
 9.700000 -2.499813 -3.078386 22.632439
 9.720000 -2.426229 -3.034730 22.667157
 9.740000 -2.654253 -3.082377 21.261236
 9.760000 -2.689745 -2.944135 18.293031
 9.780000 -2.762537 -2.915675 17.368931
 9.800000 -2.753257 -2.917753 17.444377
 9.820000 -2.699810 -2.840812 15.882381
 9.840000 -2.752115 -2.684748 12.479670
 9.860000 -2.802367 -2.824144 15.155139
 9.880000 -2.740460 -2.800716 14.823457
 9.900000 -2.780392 -2.878711 16.467078
 9.920000 -2.759827 -2.908984 17.223558
 9.940000 -2.618147 -2.729008 13.912165
 9.960000 -2.731114 -2.844430 15.836819
 9.980000 -2.678216 -2.776340 14.559200
 10.000000 -2.871492 -2.741935 13.174291
 10.020000 -3.071227 -2.725400 11.940894
 10.040000 -3.041392 -2.693440 11.474166
 10.060000 -3.036607 -2.676869 11.181371
 10.080000 -2.745956 -2.813430 15.085177
 10.100000 -2.630412 -2.908868 17.829488
 10.120000 -2.569554 -2.834117 16.504239
 10.140000 -2.532464 -2.958241 19.782411
 10.160000 -2.469882 3.131446 24.068854
 10.180000 -2.528116 2.900132 24.408327
 10.200000 -2.478904 2.946001 24.888816
 10.220000 -2.651116 2.833317 23.783986
 10.240000 -2.743626 2.854077 23.561068
 10.260000 -2.660139 2.601453 25.535070
 10.280000 -2.700188 2.604213 25.513391
 10.300000 -2.609787 2.547327 26.358092
 10.320000 -2.598363 2.518349 26.868991
 10.340000 -2.634990 2.532756 26.619086
 10.360000 -2.619391 2.435213 28.578269
 10.380000 -2.585473 2.440439 28.458192
 10.400000 -2.699265 2.402939 29.267223
 10.420000 -2.534982 2.633164 25.224990
 10.440000 -2.645316 2.653727 24.886219
 10.460000 -2.548072 2.848141 24.252536
 10.480000 -2.570371 2.683005 24.704784
 10.500000 -2.430417 2.792847 25.059004
 10.520000 -2.599454 2.866799 23.933958
 10.540000 -2.558052 2.824868 24.203826
 10.560000 -2.776809 2.794657 23.807528
 10.580000 -2.973920 2.767393 23.699368
 10.600000 -3.008542 2.975173 22.749270
 10.620000 2.987704 2.941580 18.336865
 10.640000 2.997765 3.041160 18.286357
 10.660000 3.041932 -3.109145 18.004781
 10.680000 -2.948505 -2.773574 13.616370
 10.700000 -2.760559 -2.729157 13.264618
 10.720000 -2.431837 -2.621344 13.149356
 10.740000 -2.489494 -2.577915 12.243963
 10.760000 -2.407858 -2.298953 11.055001
 10.780000 -2.493420 -2.382762 10.782082
 10.800000 -2.613725 -2.535162 11.116907
 10.820000 -2.557898 -2.358877 10.363315
 10.840000 -2.809759 -2.490463 9.757003
 10.860000 -2.512903 -2.383900 10.683778
 10.880000 -2.670887 -2.609469 11.681465
 10.900000 -2.659180 -2.497009 10.550698
 10.920000 -2.787194 -2.522056 10.149749
 10.940000 -2.821023 -2.742700 13.338460
 10.960000 -2.871544 -2.867482 16.002601
 10.980000 -2.933305 -2.865812 15.824384
 11.000000 -2.950256 -3.000973 18.924095
 11.020000 -3.017939 -3.128951 21.027373
 11.040000 -2.765859 -3.135483 21.576693
 11.060000 -2.745937 2.963617 23.170222
 11.080000 -2.486210 2.917845 24.797340
 11.100000 -2.549745 2.786617 24.300317
 11.120000 -2.427024 2.832386 25.170056
 11.140000 -2.571285 2.587871 25.734994
 11.160000 -2.401463 2.534491 26.701305
 11.180000 -2.468467 2.452587 28.181128
 11.200000 -2.383674 2.578625 26.142889
 11.220000 -2.413114 2.442643 28.399127
 11.240000 -2.466320 2.441493 28.421664
 11.260000 -2.245293 2.398730 29.367597
 11.280000 -2.297555 2.529160 26.920723
 11.300000 -2.204042 2.502757 27.404830
 11.320000 -2.150259 2.573127 26.688089
 11.340000 -2.113002 2.871828 27.657409
 11.360000 -2.239294 2.869454 26.957979
 11.380000 -2.274753 2.965918 27.140846
 11.400000 -2.511371 2.862996 24.521327
 11.420000 -2.629199 2.997475 23.479734
 11.440000 -2.692136 3.062957 22.741789
 11.460000 -2.963734 2.962382 22.988111
 11.480000 -3.028482 2.846123 23.070822
 11.500000 -3.116241 2.924327 21.970071
 11.520000 3.109729 2.956349 21.003417
 11.540000 -2.980951 2.901679 23.175161
 11.560000 -2.917359 2.932097 23.216363
 11.580000 -2.895049 2.898023 23.374987
 11.600000 -2.807195 3.058994 22.494832
 11.620000 -2.897541 3.019854 22.754725
 11.640000 -2.794664 3.135162 21.689954
 11.660000 -2.565623 -3.135168 22.780671
 11.680000 -2.455883 -3.104726 23.596890
 11.700000 -2.267286 -3.065404 25.050210
 11.720000 -2.239558 -3.134305 26.505265
 11.740000 -2.213527 -3.111035 26.343888
 11.760000 -2.130931 3.007203 28.199305
 11.780000 -2.165900 2.935065 27.840866
 11.800000 -2.315206 2.770037 25.837487
 11.820000 -2.469397 2.889561 24.919645
 11.840000 -2.587180 2.681434 24.683844
 11.860000 -2.499599 2.770876 24.596706
 11.880000 -2.600329 2.546379 26.372840
 11.900000 -2.542989 2.533299 26.601919
 11.920000 -2.630269 2.664159 24.786368
 11.940000 -2.605958 2.590981 25.677813
 11.960000 -2.610161 2.552842 26.265830
 11.980000 -2.632819 2.565989 26.057520
 12.000000 -2.822036 2.649887 24.970903
 12.020000 -2.809297 2.809745 23.743213
 12.040000 -2.959350 2.875698 23.343722
 12.060000 -2.863522 3.036873 22.646422
 12.080000 -2.700069 3.051061 22.800409
 12.100000 -2.688921 -3.140871 21.925349
 12.120000 -2.587687 -3.053782 21.278253
 12.140000 -2.601483 -3.041378 20.924610
 12.160000 -2.605165 -3.054850 21.146336
 12.180000 -2.573900 -3.061139 21.540101
 12.200000 -2.694130 -3.013220 19.753808
 12.220000 -2.739308 -2.951705 18.255944
 12.240000 -2.753863 -2.923706 17.578219
 12.260000 -2.657490 -2.870386 16.772921
 12.280000 -2.669063 -2.811784 15.375612
 12.300000 -2.588698 -2.688619 13.333264
 12.320000 -2.652706 -2.681639 12.864643
 12.340000 -2.636886 -2.843191 16.264014
 12.360000 -2.626949 -2.814508 15.670171
 12.380000 -2.789413 -2.919499 17.385857
 12.400000 -2.884929 -3.058772 20.183931
 12.420000 -2.992808 3.021394 22.547285
 12.440000 -3.137058 3.134146 20.262843
 12.460000 -3.084770 3.028108 21.878220
 12.480000 -3.004858 2.910231 23.033042
 12.500000 -3.019830 2.893155 22.998757
 12.520000 -2.692640 2.957825 23.324505
 12.540000 -2.694362 2.882730 23.541509
 12.560000 -2.572467 2.806257 24.153035
 12.580000 -2.526622 2.808592 24.401421
 12.600000 -2.452537 2.849080 24.989954
 12.620000 -2.488481 2.841874 24.680142
 12.640000 -2.477851 2.562434 26.188270
 12.660000 -2.483364 2.596021 25.735049
 12.680000 -2.545613 2.683781 24.759379
 12.700000 -2.399546 2.636373 25.568050
 12.720000 -2.437487 2.547221 26.463308
 12.740000 -2.350362 2.638459 25.729008
 12.760000 -2.386695 2.602884 25.883098
 12.780000 -2.449232 2.658333 25.243278
 12.800000 -2.602902 2.541889 26.449684
 12.820000 -2.588045 2.634860 25.131939
 12.840000 -2.662339 2.766392 24.006903
 12.860000 -2.742247 2.804766 23.757333
 12.880000 -2.761452 2.810880 23.727423
 12.900000 -2.807699 2.914428 23.323132
 12.920000 -2.659624 -3.066806 20.960856
 12.940000 -2.686272 -3.058092 20.652326
 12.960000 -2.587076 -3.004180 20.299636
 12.980000 -2.666818 -2.961708 18.805968
 13.000000 -2.776008 -2.738352 13.392382
 13.020000 -2.863739 -2.755804 13.487166
 13.040000 -2.935708 -2.887936 16.350033
 13.060000 -2.918930 -2.836855 15.170114
 13.080000 -2.801284 -2.731071 13.166213
 13.100000 -2.765036 -2.871309 16.339744
 13.120000 -2.755137 -2.843539 15.733460
 13.140000 -2.634798 -2.686887 13.047025
 13.160000 -2.787738 -2.794511 14.533722
 13.180000 -2.581176 -2.741617 14.383772
 13.200000 -2.783875 -2.912353 17.235218
 13.220000 -2.820750 -2.801695 14.601346
 13.240000 -2.836941 -2.789607 14.290905
 13.260000 -2.794530 -2.880905 16.481524
 13.280000 -2.788406 -2.985082 18.847437
 13.300000 -2.657218 -2.870391 16.774564
 13.320000 -2.697956 -2.998243 19.428147
 13.340000 -2.659399 -3.041657 20.503734
 13.360000 -2.716774 -3.017609 19.739972
 13.380000 -2.862706 -2.962660 18.232447
 13.400000 -2.870316 -2.934683 17.584177
 13.420000 -2.874750 -2.929487 17.456502
 13.440000 -2.820504 -2.829294 15.226433
 13.460000 -2.758813 -2.824692 15.294334
 13.480000 -2.817570 -2.948241 17.981085
 13.500000 -2.701850 -2.830157 15.632134
 13.520000 -2.742895 -2.783265 14.435870
 13.540000 -2.695607 -2.932223 17.996448
 13.560000 -2.645838 -2.857780 16.547908
 13.580000 -2.551425 -2.829294 16.526745
 13.600000 -2.652250 -2.758526 14.317037
 13.620000 -2.510171 -2.751980 15.077795
 13.640000 -2.702777 -2.906674 17.381092
 13.660000 -2.617175 -2.634802 12.305557
 13.680000 -2.746630 -2.824744 15.336070
 13.700000 -2.710583 -2.919301 17.636070
 13.720000 -2.712036 -2.931943 17.916996
 13.740000 -2.818774 -3.003438 19.177229
 13.760000 -2.808940 -3.070022 20.476196
 13.780000 -2.898357 -3.125025 21.272949
 13.800000 -2.917475 3.095092 22.063843
 13.820000 -2.872932 -3.032699 19.699186
 13.840000 -2.849732 3.130012 21.700210
 13.860000 -2.916391 3.057161 22.441799
 13.880000 -2.690191 -2.968879 18.838739
 13.900000 -2.741305 -3.136923 21.661984
 13.920000 -2.508070 3.130133 23.625031
 13.940000 -2.525941 3.070836 23.982777
 13.960000 -2.501235 3.034756 24.470584
 13.980000 -2.469616 3.083958 24.538461
 14.000000 -2.513787 2.933680 24.541157
 14.020000 -2.567320 2.736083 24.389221
 14.040000 -2.603300 2.828819 23.969322
 14.060000 -2.682644 2.864559 23.617675
 14.080000 -2.806135 2.681950 24.636336
 14.100000 -2.734184 2.646637 24.986698
 14.120000 -2.843011 2.557210 26.158225
 14.140000 -2.630070 2.681247 24.626091
 14.160000 -2.678858 2.601633 25.539516
 14.180000 -2.518749 2.576163 25.943558
 14.200000 -2.527773 2.832056 24.388282
 14.220000 -2.395882 2.756451 25.258154
 14.240000 -2.436045 2.877595 25.211089
 14.260000 -2.311073 2.867248 26.359238
 14.280000 -2.485761 2.929437 24.810994
 14.300000 -2.422518 2.955467 25.512133
 14.320000 -2.486046 2.910123 24.791059
 14.340000 -2.660934 2.672835 24.685212
 14.360000 -2.666078 2.809106 23.820689
 14.380000 -2.785421 2.745711 24.101858
 14.400000 -2.860438 2.822387 23.691050
 14.420000 -2.804174 2.750400 24.077980
 14.440000 -2.871596 2.875676 23.472021
 14.460000 -2.841261 2.998857 22.915441
 14.480000 -2.704966 3.046613 22.813895
 14.500000 -2.841104 3.030735 22.701436
 14.520000 -2.706961 3.125712 22.048186
 14.540000 -2.742891 -3.098557 21.098232
 14.560000 -2.742807 3.127890 21.893649
 14.580000 -2.755401 -3.121179 21.402661
 14.600000 -2.682336 -3.137082 21.909946
 14.620000 -2.790670 -3.019072 19.547124
 14.640000 -2.667672 -2.994383 19.507143
 14.660000 -2.740356 -3.092081 21.003199
 14.680000 -2.667065 -2.901976 17.450196
 14.700000 -2.659444 -2.839314 16.046950
 14.720000 -2.642351 -2.907536 17.722388
 14.740000 -2.738863 -2.988858 19.063792
 14.760000 -2.804797 -2.795421 14.505035
 14.780000 -2.929782 -2.895789 16.552910
 14.800000 -2.874306 -2.917475 17.176967
 14.820000 -2.741359 -2.841582 15.735243
 14.840000 -2.867707 -2.805350 14.565519
 14.860000 -2.729518 -2.809855 15.065328
 14.880000 -2.815651 -2.830456 15.264990
 14.900000 -2.801260 -2.739048 13.325021
 14.920000 -2.741124 -2.801044 14.828272
 14.940000 -2.707479 -2.811101 15.181503
 14.960000 -2.776154 -2.926666 17.582501
 14.980000 -2.716284 -2.937835 18.032215
 15.000000 -2.796759 -3.028378 19.719959
 15.020000 -2.867887 3.040436 22.616635
 15.040000 -2.674340 2.953712 23.405339
 15.060000 -2.762103 2.929222 23.286549
 15.080000 -2.580928 2.890580 24.020659
 15.100000 -2.501073 2.718268 24.724295
 15.120000 -2.335367 2.622934 25.876790
 15.140000 -2.444951 2.646303 25.341693
 15.160000 -2.354525 2.643538 25.685344
 15.180000 -2.597188 2.505951 27.101984
 15.200000 -2.596036 2.607166 25.460947
 15.220000 -2.699491 2.545211 26.429602
 15.240000 -2.661735 2.495911 27.317341
 15.260000 -2.725856 2.536931 26.579166
 15.280000 -2.648446 2.491815 27.393625
 15.300000 -2.594427 2.689316 24.607943
 15.320000 -2.564875 2.783198 24.235939
 15.340000 -2.575162 2.870267 24.071006
 15.360000 -2.768050 2.809107 23.735922
 15.380000 -2.881178 2.876856 23.464277
 15.400000 -2.999059 2.894638 23.115090
 15.420000 -2.934861 3.027438 22.659566
 15.440000 -2.954829 2.863533 23.400346
 15.460000 -2.670366 2.990998 23.282541
 15.480000 -2.696815 3.063890 22.713724
 15.500000 -2.532730 -3.053319 21.810584
 15.520000 -2.398153 -2.889192 19.385745
 15.540000 -2.320136 -3.012286 23.353830
 15.560000 -2.201975 -2.813785 18.546397
 15.580000 -2.343669 -2.864211 19.187257
 15.600000 -2.549843 -2.778228 15.368840
 15.620000 -2.727424 -2.822583 15.356869
 15.640000 -2.795785 -2.852852 15.829307
 15.660000 -2.900490 -2.911027 16.977770
 15.680000 -2.795567 -2.786249 14.330547
 15.700000 -2.824218 -2.879422 16.379675
 15.720000 -2.890361 -2.811254 14.644312
 15.740000 -2.737846 -2.789423 14.586882
 15.760000 -2.867940 -2.894976 16.659064
 15.780000 -2.878339 -2.758618 13.505819
 15.800000 -2.846669 -2.764327 13.715823
 15.820000 -2.842295 -2.739284 13.205545
 15.840000 -2.767921 -2.750887 13.671743
 15.860000 -2.687883 -2.621529 11.765671
 15.880000 -2.671380 -2.683651 12.807522
 15.900000 -2.603377 -2.676336 13.037499
 15.920000 -2.390022 -2.720474 15.225296
 15.940000 -2.435673 -2.781707 16.306985
 15.960000 -2.413298 -2.848172 18.161960
 15.980000 -2.573260 -2.929110 18.730239
 16.000000 -2.593557 -2.917165 18.286866
 16.020000 -2.629001 -3.042435 20.726127
 16.040000 -2.734592 -3.007919 19.475502
 16.060000 -2.895650 -3.089922 20.722239
 16.080000 -2.857326 -3.106405 21.026409
 16.100000 -2.806209 -3.001520 19.158665
 16.120000 -2.737036 -3.136255 21.666485
 16.140000 -2.626641 3.002542 23.474811
 16.160000 -2.756651 2.986983 23.043667
 16.180000 -2.672205 3.018651 23.136330
 16.200000 -2.788038 2.973397 23.077972
 16.220000 -2.813536 2.821154 23.691892
 16.240000 -2.747343 2.821534 23.682652
 16.260000 -2.623036 3.005651 23.485146
 16.280000 -2.618660 2.934794 23.728766
 16.300000 -2.469708 2.960826 24.988307
 16.320000 -2.590543 2.787663 24.116694
 16.340000 -2.580231 2.842958 24.063197
 16.360000 -2.669540 2.742378 24.130283
 16.380000 -2.832163 2.665616 24.798916
 16.400000 -2.769260 2.676957 24.673724
 16.420000 -2.815264 2.745907 24.112132
 16.440000 -2.880376 2.792116 23.827247
 16.460000 -2.780217 2.825949 23.662490
 16.480000 -2.719257 2.950357 23.276039
 16.500000 -2.689173 3.124647 22.142888
 16.520000 -2.363890 -3.006972 22.764872
 16.540000 -2.480945 3.102489 24.239660
 16.560000 -2.404687 -2.952782 20.986241
 16.580000 -2.467180 -2.911047 19.280053
 16.600000 -2.716299 -3.112370 21.404891
 16.620000 -2.784452 -3.119872 21.319063
 16.640000 -2.851685 3.066691 22.398146
 16.660000 -2.904695 -3.133212 21.385159
 16.680000 -2.908749 -3.116446 21.132881
 16.700000 -2.865783 -3.040472 19.859161
 16.720000 -2.945637 -3.128192 21.253290
 16.740000 -2.772451 -2.804870 14.808269
 16.760000 -2.881480 -2.969306 18.353314
 16.780000 -2.814137 -2.846486 15.637055
 16.800000 -2.777587 -2.721480 13.057546
 16.820000 -2.834953 -2.908251 17.031126
 16.840000 -2.627169 -2.676520 12.910670
 16.860000 -2.551787 -2.818793 16.277751
 16.880000 -2.410516 -2.721460 15.115635
 16.900000 -2.413637 -2.820174 17.434570
 16.920000 -2.342034 -2.676327 14.575465
 16.940000 -2.361460 -2.754391 16.182838
 16.960000 -2.378832 -2.693278 14.720345
 16.980000 -2.578524 -2.705106 13.691475
 17.000000 -2.572994 -2.739382 14.390195
 17.020000 -2.726349 -2.684243 12.573930
 17.040000 -2.766169 -2.702835 12.748422
 17.060000 -2.731999 -2.557481 10.767890
 17.080000 -2.887666 -2.737773 13.039611
 17.100000 -2.779362 -2.623861 11.405462
 17.120000 -2.807290 -2.662027 11.889596
 17.140000 -2.875901 -2.701605 12.358484
 17.160000 -2.807536 -2.801193 14.625409
 17.180000 -2.798385 -2.618881 11.257712
 17.200000 -2.835520 -2.689867 12.273890
 17.220000 -2.689483 -2.737395 13.710080
 17.240000 -2.766374 -2.629591 11.541378
 17.260000 -2.704801 -2.682626 12.637740
 17.280000 -2.598489 -2.733192 14.108838
 17.300000 -2.667429 -2.804703 15.226953
 17.320000 -2.659607 -2.725058 13.614340
 17.340000 -2.721164 -2.979159 18.922800
 17.360000 -2.802812 -2.968077 18.450044
 17.380000 -2.747055 -2.995442 19.175119
 17.400000 -2.738183 -3.102508 21.175047
 17.420000 -2.759462 -3.134139 21.573805
 17.440000 -2.613794 3.102271 22.875057
 17.460000 -2.614985 3.014147 23.502325
 17.480000 -2.597131 2.830984 23.993509
 17.500000 -2.579761 2.860493 24.050155
 17.520000 -2.700213 2.560044 26.182842
 17.540000 -2.739850 2.617208 25.357518
 17.560000 -2.742344 2.448324 28.252328
 17.580000 -2.735935 2.415244 28.951246
 17.600000 -2.700662 2.367107 30.071240
 17.620000 -2.594220 2.573625 25.934958
 17.640000 -2.643100 2.533507 26.609012
 17.660000 -2.480413 2.620536 25.468626
 17.680000 -2.487058 2.664512 25.071259
 17.700000 -2.451268 2.754242 24.900467
 17.720000 -2.443116 2.854012 25.084522
 17.740000 -2.515951 2.837689 24.470988
 17.760000 -2.608501 2.885003 23.863721
 17.780000 -2.685426 2.902124 23.513488
 17.800000 -2.675520 3.135781 22.079409
 17.820000 -2.789467 3.092131 22.199789
 17.840000 -2.723280 -3.056857 20.461717
 17.860000 -2.731502 -2.970783 18.702733
 17.880000 -2.731337 -2.861893 16.235207
 17.900000 -2.807432 -2.844968 15.618433
 17.920000 -2.894679 -2.943476 17.746821
 17.940000 -2.849276 -2.694900 12.320479
 17.960000 -2.874324 -2.736587 13.055598
 17.980000 -2.740274 -2.749528 13.741952
 18.000000 -2.820595 -2.711628 12.727481
 18.020000 -2.796373 -2.515492 10.044227
 18.040000 -2.850973 -2.669664 11.863580
 18.060000 -2.751970 -2.556582 10.666787
 18.080000 -2.807030 -2.582110 10.728070
 18.100000 -2.724031 -2.594072 11.236743
 18.120000 -2.685654 -2.616496 11.706515
 18.140000 -2.760249 -2.641615 11.745523
 18.160000 -2.664436 -2.675034 12.695496
 18.180000 -2.737853 -2.742591 13.611660
 18.200000 -2.654496 -2.805736 15.317577
 18.220000 -2.614429 -2.860057 16.796283
 18.240000 -2.578020 -2.889783 17.759487
 18.260000 -2.699147 -3.062892 20.673681
 18.280000 -2.645724 -3.141432 22.188540
 18.300000 -2.799502 3.087675 22.232749
 18.320000 -2.837449 3.100052 22.067716
 18.340000 -2.736821 2.961309 23.196179
 18.360000 -2.863099 2.925104 23.277506
 18.380000 -2.635563 2.943279 23.615146
 18.400000 -2.711782 2.813450 23.736561
 18.420000 -2.576031 2.724766 24.418245
 18.440000 -2.670485 2.682669 24.588871
 18.460000 -2.477985 2.748221 24.752109
 18.480000 -2.669757 2.717797 24.296055
 18.500000 -2.416109 2.743123 25.123579
 18.520000 -2.619001 2.557986 26.182818
 18.540000 -2.460309 2.652745 25.243679
 18.560000 -2.485911 2.583351 25.889620
 18.580000 -2.515923 2.642836 25.168997
 18.600000 -2.478568 2.564908 26.151837
 18.620000 -2.530147 2.678665 24.838721
 18.640000 -2.541696 2.663924 24.923204
 18.660000 -2.593985 2.610145 25.423537
 18.680000 -2.626136 2.665497 24.776364
 18.700000 -2.670795 2.723103 24.256890
 18.720000 -2.607710 2.986874 23.664262
 18.740000 -2.825548 2.778669 23.910146
 18.760000 -2.648067 2.980595 23.435196
 18.780000 -2.879103 2.901632 23.368809
 18.800000 -2.869691 2.967763 23.081195
 18.820000 -2.887172 3.075439 22.295629
 18.840000 -2.869536 -3.117259 21.182910
 18.860000 -2.895106 3.105364 21.969501
 18.880000 -2.699539 -3.046086 20.366512
 18.900000 -2.827477 -3.047289 20.035206
 18.920000 -2.738295 -3.114115 21.350338
 18.940000 -2.525751 -2.849501 17.213888
 18.960000 -2.725344 -3.048394 20.299012
 18.980000 -2.451568 -2.814286 16.972164
 19.000000 -2.697980 -2.881713 16.828365
 19.020000 -2.684502 -2.742795 13.839470
 19.040000 -2.697128 -2.732842 13.586855
 19.060000 -2.662313 -2.742689 13.944364
 19.080000 -2.762717 -2.668017 12.155273
 19.100000 -2.776586 -2.669970 12.134888
 19.120000 -2.837812 -2.602173 10.865426
 19.140000 -2.843520 -2.755237 13.532242
 19.160000 -2.686323 -2.614560 11.677008
 19.180000 -2.953061 -2.767594 13.466459
 19.200000 -2.687328 -2.586018 11.304716
 19.220000 -2.729637 -2.755948 13.912895
 19.240000 -2.704865 -2.722831 13.361205
 19.260000 -2.642493 -2.661772 12.588319
 19.280000 -2.774110 -2.704021 12.741814
 19.300000 -2.862148 -2.806128 14.596836
 19.320000 -2.710479 -2.721515 13.312436
 19.340000 -2.805408 -2.774767 14.054515
 19.360000 -2.697946 -2.941623 18.197414
 19.380000 -2.665840 -2.768830 14.461709
 19.400000 -2.753189 -2.913306 17.342842
 19.420000 -2.519564 -2.870129 17.769447
 19.440000 -2.661481 -3.132233 21.965414
 19.460000 -2.658448 -2.968831 19.011966
 19.480000 -2.578203 -2.961401 19.436957
 19.500000 -2.633676 3.123489 22.495564
 19.520000 -2.695240 -3.091973 21.184107
 19.540000 -2.647951 3.078623 22.850167
 19.560000 -2.795418 3.117399 21.909948
 19.580000 -2.860914 2.940576 23.211619
 19.600000 -2.647361 2.928559 23.591125
 19.620000 -2.914468 2.754560 23.984294
 19.640000 -2.674539 2.992806 23.255663
 19.660000 -2.767561 2.719400 24.289559
 19.680000 -2.672206 2.766263 23.993592
 19.700000 -2.637810 2.636267 25.084849
 19.720000 -2.612193 2.708550 24.433596
 19.740000 -2.689622 2.579855 25.864582
 19.760000 -2.575925 2.609081 25.449429
 19.780000 -2.536709 2.752533 24.446736
 19.800000 -2.478440 2.633319 25.349564
 19.820000 -2.333727 2.803716 25.842292
 19.840000 -2.487332 2.791818 24.657359
 19.860000 -2.383563 2.881352 25.739045
 19.880000 -2.414093 2.853188 25.346206
 19.900000 -2.466192 2.937716 25.017451
 19.920000 -2.474155 2.908950 24.904113
 19.940000 -2.529894 2.885316 24.388809
 19.960000 -2.735169 2.897515 23.425486
 19.980000 -2.777052 2.817626 23.698311
 20.000000 -2.789516 2.836165 23.621484
