#! FIELDS time phi psi metad.bias
#! SET min_phi -pi
#! SET max_phi pi
#! SET min_psi -pi
#! SET max_psi pi
 0.000000 3.141580 -3.141577 16.635670
 0.020000 -2.670008 -3.056132 13.609360
 0.040000 -2.685281 -3.057690 13.651973
 0.060000 -2.712176 -3.133836 14.909522
 0.080000 -2.684213 -3.122084 14.693331
 0.100000 -2.687800 -3.139154 14.950933
 0.120000 -2.669852 -3.112186 14.531849
 0.140000 -2.641742 -3.114095 14.568877
 0.160000 -2.664768 -3.127641 14.768020
 0.180000 -2.622619 -3.052147 13.552120
 0.200000 -2.649446 -3.014869 12.865273
 0.220000 -2.605812 -3.045733 13.465056
 0.240000 -2.610138 -3.070116 13.888600
 0.260000 -2.627230 -3.010506 12.789882
 0.280000 -2.630349 -3.066324 13.791440
 0.300000 -2.639302 -3.054038 13.569801
 0.320000 -2.778505 -3.096589 14.558041
 0.340000 -2.700476 -3.051057 13.563581
 0.360000 -2.847908 -3.072960 14.537318
 0.380000 -2.778250 -2.988318 12.732894
 0.400000 -2.740459 -3.017987 13.101119
 0.420000 -2.729603 -3.043273 13.503963
 0.440000 -2.637670 -3.000390 12.597279
 0.460000 -2.626407 -2.977454 12.167148
 0.480000 -2.682068 -3.016886 12.930860
 0.500000 -2.606618 -3.126457 14.823585
 0.520000 -2.629318 -3.039443 13.317793
 0.540000 -2.655835 -3.108046 14.465770
 0.560000 -2.575123 -3.095773 14.430759
 0.580000 -2.722461 -3.071619 13.960296
 0.600000 -2.638324 -3.116085 14.603455
 0.620000 -2.579646 3.121269 15.442690
 0.640000 -2.692383 3.090357 15.685881
 0.660000 -2.582014 3.087736 15.884427
 0.680000 -2.677824 2.981236 16.828488
 0.700000 -2.731509 2.954322 17.134211
 0.720000 -2.670714 2.791823 17.905333
 0.740000 -2.734157 2.778231 18.131363
 0.760000 -2.761924 2.784793 18.214554
 0.780000 -2.644347 2.814309 17.793018
 0.800000 -2.751067 2.692483 18.523179
 0.820000 -2.676274 2.845186 17.692302
 0.840000 -2.567057 2.791887 17.937521
 0.860000 -2.664153 2.896600 17.418232
 0.880000 -2.471298 2.795948 18.338912
 0.900000 -2.552828 2.759323 18.041654
 0.920000 -2.567747 2.840936 17.797014
 0.940000 -2.645464 2.775058 17.932293
 0.960000 -2.633185 2.801447 17.836079
 0.980000 -2.727715 2.747245 18.228613
 1.000000 -2.576617 2.882723 17.609138
 1.020000 -2.687704 2.819758 17.824118
 1.040000 -2.605963 2.975921 16.950131
 1.060000 -2.574288 2.979748 17.030925
 1.080000 -2.634313 3.062988 16.033785
 1.100000 -2.533492 3.073774 16.313897
 1.120000 -2.693344 3.066252 15.980665
 1.140000 -2.699138 3.116537 15.351431
 1.160000 -2.762710 -3.127256 14.959905
 1.180000 -2.788593 -3.049806 13.847369
 1.200000 -2.913077 -3.063818 14.769360
 1.220000 -2.682028 -2.884725 10.466731
 1.240000 -2.893532 -2.967447 13.008561
 1.260000 -2.771918 -2.697518 7.713080
 1.280000 -2.796274 -2.818866 9.762922
 1.300000 -2.823093 -2.706444 8.100584
 1.320000 -2.708322 -2.603946 6.367136
 1.340000 -2.655966 -2.673679 6.989933
 1.360000 -2.630822 -2.734504 7.777071
 1.380000 -2.570193 -2.806083 8.932409
 1.400000 -2.419957 -2.704543 7.708224
 1.420000 -2.570165 -2.857568 9.887414
 1.440000 -2.390060 -2.780150 9.141346
 1.460000 -2.525053 -2.873503 10.304824
 1.480000 -2.486616 -2.876062 10.510297
 1.500000 -2.605498 -2.930438 11.267664
 1.520000 -2.651670 -2.967311 11.979019
 1.540000 -2.813814 -3.072777 14.349119
 1.560000 -2.831986 -3.135291 15.395173
 1.580000 -2.791522 3.092756 15.937156
 1.600000 -2.811590 2.978740 17.238301
 1.620000 -2.537383 2.971708 17.279242
 1.640000 -2.636838 2.837706 17.700307
 1.660000 -2.483475 2.926500 17.922390
 1.680000 -2.567454 2.792920 17.934054
 1.700000 -2.449342 2.926648 18.207532
 1.720000 -2.465804 2.755375 18.392131
 1.740000 -2.401029 2.743812 18.808009
 1.760000 -2.568302 2.600339 18.381439
 1.780000 -2.479100 2.568350 18.543766
 1.800000 -2.608019 2.406144 19.416913
 1.820000 -2.566594 2.294658 20.247538
 1.840000 -2.576699 2.404324 19.378337
 1.860000 -2.699398 2.228524 21.003060
 1.880000 -2.680795 2.479166 19.152537
 1.900000 -2.753212 2.410066 19.771737
 1.920000 -2.701954 2.528263 18.975576
 1.940000 -2.631108 2.558904 18.624211
 1.960000 -2.556919 2.695099 18.155056
 1.980000 -2.543702 2.693353 18.177148
 2.000000 -2.451882 2.744161 18.471994
 2.020000 -2.432238 2.924280 18.376045
 2.040000 -2.407120 2.871446 18.764289
 2.060000 -2.286832 3.034403 19.392490
 2.080000 -2.451721 3.062655 17.113336
 2.100000 -2.386283 -3.000961 13.953299
 2.120000 -2.469468 -3.025803 13.746896
 2.140000 -2.536234 -2.869157 10.184426
 2.160000 -2.608295 -2.938216 11.417652
 2.180000 -2.711583 -2.814166 9.287108
 2.200000 -2.824785 -2.771586 9.120416
 2.220000 -2.881134 -2.838172 10.595044
 2.240000 -2.906069 -2.829210 10.581819
 2.260000 -2.950486 -2.829297 10.829686
 2.280000 -2.784520 -2.640171 7.037679
 2.300000 -2.940434 -2.851757 11.180914
 2.320000 -2.608628 -2.624348 6.377805
 2.340000 -2.624977 -2.665951 6.844157
 2.360000 -2.610747 -2.606670 6.214667
 2.380000 -2.465176 -2.641651 6.734788
 2.400000 -2.458494 -2.608992 6.439314
 2.420000 -2.519212 -2.768208 8.357445
 2.440000 -2.541234 -2.855681 9.907061
 2.460000 -2.518870 -2.852539 9.909380
 2.480000 -2.712330 -3.125146 14.780988
 2.500000 -2.464151 -3.029434 13.860913
 2.520000 -2.760435 3.060691 16.199989
 2.540000 -2.667943 3.094028 15.627075
 2.560000 -2.657938 3.060065 16.042875
 2.580000 -2.666375 2.919470 17.280588
 2.600000 -2.638293 2.859067 17.608219
 2.620000 -2.644600 2.765589 17.962675
 2.640000 -2.746962 2.660630 18.621059
 2.660000 -2.760051 2.510020 19.275843
 2.680000 -2.707386 2.466051 19.310064
 2.700000 -2.872105 2.324365 20.381264
 2.720000 -2.582500 2.535202 18.638376
 2.740000 -2.893957 2.305575 20.439715
 2.760000 -2.657709 2.415030 19.469783
 2.780000 -2.671254 2.423131 19.453278
 2.800000 -2.560625 2.379611 19.539316
 2.820000 -2.469303 2.400305 19.375394
 2.840000 -2.351580 2.424066 19.501370
 2.860000 -2.498551 2.441557 19.087606
 2.880000 -2.328333 2.490108 19.306195
 2.900000 -2.374331 2.519578 19.003986
 2.920000 -2.386120 2.524942 18.940864
 2.940000 -2.263604 2.764915 20.102830
 2.960000 -2.375353 2.768906 19.042011
 2.980000 -2.411356 2.999396 18.151303
 3.000000 -2.325756 3.005337 19.129571
 3.020000 -2.441232 3.027387 17.592923
 3.040000 -2.455344 -3.135068 15.882738
 3.060000 -2.474645 3.125372 16.063091
 3.080000 -2.584844 -3.057298 13.726452
 3.100000 -2.719127 -3.073520 13.983040
 3.120000 -2.693438 -2.961604 11.938090
 3.140000 -2.826602 -2.958646 12.453787
 3.160000 -2.841261 -2.801082 9.710535
 3.180000 -2.726696 -2.788767 8.913311
 3.200000 -2.920221 -2.670767 8.107963
 3.220000 -2.801042 -2.688925 7.737868
 3.240000 -2.869888 -2.613290 7.133218
 3.260000 -2.858103 -2.568594 6.616676
 3.280000 -2.755301 -2.681314 7.417587
 3.300000 -2.686129 -2.668813 7.005184
 3.320000 -2.702169 -2.710784 7.610171
 3.340000 -2.572020 -2.580381 6.001709
 3.360000 -2.638436 -2.697787 7.267045
 3.380000 -2.558936 -2.686134 7.073005
 3.400000 -2.475732 -2.685675 7.226391
 3.420000 -2.565437 -2.673969 6.916692
 3.440000 -2.443543 -2.798239 9.174972
 3.460000 -2.406613 -2.802713 9.469893
 3.480000 -2.346111 -2.854471 10.996651
 3.500000 -2.480281 -2.921729 11.496935
 3.520000 -2.358486 -3.031871 14.921105
 3.540000 -2.707612 3.032661 16.372047
 3.560000 -2.463520 3.066104 16.959794
 3.580000 -2.777801 2.893694 17.720847
 3.600000 -2.811347 2.840796 18.177819
 3.620000 -2.959433 2.649550 19.474613
 3.640000 -2.961435 2.746803 19.252714
 3.660000 -2.908376 2.638489 19.378763
 3.680000 -2.728549 2.545704 18.995363
 3.700000 -2.812021 2.395665 19.988092
 3.720000 -2.587586 2.567385 18.512233
 3.740000 -2.543046 2.515857 18.690549
 3.760000 -2.571522 2.449572 19.072640
 3.780000 -2.355707 2.454821 19.324080
 3.800000 -2.470757 2.549206 18.615617
 3.820000 -2.479381 2.669297 18.371394
 3.840000 -2.455820 2.634359 18.488041
 3.860000 -2.458308 2.558759 18.615447
 3.880000 -2.367443 2.782814 19.130149
 3.900000 -2.351009 2.868316 19.341908
 3.920000 -2.422647 2.810520 18.675923
 3.940000 -2.431139 2.746141 18.600343
 3.960000 -2.504994 2.920507 17.795010
 3.980000 -2.654233 2.799530 17.854997
 4.000000 -2.642722 2.876503 17.524141
 4.020000 -2.789011 2.927054 17.545575
 4.040000 -2.834218 2.886858 18.031442
 4.060000 -2.633711 2.996717 16.715811
 4.080000 -2.913751 2.831309 18.743823
 4.100000 -2.716638 2.944289 17.174418
 4.120000 -2.510562 3.103447 16.088099
 4.140000 -2.672021 2.979036 16.844921
 4.160000 -2.383851 2.805856 19.005737
 4.180000 -2.622647 2.705546 18.120321
 4.200000 -2.794391 2.767822 18.433837
 4.220000 -2.629478 2.780830 17.904245
 4.240000 -2.722688 2.491479 19.228884
 4.260000 -2.760810 2.499316 19.327917
 4.280000 -2.536524 2.511117 18.710519
 4.300000 -2.659301 2.530272 18.826549
 4.320000 -2.618005 2.503152 18.854171
 4.340000 -2.379683 2.582094 18.862510
 4.360000 -2.312458 2.579648 19.250353
 4.380000 -2.229081 2.827863 20.687833
 4.400000 -2.303567 2.753322 19.664677
 4.420000 -2.443419 2.864590 18.452835
 4.440000 -2.296241 2.906645 19.942314
 4.460000 -2.277696 2.788536 20.029734
 4.480000 -2.482605 2.655897 18.374251
 4.500000 -2.521449 2.706143 18.204991
 4.520000 -2.818362 2.757890 18.591377
 4.540000 -2.819234 2.615821 19.103441
 4.560000 -2.840355 2.612246 19.204486
 4.580000 -2.921825 2.534597 19.646346
 4.600000 -2.836227 2.780754 18.586590
 4.620000 -2.760128 2.803255 18.126284
 4.640000 -2.867740 2.842636 18.457253
 4.660000 -2.742624 2.617326 18.762568
 4.680000 -2.537285 2.884863 17.761720
 4.700000 -2.613291 3.042077 16.312736
 4.720000 -2.454171 3.052941 17.200035
 4.740000 -2.496752 3.043718 16.921924
 4.760000 -2.520824 3.049557 16.678680
 4.780000 -2.348882 -3.116718 16.729725
 4.800000 -2.503197 -3.093464 14.785306
 4.820000 -2.581160 -3.073058 14.018168
 4.840000 -2.525300 -2.996120 12.799610
 4.860000 -2.507135 -2.972135 12.404270
 4.880000 -2.745436 -3.041830 13.532092
 4.900000 -2.706045 -2.896195 10.749364
 4.920000 -3.050919 -3.006734 14.451996
 4.940000 -2.989004 -2.907011 12.433598
 4.960000 -2.871929 -2.799848 9.869570
 4.980000 -2.982804 -2.923116 12.699662
 5.000000 -2.762279 -2.756669 8.549217
 5.020000 -2.783313 -2.623901 6.847805
 5.040000 -2.616213 -2.702381 7.298488
 5.060000 -2.479652 -2.637184 6.644231
 5.080000 -2.374808 -2.574220 6.512079
 5.100000 -2.494492 -2.756707 8.230890
 5.120000 -2.310624 -2.674757 7.919315
 5.140000 -2.430980 -2.751306 8.394597
 5.160000 -2.294997 -2.752697 9.308466
 5.180000 -2.443651 -2.905510 11.374096
 5.200000 -2.580804 -2.943802 11.564338
 5.220000 -2.469654 -2.836789 9.795322
 5.240000 -2.608795 -3.051203 13.557592
 5.260000 -2.563665 3.070626 16.179520
 5.280000 -2.849688 3.103957 16.086627
 5.300000 -2.805986 3.093991 15.987709
 5.320000 -3.001786 2.938573 18.488327
 5.340000 -2.947413 2.840116 18.851634
 5.360000 -3.007637 2.548638 19.566283
 5.380000 -2.823932 2.756019 18.626486
 5.400000 -2.844747 2.683095 18.992570
 5.420000 -2.715771 2.535082 18.994322
 5.440000 -2.550522 2.479142 18.878958
 5.460000 -2.536180 2.375674 19.549270
 5.480000 -2.496795 2.609348 18.411378
 5.500000 -2.510502 2.567783 18.499133
 5.520000 -2.477318 2.538883 18.637474
 5.540000 -2.389259 2.355511 19.844170
 5.560000 -2.151284 2.494938 20.514442
 5.580000 -2.224310 2.583345 19.904979
 5.600000 -2.106044 2.519214 20.893648
 5.620000 -2.000038 2.736954 22.818228
 5.640000 -1.832723 2.694146 24.359434
 5.660000 -1.690769 2.743378 26.349695
 5.680000 -1.932198 2.628378 22.905267
 5.700000 -1.919952 2.758811 23.843599
 5.720000 -1.973647 2.890207 23.907501
 5.740000 -1.866255 2.792953 24.676518
 5.760000 -1.912844 2.690655 23.464868
 5.780000 -1.988215 2.801446 23.353531
 5.800000 -2.162227 2.729977 21.021134
 5.820000 -2.158883 2.736574 21.090285
 5.840000 -2.130684 2.486175 20.705982
 5.860000 -2.287495 2.430129 19.769825
 5.880000 -2.529756 2.511536 18.707637
 5.900000 -2.705729 2.525829 19.000545
 5.920000 -2.920011 2.388915 20.033899
 5.940000 -2.945515 2.249931 20.518807
 5.960000 -2.917965 2.551199 19.604532
 5.980000 -2.964275 2.548869 19.632660
 6.000000 -2.878723 2.658233 19.218996
 6.020000 -2.855208 2.615869 19.253001
 6.040000 -2.606056 2.894491 17.475811
 6.060000 -2.562077 3.105923 15.735898
 6.080000 -2.421623 -3.135343 16.220971
 6.100000 -2.551889 -3.048467 13.688432
 6.120000 -2.405504 -2.731505 8.196818
 6.140000 -2.442647 -2.743266 8.205231
 6.160000 -2.435728 -2.717984 7.836231
 6.180000 -2.387221 -2.603515 6.678438
 6.200000 -2.435584 -2.576932 6.270110
 6.220000 -2.293333 -2.576512 6.983615
 6.240000 -2.263936 -2.689311 8.470278
 6.260000 -2.479600 -2.457964 5.743461
 6.280000 -2.677770 -2.518936 5.694402
 6.300000 -2.700880 -2.567400 6.038288
 6.320000 -2.823597 -2.646928 7.304919
 6.340000 -2.842981 -2.551827 6.403717
 6.360000 -2.871375 -2.654797 7.646457
 6.380000 -2.973653 -2.930788 12.795620
 6.400000 -2.849959 -2.717630 8.412820
 6.420000 -2.981418 -2.876063 11.831584
 6.440000 -2.875420 -2.977433 13.077455
 6.460000 -2.791379 -3.100785 14.680655
 6.480000 -2.766814 -3.100217 14.566019
 6.500000 -2.692251 -3.048717 13.508371
 6.520000 -2.638868 -3.110707 14.518134
 6.540000 -2.645194 2.949506 17.081650
 6.560000 -2.411860 3.074268 17.390727
 6.580000 -2.447276 3.044307 17.361437
 6.600000 -2.569584 2.827731 17.833459
 6.620000 -2.438595 2.772653 18.558163
 6.640000 -2.655827 2.613739 18.470924
 6.660000 -2.424341 2.776778 18.659430
 6.680000 -2.540430 2.473686 18.902456
 6.700000 -2.578292 2.573542 18.479046
 6.720000 -2.684125 2.593611 18.632418
 6.740000 -2.522739 2.588717 18.425734
 6.760000 -2.752918 2.487131 19.357910
 6.780000 -2.598822 2.525417 18.707340
 6.800000 -2.507632 2.760832 18.186059
 6.820000 -2.712337 2.735994 18.216613
 6.840000 -2.535807 2.775498 18.060564
 6.860000 -2.732638 2.608675 18.754308
 6.880000 -2.632804 2.860608 17.603491
 6.900000 -2.634168 2.929179 17.230988
 6.920000 -2.657539 2.967140 16.942123
 6.940000 -2.674930 2.970046 16.919871
 6.960000 -2.580785 3.068657 16.124392
 6.980000 -2.636366 -3.127871 14.787840
 7.000000 -2.583029 -3.005367 12.764927
 7.020000 -2.509659 -3.029424 13.546078
 7.040000 -2.429811 -2.974684 12.984272
 7.060000 -2.295266 -2.798190 10.211506
 7.080000 -2.450820 -2.890518 11.006880
 7.100000 -2.496099 -2.712150 7.533022
 7.120000 -2.441900 -2.662146 7.048977
 7.140000 -2.537921 -2.588548 6.092556
 7.160000 -2.592986 -2.626346 6.390118
 7.180000 -2.598672 -2.507839 5.610189
 7.200000 -2.839983 -2.578881 6.635653
 7.220000 -2.872876 -2.623763 7.268950
 7.240000 -2.908096 -2.679636 8.171769
 7.260000 -3.042913 -2.689807 8.864642
 7.280000 -2.917759 -2.781806 9.823530
 7.300000 -2.756488 -2.914280 11.281313
 7.320000 -2.851472 -2.859719 10.803365
 7.340000 -2.704122 -2.857116 10.024065
 7.360000 -2.713086 -2.887100 10.604241
 7.380000 -2.704417 -2.977728 12.264410
 7.400000 -2.417198 -2.934779 12.207533
 7.420000 -2.469993 -3.086474 14.914431
 7.440000 -2.488552 -3.129139 15.499563
 7.460000 -2.280736 3.019542 19.608216
 7.480000 -2.357161 2.848410 19.281587
 7.500000 -2.212987 2.755079 20.598939
 7.520000 -2.239786 2.516608 19.788448
 7.540000 -2.455010 2.519387 18.748668
 7.560000 -2.506899 2.405024 19.326023
 7.580000 -2.488061 2.412312 19.280385
 7.600000 -2.608640 2.178783 21.357271
 7.620000 -2.592679 2.299681 20.232413
 7.640000 -2.590494 2.309324 20.146105
 7.660000 -2.577136 2.355478 19.746023
 7.680000 -2.480621 2.224111 20.884666
 7.700000 -2.397424 2.310953 20.191069
 7.720000 -2.422106 2.336363 19.925561
 7.740000 -2.364709 2.555418 18.970314
 7.760000 -2.419230 2.638741 18.639699
 7.780000 -2.456015 2.711789 18.449689
 7.800000 -2.419978 2.800927 18.697606
 7.820000 -2.519991 2.929581 17.651191
 7.840000 -2.657406 2.975767 16.872812
 7.860000 -2.761419 3.019720 16.643526
 7.880000 -2.829737 2.987187 17.253432
 7.900000 -2.701323 3.094503 15.644166
 7.920000 -2.734333 -3.122288 14.792110
 7.940000 -2.802173 -3.084712 14.481143
 7.960000 -2.751353 -2.925814 11.471350
 7.980000 -2.634657 -2.636411 6.526960
 8.000000 -2.641039 -2.730660 7.736353
 8.020000 -2.500194 -2.606383 6.301326
 8.040000 -2.691233 -2.660108 6.914717
 8.060000 -2.568639 -2.510773 5.641198
 8.080000 -2.632202 -2.621235 6.370431
 8.100000 -2.610848 -2.700796 7.271738
 8.120000 -2.590712 -2.722709 7.568732
 8.140000 -2.755306 -2.855676 10.205545
 8.160000 -2.819839 -2.811223 9.761506
 8.180000 -2.800025 -2.843757 10.221420
 8.200000 -2.921172 -2.909220 12.119703
 8.220000 -2.847147 -2.928038 12.018966
 8.240000 -2.783914 -2.802192 9.409521
 8.260000 -2.633697 -2.816901 9.136479
 8.280000 -2.595930 -3.041427 13.408529
 8.300000 -2.536752 -2.984598 12.515875
 8.320000 -2.590100 -3.100390 14.454490
 8.340000 -2.467654 -3.043598 14.116518
 8.360000 -2.450584 3.015293 17.612372
 8.380000 -2.498125 2.964546 17.592192
 8.400000 -2.609884 2.742910 18.013239
 8.420000 -2.660410 2.886525 17.472842
 8.440000 -2.762200 2.718903 18.474719
 8.460000 -2.827008 2.573198 19.282323
 8.480000 -2.801272 2.483539 19.538758
 8.500000 -2.795657 2.435476 19.748233
 8.520000 -2.611007 2.527427 18.720573
 8.540000 -2.652798 2.245499 20.793706
 8.560000 -2.539333 2.384810 19.482578
 8.580000 -2.464559 2.466578 18.971369
 8.600000 -2.378109 2.619944 18.855478
 8.620000 -2.367957 2.718225 19.022870
 8.640000 -2.341484 2.767317 19.340863
 8.660000 -2.303895 2.799560 19.781238
 8.680000 -2.286514 2.842385 20.051668
 8.700000 -2.294464 2.913022 19.954281
 8.720000 -2.361140 2.652341 18.976784
 8.740000 -2.322043 2.875076 19.662202
 8.760000 -2.372138 2.704815 18.969941
 8.780000 -2.446907 2.790168 18.500556
 8.800000 -2.737958 2.632662 18.685560
 8.820000 -2.950770 2.614519 19.525238
 8.840000 -2.915584 2.751956 19.074995
 8.860000 -2.889951 2.780331 18.855068
 8.880000 -2.840638 2.738229 18.778176
 8.900000 -2.657220 2.704695 18.173515
 8.920000 -2.589366 2.889552 17.539811
 8.940000 -2.557643 2.749467 18.050090
 8.960000 -2.426028 2.934349 18.393249
 8.980000 -2.419473 2.852583 18.676455
 9.000000 -2.472889 3.092423 16.543656
 9.020000 -2.460993 -3.096281 15.168508
 9.040000 -2.645929 -3.059973 13.670538
 9.060000 -2.680620 -2.908112 10.902057
 9.080000 -2.595693 -2.886746 10.422403
 9.100000 -2.675623 -2.854945 9.901153
 9.120000 -2.542938 -2.898024 10.741616
 9.140000 -2.565616 -2.852522 9.797545
 9.160000 -2.716767 -2.939075 11.584431
 9.180000 -2.700596 -2.850612 9.894670
 9.200000 -2.800393 -2.891590 11.086665
 9.220000 -2.811059 -2.881755 10.967014
 9.240000 -2.748773 -2.844389 9.973297
 9.260000 -2.712108 -2.809299 9.204816
 9.280000 -2.685565 -2.814423 9.204794
 9.300000 -2.594067 -2.805606 8.912114
 9.320000 -2.615071 -2.823649 9.239606
 9.340000 -2.619545 -2.978160 12.184324
 9.360000 -2.592003 -2.951218 11.691294
 9.380000 -2.601859 -3.050591 13.560972
 9.400000 -2.736836 3.021527 16.549039
 9.420000 -2.739224 3.041365 16.348790
 9.440000 -2.848888 3.101796 16.109901
 9.460000 -2.907817 3.052476 17.024931
 9.480000 -2.748030 2.986625 16.912516
 9.500000 -2.722858 2.934748 17.258484
 9.520000 -2.659157 2.957545 17.015836
 9.540000 -2.638273 2.837561 17.700797
 9.560000 -2.644163 2.777490 17.923066
 9.580000 -2.713385 2.761183 18.126579
 9.600000 -2.556282 2.683152 18.179362
 9.620000 -2.522880 2.734275 18.164075
 9.640000 -2.555750 2.781409 17.989694
 9.660000 -2.541818 2.733423 18.114021
 9.680000 -2.531072 2.879282 17.814695
 9.700000 -2.498544 2.787116 18.197350
 9.720000 -2.482724 2.828485 18.228598
 9.740000 -2.402154 2.708615 18.765106
 9.760000 -2.536213 2.801365 18.010248
 9.780000 -2.600869 2.622354 18.337720
 9.800000 -2.749904 2.572281 18.968485
 9.820000 -2.924491 2.494056 19.739248
 9.840000 -2.891836 2.533895 19.603553
 9.860000 -2.877499 2.675858 19.160744
 9.880000 -2.831864 2.625817 19.124252
 9.900000 -2.750641 2.888550 17.646047
 9.920000 -2.626927 2.795892 17.854623
 9.940000 -2.595053 2.959334 17.108146
 9.960000 -2.482622 2.991466 17.521175
 9.980000 -2.511491 2.965405 17.489696
 10.000000 -2.575628 2.996898 16.882770
 10.020000 -2.706449 2.920124 17.323142
 10.040000 -2.782873 2.907631 17.652807
 10.060000 -2.875243 3.096265 16.326752
 10.080000 -2.849253 3.096558 16.178283
 10.100000 -2.829960 2.989807 17.230925
 10.120000 -2.648096 -3.043958 13.389356
 10.140000 -2.666207 -3.110729 14.508020
 10.160000 -2.594065 -3.049962 13.568236
 10.180000 -2.580784 3.079160 15.997142
 10.200000 -2.660926 3.126654 15.190039
 10.220000 -2.534545 -3.135804 15.282742
 10.240000 -2.618990 -3.122166 14.728276
 10.260000 -2.618846 -3.127244 14.807070
 10.280000 -2.647933 3.076430 15.856409
 10.300000 -2.629246 -3.049168 13.491641
 10.320000 -2.687702 -3.062057 13.729650
 10.340000 -2.628253 -3.102665 14.402528
 10.360000 -2.673332 3.130895 15.130547
 10.380000 -2.679842 -3.080651 14.031685
 10.400000 -2.730513 3.117019 15.406685
 10.420000 -2.894203 3.060920 16.854802
 10.440000 -2.907573 3.063854 16.896043
 10.460000 -2.976634 3.049113 17.415108
 10.480000 -2.821464 3.108970 15.871826
 10.500000 -2.812663 3.065012 16.369897
 10.520000 -2.684222 -3.111516 14.530989
 10.540000 -2.603740 -2.958822 11.824551
 10.560000 -2.500825 -2.963138 12.252242
 10.580000 -2.455041 -3.010660 13.547576
 10.600000 -2.486712 -3.010416 13.312564
 10.620000 -2.534070 -2.963231 12.095441
 10.640000 -2.574574 -2.914037 10.985403
 10.660000 -2.477054 -3.003559 13.238020
 10.680000 -2.635890 -3.014514 12.859463
 10.700000 -2.515761 -2.875674 10.380597
 10.720000 -2.717659 -3.040829 13.427725
 10.740000 -2.580745 -2.812659 9.042048
 10.760000 -2.680870 -2.771674 8.469351
 10.780000 -2.666877 -2.832442 9.473315
 10.800000 -2.748086 -2.798688 9.173301
 10.820000 -2.831641 -2.650470 7.388844
 10.840000 -2.829985 -2.755326 8.885780
 10.860000 -2.753079 -2.699522 7.654101
 10.880000 -2.684256 -2.663539 6.935795
 10.900000 -2.666291 -2.643828 6.664104
 10.920000 -2.612228 -2.600042 6.158154
 10.940000 -2.716702 -2.688946 7.362353
 10.960000 -2.694663 -2.695564 7.375422
 10.980000 -2.902311 -2.831267 10.596633
 11.000000 -2.783401 -2.719358 8.082094
 11.020000 -2.845232 -2.881808 11.166246
 11.040000 -2.687270 -2.896749 10.705012
 11.060000 -2.696611 -2.916732 11.104840
 11.080000 -2.599926 -2.961498 11.881551
 11.100000 -2.612008 3.109911 15.491144
 11.120000 -2.476684 3.094942 16.476560
 11.140000 -2.522406 3.063488 16.510177
 11.160000 -2.569507 2.921325 17.443224
 11.180000 -2.584771 2.868707 17.644737
 11.200000 -2.658430 2.695266 18.205706
 11.220000 -2.504951 2.525674 18.654856
 11.240000 -2.457612 2.481170 18.907561
 11.260000 -2.532464 2.514422 18.694706
 11.280000 -2.502384 2.456814 18.995622
 11.300000 -2.408979 2.528473 18.845890
 11.320000 -2.482201 2.551888 18.586513
 11.340000 -2.392551 2.454935 19.190516
 11.360000 -2.488370 2.340206 19.824332
 11.380000 -2.634738 2.496369 18.928755
 11.400000 -2.595932 2.502381 18.814179
 11.420000 -2.611425 2.496809 18.872784
 11.440000 -2.668102 2.600182 18.556110
 11.460000 -2.550658 2.647305 18.259722
 11.480000 -2.599820 2.780510 17.914371
 11.500000 -2.610060 2.826155 17.759471
 11.520000 -2.559136 3.003019 16.906529
 11.540000 -2.545984 3.040641 16.613627
 11.560000 -2.574339 3.119603 15.488815
 11.580000 -2.611052 -3.122209 14.746478
 11.600000 -2.778820 -3.065479 14.061803
 11.620000 -2.780204 -2.957181 12.180233
 11.640000 -2.731046 -2.975893 12.313119
 11.660000 -2.757693 -2.927833 11.536649
 11.680000 -2.664943 -2.747621 8.044060
 11.700000 -2.699356 -2.739129 8.015953
 11.720000 -2.775780 -2.811308 9.523668
 11.740000 -2.678369 -2.759443 8.265429
 11.760000 -2.758003 -2.695984 7.627357
 11.780000 -2.691606 -2.755829 8.248491
 11.800000 -2.653151 -3.005996 12.703812
 11.820000 -2.742010 -2.888619 10.744821
 11.840000 -2.661807 -2.874905 10.239393
 11.860000 -2.709194 -2.974810 12.223812
 11.880000 -2.664341 -2.997207 12.549953
 11.900000 -2.524452 -2.966831 12.210310
 11.920000 -2.513106 -2.899444 10.874383
 11.940000 -2.592737 -2.989024 12.428478
 11.960000 -2.660493 -3.032139 13.181894
 11.980000 -2.813023 -3.103171 14.822383
 12.000000 -2.749105 -3.087141 14.293717
 12.020000 -2.698615 -3.098223 14.340570
 12.040000 -2.732859 2.941738 17.233666
 12.060000 -2.640327 -3.092851 14.228848
 12.080000 -2.700080 3.106491 15.487144
 12.100000 -2.655319 3.120386 15.279633
 12.120000 -2.600221 3.054077 16.219659
 12.140000 -2.575592 3.129722 15.337821
 12.160000 -2.623634 -3.033749 13.220485
 12.180000 -2.458490 -3.097381 15.210204
 12.200000 -2.673717 3.057710 16.067606
 12.220000 -2.510892 3.044218 16.807732
 12.240000 -2.542758 3.074572 16.246873
 12.260000 -2.562787 3.048703 16.435028
 12.280000 -2.440871 2.939061 18.228269
 12.300000 -2.515396 2.880461 17.896427
 12.320000 -2.581241 2.867881 17.657890
 12.340000 -2.554105 2.809469 17.930236
 12.360000 -2.760432 2.649398 18.720546
 12.380000 -2.750017 2.643063 18.698321
 12.400000 -2.745592 2.659962 18.617657
 12.420000 -2.778924 2.549160 19.181166
 12.440000 -2.672713 2.521681 18.908676
 12.460000 -2.645138 2.532340 18.777359
 12.480000 -2.501647 2.569893 18.502858
 12.500000 -2.442695 2.651928 18.527064
 12.520000 -2.422242 2.508123 18.871690
 12.540000 -2.442600 2.716202 18.521202
 12.560000 -2.389689 2.735322 18.882782
 12.580000 -2.520307 2.642191 18.305508
 12.600000 -2.484702 2.652747 18.371431
 12.620000 -2.485033 2.612135 18.431737
 12.640000 -2.464257 2.704698 18.411403
 12.660000 -2.376071 2.670442 18.897427
 12.680000 -2.354673 2.549998 19.029181
 12.700000 -2.382626 2.710889 18.902630
 12.720000 -2.361189 2.748867 19.131067
 12.740000 -2.548592 2.755092 18.059910
 12.760000 -2.514323 2.696225 18.236447
 12.780000 -2.660527 2.754330 18.020412
 12.800000 -2.716884 2.982629 16.866689
 12.820000 -2.659958 2.993243 16.722683
 12.840000 -2.698622 2.793448 17.958182
 12.860000 -2.602528 2.886043 17.524899
 12.880000 -2.588868 3.101963 15.672209
 12.900000 -2.675027 3.088242 15.701327
 12.920000 -2.804101 2.912047 17.718927
 12.940000 -2.745760 -3.091526 14.352070
 12.960000 -2.917036 -3.095773 15.294372
 12.980000 -2.900266 -3.107802 15.379955
 13.000000 -2.973354 3.117748 16.584312
 13.020000 -2.921046 3.065504 16.951327
 13.040000 -2.790893 -2.986282 12.757750
 13.060000 -2.666678 -3.117170 14.608307
 13.080000 -2.603331 3.056168 16.186062
 13.100000 -2.535852 3.038117 16.701558
 13.120000 -2.476908 -3.026787 13.711768
 13.140000 -2.538701 3.107125 15.848868
 13.160000 -2.388163 2.885579 18.928638
 13.180000 -2.569824 2.937459 17.347010
 13.200000 -2.485232 3.005616 17.383150
 13.220000 -2.576525 2.901390 17.522157
 13.240000 -2.580038 2.664787 18.207713
 13.260000 -2.544349 2.613172 18.345345
 13.280000 -2.473896 2.660812 18.398030
 13.300000 -2.624794 2.555941 18.622688
 13.320000 -2.585285 2.371738 19.630211
 13.340000 -2.724726 2.416470 19.651517
 13.360000 -2.809653 2.384916 20.041354
 13.380000 -2.776670 2.428601 19.733157
 13.400000 -2.985195 2.266894 20.174510
 13.420000 -2.880876 2.424410 19.936576
 13.440000 -2.774697 2.611782 18.922063
 13.460000 -2.687456 2.586568 18.671628
 13.480000 -2.625238 2.546279 18.665464
 13.500000 -2.426657 2.715993 18.614469
 13.520000 -2.476425 2.920741 18.004369
 13.540000 -2.336000 3.072120 18.331227
 13.560000 -2.276512 2.904518 20.188813
 13.580000 -2.503658 3.031706 16.991967
 13.600000 -2.318031 -2.886629 11.985328
 13.620000 -2.496560 -2.987884 12.788690
 13.640000 -2.603529 -3.125506 14.817153
 13.660000 -2.490277 -3.062631 14.314287
 13.680000 -2.694877 -2.845933 9.792003
 13.700000 -2.769406 -2.900577 11.090035
 13.720000 -2.864273 -2.984989 13.144477
 13.740000 -2.890862 -2.799843 9.979815
 13.760000 -2.957576 -2.657398 8.096549
 13.780000 -2.832588 -2.786427 9.411678
 13.800000 -3.013770 -2.745776 9.666195
 13.820000 -2.903766 -2.559899 6.727050
 13.840000 -2.812998 -2.762447 8.905508
 13.860000 -2.695147 -2.675534 7.115751
 13.880000 -2.503252 -2.674732 7.012184
 13.900000 -2.387231 -2.680791 7.537295
 13.920000 -2.273775 -2.810147 10.659566
 13.940000 -2.280751 -2.866183 11.869555
 13.960000 -2.079506 -2.757039 11.455192
 13.980000 -2.240537 -2.833612 11.508390
 14.000000 -2.050171 -3.035462 18.893364
 14.020000 -2.028083 -2.981324 17.796276
 14.040000 -2.076617 -2.967388 16.811739
 14.060000 -2.136946 -3.108631 19.378320
 14.080000 -2.175412 3.038416 20.872832
 14.100000 -2.280832 2.914202 20.122107
 14.120000 -2.286788 3.055217 19.178760
 14.140000 -2.503803 2.814376 18.131101
 14.160000 -2.698209 2.671095 18.396123
 14.180000 -2.691118 2.651650 18.440295
 14.200000 -2.863131 2.643982 19.198594
 14.220000 -2.814505 2.609228 19.105838
 14.240000 -2.863627 2.502796 19.638188
 14.260000 -2.889415 2.581640 19.468958
 14.280000 -2.764925 2.705247 18.537104
 14.300000 -2.686243 2.675905 18.341306
 14.320000 -2.729286 2.575486 18.872160
 14.340000 -2.476691 2.763208 18.330019
 14.360000 -2.658185 2.881648 17.498106
 14.380000 -2.510910 2.989465 17.316557
 14.400000 -2.475778 2.837410 18.258680
 14.420000 -2.531572 2.807257 18.016024
 14.440000 -2.456833 3.048656 17.221410
 14.460000 -2.483203 3.026777 17.206803
 14.480000 -2.547005 2.978593 17.172926
 14.500000 -2.512769 2.880460 17.911857
 14.520000 -2.569667 3.072220 16.131308
 14.540000 -2.667023 2.998600 16.673266
 14.560000 -2.574065 3.036539 16.511014
 14.580000 -2.786765 2.808860 18.217927
 14.600000 -2.601243 3.072177 16.006090
 14.620000 -2.702169 3.004552 16.642979
 14.640000 -2.675527 2.943849 17.119994
 14.660000 -2.789004 2.934910 17.488308
 14.680000 -2.711346 2.954378 17.087123
 14.700000 -2.869121 2.899975 18.130771
 14.720000 -2.765690 2.817469 18.083912
 14.740000 -2.932813 2.775600 19.060452
 14.760000 -2.769944 2.834159 18.020447
 14.780000 -2.800059 2.887882 17.856444
 14.800000 -2.550136 2.761331 18.044450
 14.820000 -2.506902 2.865284 17.995948
 14.840000 -2.515405 2.849317 17.992726
 14.860000 -2.389272 2.891570 18.905486
 14.880000 -2.482238 2.952174 17.794217
 14.900000 -2.321429 2.750588 19.487913
 14.920000 -2.373712 2.804081 19.096830
 14.940000 -2.379926 2.750853 18.979001
 14.960000 -2.586923 2.796244 17.886383
 14.980000 -2.539136 2.659574 18.245617
 15.000000 -2.638680 2.605691 18.458600
 15.020000 -2.641619 2.536286 18.749827
 15.040000 -2.478878 2.669333 18.373100
 15.060000 -2.622321 2.652624 18.272016
 15.080000 -2.514375 2.506015 18.735394
 15.100000 -2.557620 2.479633 18.882165
 15.120000 -2.572668 2.511125 18.736209
 15.140000 -2.594305 2.474542 18.960259
 15.160000 -2.532238 2.501758 18.753840
 15.180000 -2.624228 2.512603 18.820564
 15.200000 -2.435934 2.665291 18.553579
 15.220000 -2.428022 2.554348 18.712455
 15.240000 -2.494146 2.661514 18.333258
 15.260000 -2.401738 2.723096 18.782202
 15.280000 -2.472769 2.758550 18.353211
 15.300000 -2.477446 2.815531 18.280609
 15.320000 -2.549070 2.783601 18.003683
 15.340000 -2.659192 2.718402 18.134376
 15.360000 -2.780156 2.878516 17.823077
 15.380000 -2.757097 2.892082 17.648193
 15.400000 -2.812579 2.866686 18.042435
 15.420000 -2.815877 2.943090 17.551115
 15.440000 -2.722746 3.025709 16.472415
 15.460000 -2.728046 -3.086467 14.217269
 15.480000 -2.553632 -3.023469 13.209222
 15.500000 -2.558580 -2.960256 11.947633
 15.520000 -2.462179 -2.989745 13.055981
 15.540000 -2.501059 -2.876672 10.458437
 15.560000 -2.537212 -2.879310 10.383138
 15.580000 -2.620081 -2.887495 10.431797
 15.600000 -2.505732 -2.804141 9.028240
 15.620000 -2.651985 -2.865779 10.052262
 15.640000 -2.585984 -2.642674 6.555739
 15.660000 -2.715513 -2.742259 8.122146
 15.680000 -2.839596 -2.699662 8.091719
 15.700000 -2.779599 -2.649614 7.127361
 15.720000 -2.803319 -2.620037 6.894787
 15.740000 -2.763991 -2.744479 8.366327
 15.760000 -2.657314 -2.709426 7.463695
 15.780000 -2.622401 -2.851664 9.756730
 15.800000 -2.595948 -2.905970 10.796861
 15.820000 -2.516884 -2.872113 10.304941
 15.840000 -2.575863 -3.011141 12.895330
 15.860000 -2.487176 -2.962182 12.310042
 15.880000 -2.444763 -3.052890 14.490390
 15.900000 -2.553440 -3.100626 14.607736
 15.920000 -2.673685 -3.103527 14.397417
 15.940000 -2.778285 3.021187 16.692373
 15.960000 -2.922046 2.927318 18.222478
 15.980000 -2.904105 2.945969 17.992626
 16.000000 -2.828570 2.864861 18.132965
 16.020000 -2.834016 2.693856 18.905221
 16.040000 -2.729619 2.789212 18.069971
 16.060000 -2.607686 2.768965 17.941933
 16.080000 -2.646065 2.935594 17.178145
 16.100000 -2.592026 2.829287 17.775126
 16.120000 -2.571766 2.887321 17.605043
 16.140000 -2.622178 2.953908 17.079856
 16.160000 -2.566986 2.906283 17.532923
 16.180000 -2.724531 2.819570 17.920418
 16.200000 -2.683416 2.859107 17.635572
 16.220000 -2.738710 2.849404 17.822247
 16.240000 -2.633409 2.848862 17.654518
 16.260000 -2.722221 2.873223 17.644136
 16.280000 -2.640599 2.883650 17.488680
 16.300000 -2.707921 3.063381 16.033486
 16.320000 -2.667614 -3.131993 14.833738
 16.340000 -2.739885 -3.108160 14.593662
 16.360000 -2.703965 -3.055320 13.643448
 16.380000 -2.742820 -3.007644 12.927206
 16.400000 -2.754075 -3.004055 12.907126
 16.420000 -2.718122 -3.073158 13.974562
 16.440000 -2.725812 -3.031705 13.292759
 16.460000 -2.680312 -3.057503 13.642615
 16.480000 -2.545446 -2.952757 11.839827
 16.500000 -2.504949 -3.022713 13.442545
 16.520000 -2.579573 -2.882986 10.365971
 16.540000 -2.579760 -2.972731 12.138375
 16.560000 -2.639137 -2.894862 10.583581
 16.580000 -2.752810 -2.962132 12.145772
 16.600000 -2.618555 -2.911953 10.902348
 16.620000 -2.780738 -3.036819 13.591715
 16.640000 -2.643954 3.106725 15.474634
 16.660000 -2.636535 -3.121451 14.689016
 16.680000 -2.657959 3.061275 16.028896
 16.700000 -2.638828 2.968971 16.941270
 16.720000 -2.590068 2.953811 17.163519
 16.740000 -2.661780 2.956807 17.021079
 16.760000 -2.673903 2.944046 17.117699
 16.780000 -2.741662 2.923180 17.392704
 16.800000 -2.818853 2.773154 18.531424
 16.820000 -2.726688 2.813661 17.954207
 16.840000 -2.681005 2.767780 18.013358
 16.860000 -2.593531 2.647312 18.257564
 16.880000 -2.462398 2.625608 18.475341
 16.900000 -2.448520 2.587563 18.577614
 16.920000 -2.362740 2.738854 19.100275
 16.940000 -2.393494 2.639353 18.772555
 16.960000 -2.469269 2.651963 18.422557
 16.980000 -2.404413 2.689426 18.734162
 17.000000 -2.413056 2.752118 18.727762
 17.020000 -2.522706 2.682538 18.234826
 17.040000 -2.481047 2.555044 18.578613
 17.060000 -2.588342 2.577318 18.475855
 17.080000 -2.507561 2.508014 18.729238
 17.100000 -2.577574 2.636045 18.281179
 17.120000 -2.746729 2.424237 19.671248
 17.140000 -2.721152 2.735614 18.248349
 17.160000 -2.805339 2.752007 18.550603
 17.180000 -2.757078 2.799266 18.131466
 17.200000 -2.605337 2.965349 17.033588
 17.220000 -2.630140 2.984123 16.830326
 17.240000 -2.586239 3.010138 16.720655
 17.260000 -2.514745 2.935119 17.654377
 17.280000 -2.676313 2.820764 17.799809
 17.300000 -2.511880 2.843551 18.026590
 17.320000 -2.520107 2.736201 18.170178
 17.340000 -2.583876 2.708528 18.103815
 17.360000 -2.629590 2.716703 18.095651
 17.380000 -2.621753 2.780285 17.905074
 17.400000 -2.687018 2.851789 17.677078
 17.420000 -2.537020 2.840101 17.913571
 17.440000 -2.602329 2.616992 18.356322
 17.460000 -2.649659 2.783991 17.905997
 17.480000 -2.718867 2.727746 18.268913
 17.500000 -2.743718 2.600707 18.830541
 17.520000 -2.759584 2.572344 19.008243
 17.540000 -2.596230 2.678489 18.176119
 17.560000 -2.613762 2.769993 17.937075
 17.580000 -2.637860 2.919121 17.290696
 17.600000 -2.714702 2.999866 16.707735
 17.620000 -2.736944 3.059539 16.140606
 17.640000 -2.668707 -3.137971 14.922582
 17.660000 -2.650624 -3.132235 14.840967
 17.680000 -2.529037 3.079186 16.276195
 17.700000 -2.477861 -3.130758 15.613249
 17.720000 -2.428070 3.057239 17.416990
 17.740000 -2.474324 2.921641 18.017030
 17.760000 -2.585889 2.894596 17.525556
 17.780000 -2.717410 3.017826 16.540676
 17.800000 -2.746097 3.053775 16.232059
 17.820000 -2.743289 3.125228 15.330808
 17.840000 -2.835991 3.078385 16.330664
 17.860000 -2.703735 -3.052988 13.603204
 17.880000 -2.700988 -3.002265 12.703661
 17.900000 -2.665098 -3.127238 14.761941
 17.920000 -2.521602 3.084108 16.264386
 17.940000 -2.661072 3.125185 15.210625
 17.960000 -2.672680 -3.096877 14.290718
 17.980000 -2.715315 2.954155 17.096892
 18.000000 -2.837780 3.061873 16.533480
 18.020000 -2.738320 3.044386 16.313569
 18.040000 -2.698312 3.105990 15.491394
 18.060000 -2.760961 2.912555 17.531622
 18.080000 -2.547515 3.056356 16.432792
 18.100000 -2.626738 3.065690 16.015925
 18.120000 -2.552693 2.938546 17.417613
 18.140000 -2.549883 2.770749 18.027009
 18.160000 -2.470542 2.691651 18.389066
 18.180000 -2.345812 2.751312 19.268836
 18.200000 -2.297629 2.663967 19.467675
 18.220000 -2.415668 2.498027 18.929031
 18.240000 -2.327715 2.542205 19.186357
 18.260000 -2.368812 2.804318 19.142576
 18.280000 -2.435044 2.607863 18.594045
 18.300000 -2.374961 2.586230 18.882787
 18.320000 -2.520407 2.536483 18.602770
 18.340000 -2.530274 2.678875 18.225154
 18.360000 -2.540639 2.621033 18.327688
 18.380000 -2.695198 2.370998 19.868884
 18.400000 -2.688180 2.363461 19.905211
 18.420000 -2.615516 2.606172 18.411517
 18.440000 -2.809796 2.742783 18.608508
 18.460000 -2.727311 2.659264 18.544645
 18.480000 -2.794647 2.629900 18.945237
 18.500000 -2.712382 2.922146 17.321835
 18.520000 -2.519134 3.036238 16.832036
 18.540000 -2.663677 2.912459 17.323798
 18.560000 -2.477378 2.884263 18.135308
 18.580000 -2.505735 -3.105010 14.967884
 18.600000 -2.472280 -3.052855 14.261940
 18.620000 -2.489319 -3.104231 15.075751
 18.640000 -2.536727 -3.056342 13.907443
 18.660000 -2.653526 -2.847547 9.718726
 18.680000 -2.661556 -2.753130 8.121747
 18.700000 -2.792767 -2.955797 12.218240
 18.720000 -2.829243 -2.949909 12.311132
 18.740000 -2.770323 -2.765645 8.732256
 18.760000 -2.819174 -2.799392 9.554748
 18.780000 -2.626413 -3.045849 13.435425
 18.800000 -2.723694 -3.140156 15.026929
 18.820000 -2.805123 -2.917089 11.578240
 18.840000 -2.739209 -2.965246 12.148261
 18.860000 -2.721250 -3.120414 14.729542
 18.880000 -2.616922 -3.078082 14.012625
 18.900000 -2.496908 -2.998152 12.997263
 18.920000 -2.532750 -3.037921 13.581664
 18.940000 -2.552354 3.118706 15.608595
 18.960000 -2.454198 3.012136 17.605432
 18.980000 -2.638528 2.924005 17.259649
 19.000000 -2.582624 2.827041 17.802229
 19.020000 -2.846745 2.687087 18.988406
 19.040000 -2.792979 2.700262 18.684998
 19.060000 -2.780355 2.718889 18.557440
 19.080000 -2.753150 2.634035 18.745035
 19.100000 -2.664780 2.622466 18.463504
 19.120000 -2.527346 2.791788 18.062542
 19.140000 -2.538443 2.877967 17.782841
 19.160000 -2.456894 2.790665 18.433645
 19.180000 -2.383040 2.615222 18.828602
 19.200000 -2.543371 2.706755 18.154785
 19.220000 -2.420210 2.819131 18.693683
 19.240000 -2.542331 2.715987 18.141542
 19.260000 -2.615155 2.541827 18.663692
 19.280000 -2.564549 2.526525 18.656600
 19.300000 -2.650785 2.516195 18.870456
 19.320000 -2.634076 2.500480 18.905724
 19.340000 -2.520675 2.422119 19.210702
 19.360000 -2.532393 2.360797 19.662615
 19.380000 -2.456086 2.478116 18.924908
 19.400000 -2.528542 2.462747 18.960432
 19.420000 -2.616729 2.419716 19.341810
 19.440000 -2.489551 2.551207 18.577345
 19.460000 -2.495525 2.603974 18.425246
 19.480000 -2.385061 2.616848 18.817566
 19.500000 -2.410767 2.605483 18.696594
 19.520000 -2.544322 2.717371 18.135177
 19.540000 -2.502133 2.718523 18.249863
 19.560000 -2.517582 2.881331 17.880700
 19.580000 -2.636613 2.718008 18.099624
 19.600000 -2.673973 2.738692 18.098799
 19.620000 -2.861885 2.862445 18.319573
 19.640000 -2.915380 2.865663 18.575169
 19.660000 -2.728883 2.937514 17.253898
 19.680000 -2.790018 2.772517 18.393528
 19.700000 -2.539725 2.967549 17.295683
 19.720000 -2.502675 3.048804 16.820512
 19.740000 -2.530021 -3.120664 15.068907
 19.760000 -2.411029 -3.133166 16.297212
 19.780000 -2.372763 -2.929006 12.455762
 19.800000 -2.488173 -2.965292 12.369327
 19.820000 -2.581218 -2.901060 10.717852
 19.840000 -2.561622 -2.801069 8.852286
 19.860000 -2.632524 -2.836947 9.494924
 19.880000 -2.391362 -2.749361 8.576290
 19.900000 -2.566392 -2.861893 9.976186
 19.920000 -2.583865 -2.732273 7.709419
 19.940000 -2.739210 -2.801911 9.188252
 19.960000 -2.769498 -2.709373 7.868837
 19.980000 -2.837859 -2.750336 8.850658
 20.000000 -2.885345 -2.691560 8.222997
