#! FIELDS time phi psi metad.bias
#! SET min_phi -pi
#! SET max_phi pi
#! SET min_psi -pi
#! SET max_psi pi
 0.000000 3.141580 -3.141577 42.167078
 0.020000 -2.673233 -2.433407 4.876122
 0.040000 -2.675156 -2.451436 5.324324
 0.060000 -2.614884 -2.432863 4.834399
 0.080000 -2.603118 -2.407756 4.283604
 0.100000 -2.558891 -2.397490 4.065267
 0.120000 -2.530954 -2.370974 3.600713
 0.140000 -2.566776 -2.384184 3.830702
 0.160000 -2.509682 -2.375199 3.659283
 0.180000 -2.597454 -2.446456 5.159266
 0.200000 -2.657963 -2.451602 5.319684
 0.220000 -2.735114 -2.549895 8.682396
 0.240000 -2.770346 -2.546027 8.548992
 0.260000 -2.760667 -2.611255 11.568097
 0.280000 -2.779527 -2.591218 10.578659
 0.300000 -2.772486 -2.581447 10.107308
 0.320000 -2.757187 -2.545806 8.530353
 0.340000 -2.660421 -2.484226 6.252493
 0.360000 -2.684254 -2.486848 6.347956
 0.380000 -2.636344 -2.446645 5.181127
 0.400000 -2.571328 -2.419915 4.524059
 0.420000 -2.631688 -2.345138 3.296574
 0.440000 -2.661900 -2.413645 4.433117
 0.460000 -2.522842 -2.318935 2.945419
 0.480000 -2.708785 -2.392827 4.058171
 0.500000 -2.622997 -2.393082 4.013998
 0.520000 -2.663281 -2.375606 3.741557
 0.540000 -2.797867 -2.414389 4.521547
 0.560000 -2.790720 -2.399300 4.218663
 0.580000 -2.768874 -2.389777 4.036382
 0.600000 -2.853200 -2.434213 4.974355
 0.620000 -2.656700 -2.358127 3.480354
 0.640000 -2.645774 -2.404318 4.236560
 0.660000 -2.619283 -2.465861 5.688404
 0.680000 -2.598021 -2.364346 3.533462
 0.700000 -2.737831 -2.477855 6.103431
 0.720000 -2.656262 -2.488827 6.394550
 0.740000 -2.598324 -2.458162 5.467000
 0.760000 -2.624811 -2.404462 4.228870
 0.780000 -2.615803 -2.465170 5.667435
 0.800000 -2.449979 -2.430479 4.744150
 0.820000 -2.673593 -2.390480 3.995200
 0.840000 -2.622850 -2.384108 3.857214
 0.860000 -2.729916 -2.517847 7.429287
 0.880000 -2.739135 -2.394475 4.105794
 0.900000 -2.772797 -2.418364 4.595725
 0.920000 -2.731994 -2.391631 4.050728
 0.940000 -2.794339 -2.378532 3.855665
 0.960000 -2.810643 -2.322557 3.134131
 0.980000 -2.771738 -2.334835 3.254767
 1.000000 -2.770177 -2.352397 3.465591
 1.020000 -2.739544 -2.209712 2.605419
 1.040000 -2.830662 -2.257897 2.697605
 1.060000 -2.812982 -2.353831 3.495350
 1.080000 -2.714600 -2.254669 2.665992
 1.100000 -2.798865 -2.287130 2.847621
 1.120000 -2.678839 -2.420272 4.582886
 1.140000 -2.630220 -2.367711 3.601316
 1.160000 -2.705819 -2.386215 3.940879
 1.180000 -2.522034 -2.404670 4.191484
 1.200000 -2.534133 -2.551800 8.682564
 1.220000 -2.638016 -2.531424 7.878334
 1.240000 -2.568398 -2.516015 7.284685
 1.260000 -2.583751 -2.598423 10.810182
 1.280000 -2.491027 -2.563810 9.214931
 1.300000 -2.420887 -2.490960 6.451223
 1.320000 -2.409130 -2.522401 7.564323
 1.340000 -2.415303 -2.591859 10.574852
 1.360000 -2.336769 -2.418094 4.471282
 1.380000 -2.574736 -2.489651 6.389107
 1.400000 -2.558278 -2.428168 4.703984
 1.420000 -2.617786 -2.431476 4.803293
 1.440000 -2.759561 -2.346156 3.382524
 1.460000 -2.814633 -2.439746 5.102549
 1.480000 -2.807659 -2.388618 4.029269
 1.500000 -2.953131 -2.354952 3.444833
 1.520000 -2.950915 -2.294310 2.815109
 1.540000 -2.771237 -2.396383 4.156483
 1.560000 -2.833236 -2.287938 2.851092
 1.580000 -2.752536 -2.362689 3.598598
 1.600000 -2.698192 -2.425615 4.711288
 1.620000 -2.743196 -2.401685 4.242251
 1.640000 -2.580786 -2.375996 3.702284
 1.660000 -2.545091 -2.390394 3.930055
 1.680000 -2.517249 -2.465012 5.640507
 1.700000 -2.470905 -2.371111 3.583406
 1.720000 -2.424270 -2.459301 5.489938
 1.740000 -2.593053 -2.536724 8.069203
 1.760000 -2.570146 -2.455326 5.381260
 1.780000 -2.734605 -2.441946 5.117199
 1.800000 -2.797529 -2.600730 11.060737
 1.820000 -2.555328 -2.476856 5.989593
 1.840000 -2.768956 -2.431765 4.893235
 1.860000 -2.697174 -2.420456 4.597059
 1.880000 -2.645479 -2.427826 4.732787
 1.900000 -2.653747 -2.369650 3.644223
 1.920000 -2.599397 -2.332445 3.129589
 1.940000 -2.505392 -2.423500 4.586294
 1.960000 -2.546257 -2.433495 4.824740
 1.980000 -2.574169 -2.431231 4.779896
 2.000000 -2.467645 -2.383736 3.791426
 2.020000 -2.666635 -2.481693 6.177763
 2.040000 -2.553019 -2.358441 3.426057
 2.060000 -2.699026 -2.364584 3.597437
 2.080000 -2.666325 -2.388064 3.948856
 2.100000 -2.686928 -2.369089 3.655919
 2.120000 -2.872172 -2.378753 3.860750
 2.140000 -2.829937 -2.438048 5.064715
 2.160000 -2.861045 -2.475691 6.088343
 2.180000 -2.901058 -2.448520 5.318357
 2.200000 -2.870803 -2.518568 7.518306
 2.220000 -2.749377 -2.537819 8.202434
 2.240000 -2.826449 -2.472799 5.997244
 2.260000 -2.619012 -2.421448 4.577434
 2.280000 -2.624283 -2.469188 5.785338
 2.300000 -2.590222 -2.291897 2.766352
 2.320000 -2.540880 -2.336314 3.138770
 2.340000 -2.579592 -2.375736 3.697560
 2.360000 -2.562115 -2.350854 3.328262
 2.380000 -2.528599 -2.462747 5.577147
 2.400000 -2.625963 -2.463663 5.629789
 2.420000 -2.614564 -2.545743 8.436182
 2.440000 -2.603180 -2.590925 10.445958
 2.460000 -2.717800 -2.554953 8.881580
 2.480000 -2.655153 -2.499434 6.739047
 2.500000 -2.616325 -2.512454 7.168196
 2.520000 -2.720874 -2.444669 5.176573
 2.540000 -2.608649 -2.344429 3.273587
 2.560000 -2.711794 -2.316995 3.047851
 2.580000 -2.694482 -2.313190 3.003816
 2.600000 -2.599390 -2.273022 2.661537
 2.620000 -2.591613 -2.280778 2.697026
 2.640000 -2.705142 -2.353725 3.451881
 2.660000 -2.829402 -2.383360 3.942211
 2.680000 -2.955571 -2.396467 4.112468
 2.700000 -3.029266 -2.478082 5.940312
 2.720000 -2.870264 -2.327816 3.178562
 2.740000 -2.956382 -2.366202 3.602422
 2.760000 -2.777409 -2.293021 2.883544
 2.780000 -2.850938 -2.330394 3.211717
 2.800000 -2.815832 -2.279168 2.799879
 2.820000 -2.797785 -2.363231 3.622720
 2.840000 -2.702555 -2.416364 4.512774
 2.860000 -2.781223 -2.536890 8.187619
 2.880000 -2.673283 -2.570878 9.543302
 2.900000 -2.549079 -2.570651 9.499928
 2.920000 -2.504975 -2.665217 14.514000
 2.940000 -2.291431 -2.534512 8.118904
 2.960000 -2.249703 -2.555633 9.043316
 2.980000 -2.223064 -2.537493 8.290490
 3.000000 -2.300091 -2.414360 4.396730
 3.020000 -2.355864 -2.480287 6.133485
 3.040000 -2.392982 -2.430787 4.756429
 3.060000 -2.411175 -2.410330 4.295833
 3.080000 -2.483911 -2.442857 5.045885
 3.100000 -2.445302 -2.426558 4.652570
 3.120000 -2.606663 -2.431455 4.797802
 3.140000 -2.827727 -2.519296 7.540627
 3.160000 -2.915643 -2.454301 5.461612
 3.180000 -3.005452 -2.452617 5.289173
 3.200000 -3.062428 -2.414187 4.247181
 3.220000 -2.866891 -2.333560 3.242015
 3.240000 -2.836653 -2.298833 2.926740
 3.260000 -2.660599 -2.124609 2.800162
 3.280000 -2.470853 -2.150050 2.485856
 3.300000 -2.421698 -2.159380 2.411294
 3.320000 -2.348144 -2.110941 2.562901
 3.340000 -2.448131 -2.182599 2.386566
 3.360000 -2.581951 -2.156985 2.583714
 3.380000 -2.649534 -2.253586 2.620417
 3.400000 -2.618850 -2.264968 2.639860
 3.420000 -2.657959 -2.212032 2.559390
 3.440000 -2.555965 -2.249746 2.531509
 3.460000 -2.649878 -2.302805 2.888660
 3.480000 -2.711440 -2.266751 2.711029
 3.500000 -2.863474 -2.405138 4.339529
 3.520000 -2.898612 -2.380717 3.881783
 3.540000 -2.905000 -2.413149 4.486550
 3.560000 -2.814189 -2.610650 11.576386
 3.580000 -2.694488 -2.586150 10.264311
 3.600000 -2.544201 -2.502378 6.805458
 3.620000 -2.398527 -2.536815 8.132179
 3.640000 -2.429116 -2.604478 11.193677
 3.660000 -2.443682 -2.489723 6.403242
 3.680000 -2.570078 -2.540835 8.229431
 3.700000 -2.794329 -2.449160 5.332149
 3.720000 -2.820548 -2.512021 7.274154
 3.740000 -2.808594 -2.332317 3.235161
 3.760000 -2.752051 -2.376202 3.801687
 3.780000 -2.682500 -2.250988 2.635465
 3.800000 -2.598941 -2.244965 2.554299
 3.820000 -2.635896 -2.289642 2.785149
 3.840000 -2.691045 -2.259722 2.670658
 3.860000 -2.706485 -2.295813 2.873632
 3.880000 -2.760015 -2.251106 2.672232
 3.900000 -2.641644 -2.340412 3.246298
 3.920000 -2.668161 -2.379035 3.799105
 3.940000 -2.564927 -2.253716 2.551822
 3.960000 -2.620097 -2.222656 2.533265
 3.980000 -2.618872 -2.485909 6.284726
 4.000000 -2.664960 -2.258417 2.648474
 4.020000 -2.686868 -2.220666 2.582479
 4.040000 -2.794654 -2.320754 3.114719
 4.060000 -2.801037 -2.421540 4.675956
 4.080000 -2.727089 -2.406689 4.330208
 4.100000 -2.684433 -2.482601 6.215754
 4.120000 -2.750502 -2.625339 12.303689
 4.140000 -2.645080 -2.568815 9.434284
 4.160000 -2.712922 -2.666624 14.629005
 4.180000 -2.658652 -2.569551 9.474601
 4.200000 -2.634774 -2.559449 9.018904
 4.220000 -2.707593 -2.463590 5.670880
 4.240000 -2.712399 -2.459127 5.550414
 4.260000 -2.603396 -2.498867 6.697182
 4.280000 -2.647405 -2.313591 2.976097
 4.300000 -2.616703 -2.315130 2.968485
 4.320000 -2.626447 -2.400118 4.145986
 4.340000 -2.795129 -2.419120 4.621229
 4.360000 -2.677902 -2.289190 2.811370
 4.380000 -2.856569 -2.472273 5.986743
 4.400000 -2.798255 -2.365256 3.652211
 4.420000 -2.753961 -2.290430 2.859546
 4.440000 -2.672084 -2.342427 3.290149
 4.460000 -2.736200 -2.310395 3.002321
 4.480000 -2.585423 -2.172976 2.541337
 4.500000 -2.602035 -2.287803 2.747616
 4.520000 -2.475253 -2.398862 4.068604
 4.540000 -2.502088 -2.237679 2.455285
 4.560000 -2.666597 -2.347426 3.347099
 4.580000 -2.505513 -2.413340 4.365340
 4.600000 -2.577581 -2.540604 8.220852
 4.620000 -2.496861 -2.380406 3.741151
 4.640000 -2.456728 -2.448112 5.182640
 4.660000 -2.456399 -2.513602 7.217169
 4.680000 -2.615146 -2.414308 4.423077
 4.700000 -2.572056 -2.367374 3.564703
 4.720000 -2.737662 -2.561406 9.174163
 4.740000 -2.889020 -2.549693 8.734999
 4.760000 -2.801860 -2.535841 8.159110
 4.780000 -3.046349 -2.665936 14.094380
 4.800000 -2.995471 -2.572871 9.558617
 4.820000 -2.841446 -2.465411 5.786751
 4.840000 -2.848396 -2.577416 9.960576
 4.860000 -2.680046 -2.520475 7.491585
 4.880000 -2.525130 -2.214636 2.441088
 4.900000 -2.522743 -2.238408 2.473552
 4.920000 -2.421129 -2.179977 2.368407
 4.940000 -2.394227 -2.069608 2.851789
 4.960000 -2.474506 -2.051520 3.074794
 4.980000 -2.181623 -2.118097 2.510807
 5.000000 -2.243298 -2.174869 2.320746
 5.020000 -2.289254 -2.064800 2.824857
 5.040000 -2.115718 -2.150686 2.406081
 5.060000 -2.173800 -2.147317 2.397349
 5.080000 -2.348010 -2.240133 2.371754
 5.100000 -2.212294 -2.179488 2.317904
 5.120000 -2.379045 -2.308599 2.790786
 5.140000 -2.398475 -2.280135 2.577253
 5.160000 -2.366704 -2.310896 2.809418
 5.180000 -2.578174 -2.347944 3.299547
 5.200000 -2.736633 -2.510927 7.185693
 5.220000 -2.687730 -2.446328 5.199529
 5.240000 -3.061981 -2.723801 17.515720
 5.260000 -2.953335 -2.649972 13.630627
 5.280000 -3.099268 -2.634324 11.931341
 5.300000 2.995287 -2.761537 15.560296
 5.320000 -2.982652 -2.558611 8.973990
 5.340000 -2.891557 -2.520846 7.596535
 5.360000 -2.891808 -2.510072 7.205799
 5.380000 -2.559114 -2.363318 3.498534
 5.400000 -2.635331 -2.320767 3.033457
 5.420000 -2.587463 -2.252620 2.567074
 5.440000 -2.436928 -2.208144 2.365104
 5.460000 -2.549304 -2.191769 2.471698
 5.480000 -2.393288 -2.205418 2.334657
 5.500000 -2.225706 -2.268359 2.485735
 5.520000 -2.419228 -2.359903 3.402449
 5.540000 -2.243378 -2.249012 2.394000
 5.560000 -2.263106 -2.449163 5.263882
 5.580000 -2.227724 -2.406675 4.253397
 5.600000 -2.238333 -2.469581 5.860725
 5.620000 -2.292470 -2.501567 6.875590
 5.640000 -2.434967 -2.490032 6.416147
 5.660000 -2.409283 -2.501053 6.794203
 5.680000 -2.396863 -2.524195 7.639446
 5.700000 -2.655587 -2.534657 8.013069
 5.720000 -2.622673 -2.511510 7.137374
 5.740000 -2.843872 -2.571767 9.700764
 5.760000 -2.969428 -2.437657 4.976866
 5.780000 -3.014296 -2.540864 8.151297
 5.800000 -2.892968 -2.298129 2.898845
 5.820000 -3.086184 -2.507177 6.638038
 5.840000 -2.754197 -2.203737 2.611824
 5.860000 -2.803205 -2.282800 2.821158
 5.880000 -2.693730 -2.172332 2.636323
 5.900000 -2.383649 -2.106209 2.609282
 5.920000 -2.472431 -2.120668 2.610971
 5.940000 -2.272905 -2.082515 2.702024
 5.960000 -2.405406 -2.131180 2.498875
 5.980000 -2.449793 -2.142212 2.492304
 6.000000 -2.449719 -2.260074 2.494055
 6.020000 -2.304516 -2.135185 2.435007
 6.040000 -2.453459 -2.372614 3.603465
 6.060000 -2.337412 -2.267864 2.486414
 6.080000 -2.391380 -2.447048 5.164584
 6.100000 -2.559535 -2.432294 4.800067
 6.120000 -2.437069 -2.480740 6.119688
 6.140000 -2.515294 -2.593216 10.569807
 6.160000 -2.546666 -2.516495 7.300892
 6.180000 -2.510659 -2.618664 11.868408
 6.200000 -2.568216 -2.616600 11.738373
 6.220000 -2.703536 -2.695345 16.414523
 6.240000 -2.648164 -2.506740 6.983297
 6.260000 -2.826028 -2.619391 12.041296
 6.280000 -2.764808 -2.481857 6.242036
 6.300000 -2.925592 -2.493674 6.624756
 6.320000 3.102283 -2.333855 2.611559
 6.340000 -3.068346 -2.372092 3.476351
 6.360000 -3.132874 -2.356070 3.048975
 6.380000 -2.994505 -2.137583 2.515122
 6.400000 -2.822047 -2.295678 2.905079
 6.420000 -2.791899 -2.290931 2.871774
 6.440000 -2.794921 -2.262696 2.719610
 6.460000 -2.613631 -2.313513 2.951934
 6.480000 -2.524930 -2.498762 6.683827
 6.500000 -2.430936 -2.409668 4.281449
 6.520000 -2.286155 -2.562261 9.308226
 6.540000 -2.210393 -2.437282 4.974231
 6.560000 -2.162428 -2.610615 11.816248
 6.580000 -2.078918 -2.633073 13.173192
 6.600000 -2.233250 -2.537945 8.301805
 6.620000 -2.019442 -2.719018 18.889817
 6.640000 -2.097787 -2.537165 8.371348
 6.660000 -2.145184 -2.464212 5.746044
 6.680000 -2.142309 -2.468824 5.885979
 6.700000 -2.187224 -2.319060 2.894120
 6.720000 -2.362196 -2.148808 2.405959
 6.740000 -2.268662 -2.251622 2.399907
 6.760000 -2.391528 -2.127616 2.505940
 6.780000 -2.673192 -2.210377 2.570477
 6.800000 -2.662764 -2.136190 2.745173
 6.820000 -2.930898 -2.274986 2.713749
 6.840000 -2.984878 -2.339001 3.197289
 6.860000 -2.888595 -2.253454 2.654313
 6.880000 -3.051241 -2.415889 4.314151
 6.900000 -2.924683 -2.515054 7.361165
 6.920000 -2.829628 -2.526855 7.824351
 6.940000 -2.739470 -2.515614 7.354890
 6.960000 -2.621889 -2.483695 6.217106
 6.980000 -2.318801 -2.486187 6.340562
 7.000000 -2.406516 -2.515605 7.312681
 7.020000 -2.243587 -2.418405 4.506027
 7.040000 -2.249772 -2.492434 6.586089
 7.060000 -2.360279 -2.432130 4.793583
 7.080000 -2.226838 -2.445602 5.184076
 7.100000 -2.464046 -2.410370 4.297192
 7.120000 -2.401833 -2.321072 2.916890
 7.140000 -2.585130 -2.354873 3.393980
 7.160000 -2.541125 -2.428767 4.713030
 7.180000 -2.599090 -2.295229 2.795851
 7.200000 -2.661938 -2.243505 2.600523
 7.220000 -2.745667 -2.342643 3.334177
 7.240000 -2.844654 -2.331907 3.229430
 7.260000 -2.749126 -2.290911 2.860943
 7.280000 -2.861605 -2.391384 4.080314
 7.300000 -2.671779 -2.504674 6.926007
 7.320000 -2.725380 -2.505244 6.980021
 7.340000 -2.701057 -2.530975 7.900438
 7.360000 -2.587404 -2.524863 7.612452
 7.380000 -2.628479 -2.566525 9.324760
 7.400000 -2.549263 -2.471072 5.817510
 7.420000 -2.565507 -2.572088 9.562759
 7.440000 -2.690395 -2.358413 3.505521
 7.460000 -2.711674 -2.500497 6.809648
 7.480000 -2.650962 -2.446139 5.175481
 7.500000 -2.741608 -2.446049 5.224044
 7.520000 -2.621395 -2.432254 4.823119
 7.540000 -2.662891 -2.541276 8.279060
 7.560000 -2.678684 -2.501507 6.822677
 7.580000 -2.700070 -2.454052 5.406850
 7.600000 -2.756325 -2.431626 4.883078
 7.620000 -2.741089 -2.361883 3.582036
 7.640000 -2.755348 -2.418652 4.592937
 7.660000 -2.651019 -2.238357 2.580825
 7.680000 -2.724861 -2.289507 2.841040
 7.700000 -2.579015 -2.224169 2.498674
 7.720000 -2.663397 -2.213758 2.563608
 7.740000 -2.769818 -2.290104 2.862229
 7.760000 -2.693778 -2.316983 3.037404
 7.780000 -3.027475 -2.353558 3.306054
 7.800000 -2.925139 -2.394399 4.104219
 7.820000 -2.971295 -2.428080 4.748422
 7.840000 -3.033970 -2.367272 3.487488
 7.860000 -2.941195 -2.376660 3.782196
 7.880000 -2.748568 -2.450136 5.332807
 7.900000 -2.770242 -2.521701 7.597660
 7.920000 -2.478919 -2.380186 3.733155
 7.940000 -2.528907 -2.667617 14.642220
 7.960000 -2.457593 -2.580971 10.016856
 7.980000 -2.195813 -2.566465 9.575818
 8.000000 -2.247070 -2.600163 11.175008
 8.020000 -2.037532 -2.635402 13.375953
 8.040000 -1.905696 -2.483875 6.628136
 8.060000 -2.055408 -2.560746 9.442862
 8.080000 -1.930892 -2.409893 4.517460
 8.100000 -1.906601 -2.384635 4.021212
 8.120000 -1.993062 -2.335404 3.178910
 8.140000 -1.906084 -2.188846 2.404078
 8.160000 -1.863803 -2.338245 3.310010
 8.180000 -1.917520 -2.087322 2.761355
 8.200000 -2.058344 -2.028186 3.158156
 8.220000 -2.121907 -2.110179 2.569627
 8.240000 -2.311408 -2.055787 2.898260
 8.260000 -2.158752 -1.965756 3.691383
 8.280000 -2.301810 -2.068699 2.801217
 8.300000 -2.293347 -1.868266 4.773508
 8.320000 -2.579822 -2.011726 3.567684
 8.340000 -2.634796 -1.921200 4.622950
 8.360000 -2.590353 -1.928272 4.480591
 8.380000 -2.857220 -2.099589 2.944287
 8.400000 -2.749081 -2.021441 3.609108
 8.420000 -2.993579 -2.304257 2.830304
 8.440000 -2.882242 -2.280075 2.784117
 8.460000 -3.024891 -2.419785 4.463538
 8.480000 -2.953533 -2.515264 7.331879
 8.500000 -2.937168 -2.567146 9.441060
 8.520000 -2.842510 -2.573751 9.790682
 8.540000 -2.743480 -2.567732 9.457328
 8.560000 -2.617116 -2.531823 7.884936
 8.580000 -2.619105 -2.542422 8.303158
 8.600000 -2.569426 -2.399448 4.106556
 8.620000 -2.328146 -2.499281 6.774605
 8.640000 -2.537221 -2.561755 9.107911
 8.660000 -2.313716 -2.435127 4.878425
 8.680000 -2.574096 -2.561966 9.113447
 8.700000 -2.377581 -2.613168 11.702739
 8.720000 -2.437479 -2.526376 7.700567
 8.740000 -2.513268 -2.500403 6.740298
 8.760000 -2.419230 -2.504207 6.899237
 8.780000 -2.604096 -2.337880 3.193323
 8.800000 -2.557529 -2.399014 4.093464
 8.820000 -2.746236 -2.209584 2.607683
 8.840000 -2.671245 -2.307992 2.944786
 8.860000 -2.772675 -2.300478 2.936140
 8.880000 -2.629165 -2.222586 2.540857
 8.900000 -2.775847 -2.395223 4.137033
 8.920000 -2.672000 -2.430851 4.815858
 8.940000 -2.876028 -2.466191 5.808903
 8.960000 -2.952183 -2.453671 5.408326
 8.980000 -2.823364 -2.574158 9.801840
 9.000000 -2.977044 -2.572478 9.595752
 9.020000 -2.684785 -2.415253 4.479340
 9.040000 -2.738187 -2.406084 4.324744
 9.060000 -2.608333 -2.482609 6.178112
 9.080000 -2.534790 -2.281256 2.658605
 9.100000 -2.448224 -2.359152 3.397510
 9.120000 -2.460830 -2.465285 5.652485
 9.140000 -2.574932 -2.363918 3.515135
 9.160000 -2.429786 -2.366461 3.502418
 9.180000 -2.673935 -2.526245 7.702279
 9.200000 -2.394988 -2.401994 4.125808
 9.220000 -2.502967 -2.409713 4.289377
 9.240000 -2.407080 -2.403758 4.160859
 9.260000 -2.228242 -2.429498 4.773004
 9.280000 -2.385137 -2.408977 4.269001
 9.300000 -2.374328 -2.193364 2.324258
 9.320000 -2.563108 -2.305928 2.853349
 9.340000 -2.531628 -2.422147 4.561079
 9.360000 -2.576527 -2.109640 2.794817
 9.380000 -2.531300 -2.498943 6.689502
 9.400000 -2.607063 -2.458884 5.489949
 9.420000 -2.636817 -2.437390 4.952317
 9.440000 -2.700277 -2.597147 10.801180
 9.460000 -2.764953 -2.672223 15.023668
 9.480000 -2.711813 -2.553205 8.803203
 9.500000 -2.948459 -2.615672 11.763484
 9.520000 -2.652994 -2.522663 7.555702
 9.540000 -2.734260 -2.481564 6.214354
 9.560000 -2.538226 -2.326699 3.032130
 9.580000 -2.528146 -2.338729 3.160125
 9.600000 -2.572810 -2.391220 3.956227
 9.620000 -2.657439 -2.328268 3.123380
 9.640000 -2.693657 -2.341307 3.290796
 9.660000 -2.774170 -2.447828 5.288154
 9.680000 -2.775574 -2.346024 3.386622
 9.700000 -2.790315 -2.347884 3.413962
 9.720000 -2.742418 -2.503005 6.914513
 9.740000 -2.641063 -2.346986 3.325237
 9.760000 -2.655467 -2.399295 4.145551
 9.780000 -2.529478 -2.480761 6.106155
 9.800000 -2.475056 -2.492875 6.496784
 9.820000 -2.420072 -2.448555 5.198920
 9.840000 -2.384968 -2.450405 5.255024
 9.860000 -2.424687 -2.624679 12.264262
 9.880000 -2.313012 -2.532688 8.029588
 9.900000 -2.303433 -2.461484 5.589843
 9.920000 -2.307271 -2.558914 9.140101
 9.940000 -2.381536 -2.469767 5.802626
 9.960000 -2.555952 -2.385906 3.855542
 9.980000 -2.808539 -2.522195 7.639645
 10.000000 -2.816974 -2.355481 3.517948
 10.020000 -2.960352 -2.343221 3.283188
 10.040000 -2.855253 -2.359842 3.576637
 10.060000 -2.733979 -2.319175 3.079559
 10.080000 -2.849676 -2.332213 3.231779
 10.100000 -2.822312 -2.297260 2.916573
 10.120000 -2.788309 -2.410249 4.432585
 10.140000 -2.712239 -2.382951 3.889932
 10.160000 -2.595588 -2.307534 2.888522
 10.180000 -2.414644 -2.392157 3.936228
 10.200000 -2.514947 -2.368976 3.563487
 10.220000 -2.459956 -2.342583 3.177989
 10.240000 -2.385098 -2.395899 4.006736
 10.260000 -2.377939 -2.435035 4.861593
 10.280000 -2.391972 -2.334964 3.068594
 10.300000 -2.475174 -2.341812 3.173535
 10.320000 -2.437232 -2.474301 5.922354
 10.340000 -2.542732 -2.462449 5.570358
 10.360000 -2.511738 -2.467028 5.697976
 10.380000 -2.636753 -2.605418 11.173103
 10.400000 -2.575977 -2.670535 14.800428
 10.420000 -2.650770 -2.566642 9.340793
 10.440000 -2.661514 -2.599086 10.868751
 10.460000 -2.674673 -2.686280 15.809265
 10.480000 -2.775853 -2.619950 12.037584
 10.500000 -2.902355 -2.514082 7.343633
 10.520000 -2.792153 -2.451122 5.382186
 10.540000 -2.731393 -2.381076 3.870037
 10.560000 -2.701893 -2.227582 2.597916
 10.580000 -2.575089 -2.096845 2.870549
 10.600000 -2.638604 -2.187521 2.563271
 10.620000 -2.631167 -2.138119 2.707990
 10.640000 -2.825162 -2.031785 3.480119
 10.660000 -2.944814 -2.352020 3.414551
 10.680000 -2.834384 -2.220632 2.611425
 10.700000 -2.975604 -2.302421 2.844012
 10.720000 -2.960143 -2.408026 4.331700
 10.740000 -2.878550 -2.468939 5.887415
 10.760000 -2.846365 -2.430451 4.885801
 10.780000 -2.792268 -2.460752 5.640934
 10.800000 -2.484117 -2.532038 7.898553
 10.820000 -2.496166 -2.593266 10.582040
 10.840000 -2.510673 -2.422499 4.564761
 10.860000 -2.372631 -2.598447 10.948116
 10.880000 -2.562049 -2.771043 21.628015
 10.900000 -2.497024 -2.582554 10.066895
 10.920000 -2.588898 -2.768858 21.454230
 10.940000 -2.492409 -2.778811 22.284624
 10.960000 -2.493030 -2.826535 25.958157
 10.980000 -2.643175 -2.545374 8.433412
 11.000000 -2.689526 -2.651996 13.740818
 11.020000 -2.744760 -2.572354 9.666021
 11.040000 -2.756824 -2.453437 5.424181
 11.060000 -2.796647 -2.353821 3.492197
 11.080000 -2.633588 -2.313757 2.967781
 11.100000 -2.724258 -2.207269 2.599898
 11.120000 -2.588959 -2.041462 3.303546
 11.140000 -2.575071 -2.269840 2.626542
 11.160000 -2.532835 -2.040402 3.241766
 11.180000 -2.732504 -2.041515 3.427314
 11.200000 -2.646137 -2.159969 2.637259
 11.220000 -2.601342 -2.002888 3.681798
 11.240000 -2.731813 -1.966243 4.165966
 11.260000 -2.592593 -2.112977 2.794237
 11.280000 -2.676733 -2.155054 2.678605
 11.300000 -2.680571 -2.127790 2.799712
 11.320000 -2.669020 -2.276055 2.729441
 11.340000 -2.642396 -2.488426 6.374666
 11.360000 -2.771658 -2.525887 7.755416
 11.380000 -2.503086 -2.551101 8.662727
 11.400000 -2.650466 -2.799715 23.775933
 11.420000 -2.505898 -2.764896 21.231229
 11.440000 -2.548017 -2.708608 17.240483
 11.460000 -2.592651 -2.783594 22.548155
 11.480000 -2.487037 -2.646304 13.413525
 11.500000 -2.506670 -2.491016 6.430494
 11.520000 -2.586691 -2.558179 8.950664
 11.540000 -2.508668 -2.414576 4.392048
 11.560000 -2.656268 -2.412133 4.398824
 11.580000 -2.677488 -2.265249 2.684077
 11.600000 -2.724810 -2.314099 3.028787
 11.620000 -2.686508 -2.308001 2.954769
 11.640000 -2.766701 -2.192744 2.624111
 11.660000 -2.606646 -2.130939 2.716235
 11.680000 -2.747636 -2.235812 2.630558
 11.700000 -2.708342 -2.056657 3.291010
 11.720000 -2.718219 -2.127978 2.821370
 11.740000 -2.682433 -2.070184 3.168729
 11.760000 -2.541381 -2.041479 3.243258
 11.780000 -2.701601 -2.127149 2.816820
 11.800000 -2.655698 -2.176175 2.599863
 11.820000 -2.906021 -2.309860 2.985513
 11.840000 -2.858300 -2.221118 2.600551
 11.860000 -2.912439 -2.465900 5.784709
 11.880000 -2.818404 -2.519480 7.543788
 11.900000 -2.781961 -2.450230 5.354055
 11.920000 -2.803377 -2.502604 6.937411
 11.940000 -2.719259 -2.557774 9.002873
 11.960000 -2.700677 -2.522860 7.593538
 11.980000 -2.568605 -2.498604 6.680344
 12.000000 -2.586785 -2.613732 11.587664
 12.020000 -2.454732 -2.540910 8.264500
 12.040000 -2.677170 -2.710563 17.388507
 12.060000 -2.506851 -2.641286 13.111795
 12.080000 -2.676912 -2.682370 15.564899
 12.100000 -2.458778 -2.600554 10.968824
 12.120000 -2.487581 -2.526470 7.682763
 12.140000 -2.557071 -2.514831 7.241197
 12.160000 -2.583476 -2.318895 2.981555
 12.180000 -2.627899 -2.250629 2.594253
 12.200000 -2.599801 -2.311339 2.923707
 12.220000 -2.679175 -2.203288 2.576907
 12.240000 -2.661535 -2.144860 2.706140
 12.260000 -2.815163 -2.245838 2.660784
 12.280000 -2.654175 -2.166742 2.623232
 12.300000 -2.773253 -2.239764 2.644783
 12.320000 -2.701966 -2.306153 2.949073
 12.340000 -2.759956 -2.397390 4.170025
 12.360000 -2.851281 -2.386496 3.995573
 12.380000 -2.833375 -2.519422 7.547050
 12.400000 -2.901152 -2.523165 7.678015
 12.420000 -2.883765 -2.463443 5.729134
 12.440000 -2.797394 -2.455909 5.511373
 12.460000 -2.656215 -2.391206 3.998246
 12.480000 -2.629470 -2.481260 6.145622
 12.500000 -2.560884 -2.457675 5.442088
 12.520000 -2.506731 -2.499032 6.695003
 12.540000 -2.435224 -2.505741 6.946250
 12.560000 -2.295867 -2.581658 10.202736
 12.580000 -2.200887 -2.464776 5.734905
 12.600000 -2.257253 -2.610409 11.700764
 12.620000 -1.970741 -2.300844 2.821094
 12.640000 -2.080907 -2.463861 5.778625
 12.660000 -1.955409 -2.374671 3.793943
 12.680000 -2.125931 -2.305546 2.786926
 12.700000 -2.207759 -2.363236 3.459871
 12.720000 -2.387872 -2.323619 2.940435
 12.740000 -2.394137 -2.447738 5.182161
 12.760000 -2.667925 -2.433716 4.880559
 12.780000 -2.602081 -2.468778 5.764461
 12.800000 -2.817849 -2.500382 6.868479
 12.820000 -2.883326 -2.584401 10.284798
 12.840000 -2.866122 -2.434894 4.989561
 12.860000 -3.068664 -2.604551 10.680435
 12.880000 -2.970762 -2.428165 4.751123
 12.900000 -2.988944 -2.473015 5.889827
 12.920000 -2.886268 -2.422282 4.692685
 12.940000 -2.660561 -2.323684 3.079375
 12.960000 -2.403506 -2.311150 2.820335
 12.980000 -2.287818 -2.184857 2.308648
 13.000000 -2.166634 -2.400130 4.136533
 13.020000 -2.279950 -2.165149 2.339141
 13.040000 -2.437793 -2.400168 4.089910
 13.060000 -2.551678 -2.358791 3.430295
 13.080000 -2.470308 -2.467842 5.724851
 13.100000 -2.509215 -2.299127 2.764937
 13.120000 -2.443112 -2.410640 4.301728
 13.140000 -2.375396 -2.284303 2.597172
 13.160000 -2.482866 -2.305346 2.800643
 13.180000 -2.549417 -2.432462 4.801131
 13.200000 -2.527380 -2.383295 3.799662
 13.220000 -2.717154 -2.502960 6.896505
 13.240000 -2.449006 -2.454802 5.361715
 13.260000 -2.602353 -2.550228 8.617615
 13.280000 -2.382241 -2.481032 6.146557
 13.300000 -2.370164 -2.614634 11.789503
 13.320000 -2.147793 -2.427574 4.757450
 13.340000 -2.414374 -2.597254 10.843132
 13.360000 -2.159656 -2.400828 4.153065
 13.380000 -2.439929 -2.446820 5.150641
 13.400000 -2.629935 -2.419005 4.529764
 13.420000 -2.540498 -2.334416 3.116976
 13.440000 -2.804272 -2.447575 5.295345
 13.460000 -2.763885 -2.363554 3.615790
 13.480000 -2.828869 -2.422084 4.694733
 13.500000 -2.846525 -2.388926 4.038415
 13.520000 -2.962144 -2.484500 6.285330
 13.540000 -2.772149 -2.466416 5.789128
 13.560000 -2.957589 -2.511778 7.200899
 13.580000 -2.742694 -2.446511 5.236401
 13.600000 -2.716870 -2.528681 7.823823
 13.620000 -2.599947 -2.387488 3.903353
 13.640000 -2.446474 -2.447768 5.174668
 13.660000 -2.267119 -2.380950 3.741785
 13.680000 -2.440010 -2.429616 4.724165
 13.700000 -2.338740 -2.440758 5.013321
 13.720000 -2.429501 -2.418405 4.468792
 13.740000 -2.707421 -2.500658 6.812348
 13.760000 -2.557241 -2.450045 5.238410
 13.780000 -2.736379 -2.511633 7.210476
 13.800000 -2.821765 -2.456346 5.531694
 13.820000 -2.752712 -2.454022 5.437072
 13.840000 -2.868874 -2.307421 2.985995
 13.860000 -2.877611 -2.344474 3.366594
 13.880000 -2.838781 -2.330144 3.211281
 13.900000 -2.911948 -2.307845 2.963417
 13.920000 -2.910277 -2.347229 3.383058
 13.940000 -2.689811 -2.313342 3.002318
 13.960000 -2.700873 -2.401655 4.216468
 13.980000 -2.498662 -2.286650 2.669126
 14.000000 -2.260376 -2.362940 3.445024
 14.020000 -2.445012 -2.316263 2.882253
 14.040000 -2.261603 -2.433484 4.858067
 14.060000 -2.272236 -2.329610 2.995888
 14.080000 -2.419903 -2.542400 8.344933
 14.100000 -2.286447 -2.408216 4.267463
 14.120000 -2.279412 -2.493789 6.614810
 14.140000 -2.377965 -2.540851 8.310302
 14.160000 -2.279825 -2.525511 7.770268
 14.180000 -2.329997 -2.572996 9.758818
 14.200000 -2.513572 -2.539728 8.192510
 14.220000 -2.462848 -2.529299 7.801282
 14.240000 -2.571111 -2.441165 5.017110
 14.260000 -2.702827 -2.429173 4.794433
 14.280000 -2.566204 -2.332752 3.112807
 14.300000 -2.680379 -2.325876 3.114467
 14.320000 -2.695716 -2.208618 2.585141
 14.340000 -2.540620 -2.244470 2.503508
 14.360000 -2.741292 -2.175945 2.649488
 14.380000 -2.802157 -2.183557 2.637684
 14.400000 -2.901402 -2.289790 2.832803
 14.420000 -3.044488 -2.246448 2.387834
 14.440000 -3.100550 -2.322220 2.756684
 14.460000 -2.842059 -2.312599 3.038640
 14.480000 -2.932042 -2.392768 4.068442
 14.500000 -2.663953 -2.299082 2.870298
 14.520000 -2.626414 -2.342899 3.266106
 14.540000 -2.547468 -2.363246 3.491870
 14.560000 -2.493465 -2.410482 4.303568
 14.580000 -2.483404 -2.399421 4.080736
 14.600000 -2.443041 -2.485899 6.280429
 14.620000 -2.351353 -2.385016 3.806033
 14.640000 -2.186883 -2.476693 6.105628
 14.660000 -2.291491 -2.472277 5.915759
 14.680000 -1.891543 -2.400232 4.354349
 14.700000 -2.132188 -2.567966 9.703101
 14.720000 -1.945762 -2.402476 4.340057
 14.740000 -2.140800 -2.539382 8.429599
 14.760000 -2.086456 -2.399022 4.161066
 14.780000 -2.177762 -2.487162 6.448664
 14.800000 -2.020841 -2.370307 3.672499
 14.820000 -2.249052 -2.433084 4.853001
 14.840000 -2.156502 -2.295412 2.687076
 14.860000 -2.265029 -2.400486 4.113083
 14.880000 -2.442079 -2.323489 2.953927
 14.900000 -2.568513 -2.326742 3.050079
 14.920000 -2.780145 -2.502401 6.917277
 14.940000 -2.884016 -2.336404 3.267342
 14.960000 -2.951010 -2.444637 5.174847
 14.980000 -2.873737 -2.408327 4.400919
 15.000000 -2.967639 -2.480515 6.153396
 15.020000 -2.809223 -2.331000 3.220990
 15.040000 -2.847681 -2.485100 6.376800
 15.060000 -2.806104 -2.467815 5.845572
 15.080000 -2.760088 -2.493332 6.602704
 15.100000 -2.836840 -2.451923 5.417189
 15.120000 -2.803404 -2.540079 8.328654
 15.140000 -2.474134 -2.498859 6.696080
 15.160000 -2.544405 -2.389555 3.914861
 15.180000 -2.440651 -2.548863 8.599928
 15.200000 -2.380774 -2.379130 3.703011
 15.220000 -2.473308 -2.470143 5.791514
 15.240000 -2.538696 -2.462943 5.583652
 15.260000 -2.479044 -2.439975 4.973695
 15.280000 -2.731574 -2.534274 8.050132
 15.300000 -2.679608 -2.466069 5.724751
 15.320000 -2.536292 -2.464039 5.614138
 15.340000 -2.752898 -2.575091 9.797346
 15.360000 -2.535078 -2.402201 4.146665
 15.380000 -2.598341 -2.325665 3.057602
 15.400000 -2.637498 -2.541330 8.267160
 15.420000 -2.598927 -2.281006 2.704037
 15.440000 -2.770944 -2.423166 4.699341
 15.460000 -2.937339 -2.402054 4.238360
 15.480000 -2.785113 -2.404859 4.323632
 15.500000 -2.899897 -2.388016 4.006102
 15.520000 -2.811964 -2.368524 3.703489
 15.540000 -2.653142 -2.368863 3.632058
 15.560000 -2.796810 -2.313381 3.046771
 15.580000 -2.678346 -2.281099 2.762872
 15.600000 -2.714340 -2.419573 4.588081
 15.620000 -2.793729 -2.388091 4.016139
 15.640000 -2.638499 -2.252352 2.608034
 15.660000 -2.525987 -2.543486 8.341051
 15.680000 -2.455445 -2.429933 4.731082
 15.700000 -2.449645 -2.464653 5.636151
 15.720000 -2.396368 -2.464098 5.632768
 15.740000 -2.416622 -2.515067 7.287909
 15.760000 -2.401650 -2.507869 7.035805
 15.780000 -2.321081 -2.421869 4.559890
 15.800000 -2.560803 -2.494092 6.530473
 15.820000 -2.454994 -2.463218 5.594379
 15.840000 -2.681066 -2.499400 6.753385
 15.860000 -2.568763 -2.369977 3.602430
 15.880000 -2.774880 -2.605365 11.277968
 15.900000 -2.700433 -2.260616 2.679684
 15.920000 -2.950708 -2.454826 5.441064
 15.940000 -2.880425 -2.459346 5.615994
 15.960000 -3.082188 -2.411253 4.126637
 15.980000 -2.953893 -2.289372 2.775905
 16.000000 -2.860904 -2.320658 3.109229
 16.020000 -2.823292 -2.353879 3.496925
 16.040000 -2.637535 -2.152391 2.655859
 16.060000 -2.635749 -2.306301 2.906161
 16.080000 -2.501383 -2.302480 2.786960
 16.100000 -2.616153 -2.321632 3.029157
 16.120000 -2.495506 -2.256022 2.507254
 16.140000 -2.652691 -2.533182 7.954060
 16.160000 -2.530949 -2.372425 3.623353
 16.180000 -2.667906 -2.561616 9.130835
 16.200000 -2.528617 -2.598651 10.831901
 16.220000 -2.567295 -2.533270 7.930663
 16.240000 -2.674677 -2.521548 7.527672
 16.260000 -2.662384 -2.529172 7.805789
 16.280000 -2.735715 -2.618523 11.925416
 16.300000 -2.842975 -2.446136 5.268082
 16.320000 -2.825653 -2.549266 8.715817
 16.340000 -2.893743 -2.489671 6.516090
 16.360000 -2.892841 -2.511097 7.241699
 16.380000 -2.662201 -2.284813 2.773818
 16.400000 -2.739753 -2.431074 4.860256
 16.420000 -2.529222 -2.334594 3.112941
 16.440000 -2.594526 -2.284644 2.722237
 16.460000 -2.750041 -2.428815 4.814705
 16.480000 -2.715060 -2.200229 2.599614
 16.500000 -2.896295 -2.382028 3.904953
 16.520000 -2.868898 -2.252238 2.662872
 16.540000 -2.784790 -2.485870 6.378705
 16.560000 -2.700040 -2.318979 3.059596
 16.580000 -2.706783 -2.436577 4.969970
 16.600000 -2.527540 -2.388470 3.889460
 16.620000 -2.708219 -2.531950 7.943059
 16.640000 -2.591875 -2.437263 4.929289
 16.660000 -2.548004 -2.528576 7.750006
 16.680000 -2.626537 -2.666828 14.579786
 16.700000 -2.563504 -2.513736 7.202429
 16.720000 -2.645298 -2.664100 14.423928
 16.740000 -2.662613 -2.601675 10.998357
 16.760000 -2.556387 -2.618448 11.837972
 16.780000 -2.595423 -2.453107 5.330753
 16.800000 -2.693542 -2.560957 9.120453
 16.820000 -2.611871 -2.408436 4.301357
 16.840000 -2.832211 -2.486919 6.431606
 16.860000 -2.682122 -2.271527 2.715436
 16.880000 -2.708970 -2.429044 4.794920
 16.900000 -2.715063 -2.237831 2.621150
 16.920000 -2.694396 -2.256098 2.659606
 16.940000 -2.644806 -2.266422 2.666235
 16.960000 -2.494436 -2.186357 2.423298
 16.980000 -2.613020 -2.244213 2.564139
 17.000000 -2.504174 -2.182770 2.438069
 17.020000 -2.646558 -2.373958 3.705895
 17.040000 -2.664286 -2.272961 2.710570
 17.060000 -2.651805 -2.413674 4.428332
 17.080000 -2.733312 -2.511191 7.192797
 17.100000 -2.701786 -2.543148 8.380988
 17.120000 -2.829714 -2.557942 9.085002
 17.140000 -2.893410 -2.647021 13.565732
 17.160000 -2.890385 -2.668084 14.811062
 17.180000 -2.794427 -2.591809 10.618125
 17.200000 -2.842759 -2.658182 14.230179
 17.220000 -2.520330 -2.569019 9.433981
 17.240000 -2.753982 -2.558150 9.046228
 17.260000 -2.599965 -2.332881 3.134709
 17.280000 -2.628973 -2.366912 3.588748
 17.300000 -2.565783 -2.183883 2.499204
 17.320000 -2.512603 -2.165938 2.482111
 17.340000 -2.578992 -2.133929 2.671999
 17.360000 -2.703573 -2.208352 2.589628
 17.380000 -2.599113 -2.048833 3.254396
 17.400000 -2.607433 -2.168840 2.574429
 17.420000 -2.603464 -2.181956 2.540491
 17.440000 -2.546761 -2.216703 2.462577
 17.460000 -2.668116 -2.342216 3.284978
 17.480000 -2.694839 -2.344584 3.330543
 17.500000 -2.698772 -2.490508 6.473309
 17.520000 -2.798109 -2.361126 3.592768
 17.540000 -2.863419 -2.555408 8.982658
 17.560000 -2.666568 -2.489703 6.428045
 17.580000 -2.813468 -2.549108 8.703309
 17.600000 -2.681576 -2.567657 9.405260
 17.620000 -2.704782 -2.655237 13.943590
 17.640000 -2.717237 -2.661573 14.330187
 17.660000 -2.659761 -2.655387 13.916087
 17.680000 -2.600068 -2.668207 14.657423
 17.700000 -2.593520 -2.616442 11.729665
 17.720000 -2.478640 -2.546802 8.493994
 17.740000 -2.546109 -2.434897 4.858062
 17.760000 -2.483348 -2.359047 3.405680
 17.780000 -2.416984 -2.143479 2.456745
 17.800000 -2.589992 -2.223789 2.508158
 17.820000 -2.547011 -2.175412 2.495819
 17.840000 -2.579125 -2.169997 2.542107
 17.860000 -2.605779 -2.210869 2.515562
 17.880000 -2.714236 -2.300923 2.915261
 17.900000 -2.638248 -2.354448 3.419486
 17.920000 -2.637135 -2.357095 3.454415
 17.940000 -2.535523 -2.469384 5.766928
 17.960000 -2.453080 -2.474385 5.921046
 17.980000 -2.662731 -2.579294 9.920571
 18.000000 -2.490615 -2.406450 4.220666
 18.020000 -2.609887 -2.530568 7.834177
 18.040000 -2.435214 -2.494786 6.572467
 18.060000 -2.482163 -2.457443 5.430402
 18.080000 -2.547728 -2.509661 7.057167
 18.100000 -2.556942 -2.601381 10.959299
 18.120000 -2.542597 -2.470075 5.787631
 18.140000 -2.704582 -2.623763 12.175387
 18.160000 -2.598579 -2.587519 10.281607
 18.180000 -2.790025 -2.504383 6.991001
 18.200000 -2.768932 -2.534896 8.100936
 18.220000 -2.630645 -2.483263 6.207685
 18.240000 -2.677506 -2.361388 3.538537
 18.260000 -2.603886 -2.345943 3.289313
 18.280000 -2.485047 -2.272412 2.575713
 18.300000 -2.345683 -2.263196 2.464003
 18.320000 -2.372634 -2.246100 2.400357
 18.340000 -2.362415 -2.242583 2.384607
 18.360000 -2.477783 -2.312887 2.864535
 18.380000 -2.419167 -2.405907 4.204182
 18.400000 -2.304705 -2.398080 4.056187
 18.420000 -2.447874 -2.434969 4.851924
 18.440000 -2.411181 -2.476266 5.989503
 18.460000 -2.533990 -2.458665 5.464648
 18.480000 -2.562011 -2.506848 6.959923
 18.500000 -2.641422 -2.521266 7.497842
 18.520000 -2.745384 -2.428512 4.805000
 18.540000 -2.776176 -2.517022 7.429423
 18.560000 -2.737614 -2.512609 7.245962
 18.580000 -2.813504 -2.479277 6.187766
 18.600000 -2.696706 -2.527102 7.749750
 18.620000 -2.682433 -2.683741 15.655510
 18.640000 -2.693691 -2.538126 8.174286
 18.660000 -2.588343 -2.590315 10.414338
 18.680000 -2.602931 -2.546577 8.467120
 18.700000 -2.642291 -2.410641 4.360937
 18.720000 -2.446191 -2.246066 2.438889
 18.740000 -2.368620 -2.261411 2.462451
 18.760000 -2.334537 -2.077279 2.756180
 18.780000 -2.377311 -2.039125 3.072322
 18.800000 -2.391501 -2.023164 3.221579
 18.820000 -2.483642 -2.032494 3.246736
 18.840000 -2.534230 -2.083362 2.907613
 18.860000 -2.639348 -2.092608 2.970558
 18.880000 -2.700999 -2.299294 2.895558
 18.900000 -2.784758 -2.198142 2.619931
 18.920000 -2.884487 -2.359323 3.560005
 18.940000 -2.725777 -2.301226 2.923652
 18.960000 -2.786533 -2.402575 4.279720
 18.980000 -2.797094 -2.427131 4.799318
 19.000000 -2.896041 -2.468048 5.855716
 19.020000 -2.866171 -2.559287 9.149359
 19.040000 -2.992489 -2.587761 10.252423
 19.060000 -2.796709 -2.558557 9.093889
 19.080000 -2.629977 -2.632043 12.575668
 19.100000 -2.521409 -2.677786 15.272110
 19.120000 -2.420697 -2.507434 7.011771
 19.140000 -2.502977 -2.648653 13.536263
 19.160000 -2.421980 -2.553821 8.821920
 19.180000 -2.542148 -2.528359 7.742265
 19.200000 -2.549053 -2.462495 5.572550
 19.220000 -2.468398 -2.450383 5.241341
 19.240000 -2.473407 -2.387880 3.865183
 19.260000 -2.549909 -2.326503 3.036710
 19.280000 -2.492356 -2.178603 2.433236
 19.300000 -2.496417 -2.235667 2.446163
 19.320000 -2.647625 -2.199986 2.555906
 19.340000 -2.639450 -2.121069 2.799482
 19.360000 -2.816092 -2.274766 2.775975
 19.380000 -2.786617 -2.178987 2.648234
 19.400000 -2.923522 -2.329053 3.158519
 19.420000 -2.969179 -2.375415 3.729486
 19.440000 -2.867076 -2.419281 4.632407
 19.460000 -2.880388 -2.435812 5.008581
 19.480000 -2.737579 -2.474149 5.992436
 19.500000 -2.632928 -2.482155 6.174677
 19.520000 -2.775561 -2.473517 5.996892
 19.540000 -2.868015 -2.458247 5.588095
 19.560000 -2.756708 -2.555093 8.917650
 19.580000 -2.767444 -2.632850 12.730049
 19.600000 -2.658666 -2.556003 8.884104
 19.620000 -2.576889 -2.634721 12.715401
 19.640000 -2.467940 -2.552289 8.728837
 19.660000 -2.385607 -2.656086 14.108949
 19.680000 -2.336694 -2.433728 4.837493
 19.700000 -2.271796 -2.509439 7.169623
 19.720000 -2.419873 -2.402946 4.144426
 19.740000 -2.543375 -2.316413 2.933292
 19.760000 -2.532978 -2.320329 2.964759
 19.780000 -2.610658 -2.273030 2.670657
 19.800000 -2.629962 -2.270040 2.671421
 19.820000 -2.630233 -2.321951 3.041378
 19.840000 -2.602694 -2.420090 4.540368
 19.860000 -2.807547 -2.408307 4.399536
 19.880000 -2.908605 -2.487994 6.454482
 19.900000 -3.041946 -2.420945 4.446359
 19.920000 -3.123233 -2.541194 7.619604
 19.940000 -2.991836 -2.424374 4.631567
 19.960000 -2.865627 -2.379425 3.873584
 19.980000 -2.735785 -2.438495 5.033499
 20.000000 -2.622074 -2.427909 4.723106
