#! FIELDS time phi psi metad.bias
#! SET min_phi -pi
#! SET max_phi pi
#! SET min_psi -pi
#! SET max_psi pi
 0.000000 3.141580 -3.141577 41.480598
 0.020000 -2.618660 -2.532850 7.926542
 0.040000 -2.612180 -2.551672 8.368038
 0.060000 -2.567680 -2.542618 7.928297
 0.080000 -2.576715 -2.538849 7.877725
 0.100000 -2.515118 -2.508203 6.960284
 0.120000 -2.545256 -2.524565 7.413664
 0.140000 -2.506592 -2.549971 7.843114
 0.160000 -2.546828 -2.551482 8.054874
 0.180000 -2.520899 -2.572695 8.499453
 0.200000 -2.528394 -2.616040 9.869087
 0.220000 -2.516426 -2.600901 9.313194
 0.240000 -2.516186 -2.687408 12.545851
 0.260000 -2.577433 -2.651175 11.452733
 0.280000 -2.532874 -2.671697 11.990625
 0.300000 -2.639432 -2.629237 11.002330
 0.320000 -2.631433 -2.631789 11.048897
 0.340000 -2.586404 -2.566311 8.637935
 0.360000 -2.613140 -2.526858 7.760955
 0.380000 -2.524987 -2.507217 6.977793
 0.400000 -2.528942 -2.520572 7.262714
 0.420000 -2.558275 -2.525939 7.498269
 0.440000 -2.570642 -2.481723 6.687812
 0.460000 -2.676825 -2.567513 9.130228
 0.480000 -2.783874 -2.601511 10.737857
 0.500000 -2.769993 -2.486593 7.534623
 0.520000 -2.903961 -2.593990 10.724213
 0.540000 -2.820185 -2.493010 7.803088
 0.560000 -2.797491 -2.412420 6.488139
 0.580000 -2.822866 -2.473041 7.426289
 0.600000 -2.653117 -2.481833 7.011695
 0.620000 -2.652554 -2.376170 5.721024
 0.640000 -2.584275 -2.418024 5.873930
 0.660000 -2.543300 -2.558584 8.221872
 0.680000 -2.475562 -2.454417 5.967430
 0.700000 -2.438113 -2.470290 6.083923
 0.720000 -2.311768 -2.604217 8.784256
 0.740000 -2.314387 -2.626796 9.506270
 0.760000 -2.325677 -2.474093 5.923375
 0.780000 -2.274234 -2.559465 7.534407
 0.800000 -2.328368 -2.599055 8.645802
 0.820000 -2.300005 -2.614368 9.092428
 0.840000 -2.386117 -2.564257 7.795426
 0.860000 -2.338488 -2.644523 10.145579
 0.880000 -2.418692 -2.668458 11.250084
 0.900000 -2.346485 -2.563870 7.706698
 0.920000 -2.419571 -2.693148 12.261267
 0.940000 -2.427363 -2.641367 10.268122
 0.960000 -2.418291 -2.600320 8.883849
 0.980000 -2.529894 -2.592544 9.121319
 1.000000 -2.633349 -2.660056 12.196626
 1.020000 -2.720860 -2.550133 8.839616
 1.040000 -2.799905 -2.523863 8.445053
 1.060000 -2.758537 -2.559026 9.250466
 1.080000 -2.699264 -2.508323 7.721308
 1.100000 -2.714869 -2.413753 6.260736
 1.120000 -2.714413 -2.502717 7.662455
 1.140000 -2.888920 -2.641557 12.585052
 1.160000 -2.896135 -2.505774 8.195369
 1.180000 -2.975401 -2.671329 13.796485
 1.200000 -2.901332 -2.644172 12.702004
 1.220000 -2.768582 -2.626429 11.618124
 1.240000 -2.664978 -2.493070 7.268398
 1.260000 -2.506381 -2.577343 8.563078
 1.280000 -2.385418 -2.469290 5.951819
 1.300000 -2.298101 -2.479101 5.967736
 1.320000 -2.291796 -2.569754 7.801027
 1.340000 -2.252737 -2.559471 7.535422
 1.360000 -2.436079 -2.603987 9.057455
 1.380000 -2.386420 -2.616297 9.286649
 1.400000 -2.493253 -2.754017 15.526336
 1.420000 -2.381483 -2.600995 8.799174
 1.440000 -2.360406 -2.522583 6.800843
 1.460000 -2.419599 -2.585670 8.460651
 1.480000 -2.462676 -2.485894 6.389822
 1.500000 -2.608222 -2.372642 5.562620
 1.520000 -2.847902 -2.462477 7.293780
 1.540000 -2.844054 -2.518566 8.424388
 1.560000 -2.909886 -2.504422 8.171217
 1.580000 -2.931328 -2.475268 7.587099
 1.600000 -2.734281 -2.615040 11.012367
 1.620000 -2.668860 -2.561915 8.927839
 1.640000 -2.828394 -2.529783 8.668754
 1.660000 -2.600177 -2.545165 8.142602
 1.680000 -2.805996 -2.524477 8.477498
 1.700000 -2.840743 -2.417424 6.642058
 1.720000 -2.776145 -2.462577 7.121818
 1.740000 -2.769826 -2.457524 7.020828
 1.760000 -2.558283 -2.372526 5.422425
 1.780000 -2.387381 -2.386444 5.149357
 1.800000 -2.392698 -2.502138 6.482450
 1.820000 -2.391581 -2.465348 5.910162
 1.840000 -2.418918 -2.541400 7.335348
 1.860000 -2.501039 -2.614451 9.674077
 1.880000 -2.560030 -2.712985 14.025442
 1.900000 -2.470947 -2.651056 10.816681
 1.920000 -2.390984 -2.600840 8.818490
 1.940000 -2.307300 -2.677345 11.362956
 1.960000 -2.288125 -2.560599 7.566961
 1.980000 -2.425486 -2.540613 7.336512
 2.000000 -2.509737 -2.561685 8.153194
 2.020000 -2.536551 -2.581345 8.819913
 2.040000 -2.759969 -2.548085 8.944133
 2.060000 -2.861150 -2.606930 11.157949
 2.080000 -2.930357 -2.493409 7.936775
 2.100000 -3.010556 -2.463171 7.276311
 2.120000 -2.829420 -2.409300 6.527396
 2.140000 -2.878659 -2.420440 6.737665
 2.160000 -2.814823 -2.368839 6.128066
 2.180000 -2.868543 -2.349237 6.103729
 2.200000 -2.970431 -2.506497 8.175014
 2.220000 -2.799860 -2.402384 6.386572
 2.240000 -2.630847 -2.526395 7.830223
 2.260000 -2.535588 -2.537774 7.671616
 2.280000 -2.297051 -2.682981 11.590569
 2.300000 -2.240309 -2.590054 8.367189
 2.320000 -2.254802 -2.723392 13.396513
 2.340000 -2.036940 -2.749972 16.163999
 2.360000 -2.213856 -2.779367 16.315853
 2.380000 -2.101890 -2.792528 17.904071
 2.400000 -2.222383 -2.793744 17.041053
 2.420000 -2.258744 -2.776785 16.006316
 2.440000 -2.292819 -2.754457 14.818355
 2.460000 -2.326266 -2.731582 13.723863
 2.480000 -2.327191 -2.656978 10.586961
 2.500000 -2.469213 -2.550132 7.701882
 2.520000 -2.578838 -2.516825 7.387952
 2.540000 -2.880556 -2.487736 7.802566
 2.560000 -3.017177 -2.421035 6.691831
 2.580000 -3.132562 -2.442977 6.475981
 2.600000 -3.132493 -2.481790 7.019992
 2.620000 -2.992151 -2.346693 6.135260
 2.640000 -2.957826 -2.289944 5.953662
 2.660000 -2.909094 -2.320671 6.018389
 2.680000 -2.767704 -2.238026 5.599627
 2.700000 -2.752364 -2.190174 5.594860
 2.720000 -2.777953 -2.328824 5.805566
 2.740000 -2.625447 -2.345903 5.458896
 2.760000 -2.778499 -2.441279 6.801903
 2.780000 -2.655974 -2.447364 6.476728
 2.800000 -2.669086 -2.549136 8.574823
 2.820000 -2.460219 -2.639873 10.354549
 2.840000 -2.518648 -2.712975 13.710416
 2.860000 -2.420495 -2.743713 14.563880
 2.880000 -2.493044 -2.809048 18.480015
 2.900000 -2.387216 -2.816171 18.171783
 2.920000 -2.430431 -2.853404 20.513417
 2.940000 -2.473031 -2.690922 12.431120
 2.960000 -2.403338 -2.681356 11.709222
 2.980000 -2.353802 -2.643115 10.120011
 3.000000 -2.251673 -2.654329 10.500468
 3.020000 -2.340962 -2.561498 7.638994
 3.040000 -2.498492 -2.478678 6.384386
 3.060000 -2.623070 -2.515413 7.549461
 3.080000 -2.723150 -2.484429 7.330997
 3.100000 -2.839181 -2.454753 7.151973
 3.120000 -2.907353 -2.401214 6.554297
 3.140000 -3.079764 -2.436850 6.673614
 3.160000 -2.948766 -2.251207 5.905237
 3.180000 -3.035073 -2.270817 5.860112
 3.200000 -2.983910 -2.140629 6.006337
 3.220000 -2.843174 -2.124806 5.899313
 3.240000 -2.729625 -2.089592 5.740397
 3.260000 -2.674382 -2.053633 5.733629
 3.280000 -2.511604 -2.028309 5.774996
 3.300000 -2.454630 -2.123688 5.407375
 3.320000 -2.406596 -2.191856 5.137953
 3.340000 -2.374560 -2.363148 5.016024
 3.360000 -2.323366 -2.429356 5.392135
 3.380000 -2.410375 -2.458397 5.857670
 3.400000 -2.455075 -2.652189 10.782426
 3.420000 -2.454646 -2.577165 8.344464
 3.440000 -2.453228 -2.620762 9.662371
 3.460000 -2.529835 -2.706653 13.499000
 3.480000 -2.564130 -2.630172 10.569750
 3.500000 -2.716861 -2.678420 13.588868
 3.520000 -2.808415 -2.689831 14.653333
 3.540000 -2.889622 -2.702440 15.511906
 3.560000 -2.913133 -2.712497 16.049328
 3.580000 -2.717601 -2.697065 14.494279
 3.600000 -2.623489 -2.636196 11.167205
 3.620000 -2.558020 -2.484143 6.681292
 3.640000 -2.543552 -2.493866 6.797729
 3.660000 -2.583689 -2.402030 5.717584
 3.680000 -2.585612 -2.313510 5.236829
 3.700000 -2.540331 -2.262154 5.093722
 3.720000 -2.702681 -2.414427 6.228500
 3.740000 -2.677991 -2.326434 5.521468
 3.760000 -2.684893 -2.355313 5.681943
 3.780000 -2.670722 -2.425092 6.242264
 3.800000 -2.689760 -2.481768 7.155062
 3.820000 -2.713107 -2.559908 9.081338
 3.840000 -2.647033 -2.665644 12.531751
 3.860000 -2.574556 -2.709916 13.995368
 3.880000 -2.522285 -2.682554 12.377674
 3.900000 -2.552156 -2.812862 19.281042
 3.920000 -2.377808 -2.812950 17.959135
 3.940000 -2.346600 -2.744631 14.365036
 3.960000 -2.297142 -2.697199 12.183925
 3.980000 -2.260362 -2.762907 15.293049
 4.000000 -2.354871 -2.752029 14.738424
 4.020000 -2.377051 -2.564799 7.788251
 4.040000 -2.473044 -2.740688 14.718132
 4.060000 -2.435767 -2.551229 7.614199
 4.080000 -2.587657 -2.547999 8.155113
 4.100000 -2.684606 -2.498016 7.445930
 4.120000 -2.801065 -2.402347 6.389174
 4.140000 -2.858725 -2.305761 5.897832
 4.160000 -2.983415 -2.325450 6.047883
 4.180000 -2.944209 -2.298513 5.970867
 4.200000 -2.906519 -2.288855 5.922473
 4.220000 -2.826478 -2.272786 5.762181
 4.240000 -2.586690 -2.299476 5.209309
 4.260000 -2.687900 -2.487523 7.254443
 4.280000 -2.484696 -2.377847 5.275443
 4.300000 -2.494787 -2.545566 7.689325
 4.320000 -2.415045 -2.600067 8.865773
 4.340000 -2.410992 -2.712957 13.089417
 4.360000 -2.383818 -2.602642 8.854499
 4.380000 -2.399751 -2.724231 13.556385
 4.400000 -2.272127 -2.757383 14.991064
 4.420000 -2.251394 -2.777992 16.090618
 4.440000 -2.283106 -2.805342 17.461674
 4.460000 -2.266941 -2.819301 18.262538
 4.480000 -2.345289 -2.886308 22.035222
 4.500000 -2.378642 -2.825516 18.654040
 4.520000 -2.467485 -2.883493 22.599059
 4.540000 -2.490233 -2.841061 20.295062
 4.560000 -2.455465 -2.642937 10.443339
 4.580000 -2.396597 -2.607195 9.027511
 4.600000 -2.394433 -2.474956 6.050483
 4.620000 -2.597932 -2.342134 5.366503
 4.640000 -2.639996 -2.168348 5.389159
 4.660000 -2.895058 -2.247297 5.858703
 4.680000 -2.888541 -2.257619 5.856266
 4.700000 -2.996446 -2.194873 5.921758
 4.720000 -2.959834 -2.312029 6.010478
 4.740000 -2.892420 -2.346655 6.121843
 4.760000 -2.965785 -2.377617 6.352877
 4.780000 -2.934488 -2.455168 7.248024
 4.800000 -3.004868 -2.529498 8.627343
 4.820000 -2.894534 -2.451005 7.171006
 4.840000 -2.814328 -2.582920 10.196535
 4.860000 -2.638594 -2.515882 7.627258
 4.880000 -2.609469 -2.500562 7.184987
 4.900000 -2.508311 -2.585924 8.818593
 4.920000 -2.372497 -2.677704 11.468849
 4.940000 -2.360122 -2.777221 16.011779
 4.960000 -2.271444 -2.794509 16.904805
 4.980000 -2.412507 -2.816877 18.332056
 5.000000 -2.246844 -2.806397 17.621155
 5.020000 -2.261699 -2.869922 21.165808
 5.040000 -2.216908 -2.642897 10.138697
 5.060000 -2.310008 -2.670661 11.098654
 5.080000 -2.252314 -2.574989 7.937600
 5.100000 -2.209193 -2.499791 6.282382
 5.120000 -2.323784 -2.490279 6.165728
 5.140000 -2.349661 -2.476888 5.996467
 5.160000 -2.633922 -2.455642 6.514296
 5.180000 -2.658129 -2.462120 6.702296
 5.200000 -2.661083 -2.441522 6.415271
 5.220000 -2.758433 -2.477292 7.322072
 5.240000 -2.785582 -2.470776 7.289315
 5.260000 -2.863617 -2.395887 6.451830
 5.280000 -2.918153 -2.547234 9.241558
 5.300000 -2.911643 -2.534910 8.907243
 5.320000 -2.886459 -2.546867 9.222313
 5.340000 -2.834784 -2.422128 6.686738
 5.360000 -2.589680 -2.584267 9.178886
 5.380000 -2.427620 -2.473652 6.106549
 5.400000 -2.504698 -2.467761 6.237962
 5.420000 -2.303472 -2.457768 5.682554
 5.440000 -2.369426 -2.604625 8.881424
 5.460000 -2.307198 -2.516368 6.608415
 5.480000 -2.371347 -2.553756 7.504438
 5.500000 -2.455324 -2.576930 8.340553
 5.520000 -2.583878 -2.607036 9.876003
 5.540000 -2.481857 -2.542599 7.570094
 5.560000 -2.445510 -2.600553 8.987598
 5.580000 -2.467345 -2.640881 10.424299
 5.600000 -2.498596 -2.552644 7.876394
 5.620000 -2.589608 -2.621754 10.419621
 5.640000 -2.595303 -2.606977 9.939460
 5.660000 -2.621438 -2.672011 12.625529
 5.680000 -2.606525 -2.582551 9.216152
 5.700000 -2.663415 -2.703161 14.389421
 5.720000 -2.566517 -2.640990 10.987136
 5.740000 -2.685117 -2.650912 12.159547
 5.760000 -2.653234 -2.550466 8.534867
 5.780000 -2.689391 -2.607420 10.495398
 5.800000 -2.667540 -2.513904 7.709484
 5.820000 -2.773042 -2.476059 7.346262
 5.840000 -2.811501 -2.514566 8.253939
 5.860000 -2.927541 -2.487345 7.815920
 5.880000 -2.920836 -2.360624 6.231262
 5.900000 -2.810279 -2.390164 6.293124
 5.920000 -2.734116 -2.442435 6.681158
 5.940000 -2.632385 -2.351692 5.507690
 5.960000 -2.714444 -2.447847 6.691555
 5.980000 -2.550463 -2.430002 5.895899
 6.000000 -2.507633 -2.464219 6.195933
 6.020000 -2.322859 -2.438816 5.486049
 6.040000 -2.420303 -2.430742 5.561221
 6.060000 -2.326965 -2.443365 5.539684
 6.080000 -2.418360 -2.549090 7.510987
 6.100000 -2.322215 -2.459770 5.727240
 6.120000 -2.330986 -2.615326 9.149278
 6.140000 -2.457536 -2.606930 9.232870
 6.160000 -2.472617 -2.625311 9.901837
 6.180000 -2.536502 -2.657865 11.452954
 6.200000 -2.558303 -2.748590 15.783600
 6.220000 -2.769112 -2.668536 13.435990
 6.240000 -2.939842 -2.706343 15.674855
 6.260000 -2.927477 -2.731309 17.082634
 6.280000 -2.811691 -2.629081 11.899148
 6.300000 -2.794228 -2.528642 8.547338
 6.320000 -2.665233 -2.569332 9.125753
 6.340000 -2.651903 -2.609971 10.372932
 6.360000 -2.665122 -2.475925 6.955513
 6.380000 -2.563958 -2.470174 6.476064
 6.400000 -2.522655 -2.464348 6.245902
 6.420000 -2.544201 -2.383225 5.455683
 6.440000 -2.592822 -2.331318 5.309710
 6.460000 -2.459141 -2.287962 4.976991
 6.480000 -2.493709 -2.326041 5.076754
 6.500000 -2.465833 -2.334614 5.051156
 6.520000 -2.626461 -2.354448 5.505403
 6.540000 -2.731092 -2.524175 8.211990
 6.560000 -2.781391 -2.521354 8.326971
 6.580000 -2.886427 -2.538014 8.979008
 6.600000 -2.925763 -2.722951 16.611779
 6.620000 -2.725899 -2.588830 10.042821
 6.640000 -2.700434 -2.585864 9.818951
 6.660000 -2.634393 -2.614615 10.434185
 6.680000 -2.532044 -2.706539 13.509916
 6.700000 -2.666186 -2.525041 7.956695
 6.720000 -2.678047 -2.585438 9.689462
 6.740000 -2.628182 -2.586606 9.458875
 6.760000 -2.797010 -2.662956 13.310254
 6.780000 -2.726771 -2.594320 10.232559
 6.800000 -2.681397 -2.507009 7.619056
 6.820000 -2.771142 -2.667544 13.400410
 6.840000 -2.628335 -2.469804 6.710829
 6.860000 -2.727606 -2.511854 7.912294
 6.880000 -2.700383 -2.428002 6.378351
 6.900000 -2.802291 -2.480866 7.519345
 6.920000 -2.824785 -2.447452 7.009863
 6.940000 -2.922300 -2.559428 9.593487
 6.960000 -2.717994 -2.404785 6.176047
 6.980000 -2.736436 -2.536349 8.537120
 7.000000 -2.498946 -2.430113 5.744507
 7.020000 -2.463630 -2.552715 7.744168
 7.040000 -2.512795 -2.512982 7.045627
 7.060000 -2.509507 -2.535517 7.513176
 7.080000 -2.599484 -2.588454 9.360602
 7.100000 -2.540568 -2.560522 8.260322
 7.120000 -2.597873 -2.541691 8.044810
 7.140000 -2.689983 -2.464881 6.865375
 7.160000 -2.726081 -2.578796 9.716161
 7.180000 -2.688280 -2.567726 9.193105
 7.200000 -2.773495 -2.576045 9.830892
 7.220000 -2.587081 -2.431188 6.028072
 7.240000 -2.674357 -2.685692 13.633988
 7.260000 -2.609584 -2.556930 8.495400
 7.280000 -2.583183 -2.528885 7.672872
 7.300000 -2.617042 -2.563575 8.715221
 7.320000 -2.515288 -2.515398 7.103446
 7.340000 -2.399707 -2.495698 6.387152
 7.360000 -2.400932 -2.469550 5.987094
 7.380000 -2.338482 -2.420686 5.331535
 7.400000 -2.466974 -2.413044 5.496241
 7.420000 -2.495169 -2.472748 6.282257
 7.440000 -2.517842 -2.439100 5.900000
 7.460000 -2.620789 -2.628287 10.849878
 7.480000 -2.579215 -2.525538 7.579629
 7.500000 -2.675341 -2.627083 11.141091
 7.520000 -2.777836 -2.695693 14.801907
 7.540000 -2.693554 -2.565421 9.150390
 7.560000 -2.820722 -2.631595 12.032014
 7.580000 -2.704629 -2.536251 8.400476
 7.600000 -2.621718 -2.571837 8.975663
 7.620000 -2.678738 -2.537711 8.322036
 7.640000 -2.573162 -2.522437 7.484724
 7.660000 -2.528302 -2.419388 5.716530
 7.680000 -2.578207 -2.658461 11.750470
 7.700000 -2.384949 -2.338879 4.949923
 7.720000 -2.433720 -2.561395 7.857323
 7.740000 -2.406702 -2.488158 6.279166
 7.760000 -2.490586 -2.534364 7.414780
 7.780000 -2.670205 -2.564590 9.011601
 7.800000 -2.759289 -2.553031 9.080403
 7.820000 -2.787502 -2.544596 8.946324
 7.840000 -2.852328 -2.592120 10.605310
 7.860000 -2.687314 -2.509952 7.707078
 7.880000 -2.650351 -2.442826 6.394392
 7.900000 -2.642972 -2.584566 9.474600
 7.920000 -2.547923 -2.475202 6.497103
 7.940000 -2.639476 -2.625099 10.847134
 7.960000 -2.604170 -2.388857 5.669016
 7.980000 -2.590992 -2.559340 8.468931
 8.000000 -2.551389 -2.432165 5.923271
 8.020000 -2.521617 -2.333025 5.150433
 8.040000 -2.466645 -2.367546 5.180456
 8.060000 -2.444423 -2.370154 5.152137
 8.080000 -2.531065 -2.374246 5.362906
 8.100000 -2.605633 -2.362229 5.489962
 8.120000 -2.749255 -2.472547 7.206625
 8.140000 -2.725508 -2.383899 6.006322
 8.160000 -2.911291 -2.600568 10.959619
 8.180000 -2.771997 -2.534493 8.623973
 8.200000 -2.887496 -2.687602 14.742383
 8.220000 -2.711297 -2.603673 10.479894
 8.240000 -2.619096 -2.762941 17.129778
 8.260000 -2.366423 -2.648530 10.339872
 8.280000 -2.358476 -2.623110 9.444382
 8.300000 -2.245390 -2.579795 8.072262
 8.320000 -2.248470 -2.643180 10.092595
 8.340000 -2.274794 -2.604514 8.781026
 8.360000 -2.210858 -2.484619 6.026484
 8.380000 -2.327767 -2.495712 6.259631
 8.400000 -2.195718 -2.490645 6.130641
 8.420000 -2.272536 -2.588552 8.308914
 8.440000 -2.253210 -2.421120 5.259960
 8.460000 -2.494346 -2.543211 7.631887
 8.480000 -2.454970 -2.522727 7.042448
 8.500000 -2.677883 -2.517395 7.831687
 8.520000 -2.714352 -2.426530 6.407257
 8.540000 -2.797576 -2.562096 9.482702
 8.560000 -2.793837 -2.491024 7.694168
 8.580000 -2.809533 -2.598096 10.706880
 8.600000 -2.657270 -2.547253 8.468740
 8.620000 -2.691572 -2.587181 9.816542
 8.640000 -2.643954 -2.666098 12.529664
 8.660000 -2.562628 -2.570443 8.635990
 8.680000 -2.686866 -2.649824 12.124959
 8.700000 -2.531126 -2.565232 8.342485
 8.720000 -2.555575 -2.574186 8.707170
 8.740000 -2.519923 -2.379072 5.365788
 8.760000 -2.431716 -2.512879 6.777456
 8.780000 -2.450779 -2.387682 5.266091
 8.800000 -2.572109 -2.420108 5.856892
 8.820000 -2.385631 -2.466867 5.918964
 8.840000 -2.572718 -2.584414 9.094287
 8.860000 -2.492490 -2.389616 5.370274
 8.880000 -2.489370 -2.489889 6.538596
 8.900000 -2.462316 -2.603611 9.148871
 8.920000 -2.452684 -2.528663 7.159004
 8.940000 -2.425025 -2.438758 5.655840
 8.960000 -2.401857 -2.556923 7.652810
 8.980000 -2.354102 -2.693663 12.083148
 9.000000 -2.480540 -2.525485 7.185534
 9.020000 -2.677155 -2.587833 9.762238
 9.040000 -2.528433 -2.674321 12.070707
 9.060000 -2.602014 -2.718341 14.630662
 9.080000 -2.584653 -2.594127 9.458636
 9.100000 -2.509998 -2.649082 10.952089
 9.120000 -2.621544 -2.605801 10.051124
 9.140000 -2.652563 -2.476130 6.909828
 9.160000 -2.666331 -2.540649 8.339808
 9.180000 -2.739369 -2.603425 10.612167
 9.200000 -2.708129 -2.542697 8.582831
 9.220000 -2.700344 -2.640439 11.819442
 9.240000 -2.756549 -2.714866 15.673113
 9.260000 -2.661428 -2.561053 8.866517
 9.280000 -2.685813 -2.508036 7.659445
 9.300000 -2.536549 -2.457148 6.189846
 9.320000 -2.322179 -2.514596 6.589927
 9.340000 -2.483771 -2.262541 5.014914
 9.360000 -2.453333 -2.272799 4.974688
 9.380000 -2.541911 -2.319958 5.155407
 9.400000 -2.632011 -2.210044 5.301682
 9.420000 -2.691151 -2.266539 5.419043
 9.440000 -2.632743 -2.410077 5.950432
 9.460000 -2.716341 -2.442963 6.628638
 9.480000 -2.712801 -2.444919 6.643963
 9.500000 -2.802679 -2.540324 8.877508
 9.520000 -3.022315 -2.585824 10.169181
 9.540000 -3.012969 -2.601126 10.733369
 9.560000 -3.097443 -2.624891 11.003513
 9.580000 -3.078208 -2.816017 21.077860
 9.600000 -2.905658 -2.656475 13.249572
 9.620000 -2.819992 -2.633423 12.105194
 9.640000 -2.662550 -2.577169 9.348486
 9.660000 -2.230911 -2.532167 6.909666
 9.680000 -2.224092 -2.403963 5.109703
 9.700000 -2.056282 -2.494094 6.355222
 9.720000 -1.996045 -2.494175 6.469742
 9.740000 -2.164604 -2.420558 5.233238
 9.760000 -2.128515 -2.510725 6.565690
 9.780000 -2.114872 -2.288310 4.787726
 9.800000 -2.149615 -2.473625 5.885406
 9.820000 -2.082861 -2.365753 4.862779
 9.840000 -2.089285 -2.363835 4.856035
 9.860000 -2.184934 -2.365157 4.883191
 9.880000 -2.320672 -2.291764 4.863729
 9.900000 -2.542524 -2.358943 5.304933
 9.920000 -2.698493 -2.378069 5.877517
 9.940000 -2.593663 -2.394584 5.683725
 9.960000 -2.658240 -2.384415 5.801633
 9.980000 -2.798111 -2.436326 6.786509
 10.000000 -2.771162 -2.380580 6.110168
 10.020000 -2.968363 -2.530634 8.747042
 10.040000 -2.960731 -2.448441 7.132525
 10.060000 -2.881759 -2.540773 9.049514
 10.080000 -3.091045 -2.638748 11.589174
 10.100000 -3.030764 -2.539700 8.787833
 10.120000 -3.073396 -2.624027 11.180498
 10.140000 -2.921429 -2.571382 9.962203
 10.160000 -2.683535 -2.653581 12.262192
 10.180000 -2.543505 -2.594263 9.243518
 10.200000 -2.510803 -2.648366 10.929562
 10.220000 -2.337910 -2.583975 8.225093
 10.240000 -2.388031 -2.601446 8.829030
 10.260000 -2.253328 -2.500809 6.295541
 10.280000 -2.135129 -2.512871 6.599909
 10.300000 -2.031091 -2.438104 5.486674
 10.320000 -2.073842 -2.483116 6.123500
 10.340000 -1.913859 -2.524815 7.409244
 10.360000 -1.938533 -2.483017 6.346049
 10.380000 -1.977043 -2.587374 9.127971
 10.400000 -1.823621 -2.570619 9.217190
 10.420000 -1.980295 -2.657990 11.968693
 10.440000 -1.977184 -2.619764 10.346696
 10.460000 -2.050654 -2.664092 11.745487
 10.480000 -2.125062 -2.675508 11.786562
 10.500000 -2.314133 -2.646000 10.172801
 10.520000 -2.232286 -2.559446 7.544579
 10.540000 -2.416801 -2.584371 8.415353
 10.560000 -2.511820 -2.598080 9.202289
 10.580000 -2.675429 -2.502066 7.490816
 10.600000 -2.945795 -2.622174 11.745391
 10.620000 -3.012181 -2.590405 10.367963
 10.640000 -3.018886 -2.568775 9.649571
 10.660000 -3.025142 -2.614975 11.172862
 10.680000 -2.998705 -2.540289 8.921125
 10.700000 -2.857170 -2.486423 7.745344
 10.720000 -2.785378 -2.431029 6.681701
 10.740000 -2.639506 -2.309186 5.360486
 10.760000 -2.485631 -2.252410 5.026921
 10.780000 -2.452182 -2.300475 4.973508
 10.800000 -2.462712 -2.272772 4.984571
 10.820000 -2.388210 -2.371954 5.072630
 10.840000 -2.434712 -2.458375 5.912838
 10.860000 -2.427536 -2.516990 6.845371
 10.880000 -2.377473 -2.576996 8.107231
 10.900000 -2.371170 -2.619460 9.351623
 10.920000 -2.407666 -2.661993 10.958935
 10.940000 -2.453920 -2.658588 11.019294
 10.960000 -2.586430 -2.704599 13.838410
 10.980000 -2.507932 -2.568204 8.318348
 11.000000 -2.552398 -2.712443 13.939772
 11.020000 -2.575653 -2.526344 7.582115
 11.040000 -2.551292 -2.609260 9.766777
 11.060000 -2.533149 -2.683638 12.497090
 11.080000 -2.547780 -2.658715 11.559047
 11.100000 -2.565808 -2.695835 13.272160
 11.120000 -2.678739 -2.745543 16.732837
 11.140000 -2.729011 -2.684486 13.955664
 11.160000 -2.692755 -2.568603 9.241083
 11.180000 -2.784648 -2.552923 9.170233
 11.200000 -2.736457 -2.392875 6.117664
 11.220000 -2.800483 -2.363800 6.058398
 11.240000 -2.766348 -2.201967 5.614518
 11.260000 -2.652783 -2.257349 5.319723
 11.280000 -2.647883 -2.115838 5.530401
 11.300000 -2.672843 -2.156926 5.474985
 11.320000 -2.778104 -2.220904 5.628544
 11.340000 -2.763571 -2.190423 5.620929
 11.360000 -2.690742 -2.277632 5.430467
 11.380000 -2.550925 -2.156831 5.301027
 11.400000 -2.605468 -2.249880 5.216175
 11.420000 -2.495311 -2.325990 5.079538
 11.440000 -2.375452 -2.353286 4.980646
 11.460000 -2.371952 -2.395874 5.186681
 11.480000 -2.462839 -2.613875 9.477108
 11.500000 -2.396695 -2.638420 10.058159
 11.520000 -2.679051 -2.775859 18.468888
 11.540000 -2.496830 -2.895547 23.641067
 11.560000 -2.632937 -2.902903 26.002307
 11.580000 -2.698294 -2.857055 23.836322
 11.600000 -2.649647 -2.911460 26.834224
 11.620000 -2.715657 -2.718876 15.598033
 11.640000 -2.716261 -2.663956 12.922639
 11.660000 -2.623289 -2.581125 9.262165
 11.680000 -2.714516 -2.533015 8.361400
 11.700000 -2.609395 -2.389890 5.693271
 11.720000 -2.519069 -2.334430 5.149700
 11.740000 -2.618527 -2.324180 5.351107
 11.760000 -2.522126 -2.155058 5.287505
 11.780000 -2.526339 -2.103498 5.469986
 11.800000 -2.447088 -2.106408 5.490348
 11.820000 -2.383979 -1.982457 6.238777
 11.840000 -2.376518 -1.893180 6.733413
 11.860000 -2.567910 -1.831388 6.369838
 11.880000 -2.524737 -1.968214 5.993600
 11.900000 -2.575380 -1.844883 6.319332
 11.920000 -2.676338 -1.951574 5.995183
 11.940000 -2.575449 -2.021366 5.765446
 11.960000 -2.746108 -2.050868 5.859130
 11.980000 -2.856824 -2.003925 6.137485
 12.000000 -2.864238 -2.003142 6.148807
 12.020000 -2.992536 -2.135648 6.010954
 12.040000 -3.000320 -2.095407 6.072568
 12.060000 -2.798422 -2.098948 5.860846
 12.080000 -2.842461 -2.216611 5.773356
 12.100000 -2.794795 -2.230790 5.665349
 12.120000 -2.726918 -2.304341 5.582089
 12.140000 -2.696513 -2.506893 7.679231
 12.160000 -2.632165 -2.542082 8.216381
 12.180000 -2.506960 -2.704333 13.232371
 12.200000 -2.539432 -2.890009 23.822375
 12.220000 -2.440803 -2.890757 22.795750
 12.240000 -2.484111 -2.948642 26.767647
 12.260000 -2.296199 -2.843724 19.568941
 12.280000 -2.315122 -2.919863 23.991227
 12.300000 -2.218431 -2.913251 23.999049
 12.320000 -2.365727 -2.674111 11.309507
 12.340000 -2.286748 -2.705448 12.544608
 12.360000 -2.361654 -2.803128 17.377263
 12.380000 -2.387528 -2.559039 7.668675
 12.400000 -2.457018 -2.593185 8.810892
 12.420000 -2.505184 -2.525566 7.277098
 12.440000 -2.405046 -2.450613 5.749648
 12.460000 -2.589431 -2.354781 5.404101
 12.480000 -2.640299 -2.318452 5.389979
 12.500000 -2.795655 -2.307071 5.767852
 12.520000 -2.752555 -2.179381 5.610093
 12.540000 -2.780510 -2.064032 5.897497
 12.560000 -2.766277 -2.184046 5.635578
 12.580000 -2.849223 -2.197362 5.800225
 12.600000 -2.825137 -2.045399 6.018585
 12.620000 -2.953088 -2.224017 5.906204
 12.640000 -2.969668 -2.249433 5.906762
 12.660000 -2.880169 -2.208068 5.844752
 12.680000 -2.807671 -2.317838 5.833262
 12.700000 -2.769750 -2.404692 6.330269
 12.720000 -2.664595 -2.370892 5.720595
 12.740000 -2.642273 -2.502064 7.352264
 12.760000 -2.599386 -2.628189 10.713180
 12.780000 -2.455036 -2.629667 9.971998
 12.800000 -2.530917 -2.723351 14.293430
 12.820000 -2.405129 -2.818208 18.366646
 12.840000 -2.502601 -2.925581 25.569498
 12.860000 -2.385308 -2.829406 18.897027
 12.880000 -2.335669 -2.990111 28.157991
 12.900000 -2.316955 -3.123167 35.406020
 12.920000 -2.372622 -3.024120 30.234244
 12.940000 -2.321774 -3.004092 28.965230
 12.960000 -2.419769 -2.981052 28.045794
 12.980000 -2.304927 -2.870013 21.066484
 13.000000 -2.319847 -2.741265 14.175226
 13.020000 -2.391125 -2.600726 8.815419
 13.040000 -2.349855 -2.501080 6.382470
 13.060000 -2.476096 -2.357279 5.150378
 13.080000 -2.488600 -2.209854 5.108105
 13.100000 -2.551477 -2.206997 5.176376
 13.120000 -2.564175 -2.081922 5.554127
 13.140000 -2.697322 -2.005247 5.885772
 13.160000 -2.655066 -1.944362 6.002403
 13.180000 -2.880086 -2.017237 6.148760
 13.200000 -2.811646 -1.739210 6.369582
 13.220000 -2.951417 -1.744380 6.264334
 13.240000 -2.819450 -1.660354 6.447829
 13.260000 -2.718620 -1.518045 6.975491
 13.280000 -2.663202 -1.489732 7.230184
 13.300000 -2.651812 -1.306363 8.567920
 13.320000 -2.672786 -1.292852 8.656479
 13.340000 -2.645522 -1.176173 10.106992
 13.360000 -2.702938 -1.275410 8.792359
 13.380000 -2.724552 -1.209077 9.606000
 13.400000 -2.837021 -1.120856 11.224763
 13.420000 -2.782867 -1.152226 10.533699
 13.440000 -2.756545 -1.020610 13.089217
 13.460000 -2.729427 -0.968860 14.123351
 13.480000 -2.562517 -0.968099 13.561250
 13.500000 -2.587451 -0.891638 15.122729
 13.520000 -2.447534 -0.850763 15.901909
 13.540000 -2.389593 -0.901664 15.187399
 13.560000 -2.415852 -0.813444 16.731140
 13.580000 -2.326059 -0.863616 16.258720
 13.600000 -2.429051 -0.877862 15.446305
 13.620000 -2.335375 -0.924211 15.115589
 13.640000 -2.416081 -0.913610 14.846245
 13.660000 -2.475431 -0.910525 14.704119
 13.680000 -2.469436 -0.963914 13.763972
 13.700000 -2.497168 -0.938828 14.142533
 13.720000 -2.460703 -0.957675 13.899851
 13.740000 -2.463077 -0.948105 14.059014
 13.760000 -2.499662 -0.992445 13.191899
 13.780000 -2.608747 -1.004527 12.922009
 13.800000 -2.582591 -1.113710 11.088489
 13.820000 -2.730952 -1.052651 12.300112
 13.840000 -2.740732 -1.203977 9.677207
 13.860000 -2.838126 -1.349459 7.850477
 13.880000 -2.949131 -1.379761 7.328878
 13.900000 -2.880888 -1.526251 6.658070
 13.920000 -2.830164 -1.515192 6.794574
 13.940000 -2.843037 -1.712898 6.378072
 13.960000 -2.793312 -1.682972 6.437935
 13.980000 -2.671292 -1.851994 6.218215
 14.000000 -2.767654 -1.904210 6.170272
 14.020000 -2.645593 -1.954953 5.972461
 14.040000 -2.680401 -2.234719 5.385502
 14.060000 -2.665938 -2.252241 5.349596
 14.080000 -2.609012 -2.384167 5.647172
 14.100000 -2.598573 -2.528078 7.723282
 14.120000 -2.550702 -2.697018 13.212552
 14.140000 -2.559661 -2.668124 12.021898
 14.160000 -2.436528 -2.735713 14.260444
 14.180000 -2.242482 -2.773477 15.886117
 14.200000 -2.171400 -2.777437 16.466510
 14.220000 -2.224012 -2.669870 11.156986
 14.240000 -2.211900 -2.698912 12.413319
 14.260000 -2.345188 -2.829405 18.777605
 14.280000 -2.321834 -2.865934 20.825113
 14.300000 -2.334258 -2.787180 16.481154
 14.320000 -2.375639 -2.825448 18.639314
 14.340000 -2.430562 -2.783087 16.608070
 14.360000 -2.345929 -2.609044 8.973259
 14.380000 -2.512273 -2.568880 8.355825
 14.400000 -2.634930 -2.479467 6.897963
 14.420000 -2.880677 -2.527679 8.704227
 14.440000 -3.081536 -2.312648 5.817834
 14.460000 3.085218 -2.433501 5.928484
 14.480000 -3.103372 -2.386764 6.089121
 14.500000 -3.094784 -2.300717 5.746955
 14.520000 -2.895723 -2.394940 6.483456
 14.540000 -2.915549 -2.445080 7.094539
 14.560000 -2.791093 -2.444021 6.876258
 14.580000 -2.722665 -2.384061 5.999130
 14.600000 -2.801034 -2.570013 9.737197
 14.620000 -2.760266 -2.492056 7.610804
 14.640000 -2.817341 -2.558659 9.439275
 14.660000 -2.745639 -2.640780 12.089641
 14.680000 -2.595671 -2.670920 12.392070
 14.700000 -2.413328 -2.557584 7.700648
 14.720000 -2.347772 -2.695090 12.131739
 14.740000 -2.107620 -2.698648 12.932256
 14.760000 -2.243530 -2.709057 12.771461
 14.780000 -2.267418 -2.782896 16.301786
 14.800000 -2.239034 -2.790003 16.766902
 14.820000 -2.414967 -2.920634 24.384755
 14.840000 -2.212469 -2.661943 10.872128
 14.860000 -2.302372 -2.753744 14.777545
 14.880000 -2.206130 -2.690390 12.062023
 14.900000 -2.408966 -2.522954 6.914363
 14.920000 -2.342463 -2.501415 6.376966
 14.940000 -2.621068 -2.562514 8.705846
 14.960000 -2.661425 -2.411348 6.058424
 14.980000 -2.923381 -2.409251 6.645992
 15.000000 -3.075414 -2.511955 7.925207
 15.020000 -3.082023 -2.409662 6.370751
 15.040000 3.102172 -2.502871 7.004498
 15.060000 -3.001165 -2.498942 7.949739
 15.080000 -2.860910 -2.490022 7.822960
 15.100000 -2.767766 -2.490579 7.605943
 15.120000 -2.692438 -2.611838 10.671121
 15.140000 -2.623184 -2.548455 8.337003
 15.160000 -2.746119 -2.576887 9.745665
 15.180000 -2.574097 -2.598315 9.534662
 15.200000 -2.591179 -2.738141 15.536923
 15.220000 -2.478685 -2.714901 13.530241
 15.240000 -2.462947 -2.750439 15.133748
 15.260000 -2.385224 -2.847015 19.890299
 15.280000 -2.305386 -2.875470 21.383192
 15.300000 -2.378025 -2.795691 17.030153
 15.320000 -2.335487 -2.781587 16.191861
 15.340000 -2.349612 -2.689283 11.891975
 15.360000 -2.383376 -2.700897 12.463052
 15.380000 -2.316342 -2.487772 6.117373
 15.400000 -2.414417 -2.457668 5.857155
 15.420000 -2.324638 -2.384766 5.062293
 15.440000 -2.382613 -2.302214 4.901740
 15.460000 -2.343993 -2.318316 4.878468
 15.480000 -2.559337 -2.273419 5.126902
 15.500000 -2.705738 -2.302897 5.520831
 15.520000 -2.828221 -2.369249 6.160607
 15.540000 -2.935255 -2.396557 6.520754
 15.560000 -2.966637 -2.473513 7.530136
 15.580000 -3.009524 -2.442935 6.980587
 15.600000 -3.069618 -2.435485 6.698924
 15.620000 -3.046702 -2.554973 9.118626
 15.640000 -2.970485 -2.532358 8.786756
 15.660000 -2.931586 -2.434178 6.945476
 15.680000 -2.660675 -2.497022 7.328042
 15.700000 -2.573676 -2.596108 9.461725
 15.720000 -2.406152 -2.421520 5.444235
 15.740000 -2.421882 -2.511694 6.728041
 15.760000 -2.295162 -2.629861 9.599778
 15.780000 -2.313865 -2.619199 9.256179
 15.800000 -2.144615 -2.629034 9.853274
 15.820000 -2.115629 -2.711889 13.506424
 15.840000 -2.112919 -2.576801 8.241605
 15.860000 -2.054248 -2.665427 11.780320
 15.880000 -2.120138 -2.603301 9.049386
 15.900000 -2.012338 -2.625360 10.361542
 15.920000 -2.205278 -2.572811 7.921583
 15.940000 -2.273509 -2.518780 6.634164
 15.960000 -2.354771 -2.537776 7.108001
 15.980000 -2.442725 -2.576334 8.278952
 16.000000 -2.464393 -2.463043 6.051734
 16.020000 -2.640442 -2.476344 6.865928
 16.040000 -2.666156 -2.535620 8.212193
 16.060000 -2.729720 -2.460577 6.938768
 16.080000 -2.757564 -2.350025 5.859979
 16.100000 -2.960553 -2.414502 6.697957
 16.120000 -2.821264 -2.383758 6.261273
 16.140000 -3.050779 -2.401063 6.401133
 16.160000 -2.927681 -2.341195 6.122783
 16.180000 -2.798438 -2.361417 6.037118
 16.200000 -2.725062 -2.421234 6.378676
 16.220000 -2.603032 -2.331076 5.335091
 16.240000 -2.461981 -2.508394 6.782478
 16.260000 -2.649729 -2.572098 9.128466
 16.280000 -2.640366 -2.617606 10.577483
 16.300000 -2.623036 -2.738316 15.834948
 16.320000 -2.674715 -2.640648 11.670412
 16.340000 -2.408114 -2.768724 15.748117
 16.360000 -2.490819 -2.694916 12.709422
 16.380000 -2.441284 -2.659241 10.986511
 16.400000 -2.451720 -2.827598 19.187289
 16.420000 -2.571611 -2.718808 14.399203
 16.440000 -2.573281 -2.718750 14.410116
 16.460000 -2.550497 -2.699274 13.313542
 16.480000 -2.550748 -2.622225 10.206816
 16.500000 -2.465753 -2.472702 6.193652
 16.520000 -2.431538 -2.501202 6.561812
 16.540000 -2.556668 -2.411027 5.718765
 16.560000 -2.552150 -2.356577 5.316549
 16.580000 -2.625633 -2.291468 5.287008
 16.600000 -2.844832 -2.340722 6.015406
 16.620000 -2.821084 -2.371552 6.162242
 16.640000 -2.978888 -2.324569 6.047446
 16.660000 -2.965300 -2.362652 6.247980
 16.680000 -2.929393 -2.432634 6.925012
 16.700000 -2.844993 -2.494016 7.877210
 16.720000 -2.764841 -2.406654 6.336791
 16.740000 -2.459306 -2.508463 6.775439
 16.760000 -2.523949 -2.610885 9.673448
 16.780000 -2.438043 -2.553409 7.673897
 16.800000 -2.545010 -2.676003 12.252187
 16.820000 -2.517584 -2.680442 12.257212
 16.840000 -2.323024 -2.757967 14.986868
 16.860000 -2.263055 -2.763950 15.339133
 16.880000 -2.296178 -2.854952 20.208769
 16.900000 -2.348050 -2.764917 15.361959
 16.920000 -2.446284 -2.919501 24.575387
 16.940000 -2.479852 -2.892832 23.288695
 16.960000 -2.502802 -2.799129 18.011793
 16.980000 -2.515933 -2.708417 13.480389
 17.000000 -2.610218 -2.598655 9.747062
 17.020000 -2.386520 -2.452746 5.738867
 17.040000 -2.578438 -2.293176 5.181288
 17.060000 -2.506701 -2.259806 5.045407
 17.080000 -2.510678 -2.157258 5.274989
 17.100000 -2.679513 -2.253887 5.382590
 17.120000 -2.737900 -2.192826 5.557306
 17.140000 -2.854752 -2.250640 5.797152
 17.160000 -2.973457 -2.339382 6.113745
 17.180000 -3.064820 -2.361856 6.070749
 17.200000 -2.888279 -2.346444 6.115658
 17.220000 -2.976948 -2.453606 7.191618
 17.240000 -2.709432 -2.394567 6.050541
 17.260000 -2.862017 -2.463728 7.338143
 17.280000 -2.805820 -2.498001 7.870702
 17.300000 -2.745394 -2.483679 7.396723
 17.320000 -2.667459 -2.620338 10.839790
 17.340000 -2.529684 -2.587361 8.963709
 17.360000 -2.372934 -2.706016 12.655198
 17.380000 -2.298439 -2.745305 14.369139
 17.400000 -2.446133 -2.717596 13.464386
 17.420000 -2.127738 -2.652819 10.830390
 17.440000 -2.341852 -2.692686 12.021225
 17.460000 -2.118784 -2.552569 7.551449
 17.480000 -2.230728 -2.448762 5.533774
 17.500000 -2.301598 -2.386664 5.050745
 17.520000 -2.277597 -2.392725 5.065943
 17.540000 -2.347294 -2.320029 4.882586
 17.560000 -2.393080 -2.334300 4.948735
 17.580000 -2.522312 -2.486251 6.588133
 17.600000 -2.480775 -2.460010 6.056401
 17.620000 -2.737180 -2.565591 9.356816
 17.640000 -2.737802 -2.501834 7.733086
 17.660000 -2.812957 -2.575455 9.947267
 17.680000 -2.931107 -2.532070 8.828068
 17.700000 -2.817516 -2.461314 7.211684
 17.720000 -2.958891 -2.615633 11.461709
 17.740000 -2.878760 -2.475103 7.560066
 17.760000 -2.921382 -2.496090 7.993675
 17.780000 -2.910455 -2.598088 10.870084
 17.800000 -2.857571 -2.530229 8.738870
 17.820000 -2.530428 -2.435485 5.895959
 17.840000 -2.620681 -2.596251 9.727056
 17.860000 -2.381942 -2.499383 6.411621
 17.880000 -2.488163 -2.538164 7.491475
 17.900000 -2.359061 -2.443856 5.589148
 17.920000 -2.392481 -2.560029 7.705185
 17.940000 -2.326052 -2.403605 5.182227
 17.960000 -2.256593 -2.488851 6.095056
 17.980000 -2.234915 -2.519274 6.641196
 18.000000 -2.145018 -2.511013 6.549034
 18.020000 -2.355248 -2.513131 6.609074
 18.040000 -2.239944 -2.616057 9.169729
 18.060000 -2.409274 -2.692183 12.179670
 18.080000 -2.468577 -2.640025 10.399322
 18.100000 -2.579111 -2.728553 14.943230
 18.120000 -2.628056 -2.702377 14.068369
 18.140000 -2.743944 -2.726379 16.208222
 18.160000 -2.697727 -2.490849 7.356742
 18.180000 -2.716846 -2.510011 7.829176
 18.200000 -2.702482 -2.410223 6.182631
 18.220000 -2.620860 -2.366918 5.562350
 18.240000 -2.692364 -2.385410 5.917216
 18.260000 -2.710818 -2.399518 6.101423
 18.280000 -2.631953 -2.318471 5.367856
 18.300000 -2.749689 -2.471227 7.184979
 18.320000 -2.620142 -2.431798 6.147616
 18.340000 -2.507089 -2.332331 5.119179
 18.360000 -2.624720 -2.485753 6.968631
 18.380000 -2.498788 -2.341305 5.131958
 18.400000 -2.680963 -2.508391 7.646736
 18.420000 -2.745259 -2.436820 6.639942
 18.440000 -2.742035 -2.515350 8.046929
 18.460000 -2.788671 -2.665861 13.407413
 18.480000 -2.723309 -2.643317 12.072827
 18.500000 -2.570541 -2.655511 11.580062
 18.520000 -2.547083 -2.771050 16.873759
 18.540000 -2.493194 -2.780692 16.921270
 18.560000 -2.354440 -2.705326 12.582445
 18.580000 -2.504539 -2.798729 18.005124
 18.600000 -2.337405 -2.533798 6.995514
 18.620000 -2.452665 -2.653476 10.819536
 18.640000 -2.446023 -2.489443 6.400379
 18.660000 -2.468992 -2.500047 6.650987
 18.680000 -2.423244 -2.352776 5.041775
 18.700000 -2.527393 -2.433196 5.860536
 18.720000 -2.516803 -2.370163 5.303921
 18.740000 -2.724555 -2.340459 5.716080
 18.760000 -2.705708 -2.320971 5.578169
 18.780000 -2.807278 -2.406263 6.445107
 18.800000 -2.886329 -2.426009 6.815124
 18.820000 -2.878763 -2.305056 5.928397
 18.840000 -2.773299 -2.531195 8.543878
 18.860000 -2.591004 -2.406010 5.776514
 18.880000 -2.501610 -2.451260 6.001609
 18.900000 -2.452401 -2.526556 7.113643
 18.920000 -2.621370 -2.626014 10.768916
 18.940000 -2.677277 -2.628741 11.216401
 18.960000 -2.717435 -2.680901 13.709448
 18.980000 -2.652635 -2.820809 20.919253
 19.000000 -2.553099 -2.778462 17.335664
 19.020000 -2.412121 -2.699530 12.503982
 19.040000 -2.431699 -2.718581 13.435949
 19.060000 -2.412182 -2.758264 15.239627
 19.080000 -2.456283 -2.647229 10.603877
 19.100000 -2.562261 -2.616429 10.071422
 19.120000 -2.441962 -2.577385 8.304977
 19.140000 -2.525785 -2.486823 6.609999
 19.160000 -2.497716 -2.430367 5.743860
 19.180000 -2.517535 -2.362019 5.261310
 19.200000 -2.551473 -2.381714 5.464693
 19.220000 -2.495526 -2.229079 5.072249
 19.240000 -2.486046 -2.248461 5.032200
 19.260000 -2.546918 -2.336973 5.218962
 19.280000 -2.677725 -2.241942 5.377295
 19.300000 -2.711595 -2.308781 5.553512
 19.320000 -2.854029 -2.426503 6.776662
 19.340000 -2.708426 -2.471648 7.046472
 19.360000 -2.812127 -2.534495 8.749399
 19.380000 -2.834719 -2.609224 11.189001
 19.400000 -2.707178 -2.608408 10.627322
 19.420000 -2.744059 -2.679855 13.827988
 19.440000 -2.688050 -2.662867 12.692822
 19.460000 -2.678943 -2.725682 15.662650
 19.480000 -2.723589 -2.728656 16.182232
 19.500000 -2.520770 -2.689818 12.681003
 19.520000 -2.406568 -2.663645 11.018582
 19.540000 -2.351104 -2.531669 6.971059
 19.560000 -2.180740 -2.467357 5.776237
 19.580000 -2.118186 -2.486088 6.117162
 19.600000 -2.070211 -2.471734 5.935890
 19.620000 -2.063524 -2.437252 5.452096
 19.640000 -2.093839 -2.539903 7.288261
 19.660000 -2.155259 -2.478708 5.960559
 19.680000 -1.994573 -2.612675 9.968031
 19.700000 -2.114793 -2.518499 6.749280
 19.720000 -2.181557 -2.550518 7.377607
 19.740000 -2.238066 -2.641756 10.056458
 19.760000 -2.149671 -2.584012 8.350807
 19.780000 -2.347404 -2.673096 11.233182
 19.800000 -2.414252 -2.609590 9.155693
 19.820000 -2.708252 -2.682807 13.738262
 19.840000 -2.782822 -2.686215 14.353243
 19.860000 -2.776732 -2.674070 13.734576
 19.880000 -2.702472 -2.595421 10.147634
 19.900000 -2.709087 -2.646501 12.122700
 19.920000 -2.615863 -2.489110 6.993988
 19.940000 -2.590353 -2.541392 8.002277
 19.960000 -2.638130 -2.483880 6.988536
 19.980000 -2.720976 -2.388637 6.033101
 20.000000 -2.834283 -2.358540 6.098955
